36,1
13,2
18,2
29,3
3,4
42,4
22,5
27,5
5,6
28,6
30,6
8,7
4,8
30,8
50,9
1,9
5,9
35,9
13,10
49,10
4,11
7,11
3,13
16,13
30,14
27,15
1,17
29,17
38,17
20,18
33,18
15,19
2,20
41,21
39,22
12,23
29,23
28,24
15,26
1,27
48,27
14,28
38,29
13,30
3,31
44,31
2,32
4,32
2,33
4,34
5,35
27,36
35,36
5,37
40,37
3,38
11,38
25,38
37,38
49,40
5,41
21,42
25,42
1,45
2,46
10,46
35,46
6,48
46,49
49,49
1,50
13,50
39,50
8,53
8,54
2,56
24,56
1,59
2,60
39,60
45,60
22,61
14,62
40,63
12,64
22,64
11,65
46,65
48,65
38,68
41,68
28,69
43,70
19,71
40,71
42,71
28,72
45,73
34,74
3,76
41,76
4,77
38,77
5,78
48,78
4,79
8,79
14,79
50,80
7,80
14,80
3,81
34,81
19,82
29,83
5,84
10,84
17,84
3,85
39,85
34,86
45,86
4,88
23,88
47,88
3,89
26,89
6,90
15,90
32,90
4,91
12,91
40,91
5,92
38,92
5,93
38,94
26,96
30,96
23,97
44,99
45,101
39,102
42,102
49,102
39,103
41,103
46,103
39,104
1,106
9,107
12,107
27,107
3,108
4,109
1,110
5,110
4,111
30,111
2,113
47,113
2,114
19,114
33,114
1,115
22,115
2,116
5,116
7,116
3,117
35,117
16,120
43,120
47,120
49,121
23,122
14,123
6,124
28,124
43,124
40,125
4,126
15,126
3,128
25,128
30,129
23,130
5,131
11,131
46,131
4,133
23,133
4,134
11,134
9,135
10,135
5,136
39,136
42,138
3,140
19,141
24,141
6,143
17,143
8,149
44,152
45,152
32,154
19,155
31,155
46,156
38,157
1,158
45,158
13,159
1,160
6,160
22,162
32,162
2,163
2,164
24,166
1,168
24,168
41,168
16,169
2,171
45,171
22,172
37,173
34,174
9,177
22,177
32,178
3,179
44,179
4,180
48,180
4,181
36,183
17,184
4,185
3,186
15,186
34,186
48,186
39,187
1,188
5,188
13,188
33,188
38,188
5,189
28,189
14,190
25,191
12,192
15,192
40,193
39,194
47,195
9,196
15,199
1,202
22,202
50,203
35,204
2,205
1,207
47,207
36,208
30,209
37,209
2,211
8,211
12,211
15,212
1,213
6,213
2,214
30,214
21,216
18,218
37,219
22,220
20,221
21,223
21,224
14,225
21,225
27,225
3,226
4,227
15,227
20,227
42,227
5,231
4,232
47,232
5,233
21,233
48,233
3,234
26,235
31,236
3,240
27,241
49,241
22,242
5,243
37,243
44,243
34,244
4,246
3,247
4,248
6,249
26,249
32,249
37,250
38,251
5,252
7,252
18,256
35,257
6,258
39,262
18,265
23,265
26,265
42,265
9,266
35,267
6,268
19,268
43,269
12,271
6,272
28,274
37,274
6,276
29,278
12,279
25,280
29,282
11,284
13,284
9,285
14,285
28,286
31,286
18,288
41,292
46,293
22,295
23,295
17,296
15,297
3,298
9,298
4,299
25,299
5,301
46,301
4,302
7,302
19,302
44,302
3,303
18,303
7,305
5,306
23,306
8,308
14,308
23,308
41,308
10,310
26,310
1,311
19,311
22,312
38,312
37,313
1,314
12,314
2,315
50,316
1,318
2,319
43,319
46,319
2,320
8,320
22,321
1,322
14,322
38,323
40,323
2,324
8,325
24,327
33,327
1,328
2,329
19,329
27,330
1,331
47,331
2,333
2,336
43,337
49,337
3,342
27,342
5,344
4,345
6,345
3,347
44,347
5,348
4,351
10,351
42,351
3,353
42,353
43,355
1,356
1,357
26,357
27,357
45,358
2,359
15,359
21,359
2,360
12,360
14,363
27,364
47,365
1,366
11,367
27,367
37,367
2,368
10,368
33,371
41,371
26,372
48,372
36,374
48,375
37,377
18,378
19,380
21,380
32,382
26,383
36,385
28,386
39,386
21,389
23,389
36,390
38,390
39,392
47,393
31,394
1,395
23,395
10,396
45,396
2,397
1,398
2,399
23,399
25,399
50,400
1,401
2,402
44,406
34,407
3,408
16,408
5,409
5,410
15,411
25,411
4,412
9,412
24,412
43,413
1,416
4,416
45,416
2,417
3,417
16,417
1,418
13,418
31,418
46,418
32,419
48,419
16,420
40,420
1,421
6,421
2,422
42,422
45,422
7,423
24,423
2,424
3,424
43,424
5,426
7,426
12,426
5,427
1,430
4,431
46,431
1,432
3,432
40,432
4,433
2,434
18,434
33,434
28,435
1,436
2,437
2,440
30,443
33,446
3,449
5,450
4,453
18,454
15,455
46,455
3,457
14,457
29,457
4,458
5,459
48,462
9,463
9,464
45,464
30,465
43,465
38,466
44,466
28,468
31,472
5,473
3,475
13,475
43,475
4,476
12,476
30,477
22,479
37,479
3,480
30,480
48,480
5,481
6,484
5,485
27,485
49,485
4,486
23,486
12,487
26,488
40,489
41,489
6,491
1,492
33,492
7,493
31,493
35,493
46,493
2,494
1,495
44,495
46,497
48,498
1,499
2,500
42,500
44,500
2,501
34,502
23,503
31,503
45,506
27,507
43,512
11,514
21,514
30,514
47,514
13,515
28,516
1,517
45,517
1,519
2,520
16,520
30,520
1,521
30,521
2,522
44,522
2,524
23,524
27,526
42,526
26,529
31,529
42,529
50,530
2,530
3,532
4,533
36,533
5,534
4,536
8,536
12,536
26,536
11,537
15,537
5,538
40,538
5,539
3,541
29,544
16,546
6,547
32,548
44,550
6,556
13,560
3,561
39,561
45,561
5,562
25,562
46,563
40,566
4,567
24,567
5,568
13,568
42,572
1,573
32,573
1,574
9,574
3,575
2,576
4,576
49,576
2,577
43,577
1,578
43,578
2,579
35,581
15,582
26,582
42,582
18,583
46,583
42,585
31,586
20,587
37,587
20,588
32,588
14,592
21,593
48,595
32,598
34,598
46,598
44,599
11,600
24,600
27,603
3,604
4,606
17,606
27,606
18,607
31,607
5,608
14,608
24,609
49,610
5,612
46,613
4,614
6,615
21,615
28,615
3,617
22,617
30,618
40,618
37,620
12,623
17,623
25,623
21,626
41,627
14,628
32,628
11,630
25,630
23,631
22,632
11,633
18,633
38,634
13,636
37,636
38,637
37,638
40,640
13,641
27,641
6,642
50,644
14,644
25,644
29,644
49,647
48,649
34,652
4,653
27,654
8,658
25,658
27,659
39,659
32,660
23,661
38,661
42,662
35,663
49,663
14,669
22,671
1,672
1,673
19,673
25,674
46,674
2,675
25,675
1,676
28,676
2,677
12,677
39,677
47,677
2,678
39,678
15,679
19,679
6,680
31,680
40,681
32,682
41,682
30,684
15,685
31,685
8,686
17,686
25,687
28,690
9,691
14,691
34,691
45,691
49,692
3,696
15,696
22,697
50,698
4,698
18,698
3,699
16,701
4,702
42,702
5,703
25,703
1,704
1,705
2,706
5,706
25,706
28,706
46,706
1,707
2,708
17,708
36,708
47,708
2,709
10,709
25,710
9,711
12,711
36,711
20,712
20,713
43,713
48,713
6,715
10,715
13,716
17,717
24,719
16,724
41,724
44,725
3,726
4,727
25,727
38,727
4,728
7,728
26,729
38,730
5,731
47,731
48,732
13,733
41,733
5,734
3,735
45,735
30,739
34,739
27,740
33,741
9,742
12,750
23,750
17,752
30,752
31,752
49,752
1,755
35,755
24,756
40,756
1,757
16,757
32,757
3,758
50,759
2,759
4,759
37,759
1,760
4,761
18,761
29,761
40,761
45,761
2,762
5,762
43,763
2,764
3,764
36,764
1,765
5,765
10,765
23,765
9,766
28,768
44,768
43,769
15,770
47,770
12,772
28,773
17,777
7,778
8,778
10,778
14,778
26,778
49,778
47,779
12,780
18,780
25,782
28,782
33,782
27,783
9,784
23,785
20,786
42,787
36,788
16,790
18,790
19,790
24,793
34,793
49,793
30,796
1,797
15,798
24,800
48,800
1,801
19,801
33,801
15,802
23,802
2,803
20,803
41,803
1,804
46,804
2,805
1,806
8,806
10,807
2,808
22,814
1,817
3,817
1,818
4,818
3,819
2,820
4,820
9,820
40,821
2,822
5,822
1,823
20,823
2,824
5,825
3,827
32,827
43,827
5,829
49,830
50,831
15,831
16,832
5,833
18,835
4,836
6,836
23,836
4,837
3,838
8,842
21,844
11,845
47,846
18,848
29,849
44,849
22,850
24,850
15,851
25,851
6,852
30,853
32,853
45,853
7,856
10,856
15,856
24,858
48,858
27,859
34,859
19,860
21,861
22,861
28,861
24,865
45,867
35,869
15,870
33,870
44,871
15,872
27,872
7,873
35,873
24,874
14,875
50,876
4,878
17,878
37,878
41,878
3,879
12,879
4,880
16,880
3,881
5,882
49,883
28,884
46,884
4,886
42,886
5,890
29,891
39,891
21,892
35,892
37,892
32,893
46,893
48,893
28,894
39,894
41,894
41,895
18,899
28,900
39,900
44,900
7,901
42,901
8,905
21,905
22,905
29,906
44,906
47,906
23,908
48,909
21,910
44,911
14,912
37,913
37,916
29,917
28,920
6,922
35,922
42,922
44,922
48,922
10,923
34,923
8,924
18,924
18,925
33,925
41,925
14,927
34,927
39,928
40,928
19,929
30,929
7,932
8,932
23,937
36,938
41,938
50,939
1,939
32,939
42,939
48,940
12,941
41,941
1,942
33,942
38,943
10,944
44,944
45,944
2,945
19,945
2,946
4,946
1,948
17,949
43,949
2,950
44,951
10,952
39,952
22,953
14,954
10,955
35,957
8,958
48,958
49,958
38,959
33,961
14,963
38,963
49,964
15,966
1,967
2,968
10,968
1,969
7,969
2,970
14,970
31,970
36,970
14,971
2,972
19,972
1,973
2,974
47,974
29,975
41,975
3,976
4,977
6,977
7,978
32,978
5,979
48,979
6,980
5,981
26,981
36,981
20,982
3,983
4,984
3,987
4,988
47,992
5,993
1,995
4,995
6,995
22,995
28,995
5,996
47,997
3,998
9,998
7,1001
1,1002
41,1003
1,1004
2,1005
36,1005
2,1006
1,1007
29,1007
43,1007
2,1008
17,1009
41,1009
11,1010
17,1014
47,1016
13,1018
3,1020
10,1020
36,1020
4,1021
5,1022
4,1024
29,1024
30,1024
5,1027
15,1027
3,1028
26,1028
39,1030
47,1032
14,1033
36,1034
3,1035
27,1035
7,1036
4,1037
14,1037
31,1037
5,1039
3,1040
38,1040
19,1042
46,1043
5,1045
7,1045
4,1047
8,1047
48,1047
36,1049
48,1049
12,1052
17,1052
19,1052
27,1053
40,1055
7,1056
39,1056
23,1057
34,1057
14,1058
49,1058
1,1061
18,1061
1,1062
30,1062
38,1063
2,1064
44,1064
47,1064
28,1065
30,1066
1,1068
30,1068
2,1070
2,1071
43,1072
24,1073
1,1074
8,1074
13,1077
26,1077
31,1077
31,1079
28,1082
11,1083
6,1084
19,1085
32,1085
14,1086
32,1086
50,1089
21,1089
38,1090
41,1090
1,1091
39,1091
46,1092
48,1092
1,1093
2,1094
19,1095
16,1096
44,1096
2,1098
6,1098
25,1098
37,1098
42,1098
6,1099
1,1100
19,1100
2,1101
13,1102
33,1108
34,1108
48,1110
36,1111
20,1112
32,1112
49,1112
37,1117
45,1118
18,1119
21,1119
1,1120
16,1120
19,1120
42,1121
36,1122
38,1122
8,1123
36,1124
1,1125
34,1125
2,1126
10,1126
1,1127
2,1128
3,1128
34,1128
6,1129
6,1130
7,1130
30,1132
1,1134
2,1134
3,1138
19,1138
26,1138
41,1140
25,1141
39,1141
48,1141
40,1142
18,1143
45,1143
6,1144
16,1145
7,1146
10,1147
47,1148
23,1149
14,1150
29,1150
29,1151
38,1151
3,1152
19,1152
5,1153
9,1153
45,1153
42,1154
4,1156
23,1156
4,1158
5,1159
22,1160
31,1160
3,1161
44,1161
12,1162
30,1163
44,1163
26,1164
39,1164
36,1165
2,1166
29,1166
6,1167
12,1167
14,1167
49,1167
41,1169
27,1172
46,1172
45,1173
41,1174
6,1175
1,1176
9,1176
2,1177
6,1177
17,1177
48,1177
1,1178
38,1178
36,1180
2,1181
1,1182
48,1183
2,1184
43,1184
33,1185
29,1187
25,1188
8,1189
11,1189
8,1193
37,1193
21,1195
42,1195
1,1198
6,1198
27,1198
23,1199
9,1200
13,1201
18,1202
46,1203
47,1203
3,1204
5,1205
10,1205
50,1206
4,1206
40,1206
3,1207
13,1207
2,1211
49,1211
27,1212
5,1213
13,1213
4,1215
8,1215
35,1215
42,1216
50,1217
6,1218
40,1218
2,1219
15,1219
1,1221
2,1223
1,1224
27,1224
38,1224
12,1225
1,1226
38,1226
2,1227
2,1230
33,1230
27,1231
30,1231
46,1231
41,1235
1,1237
10,1239
47,1239
21,1242
47,1242
30,1244
39,1244
50,1247
42,1249
15,1250
6,1252
30,1255
12,1256
32,1256
35,1256
50,1257
21,1257
40,1257
42,1259
39,1261
48,1263
50,1264
12,1264
46,1266
7,1269
7,1271
34,1275
7,1276
31,1276
38,1276
15,1281
33,1283
49,1284
1,1286
48,1286
2,1287
1,1288
23,1288
24,1288
30,1289
48,1289
2,1292
1,1294
2,1295
44,1296
27,1297
49,1297
6,1299
33,1300
12,1302
23,1302
47,1304
38,1305
11,1306
15,1306
38,1309
25,1310
9,1312
7,1313
48,1313
31,1314
17,1315
7,1316
49,1316
17,1317
37,1318
27,1319
41,1319
27,1320
9,1321
42,1322
16,1323
25,1326
21,1328
35,1328
50,1330
3,1330
5,1331
36,1332
43,1332
4,1334
20,1334
4,1335
13,1335
28,1336
16,1338
36,1338
47,1338
1,1339
10,1339
19,1339
1,1341
3,1341
9,1341
5,1342
6,1343
15,1343
27,1343
2,1344
12,1344
19,1345
1,1346
30,1346
11,1347
37,1347
2,1349
36,1349
2,1350
3,1350
7,1350
4,1351
1,1352
18,1352
2,1353
3,1354
39,1355
18,1358
48,1358
3,1359
34,1359
12,1360
1,1361
21,1361
1,1362
36,1362
2,1363
13,1363
21,1363
39,1364
4,1365
1,1366
2,1367
26,1367
36,1367
5,1368
33,1368
5,1369
21,1369
31,1369
48,1370
23,1371
38,1371
2,1372
18,1372
38,1372
50,1373
35,1373
8,1374
27,1374
19,1376
29,1376
16,1377
9,1378
41,1378
23,1379
42,1379
11,1380
41,1382
19,1383
41,1384
19,1385
29,1385
13,1387
19,1391
21,1391
22,1392
12,1393
39,1393
20,1394
28,1395
26,1396
28,1396
20,1397
37,1398
39,1398
47,1399
32,1402
30,1403
46,1406
1,1408
48,1408
1,1409
5,1410
37,1410
3,1412
2,1413
20,1413
13,1414
38,1414
4,1415
19,1415
1,1416
2,1417
5,1417
21,1417
22,1417
17,1418
23,1418
37,1418
2,1419
28,1419
32,1419
17,1420
1,1421
5,1421
4,1422
2,1423
3,1423
17,1423
44,1423
1,1424
21,1424
48,1424
28,1427
1,1428
2,1429
34,1429
2,1430
47,1430
33,1431
7,1434
1,1437
1,1438
2,1439
3,1440
35,1440
1,1441
5,1441
4,1442
17,1442
35,1442
2,1443
5,1443
29,1443
2,1444
28,1444
33,1444
46,1444
1,1445
36,1445
1,1446
4,1446
27,1446
2,1447
3,1447
2,1448
21,1448
1,1449
18,1449
32,1449
2,1450
48,1450
8,1452
24,1458
10,1461
23,1462
6,1463
1,1465
26,1465
2,1466
1,1468
40,1468
44,1468
1,1469
18,1469
20,1469
2,1471
2,1473
32,1473
17,1474
25,1475
36,1475
38,1475
39,1475
40,1475
1,1477
13,1477
2,1478
31,1478
43,1479
50,1480
34,1480
16,1481
39,1481
1,1482
50,1484
2,1484
1,1487
2,1488
33,1489
28,1493
32,1495
37,1495
8,1496
37,1496
8,1497
25,1497
30,1498
11,1499
48,1499
5,1501
10,1502
42,1502
3,1504
7,1504
25,1505
22,1506
14,1507
1,1508
7,1508
13,1508
2,1509
1,1510
1,1512
33,1512
39,1512
8,1514
38,1514
46,1514
2,1515
2,1516
6,1516
41,1516
44,1516
27,1519
13,1524
22,1524
14,1525
5,1526
15,1529
38,1531
42,1531
9,1532
31,1532
16,1533
44,1533
32,1534
36,1534
38,1534
12,1535
29,1535
17,1536
33,1536
21,1537
21,1538
13,1539
1,1540
19,1540
1,1541
2,1542
23,1542
2,1543
1,1544
12,1544
13,1544
41,1544
2,1545
38,1545
40,1548
50,1549
17,1549
48,1549
20,1552
22,1553
44,1553
3,1554
21,1557
30,1558
41,1558
40,1559
30,1564
36,1568
40,1570
16,1571
13,1572
17,1574
17,1575
19,1579
45,1580
47,1582
20,1583
25,1586
39,1587
29,1588
19,1589
39,1589
40,1589
24,1590
25,1590
42,1591
45,1593
6,1594
9,1595
31,1603
34,1603
13,1605
27,1605
13,1606
16,1606
11,1608
22,1609
29,1609
50,1610
9,1610
25,1610
33,1610
17,1611
35,1613
40,1613
7,1614
26,1615
47,1615
6,1616
18,1616
26,1623
18,1626
24,1627
3,1630
28,1630
29,1630
5,1633
1,1634
4,1634
30,1634
34,1634
4,1635
38,1635
1,1637
2,1640
2,1643
5,1643
3,1644
1,1645
22,1645
29,1645
38,1645
2,1646
20,1646
21,1646
50,1647
11,1647
1,1648
15,1648
1,1649
15,1649
35,1649
50,1650
2,1652
17,1652
1,1654
35,1654
49,1654
37,1655
41,1655
8,1656
25,1656
2,1657
27,1657
2,1659
16,1659
4,1660
29,1667
27,1668
32,1668
6,1669
15,1669
21,1669
26,1669
21,1670
8,1671
14,1671
35,1672
48,1673
44,1674
1,1676
1,1677
2,1678
15,1678
1,1679
3,1679
26,1679
36,1679
37,1679
2,1680
30,1682
5,1683
30,1683
4,1685
10,1686
50,1687
4,1687
5,1688
20,1688
2,1689
3,1689
36,1691
35,1692
47,1693
39,1694
3,1695
4,1697
5,1698
3,1699
5,1700
17,1700
46,1700
3,1702
4,1702
33,1702
39,1702
10,1706
35,1708
14,1711
32,1711
26,1713
47,1714
39,1716
46,1716
1,1718
43,1718
1,1719
2,1720
1,1722
6,1723
30,1723
2,1724
28,1724
41,1725
2,1726
3,1730
42,1731
45,1731
49,1731
4,1732
23,1732
39,1732
13,1734
2,1736
10,1736
24,1736
4,1737
6,1739
31,1739
5,1743
27,1743
5,1744
6,1744
48,1744
3,1745
21,1745
26,1745
47,1745
9,1746
41,1747
8,1749
39,1750
6,1751
7,1751
10,1751
42,1751
11,1752
21,1752
29,1752
32,1752
20,1754
43,1754
6,1755
30,1755
35,1756
20,1757
31,1758
34,1758
6,1759
22,1761
27,1763
3,1766
49,1766
50,1768
9,1770
7,1771
11,1771
50,1772
5,1772
30,1772
26,1773
40,1773
4,1774
4,1775
5,1777
9,1777
14,1777
3,1778
25,1778
38,1778
40,1778
37,1779
18,1780
49,1780
26,1783
28,1783
9,1784
15,1784
35,1785
22,1786
4,1787
12,1787
43,1789
40,1790
7,1791
33,1791
23,1792
42,1793
42,1794
20,1797
45,1797
18,1799
30,1802
47,1802
31,1804
8,1805
24,1805
20,1808
2,1809
40,1809
2,1811
49,1812
5,1814
9,1816
37,1818
21,1819
17,1820
26,1820
13,1821
15,1821
23,1822
12,1823
35,1823
17,1828
34,1830
35,1830
7,1834
44,1834
39,1835
9,1837
39,1838
43,1838
50,1839
3,1839
8,1839
38,1839
5,1840
15,1840
30,1840
15,1841
16,1841
20,1843
17,1844
46,1844
4,1845
11,1845
48,1845
5,1848
22,1848
40,1848
3,1849
23,1849
24,1849
22,1851
26,1851
1,1852
11,1853
30,1853
37,1853
2,1854
13,1854
43,1854
9,1855
40,1855
43,1855
1,1856
4,1856
1,1858
41,1858
22,1859
24,1859
2,1861
2,1863
9,1863
23,1865
16,1866
42,1867
8,1868
20,1868
24,1868
18,1870
18,1871
48,1871
40,1873
14,1874
15,1875
46,1875
26,1876
27,1876
30,1876
3,1877
12,1877
30,1877
44,1878
36,1880
8,1881
45,1882
44,1884
29,1885
31,1885
4,1886
1,1888
3,1888
36,1888
39,1888
2,1889
1,1890
5,1891
29,1891
4,1892
39,1892
2,1893
33,1893
1,1894
3,1894
7,1894
41,1894
2,1895
9,1896
5,1897
21,1897
49,1898
4,1899
30,1899
12,1900
13,1901
41,1901
45,1903
32,1905
39,1905
8,1906
13,1906
21,1907
33,1910
48,1910
37,1911
1,1912
38,1912
34,1914
35,1914
38,1915
2,1916
3,1917
16,1917
22,1918
1,1919
37,1919
2,1920
5,1920
33,1920
36,1920
1,1921
44,1921
2,1922
5,1922
34,1922
38,1922
20,1923
4,1924
3,1925
42,1926
4,1927
1,1928
15,1928
1,1929
13,1929
46,1929
2,1932
24,1932
1,1933
2,1935
45,1935
2,1936
13,1941
12,1943
40,1944
21,1945
7,1947
16,1948
34,1948
37,1948
8,1950
10,1950
17,1950
32,1950
50,1953
4,1953
18,1953
3,1954
26,1954
46,1955
4,1956
27,1956
5,1957
3,1958
4,1959
5,1960
33,1961
37,1962
8,1963
27,1963
35,1966
46,1967
23,1968
21,1969
46,1969
1,1970
15,1970
45,1970
1,1971
16,1971
49,1971
50,1972
18,1972
42,1972
33,1973
43,1973
2,1974
40,1974
2,1976
18,1978
41,1978
23,1980
45,1980
49,1980
1,1981
3,1981
6,1981
50,1982
4,1982
29,1982
5,1984
14,1984
3,1985
39,1986
42,1986
2,1987
29,1988
33,1988
38,1988
5,1989
34,1990
4,1991
7,1991
14,1991
39,1992
35,1994
37,1994
43,1994
21,1995
13,1996
37,1996
23,1999
44,1999
1,2000
25,2002
1,2003
13,2003
2,2004
30,2004
1,2005
11,2005
45,2005
2,2006
46,2007
2,2008
12,2008
14,2008
45,2008
39,2010
47,2011
21,2012
19,2014
22,2015
5,2016
8,2016
31,2016
5,2017
41,2017
13,2018
18,2018
34,2018
14,2019
21,2021
38,2021
47,2022
30,2023
32,2025
29,2027
7,2031
23,2031
37,2033
14,2037
32,2037
9,2038
46,2038
20,2039
29,2039
12,2041
39,2042
8,2046
13,2046
36,2047
43,2050
25,2051
27,2054
46,2054
35,2057
13,2059
18,2059
32,2059
4,2060
17,2061
35,2062
44,2064
33,2066
10,2067
11,2067
48,2067
50,2069
1,2069
27,2069
50,2070
2,2070
15,2070
25,2070
34,2071
1,2072
21,2072
44,2072
1,2073
8,2073
29,2073
2,2074
18,2074
46,2074
10,2075
11,2075
9,2076
3,2077
10,2077
17,2077
2,2078
5,2078
8,2078
14,2078
48,2078
39,2079
4,2080
4,2081
5,2082
3,2083
8,2083
12,2083
19,2083
28,2083
18,2084
31,2084
3,2086
5,2088
4,2089
23,2089
4,2090
35,2090
37,2090
3,2091
8,2092
18,2092
1,2093
2,2094
5,2094
1,2095
20,2095
24,2096
2,2097
4,2097
8,2097
1,2101
12,2101
7,2102
2,2103
43,2105
12,2107
15,2107
38,2107
31,2109
37,2110
3,2111
5,2112
4,2113
38,2113
45,2113
3,2114
48,2114
4,2115
5,2115
25,2117
4,2119
6,2119
18,2120
22,2121
7,2122
8,2124
10,2124
47,2124
29,2127
25,2129
40,2129
1,2130
1,2131
13,2132
17,2132
2,2133
1,2134
2,2135
2,2136
19,2136
41,2138
50,2139
23,2140
47,2140
10,2142
31,2142
30,2143
30,2145
34,2146
3,2148
13,2150
5,2151
8,2151
20,2151
3,2152
4,2153
15,2153
48,2153
3,2154
17,2155
39,2155
5,2156
4,2157
16,2157
30,2158
33,2158
30,2159
8,2160
18,2160
48,2160
41,2161
39,2162
8,2164
40,2167
4,2168
30,2171
42,2171
24,2173
1,2174
7,2175
22,2175
2,2177
1,2180
41,2181
1,2182
30,2182
2,2183
11,2183
6,2184
23,2184
24,2184
27,2184
47,2185
2,2186
24,2186
28,2186
35,2187
39,2188
24,2189
35,2191
21,2192
29,2192
44,2192
28,2193
35,2193
45,2193
24,2194
40,2194
22,2195
14,2196
18,2197
27,2197
34,2198
1,2199
22,2199
27,2199
6,2200
21,2200
1,2202
6,2202
2,2203
3,2204
1,2205
2,2206
46,2206
1,2207
2,2207
4,2207
29,2207
36,2207
3,2209
22,2209
5,2210
45,2211
4,2213
28,2213
5,2215
7,2215
14,2215
36,2215
6,2216
9,2216
21,2217
24,2217
35,2217
40,2217
42,2217
3,2218
4,2219
16,2219
31,2219
5,2220
3,2221
22,2221
4,2222
42,2223
5,2224
16,2226
35,2227
3,2228
19,2229
4,2231
5,2232
42,2232
1,2233
5,2233
9,2233
2,2234
7,2235
3,2236
18,2236
19,2236
29,2236
40,2236
42,2236
4,2237
18,2238
39,2238
30,2240
42,2240
31,2241
1,2242
34,2242
2,2243
3,2243
4,2244
25,2244
1,2245
30,2245
2,2246
14,2246
34,2246
5,2248
41,2248
46,2248
1,2249
5,2249
2,2250
3,2250
18,2250
26,2250
46,2250
4,2251
42,2251
1,2252
19,2253
42,2254
2,2255
14,2256
47,2256
1,2257
43,2257
2,2258
20,2259
17,2260
33,2260
22,2261
24,2262
13,2264
18,2265
19,2265
38,2265
6,2267
27,2267
40,2267
21,2270
14,2271
38,2272
33,2273
24,2275
18,2276
29,2277
32,2278
27,2279
40,2279
32,2282
19,2284
44,2284
37,2285
9,2286
34,2286
50,2287
12,2289
30,2289
12,2290
33,2290
22,2291
3,2292
35,2292
19,2293
4,2294
14,2296
38,2296
13,2298
37,2298
41,2298
4,2300
1,2301
3,2301
18,2301
48,2302
5,2303
36,2303
2,2305
5,2305
16,2305
11,2306
22,2306
1,2308
9,2308
28,2308
32,2308
31,2310
11,2311
35,2311
36,2311
2,2314
10,2315
1,2316
20,2316
26,2316
2,2317
39,2317
17,2318
47,2318
13,2322
35,2323
7,2325
21,2328
36,2329
17,2332
30,2332
3,2334
15,2334
22,2334
50,2336
5,2336
38,2337
4,2338
15,2338
50,2339
9,2339
25,2339
36,2339
4,2340
24,2340
44,2340
23,2341
42,2341
49,2341
3,2342
23,2342
39,2342
1,2343
5,2343
7,2345
44,2345
35,2346
6,2349
15,2349
43,2349
40,2350
11,2351
20,2352
43,2352
23,2353
47,2355
29,2356
36,2356
21,2357
29,2357
31,2357
41,2361
31,2363
23,2364
40,2365
32,2366
3,2367
39,2367
4,2369
5,2370
4,2372
31,2372
32,2372
26,2375
1,2376
16,2376
48,2376
3,2377
18,2377
50,2378
2,2378
5,2378
24,2378
48,2378
1,2379
35,2379
33,2380
1,2382
2,2383
18,2383
36,2383
2,2385
50,2386
6,2386
19,2386
32,2386
37,2387
3,2389
45,2389
26,2390
36,2390
37,2390
2,2391
50,2392
6,2392
21,2394
39,2394
15,2395
19,2396
19,2398
27,2398
6,2400
22,2400
46,2401
1,2402
20,2402
25,2403
43,2403
23,2404
31,2404
41,2405
3,2407
42,2408
45,2409
3,2410
10,2411
41,2411
5,2412
25,2413
4,2414
1,2415
5,2415
37,2415
20,2416
4,2417
11,2417
3,2419
17,2419
1,2420
35,2420
36,2420
2,2421
39,2421
2,2422
1,2423
26,2423
32,2423
2,2425
27,2425
22,2426
35,2426
32,2427
50,2429
45,2429
29,2432
48,2432
49,2432
41,2433
6,2436
15,2436
39,2436
9,2437
41,2437
3,2438
9,2438
46,2438
10,2440
15,2440
4,2441
10,2441
11,2441
49,2441
4,2443
5,2444
34,2444
3,2445
20,2445
5,2446
28,2446
50,2448
7,2448
28,2449
8,2450
36,2450
25,2451
42,2451
23,2454
32,2454
13,2455
45,2455
48,2455
11,2457
31,2457
7,2458
36,2458
22,2459
32,2465
26,2466
28,2467
7,2470
29,2470
25,2471
10,2472
15,2473
41,2474
26,2475
3,2478
36,2478
5,2479
5,2480
7,2480
8,2481
36,2481
31,2484
23,2486
48,2486
4,2488
47,2488
4,2489
3,2490
14,2490
7,2492
23,2494
30,2495
5,2498
23,2499
17,2500
12,2501
50,2502
20,2502
32,2502
5,2504
17,2504
10,2505
28,2505
21,2507
8,2508
10,2508
34,2510
40,2511
35,2512
40,2512
49,2512
26,2514
9,2518
24,2520
30,2521
31,2523
7,2526
36,2526
3,2528
39,2528
13,2529
16,2531
38,2533
43,2535
29,2536
43,2536
19,2538
12,2540
10,2541
39,2541
1,2543
39,2543
2,2545
30,2545
1,2546
3,2546
21,2546
4,2547
37,2547
2,2548
6,2548
20,2548
5,2549
1,2550
26,2550
2,2551
37,2551
4,2552
13,2552
3,2553
38,2553
5,2554
10,2555
39,2556
11,2557
3,2559
34,2561
1,2564
20,2564
2,2565
1,2566
19,2566
46,2566
2,2569
1,2571
30,2572
40,2572
2,2573
38,2574
41,2574
7,2575
39,2575
18,2576
1,2579
7,2579
14,2580
31,2580
1,2581
2,2582
21,2582
43,2582
10,2583
18,2584
1,2587
31,2587
2,2588
7,2588
36,2588
14,2589
22,2589
2,2590
28,2590
7,2591
21,2591
48,2591
1,2592
22,2593
28,2594
24,2595
2,2596
1,2598
16,2600
21,2600
32,2600
45,2600
2,2601
28,2601
37,2601
41,2601
1,2604
10,2604
2,2605
46,2605
47,2605
46,2607
33,2612
1,2614
2,2615
44,2615
1,2616
31,2616
26,2618
1,2619
16,2620
45,2621
2,2622
13,2622
2,2623
1,2624
25,2624
1,2625
2,2626
27,2626
47,2626
1,2627
45,2630
2,2631
34,2631
2,2632
3,2632
4,2633
17,2633
33,2635
4,2636
15,2636
3,2637
25,2637
5,2638
23,2640
5,2641
14,2641
44,2641
17,2642
33,2642
35,2642
15,2643
24,2643
46,2644
41,2646
11,2647
9,2648
20,2648
6,2649
12,2650
18,2650
34,2650
1,2652
44,2652
2,2653
17,2653
42,2654
1,2655
1,2656
2,2659
2,2660
30,2660
37,2660
13,2661
18,2661
27,2661
3,2662
4,2664
4,2665
9,2666
45,2666
5,2667
24,2667
5,2668
3,2669
49,2669
23,2670
30,2671
16,2673
15,2674
24,2674
34,2675
47,2675
8,2676
43,2676
47,2679
40,2680
7,2681
27,2682
30,2682
32,2684
8,2686
11,2686
33,2687
41,2688
15,2689
38,2689
47,2689
37,2691
17,2692
22,2694
32,2696
18,2699
40,2699
24,2700
47,2700
34,2703
31,2704
6,2705
34,2705
45,2706
11,2709
38,2710
45,2710
15,2711
1,2712
17,2712
20,2712
1,2714
10,2714
11,2714
48,2715
2,2716
30,2717
2,2719
25,2719
1,2721
40,2721
22,2722
11,2723
2,2724
18,2724
8,2725
11,2725
3,2726
24,2726
30,2726
38,2726
13,2727
20,2727
15,2728
49,2728
18,2729
44,2730
47,2730
8,2731
24,2731
40,2732
28,2733
45,2736
23,2737
25,2739
43,2741
12,2742
7,2743
37,2743
42,2743
5,2744
9,2745
21,2747
18,2749
7,2751
22,2751
29,2754
20,2756
22,2756
25,2756
18,2758
44,2759
47,2759
12,2762
31,2762
7,2764
1,2765
2,2766
1,2767
1,2768
21,2768
26,2768
2,2772
2,2774
15,2775
47,2777
20,2779
40,2779
42,2779
22,2780
19,2781
42,2781
18,2782
40,2785
41,2785
13,2786
43,2787
35,2789
12,2790
45,2791
39,2792
3,2793
12,2793
18,2794
32,2794
16,2795
47,2795
34,2796
1,2799
30,2799
46,2799
2,2800
3,2802
5,2803
1,2804
5,2804
16,2804
4,2805
20,2805
25,2805
4,2806
1,2807
3,2807
32,2807
2,2808
2,2809
31,2812
3,2815
20,2815
45,2815
5,2816
6,2816
4,2817
6,2817
10,2817
14,2817
20,2817
24,2817
15,2818
4,2819
24,2820
48,2820
3,2823
6,2824
5,2825
7,2826
41,2826
7,2827
40,2827
5,2828
12,2828
3,2832
5,2833
37,2833
17,2834
4,2836
34,2837
41,2837
9,2838
20,2838
32,2838
49,2838
3,2840
39,2842
4,2843
42,2843
22,2845
25,2845
5,2846
16,2846
46,2846
35,2847
27,2848
31,2849
11,2854
29,2854
29,2855
32,2855
19,2857
33,2857
35,2858
33,2859
3,2862
9,2862
44,2862
4,2863
23,2863
5,2864
24,2864
50,2865
24,2866
5,2867
15,2867
3,2868
39,2868
4,2869
16,2869
30,2873
3,2875
8,2876
48,2876
5,2877
4,2878
5,2880
28,2881
4,2882
6,2882
11,2882
47,2882
3,2883
18,2884
49,2884
15,2886
46,2887
3,2888
21,2888
4,2889
3,2891
29,2893
4,2894
9,2895
13,2896
17,2896
5,2897
32,2897
5,2899
33,2899
44,2899
6,2900
13,2900
40,2900
35,2902
49,2902
36,2903
42,2903
17,2904
8,2905
22,2905
38,2905
42,2905
47,2906
22,2909
1,2910
27,2910
2,2911
39,2911
11,2913
30,2913
1,2914
46,2914
25,2915
19,2916
1,2917
15,2917
27,2918
43,2920
2,2923
13,2924
25,2926
2,2927
11,2927
13,2927
26,2927
20,2929
13,2930
30,2930
36,2930
11,2931
22,2931
36,2931
38,2932
39,2932
7,2936
1,2940
31,2941
2,2944
19,2945
1,2946
2,2947
25,2948
28,2948
1,2949
3,2950
42,2950
2,2951
27,2951
43,2951
16,2952
9,2953
42,2954
43,2954
28,2955
5,2956
30,2956
32,2956
4,2957
12,2958
5,2959
21,2961
34,2961
4,2963
19,2964
24,2964
27,2964
3,2965
31,2965
1,2967
1,2969
8,2970
7,2971
2,2973
49,2973
2,2978
26,2978
41,2978
49,2978
12,2979
18,2979
1,2980
35,2980
38,2980
39,2980
2,2983
11,2983
31,2983
22,2984
33,2984
44,2984
9,2987
20,2987
14,2990
20,2990
43,2990
16,2993
40,2993
20,2995
19,2999
49,3000
29,3002
8,3003
6,3006
1,3007
1,3008
22,3008
2,3009
30,3009
2,3010
8,3010
46,3011
46,3012
1,3013
25,3013
40,3014
50,3017
8,3019
11,3020
36,3021
21,3022
43,3022
32,3023
2,3024
11,3024
35,3027
18,3028
32,3031
50,3035
26,3035
49,3036
18,3039
6,3041
24,3042
25,3042
29,3042
43,3043
20,3045
29,3045
30,3050
45,3050
42,3053
24,3054
42,3055
41,3056
28,3057
10,3058
13,3060
1,3061
25,3062
32,3062
38,3062
25,3064
38,3064
2,3065
1,3066
6,3067
23,3067
1,3068
46,3068
3,3072
27,3072
2,3073
4,3073
38,3073
2,3074
13,3076
31,3076
35,3076
44,3076
5,3077
33,3077
4,3079
16,3079
3,3080
9,3080
21,3080
1,3081
5,3081
2,3082
37,3082
6,3083
11,3083
27,3083
1,3084
34,3084
36,3084
43,3084
46,3084
32,3085
30,3087
2,3088
24,3088
2,3089
30,3094
40,3094
1,3095
16,3095
2,3097
41,3098
19,3103
49,3103
29,3104
21,3106
41,3106
49,3106
30,3107
44,3107
29,3108
30,3108
12,3111
24,3111
26,3111
49,3111
1,3112
19,3112
22,3112
1,3113
7,3113
8,3113
2,3116
10,3116
13,3116
50,3118
2,3119
29,3119
44,3119
1,3121
15,3121
42,3121
48,3122
2,3123
3,3123
39,3123
24,3124
34,3124
41,3124
4,3125
47,3125
4,3126
5,3127
24,3127
33,3127
5,3128
9,3129
32,3129
28,3130
3,3131
11,3131
5,3134
23,3134
36,3135
2,3136
36,3136
39,3137
14,3140
31,3140
6,3141
23,3143
50,3146
25,3148
37,3148
9,3150
20,3150
38,3151
32,3153
42,3153
39,3154
23,3155
17,3156
13,3157
43,3158
6,3160
40,3160
20,3165
39,3167
48,3168
14,3170
38,3170
46,3170
1,3171
14,3171
18,3171
40,3171
2,3172
43,3172
1,3173
12,3173
14,3173
27,3174
49,3174
21,3175
30,3175
33,3176
1,3179
19,3179
28,3181
12,3183
24,3183
10,3184
43,3186
40,3187
22,3188
25,3191
20,3192
2,3193
25,3193
2,3194
29,3196
45,3197
6,3198
25,3198
22,3199
13,3201
8,3202
37,3203
41,3203
50,3205
15,3205
40,3205
45,3206
49,3208
15,3209
15,3210
11,3213
17,3213
9,3214
38,3214
33,3215
18,3216
6,3217
48,3217
16,3218
24,3218
10,3221
44,3222
46,3222
29,3225
34,3225
35,3228
45,3229
35,3230
37,3230
49,3230
50,3231
27,3231
8,3232
11,3233
24,3233
39,3233
44,3233
34,3234
36,3235
20,3236
30,3237
41,3238
42,3238
37,3239
17,3241
41,3241
1,3242
46,3242
1,3243
44,3243
29,3244
43,3244
2,3245
25,3245
2,3246
3,3246
40,3246
15,3247
17,3247
32,3247
5,3248
1,3249
38,3249
2,3250
4,3251
16,3251
1,3253
1,3254
24,3254
11,3255
2,3256
3,3257
21,3257
28,3257
42,3257
5,3258
2,3259
1,3260
2,3261
4,3262
11,3262
42,3262
12,3263
35,3263
20,3265
28,3267
32,3268
42,3269
1,3270
42,3270
1,3271
36,3272
8,3273
44,3273
2,3274
30,3274
2,3275
6,3275
1,3276
40,3277
4,3278
2,3279
13,3279
25,3280
28,3283
41,3283
10,3284
32,3284
21,3285
3,3286
7,3286
35,3286
6,3288
28,3289
4,3290
23,3290
3,3291
12,3291
47,3291
30,3292
5,3293
5,3294
4,3295
50,3297
3,3297
35,3297
11,3298
19,3299
20,3299
41,3299
39,3300
5,3301
7,3301
38,3301
4,3302
38,3302
1,3305
28,3305
31,3306
2,3307
8,3307
11,3307
1,3308
5,3308
6,3308
17,3308
28,3308
32,3308
1,3309
4,3309
26,3309
29,3310
37,3310
46,3310
50,3311
2,3311
33,3311
44,3311
6,3313
3,3314
47,3314
2,3315
50,3316
32,3316
26,3317
8,3318
50,3320
21,3322
28,3322
25,3323
3,3326
5,3327
46,3327
48,3327
4,3328
25,3328
15,3329
6,3330
26,3332
14,3333
37,3333
4,3334
7,3334
30,3334
40,3335
1,3336
1,3337
5,3337
7,3337
43,3337
50,3338
2,3338
3,3338
43,3340
1,3341
2,3341
50,3342
2,3342
46,3342
2,3343
4,3343
28,3344
31,3345
35,3345
37,3346
34,3347
48,3348
8,3349
49,3350
3,3352
15,3352
4,3353
42,3354
1,3355
27,3355
35,3355
1,3356
6,3357
41,3357
2,3358
14,3359
29,3359
5,3360
1,3361
37,3361
2,3362
27,3362
2,3363
10,3364
27,3364
35,3364
1,3365
5,3365
34,3365
3,3366
1,3367
9,3367
22,3367
2,3368
31,3368
2,3369
4,3369
1,3370
41,3370
2,3371
4,3376
10,3376
11,3376
22,3377
36,3377
23,3383
31,3383
7,3385
38,3385
7,3388
17,3389
13,3390
8,3392
49,3392
41,3396
17,3397
49,3399
12,3400
38,3400
24,3402
25,3402
22,3403
25,3403
38,3403
49,3403
34,3404
20,3405
9,3406
27,3406
38,3408
46,3408
31,3412
46,3413
16,3415
19,3416
19,3417
33,3418
39,3418
39,3419
47,3419
3,3421
33,3421
36,3421
4,3422
13,3422
4,3423
46,3423
25,3424
5,3425
27,3425
32,3425
5,3426
21,3429
27,3429
3,3430
9,3430
37,3430
39,3430
11,3432
45,3432
47,3432
24,3433
9,3435
14,3436
3,3437
4,3438
12,3438
25,3438
5,3439
42,3439
32,3440
18,3442
3,3443
1,3444
4,3444
22,3444
5,3445
1,3446
2,3447
26,3447
11,3448
37,3448
1,3449
8,3449
44,3449
2,3451
47,3451
2,3452
18,3453
37,3453
30,3455
39,3460
9,3462
24,3463
33,3464
15,3465
41,3466
24,3467
1,3468
37,3468
1,3469
2,3470
1,3471
12,3472
38,3472
2,3473
3,3473
47,3473
2,3474
5,3474
4,3476
5,3477
13,3477
25,3478
4,3479
3,3480
39,3480
23,3481
46,3481
25,3482
6,3484
35,3484
22,3485
31,3485
45,3485
32,3486
33,3486
36,3488
21,3489
37,3490
30,3492
46,3493
47,3494
16,3495
42,3495
28,3496
25,3497
42,3497
10,3498
15,3499
37,3499
12,3500
1,3502
22,3504
8,3505
20,3506
27,3506
50,3507
31,3509
1,3513
2,3515
28,3515
6,3516
22,3516
27,3517
31,3518
1,3519
1,3520
2,3522
2,3523
24,3523
26,3523
40,3523
18,3525
27,3525
37,3526
15,3527
6,3528
19,3530
25,3533
33,3533
13,3535
39,3535
19,3536
29,3537
30,3537
6,3538
30,3540
34,3542
28,3545
8,3549
40,3549
1,3551
21,3552
40,3554
47,3554
17,3555
21,3555
14,3556
29,3556
45,3556
29,3557
10,3558
24,3558
26,3558
1,3559
31,3559
2,3560
11,3560
40,3560
1,3561
13,3562
15,3563
2,3564
1,3566
1,3567
2,3567
21,3567
22,3568
47,3569
10,3570
30,3570
39,3570
31,3571
14,3572
16,3572
27,3574
44,3574
7,3578
20,3578
6,3579
47,3579
32,3580
37,3580
44,3580
8,3581
39,3582
23,3584
16,3586
41,3587
29,3588
45,3589
1,3591
1,3592
3,3592
2,3593
29,3593
2,3594
4,3594
47,3594
5,3596
5,3597
3,3598
30,3598
4,3599
41,3599
1,3600
42,3601
2,3602
24,3603
27,3603
40,3604
3,3607
5,3608
26,3608
4,3609
34,3609
1,3611
5,3611
9,3611
46,3611
1,3612
4,3612
17,3612
15,3613
23,3613
2,3614
3,3614
22,3614
1,3615
2,3616
19,3616
2,3617
37,3617
38,3617
16,3618
48,3619
18,3620
21,3621
39,3623
26,3624
43,3624
19,3626
23,3627
11,3628
23,3628
15,3629
47,3629
1,3634
48,3634
2,3635
1,3636
36,3636
40,3636
38,3637
1,3640
43,3640
2,3641
26,3641
28,3642
20,3644
30,3644
2,3645
33,3645
49,3645
15,3648
19,3651
44,3651
22,3652
28,3654
38,3654
34,3655
36,3655
14,3656
29,3656
11,3658
6,3661
45,3661
46,3661
33,3662
40,3662
12,3663
14,3663
1,3664
1,3665
6,3665
34,3665
37,3665
48,3666
16,3667
25,3667
30,3667
13,3668
7,3669
3,3671
2,3672
9,3672
42,3672
1,3673
5,3673
35,3673
4,3674
2,3675
18,3675
43,3675
2,3676
34,3676
9,3677
5,3679
27,3679
4,3680
33,3680
46,3680
48,3680
10,3681
3,3682
40,3682
12,3683
43,3683
50,3684
21,3685
41,3687
42,3688
31,3690
19,3693
1,3694
2,3697
6,3697
18,3698
1,3699
10,3700
6,3701
10,3701
14,3702
27,3702
1,3703
13,3703
14,3703
24,3703
2,3705
2,3707
33,3709
20,3711
15,3712
42,3712
26,3713
33,3713
48,3713
43,3715
45,3718
12,3719
26,3719
3,3721
6,3721
26,3723
27,3724
5,3725
5,3726
12,3726
4,3729
31,3729
36,3731
37,3731
3,3732
17,3732
42,3732
25,3733
4,3734
38,3734
12,3735
33,3735
43,3735
25,3736
3,3737
4,3738
30,3738
3,3739
4,3740
5,3742
25,3742
31,3742
5,3743
3,3744
26,3744
46,3744
1,3745
4,3745
1,3746
32,3746
2,3747
1,3748
2,3749
38,3749
5,3751
2,3752
46,3752
5,3754
35,3754
33,3755
1,3756
4,3756
2,3757
50,3758
44,3758
1,3759
3,3759
1,3760
21,3760
2,3761
2,3762
16,3762
25,3763
1,3764
47,3764
2,3768
31,3769
39,3770
10,3771
1,3772
33,3772
50,3773
33,3773
44,3774
2,3775
14,3776
39,3776
15,3777
1,3779
5,3779
17,3779
2,3781
15,3783
18,3783
10,3784
46,3784
49,3785
36,3787
26,3788
43,3788
36,3790
26,3793
1,3795
3,3795
1,3796
4,3796
20,3796
17,3798
30,3798
5,3799
2,3800
5,3800
9,3800
40,3800
4,3801
6,3801
9,3801
50,3802
1,3802
3,3802
45,3802
2,3803
18,3803
2,3804
31,3804
15,3805
9,3806
17,3806
42,3806
21,3807
22,3808
31,3808
42,3808
11,3811
40,3811
31,3812
33,3812
36,3812
38,3812
48,3812
7,3813
47,3813
26,3814
26,3815
33,3815
2,3818
15,3818
31,3818
36,3819
44,3819
1,3820
13,3820
5,3822
20,3822
24,3822
8,3823
12,3823
17,3823
1,3824
10,3824
31,3825
2,3826
2,3827
27,3827
1,3828
6,3828
2,3829
35,3829
43,3829
40,3830
34,3831
34,3832
24,3833
31,3833
37,3833
8,3834
29,3835
17,3836
7,3837
47,3839
40,3842
40,3844
34,3845
42,3845
35,3847
43,3848
9,3851
21,3853
49,3854
30,3855
38,3857
22,3858
12,3859
16,3860
26,3860
31,3861
32,3861
14,3862
28,3862
1,3863
18,3863
41,3863
47,3863
5,3865
47,3866
30,3868
50,3869
1,3869
28,3870
35,3871
2,3872
2,3873
11,3874
1,3875
47,3875
50,3876
25,3876
47,3876
2,3877
17,3877
22,3877
41,3877
3,3879
16,3879
46,3879
49,3879
4,3880
4,3881
27,3881
27,3882
37,3882
11,3883
38,3883
6,3884
11,3884
35,3884
3,3885
26,3885
47,3885
19,3888
29,3888
5,3889
48,3889
5,3890
26,3891
3,3895
24,3895
12,3896
28,3896
31,3896
33,3896
38,3896
42,3896
15,3897
1,3899
3,3899
26,3899
1,3900
4,3900
2,3901
3,3901
36,3901
45,3901
22,3902
28,3902
1,3903
29,3903
5,3904
34,3904
46,3904
5,3906
10,3906
36,3906
2,3907
42,3907
2,3908
4,3908
39,3909
19,3911
38,3911
11,3913
35,3913
14,3915
45,3915
39,3916
42,3916
27,3917
28,3917
40,3917
2,3918
11,3918
18,3918
28,3918
16,3919
40,3919
48,3919
6,3923
34,3924
21,3925
29,3925
35,3925
3,3926
12,3926
42,3926
38,3927
4,3928
6,3928
4,3930
3,3931
18,3932
5,3934
5,3936
9,3939
6,3940
45,3940
25,3941
28,3941
38,3943
12,3944
31,3947
32,3947
3,3948
5,3948
13,3948
33,3948
8,3949
45,3949
4,3950
5,3951
37,3951
5,3953
7,3953
9,3953
3,3955
4,3956
31,3959
20,3960
41,3960
49,3960
16,3961
44,3961
29,3962
41,3962
39,3963
45,3963
6,3964
9,3964
11,3964
22,3964
41,3964
40,3966
12,3971
36,3971
26,3973
48,3974
15,3975
33,3975
47,3975
7,3976
23,3976
15,3977
27,3978
9,3979
18,3982
36,3982
20,3983
1,3985
32,3985
1,3986
41,3986
42,3986
2,3989
24,3990
1,3991
31,3991
38,3991
47,3991
2,3994
2,3995
28,3995
28,3996
17,3997
6,3998
32,3998
37,4001
8,4004
10,4004
19,4004
31,4006
19,4008
50,4009
6,4009
6,4010
36,4011
16,4012
34,4012
43,4013
50,4016
49,4017
45,4019
34,4020
41,4020
45,4020
6,4021
15,4021
21,4021
3,4023
9,4024
37,4024
4,4025
5,4027
3,4028
10,4028
5,4029
4,4030
15,4031
44,4033
27,4034
33,4034
25,4036
48,4037
16,4038
42,4038
15,4039
47,4039
10,4040
9,4042
40,4043
24,4044
27,4044
9,4046
7,4047
26,4047
14,4048
26,4048
2,4049
25,4049
34,4051
39,4051
31,4053
18,4055
17,4058
46,4058
8,4059
44,4059
19,4060
29,4060
6,4062
14,4064
7,4066
13,4066
22,4069
14,4073
15,4073
40,4073
34,4078
1,4079
43,4079
25,4080
49,4080
50,4083
1,4087
2,4088
32,4089
1,4090
40,4090
2,4091
7,4091
26,4093
28,4093
1,4094
2,4095
3,4095
48,4096
21,4097
34,4097
16,4098
17,4098
17,4099
34,4099
24,4101
48,4101
37,4102
15,4105
23,4105
7,4106
24,4106
45,4106
9,4107
38,4107
12,4108
1,4109
29,4109
9,4112
12,4113
34,4113
41,4113
33,4114
37,4114
3,4116
34,4116
4,4118
27,4119
38,4119
43,4119
20,4120
48,4120
3,4121
40,4121
19,4123
47,4123
8,4124
14,4124
9,4125
5,4126
42,4127
4,4128
29,4128
5,4129
31,4129
8,4132
14,4132
39,4132
19,4133
3,4134
14,4134
17,4134
39,4134
4,4135
18,4135
1,4136
4,4138
22,4138
31,4138
43,4138
5,4139
8,4139
16,4139
20,4140
5,4142
1,4143
3,4143
25,4143
36,4143
2,4144
33,4144
43,4144
1,4146
2,4148
25,4148
10,4149
20,4149
29,4149
1,4150
2,4151
33,4151
22,4154
7,4156
10,4157
47,4157
7,4158
43,4159
44,4159
15,4160
36,4161
8,4162
21,4164
37,4167
12,4168
26,4168
10,4170
11,4170
13,4170
29,4171
42,4174
45,4174
10,4175
23,4176
8,4177
15,4177
29,4177
27,4180
47,4181
50,4182
36,4183
15,4185
3,4186
37,4186
38,4187
5,4188
4,4189
24,4189
35,4189
25,4191
38,4191
18,4192
3,4193
46,4193
29,4194
5,4195
18,4195
4,4196
26,4196
25,4197
50,4198
13,4199
6,4202
26,4203
15,4206
7,4208
15,4208
20,4208
48,4208
40,4209
40,4210
11,4211
25,4212
16,4217
45,4219
12,4220
25,4220
1,4221
23,4222
22,4223
11,4224
39,4224
43,4224
2,4225
7,4226
44,4226
1,4227
1,4228
2,4230
29,4230
20,4231
2,4232
38,4235
10,4237
22,4237
31,4238
12,4239
25,4239
50,4240
20,4241
16,4242
10,4243
16,4244
12,4245
24,4245
6,4247
40,4247
3,4248
45,4248
24,4249
29,4249
45,4249
47,4249
4,4250
5,4251
15,4251
5,4252
5,4253
40,4256
46,4256
3,4258
10,4258
4,4260
9,4262
45,4262
13,4263
29,4263
10,4265
12,4265
13,4265
28,4265
13,4266
14,4266
39,4267
34,4268
31,4269
16,4270
1,4271
1,4272
14,4272
2,4273
49,4273
2,4274
16,4275
1,4276
15,4276
26,4276
26,4278
2,4279
9,4280
20,4281
11,4282
35,4284
10,4285
8,4287
11,4287
18,4288
22,4288
13,4289
42,4289
13,4291
26,4293
32,4294
6,4295
29,4295
41,4295
19,4296
46,4296
40,4297
21,4298
25,4298
42,4298
10,4301
25,4301
9,4302
19,4302
43,4305
14,4307
27,4307
33,4307
38,4307
40,4307
30,4310
36,4310
12,4311
42,4311
48,4311
37,4312
28,4313
43,4313
8,4314
21,4314
22,4314
28,4314
39,4314
6,4315
13,4317
32,4318
7,4321
16,4322
34,4323
38,4323
47,4327
25,4328
1,4329
24,4332
33,4332
8,4336
10,4340
1,4341
45,4343
11,4344
30,4344
41,4344
37,4345
50,4349
50,4350
12,4350
12,4352
39,4352
9,4353
20,4354
16,4355
32,4356
16,4357
41,4357
24,4358
25,4358
17,4360
9,4361
23,4362
29,4363
42,4363
38,4364
50,4365
8,4365
43,4365
3,4366
6,4366
26,4366
17,4367
49,4367
23,4370
38,4370
11,4371
15,4371
32,4371
6,4372
47,4372
19,4374
29,4375
41,4375
10,4376
9,4381
14,4381
15,4382
29,4382
21,4384
3,4385
19,4386
37,4388
41,4389
5,4390
41,4390
45,4390
3,4391
49,4391
40,4392
18,4395
4,4396
36,4396
5,4398
4,4399
7,4399
3,4400
17,4401
22,4401
43,4401
1,4404
15,4404
2,4405
20,4405
36,4405
39,4405
1,4406
16,4406
22,4406
1,4407
2,4409
17,4409
28,4409
2,4410
23,4410
38,4412
40,4413
30,4414
30,4415
9,4416
27,4416
34,4416
18,4417
30,4417
40,4417
42,4417
6,4418
7,4418
10,4420
12,4420
47,4421
47,4423
37,4425
37,4426
3,4427
25,4427
3,4428
10,4428
28,4428
43,4429
5,4430
28,4430
17,4431
4,4432
1,4434
4,4434
1,4435
35,4435
10,4436
47,4436
2,4437
5,4437
1,4438
4,4438
19,4438
16,4439
30,4439
45,4439
3,4440
35,4440
39,4440
30,4441
44,4441
2,4442
2,4443
22,4443
34,4445
43,4445
48,4445
26,4447
7,4448
38,4448
6,4450
28,4452
43,4452
34,4453
8,4454
23,4455
36,4456
19,4457
22,4459
49,4459
28,4460
34,4461
41,4461
42,4461
8,4463
42,4463
12,4464
24,4465
10,4471
15,4471
10,4472
40,4472
1,4474
45,4474
1,4476
6,4476
2,4477
3,4477
1,4478
5,4478
35,4478
45,4478
20,4479
2,4480
4,4480
28,4480
31,4480
2,4481
5,4482
29,4482
4,4483
41,4483
19,4484
10,4486
3,4487
44,4487
30,4488
48,4489
29,4490
10,4491
29,4491
42,4491
1,4492
13,4493
1,4494
15,4494
2,4495
21,4495
38,4495
2,4496
43,4497
1,4498
20,4502
17,4503
2,4504
41,4504
37,4506
26,4507
27,4507
1,4509
22,4509
34,4510
25,4511
30,4511
2,4512
6,4512
1,4513
1,4515
3,4515
2,4516
30,4516
2,4517
5,4517
31,4517
5,4518
4,4519
3,4520
13,4521
45,4521
1,4522
4,4523
25,4524
3,4525
30,4525
7,4526
24,4526
47,4526
4,4527
23,4527
5,4529
29,4529
12,4531
2,4532
10,4532
1,4533
3,4533
37,4533
39,4533
4,4534
7,4534
14,4535
1,4536
16,4536
28,4536
36,4536
44,4536
2,4538
21,4538
36,4538
47,4538
5,4539
28,4539
30,4540
2,4541
35,4543
21,4546
22,4549
36,4549
3,4552
38,4552
4,4554
9,4555
14,4555
29,4555
5,4557
7,4558
39,4559
26,4560
4,4561
39,4561
5,4562
28,4562
3,4563
31,4565
16,4566
12,4567
24,4568
11,4569
18,4569
43,4569
13,4574
23,4574
50,4575
50,4576
24,4576
5,4579
22,4579
40,4580
9,4581
16,4581
28,4582
29,4582
38,4582
40,4582
32,4583
20,4584
11,4585
42,4587
43,4587
15,4588
33,4588
34,4592
39,4593
43,4594
8,4595
10,4596
34,4596
46,4597
38,4598
41,4598
48,4598
28,4599
32,4600
11,4604
14,4607
24,4607
35,4607
23,4608
6,4609
23,4609
2,4610
14,4610
20,4610
25,4610
33,4610
18,4612
27,4612
13,4613
20,4614
44,4614
28,4616
42,4616
25,4617
15,4619
44,4619
3,4620
4,4621
45,4621
26,4622
42,4622
21,4623
38,4623
22,4624
48,4624
50,4625
18,4625
4,4626
42,4626
5,4627
19,4627
5,4629
3,4630
26,4630
14,4631
17,4631
10,4633
13,4634
28,4635
1,4636
36,4636
43,4636
38,4637
2,4638
1,4639
1,4640
39,4640
42,4640
2,4642
25,4642
18,4643
46,4646
2,4647
37,4647
22,4648
39,4648
29,4649
1,4650
12,4650
16,4650
33,4651
2,4652
14,4652
26,4652
39,4652
1,4654
6,4654
2,4655
30,4655
42,4655
1,4656
8,4657
30,4657
2,4658
8,4659
29,4659
31,4659
38,4659
27,4661
3,4663
4,4664
4,4665
17,4665
18,4665
31,4666
36,4667
35,4669
5,4670
26,4670
3,4671
5,4671
32,4671
46,4671
5,4673
44,4673
12,4674
13,4674
18,4676
49,4676
1,4677
39,4677
1,4678
2,4679
14,4679
1,4680
2,4681
33,4681
46,4681
13,4682
47,4682
2,4683
37,4683
1,4686
16,4687
2,4688
16,4688
9,4689
1,4690
3,4690
5,4691
1,4692
4,4692
2,4693
4,4693
5,4694
34,4694
2,4696
3,4696
20,4696
38,4696
50,4697
26,4697
43,4698
6,4699
3,4701
26,4701
17,4702
13,4704
29,4705
44,4705
5,4706
9,4706
4,4707
28,4708
23,4710
43,4710
3,4711
5,4712
10,4712
9,4713
4,4714
13,4714
46,4717
8,4719
15,4719
43,4719
42,4720
25,4723
49,4723
38,4724
16,4725
40,4725
20,4726
29,4727
36,4727
12,4729
33,4729
46,4730
19,4731
45,4731
47,4731
23,4732
47,4732
18,4733
7,4734
9,4735
33,4735
43,4735
3,4736
40,4736
32,4737
9,4738
24,4739
47,4739
4,4740
6,4740
12,4740
21,4740
1,4741
5,4741
3,4742
1,4743
4,4743
41,4744
48,4744
5,4746
6,4748
23,4748
40,4748
2,4749
2,4750
1,4751
6,4751
40,4751
2,4752
33,4755
31,4756
15,4757
29,4757
44,4757
31,4758
38,4758
20,4759
17,4761
44,4761
40,4762
49,4762
7,4768
8,4768
10,4768
16,4770
9,4772
21,4772
37,4772
16,4773
18,4773
35,4773
7,4774
3,4775
27,4775
4,4777
11,4777
4,4778
20,4778
1,4779
28,4779
33,4779
2,4780
3,4780
6,4780
33,4780
1,4781
4,4781
5,4781
17,4781
2,4782
10,4782
39,4783
1,4784
44,4784
9,4785
2,4786
5,4786
22,4786
16,4787
31,4788
19,4790
23,4790
21,4793
11,4795
12,4795
11,4797
25,4800
26,4801
19,4802
42,4806
45,4807
5,4811
44,4811
10,4812
29,4813
3,4814
12,4814
5,4815
18,4815
37,4815
46,4815
50,4817
5,4817
25,4817
29,4817
32,4818
4,4820
31,4820
20,4822
28,4822
4,4823
49,4823
39,4824
18,4825
3,4826
11,4826
48,4826
49,4828
10,4831
44,4831
28,4832
1,4834
1,4835
3,4835
11,4835
5,4836
2,4837
19,4838
1,4839
19,4839
21,4839
33,4839
38,4839
37,4840
2,4841
4,4841
13,4841
49,4841
3,4842
32,4842
29,4843
35,4843
2,4844
4,4844
5,4845
4,4847
33,4847
9,4849
41,4850
43,4852
3,4853
44,4853
31,4854
50,4856
4,4856
19,4856
22,4856
5,4857
5,4859
38,4859
1,4860
30,4860
2,4861
21,4861
33,4861
1,4862
3,4862
45,4862
27,4863
42,4863
2,4865
4,4865
18,4865
25,4867
7,4868
11,4868
1,4869
2,4870
3,4870
5,4872
18,4872
4,4873
34,4873
49,4873
4,4874
10,4874
3,4875
25,4875
40,4875
43,4875
26,4877
5,4878
31,4878
36,4879
18,4880
50,4882
9,4882
8,4885
36,4885
44,4885
8,4886
18,4886
36,4888
17,4889
35,4890
17,4892
47,4892
38,4893
9,4895
9,4898
24,4898
40,4900
8,4901
18,4901
37,4902
49,4902
8,4903
41,4904
8,4906
9,4906
33,4906
48,4907
6,4908
40,4909
50,4910
9,4910
45,4910
15,4911
3,4913
12,4914
13,4914
5,4915
42,4915
37,4916
4,4917
42,4917
4,4918
40,4918
5,4920
3,4921
9,4921
24,4922
30,4923
1,4924
11,4924
18,4926
22,4926
47,4926
1,4927
18,4927
15,4928
41,4928
2,4929
9,4929
24,4930
1,4931
31,4932
27,4934
49,4935
21,4937
49,4937
2,4939
2,4940
39,4940
44,4940
10,4942
17,4942
36,4943
43,4944
3,4945
15,4945
4,4946
28,4946
4,4947
9,4948
15,4948
18,4948
27,4948
5,4949
13,4949
19,4949
1,4952
5,4952
3,4953
27,4953
37,4953
39,4953
22,4955
50,4956
2,4956
1,4957
1,4958
45,4959
21,4960
2,4961
42,4961
2,4963
18,4964
30,4964
9,4965
48,4966
8,4969
23,4969
46,4969
7,4970
8,4970
7,4971
17,4971
26,4971
17,4972
13,4973
36,4974
14,4975
38,4975
18,4976
43,4976
44,4978
9,4981
11,4981
37,4982
9,4983
34,4983
25,4984
32,4984
12,4987
19,4987
20,4987
42,4987
47,4990
6,4991
19,4992
40,4992
1,4995
34,4995
50,4996
1,4996
43,4996
2,4997
1,4998
6,4998
31,4998
40,4998
2,4999
13,4999
2,5001
14,5001
46,5001
1,5002
13,5002
38,5002
1,5003
12,5004
21,5004
2,5005
33,5005
2,5006
26,5006
1,5007
23,5007
29,5009
42,5009
50,5010
39,5010
2,5012
47,5012
43,5013
16,5015
33,5016
42,5016
17,5018
43,5018
45,5018
48,5018
8,5019
9,5019
10,5019
29,5019
38,5021
26,5022
3,5023
32,5023
45,5023
4,5025
3,5026
25,5026
5,5027
24,5027
5,5028
6,5028
4,5029
14,5031
20,5033
1,5034
44,5034
1,5035
31,5035
33,5035
2,5037
1,5038
7,5038
15,5039
49,5039
29,5041
2,5042
2,5043
25,5043
31,5043
8,5045
15,5045
47,5046
11,5047
35,5048
44,5048
13,5052
24,5053
29,5053
10,5054
18,5055
24,5055
43,5055
13,5056
49,5056
12,5057
40,5057
20,5059
31,5061
48,5061
34,5062
47,5062
21,5065
6,5066
1,5067
14,5068
1,5069
6,5069
2,5071
29,5071
2,5072
1,5074
7,5074
50,5075
2,5075
29,5075
41,5075
3,5076
29,5077
4,5079
31,5079
44,5079
5,5081
34,5081
3,5082
4,5083
46,5083
5,5084
28,5085
15,5086
20,5087
44,5087
43,5090
46,5092
21,5093
32,5093
4,5094
26,5094
30,5095
15,5098
18,5098
2,5099
3,5099
30,5099
4,5100
11,5100
3,5104
4,5105
10,5105
26,5105
27,5105
5,5106
9,5106
21,5106
5,5107
15,5108
16,5108
37,5108
17,5109
14,5110
36,5110
40,5110
44,5111
39,5113
49,5116
1,5117
6,5117
2,5118
1,5120
1,5121
2,5122
2,5123
16,5123
46,5123
22,5125
35,5125
47,5125
24,5132
43,5133
17,5134
8,5135
33,5135
15,5139
18,5140
39,5140
45,5143
19,5145
41,5145
49,5145
43,5146
34,5148
22,5151
10,5153
39,5153
3,5154
45,5154
4,5155
35,5155
42,5155
11,5156
46,5156
3,5157
5,5158
50,5160
6,5160
23,5160
44,5160
24,5161
4,5162
5,5163
22,5163
31,5163
14,5164
32,5164
8,5165
26,5165
6,5168
28,5170
49,5170
23,5171
33,5172
50,5174
7,5175
18,5175
36,5175
3,5176
19,5177
24,5177
45,5178
46,5178
5,5179
6,5179
5,5180
16,5180
48,5180
50,5181
3,5182
4,5183
4,5185
3,5186
15,5186
6,5187
14,5187
29,5187
34,5187
35,5191
3,5192
11,5193
5,5194
4,5197
4,5198
25,5198
3,5199
17,5199
39,5199
46,5200
5,5202
18,5203
35,5203
6,5204
19,5204
50,5206
31,5207
22,5211
41,5211
18,5212
31,5214
28,5216
10,5217
9,5218
45,5220
3,5221
4,5223
27,5223
18,5224
41,5224
43,5225
3,5226
14,5226
5,5227
12,5227
23,5227
38,5227
4,5228
34,5229
5,5230
28,5232
32,5233
48,5236
32,5238
40,5240
27,5241
35,5241
36,5243
12,5245
50,5246
32,5246
42,5246
35,5248
40,5248
6,5252
43,5253
14,5254
15,5254
26,5255
27,5255
44,5256
12,5258
21,5258
20,5259
19,5260
25,5260
29,5261
3,5263
22,5263
49,5263
5,5264
24,5264
30,5264
28,5266
43,5267
4,5268
4,5269
12,5269
49,5270
3,5271
8,5272
32,5272
5,5273
1,5275
17,5275
2,5276
37,5276
7,5278
3,5279
15,5283
22,5283
13,5284
4,5285
6,5285
44,5285
39,5286
3,5287
22,5287
5,5288
8,5288
5,5289
44,5291
4,5292
44,5292
20,5293
7,5294
19,5294
35,5296
10,5302
46,5303
49,5303
41,5307
6,5309
11,5309
20,5310
12,5311
44,5311
7,5312
3,5313
4,5314
1,5316
1,5317
19,5318
12,5319
34,5319
5,5321
29,5321
4,5322
2,5323
3,5323
37,5323
13,5324
1,5325
7,5325
32,5325
2,5326
5,5326
35,5327
2,5328
13,5328
13,5329
41,5333
21,5334
7,5336
32,5336
35,5336
24,5338
39,5338
12,5340
27,5341
28,5341
17,5343
50,5345
38,5347
1,5348
42,5348
1,5349
2,5351
21,5353
2,5354
37,5354
1,5355
43,5355
47,5355
1,5356
34,5356
9,5357
2,5358
20,5359
31,5361
20,5362
22,5362
1,5363
14,5363
33,5363
1,5364
2,5367
14,5367
1,5369
31,5369
2,5370
35,5370
2,5371
8,5371
12,5372
49,5372
50,5376
21,5377
45,5378
31,5380
17,5381
35,5383
19,5384
14,5386
15,5386
32,5387
45,5387
35,5388
46,5389
14,5390
30,5390
5,5391
10,5391
33,5391
23,5392
11,5393
34,5393
32,5394
21,5395
40,5395
25,5397
32,5397
20,5400
40,5401
41,5401
10,5402
32,5402
11,5403
14,5403
20,5404
48,5404
27,5405
46,5406
31,5407
8,5408
10,5410
48,5413
26,5414
24,5415
32,5415
37,5417
29,5421
32,5423
1,5424
38,5424
3,5425
8,5425
27,5428
32,5428
12,5429
32,5429
22,5430
5,5431
4,5433
8,5433
31,5433
44,5433
3,5435
4,5436
8,5437
14,5437
25,5437
22,5438
28,5438
5,5439
1,5443
1,5445
23,5445
2,5446
16,5446
2,5447
1,5448
28,5449
2,5450
20,5450
32,5450
23,5451
42,5451
31,5452
1,5454
22,5454
31,5454
1,5455
38,5456
2,5457
1,5459
23,5459
2,5460
10,5461
40,5461
2,5463
7,5464
26,5465
43,5465
18,5466
10,5468
33,5472
41,5476
10,5477
18,5477
29,5477
28,5478
43,5478
45,5479
24,5481
9,5483
13,5483
11,5485
22,5485
38,5485
3,5486
43,5486
4,5488
30,5488
3,5489
50,5492
7,5492
20,5492
28,5492
40,5492
8,5493
4,5494
44,5494
5,5495
49,5496
10,5498
32,5498
5,5499
17,5504
42,5504
23,5505
19,5507
44,5507
30,5509
33,5509
42,5509
1,5510
14,5510
1,5513
2,5514
41,5514
1,5515
2,5516
42,5516
9,5517
21,5518
28,5519
2,5520
18,5520
21,5521
33,5523
45,5523
11,5524
34,5524
20,5525
26,5525
10,5526
42,5526
22,5527
9,5529
40,5531
12,5535
29,5535
38,5536
13,5538
11,5539
37,5539
49,5539
34,5540
6,5542
28,5542
9,5543
17,5545
3,5548
17,5548
35,5550
11,5551
31,5552
35,5553
41,5553
39,5557
19,5558
34,5558
50,5559
49,5559
23,5561
7,5563
20,5563
28,5564
50,5566
16,5566
19,5566
10,5567
3,5568
41,5568
4,5570
4,5571
36,5571
5,5572
20,5574
3,5575
41,5576
5,5577
6,5578
1,5579
1,5582
33,5582
2,5583
39,5583
47,5583
1,5584
5,5584
50,5585
1,5585
11,5585
36,5585
44,5585
2,5587
41,5588
47,5589
32,5590
39,5591
2,5592
42,5592
38,5593
40,5593
12,5594
50,5596
9,5597
14,5598
1,5600
3,5600
50,5601
5,5601
1,5602
44,5602
2,5603
5,5603
34,5603
46,5603
8,5604
45,5604
1,5605
4,5605
11,5605
28,5605
44,5605
47,5607
14,5608
33,5608
2,5609
4,5609
3,5610
38,5610
2,5612
12,5612
48,5612
1,5614
34,5614
1,5615
2,5616
18,5616
34,5616
39,5616
2,5617
1,5618
2,5619
38,5620
34,5621
11,5622
21,5625
29,5625
11,5626
36,5626
8,5627
39,5629
46,5630
27,5632
35,5632
33,5633
49,5634
47,5637
30,5640
50,5645
20,5645
37,5645
48,5646
9,5647
24,5648
8,5649
23,5651
22,5652
34,5653
40,5653
26,5655
36,5655
48,5656
1,5657
1,5658
33,5660
37,5660
2,5661
12,5661
38,5661
1,5662
39,5662
2,5663
14,5663
19,5663
2,5665
13,5665
22,5668
27,5670
30,5671
41,5672
10,5673
12,5673
22,5675
28,5676
39,5676
27,5679
3,5680
7,5680
5,5681
5,5682
12,5682
22,5683
42,5683
4,5684
7,5684
3,5685
16,5685
28,5685
4,5686
34,5687
42,5689
49,5691
12,5692
19,5692
32,5692
34,5694
13,5695
14,5695
23,5695
11,5696
14,5696
32,5696
24,5697
10,5699
23,5699
29,5699
9,5700
28,5703
20,5705
31,5705
13,5707
34,5707
41,5709
6,5710
47,5710
43,5711
6,5714
24,5715
3,5718
41,5718
4,5719
4,5720
12,5720
37,5722
16,5724
50,5725
14,5726
29,5727
24,5728
3,5729
5,5730
25,5730
5,5732
20,5732
43,5733
48,5733
36,5734
32,5735
19,5736
16,5737
36,5740
13,5741
47,5743
11,5744
16,5745
49,5745
41,5746
1,5747
20,5747
2,5748
37,5748
1,5750
45,5750
46,5750
3,5751
34,5751
45,5751
2,5752
5,5752
1,5753
13,5753
42,5753
2,5755
5,5755
50,5756
4,5756
4,5757
3,5759
11,5761
22,5761
1,5764
39,5764
43,5764
11,5765
25,5765
3,5766
4,5767
37,5767
50,5768
5,5768
1,5769
3,5769
48,5769
2,5770
16,5770
2,5771
46,5771
1,5772
33,5772
2,5773
4,5773
40,5773
45,5773
48,5773
48,5775
15,5776
5,5777
7,5777
8,5777
13,5778
27,5778
36,5779
1,5780
2,5781
1,5783
15,5783
45,5783
49,5783
22,5784
1,5785
2,5785
29,5785
32,5785
27,5786
1,5787
2,5788
14,5789
6,5792
7,5792
23,5793
25,5793
41,5793
6,5795
50,5796
49,5796
1,5798
40,5798
23,5799
49,5799
33,5800
1,5802
33,5803
25,5804
47,5804
2,5805
22,5805
24,5805
32,5806
1,5807
6,5807
29,5807
37,5810
48,5811
2,5812
24,5812
2,5813
17,5813
46,5813
19,5815
4,5816
20,5816
47,5816
37,5817
15,5818
34,5819
45,5819
12,5823
1,5826
48,5826
29,5827
50,5828
13,5828
34,5829
49,5830
31,5831
42,5831
48,5831
1,5832
46,5832
2,5834
32,5834
39,5834
16,5835
29,5835
18,5838
2,5839
26,5840
1,5842
12,5842
2,5843
13,5843
32,5846
16,5847
12,5848
23,5848
43,5849
3,5850
4,5851
29,5852
37,5852
37,5854
5,5855
4,5856
25,5857
16,5858
14,5859
31,5860
4,5861
5,5862
12,5862
43,5862
2,5863
3,5863
41,5863
23,5864
32,5865
36,5865
12,5866
41,5867
18,5868
50,5871
20,5871
39,5874
17,5877
17,5878
27,5878
36,5878
5,5883
6,5885
1,5887
45,5887
33,5888
40,5888
1,5889
16,5889
44,5889
35,5891
2,5892
3,5892
11,5892
38,5892
23,5893
1,5894
4,5894
6,5894
19,5894
4,5895
5,5896
3,5897
43,5897
45,5897
2,5898
5,5898
6,5898
2,5899
16,5899
27,5900
37,5900
29,5901
45,5901
39,5902
6,5903
26,5904
22,5908
34,5912
27,5913
28,5914
1,5915
34,5915
37,5915
27,5917
12,5918
23,5918
18,5922
19,5923
23,5924
43,5924
48,5925
46,5928
18,5930
16,5931
25,5932
40,5934
3,5935
5,5935
4,5936
20,5938
3,5939
31,5939
5,5940
8,5940
14,5940
39,5940
46,5940
5,5944
30,5944
44,5944
4,5945
28,5945
34,5946
35,5947
1,5948
2,5949
1,5950
48,5950
18,5951
1,5952
28,5952
2,5953
10,5953
2,5954
23,5954
6,5955
13,5955
21,5956
34,5957
16,5958
12,5959
45,5961
6,5962
48,5962
42,5963
41,5967
7,5970
21,5970
41,5970
45,5971
14,5972
44,5972
5,5973
17,5973
27,5973
26,5974
6,5975
50,5976
4,5977
48,5978
14,5980
3,5982
19,5982
4,5983
4,5984
32,5984
49,5984
3,5985
7,5985
8,5985
27,5985
38,5985
5,5986
5,5987
27,5987
41,5987
7,5988
29,5988
3,5989
4,5991
29,5991
3,5992
46,5992
4,5993
16,5993
5,5994
19,5995
22,5997
14,5998
34,5998
24,6000
5,6005
11,6005
27,6005
10,6007
48,6007
27,6009
36,6009
41,6010
9,6011
11,6011
28,6014
45,6015
38,6017
18,6020
15,6024
7,6025
21,6025
47,6025
31,6026
1,6028
43,6029
40,6030
1,6031
2,6033
3,6034
4,6035
21,6036
42,6036
4,6038
34,6038
2,6040
1,6041
21,6042
2,6043
5,6043
15,6043
3,6044
5,6045
38,6048
44,6048
16,6052
34,6052
1,6054
25,6056
45,6058
23,6060
41,6061
17,6063
22,6063
37,6064
20,6067
9,6068
49,6068
31,6069
42,6070
36,6073
49,6074
19,6079
23,6079
13,6082
27,6082
23,6083
3,6084
38,6086
5,6087
46,6087
4,6089
7,6089
37,6089
4,6090
5,6091
3,6093
19,6093
30,6095
27,6096
47,6098
7,6099
24,6099
21,6100
1,6103
2,6104
44,6105
1,6106
48,6106
1,6107
13,6107
32,6107
2,6108
21,6108
28,6108
2,6109
39,6109
23,6110
11,6113
12,6113
6,6115
39,6116
3,6119
7,6120
14,6121
38,6122
12,6124
14,6124
21,6124
43,6125
14,6130
37,6130
45,6130
26,6131
40,6131
39,6132
3,6133
24,6133
5,6134
10,6134
5,6135
43,6135
4,6136
22,6136
3,6137
13,6137
35,6137
14,6139
4,6141
24,6143
30,6143
46,6143
35,6146
48,6146
3,6147
44,6148
29,6149
41,6150
13,6151
11,6152
23,6152
31,6152
49,6152
37,6153
9,6155
45,6155
11,6156
49,6156
41,6157
46,6157
12,6158
5,6159
24,6159
4,6160
22,6160
45,6160
23,6161
48,6161
5,6163
28,6163
36,6163
3,6164
21,6164
42,6164
44,6164
23,6166
18,6167
36,6167
23,6168
32,6168
4,6169
21,6170
47,6171
6,6172
28,6172
11,6175
9,6176
31,6177
35,6179
13,6180
29,6181
15,6182
34,6182
40,6184
38,6186
13,6190
13,6191
3,6192
9,6192
15,6192
5,6193
42,6193
46,6193
4,6196
36,6196
41,6196
26,6197
4,6199
16,6199
19,6199
26,6199
22,6200
28,6200
37,6200
48,6200
3,6201
14,6201
8,6203
5,6204
36,6204
18,6205
23,6206
38,6206
25,6207
33,6207
38,6207
47,6207
25,6210
9,6211
16,6211
19,6212
25,6212
12,6213
3,6215
4,6216
49,6216
5,6217
22,6217
1,6218
4,6218
3,6219
14,6219
21,6220
39,6221
5,6222
37,6222
12,6223
26,6224
22,6227
41,6228
45,6228
23,6229
26,6230
31,6230
16,6232
30,6232
3,6235
26,6236
22,6237
14,6241
48,6241
8,6242
24,6242
19,6243
48,6243
7,6244
31,6244
20,6246
33,6249
21,6250
27,6250
35,6250
12,6251
9,6253
32,6254
8,6256
19,6256
1,6257
44,6257
12,6258
22,6258
6,6259
29,6260
37,6261
7,6262
8,6262
1,6263
36,6263
49,6263
2,6264
1,6265
6,6265
2,6266
2,6267
43,6267
49,6267
13,6268
1,6269
20,6269
34,6269
32,6270
32,6271
46,6271
46,6272
2,6273
1,6274
9,6274
2,6275
1,6276
2,6277
25,6277
24,6279
4,6281
14,6281
11,6283
43,6283
22,6284
27,6284
17,6286
26,6286
39,6288
47,6288
39,6291
13,6292
44,6294
9,6296
23,6296
20,6297
34,6300
3,6301
6,6301
12,6302
5,6303
6,6303
20,6304
45,6304
4,6305
28,6305
29,6305
21,6306
42,6306
24,6307
30,6307
4,6308
20,6308
13,6309
16,6309
5,6310
19,6310
50,6312
37,6312
46,6312
3,6315
14,6317
36,6317
20,6318
15,6319
3,6320
2,6321
4,6321
23,6321
5,6322
37,6322
13,6324
5,6326
46,6327
3,6331
26,6331
4,6332
12,6332
17,6332
50,6333
1,6333
31,6333
40,6333
3,6334
19,6334
1,6335
2,6336
1,6337
33,6337
20,6338
2,6339
26,6339
38,6339
2,6340
10,6340
20,6342
47,6343
20,6344
17,6345
19,6345
29,6345
45,6345
46,6345
3,6346
36,6346
4,6347
21,6347
49,6347
5,6348
23,6349
27,6349
29,6349
36,6351
30,6352
44,6352
5,6353
29,6354
4,6356
1,6359
10,6359
37,6359
3,6360
2,6361
1,6362
7,6362
32,6363
2,6364
14,6364
17,6365
1,6366
26,6366
2,6367
2,6369
46,6370
14,6371
34,6371
13,6373
27,6373
40,6373
35,6374
45,6374
45,6377
8,6378
14,6378
41,6378
16,6380
49,6380
23,6382
42,6383
31,6386
8,6387
14,6387
23,6387
46,6389
11,6390
33,6390
49,6390
8,6391
18,6391
1,6393
11,6393
47,6393
32,6394
22,6395
28,6395
20,6396
34,6397
2,6399
13,6399
28,6399
42,6399
1,6400
2,6401
23,6402
1,6403
37,6403
2,6404
24,6404
36,6408
50,6410
13,6410
1,6411
34,6412
17,6413
1,6414
1,6415
27,6415
36,6415
2,6416
31,6416
1,6417
38,6417
2,6420
2,6421
46,6421
15,6422
20,6422
2,6424
12,6424
18,6424
23,6425
7,6426
28,6426
11,6428
29,6428
43,6428
50,6433
1,6433
6,6433
15,6433
26,6433
35,6434
36,6435
49,6436
35,6437
4,6439
6,6439
26,6439
19,6445
39,6447
16,6448
21,6449
20,6450
38,6450
24,6452
39,6452
13,6457
47,6459
24,6460
26,6460
6,6461
17,6462
43,6463
24,6464
36,6464
49,6465
16,6466
39,6466
13,6467
32,6468
36,6469
8,6472
22,6473
45,6473
50,6475
36,6475
11,6477
47,6477
18,6478
7,6480
9,6483
15,6483
36,6483
14,6484
27,6484
11,6485
50,6488
21,6488
29,6489
34,6489
39,6491
41,6491
39,6492
27,6493
38,6493
47,6493
13,6494
23,6496
7,6497
45,6500
1,6503
21,6503
28,6503
31,6503
2,6504
46,6504
1,6505
21,6505
35,6505
1,6506
8,6506
23,6506
2,6507
2,6509
18,6509
32,6509
17,6510
27,6510
19,6513
43,6518
7,6521
9,6521
16,6522
49,6522
17,6523
24,6524
11,6526
3,6528
5,6530
18,6530
1,6532
4,6532
23,6532
1,6533
27,6533
2,6534
3,6534
49,6535
5,6537
34,6537
2,6538
4,6538
35,6539
1,6540
13,6540
16,6540
2,6541
11,6544
44,6544
16,6545
14,6546
40,6546
26,6547
1,6549
13,6549
29,6549
2,6550
28,6551
3,6552
11,6552
1,6553
2,6553
5,6553
7,6553
16,6553
4,6554
5,6556
2,6557
4,6558
1,6559
3,6559
17,6559
20,6559
30,6559
3,6561
2,6562
5,6563
38,6563
4,6564
30,6564
33,6564
4,6565
5,6566
18,6567
3,6568
29,6569
6,6573
20,6577
22,6577
1,6578
27,6578
1,6579
16,6579
2,6580
3,6580
1,6581
4,6581
12,6581
30,6581
48,6581
3,6582
8,6582
2,6583
4,6583
8,6583
44,6583
13,6584
49,6584
2,6585
5,6587
19,6587
36,6587
11,6588
36,6589
5,6590
9,6590
17,6590
48,6591
31,6596
9,6598
32,6600
1,6602
16,6602
26,6602
2,6604
10,6605
33,6605
50,6606
1,6606
49,6606
12,6607
30,6607
2,6608
20,6609
1,6610
45,6610
46,6610
2,6611
5,6611
22,6611
6,6612
18,6613
25,6613
28,6616
18,6617
50,6619
41,6621
11,6622
31,6622
48,6622
16,6623
45,6623
40,6624
42,6624
9,6625
15,6625
31,6627
41,6627
20,6628
33,6628
47,6628
29,6629
19,6630
6,6633
6,6634
33,6634
9,6637
45,6638
8,6640
35,6641
13,6642
11,6643
19,6643
11,6644
7,6645
29,6645
39,6645
42,6647
3,6648
4,6649
35,6649
47,6649
48,6649
5,6651
20,6651
3,6652
4,6653
44,6654
48,6654
5,6655
20,6657
30,6657
45,6657
34,6658
42,6658
1,6661
1,6662
31,6662
38,6662
2,6664
2,6665
23,6666
43,6666
1,6667
29,6667
2,6668
17,6668
41,6668
15,6669
34,6670
1,6673
25,6673
41,6673
1,6674
44,6674
2,6675
9,6675
33,6675
48,6675
2,6676
12,6676
1,6677
37,6678
45,6678
2,6679
31,6679
38,6679
30,6684
23,6687
34,6688
47,6689
10,6690
15,6692
12,6693
34,6693
13,6694
47,6694
15,6695
22,6695
37,6695
12,6699
33,6699
35,6699
27,6703
27,6706
16,6708
25,6708
40,6709
8,6711
3,6712
18,6713
49,6713
4,6714
48,6714
22,6715
3,6716
4,6717
5,6718
40,6718
11,6720
23,6721
29,6721
34,6722
5,6723
14,6723
17,6723
41,6723
6,6724
42,6725
18,6727
48,6728
20,6731
27,6731
21,6734
11,6735
16,6735
25,6735
34,6735
35,6736
43,6740
6,6742
45,6742
35,6743
37,6745
40,6745
42,6746
16,6748
1,6750
15,6750
2,6751
48,6751
3,6753
1,6754
40,6755
2,6756
13,6756
43,6756
45,6756
1,6757
3,6758
20,6758
2,6759
5,6760
16,6760
21,6760
4,6761
8,6761
13,6761
3,6762
5,6763
20,6763
23,6763
4,6764
15,6765
29,6765
19,6767
8,6768
24,6770
7,6773
9,6774
43,6775
22,6776
7,6778
38,6779
39,6780
1,6781
14,6781
29,6781
33,6781
34,6781
38,6781
2,6782
6,6782
1,6784
2,6785
9,6785
12,6786
30,6787
1,6788
23,6788
2,6789
45,6790
30,6793
24,6794
8,6797
9,6798
36,6799
9,6800
2,6801
16,6803
36,6803
22,6805
41,6805
23,6807
39,6807
47,6807
49,6807
24,6809
12,6810
43,6811
40,6812
25,6813
3,6814
43,6814
9,6815
29,6815
4,6816
42,6816
23,6817
31,6817
12,6819
25,6819
36,6819
5,6820
21,6820
26,6820
45,6820
50,6821
3,6822
7,6822
5,6823
8,6823
4,6824
11,6825
43,6828
21,6829
31,6829
3,6830
22,6830
24,6831
30,6831
1,6832
44,6832
48,6832
2,6834
9,6834
41,6834
4,6835
1,6836
45,6836
4,6837
5,6837
26,6837
31,6837
2,6839
15,6840
16,6840
35,6840
48,6840
1,6841
4,6841
49,6841
2,6842
5,6842
10,6847
22,6847
3,6848
10,6848
5,6849
32,6849
44,6849
39,6850
26,6851
14,6853
30,6853
38,6853
48,6855
19,6857
1,6859
43,6859
46,6859
8,6860
1,6861
36,6861
41,6861
1,6862
2,6863
47,6863
3,6864
14,6864
5,6866
12,6866
2,6867
5,6867
1,6868
4,6868
20,6869
27,6869
41,6869
2,6870
28,6870
26,6871
1,6872
3,6872
4,6873
11,6873
1,6874
24,6874
25,6875
2,6876
16,6876
28,6877
18,6878
46,6878
2,6879
17,6879
1,6880
9,6881
37,6881
45,6881
35,6883
43,6884
2,6885
32,6886
32,6888
3,6891
9,6891
21,6891
22,6891
32,6891
8,6892
38,6892
5,6893
30,6893
4,6894
27,6894
43,6894
46,6894
5,6895
15,6896
44,6896
4,6897
14,6897
3,6898
1,6899
43,6900
26,6901
2,6902
7,6902
1,6903
1,6905
35,6907
7,6908
33,6908
2,6909
24,6909
2,6910
26,6910
27,6912
12,6914
11,6915
48,6915
6,6919
9,6920
19,6920
30,6920
7,6922
4,6923
20,6923
21,6924
26,6924
29,6925
3,6926
5,6927
14,6927
47,6927
29,6929
45,6930
21,6931
28,6931
30,6931
31,6933
41,6933
47,6936
39,6937
7,6938
24,6938
25,6938
44,6938
9,6939
5,6940
4,6942
3,6943
18,6943
19,6943
4,6945
27,6945
45,6945
21,6948
29,6948
44,6948
9,6950
27,6951
30,6951
9,6952
1,6955
7,6955
23,6955
28,6955
2,6956
1,6957
15,6957
1,6958
30,6958
2,6959
3,6959
17,6960
2,6961
29,6962
39,6963
4,6964
36,6964
40,6965
5,6966
13,6967
39,6967
41,6967
3,6968
11,6968
14,6968
18,6968
5,6969
16,6970
4,6971
10,6971
10,6972
49,6975
3,6976
22,6976
35,6976
4,6977
16,6977
30,6977
39,6977
3,6978
4,6978
43,6978
5,6979
11,6979
43,6979
1,6980
10,6980
3,6981
13,6981
38,6981
1,6982
5,6982
34,6982
2,6983
1,6984
8,6984
15,6984
2,6985
2,6986
42,6987
12,6988
16,6989
50,6990
32,6990
40,6990
10,6994
20,6994
4,6995
42,6995
29,6996
34,6996
30,6997
15,6998
31,7001
44,7001
43,7004
46,7004
33,7005
30,7006
32,7009
32,7010
18,7011
14,7012
32,7014
48,7014
11,7016
24,7017
9,7018
33,7018
7,7019
25,7021
33,7021
50,7024
1,7024
20,7024
28,7024
35,7026
37,7027
17,7028
23,7028
31,7028
1,7029
2,7030
19,7030
2,7031
12,7031
1,7032
20,7032
2,7033
36,7033
10,7034
42,7034
32,7035
35,7035
1,7036
16,7036
1,7037
13,7037
16,7037
25,7037
2,7038
39,7039
2,7041
1,7042
20,7042
16,7043
2,7044
15,7044
34,7045
22,7046
40,7048
45,7050
16,7051
22,7051
44,7051
41,7052
19,7053
21,7053
30,7053
30,7054
35,7054
6,7055
9,7055
10,7055
7,7056
37,7056
29,7061
28,7063
40,7063
17,7064
20,7064
28,7065
1,7067
8,7067
32,7068
26,7069
47,7069
12,7070
44,7070
21,7071
26,7071
46,7071
19,7073
40,7073
3,7074
49,7075
4,7076
9,7076
4,7077
3,7078
14,7078
45,7078
48,7078
5,7079
48,7080
5,7083
6,7083
44,7083
46,7083
1,7085
11,7085
1,7087
9,7087
2,7088
48,7088
17,7089
34,7090
39,7090
1,7092
2,7093
22,7094
35,7094
2,7095
18,7095
13,7096
15,7096
37,7096
20,7097
30,7097
13,7098
29,7098
14,7099
47,7099
9,7101
41,7102
45,7102
41,7103
9,7104
34,7105
42,7106
12,7107
39,7109
50,7111
6,7116
16,7119
39,7121
13,7122
17,7122
47,7122
48,7124
16,7126
36,7127
38,7127
40,7130
47,7131
17,7132
34,7132
40,7132
3,7136
29,7137
13,7144
4,7147
50,7148
3,7148
43,7148
38,7150
15,7151
30,7151
4,7152
24,7152
5,7153
49,7153
8,7154
40,7154
23,7156
5,7157
29,7157
50,7158
3,7158
9,7159
4,7160
9,7163
42,7163
28,7164
6,7165
42,7165
46,7166
26,7176
33,7176
6,7177
34,7178
46,7179
29,7181
32,7181
12,7182
31,7183
40,7184
46,7185
14,7187
43,7187
12,7189
15,7189
27,7190
41,7190
24,7191
28,7191
37,7192
12,7194
13,7195
35,7195
28,7196
36,7199
14,7202
38,7202
46,7202
22,7206
27,7207
39,7209
22,7210
22,7213
24,7213
11,7216
18,7217
3,7222
45,7222
4,7223
18,7223
3,7224
4,7224
33,7224
4,7227
40,7227
7,7228
5,7229
6,7229
24,7229
5,7230
7,7230
15,7230
22,7230
16,7235
46,7235
26,7236
13,7239
31,7239
24,7241
18,7242
1,7243
46,7244
30,7245
37,7246
1,7247
10,7248
38,7250
30,7251
36,7251
2,7252
21,7252
1,7253
8,7253
2,7256
9,7257
44,7257
36,7258
2,7259
16,7259
27,7261
36,7261
19,7262
18,7263
36,7263
41,7263
49,7266
45,7267
30,7268
50,7269
27,7269
34,7270
40,7270
20,7272
22,7273
34,7273
46,7273
13,7274
17,7274
30,7274
44,7274
17,7275
32,7275
12,7278
3,7279
11,7279
13,7280
19,7281
45,7281
4,7282
1,7283
2,7283
5,7283
18,7283
26,7283
4,7284
2,7285
5,7285
37,7285
1,7286
48,7286
2,7287
13,7287
3,7288
29,7288
43,7288
25,7289
9,7290
44,7290
11,7291
1,7292
27,7292
2,7293
50,7295
3,7295
11,7295
5,7296
4,7297
20,7297
4,7298
5,7299
14,7299
45,7299
47,7299
16,7300
18,7300
22,7300
34,7300
44,7300
3,7301
5,7302
35,7302
16,7303
50,7304
32,7305
15,7308
33,7310
33,7311
16,7312
21,7312
36,7313
12,7314
26,7314
14,7315
16,7316
38,7316
44,7316
13,7317
24,7320
34,7320
36,7320
43,7320
37,7321
17,7322
16,7323
25,7323
11,7324
8,7325
16,7325
17,7327
29,7327
41,7329
18,7330
41,7330
50,7331
37,7332
38,7333
36,7334
32,7335
34,7336
41,7336
32,7338
19,7339
48,7340
12,7342
29,7342
30,7342
46,7342
29,7343
17,7350
20,7353
20,7354
28,7354
35,7356
40,7357
50,7359
12,7359
32,7359
28,7360
30,7363
30,7366
49,7366
29,7367
25,7368
21,7369
22,7370
29,7372
39,7372
46,7372
16,7374
38,7374
44,7376
12,7378
44,7378
46,7378
31,7379
37,7379
34,7380
47,7380
18,7381
27,7381
25,7384
44,7384
13,7385
18,7385
41,7385
39,7386
30,7391
46,7391
15,7392
6,7395
15,7395
35,7397
44,7397
35,7399
49,7399
18,7400
40,7400
14,7401
15,7401
44,7401
44,7402
11,7403
29,7403
35,7406
3,7407
17,7408
27,7408
47,7410
4,7411
26,7411
4,7412
48,7412
5,7413
5,7415
19,7415
44,7416
3,7417
23,7417
17,7418
24,7418
27,7421
45,7426
50,7429
24,7429
16,7430
43,7431
24,7434
31,7434
7,7435
21,7435
23,7437
6,7439
28,7439
33,7439
17,7440
28,7440
7,7442
14,7442
42,7442
45,7442
1,7443
7,7443
2,7444
37,7444
13,7446
19,7446
27,7446
28,7446
39,7446
1,7447
3,7447
5,7448
49,7448
2,7449
4,7450
50,7452
1,7452
14,7452
31,7452
3,7453
21,7453
48,7453
2,7454
31,7454
4,7455
10,7455
13,7455
12,7458
10,7460
11,7460
39,7461
22,7462
41,7462
48,7463
6,7464
28,7464
5,7465
1,7468
3,7468
14,7468
18,7469
1,7470
4,7470
36,7471
2,7472
2,7473
5,7473
23,7474
50,7475
5,7475
41,7475
47,7475
1,7476
4,7476
42,7476
44,7476
2,7478
3,7478
33,7480
18,7481
40,7481
46,7482
18,7483
1,7484
1,7485
33,7486
3,7487
22,7487
27,7487
43,7487
2,7488
30,7488
1,7489
5,7489
42,7489
2,7490
4,7490
2,7491
5,7491
39,7491
4,7492
5,7493
19,7493
42,7493
3,7494
34,7494
47,7494
5,7495
42,7496
50,7498
7,7498
8,7499
28,7499
40,7499
6,7501
23,7501
31,7502
32,7504
19,7508
10,7511
29,7516
7,7517
40,7519
44,7520
19,7521
40,7521
22,7522
3,7524
42,7524
12,7525
35,7526
4,7527
3,7528
23,7529
50,7530
5,7530
37,7530
43,7530
48,7530
18,7531
24,7531
23,7533
10,7534
31,7534
4,7535
10,7535
22,7537
5,7538
37,7538
5,7539
47,7540
44,7542
30,7543
50,7544
3,7544
14,7544
4,7545
5,7546
3,7547
27,7547
4,7548
39,7548
50,7549
19,7549
5,7550
28,7552
41,7552
13,7554
6,7555
41,7555
14,7556
33,7558
15,7560
1,7561
21,7561
22,7561
24,7561
29,7561
19,7562
34,7562
48,7562
2,7563
3,7563
1,7564
2,7565
22,7565
4,7566
3,7567
5,7568
15,7568
43,7568
33,7569
1,7570
7,7570
2,7572
25,7572
47,7573
4,7574
25,7574
44,7574
5,7575
25,7576
27,7577
45,7578
8,7579
31,7579
20,7580
20,7581
1,7585
44,7586
47,7586
12,7587
27,7587
50,7588
35,7588
15,7589
33,7589
38,7589
50,7590
1,7591
32,7592
50,7593
2,7593
38,7593
1,7594
2,7595
37,7595
40,7595
3,7596
33,7596
48,7596
2,7597
12,7597
9,7598
23,7598
31,7598
4,7599
33,7599
48,7600
10,7601
1,7602
5,7602
1,7603
5,7603
45,7603
50,7604
2,7604
3,7604
24,7604
2,7605
4,7605
42,7605
1,7606
13,7606
2,7608
9,7611
35,7613
31,7614
38,7614
15,7615
50,7616
1,7616
2,7617
1,7618
43,7618
2,7619
1,7620
22,7620
2,7622
41,7624
7,7627
10,7628
33,7629
38,7629
1,7630
38,7630
38,7631
2,7632
18,7633
1,7634
9,7635
29,7635
42,7635
10,7637
2,7639
1,7640
21,7640
2,7641
28,7641
34,7643
37,7643
36,7645
29,7646
28,7647
33,7647
42,7648
48,7650
31,7651
36,7651
45,7655
18,7656
45,7657
19,7658
14,7664
31,7666
19,7671
36,7677
38,7678
1,7680
21,7680
1,7681
18,7681
26,7682
45,7683
34,7684
20,7685
22,7685
31,7685
47,7685
2,7686
4,7686
45,7687
20,7689
1,7691
11,7691
13,7691
12,7692
14,7693
2,7694
6,7694
2,7695
6,7696
50,7697
21,7697
28,7697
44,7697
14,7705
50,7706
3,7708
22,7709
8,7710
4,7711
32,7711
1,7712
5,7712
35,7712
4,7713
2,7714
3,7714
1,7715
5,7715
2,7716
18,7716
33,7716
1,7717
10,7717
13,7717
29,7717
2,7718
17,7718
48,7718
43,7719
1,7720
7,7720
11,7720
31,7720
2,7721
37,7722
48,7722
41,7723
1,7724
23,7724
37,7724
2,7725
32,7725
1,7726
39,7727
2,7728
28,7728
1,7729
30,7729
23,7730
48,7730
2,7731
3,7732
35,7732
5,7733
1,7734
4,7734
24,7734
32,7734
40,7734
2,7735
3,7735
5,7736
48,7736
6,7738
17,7738
29,7738
15,7739
23,7739
1,7740
4,7741
44,7741
2,7742
11,7742
20,7744
30,7745
30,7747
2,7748
11,7749
25,7750
39,7750
12,7752
35,7753
46,7753
14,7754
37,7754
18,7755
18,7757
10,7758
18,7759
49,7759
3,7760
21,7760
4,7761
30,7761
40,7761
22,7762
48,7762
5,7763
47,7763
12,7764
28,7764
5,7765
17,7766
45,7766
47,7766
3,7767
4,7768
7,7768
43,7770
50,7771
12,7772
13,7772
25,7772
43,7772
48,7772
45,7774
6,7777
24,7777
36,7777
1,7778
2,7780
39,7780
21,7781
37,7781
10,7782
16,7782
21,7782
35,7782
1,7783
19,7783
1,7784
10,7784
46,7784
2,7785
2,7786
17,7786
25,7786
39,7786
3,7788
13,7788
36,7789
5,7790
4,7791
1,7792
3,7792
24,7792
35,7792
37,7792
1,7793
19,7793
2,7794
4,7794
2,7795
5,7795
44,7795
22,7796
35,7796
1,7798
2,7799
1,7805
12,7805
17,7805
2,7806
1,7807
1,7808
2,7809
26,7809
30,7809
2,7810
46,7810
46,7811
48,7812
44,7813
44,7814
12,7815
22,7816
33,7817
13,7818
26,7818
13,7821
20,7822
27,7823
3,7824
45,7824
20,7825
35,7825
4,7826
7,7826
32,7826
3,7827
49,7827
4,7828
19,7828
49,7829
33,7830
6,7831
5,7832
18,7832
25,7832
5,7833
26,7833
47,7835
8,7836
1,7837
37,7837
1,7838
21,7838
24,7839
2,7840
27,7840
48,7840
2,7841
38,7843
24,7844
1,7845
12,7845
15,7845
2,7846
23,7848
24,7848
44,7848
9,7850
40,7851
11,7852
22,7852
36,7853
35,7855
25,7857
50,7858
35,7859
15,7860
18,7863
24,7865
19,7866
30,7866
10,7867
7,7868
42,7868
31,7872
35,7872
45,7872
1,7873
40,7873
45,7873
2,7874
31,7874
1,7875
2,7876
10,7876
31,7876
1,7877
2,7881
40,7884
21,7886
5,7888
15,7888
10,7890
12,7890
27,7890
24,7891
50,7893
11,7893
50,7895
21,7895
28,7896
15,7898
31,7898
42,7900
7,7902
43,7902
23,7906
42,7908
48,7909
17,7910
1,7911
22,7911
1,7912
31,7912
2,7913
17,7913
2,7916
3,7916
1,7917
10,7917
2,7919
4,7919
43,7919
41,7920
4,7921
5,7922
17,7922
27,7922
40,7922
3,7923
35,7924
5,7925
19,7925
38,7926
42,7927
50,7928
35,7928
38,7928
32,7930
15,7931
32,7931
20,7932
26,7933
37,7933
22,7936
30,7936
34,7936
37,7936
20,7937
12,7940
34,7940
46,7940
41,7941
18,7942
29,7942
45,7942
9,7943
17,7943
22,7943
1,7945
50,7946
2,7947
22,7947
36,7948
15,7949
6,7950
1,7951
29,7951
36,7951
2,7952
19,7952
50,7955
15,7955
1,7956
12,7956
27,7956
18,7957
1,7959
7,7959
44,7959
2,7960
14,7960
16,7960
19,7960
13,7961
27,7963
3,7967
36,7967
5,7968
5,7969
47,7969
9,7970
39,7970
4,7973
41,7973
4,7974
42,7976
3,7977
29,7978
9,7979
15,7979
46,7979
42,7980
1,7982
38,7984
33,7985
2,7986
17,7986
21,7986
24,7986
1,7987
1,7988
20,7988
34,7988
2,7989
37,7990
2,7991
22,7992
36,7992
42,7992
44,7992
25,7994
16,7997
19,7997
29,7998
28,7999
34,8000
20,8001
37,8005
20,8006
21,8007
13,8009
46,8011
24,8012
27,8012
19,8014
15,8018
29,8018
36,8021
50,8026
39,8027
6,8028
47,8028
18,8029
36,8029
14,8030
44,8030
4,8031
47,8032
5,8033
40,8033
14,8034
15,8034
1,8036
22,8036
33,8036
30,8037
33,8037
1,8039
19,8039
2,8041
31,8041
2,8042
1,8043
14,8043
19,8044
44,8044
2,8045
35,8045
43,8045
4,8046
45,8046
46,8046
5,8048
11,8049
15,8050
37,8050
48,8050
49,8050
21,8052
34,8052
47,8052
37,8053
39,8053
25,8055
9,8058
11,8062
16,8062
49,8062
21,8064
17,8066
50,8067
36,8067
18,8068
18,8070
10,8071
24,8073
29,8073
6,8079
14,8079
1,8081
15,8082
32,8082
29,8083
7,8085
45,8086
48,8086
21,8087
34,8087
11,8090
19,8091
23,8092
23,8093
13,8094
27,8094
33,8094
5,8095
30,8095
36,8095
15,8097
44,8097
31,8098
19,8100
46,8100
1,8104
43,8104
2,8105
37,8105
45,8105
1,8106
30,8106
46,8106
8,8108
12,8108
2,8110
43,8111
1,8112
20,8113
2,8114
3,8114
42,8114
4,8115
8,8115
12,8115
31,8115
5,8116
7,8116
50,8117
3,8118
5,8119
21,8120
30,8120
40,8120
4,8121
9,8121
36,8121
3,8122
28,8122
4,8123
17,8123
38,8123
15,8124
23,8124
5,8125
14,8125
24,8125
3,8126
43,8126
4,8127
6,8127
24,8127
35,8127
39,8127
10,8128
5,8129
17,8129
25,8129
30,8131
36,8132
39,8132
37,8133
48,8133
6,8134
33,8135
29,8137
17,8138
25,8138
16,8141
34,8142
1,8143
10,8143
2,8145
28,8145
41,8145
26,8146
1,8147
15,8149
11,8150
33,8150
46,8152
50,8153
1,8153
37,8153
2,8154
19,8154
2,8156
21,8156
35,8157
36,8161
45,8162
50,8163
9,8163
20,8168
22,8168
23,8168
37,8168
31,8169
33,8170
34,8170
41,8172
43,8172
47,8172
1,8173
23,8175
6,8176
10,8176
21,8176
2,8177
43,8177
46,8177
48,8177
49,8177
3,8178
7,8178
39,8178
1,8179
5,8179
45,8179
1,8180
38,8180
2,8181
5,8181
2,8182
4,8183
14,8183
3,8184
7,8184
4,8185
10,8185
27,8185
45,8185
18,8186
6,8187
20,8189
38,8192
45,8195
7,8197
14,8198
27,8198
37,8198
29,8199
38,8199
19,8200
24,8202
47,8202
45,8203
15,8204
12,8206
1,8207
18,8207
33,8207
44,8207
1,8208
8,8208
44,8209
14,8210
39,8210
14,8211
41,8211
2,8212
34,8212
2,8213
9,8214
15,8214
1,8216
2,8217
49,8217
32,8220
2,8222
35,8223
43,8224
15,8225
38,8231
30,8232
1,8233
9,8234
1,8235
2,8236
8,8236
13,8238
28,8238
20,8240
37,8240
47,8240
20,8241
2,8242
1,8243
2,8243
46,8243
47,8243
2,8245
49,8245
3,8246
31,8247
25,8248
4,8249
13,8250
35,8250
5,8251
10,8251
36,8251
17,8252
37,8252
43,8253
34,8254
49,8254
24,8255
36,8255
32,8258
1,8259
2,8260
3,8260
22,8260
5,8261
42,8261
4,8262
7,8263
1,8264
25,8264
46,8264
1,8266
2,8266
1,8267
19,8267
2,8268
3,8268
26,8268
5,8269
45,8270
2,8271
4,8272
32,8272
47,8273
4,8274
26,8274
36,8274
5,8275
3,8276
18,8277
1,8280
7,8280
1,8281
2,8282
8,8282
9,8284
1,8286
12,8286
18,8286
2,8287
44,8287
13,8288
2,8290
24,8290
50,8292
3,8292
25,8292
4,8294
43,8294
5,8295
39,8295
8,8296
50,8297
5,8297
40,8297
4,8298
14,8298
41,8300
48,8300
3,8301
36,8301
14,8302
21,8303
22,8304
17,8308
3,8310
33,8311
5,8313
48,8313
49,8313
4,8314
8,8314
3,8315
4,8316
6,8319
45,8319
5,8321
49,8321
21,8322
6,8324
30,8325
37,8325
16,8326
23,8326
40,8326
26,8328
47,8329
14,8330
34,8331
39,8331
17,8333
27,8333
30,8333
34,8333
14,8334
21,8334
33,8335
18,8336
16,8341
33,8341
42,8341
27,8343
25,8346
26,8347
44,8347
16,8348
17,8348
20,8349
10,8350
29,8350
49,8350
48,8351
21,8352
23,8352
33,8352
48,8352
12,8354
33,8354
9,8355
50,8357
24,8359
30,8360
44,8360
21,8361
36,8361
47,8362
16,8364
37,8364
16,8365
37,8365
2,8366
23,8366
17,8367
15,8368
29,8368
11,8369
14,8369
17,8370
22,8372
21,8374
36,8374
13,8375
15,8377
24,8378
9,8379
21,8380
24,8380
36,8380
43,8382
13,8383
46,8383
16,8384
17,8384
10,8386
3,8387
18,8387
23,8387
24,8387
7,8388
29,8388
42,8388
1,8389
5,8389
5,8391
37,8391
34,8392
1,8393
4,8393
41,8393
3,8394
14,8395
2,8396
4,8396
24,8396
27,8397
2,8398
13,8400
1,8401
13,8401
9,8402
22,8402
35,8402
12,8403
20,8403
29,8403
35,8403
2,8404
41,8404
17,8405
11,8406
15,8406
48,8406
31,8408
41,8413
18,8414
35,8415
3,8418
40,8418
42,8419
5,8420
30,8422
4,8424
13,8424
1,8425
20,8426
4,8427
11,8427
14,8427
44,8427
45,8428
9,8429
8,8430
45,8431
3,8432
5,8433
8,8433
39,8433
49,8434
48,8435
3,8437
23,8438
4,8439
37,8440
47,8440
5,8441
41,8441
49,8441
18,8442
3,8443
49,8443
4,8444
15,8445
34,8445
45,8445
1,8446
2,8447
15,8447
1,8448
5,8448
40,8448
1,8450
28,8450
2,8451
26,8452
2,8453
50,8454
9,8455
14,8457
42,8457
3,8458
41,8458
42,8459
5,8461
19,8461
22,8462
39,8462
4,8463
43,8464
14,8465
4,8466
22,8466
32,8466
29,8467
26,8468
23,8469
5,8470
9,8470
34,8470
18,8471
24,8471
3,8472
13,8472
30,8472
33,8473
46,8473
3,8478
1,8479
8,8479
10,8479
14,8479
1,8480
19,8480
25,8481
47,8481
2,8482
5,8482
31,8482
5,8483
49,8483
1,8484
38,8484
2,8485
4,8485
9,8485
4,8486
2,8489
3,8490
3,8491
25,8492
46,8492
5,8493
5,8494
10,8494
21,8494
34,8494
40,8494
4,8495
3,8496
11,8498
4,8499
17,8501
50,8502
3,8502
6,8502
26,8504
9,8505
28,8505
34,8505
40,8505
4,8507
43,8507
1,8508
3,8508
1,8509
5,8509
50,8510
5,8511
27,8511
36,8511
40,8511
24,8512
30,8512
45,8512
2,8513
1,8514
4,8515
15,8515
2,8516
2,8519
20,8520
42,8520
34,8523
22,8528
35,8528
29,8530
41,8530
42,8530
26,8532
17,8534
34,8535
39,8535
8,8536
47,8537
10,8539
31,8539
34,8539
24,8540
3,8543
37,8543
14,8544
24,8544
17,8545
25,8547
26,8547
4,8548
48,8548
50,8549
5,8549
16,8549
31,8549
37,8549
5,8550
50,8552
4,8553
25,8553
29,8553
3,8555
35,8555
21,8556
21,8557
24,8559
8,8560
10,8560
7,8562
19,8566
1,8567
18,8567
12,8568
42,8568
17,8569
29,8569
43,8570
8,8572
27,8573
4,8574
8,8574
8,8577
43,8577
14,8578
17,8578
21,8578
24,8578
6,8581
39,8581
47,8582
23,8584
32,8585
42,8586
33,8587
46,8587
39,8590
45,8594
1,8595
4,8595
21,8601
44,8601
2,8603
45,8603
1,8604
11,8604
1,8606
4,8607
49,8607
9,8608
27,8610
9,8611
20,8611
26,8613
2,8614
10,8614
2,8615
25,8615
7,8616
20,8617
16,8618
40,8618
8,8619
45,8619
40,8620
20,8621
3,8623
48,8623
4,8624
21,8625
10,8628
15,8628
5,8630
4,8631
6,8631
19,8631
5,8632
26,8632
45,8633
3,8634
29,8637
39,8639
15,8640
21,8641
31,8641
33,8641
43,8642
27,8643
22,8644
3,8646
24,8646
49,8646
2,8648
4,8648
24,8649
38,8649
43,8649
3,8650
8,8650
5,8652
16,8652
23,8653
32,8653
5,8655
38,8655
22,8656
4,8657
15,8658
20,8658
23,8658
28,8658
6,8659
30,8660
29,8661
43,8661
19,8662
20,8662
1,8663
3,8663
8,8663
4,8664
3,8666
41,8667
32,8668
5,8670
21,8671
4,8672
27,8672
5,8673
45,8673
25,8674
6,8676
10,8678
24,8678
21,8679
9,8680
39,8680
11,8681
12,8683
38,8683
26,8685
48,8686
31,8688
29,8690
32,8692
45,8693
19,8694
23,8694
35,8695
1,8696
15,8696
1,8698
45,8698
2,8699
6,8699
49,8699
2,8700
1,8701
8,8701
2,8702
21,8703
32,8707
32,8710
5,8711
31,8711
37,8712
7,8714
3,8716
4,8717
7,8717
19,8717
29,8717
20,8718
22,8718
32,8718
1,8720
4,8720
49,8720
1,8721
28,8721
21,8722
2,8723
11,8723
2,8724
18,8724
1,8725
33,8725
2,8726
3,8726
4,8726
33,8726
5,8727
13,8727
5,8728
7,8728
15,8729
18,8729
29,8729
33,8729
21,8730
35,8731
19,8732
32,8732
38,8732
49,8733
8,8734
18,8737
6,8738
50,8740
1,8743
2,8744
40,8744
1,8745
6,8745
2,8746
47,8746
43,8748
50,8750
1,8752
7,8752
10,8752
2,8754
12,8754
26,8754
34,8754
21,8755
3,8756
4,8757
34,8757
10,8758
25,8759
42,8759
3,8760
14,8762
36,8762
5,8763
18,8763
50,8764
4,8765
38,8765
5,8768
20,8768
36,8768
9,8769
6,8770
32,8771
42,8772
33,8776
32,8778
16,8779
20,8782
4,8783
29,8783
30,8783
11,8784
47,8785
3,8786
4,8787
39,8787
48,8787
5,8788
3,8789
44,8789
15,8790
19,8790
5,8792
10,8792
4,8793
15,8793
11,8794
30,8794
43,8794
42,8795
46,8795
7,8797
15,8797
30,8797
11,8798
28,8798
34,8798
13,8799
13,8801
22,8801
35,8802
44,8806
20,8807
12,8810
36,8812
36,8813
50,8814
40,8814
35,8815
16,8816
25,8817
40,8817
34,8820
49,8820
41,8821
41,8822
48,8822
46,8824
48,8825
17,8827
49,8827
26,8828
36,8828
14,8829
26,8830
8,8834
24,8835
50,8837
39,8839
1,8840
29,8840
27,8841
2,8842
1,8843
42,8844
21,8845
40,8846
1,8847
3,8847
50,8848
4,8848
41,8848
4,8849
9,8850
31,8850
5,8851
22,8851
43,8851
2,8852
38,8852
41,8852
2,8853
3,8853
12,8853
1,8854
5,8854
49,8854
28,8855
50,8856
2,8857
1,8858
1,8859
8,8859
31,8859
44,8859
2,8861
2,8862
10,8862
40,8862
24,8864
14,8866
4,8868
46,8868
27,8872
37,8872
34,8873
18,8875
37,8876
41,8877
1,8878
19,8878
2,8879
26,8879
32,8879
12,8880
19,8882
1,8883
34,8883
1,8884
10,8884
16,8885
2,8886
3,8886
5,8887
22,8887
2,8888
11,8888
42,8889
4,8890
3,8891
4,8894
45,8894
25,8895
5,8896
43,8897
1,8898
33,8898
2,8900
28,8900
15,8902
36,8903
50,8904
1,8905
24,8905
2,8906
1,8907
2,8909
40,8910
25,8912
42,8913
8,8914
15,8915
17,8915
39,8917
18,8920
26,8922
38,8922
19,8924
12,8930
18,8932
11,8934
24,8934
49,8934
1,8935
23,8935
35,8936
40,8937
2,8940
28,8940
11,8941
41,8941
19,8942
20,8943
49,8944
32,8948
22,8949
1,8950
3,8950
1,8951
28,8952
2,8953
12,8953
42,8953
43,8953
5,8954
32,8954
2,8955
4,8955
1,8956
4,8956
9,8956
15,8956
3,8957
2,8958
5,8958
11,8958
44,8958
12,8960
48,8962
10,8964
39,8965
4,8966
8,8966
11,8967
32,8967
44,8969
3,8970
11,8970
48,8970
5,8972
7,8972
5,8973
4,8976
18,8976
38,8976
4,8977
49,8977
20,8978
3,8980
47,8980
11,8982
15,8982
28,8982
8,8984
9,8986
17,8986
9,8987
31,8987
50,8989
24,8989
6,8990
41,8990
43,8990
1,8991
41,8991
43,8991
34,8992
1,8993
45,8993
49,8993
37,8994
12,8995
2,8996
50,8997
2,8997
11,8997
18,8997
1,8998
46,8998
2,8999
3,9001
50,9002
1,9002
37,9002
44,9002
2,9003
5,9003
38,9003
3,9004
4,9004
34,9004
4,9005
43,9006
5,9007
8,9008
1,9009
3,9009
1,9012
2,9013
18,9013
2,9014
23,9015
21,9017
25,9017
11,9018
28,9018
24,9019
16,9021
7,9023
17,9026
31,9027
25,9030
43,9030
47,9031
22,9032
4,9033
14,9033
20,9033
28,9033
49,9033
42,9034
4,9036
13,9038
27,9038
50,9040
26,9040
26,9041
29,9042
30,9042
46,9044
47,9044
10,9045
22,9045
21,9046
41,9046
39,9049
12,9050
28,9051
15,9053
18,9053
38,9054
6,9055
13,9055
20,9056
3,9057
16,9057
4,9058
32,9058
48,9058
4,9059
14,9059
17,9059
43,9059
48,9059
42,9060
42,9061
3,9062
15,9062
32,9062
35,9062
5,9063
49,9063
5,9064
10,9064
18,9065
21,9065
37,9065
12,9068
26,9069
31,9070
17,9071
41,9071
42,9071
35,9074
1,9077
2,9078
22,9078
47,9079
15,9080
17,9080
1,9081
1,9082
2,9083
10,9085
2,9086
9,9089
5,9090
16,9090
26,9090
50,9091
46,9091
30,9093
35,9093
3,9094
5,9095
37,9095
4,9096
5,9099
1,9100
4,9100
8,9101
3,9102
1,9103
37,9103
2,9104
2,9105
45,9105
1,9107
7,9107
42,9107
2,9108
39,9109
17,9111
3,9116
50,9117
4,9117
13,9117
20,9117
5,9119
13,9119
5,9120
15,9121
28,9121
3,9123
24,9123
4,9124
1,9125
47,9125
1,9126
2,9127
1,9128
26,9128
4,9129
9,9129
18,9129
19,9129
2,9130
50,9131
2,9132
38,9132
19,9133
50,9135
7,9135
17,9135
19,9135
47,9135
38,9136
47,9136
6,9137
31,9138
43,9138
44,9138
32,9139
44,9140
31,9141
16,9144
13,9147
21,9147
40,9147
28,9148
45,9149
3,9151
24,9152
34,9152
12,9153
30,9153
34,9153
31,9155
4,9156
4,9157
12,9157
48,9157
5,9158
45,9158
5,9159
3,9160
27,9160
49,9160
11,9161
29,9161
47,9164
37,9167
47,9167
6,9169
10,9170
1,9171
2,9171
2,9172
8,9172
49,9172
1,9174
31,9174
2,9175
28,9175
1,9176
2,9177
38,9177
20,9178
34,9178
36,9179
45,9179
48,9179
18,9180
30,9181
46,9183
44,9184
17,9186
35,9187
22,9189
1,9191
48,9191
1,9192
11,9192
9,9193
23,9193
47,9193
39,9194
43,9194
2,9195
40,9195
44,9195
2,9196
49,9197
1,9199
2,9200
3,9200
15,9200
25,9200
42,9200
20,9201
12,9202
34,9203
5,9204
41,9204
42,9204
5,9205
4,9206
34,9206
36,9206
3,9207
17,9207
27,9207
1,9208
4,9208
1,9209
19,9209
36,9209
48,9209
50,9210
27,9210
39,9210
2,9212
2,9213
50,9214
1,9214
3,9214
31,9214
19,9216
7,9217
2,9218
4,9219
25,9219
5,9220
31,9220
11,9222
8,9224
17,9224
4,9225
7,9225
3,9227
25,9227
1,9228
1,9229
2,9230
8,9230
26,9230
33,9230
1,9231
7,9231
15,9232
44,9232
5,9233
23,9233
43,9233
45,9233
2,9235
17,9235
2,9236
6,9236
10,9237
50,9239
34,9239
11,9242
18,9243
19,9243
3,9244
28,9244
4,9246
14,9248
18,9248
47,9248
3,9250
4,9250
45,9250
5,9251
12,9252
50,9253
1,9253
5,9253
2,9254
4,9256
1,9257
50,9259
11,9260
46,9260
10,9261
49,9261
1,9262
13,9262
19,9262
50,9263
2,9263
2,9264
33,9264
13,9266
7,9268
27,9268
47,9268
15,9269
48,9269
17,9270
3,9271
9,9271
28,9271
4,9272
14,9272
5,9273
35,9274
4,9275
7,9275
5,9277
24,9277
35,9277
3,9278
38,9278
38,9279
9,9280
29,9281
43,9283
3,9285
40,9285
44,9286
5,9287
1,9288
7,9288
1,9289
2,9290
5,9290
46,9290
2,9291
4,9291
19,9291
45,9291
50,9292
41,9292
36,9293
1,9295
2,9296
21,9297
27,9297
30,9297
3,9299
5,9299
43,9299
46,9299
38,9300
4,9302
18,9302
42,9303
10,9304
16,9304
1,9307
21,9307
26,9307
2,9309
16,9309
22,9309
48,9309
36,9310
43,9310
47,9310
48,9310
40,9311
1,9312
14,9313
9,9314
35,9314
1,9315
26,9315
38,9315
2,9317
7,9317
2,9318
48,9318
47,9319
16,9320
44,9320
7,9322
35,9324
32,9325
45,9325
33,9326
15,9327
24,9327
34,9332
11,9333
37,9333
50,9334
41,9334
26,9335
47,9337
41,9341
1,9342
24,9342
31,9343
8,9344
23,9344
2,9345
38,9346
1,9347
18,9347
24,9347
1,9349
44,9350
8,9351
9,9351
33,9351
24,9354
2,9357
2,9358
31,9359
1,9360
2,9361
35,9361
5,9362
11,9362
16,9362
37,9362
1,9364
9,9364
2,9365
48,9365
17,9366
1,9367
3,9367
9,9367
2,9368
4,9368
40,9370
45,9371
50,9372
5,9372
28,9372
4,9373
49,9373
5,9375
15,9375
41,9378
44,9378
11,9379
42,9379
22,9380
3,9381
9,9381
22,9381
32,9382
48,9382
38,9384
29,9385
36,9390
35,9394
35,9395
33,9396
48,9396
3,9397
48,9398
46,9400
4,9401
21,9401
5,9402
5,9403
14,9403
15,9404
3,9407
20,9407
40,9407
41,9408
27,9410
46,9410
50,9411
4,9412
1,9413
14,9413
23,9413
31,9413
40,9413
1,9414
3,9414
16,9414
49,9414
2,9415
32,9415
2,9416
18,9416
27,9416
4,9417
47,9417
1,9418
2,9419
38,9419
47,9419
4,9420
26,9420
14,9422
5,9423
38,9423
39,9424
1,9425
2,9426
5,9426
34,9426
1,9428
3,9428
47,9428
3,9429
44,9429
2,9430
9,9430
44,9430
1,9431
4,9431
27,9431
31,9431
44,9431
2,9432
29,9432
43,9432
1,9434
5,9434
3,9435
1,9437
5,9437
26,9437
2,9438
4,9438
7,9438
1,9439
19,9440
33,9440
38,9440
19,9441
44,9441
2,9442
2,9444
10,9444
36,9445
24,9450
26,9450
28,9451
47,9451
32,9452
35,9453
13,9454
16,9454
28,9454
42,9454
46,9454
8,9455
17,9455
24,9455
23,9457
42,9459
17,9461
19,9461
37,9461
1,9463
29,9463
35,9463
2,9464
20,9464
35,9465
15,9466
28,9466
3,9467
12,9467
34,9467
39,9467
4,9469
49,9469
3,9470
6,9470
48,9470
49,9470
5,9471
1,9472
2,9473
39,9473
9,9474
1,9475
4,9475
24,9475
43,9475
17,9477
1,9479
5,9479
2,9480
27,9480
46,9482
3,9483
39,9483
4,9484
3,9487
5,9488
4,9489
9,9490
24,9490
5,9491
34,9492
1,9495
3,9496
22,9496
40,9496
2,9498
4,9498
11,9499
25,9500
14,9501
46,9501
20,9502
23,9502
1,9504
39,9504
5,9505
4,9507
24,9507
26,9507
29,9507
2,9508
43,9508
1,9509
3,9509
16,9509
44,9509
2,9510
5,9510
14,9510
22,9510
29,9512
44,9512
1,9513
23,9513
1,9515
13,9515
14,9515
2,9516
33,9516
2,9518
43,9519
1,9520
2,9521
11,9521
14,9521
13,9522
30,9522
34,9522
47,9522
15,9523
3,9526
4,9527
6,9527
27,9528
5,9529
19,9529
46,9529
1,9530
3,9530
10,9530
28,9530
5,9531
32,9531
33,9531
1,9532
28,9532
45,9532
4,9533
8,9535
10,9535
2,9537
35,9537
2,9540
8,9540
38,9540
1,9541
8,9541
2,9542
39,9542
42,9542
44,9542
27,9543
33,9544
23,9545
27,9547
11,9548
46,9549
10,9551
36,9551
10,9552
34,9553
47,9553
34,9557
38,9557
44,9557
24,9558
16,9560
21,9561
29,9565
3,9568
4,9569
1,9571
4,9571
2,9572
5,9572
1,9573
5,9574
12,9574
31,9574
3,9575
32,9575
1,9576
20,9576
40,9576
12,9577
34,9577
26,9578
2,9579
2,9581
7,9581
12,9581
49,9582
18,9583
38,9586
11,9587
50,9588
10,9588
15,9590
37,9590
6,9592
37,9592
18,9593
24,9595
1,9596
27,9596
17,9597
18,9598
37,9598
1,9599
2,9602
29,9602
18,9603
21,9603
38,9603
41,9603
1,9604
2,9605
13,9605
2,9606
15,9608
16,9608
39,9608
13,9611
20,9612
43,9613
29,9615
48,9615
9,9616
7,9617
33,9618
40,9619
41,9619
16,9620
4,9622
12,9624
9,9625
30,9625
48,9625
10,9626
14,9626
35,9626
17,9627
18,9627
17,9628
27,9628
30,9628
1,9631
21,9631
1,9632
8,9632
23,9633
2,9634
19,9634
16,9636
46,9636
10,9637
2,9638
17,9638
18,9639
9,9642
1,9643
6,9643
26,9644
49,9644
3,9645
8,9645
4,9646
19,9646
5,9647
5,9648
2,9649
31,9649
46,9649
3,9651
26,9651
38,9651
42,9651
4,9652
21,9652
26,9652
10,9653
33,9654
34,9656
25,9657
10,9659
37,9659
15,9664
7,9666
32,9666
36,9666
39,9666
41,9669
1,9671
3,9671
4,9672
14,9672
29,9672
1,9673
45,9674
2,9675
5,9675
9,9675
13,9675
26,9675
25,9676
3,9677
1,9678
1,9679
2,9679
4,9679
41,9679
2,9680
5,9680
34,9680
7,9682
19,9682
42,9682
43,9682
1,9684
21,9684
32,9684
35,9684
13,9685
4,9686
6,9687
16,9687
1,9688
2,9689
19,9689
22,9689
39,9689
1,9691
2,9692
6,9692
2,9693
38,9694
45,9695
1,9696
36,9696
1,9697
8,9697
9,9697
24,9697
30,9698
22,9699
30,9699
2,9700
36,9700
41,9700
2,9701
28,9701
48,9701
1,9702
2,9703
34,9704
11,9706
19,9706
27,9706
33,9706
12,9707
18,9707
19,9707
20,9709
31,9711
47,9713
48,9713
22,9715
25,9715
18,9720
35,9721
23,9722
40,9723
3,9724
8,9724
23,9725
19,9726
47,9726
49,9726
43,9729
4,9730
6,9730
5,9731
10,9731
5,9732
10,9732
15,9732
33,9732
3,9733
13,9733
4,9734
36,9735
1,9737
3,9738
1,9741
5,9742
22,9742
46,9742
2,9743
32,9743
49,9744
5,9745
28,9745
40,9745
2,9746
26,9746
1,9747
25,9747
4,9748
2,9749
5,9749
25,9749
37,9752
38,9752
37,9753
47,9754
25,9755
27,9755
4,9757
24,9757
34,9757
36,9757
3,9759
23,9759
32,9760
38,9760
17,9761
18,9761
9,9762
41,9762
45,9762
46,9762
19,9766
17,9768
28,9768
29,9768
3,9769
4,9770
23,9770
41,9770
44,9770
9,9771
34,9771
45,9771
5,9772
43,9773
1,9776
1,9777
9,9777
2,9778
5,9778
22,9778
24,9778
35,9778
2,9779
3,9779
1,9780
4,9780
28,9780
2,9782
15,9782
24,9782
19,9783
25,9783
27,9783
18,9784
29,9784
8,9785
14,9786
27,9787
40,9789
42,9789
46,9789
46,9790
27,9792
18,9795
34,9795
9,9797
12,9798
31,9798
50,9799
15,9799
16,9799
44,9800
34,9801
40,9804
41,9804
12,9805
17,9805
27,9807
11,9808
23,9808
28,9808
39,9809
41,9809
45,9809
13,9810
40,9811
6,9812
13,9813
20,9813
30,9813
35,9814
30,9815
30,9816
43,9817
17,9819
42,9819
48,9819
22,9821
36,9821
13,9822
24,9822
10,9823
46,9823
11,9824
16,9824
38,9825
46,9825
12,9827
39,9827
41,9827
48,9827
27,9829
30,9829
42,9830
46,9831
35,9833
44,9834
38,9836
3,9837
39,9837
5,9838
34,9838
42,9838
25,9839
36,9840
37,9840
4,9841
29,9841
46,9841
18,9842
31,9842
37,9842
11,9843
4,9844
3,9846
40,9846
36,9847
5,9848
7,9848
30,9848
30,9851
9,9852
10,9852
4,9854
42,9854
50,9857
18,9857
15,9859
35,9859
30,9860
22,9861
28,9861
49,9863
40,9868
14,9869
20,9870
45,9870
18,9873
11,9876
38,9876
11,9877
6,9878
8,9880
15,9881
27,9881
34,9881
8,9883
16,9883
14,9886
45,9886
31,9887
40,9887
10,9888
47,9892
17,9893
31,9895
1,9897
2,9898
9,9899
45,9899
1,9900
8,9900
1,9902
47,9902
2,9903
6,9903
48,9904
2,9906
3,9908
44,9908
4,9909
14,9909
17,9909
4,9911
1,9913
3,9913
31,9913
33,9914
2,9915
13,9915
1,9916
21,9916
37,9916
45,9916
49,9916
21,9918
41,9918
1,9920
5,9920
10,9920
15,9921
2,9922
20,9922
50,9923
6,9923
5,9924
2,9925
39,9925
23,9926
25,9926
15,9928
19,9928
37,9928
1,9929
2,9930
1,9932
8,9932
1,9933
2,9934
2,9935
47,9936
30,9937
27,9939
28,9940
31,9940
37,9941
48,9941
40,9943
8,9944
20,9946
23,9946
8,9947
6,9950
14,9950
14,9954
42,9955
13,9956
1,9957
27,9958
30,9958
50,9959
1,9959
41,9959
2,9962
2,9963
42,9963
1,9964
41,9964
14,9965
2,9966
29,9966
34,9968
9,9970
18,9970
25,9971
33,9971
15,9972
45,9972
28,9974
19,9977
35,9979
50,9980
21,9981
16,9982
28,9982
3,9985
41,9985
5,9986
9,9986
4,9987
4,9988
5,9989
35,9989
37,9989
3,9990
42,9992
3,9994
5,9995
1,9996
4,9996
24,9996
2,9997
3,9997
5,9998
16,9998
4,9999
10,9999
