30,1
38,1
27,6
30,6
25,7
42,7
21,11
22,11
32,11
49,17
20,19
3,21
31,22
4,23
3,24
5,26
4,28
5,29
36,30
25,32
8,33
9,38
9,41
23,44
15,46
3,47
4,49
15,49
4,50
5,51
3,52
20,53
40,53
5,54
3,56
25,56
18,57
4,58
3,59
19,60
22,60
38,60
1,62
4,62
2,63
1,64
5,64
2,65
5,65
10,65
1,66
9,66
2,67
44,70
28,72
31,75
28,76
47,76
14,77
32,77
11,82
8,84
14,84
45,85
18,89
42,96
8,97
3,98
43,98
46,98
4,99
4,102
5,103
45,103
18,104
23,104
20,108
13,109
31,111
1,112
23,112
3,113
25,113
39,113
26,114
1,115
5,115
4,116
23,116
2,117
47,118
19,119
31,119
15,120
1,122
29,122
2,124
44,124
2,125
38,126
34,128
3,129
35,129
5,131
15,131
21,131
4,132
3,135
5,136
8,137
21,138
4,139
31,139
43,139
18,140
29,141
3,142
14,143
9,146
31,147
19,148
3,149
28,149
4,151
27,151
5,152
19,152
22,153
5,155
7,156
9,156
4,159
3,160
35,162
27,163
11,167
13,170
48,170
24,175
1,176
5,177
33,177
37,178
1,179
16,182
2,183
1,184
26,184
9,186
2,187
2,188
29,190
13,193
1,196
8,196
2,197
29,198
45,198
1,199
14,199
1,200
2,201
14,201
2,203
32,203
10,206
39,206
40,207
38,208
35,210
19,213
3,215
4,216
31,217
3,219
45,219
4,221
40,222
5,223
37,225
44,225
33,226
25,227
29,227
5,228
36,228
43,230
47,230
25,231
23,234
11,237
34,237
27,238
31,238
13,240
18,240
31,248
40,248
3,251
45,251
8,253
4,254
33,254
1,255
5,255
11,255
1,258
18,258
24,258
2,259
4,260
1,261
3,261
26,261
5,263
2,264
2,267
29,269
32,272
34,275
43,277
30,282
34,282
13,284
23,284
13,286
10,289
41,289
48,292
10,298
8,299
16,299
36,305
3,306
31,306
4,307
13,307
3,308
47,309
5,310
18,310
5,311
10,312
4,313
48,315
34,319
6,322
30,322
45,322
33,323
20,324
41,325
3,329
5,330
7,330
5,331
20,331
4,332
45,332
3,334
37,334
4,335
43,336
29,340
13,342
35,344
42,352
30,353
3,354
10,354
36,354
5,355
4,356
40,356
15,358
32,358
5,359
39,360
3,361
4,363
16,364
46,365
25,366
46,367
46,372
21,373
26,374
3,376
12,377
5,379
6,382
5,383
33,383
4,384
4,386
3,387
24,387
22,390
25,390
7,392
27,393
21,394
33,396
10,398
25,398
18,400
5,401
8,401
30,402
17,405
3,406
14,406
34,408
5,409
5,413
35,413
4,414
25,414
3,415
4,416
3,417
47,418
35,420
47,421
20,424
48,425
11,426
10,429
22,429
36,429
43,431
45,431
3,432
23,432
3,433
4,434
5,435
3,437
1,438
5,438
4,439
43,441
43,442
1,443
39,443
1,445
3,445
4,446
3,448
44,448
2,449
4,449
45,449
50,450
5,450
5,451
16,453
29,453
2,454
1,455
2,457
48,457
18,458
41,465
46,465
1,468
1,469
2,470
2,474
1,475
17,477
35,477
47,477
48,477
2,478
50,482
12,483
33,483
46,483
23,485
33,486
35,486
22,488
13,503
33,505
32,506
6,511
29,511
3,512
6,514
15,514
1,515
1,516
39,516
2,517
1,518
9,518
19,518
2,519
20,519
18,520
35,520
2,521
14,521
43,521
33,522
3,523
11,523
5,526
34,526
4,527
14,528
46,528
4,531
11,531
41,531
5,532
31,532
25,533
3,534
3,535
20,535
1,536
5,536
42,536
4,537
39,538
9,539
38,539
1,541
3,541
35,541
2,542
4,542
2,543
5,543
1,545
32,545
2,547
3,547
4,548
1,549
3,550
15,550
2,551
6,553
1,554
5,554
41,554
1,555
5,556
2,557
48,557
4,558
1,559
33,559
35,559
21,561
29,561
2,562
22,563
40,563
17,564
47,566
49,566
32,567
36,568
2,570
11,571
33,571
30,572
37,574
11,582
25,584
29,587
49,587
3,589
13,589
46,590
4,592
5,593
4,594
5,595
27,595
3,596
26,598
31,606
44,607
19,609
37,610
11,611
36,611
1,616
19,617
1,619
31,619
2,622
1,623
2,626
21,626
40,626
36,627
2,628
40,629
1,633
2,637
1,638
19,642
1,643
48,643
2,644
2,645
16,650
17,651
35,651
36,651
19,652
10,654
24,658
16,660
37,662
15,664
34,664
20,671
9,672
10,672
11,673
25,673
48,673
13,677
28,678
29,679
21,680
45,681
45,687
23,689
15,690
46,690
9,693
19,693
21,695
3,696
11,696
5,697
48,697
5,698
4,699
4,700
3,701
23,701
28,702
41,703
1,704
1,705
7,707
2,708
30,708
34,708
2,709
1,710
24,710
2,713
46,713
17,716
28,719
46,719
14,721
36,721
9,722
42,727
48,727
3,730
4,731
33,732
5,733
7,734
4,737
3,740
15,740
1,742
5,742
1,744
31,744
36,744
2,745
41,745
1,746
2,747
2,748
25,753
28,753
40,755
26,756
14,757
3,759
12,759
43,759
13,761
24,762
44,765
4,766
4,768
6,768
26,769
5,770
5,771
37,771
3,772
15,774
14,775
44,775
3,776
12,777
14,778
4,779
5,780
3,781
14,782
4,784
5,786
37,790
24,791
16,793
29,796
3,797
28,797
46,798
36,799
9,800
14,807
11,810
43,814
32,820
14,821
30,821
8,822
11,822
8,824
29,825
18,830
21,830
38,830
11,835
50,840
23,841
1,847
39,848
2,851
42,851
1,854
21,854
1,855
29,855
2,856
48,857
2,858
16,859
29,859
27,861
3,862
21,862
44,862
7,863
18,863
5,864
17,864
4,865
4,866
5,867
3,868
27,869
1,872
2,873
13,873
12,874
1,875
2,876
21,876
1,879
2,880
18,880
34,882
38,882
31,883
18,884
20,884
42,886
30,887
3,888
29,888
14,889
15,889
4,890
39,890
3,893
5,894
4,898
24,899
14,900
37,900
5,903
1,904
2,905
33,905
1,906
46,908
1,910
40,910
2,913
21,913
2,915
49,915
21,916
38,916
34,918
38,921
7,922
10,922
26,924
32,925
16,927
31,931
22,932
41,932
12,934
1,935
2,936
1,937
3,937
4,938
48,938
2,939
5,940
6,940
1,941
2,942
10,943
34,944
35,944
5,945
44,946
4,947
3,948
31,951
18,953
24,958
28,962
35,962
12,963
19,963
7,964
8,964
11,970
17,971
16,981
48,982
36,983
32,985
46,985
36,986
26,989
18,991
7,992
45,995
11,996
48,998
42,1002
1,1004
18,1004
44,1006
1,1009
2,1011
1,1013
31,1013
32,1013
48,1014
2,1019
2,1020
8,1022
30,1022
50,1024
21,1025
22,1027
15,1028
19,1031
25,1032
29,1033
1,1034
17,1035
1,1036
30,1036
2,1039
19,1039
2,1040
1,1042
2,1043
28,1043
31,1043
3,1044
13,1044
33,1045
4,1046
5,1047
3,1049
4,1051
5,1053
23,1054
6,1062
1,1063
13,1064
2,1065
1,1067
1,1072
2,1073
21,1073
2,1078
33,1081
6,1082
30,1082
24,1087
18,1093
3,1094
46,1094
5,1096
44,1096
16,1097
4,1098
18,1098
1,1099
3,1099
2,1100
4,1100
16,1100
5,1101
11,1101
1,1102
1,1103
2,1106
7,1107
3,1108
2,1109
5,1109
4,1110
47,1110
1,1113
5,1114
16,1114
23,1114
1,1115
2,1116
1,1118
4,1118
3,1119
10,1120
15,1120
41,1120
2,1123
2,1124
34,1127
14,1130
12,1131
9,1133
15,1134
44,1134
49,1135
25,1141
8,1143
19,1146
43,1147
9,1149
6,1159
9,1159
33,1159
13,1164
29,1165
36,1166
3,1170
19,1170
1,1171
5,1171
16,1171
30,1172
43,1172
2,1174
1,1175
2,1176
5,1178
1,1179
4,1180
2,1181
4,1181
3,1185
36,1186
33,1192
43,1194
49,1194
37,1204
28,1209
50,1211
44,1213
37,1218
13,1219
6,1221
8,1222
3,1226
47,1226
4,1227
16,1228
5,1229
3,1230
4,1231
5,1233
37,1233
21,1236
11,1238
4,1240
13,1241
49,1244
39,1245
49,1248
14,1250
29,1251
42,1252
45,1252
26,1255
23,1257
15,1261
33,1261
14,1264
30,1267
1,1273
2,1274
38,1274
13,1275
1,1276
2,1279
1,1280
22,1281
2,1282
3,1285
26,1285
1,1288
1,1290
12,1290
9,1291
7,1293
2,1297
3,1297
4,1298
2,1299
4,1299
1,1300
5,1300
2,1301
5,1302
20,1303
3,1304
40,1305
3,1306
4,1307
10,1307
4,1308
5,1309
14,1310
31,1310
5,1311
3,1312
39,1315
4,1326
38,1327
25,1330
17,1336
12,1342
12,1343
9,1345
37,1347
37,1349
23,1351
45,1351
1,1352
25,1354
46,1355
25,1356
2,1357
7,1357
38,1358
1,1359
3,1359
1,1360
4,1360
2,1361
5,1361
6,1361
2,1362
5,1362
3,1364
1,1366
2,1367
4,1368
37,1370
1,1371
2,1372
1,1373
2,1374
35,1379
31,1380
7,1382
27,1385
13,1387
8,1391
12,1392
12,1393
44,1394
45,1394
21,1398
3,1400
28,1400
46,1403
47,1403
29,1405
20,1408
44,1410
45,1412
41,1414
17,1420
36,1420
36,1424
37,1427
24,1430
8,1433
47,1434
45,1435
37,1441
20,1447
34,1448
49,1450
36,1453
11,1454
20,1454
1,1456
15,1456
2,1457
1,1459
2,1460
24,1460
27,1460
1,1462
2,1463
20,1464
47,1464
40,1465
29,1466
38,1467
10,1469
26,1471
29,1471
44,1472
45,1472
23,1473
21,1476
3,1477
41,1477
5,1478
4,1480
4,1481
39,1482
5,1484
13,1485
24,1486
3,1487
24,1487
48,1488
9,1490
14,1490
3,1491
4,1492
5,1495
43,1495
5,1496
28,1496
3,1497
4,1498
50,1501
36,1501
10,1503
38,1503
24,1508
30,1509
41,1511
20,1516
3,1518
12,1518
22,1518
5,1519
28,1520
42,1520
4,1521
49,1521
4,1523
26,1524
3,1526
5,1527
22,1528
16,1529
7,1531
34,1531
23,1532
39,1534
39,1535
34,1536
7,1537
27,1537
46,1537
46,1540
21,1541
46,1541
15,1542
29,1544
30,1544
21,1549
35,1549
24,1550
49,1550
35,1553
13,1555
25,1557
27,1560
22,1561
41,1562
22,1563
36,1564
10,1567
36,1572
21,1573
32,1577
16,1578
36,1579
43,1579
7,1581
21,1589
7,1591
12,1598
25,1598
13,1599
15,1600
22,1601
36,1601
40,1601
16,1603
42,1606
32,1607
12,1609
36,1611
38,1616
1,1619
10,1620
17,1620
2,1621
44,1621
1,1622
9,1622
16,1622
14,1623
34,1626
2,1628
13,1628
1,1631
46,1631
2,1632
31,1634
3,1636
11,1636
8,1637
5,1640
4,1641
26,1641
10,1643
8,1648
33,1648
2,1649
37,1649
5,1650
3,1651
39,1651
4,1652
13,1654
22,1654
39,1663
49,1663
3,1664
5,1665
21,1665
18,1666
21,1666
49,1666
4,1668
3,1669
4,1670
5,1671
8,1671
8,1676
39,1679
1,1680
10,1681
1,1682
2,1683
1,1686
2,1687
16,1688
2,1689
17,1690
20,1695
15,1696
31,1696
1,1698
2,1699
32,1700
36,1700
1,1703
19,1704
38,1707
1,1708
8,1710
2,1711
36,1711
24,1712
2,1713
21,1713
15,1714
13,1715
16,1715
47,1717
3,1718
43,1718
4,1720
5,1721
45,1721
4,1722
5,1723
33,1725
31,1727
44,1728
3,1731
35,1731
15,1732
22,1734
15,1738
19,1738
10,1744
33,1746
47,1748
15,1749
28,1752
1,1757
1,1762
48,1764
10,1765
2,1768
20,1768
50,1769
1,1769
38,1769
43,1769
44,1769
20,1771
2,1773
2,1775
3,1775
5,1776
25,1776
4,1778
29,1778
25,1779
13,1781
20,1781
45,1782
33,1783
3,1784
5,1786
1,1787
17,1787
31,1788
1,1789
30,1789
7,1790
38,1790
2,1791
4,1791
2,1793
34,1793
7,1794
1,1795
12,1795
45,1795
2,1797
24,1799
38,1801
17,1804
32,1807
22,1812
50,1816
3,1822
43,1823
38,1824
1,1825
4,1826
37,1826
2,1827
5,1827
15,1827
1,1828
3,1828
1,1829
49,1829
2,1830
4,1830
22,1830
2,1831
5,1831
11,1831
22,1831
9,1841
1,1843
2,1844
1,1846
24,1846
2,1847
23,1847
1,1849
2,1851
13,1852
3,1853
5,1854
31,1854
4,1855
3,1856
40,1858
4,1859
5,1860
9,1862
18,1863
24,1864
36,1864
3,1865
4,1866
13,1866
4,1867
9,1867
34,1867
5,1868
27,1868
3,1869
15,1869
5,1870
49,1870
45,1873
14,1875
36,1875
3,1877
4,1878
19,1879
4,1880
28,1880
14,1881
5,1882
16,1882
3,1883
48,1883
5,1885
34,1885
47,1886
16,1891
30,1891
36,1895
3,1903
20,1904
27,1904
4,1905
42,1905
4,1906
1,1907
3,1907
37,1907
39,1907
5,1908
50,1909
2,1909
10,1909
42,1909
5,1910
1,1911
4,1912
42,1912
1,1913
28,1913
2,1914
15,1914
48,1915
2,1917
17,1917
1,1918
40,1931
42,1931
36,1935
31,1940
16,1944
30,1949
15,1950
34,1954
45,1958
1,1960
2,1961
22,1962
1,1963
1,1964
2,1965
32,1965
2,1966
8,1967
14,1970
32,1970
9,1972
43,1973
39,1977
17,1982
3,1983
48,1983
5,1986
4,1988
4,1989
43,1991
3,1994
5,1995
29,1995
19,2002
3,2003
4,2006
4,2007
44,2007
5,2008
5,2013
43,2013
3,2015
11,2015
31,2015
1,2018
36,2018
43,2018
5,2019
19,2019
38,2019
2,2020
1,2022
2,2023
1,2024
16,2025
18,2026
2,2027
18,2027
40,2029
42,2030
29,2036
43,2036
17,2037
18,2040
3,2041
5,2044
28,2045
5,2046
4,2052
4,2054
26,2054
3,2057
5,2058
7,2060
19,2065
3,2071
31,2071
1,2073
44,2073
43,2074
2,2075
5,2075
49,2075
1,2077
4,2077
1,2078
3,2078
34,2078
2,2079
2,2081
6,2082
30,2083
5,2084
4,2087
38,2088
26,2089
31,2091
30,2095
43,2095
48,2099
34,2100
1,2101
2,2102
1,2103
27,2103
16,2105
9,2106
1,2107
30,2108
2,2110
2,2111
32,2112
8,2113
6,2115
12,2115
41,2116
28,2118
13,2119
33,2121
14,2125
14,2127
39,2128
45,2130
13,2132
37,2133
47,2135
42,2137
49,2137
28,2138
8,2139
16,2145
29,2145
30,2145
20,2152
45,2152
12,2153
23,2158
47,2158
25,2160
21,2162
30,2162
22,2164
19,2165
3,2170
44,2170
17,2175
49,2176
5,2177
50,2178
4,2178
4,2180
5,2182
3,2183
13,2192
46,2192
29,2196
37,2200
39,2202
18,2204
50,2205
21,2206
26,2206
8,2213
11,2214
18,2215
39,2215
1,2216
37,2216
2,2218
1,2222
26,2223
1,2224
50,2226
2,2226
2,2227
45,2228
29,2230
13,2236
16,2236
39,2237
37,2239
11,2240
48,2241
29,2246
9,2253
49,2253
10,2256
39,2257
40,2257
9,2259
19,2260
31,2262
46,2262
7,2263
24,2264
13,2265
40,2267
35,2268
20,2269
34,2271
11,2272
43,2274
1,2277
3,2277
1,2278
4,2278
2,2279
31,2279
2,2280
27,2280
1,2281
5,2281
2,2282
3,2283
22,2283
23,2283
5,2286
4,2287
22,2290
31,2291
31,2292
24,2293
14,2294
1,2297
2,2298
6,2298
1,2299
2,2300
1,2303
2,2304
6,2304
17,2304
35,2305
42,2310
48,2311
12,2312
31,2312
39,2315
8,2317
3,2321
45,2321
46,2321
4,2322
17,2323
29,2323
4,2324
18,2325
47,2328
5,2329
33,2329
42,2329
3,2330
5,2331
20,2331
22,2331
9,2334
25,2334
16,2338
42,2338
3,2342
22,2342
45,2343
1,2345
5,2345
4,2346
31,2346
3,2347
28,2347
1,2348
49,2348
2,2349
4,2349
43,2349
27,2350
1,2351
5,2351
2,2353
3,2353
4,2354
17,2355
3,2356
49,2356
5,2358
2,2360
13,2362
4,2365
5,2367
20,2367
23,2368
35,2368
30,2381
20,2383
18,2386
50,2387
6,2387
3,2391
4,2395
5,2396
3,2399
5,2400
15,2402
4,2404
37,2405
1,2406
2,2408
8,2408
13,2408
20,2408
1,2411
12,2411
17,2411
25,2411
2,2412
3,2412
5,2413
1,2414
2,2415
4,2415
9,2415
25,2415
3,2416
5,2417
41,2418
4,2422
25,2422
3,2425
11,2425
13,2425
7,2426
1,2427
2,2429
14,2429
43,2429
17,2430
1,2431
30,2431
1,2432
20,2432
2,2433
6,2433
7,2433
2,2434
15,2437
15,2438
21,2438
34,2442
30,2443
26,2444
36,2445
1,2446
13,2448
27,2448
8,2449
44,2450
33,2452
20,2453
3,2456
20,2461
7,2467
9,2468
37,2468
30,2469
33,2469
11,2470
27,2471
30,2472
13,2475
50,2477
43,2480
23,2481
12,2482
42,2483
24,2486
39,2486
10,2490
19,2490
29,2491
23,2493
47,2494
50,2497
21,2497
50,2500
11,2500
24,2501
49,2508
43,2510
46,2510
22,2511
36,2511
3,2512
5,2513
23,2513
33,2515
5,2516
4,2518
24,2518
46,2518
3,2519
14,2519
36,2519
43,2519
25,2520
45,2520
4,2521
16,2526
41,2529
15,2533
18,2534
16,2541
16,2542
44,2545
7,2547
10,2550
28,2550
25,2552
49,2552
1,2559
1,2560
45,2560
2,2561
2,2562
30,2562
1,2563
2,2564
3,2564
12,2571
3,2572
4,2573
46,2573
4,2574
5,2576
21,2577
5,2579
3,2581
30,2582
35,2585
21,2586
24,2587
38,2591
29,2594
33,2596
31,2598
41,2598
10,2600
38,2608
19,2611
11,2613
15,2617
27,2617
33,2617
29,2618
32,2618
22,2620
24,2620
8,2624
47,2626
8,2630
17,2632
14,2636
21,2636
1,2637
8,2637
2,2638
25,2640
30,2641
35,2641
18,2643
35,2643
1,2645
3,2645
4,2648
12,2648
1,2649
5,2649
21,2652
4,2654
2,2655
42,2655
3,2656
46,2656
5,2657
22,2659
20,2661
29,2663
2,2664
13,2665
49,2666
9,2671
27,2671
14,2677
38,2680
42,2683
20,2685
21,2687
16,2688
1,2690
1,2692
2,2694
2,2695
1,2699
27,2699
2,2700
43,2705
50,2706
16,2708
1,2711
2,2715
11,2720
26,2720
1,2722
9,2724
27,2727
1,2729
2,2732
2,2733
49,2733
3,2734
4,2735
39,2735
5,2736
28,2743
15,2744
3,2745
5,2746
4,2753
47,2753
3,2756
1,2757
15,2757
23,2757
17,2758
2,2760
5,2760
12,2760
15,2760
47,2760
4,2762
31,2763
4,2764
1,2765
5,2766
42,2766
2,2767
1,2768
3,2768
44,2768
2,2770
9,2770
35,2770
10,2771
11,2773
3,2774
3,2779
16,2779
4,2780
8,2780
33,2781
5,2782
45,2782
3,2784
5,2785
4,2786
30,2786
24,2787
29,2787
27,2794
17,2801
11,2802
1,2806
38,2808
44,2809
40,2810
3,2812
21,2812
4,2814
12,2814
4,2816
4,2817
47,2817
5,2818
15,2818
3,2819
9,2819
5,2821
35,2823
41,2823
1,2824
12,2824
2,2825
24,2827
1,2829
7,2830
1,2833
10,2833
21,2834
38,2834
2,2835
2,2836
12,2836
13,2839
28,2840
22,2841
35,2842
46,2842
40,2843
3,2846
16,2846
1,2848
4,2848
39,2848
34,2849
4,2853
36,2853
5,2854
1,2855
2,2856
5,2856
46,2857
1,2858
2,2859
3,2859
2,2861
47,2861
8,2863
14,2871
18,2876
46,2877
37,2878
38,2879
26,2880
43,2886
27,2889
47,2889
11,2890
10,2891
42,2891
3,2892
18,2892
21,2893
32,2893
4,2895
46,2897
3,2898
15,2898
29,2900
4,2901
5,2902
41,2902
6,2903
12,2903
36,2905
5,2906
29,2907
42,2907
29,2908
22,2912
13,2913
18,2918
27,2920
20,2922
24,2924
37,2930
28,2933
11,2942
34,2942
39,2943
6,2945
29,2947
27,2950
26,2952
8,2955
12,2956
15,2956
11,2959
20,2959
23,2959
3,2961
12,2961
4,2962
5,2964
4,2966
45,2966
17,2967
22,2967
19,2968
32,2968
42,2968
5,2969
38,2970
23,2971
26,2971
27,2975
3,2976
7,2977
8,2978
9,2982
22,2982
18,2991
38,2991
48,2994
16,2995
25,2996
46,2996
1,2998
7,2998
27,3000
46,3003
1,3004
31,3005
2,3006
22,3007
2,3008
1,3009
35,3009
44,3009
2,3010
41,3011
34,3013
1,3018
31,3019
1,3020
29,3020
7,3021
2,3022
46,3022
2,3023
45,3024
38,3025
19,3026
1,3027
29,3028
2,3030
42,3030
45,3030
20,3032
1,3034
1,3036
24,3036
2,3037
43,3037
2,3039
1,3040
2,3042
1,3044
24,3044
1,3045
2,3048
37,3048
1,3049
2,3049
3,3049
2,3051
4,3051
28,3051
2,3052
20,3052
4,3053
5,3054
13,3056
49,3059
22,3060
4,3061
41,3062
5,3063
13,3063
3,3066
43,3070
12,3071
1,3073
15,3078
1,3080
1,3082
2,3083
43,3083
1,3084
28,3084
2,3085
6,3086
20,3090
21,3090
2,3092
1,3094
2,3095
1,3096
1,3097
12,3097
41,3097
2,3101
23,3102
43,3102
24,3103
18,3104
2,3105
13,3105
49,3105
19,3108
39,3110
40,3110
45,3111
3,3112
7,3113
50,3116
29,3116
49,3116
5,3117
5,3118
4,3119
28,3121
3,3123
13,3123
24,3124
4,3126
41,3128
5,3129
16,3133
29,3135
25,3136
15,3137
50,3142
1,3147
50,3148
1,3150
2,3154
1,3156
24,3157
2,3158
37,3158
4,3159
17,3159
7,3163
2,3164
3,3164
21,3165
46,3165
11,3166
4,3168
16,3168
44,3169
4,3172
31,3172
5,3173
5,3174
3,3177
41,3179
19,3180
49,3180
50,3181
25,3183
14,3185
22,3185
3,3186
4,3187
34,3187
3,3190
35,3190
4,3191
5,3192
5,3193
50,3195
45,3198
41,3199
17,3204
10,3206
13,3209
13,3211
25,3211
15,3214
19,3216
8,3217
9,3217
38,3217
47,3217
35,3219
38,3219
9,3220
25,3227
8,3231
19,3231
22,3232
7,3233
16,3233
37,3234
31,3235
31,3236
23,3239
48,3239
42,3240
27,3242
43,3242
36,3245
3,3248
4,3250
5,3251
27,3251
5,3252
8,3252
3,3253
31,3253
4,3254
11,3255
22,3255
27,3258
13,3260
49,3262
48,3264
39,3266
8,3268
3,3272
8,3272
30,3272
4,3273
37,3273
4,3274
38,3274
5,3279
5,3280
3,3281
25,3286
9,3287
36,3287
8,3289
21,3289
39,3291
29,3292
48,3292
46,3295
18,3296
28,3297
47,3298
35,3300
45,3300
19,3302
42,3307
45,3307
49,3310
36,3313
3,3314
42,3314
43,3315
8,3317
5,3320
1,3322
23,3322
5,3323
19,3323
20,3323
16,3324
1,3325
4,3325
3,3326
45,3326
2,3327
4,3327
43,3327
35,3328
2,3330
1,3333
2,3334
20,3335
41,3335
32,3343
37,3344
6,3345
30,3345
39,3345
13,3351
32,3351
49,3352
3,3354
5,3355
4,3356
19,3356
7,3357
33,3358
45,3359
4,3360
44,3360
3,3361
5,3362
10,3364
3,3365
23,3368
28,3368
50,3370
4,3370
20,3370
5,3371
42,3372
25,3373
36,3373
4,3374
23,3374
27,3374
5,3375
3,3376
7,3377
40,3378
10,3385
15,3385
3,3386
7,3386
4,3388
5,3389
30,3389
4,3390
5,3392
18,3392
3,3394
44,3395
1,3396
24,3396
26,3396
2,3397
13,3397
1,3399
18,3399
1,3400
18,3401
2,3402
2,3403
41,3404
45,3406
3,3407
4,3408
6,3408
33,3409
1,3410
5,3410
2,3411
15,3411
1,3413
4,3413
23,3413
27,3413
5,3414
40,3415
2,3416
3,3417
23,3418
1,3419
10,3421
47,3423
2,3424
22,3426
34,3431
1,3435
1,3436
2,3437
6,3437
16,3438
18,3438
3,3441
19,3442
50,3443
1,3443
13,3443
8,3445
2,3446
5,3446
47,3446
4,3447
6,3447
3,3448
2,3449
4,3449
5,3450
25,3450
35,3452
1,3455
2,3456
1,3457
43,3457
44,3458
1,3459
2,3460
23,3461
40,3461
2,3462
8,3464
46,3464
11,3466
40,3466
45,3471
3,3473
30,3473
5,3475
41,3475
5,3476
43,3476
4,3478
27,3478
3,3481
1,3484
30,3484
2,3487
1,3488
50,3489
1,3489
4,3489
2,3492
6,3492
2,3493
32,3493
19,3494
23,3495
17,3496
21,3497
33,3498
31,3504
16,3505
27,3506
28,3508
36,3512
1,3514
12,3514
1,3516
2,3518
4,3518
1,3519
43,3521
13,3522
31,3522
2,3523
14,3523
36,3524
37,3524
2,3525
17,3526
6,3527
18,3527
6,3528
11,3530
7,3531
22,3534
42,3535
8,3537
1,3538
28,3543
30,3546
34,3547
21,3549
4,3553
34,3554
1,3558
20,3558
1,3560
3,3560
40,3560
4,3561
40,3561
50,3562
1,3562
3,3562
20,3562
29,3562
2,3563
5,3563
2,3564
26,3564
1,3565
2,3568
5,3569
14,3569
4,3570
20,3570
8,3576
24,3579
1,3586
1,3589
2,3590
16,3591
31,3593
21,3594
27,3594
2,3596
34,3596
1,3597
21,3597
40,3597
2,3598
30,3600
7,3603
38,3603
3,3609
5,3610
42,3610
5,3612
35,3613
5,3614
4,3616
3,3617
4,3618
24,3619
1,3623
2,3624
9,3626
35,3628
1,3630
2,3631
1,3632
2,3634
23,3635
3,3636
28,3636
41,3636
37,3637
7,3638
21,3643
31,3643
38,3645
39,3646
3,3648
24,3649
34,3649
4,3650
9,3650
29,3650
20,3651
32,3652
34,3655
5,3657
28,3657
33,3657
5,3658
8,3658
4,3659
40,3659
3,3660
37,3661
46,3661
11,3662
5,3665
50,3670
21,3671
8,3673
48,3674
44,3675
3,3677
50,3678
4,3678
3,3679
5,3680
4,3681
5,3682
31,3687
30,3688
32,3688
1,3691
1,3692
2,3693
2,3695
1,3696
2,3698
14,3699
31,3700
43,3700
13,3705
49,3705
40,3709
1,3714
22,3714
45,3714
2,3716
1,3717
22,3718
1,3719
2,3720
2,3721
49,3721
42,3723
3,3727
30,3729
5,3730
18,3731
25,3732
37,3732
4,3733
44,3733
1,3734
3,3734
25,3735
2,3737
13,3737
1,3738
4,3738
27,3739
5,3740
6,3740
7,3740
1,3741
39,3742
2,3743
2,3744
29,3746
1,3750
29,3750
1,3751
34,3751
2,3754
43,3754
1,3755
2,3756
45,3756
2,3758
18,3758
11,3759
43,3762
3,3765
30,3768
7,3769
40,3769
4,3770
43,3771
21,3772
4,3773
3,3774
32,3775
5,3777
5,3780
22,3780
33,3780
39,3782
48,3782
46,3784
45,3786
36,3788
11,3790
18,3791
31,3791
20,3795
35,3796
42,3796
7,3804
1,3805
29,3805
37,3806
1,3807
2,3808
27,3808
2,3809
1,3810
14,3810
34,3812
6,3814
2,3815
21,3817
20,3818
42,3818
48,3821
21,3827
16,3828
6,3833
19,3834
15,3841
39,3841
3,3846
5,3847
12,3847
22,3847
50,3848
4,3849
45,3849
23,3850
41,3851
5,3852
12,3852
4,3853
20,3853
1,3855
15,3856
24,3856
3,3858
2,3861
21,3861
19,3863
34,3863
40,3863
47,3865
7,3866
36,3868
3,3869
1,3871
7,3871
10,3872
31,3872
5,3873
4,3875
1,3877
31,3877
1,3878
4,3878
45,3878
5,3879
2,3883
3,3883
27,3883
50,3884
1,3884
40,3884
2,3885
10,3886
38,3888
2,3891
16,3898
36,3898
3,3899
31,3899
42,3907
16,3911
30,3915
7,3918
44,3918
16,3919
26,3922
42,3926
34,3927
22,3929
19,3931
40,3932
3,3934
5,3936
4,3937
5,3939
22,3939
4,3940
3,3943
7,3945
17,3945
42,3945
13,3947
16,3947
3,3954
34,3954
2,3955
5,3955
15,3955
4,3957
5,3960
4,3961
49,3961
3,3962
36,3962
3,3963
32,3964
33,3964
35,3964
5,3965
40,3966
4,3968
4,3969
50,3970
3,3970
21,3970
5,3971
44,3972
48,3972
37,3974
41,3974
45,3977
23,3988
22,3991
1,3997
10,3997
1,3999
2,4000
1,4001
18,4003
2,4004
2,4007
15,4008
37,4010
44,4011
35,4012
17,4016
35,4017
29,4021
25,4024
19,4025
39,4032
43,4032
41,4037
30,4039
31,4039
29,4041
36,4042
43,4046
16,4048
29,4048
46,4055
11,4059
36,4061
19,4063
23,4064
45,4064
40,4067
38,4069
31,4072
45,4075
17,4081
43,4081
30,4084
18,4085
27,4086
29,4088
1,4089
2,4090
3,4091
44,4091
33,4092
1,4093
5,4093
30,4093
5,4094
15,4094
10,4095
4,4097
29,4097
1,4098
4,4098
3,4099
5,4100
14,4102
8,4103
2,4105
2,4107
18,4108
9,4109
48,4111
25,4113
40,4114
44,4118
1,4120
18,4120
3,4123
5,4124
19,4124
2,4126
1,4127
4,4127
5,4128
4,4129
1,4130
15,4130
34,4130
35,4130
2,4131
2,4132
3,4132
10,4133
30,4136
12,4140
1,4142
6,4142
13,4142
1,4143
2,4144
1,4145
23,4145
2,4146
2,4149
38,4154
8,4159
1,4167
44,4167
31,4168
1,4169
2,4171
1,4172
2,4174
23,4174
3,4175
43,4175
2,4176
4,4176
5,4177
22,4177
24,4177
4,4178
3,4179
5,4181
24,4181
39,4181
26,4187
30,4189
29,4190
44,4190
34,4192
45,4194
39,4197
41,4197
38,4198
1,4203
1,4208
2,4209
5,4209
1,4210
38,4211
49,4211
2,4213
2,4214
47,4219
21,4222
13,4224
19,4226
17,4227
26,4228
38,4229
9,4231
6,4235
1,4236
1,4237
3,4237
41,4237
2,4238
23,4238
1,4240
2,4241
4,4241
47,4241
50,4242
2,4242
4,4242
5,4243
5,4244
3,4246
34,4246
40,4250
26,4253
37,4257
26,4258
35,4258
42,4258
1,4259
2,4260
50,4262
1,4262
1,4265
2,4268
33,4270
14,4272
25,4272
30,4273
2,4274
28,4275
30,4277
9,4278
21,4282
10,4285
44,4286
9,4287
14,4287
43,4290
32,4295
42,4298
7,4299
18,4300
35,4303
38,4304
45,4304
6,4308
10,4309
1,4310
23,4311
2,4313
17,4314
1,4317
2,4318
1,4320
2,4321
19,4322
21,4323
43,4326
43,4328
20,4330
3,4331
4,4334
4,4338
5,4341
49,4341
3,4342
17,4342
29,4342
10,4344
5,4346
18,4347
1,4349
30,4349
49,4349
17,4350
2,4352
1,4353
1,4354
2,4355
19,4357
3,4358
2,4359
23,4359
28,4360
4,4361
1,4362
2,4363
1,4365
20,4366
2,4367
5,4367
5,4369
40,4369
47,4369
1,4370
16,4370
50,4371
2,4372
26,4372
3,4373
43,4375
21,4376
4,4377
25,4379
40,4379
43,4381
41,4382
18,4385
28,4386
11,4396
19,4396
42,4396
16,4399
33,4399
1,4403
27,4403
1,4404
2,4405
1,4407
6,4407
2,4410
27,4414
37,4414
46,4417
2,4418
41,4420
31,4425
1,4427
18,4428
1,4429
40,4429
2,4430
1,4431
36,4431
48,4431
37,4434
2,4436
21,4436
2,4438
26,4442
3,4445
32,4445
4,4446
1,4447
39,4447
4,4448
1,4449
3,4449
21,4450
43,4450
2,4451
1,4452
2,4453
5,4453
2,4454
5,4454
47,4455
31,4458
13,4464
21,4465
1,4468
15,4469
30,4469
1,4470
31,4470
2,4471
2,4472
1,4474
3,4474
35,4474
4,4475
2,4477
5,4477
1,4478
5,4478
4,4479
1,4481
3,4481
21,4481
44,4482
9,4483
36,4484
29,4485
2,4489
13,4490
3,4492
4,4493
40,4493
1,4494
2,4496
25,4497
4,4498
5,4499
26,4499
5,4501
16,4501
18,4501
39,4501
2,4503
3,4503
10,4504
8,4505
14,4509
45,4512
12,4516
6,4520
16,4521
41,4521
45,4523
37,4529
3,4530
45,4532
46,4538
50,4541
32,4543
45,4543
21,4544
17,4545
24,4546
14,4548
20,4549
15,4550
48,4552
39,4554
3,4555
38,4555
41,4555
5,4556
18,4558
4,4559
42,4559
3,4560
22,4560
5,4561
4,4562
25,4564
3,4565
11,4566
44,4566
36,4567
4,4572
5,4574
4,4575
5,4576
19,4576
3,4577
27,4577
13,4578
13,4580
41,4581
13,4585
28,4588
1,4592
19,4592
1,4595
16,4595
2,4597
1,4598
49,4598
2,4599
23,4599
39,4599
50,4601
21,4601
47,4601
19,4602
2,4603
28,4606
50,4607
10,4608
1,4609
27,4609
48,4609
2,4610
1,4612
1,4613
2,4614
2,4616
11,4616
43,4623
45,4623
36,4624
3,4625
6,4625
13,4626
27,4626
4,4628
5,4629
4,4630
5,4631
3,4632
28,4632
44,4638
1,4639
14,4640
2,4641
35,4641
1,4642
8,4642
9,4643
45,4645
1,4646
3,4646
2,4648
2,4649
5,4649
10,4649
11,4649
36,4650
44,4650
5,4651
41,4652
4,4653
46,4653
3,4654
11,4654
27,4655
4,4656
3,4657
5,4658
4,4659
5,4663
3,4667
1,4668
17,4668
4,4669
1,4670
2,4671
18,4671
31,4671
33,4671
2,4673
23,4673
36,4673
1,4674
27,4674
2,4675
38,4676
42,4676
40,4677
31,4678
17,4680
28,4680
26,4682
16,4683
3,4684
11,4685
5,4686
24,4686
4,4688
5,4689
3,4690
33,4692
1,4693
2,4694
36,4694
1,4695
4,4695
2,4698
1,4702
2,4704
36,4705
3,4711
1,4713
4,4713
2,4714
1,4715
14,4715
2,4716
5,4716
30,4716
4,4718
7,4719
47,4719
3,4720
12,4720
1,4721
21,4721
2,4722
5,4723
3,4724
5,4725
4,4726
3,4727
9,4728
9,4732
12,4732
45,4732
4,4735
49,4736
5,4737
22,4737
10,4738
9,4739
39,4741
9,4742
31,4742
40,4745
8,4747
1,4749
49,4750
37,4751
2,4753
28,4753
29,4753
1,4755
13,4755
17,4756
42,4761
1,4765
2,4766
2,4767
38,4767
1,4769
44,4771
1,4772
2,4773
24,4773
2,4774
42,4774
1,4775
27,4775
2,4777
50,4779
3,4781
12,4783
28,4784
26,4785
40,4785
48,4786
40,4787
44,4787
50,4788
13,4790
1,4797
42,4797
48,4798
1,4800
48,4800
2,4801
49,4802
1,4803
29,4803
2,4805
30,4805
38,4805
23,4806
2,4808
30,4808
15,4809
14,4811
32,4811
24,4813
42,4815
22,4819
3,4820
4,4821
16,4821
39,4821
5,4822
23,4823
5,4824
3,4825
27,4825
4,4826
23,4828
29,4828
28,4829
25,4831
25,4832
1,4835
21,4835
49,4835
2,4836
17,4836
1,4837
20,4837
1,4839
2,4840
2,4842
16,4842
11,4848
18,4849
44,4854
7,4859
38,4859
13,4862
8,4863
29,4863
36,4864
29,4869
34,4869
38,4873
27,4876
7,4883
23,4885
22,4888
38,4888
3,4891
1,4892
5,4892
4,4893
1,4894
2,4895
2,4896
1,4897
19,4897
50,4898
4,4898
19,4898
2,4900
3,4900
5,4901
26,4903
1,4904
1,4905
7,4905
26,4905
2,4906
12,4907
1,4908
9,4908
24,4908
30,4908
2,4909
2,4910
3,4912
6,4913
38,4913
4,4915
3,4916
26,4916
34,4917
46,4917
36,4918
5,4919
46,4919
48,4919
4,4920
40,4920
5,4921
24,4924
16,4926
24,4926
11,4929
14,4929
5,4931
12,4936
25,4937
16,4939
29,4939
39,4939
7,4940
41,4941
27,4942
1,4945
1,4946
8,4946
2,4947
39,4947
2,4948
1,4949
2,4951
23,4951
13,4958
46,4958
11,4961
1,4970
8,4971
22,4971
1,4972
46,4972
2,4974
44,4974
2,4976
5,4977
1,4978
6,4979
2,4980
19,4981
31,4984
35,4984
28,4985
1,4988
1,4989
2,4991
20,4991
16,4993
48,4993
2,4994
1,4995
16,4995
1,4996
2,4998
19,4998
32,5000
32,5005
10,5006
36,5012
37,5012
1,5014
1,5015
7,5015
13,5015
20,5015
2,5016
1,5017
2,5018
9,5018
2,5019
13,5019
24,5025
1,5026
2,5027
1,5028
8,5028
2,5029
1,5031
31,5031
44,5032
2,5033
8,5036
42,5040
41,5042
17,5045
30,5045
46,5046
23,5047
3,5050
4,5051
5,5052
33,5055
3,5056
4,5057
5,5058
41,5058
3,5060
23,5060
5,5061
29,5061
34,5061
4,5062
5,5064
8,5064
46,5064
19,5068
4,5069
38,5072
29,5074
3,5075
36,5075
44,5080
23,5083
47,5088
35,5092
3,5093
4,5094
5,5095
4,5096
3,5097
22,5097
5,5099
21,5099
32,5102
22,5103
23,5107
3,5112
4,5114
5,5119
37,5121
3,5124
5,5126
4,5127
26,5133
15,5135
1,5137
1,5139
2,5141
1,5142
2,5143
2,5144
14,5144
49,5144
38,5145
17,5146
13,5148
34,5150
40,5150
49,5153
29,5158
50,5167
39,5167
15,5170
28,5170
41,5171
20,5175
22,5177
9,5179
35,5179
17,5180
45,5182
1,5183
1,5184
3,5187
23,5187
4,5188
2,5189
10,5189
1,5190
46,5190
9,5191
2,5192
2,5194
5,5194
4,5195
5,5196
1,5197
15,5197
2,5198
1,5199
1,5200
45,5201
2,5202
3,5202
2,5205
2,5206
10,5207
31,5207
18,5208
19,5208
45,5208
4,5213
7,5213
1,5216
39,5216
1,5220
2,5222
1,5223
13,5223
16,5223
2,5226
1,5229
10,5229
27,5229
8,5230
50,5231
2,5231
7,5231
10,5231
16,5233
43,5234
11,5235
15,5235
46,5237
49,5238
13,5240
8,5245
31,5245
35,5246
35,5247
9,5249
43,5250
35,5252
41,5252
35,5255
41,5261
15,5271
16,5274
13,5275
3,5277
49,5277
5,5278
30,5278
5,5279
22,5280
4,5281
43,5281
1,5283
2,5284
3,5284
38,5284
3,5285
1,5286
4,5286
15,5288
1,5289
42,5289
2,5291
25,5291
13,5292
2,5294
10,5294
15,5297
33,5299
11,5300
9,5302
40,5302
48,5302
29,5303
38,5303
9,5304
27,5305
25,5306
30,5312
35,5313
13,5314
9,5317
48,5317
49,5323
37,5325
1,5326
15,5326
1,5327
39,5328
2,5330
11,5330
2,5332
1,5334
2,5335
34,5335
13,5336
44,5340
10,5344
39,5344
45,5348
3,5350
14,5351
5,5353
4,5356
3,5358
5,5360
9,5362
27,5362
4,5363
20,5366
19,5370
45,5370
41,5371
18,5372
31,5375
1,5378
8,5379
9,5379
3,5380
2,5382
5,5382
8,5383
1,5384
2,5385
11,5385
1,5387
27,5387
28,5387
2,5388
5,5388
27,5388
4,5389
32,5389
4,5390
3,5393
40,5393
28,5395
27,5396
46,5396
42,5398
9,5399
33,5399
48,5399
12,5403
26,5404
44,5404
50,5409
49,5409
29,5410
42,5410
42,5414
17,5415
19,5415
19,5417
39,5417
14,5421
29,5427
47,5428
29,5429
31,5432
33,5432
34,5434
50,5438
13,5441
42,5444
1,5446
1,5447
2,5449
1,5453
2,5454
23,5454
2,5455
13,5455
41,5458
48,5459
37,5462
3,5463
4,5465
17,5465
49,5465
5,5467
4,5468
41,5468
11,5469
3,5470
15,5470
18,5470
5,5472
17,5473
7,5475
43,5475
1,5476
24,5476
25,5476
2,5478
14,5478
1,5479
1,5480
2,5481
3,5481
44,5481
2,5482
5,5482
43,5483
7,5485
39,5485
5,5486
22,5487
4,5488
7,5488
3,5489
23,5489
33,5489
4,5493
1,5494
27,5494
19,5496
46,5496
1,5497
3,5497
2,5499
4,5499
4,5500
3,5501
1,5502
5,5502
30,5502
5,5503
44,5504
2,5505
30,5507
2,5508
44,5509
45,5511
31,5515
47,5517
38,5519
28,5521
15,5522
14,5523
3,5525
5,5528
4,5529
48,5532
6,5534
37,5534
3,5535
22,5535
4,5536
8,5536
12,5537
5,5538
18,5541
44,5541
44,5543
28,5545
22,5546
49,5548
26,5549
6,5551
45,5551
19,5557
40,5558
18,5559
3,5561
26,5562
29,5564
4,5568
5,5570
1,5571
2,5574
4,5574
23,5574
1,5575
3,5575
1,5576
5,5578
2,5580
2,5581
8,5582
43,5586
26,5590
26,5591
8,5593
28,5595
3,5598
4,5599
5,5599
9,5600
43,5601
24,5602
33,5602
34,5602
41,5602
4,5603
24,5603
49,5603
1,5606
4,5606
3,5607
36,5607
16,5609
5,5610
19,5610
37,5613
3,5614
21,5618
5,5619
48,5619
4,5621
3,5622
1,5623
4,5623
1,5624
5,5625
31,5628
2,5629
1,5630
7,5630
32,5630
2,5634
42,5635
2,5636
10,5637
39,5637
11,5639
36,5639
18,5640
34,5640
21,5643
16,5647
11,5650
21,5653
48,5653
10,5658
37,5658
12,5660
36,5661
1,5663
31,5664
2,5665
33,5665
1,5668
2,5669
11,5669
1,5670
32,5671
2,5672
1,5675
21,5676
1,5677
13,5677
21,5678
2,5682
1,5684
2,5686
9,5686
2,5687
32,5687
8,5697
29,5700
22,5701
8,5702
19,5702
32,5703
44,5703
28,5705
27,5706
46,5708
16,5712
45,5712
14,5715
40,5715
32,5720
36,5720
20,5722
10,5728
20,5728
6,5735
28,5736
3,5738
4,5739
31,5739
5,5742
25,5742
35,5742
23,5743
3,5744
5,5745
4,5746
22,5750
41,5751
37,5755
24,5756
33,5760
48,5760
9,5764
5,5765
6,5767
34,5767
10,5769
5,5770
7,5771
10,5772
6,5773
38,5784
39,5784
1,5785
1,5788
2,5790
1,5791
31,5792
2,5793
44,5794
2,5795
22,5795
42,5796
3,5798
1,5799
7,5799
38,5799
4,5800
44,5800
1,5801
4,5801
5,5802
3,5803
2,5804
9,5805
20,5805
5,5806
2,5808
23,5809
1,5810
37,5810
2,5811
17,5811
32,5813
18,5815
1,5816
21,5816
2,5818
42,5819
8,5821
34,5821
1,5822
29,5823
1,5824
7,5824
2,5825
2,5827
28,5828
45,5829
28,5833
8,5835
50,5836
48,5839
14,5840
25,5841
42,5841
47,5841
23,5842
35,5843
46,5844
18,5845
33,5846
7,5849
14,5850
34,5850
33,5853
47,5853
15,5855
49,5856
3,5859
1,5862
25,5862
38,5862
2,5863
4,5863
20,5863
27,5863
1,5864
1,5865
13,5865
25,5865
2,5866
49,5866
5,5867
21,5867
4,5868
5,5869
3,5870
45,5870
9,5872
3,5873
2,5874
4,5876
5,5878
43,5878
3,5880
5,5881
1,5882
4,5884
29,5884
1,5886
2,5887
29,5887
2,5890
1,5891
2,5892
23,5898
33,5900
15,5901
16,5902
1,5907
1,5908
14,5909
28,5909
50,5911
2,5913
2,5914
1,5915
2,5916
14,5916
8,5921
6,5924
28,5929
26,5930
3,5931
5,5932
5,5933
4,5934
34,5934
3,5935
4,5936
38,5937
50,5938
46,5938
6,5940
50,5943
18,5945
43,5946
34,5948
36,5951
29,5955
6,5956
15,5957
44,5957
50,5961
3,5962
42,5962
43,5963
37,5964
12,5965
5,5967
13,5968
1,5971
4,5972
5,5973
4,5976
29,5976
1,5978
3,5978
2,5980
48,5980
1,5981
42,5982
2,5983
2,5984
22,5986
41,5986
28,5987
37,5987
24,5989
1,5992
45,5994
3,5997
4,5998
5,6000
12,6000
5,6001
28,6001
3,6002
4,6003
36,6003
49,6004
3,6005
32,6006
39,6006
4,6008
12,6008
15,6008
30,6008
17,6009
6,6010
8,6011
5,6013
4,6014
5,6015
35,6015
26,6016
3,6017
39,6018
43,6020
19,6026
42,6026
14,6034
19,6034
30,6037
34,6037
46,6038
20,6040
30,6041
13,6043
2,6044
47,6046
17,6047
30,6051
1,6055
39,6055
2,6056
1,6057
47,6057
1,6058
33,6059
2,6060
20,6060
21,6061
41,6061
2,6063
12,6063
32,6063
23,6066
1,6067
34,6067
1,6068
2,6068
1,6069
2,6070
1,6072
3,6075
5,6077
2,6078
42,6078
4,6079
3,6082
4,6083
5,6085
24,6085
34,6094
16,6100
39,6100
32,6102
1,6110
34,6110
19,6112
2,6114
1,6115
41,6115
42,6116
2,6117
1,6118
2,6119
35,6119
45,6120
2,6121
45,6123
48,6126
19,6129
8,6130
25,6134
27,6136
40,6142
3,6143
34,6144
5,6145
26,6145
4,6147
5,6148
17,6148
3,6150
29,6151
4,6153
22,6155
38,6157
45,6157
25,6160
35,6163
34,6166
1,6167
46,6167
2,6168
23,6170
40,6171
1,6172
1,6173
1,6174
2,6175
3,6175
9,6176
2,6178
4,6180
1,6181
4,6182
2,6183
5,6183
1,6184
1,6185
2,6187
5,6187
3,6188
2,6191
16,6195
28,6195
40,6198
31,6201
18,6203
43,6204
26,6205
36,6205
43,6208
50,6209
40,6209
28,6211
3,6213
4,6215
6,6216
22,6216
5,6217
35,6219
5,6220
20,6221
26,6221
4,6222
10,6222
3,6223
32,6223
9,6226
42,6228
48,6230
14,6232
1,6233
1,6234
38,6236
44,6237
2,6238
2,6239
19,6239
7,6240
22,6240
1,6241
2,6242
25,6246
43,6246
45,6251
15,6254
30,6256
45,6256
6,6257
35,6258
46,6258
37,6261
35,6266
20,6267
3,6268
4,6269
41,6269
3,6270
46,6270
5,6271
12,6271
3,6272
42,6272
5,6273
4,6275
33,6275
41,6279
30,6280
8,6283
32,6284
19,6286
4,6287
18,6287
7,6290
46,6290
40,6295
19,6296
32,6296
34,6300
28,6301
26,6303
28,6303
46,6307
14,6312
23,6314
30,6314
40,6314
35,6316
45,6328
19,6331
41,6331
22,6332
26,6332
46,6336
16,6338
3,6341
48,6342
38,6344
39,6344
18,6345
7,6347
45,6347
40,6349
46,6349
10,6350
27,6352
12,6357
19,6359
39,6360
39,6361
21,6363
18,6365
11,6366
1,6372
9,6374
29,6376
50,6377
1,6378
12,6378
24,6379
2,6380
18,6380
29,6382
39,6383
46,6385
1,6388
24,6389
2,6391
18,6391
32,6391
2,6392
1,6393
49,6393
28,6399
29,6399
26,6403
21,6406
39,6406
33,6409
12,6412
1,6414
1,6415
2,6416
1,6417
2,6418
32,6418
40,6418
2,6419
37,6422
26,6423
47,6429
27,6431
34,6431
44,6431
38,6433
6,6437
18,6439
3,6440
43,6441
20,6442
40,6442
8,6445
5,6447
32,6447
4,6448
4,6449
5,6450
16,6451
3,6452
19,6452
34,6452
31,6453
36,6453
38,6454
1,6456
1,6457
12,6457
31,6457
2,6458
7,6458
1,6459
2,6460
37,6460
2,6461
1,6462
16,6462
1,6463
2,6465
1,6466
2,6467
36,6467
35,6468
12,6470
2,6472
9,6472
13,6473
27,6473
46,6473
49,6475
31,6477
26,6479
10,6482
26,6482
38,6482
44,6482
26,6483
31,6483
3,6484
5,6486
23,6486
5,6487
11,6487
8,6490
1,6492
4,6492
24,6492
30,6492
38,6492
4,6493
3,6494
1,6498
2,6500
37,6500
1,6501
1,6502
2,6503
30,6503
2,6504
3,6508
1,6509
4,6509
5,6510
1,6511
4,6511
48,6511
2,6512
26,6512
1,6513
2,6515
39,6515
2,6516
3,6516
27,6516
5,6517
38,6519
3,6520
4,6522
4,6523
1,6524
5,6524
37,6525
2,6526
42,6526
3,6528
36,6528
1,6529
5,6529
2,6531
37,6531
1,6532
2,6534
6,6537
12,6538
13,6538
3,6539
11,6539
37,6539
26,6543
40,6544
5,6546
4,6547
14,6547
4,6548
50,6549
3,6549
5,6549
47,6549
13,6552
5,6554
39,6557
16,6560
1,6563
1,6564
2,6565
2,6566
21,6568
1,6570
31,6570
2,6572
11,6572
46,6572
19,6573
40,6573
1,6574
14,6574
1,6575
2,6576
1,6579
2,6580
2,6581
43,6581
42,6586
3,6588
4,6590
4,6591
5,6592
3,6594
5,6595
22,6595
48,6597
35,6599
28,6603
3,6606
26,6607
5,6609
1,6610
43,6610
4,6611
34,6612
3,6613
50,6614
2,6615
4,6615
1,6616
43,6616
5,6618
30,6618
49,6618
1,6619
2,6621
2,6622
46,6624
49,6624
27,6625
2,6630
22,6630
37,6633
16,6634
30,6634
46,6634
6,6635
7,6635
9,6641
8,6642
13,6642
32,6643
23,6646
48,6647
29,6649
36,6649
15,6651
16,6652
28,6652
49,6652
36,6653
18,6660
23,6662
48,6670
18,6673
6,6674
47,6675
1,6676
23,6676
1,6678
35,6678
2,6679
1,6680
22,6680
28,6680
2,6681
36,6684
2,6685
7,6685
14,6686
6,6687
8,6687
15,6688
1,6692
8,6695
12,6697
8,6702
1,6703
22,6703
28,6706
1,6709
27,6709
2,6710
2,6711
46,6712
1,6713
3,6713
43,6713
2,6714
5,6714
35,6714
4,6715
50,6716
4,6716
5,6717
40,6717
49,6717
31,6718
35,6718
3,6719
1,6720
2,6722
7,6722
1,6723
3,6723
7,6723
1,6725
2,6726
4,6726
44,6726
2,6727
5,6727
5,6728
21,6728
3,6729
31,6729
32,6729
4,6731
19,6731
48,6731
7,6732
10,6733
42,6735
49,6735
46,6742
1,6744
2,6745
3,6745
37,6745
1,6747
4,6749
1,6750
13,6751
20,6751
5,6752
47,6752
4,6753
2,6754
5,6754
33,6754
3,6755
7,6755
50,6756
21,6758
29,6758
2,6759
9,6759
36,6759
14,6760
15,6760
29,6760
10,6767
23,6767
1,6769
1,6771
2,6772
37,6772
45,6772
40,6773
31,6775
2,6776
42,6776
1,6778
37,6779
2,6780
3,6780
32,6780
4,6781
5,6783
3,6784
34,6784
33,6785
1,6787
50,6789
4,6789
1,6790
5,6790
2,6791
1,6792
1,6793
20,6794
34,6795
2,6796
28,6796
31,6796
2,6799
1,6800
19,6800
1,6801
2,6802
1,6803
30,6804
2,6805
2,6810
40,6818
50,6819
1,6822
24,6822
2,6823
7,6823
1,6824
15,6824
24,6824
40,6825
2,6826
41,6826
1,6827
27,6828
2,6829
18,6829
49,6830
14,6832
9,6833
16,6838
26,6838
47,6839
8,6840
2,6841
4,6842
14,6844
1,6849
2,6850
29,6850
1,6852
1,6853
2,6854
10,6854
2,6855
38,6856
21,6859
3,6861
45,6861
3,6862
4,6863
25,6863
46,6863
3,6866
5,6867
4,6868
45,6868
15,6869
5,6870
6,6870
36,6870
10,6872
9,6877
39,6878
47,6878
18,6881
33,6881
50,6882
44,6884
46,6885
19,6886
34,6886
41,6888
9,6889
25,6889
16,6892
23,6892
13,6896
25,6897
44,6897
24,6902
3,6903
46,6903
4,6904
32,6905
4,6906
5,6909
48,6912
3,6913
5,6914
21,6914
29,6914
20,6915
49,6917
4,6919
11,6919
9,6922
24,6924
29,6924
14,6926
8,6928
9,6929
9,6931
37,6932
22,6935
26,6936
47,6936
12,6939
10,6945
27,6945
21,6946
4,6948
12,6948
11,6951
39,6954
42,6955
24,6957
25,6957
11,6958
32,6958
47,6958
1,6960
3,6961
6,6961
1,6962
23,6962
30,6963
32,6963
2,6965
5,6965
35,6967
2,6969
4,6969
28,6969
38,6969
4,6970
20,6970
1,6971
2,6972
5,6972
3,6974
14,6976
24,6976
28,6980
3,6981
11,6982
15,6982
1,6985
5,6985
1,6986
5,6986
5,6987
9,6987
4,6988
17,6988
26,6988
2,6989
4,6989
1,6990
3,6990
29,6990
2,6991
17,6991
50,6992
2,6992
6,7000
38,7002
17,7006
50,7010
35,7011
25,7014
29,7016
20,7017
27,7017
33,7019
37,7021
10,7022
1,7024
39,7024
23,7025
50,7026
13,7026
19,7027
24,7027
8,7028
32,7028
20,7029
18,7036
47,7037
3,7042
12,7042
4,7043
5,7044
38,7044
4,7045
5,7049
34,7049
3,7050
22,7050
28,7051
49,7052
17,7053
50,7055
48,7057
29,7058
46,7060
30,7061
7,7063
29,7063
14,7066
46,7066
28,7068
1,7070
10,7070
1,7072
2,7073
2,7074
1,7076
35,7077
2,7078
3,7078
4,7082
3,7085
49,7085
10,7086
5,7087
5,7088
38,7088
48,7088
41,7089
4,7090
20,7092
6,7093
1,7096
38,7097
2,7098
20,7098
42,7098
1,7100
24,7101
29,7101
7,7103
2,7104
36,7104
1,7105
18,7105
2,7107
42,7107
10,7109
49,7110
30,7118
10,7119
36,7120
8,7121
48,7122
41,7126
1,7129
1,7130
2,7131
2,7132
1,7133
41,7134
44,7136
2,7137
20,7139
29,7139
35,7140
3,7143
12,7143
4,7145
5,7146
42,7146
26,7147
5,7148
47,7148
3,7149
4,7151
9,7151
3,7154
25,7154
5,7155
44,7155
4,7156
4,7157
12,7157
22,7157
41,7158
5,7159
3,7160
26,7160
37,7160
40,7161
18,7166
7,7167
50,7168
1,7168
2,7169
1,7170
36,7171
38,7171
2,7172
1,7173
35,7175
2,7176
4,7177
33,7177
19,7178
3,7180
1,7183
4,7183
3,7185
2,7186
1,7187
2,7188
5,7188
1,7189
4,7189
26,7189
2,7190
5,7190
9,7190
41,7191
48,7193
36,7196
26,7198
41,7199
29,7200
17,7203
2,7205
28,7205
6,7208
21,7208
35,7210
5,7213
26,7213
43,7214
46,7215
48,7220
9,7222
48,7222
39,7224
20,7233
3,7236
4,7240
20,7240
34,7240
18,7241
1,7242
26,7242
2,7243
4,7243
1,7244
5,7244
7,7244
24,7244
3,7245
5,7246
6,7246
44,7247
2,7248
22,7248
1,7249
3,7249
29,7249
4,7250
5,7251
2,7252
4,7252
12,7252
14,7252
39,7253
39,7254
5,7255
3,7256
1,7260
48,7260
2,7261
1,7262
28,7262
2,7263
1,7264
3,7265
2,7266
28,7266
1,7267
1,7268
4,7268
2,7269
3,7270
5,7271
1,7272
2,7274
4,7274
36,7274
2,7275
5,7275
27,7276
1,7277
2,7278
37,7278
1,7279
38,7279
41,7280
2,7282
1,7283
2,7287
16,7287
25,7287
38,7293
49,7293
42,7295
43,7296
18,7298
27,7298
11,7301
5,7305
7,7307
44,7307
2,7309
1,7314
44,7316
1,7317
3,7318
9,7318
35,7318
12,7319
2,7320
1,7321
5,7321
5,7322
48,7322
4,7324
2,7325
4,7325
14,7325
2,7327
3,7328
40,7333
22,7337
25,7337
6,7338
11,7340
15,7340
46,7342
1,7345
2,7346
39,7346
36,7347
1,7353
21,7354
1,7355
35,7355
35,7357
2,7358
44,7358
24,7359
3,7360
38,7360
41,7360
2,7361
4,7361
15,7361
5,7364
5,7365
24,7365
3,7366
12,7366
21,7366
23,7367
4,7369
37,7369
30,7371
35,7372
12,7373
21,7373
24,7374
20,7382
46,7383
41,7384
42,7387
2,7388
16,7388
34,7390
46,7392
39,7393
31,7395
19,7397
30,7398
25,7401
23,7404
29,7404
19,7408
19,7415
34,7415
46,7415
21,7419
3,7420
5,7421
14,7423
29,7423
36,7423
4,7425
5,7426
3,7428
4,7429
26,7429
9,7430
50,7438
24,7439
46,7440
3,7442
23,7442
42,7443
1,7444
8,7444
34,7444
1,7445
4,7445
30,7445
5,7446
28,7446
46,7446
3,7447
2,7449
5,7449
45,7449
4,7450
2,7451
1,7452
19,7455
33,7455
2,7457
6,7459
6,7468
8,7471
14,7477
7,7479
7,7480
47,7484
38,7486
24,7488
24,7489
11,7490
3,7494
4,7497
4,7498
27,7498
14,7500
42,7500
3,7501
5,7502
5,7503
44,7506
1,7508
7,7510
3,7511
1,7512
2,7513
4,7513
1,7514
5,7514
5,7516
2,7517
4,7517
48,7517
21,7518
27,7518
2,7519
3,7519
38,7519
41,7521
40,7524
1,7528
27,7529
1,7531
10,7531
35,7531
44,7531
36,7533
2,7534
1,7535
2,7536
2,7537
1,7538
23,7542
44,7542
3,7545
38,7545
1,7547
4,7547
2,7548
5,7548
2,7549
1,7550
5,7550
3,7551
22,7551
2,7552
4,7552
2,7553
16,7553
18,7555
42,7556
1,7558
36,7558
22,7560
1,7561
16,7562
47,7562
2,7564
10,7564
25,7565
1,7567
2,7568
2,7569
28,7570
14,7572
9,7573
11,7574
28,7575
13,7576
25,7576
11,7577
7,7578
25,7579
1,7584
17,7585
22,7590
17,7591
19,7591
20,7591
31,7591
36,7594
46,7594
11,7598
1,7599
12,7600
2,7603
19,7603
1,7605
2,7606
49,7607
1,7608
3,7609
2,7610
4,7610
3,7612
5,7613
4,7614
5,7615
3,7616
26,7616
5,7617
48,7617
4,7618
44,7618
4,7619
21,7620
3,7621
5,7623
16,7624
6,7625
3,7628
29,7628
27,7629
5,7630
4,7632
4,7633
10,7634
30,7635
5,7636
40,7637
3,7638
3,7640
4,7641
40,7641
5,7642
4,7643
3,7645
35,7645
5,7646
49,7648
25,7650
48,7650
50,7653
3,7653
33,7653
45,7654
36,7656
5,7657
39,7658
18,7660
11,7661
9,7662
1,7663
41,7663
4,7664
35,7664
2,7665
22,7665
37,7665
1,7666
3,7666
6,7666
4,7667
41,7667
5,7668
2,7669
2,7670
22,7671
31,7671
1,7672
39,7673
2,7674
15,7674
45,7676
18,7679
32,7680
32,7681
46,7681
35,7693
32,7695
40,7695
6,7697
29,7698
3,7700
19,7700
42,7700
4,7702
8,7702
5,7703
4,7705
10,7705
5,7707
3,7709
48,7711
35,7714
1,7715
35,7716
2,7718
16,7718
36,7719
1,7721
37,7721
46,7721
2,7724
3,7724
20,7724
1,7725
9,7726
2,7728
25,7730
41,7730
45,7735
42,7738
25,7739
45,7739
18,7741
6,7745
45,7746
25,7747
18,7750
34,7751
1,7755
44,7755
12,7756
28,7760
46,7761
6,7763
39,7763
17,7764
1,7765
1,7766
2,7767
6,7767
20,7767
26,7767
46,7768
1,7771
2,7772
48,7775
2,7776
47,7776
9,7777
42,7778
31,7779
12,7785
19,7785
10,7788
36,7795
47,7800
15,7801
6,7802
22,7807
24,7807
23,7808
19,7810
37,7811
27,7812
3,7814
8,7814
29,7814
45,7815
4,7816
4,7817
5,7818
44,7819
3,7821
45,7821
5,7823
1,7826
1,7827
9,7827
2,7828
14,7828
2,7829
13,7829
1,7830
12,7830
2,7832
37,7833
38,7833
18,7837
1,7838
2,7840
1,7841
3,7841
1,7843
4,7844
50,7845
3,7845
2,7847
49,7847
5,7848
26,7848
2,7850
47,7850
4,7851
5,7853
34,7853
43,7853
12,7857
15,7863
41,7863
10,7867
39,7868
36,7869
23,7872
11,7875
1,7876
1,7877
2,7878
1,7879
2,7880
2,7881
25,7889
37,7889
47,7889
13,7891
34,7891
17,7892
22,7892
18,7897
3,7898
34,7898
4,7899
15,7899
36,7901
5,7902
44,7903
5,7904
3,7905
4,7907
47,7907
3,7910
5,7913
4,7914
5,7915
3,7919
39,7919
4,7920
32,7922
43,7928
12,7929
49,7929
40,7931
43,7935
18,7936
48,7936
36,7938
45,7938
28,7942
8,7947
9,7956
48,7956
8,7958
48,7958
20,7960
23,7960
18,7961
43,7961
3,7967
4,7968
4,7969
16,7969
45,7969
3,7970
5,7971
31,7971
5,7972
20,7974
40,7974
1,7975
2,7976
1,7977
28,7977
2,7978
48,7978
1,7979
39,7982
2,7983
46,7984
6,7986
23,7986
3,7988
30,7988
45,7989
5,7991
4,7992
18,7993
4,7995
22,7995
5,7997
20,7997
3,7999
3,8002
6,8005
21,8005
34,8006
4,8007
4,8008
5,8011
3,8014
5,8015
41,8015
1,8018
2,8019
11,8019
10,8020
1,8021
1,8024
2,8025
2,8026
33,8027
43,8030
3,8033
4,8034
12,8035
22,8035
22,8036
4,8037
10,8037
3,8038
39,8039
5,8040
19,8040
5,8041
34,8041
37,8042
21,8046
20,8051
50,8053
6,8055
9,8057
19,8062
42,8064
46,8064
13,8065
17,8065
3,8066
4,8067
23,8067
34,8067
3,8069
17,8069
4,8070
14,8071
29,8072
5,8073
5,8075
19,8076
21,8076
32,8077
7,8082
23,8082
12,8085
47,8086
14,8087
38,8091
3,8093
18,8095
14,8096
4,8097
5,8098
4,8100
24,8101
5,8102
1,8104
3,8104
1,8105
36,8105
2,8106
1,8107
2,8108
2,8111
10,8118
29,8122
44,8122
5,8123
33,8127
3,8128
11,8128
4,8130
41,8130
4,8133
5,8135
24,8135
3,8136
5,8138
14,8138
7,8142
22,8142
8,8144
40,8146
21,8147
39,8147
1,8148
24,8148
1,8149
2,8150
5,8150
45,8151
2,8152
1,8154
2,8156
23,8158
17,8160
46,8160
36,8162
21,8163
42,8164
45,8165
22,8166
16,8170
32,8173
10,8179
50,8180
40,8180
46,8181
41,8183
35,8186
47,8186
46,8187
8,8189
11,8189
41,8189
28,8193
1,8194
45,8195
2,8196
1,8197
1,8199
2,8200
2,8201
34,8201
47,8205
37,8209
35,8210
1,8216
6,8216
2,8219
1,8220
1,8221
23,8221
2,8223
3,8224
2,8225
45,8225
4,8226
5,8227
23,8227
40,8228
45,8230
5,8231
4,8232
17,8232
3,8233
45,8233
23,8234
38,8235
1,8238
3,8238
30,8238
1,8239
10,8239
4,8240
5,8241
5,8242
2,8243
3,8243
1,8244
2,8245
4,8245
2,8246
10,8246
47,8247
29,8248
3,8258
4,8261
12,8261
5,8262
50,8266
3,8267
1,8269
5,8269
2,8270
4,8270
16,8270
1,8271
10,8275
2,8277
44,8277
1,8279
3,8279
2,8280
9,8280
5,8281
26,8281
29,8285
4,8286
3,8288
35,8289
5,8290
4,8292
40,8300
17,8301
3,8302
4,8303
27,8303
21,8304
50,8305
3,8306
5,8307
11,8307
5,8308
4,8309
13,8312
49,8312
39,8313
49,8314
7,8315
15,8316
18,8316
19,8318
38,8325
26,8326
31,8326
13,8330
17,8331
45,8332
3,8333
5,8335
5,8336
37,8336
4,8337
3,8339
4,8340
25,8343
38,8346
37,8347
33,8355
45,8357
1,8360
12,8360
1,8361
2,8362
34,8362
2,8363
19,8363
1,8364
50,8365
2,8365
41,8365
10,8366
13,8368
47,8368
7,8369
6,8372
19,8372
47,8372
49,8372
47,8374
16,8378
13,8381
17,8382
31,8383
41,8383
8,8384
17,8385
18,8385
1,8386
33,8387
9,8388
19,8388
20,8391
36,8397
28,8399
14,8400
25,8401
44,8402
9,8404
27,8404
39,8405
3,8407
4,8409
4,8410
3,8411
12,8411
49,8411
5,8413
16,8413
5,8414
22,8416
1,8417
2,8418
13,8418
1,8420
35,8420
2,8421
3,8422
1,8423
12,8423
2,8424
5,8424
34,8425
4,8427
7,8429
4,8430
3,8432
5,8433
29,8433
26,8434
9,8437
35,8438
16,8439
27,8442
29,8449
3,8450
9,8451
5,8452
22,8453
4,8454
3,8455
13,8455
19,8455
5,8456
11,8458
45,8458
4,8459
19,8460
42,8462
12,8465
34,8467
43,8467
40,8468
33,8469
49,8469
21,8470
24,8474
37,8475
9,8478
7,8481
35,8481
38,8481
40,8481
7,8482
37,8483
13,8486
38,8486
31,8488
21,8492
30,8493
22,8494
22,8496
39,8497
15,8498
28,8499
6,8502
35,8508
38,8510
49,8510
15,8513
43,8514
41,8515
47,8515
26,8516
29,8516
26,8517
47,8517
13,8518
12,8519
27,8519
36,8522
32,8523
11,8524
3,8526
5,8527
4,8528
40,8528
8,8529
13,8529
3,8531
5,8532
4,8533
47,8536
3,8538
4,8540
9,8540
48,8541
5,8543
50,8544
43,8544
4,8545
3,8546
6,8547
5,8548
20,8550
28,8550
38,8551
41,8552
36,8554
15,8555
6,8558
11,8558
12,8559
25,8560
40,8563
42,8566
6,8567
38,8568
27,8570
9,8573
21,8573
44,8575
1,8576
2,8576
1,8578
2,8579
2,8580
1,8581
44,8581
8,8582
2,8584
3,8585
4,8586
4,8587
12,8587
1,8588
5,8588
2,8589
1,8590
5,8590
46,8590
3,8591
1,8592
4,8592
39,8592
34,8593
2,8594
40,8594
3,8595
5,8596
37,8596
2,8598
5,8598
1,8599
36,8599
4,8600
2,8601
1,8602
37,8602
3,8603
4,8604
3,8606
7,8606
1,8607
2,8608
23,8608
2,8609
5,8609
20,8609
16,8610
35,8610
4,8611
46,8616
5,8619
4,8621
24,8621
3,8622
28,8622
3,8623
4,8624
3,8626
18,8627
5,8628
5,8629
7,8629
12,8629
18,8629
4,8630
38,8636
23,8638
6,8641
15,8643
28,8643
37,8643
22,8645
12,8648
28,8650
38,8650
41,8651
39,8653
17,8655
50,8657
1,8657
11,8657
14,8657
2,8660
41,8660
1,8662
2,8663
1,8665
2,8666
27,8669
10,8670
32,8670
13,8672
41,8673
14,8676
19,8677
21,8679
29,8679
21,8683
1,8687
44,8690
1,8691
2,8692
10,8692
12,8694
48,8694
1,8695
45,8695
2,8696
1,8698
13,8698
26,8698
33,8698
49,8698
2,8699
21,8700
11,8701
36,8708
38,8711
10,8712
10,8713
31,8713
6,8716
10,8716
19,8717
35,8721
3,8722
37,8722
4,8723
5,8724
4,8725
9,8725
18,8725
36,8727
40,8729
3,8730
14,8730
5,8733
14,8736
48,8737
41,8739
42,8739
3,8740
12,8741
4,8743
5,8745
3,8746
4,8748
5,8749
23,8751
1,8752
2,8754
45,8755
1,8756
35,8756
47,8756
2,8757
1,8759
13,8759
2,8760
7,8762
16,8762
23,8762
22,8763
22,8765
43,8765
16,8766
24,8766
20,8769
19,8772
50,8774
3,8775
20,8775
38,8776
4,8778
33,8778
13,8779
39,8781
3,8782
36,8785
49,8785
1,8789
26,8789
1,8790
3,8790
13,8792
2,8793
5,8793
29,8793
4,8794
27,8794
5,8795
2,8799
23,8801
36,8801
1,8802
20,8802
9,8803
2,8804
11,8807
41,8809
19,8812
36,8812
38,8812
50,8816
21,8818
27,8818
33,8818
7,8820
45,8823
3,8824
45,8824
4,8825
1,8826
5,8826
2,8828
1,8829
5,8830
3,8831
20,8831
1,8832
4,8832
2,8834
13,8834
47,8834
2,8836
26,8836
49,8836
18,8841
13,8844
26,8852
35,8854
1,8856
2,8857
1,8858
36,8858
2,8860
3,8861
13,8861
4,8862
4,8863
3,8864
1,8865
5,8865
2,8866
5,8868
38,8869
38,8875
38,8879
50,8881
34,8881
22,8885
41,8885
9,8887
29,8887
25,8889
33,8889
43,8889
18,8891
41,8894
46,8895
33,8900
36,8901
17,8902
1,8904
3,8905
19,8905
2,8906
1,8907
4,8907
44,8907
46,8907
2,8908
5,8909
13,8909
1,8910
18,8910
2,8911
3,8911
4,8912
18,8913
5,8914
43,8915
33,8916
18,8918
45,8925
20,8926
29,8926
36,8928
8,8931
47,8931
24,8932
15,8934
46,8937
47,8938
12,8940
29,8940
9,8955
41,8956
35,8958
43,8958
37,8959
30,8961
43,8961
24,8962
8,8970
37,8970
30,8975
40,8976
39,8977
11,8983
7,8984
45,8985
24,8986
10,8990
32,8990
30,8992
7,8993
17,8993
50,8994
3,8995
20,8995
4,8996
5,8997
37,8997
4,8999
26,8999
5,9000
3,9001
50,9002
18,9003
3,9008
31,9008
2,9009
42,9009
4,9010
5,9011
6,9013
3,9014
49,9014
4,9016
5,9016
43,9018
5,9019
3,9023
4,9024
5,9026
4,9027
5,9028
3,9030
14,9030
35,9035
26,9042
19,9043
19,9046
42,9046
3,9047
43,9047
18,9049
4,9050
15,9050
3,9051
32,9051
4,9052
35,9052
24,9053
39,9053
5,9055
5,9056
12,9056
27,9058
6,9059
27,9061
38,9063
9,9065
45,9065
19,9069
17,9074
28,9074
1,9076
48,9078
27,9080
21,9081
27,9081
1,9084
1,9090
42,9092
1,9093
46,9095
2,9096
1,9099
2,9100
2,9101
3,9105
4,9106
27,9106
3,9107
6,9107
4,9108
5,9109
7,9110
5,9111
11,9111
17,9111
40,9113
21,9115
3,9120
4,9121
28,9121
45,9122
1,9123
24,9123
35,9123
1,9124
2,9125
11,9125
2,9126
5,9126
4,9127
3,9128
1,9130
2,9131
50,9132
5,9132
29,9133
25,9136
39,9136
45,9137
21,9141
41,9142
10,9143
25,9144
42,9145
14,9150
33,9151
3,9153
18,9153
31,9154
5,9155
17,9155
4,9156
1,9157
15,9157
1,9158
41,9158
2,9160
19,9160
4,9161
18,9161
21,9161
47,9161
1,9162
41,9162
33,9163
5,9164
39,9164
2,9165
3,9165
2,9166
12,9170
1,9171
3,9171
1,9172
2,9173
9,9173
2,9174
1,9175
2,9176
50,9178
4,9178
3,9179
4,9181
5,9182
5,9183
11,9184
6,9189
47,9189
13,9196
23,9197
41,9198
36,9199
1,9200
24,9200
1,9202
17,9203
41,9203
2,9205
3,9205
12,9205
49,9205
1,9206
2,9207
4,9208
12,9208
2,9209
18,9209
5,9210
4,9211
44,9211
3,9212
26,9212
27,9212
5,9214
31,9216
1,9217
2,9219
1,9220
3,9222
14,9222
24,9222
1,9223
5,9223
2,9225
4,9225
2,9226
3,9226
4,9228
36,9228
5,9229
42,9236
8,9240
40,9243
45,9245
32,9248
17,9249
23,9249
46,9250
8,9256
42,9256
12,9257
45,9265
4,9266
11,9268
15,9268
28,9269
25,9270
39,9272
40,9272
15,9277
43,9278
50,9279
12,9280
45,9281
1,9284
44,9286
50,9294
10,9295
20,9295
14,9296
22,9296
14,9298
6,9299
23,9299
20,9304
47,9305
11,9307
10,9309
1,9310
3,9312
17,9312
7,9313
1,9314
48,9314
4,9315
2,9316
1,9317
41,9317
2,9318
7,9318
17,9318
47,9318
2,9319
3,9319
25,9320
39,9320
5,9325
4,9326
5,9327
6,9327
16,9330
40,9330
36,9332
34,9335
1,9336
14,9336
30,9336
39,9336
2,9337
1,9339
45,9339
35,9341
2,9342
8,9342
1,9344
2,9346
47,9346
1,9351
21,9351
2,9354
1,9356
11,9356
1,9357
22,9357
2,9359
2,9360
37,9360
40,9361
50,9364
47,9364
12,9366
39,9368
20,9369
14,9372
32,9372
45,9372
3,9373
4,9374
18,9374
23,9374
24,9375
5,9376
4,9380
29,9380
2,9381
5,9381
3,9382
1,9387
9,9387
2,9390
2,9391
10,9391
28,9391
1,9392
40,9392
32,9393
1,9394
50,9396
2,9396
41,9396
2,9397
15,9397
7,9398
13,9399
35,9402
23,9405
36,9406
16,9407
41,9408
30,9409
46,9409
6,9412
12,9414
36,9415
30,9416
20,9418
1,9422
1,9423
2,9424
37,9424
2,9426
28,9427
1,9428
2,9430
31,9430
35,9430
1,9432
16,9432
2,9433
1,9434
2,9436
9,9438
3,9441
27,9441
4,9442
13,9442
43,9442
3,9444
9,9444
1,9445
4,9445
21,9445
2,9446
5,9446
43,9447
5,9450
24,9450
42,9451
34,9453
1,9454
1,9456
42,9456
2,9457
2,9458
1,9459
18,9459
2,9460
12,9460
20,9460
20,9461
21,9461
26,9461
15,9466
50,9468
23,9475
14,9480
29,9480
3,9482
5,9483
4,9484
5,9485
25,9485
1,9486
39,9486
4,9487
39,9487
1,9488
47,9488
49,9488
2,9490
3,9490
30,9491
2,9493
12,9495
30,9495
1,9497
2,9498
1,9502
2,9504
1,9506
30,9506
49,9506
34,9507
1,9509
2,9510
2,9512
32,9512
1,9513
43,9513
1,9514
25,9515
2,9516
45,9516
1,9517
2,9520
12,9521
3,9524
2,9525
4,9525
1,9526
5,9526
4,9527
7,9527
1,9528
2,9530
22,9530
3,9531
1,9532
5,9532
2,9533
42,9534
2,9535
27,9535
32,9536
23,9537
28,9541
1,9550
10,9550
2,9551
1,9553
1,9554
26,9554
2,9557
49,9557
25,9558
2,9559
49,9559
11,9561
3,9562
4,9563
5,9565
7,9565
25,9565
13,9567
48,9567
15,9569
5,9572
24,9573
3,9574
4,9576
33,9580
26,9581
38,9586
2,9588
3,9588
4,9589
4,9593
5,9596
3,9597
12,9599
5,9602
8,9603
41,9606
12,9608
46,9608
3,9611
5,9612
4,9613
44,9613
3,9614
25,9615
38,9615
49,9615
5,9616
19,9616
38,9617
4,9619
36,9624
45,9625
3,9627
23,9630
4,9631
5,9633
5,9634
15,9634
4,9636
3,9637
29,9637
3,9642
4,9644
36,9644
5,9645
21,9645
3,9646
5,9647
1,9649
4,9649
1,9653
13,9654
35,9654
44,9654
25,9655
2,9656
2,9657
1,9658
21,9658
33,9658
2,9659
34,9660
19,9664
35,9665
12,9668
3,9671
4,9673
25,9673
46,9675
37,9676
4,9678
3,9680
5,9682
46,9683
5,9684
35,9691
9,9693
25,9699
28,9700
38,9701
33,9705
28,9706
40,9706
47,9707
21,9708
17,9709
17,9710
17,9715
15,9721
30,9723
23,9725
7,9727
12,9728
3,9730
4,9731
3,9732
1,9733
4,9734
17,9734
47,9734
2,9735
5,9735
20,9735
1,9736
5,9736
11,9738
1,9739
39,9740
45,9740
2,9741
47,9741
24,9742
8,9743
42,9744
2,9745
43,9745
34,9746
25,9747
41,9752
12,9754
37,9755
33,9756
13,9757
28,9757
45,9758
11,9773
35,9774
41,9774
1,9775
8,9775
1,9776
2,9777
48,9778
30,9780
16,9781
1,9782
2,9783
38,9784
11,9785
34,9785
27,9786
2,9787
32,9787
47,9788
19,9789
26,9793
50,9794
39,9794
33,9795
12,9797
18,9799
19,9802
11,9803
18,9803
49,9805
18,9808
38,9813
41,9813
16,9814
26,9815
3,9817
4,9819
4,9820
45,9821
34,9822
5,9825
3,9826
18,9826
5,9828
35,9829
23,9831
19,9834
41,9835
44,9836
45,9840
30,9841
11,9843
24,9843
41,9844
28,9845
33,9845
37,9845
40,9846
1,9847
13,9847
48,9848
19,9849
1,9850
2,9853
1,9854
2,9857
7,9858
48,9858
2,9860
40,9860
13,9861
35,9861
31,9863
17,9865
25,9865
9,9869
50,9874
18,9877
31,9877
28,9882
49,9882
1,9883
2,9884
30,9885
37,9885
1,9886
2,9888
1,9889
2,9891
23,9891
33,9891
13,9893
48,9895
30,9898
13,9900
23,9901
12,9904
19,9907
6,9908
9,9911
41,9911
15,9914
34,9914
20,9915
6,9916
14,9919
48,9922
17,9923
16,9926
50,9927
22,9929
1,9930
12,9931
34,9933
37,9933
49,9933
1,9934
11,9934
6,9935
16,9935
2,9936
21,9936
6,9937
7,9941
2,9943
27,9943
1,9945
31,9945
2,9946
11,9946
19,9949
49,9958
37,9960
15,9961
29,9964
22,9965
37,9965
22,9967
44,9974
6,9978
24,9984
18,9985
1,9986
9,9986
32,9987
1,9988
2,9989
1,9990
2,9991
3,9992
12,9992
1,9993
4,9993
45,9993
5,9994
38,9994
4,9997
25,9997
2,9998
5,9999
36,9999
