16,3
8,4
19,7
12,8
1,12
19,13
11,17
14,17
14,18
3,27
20,27
4,28
1,30
5,30
17,31
3,32
5,33
11,33
25,34
21,34
4,35
11,40
16,40
1,41
1,44
20,44
2,45
2,46
1,47
6,47
2,49
18,50
17,51
1,53
25,54
2,55
9,55
17,55
24,56
1,57
20,57
1,59
2,60
15,61
17,62
2,64
8,65
6,67
22,72
6,77
25,79
1,81
1,83
2,84
12,85
2,89
1,90
2,91
16,92
7,94
25,95
11,96
15,96
17,96
24,96
1,98
1,99
24,99
2,100
1,101
13,102
2,103
2,104
13,106
1,108
1,109
2,110
1,112
2,114
2,115
23,115
18,122
6,123
16,128
20,128
10,129
12,130
23,131
3,138
5,139
1,140
1,141
25,142
4,143
15,143
17,143
20,143
2,144
5,144
2,146
3,147
21,147
21,148
1,149
14,149
22,149
4,150
2,151
6,151
15,155
24,155
21,156
5,158
7,159
24,160
21,162
11,169
1,170
1,174
2,175
16,175
23,176
2,179
6,179
8,179
1,181
2,182
14,183
7,187
14,189
14,192
16,193
13,194
1,195
17,197
8,199
17,199
22,200
18,209
11,211
7,212
20,213
7,214
15,214
18,214
18,217
21,218
6,219
13,219
12,220
20,228
12,231
13,234
7,237
3,238
15,239
4,240
5,241
5,242
16,242
3,244
4,245
21,248
3,250
13,250
9,251
17,251
8,258
14,258
15,258
25,260
13,260
19,263
1,271
2,275
19,275
1,278
16,278
2,280
1,281
2,283
14,285
20,286
21,288
7,289
21,294
1,299
1,301
2,302
1,304
1,305
2,306
2,307
1,308
14,308
2,309
1,310
6,310
1,311
2,312
20,313
2,314
19,317
23,318
19,320
10,325
15,328
16,329
1,330
13,330
1,331
2,333
2,334
20,334
1,336
2,338
17,340
6,342
19,342
3,343
5,345
4,346
5,350
7,351
3,352
11,353
4,354
10,354
23,359
6,361
3,362
1,363
5,363
2,364
4,364
18,364
4,365
1,366
2,367
5,367
23,368
1,369
20,369
3,370
2,371
6,374
2,377
21,378
19,380
12,382
14,384
24,384
7,385
12,385
24,385
3,391
4,394
3,395
11,397
25,398
7,398
4,399
11,399
5,400
7,400
18,400
5,401
16,401
3,402
15,404
5,405
4,406
1,407
4,407
11,407
6,409
7,412
8,413
9,413
10,414
5,415
3,416
1,424
11,424
2,425
1,426
4,426
2,427
1,428
2,429
13,430
15,430
9,431
18,432
10,436
9,437
23,439
9,441
15,441
20,446
21,446
12,448
1,449
1,451
2,452
5,452
1,453
10,453
2,455
6,455
2,456
21,456
20,458
10,459
20,459
22,459
22,461
15,468
6,473
7,473
7,475
9,478
17,479
14,480
6,481
10,483
1,487
2,488
1,490
18,492
1,493
6,493
8,495
2,497
2,498
21,498
20,503
7,506
21,508
24,510
8,512
23,513
8,519
24,522
16,524
8,528
22,528
1,529
2,535
1,537
11,537
1,538
25,539
2,540
2,542
17,545
9,552
1,553
1,554
25,555
2,555
2,556
16,556
1,557
9,557
2,559
21,563
16,564
23,568
24,569
12,570
18,570
19,570
4,571
21,571
11,574
16,575
11,579
18,581
20,581
21,582
22,587
15,588
3,592
10,594
5,595
23,595
1,597
2,598
5,598
4,599
4,600
3,601
3,603
17,603
5,604
1,605
4,605
8,605
2,606
1,608
4,608
6,609
2,610
3,611
11,612
18,612
5,614
24,614
24,620
5,625
14,628
12,633
17,633
20,635
22,635
16,638
11,640
20,640
25,641
3,641
16,641
22,641
7,643
11,643
23,649
17,650
18,650
13,651
9,655
10,657
11,658
23,664
8,666
17,668
14,675
12,680
22,687
18,689
16,690
5,691
21,693
1,695
9,695
19,695
25,700
2,700
1,702
2,707
1,709
2,710
4,711
13,712
12,715
4,718
9,718
9,721
8,724
1,726
15,726
2,727
1,728
2,730
1,731
19,731
2,732
17,732
17,733
10,736
8,738
21,738
19,739
13,743
17,748
13,751
17,752
15,754
17,755
12,763
24,763
15,769
23,772
6,773
20,773
7,775
3,778
17,778
4,779
19,780
5,781
25,783
4,784
5,785
6,786
3,787
6,791
15,792
11,793
8,798
14,799
12,804
15,805
21,806
20,807
18,809
22,809
25,810
9,815
25,816
6,818
21,818
23,821
19,822
19,825
19,830
25,832
1,832
15,835
11,836
7,838
6,839
16,839
17,841
15,845
23,845
23,847
23,853
3,856
5,861
5,863
4,864
3,866
4,867
7,869
14,870
20,872
22,873
1,876
3,877
11,877
1,880
4,882
2,883
5,883
24,883
1,884
4,884
2,886
2,888
5,889
3,890
8,890
16,892
18,894
23,894
3,897
7,897
10,898
8,906
22,906
16,912
23,913
24,913
19,920
6,924
13,924
8,925
19,925
13,927
19,927
14,930
12,931
3,934
14,934
1,935
5,935
2,936
4,936
1,937
9,937
1,938
5,938
14,938
2,939
4,939
23,939
3,942
2,943
1,945
23,946
1,948
2,949
1,950
2,951
6,951
20,951
21,951
1,953
2,956
8,957
9,957
24,959
11,962
1,965
10,965
9,966
2,968
1,969
2,971
1,972
10,972
2,973
2,980
8,981
17,983
19,983
6,986
20,986
21,987
25,995
16,995
17,995
2,1007
16,1007
21,1008
3,1010
4,1011
5,1012
4,1013
3,1014
5,1015
25,1016
20,1023
9,1024
10,1025
6,1028
19,1033
17,1035
14,1036
11,1037
15,1038
3,1039
4,1041
5,1042
5,1043
10,1043
18,1044
4,1045
3,1046
25,1047
22,1053
8,1054
25,1056
7,1056
11,1056
17,1056
23,1056
3,1057
9,1057
4,1058
12,1058
4,1059
5,1061
3,1064
5,1065
8,1075
17,1077
12,1078
6,1081
10,1084
11,1087
10,1088
24,1088
15,1090
10,1092
17,1095
3,1102
1,1115
22,1115
23,1115
11,1119
9,1120
17,1120
10,1121
21,1121
10,1122
1,1124
16,1126
1,1127
7,1127
2,1128
1,1130
3,1130
11,1131
13,1132
2,1133
2,1135
13,1135
17,1137
16,1139
16,1140
21,1140
13,1143
1,1145
11,1146
2,1147
10,1149
12,1149
20,1149
23,1149
1,1152
6,1153
1,1155
2,1156
6,1157
2,1158
24,1159
18,1164
1,1165
1,1166
2,1167
1,1169
2,1172
11,1172
2,1174
10,1175
13,1177
10,1180
12,1180
15,1183
20,1183
9,1185
3,1187
7,1187
24,1187
7,1190
22,1193
23,1195
4,1196
12,1196
4,1197
20,1197
5,1198
20,1198
3,1199
15,1199
5,1200
13,1201
20,1201
11,1209
11,1210
21,1210
1,1213
15,1213
2,1214
17,1214
24,1214
1,1215
1,1216
2,1217
2,1218
6,1218
18,1218
15,1222
14,1226
10,1227
12,1236
3,1237
5,1238
1,1239
5,1241
25,1242
2,1242
23,1242
1,1243
12,1244
21,1245
1,1247
4,1247
2,1248
3,1249
2,1250
4,1250
5,1252
3,1253
23,1253
6,1254
15,1255
25,1256
4,1257
11,1257
15,1257
5,1259
14,1259
4,1260
5,1261
16,1261
3,1262
3,1265
4,1266
19,1266
1,1267
5,1267
8,1268
12,1268
13,1268
5,1269
6,1269
15,1270
4,1271
3,1273
13,1274
6,1275
1,1276
11,1276
2,1277
11,1277
25,1278
1,1279
2,1281
2,1284
7,1284
1,1287
1,1288
22,1288
23,1288
2,1290
5,1291
16,1291
1,1293
12,1294
18,1295
2,1298
18,1299
19,1301
6,1302
16,1303
16,1304
2,1305
11,1310
13,1313
7,1314
12,1315
8,1316
25,1318
6,1318
13,1318
19,1320
13,1321
23,1324
10,1325
16,1337
16,1339
9,1340
1,1341
1,1342
10,1342
2,1344
2,1345
23,1345
1,1348
7,1349
8,1349
2,1351
14,1352
3,1355
25,1356
4,1357
5,1358
22,1359
23,1359
4,1360
3,1361
5,1362
17,1366
21,1367
2,1369
16,1369
21,1373
1,1375
2,1377
23,1377
8,1381
1,1382
2,1383
1,1384
17,1384
2,1386
12,1387
16,1389
7,1393
23,1394
3,1396
5,1397
10,1397
5,1398
14,1398
4,1399
7,1399
11,1399
9,1404
3,1405
8,1405
16,1405
17,1405
20,1405
23,1405
4,1406
13,1407
22,1407
5,1408
19,1408
21,1411
21,1412
3,1414
4,1416
22,1417
5,1418
9,1418
21,1418
5,1419
3,1420
4,1421
15,1421
20,1427
13,1428
7,1440
13,1444
8,1445
1,1447
25,1448
1,1448
2,1450
2,1451
24,1452
1,1453
2,1454
22,1454
3,1459
4,1460
11,1460
14,1460
4,1462
8,1463
18,1463
5,1464
3,1467
5,1471
15,1471
25,1472
1,1482
1,1483
2,1484
6,1484
1,1485
19,1485
2,1486
23,1487
2,1488
17,1492
22,1494
25,1495
7,1496
21,1496
7,1497
20,1498
1,1503
2,1505
1,1508
21,1508
25,1509
2,1510
1,1511
2,1512
9,1512
11,1514
21,1515
10,1516
2,1518
21,1518
24,1520
16,1525
10,1526
9,1528
13,1528
22,1529
9,1530
11,1530
6,1533
1,1534
12,1534
1,1535
2,1536
1,1537
2,1538
2,1539
15,1539
16,1540
8,1541
23,1542
15,1543
3,1544
4,1545
10,1545
7,1546
17,1547
3,1550
17,1550
11,1553
18,1553
19,1553
5,1556
3,1557
5,1558
4,1559
24,1559
19,1561
13,1562
9,1563
3,1567
9,1567
9,1572
3,1575
13,1575
4,1576
5,1578
4,1579
5,1581
12,1581
13,1581
3,1582
5,1583
18,1584
11,1586
19,1586
24,1586
7,1588
9,1588
13,1588
11,1589
1,1591
1,1592
2,1593
2,1595
3,1595
15,1595
16,1596
1,1597
4,1597
2,1599
6,1599
12,1599
24,1599
3,1600
5,1604
7,1605
5,1606
4,1607
9,1607
15,1607
24,1615
2,1616
22,1621
24,1628
3,1631
21,1631
4,1635
5,1636
4,1640
5,1645
14,1645
3,1646
8,1647
12,1650
2,1653
3,1653
23,1653
20,1654
20,1656
4,1658
18,1658
7,1659
19,1659
1,1663
5,1663
15,1663
2,1664
5,1664
8,1666
11,1666
1,1667
3,1667
21,1667
2,1668
4,1670
1,1672
3,1673
19,1673
5,1674
4,1675
5,1676
2,1677
6,1677
25,1678
4,1678
17,1679
3,1681
16,1682
19,1690
16,1693
1,1695
14,1696
14,1704
12,1707
15,1711
17,1712
1,1716
15,1716
1,1717
8,1718
2,1721
13,1721
2,1722
22,1722
1,1724
7,1724
2,1725
3,1725
4,1727
10,1727
3,1728
9,1729
14,1729
4,1731
6,1731
9,1731
5,1732
5,1733
20,1735
14,1736
8,1739
20,1740
3,1743
5,1745
20,1746
9,1747
25,1748
1,1748
5,1748
4,1749
4,1750
3,1751
2,1752
1,1753
1,1754
18,1754
20,1756
2,1757
2,1758
3,1761
6,1761
15,1761
4,1764
7,1764
3,1765
10,1768
23,1768
20,1769
22,1770
4,1772
16,1773
5,1775
10,1775
20,1775
5,1777
7,1780
22,1780
1,1782
6,1782
25,1783
10,1783
23,1783
9,1785
1,1786
20,1786
25,1787
2,1787
1,1789
2,1790
14,1790
23,1791
2,1792
24,1797
8,1801
3,1802
23,1802
4,1804
11,1804
3,1805
5,1807
22,1808
4,1809
5,1810
24,1815
9,1819
9,1823
13,1823
25,1828
3,1828
9,1828
5,1829
5,1830
19,1831
4,1832
4,1833
12,1833
20,1833
3,1834
15,1839
25,1840
3,1841
14,1842
5,1843
4,1844
11,1844
3,1845
16,1845
5,1846
4,1847
15,1848
8,1850
21,1850
1,1851
2,1854
9,1854
19,1855
1,1856
8,1856
2,1857
18,1857
1,1858
12,1858
2,1859
12,1864
15,1864
20,1866
12,1867
15,1867
6,1872
3,1873
4,1874
8,1875
4,1877
1,1880
3,1880
15,1880
14,1884
5,1885
21,1887
25,1888
5,1888
22,1890
18,1894
24,1899
20,1902
9,1903
1,1906
1,1913
7,1913
23,1914
25,1915
2,1915
21,1915
1,1916
1,1917
2,1918
3,1918
2,1919
4,1919
6,1919
11,1919
5,1920
11,1921
3,1922
4,1922
11,1922
4,1924
23,1925
11,1928
5,1929
24,1931
19,1932
13,1933
7,1934
9,1936
14,1940
19,1940
21,1941
23,1942
3,1946
1,1947
4,1947
2,1948
7,1948
1,1949
5,1949
2,1950
16,1950
25,1952
1,1953
3,1953
5,1954
9,1954
2,1955
4,1955
19,1955
16,1959
16,1962
10,1964
17,1965
6,1967
13,1968
12,1971
22,1972
22,1979
24,1980
14,1981
3,1985
4,1988
5,1989
3,1990
4,1991
5,1993
11,1994
14,1994
1,1998
1,1999
2,2001
6,2002
1,2004
24,2004
2,2005
6,2005
2,2006
7,2006
22,2006
3,2007
4,2009
5,2012
18,2012
3,2013
10,2013
12,2013
5,2014
7,2014
4,2015
25,2022
7,2029
6,2032
20,2033
17,2034
16,2037
23,2037
12,2039
1,2040
6,2040
1,2044
2,2047
24,2047
1,2050
3,2050
2,2052
1,2054
14,2054
5,2055
2,2056
1,2060
1,2061
2,2062
6,2064
7,2064
12,2064
1,2066
3,2067
2,2069
4,2069
1,2070
5,2071
11,2071
4,2072
21,2073
2,2074
5,2076
1,2077
8,2077
1,2078
3,2079
8,2080
3,2081
22,2081
2,2082
4,2083
2,2085
5,2085
10,2085
1,2086
4,2086
2,2088
3,2089
15,2092
16,2093
5,2099
10,2101
23,2103
12,2104
2,2110
12,2110
17,2111
3,2124
12,2126
21,2127
13,2130
10,2131
18,2131
21,2134
22,2139
7,2141
21,2141
11,2144
12,2144
17,2145
24,2145
22,2148
17,2151
20,2151
13,2152
22,2152
1,2153
8,2154
20,2155
10,2156
18,2156
11,2158
13,2158
11,2159
10,2160
2,2164
20,2168
9,2171
19,2176
22,2178
17,2181
16,2183
9,2184
15,2189
24,2189
11,2190
21,2193
24,2193
19,2195
24,2195
7,2196
20,2196
11,2200
3,2202
8,2202
17,2202
19,2203
5,2204
17,2204
4,2205
12,2205
5,2206
22,2206
14,2208
15,2209
18,2209
21,2209
3,2210
4,2211
21,2211
11,2212
22,2219
21,2222
22,2225
19,2229
13,2234
6,2236
14,2238
20,2240
4,2241
13,2241
9,2242
7,2244
20,2250
1,2265
1,2266
2,2267
3,2267
2,2268
4,2268
13,2268
1,2269
4,2270
21,2270
2,2271
5,2271
25,2273
3,2273
5,2274
1,2275
2,2276
1,2277
1,2281
6,2281
2,2282
10,2282
2,2283
10,2283
19,2288
7,2295
25,2296
19,2298
20,2298
11,2302
9,2306
22,2315
17,2316
3,2317
4,2320
8,2321
9,2325
4,2326
15,2328
5,2329
3,2330
5,2331
6,2333
21,2334
11,2335
20,2336
3,2337
5,2338
9,2339
4,2341
13,2342
14,2342
4,2344
3,2346
5,2346
3,2347
8,2347
15,2354
20,2354
11,2356
16,2356
13,2358
17,2359
8,2362
21,2366
21,2367
6,2371
1,2372
2,2373
8,2374
14,2375
25,2377
1,2377
2,2378
20,2379
4,2380
22,2380
1,2381
2,2382
3,2383
2,2384
4,2385
18,2385
24,2385
25,2387
19,2388
3,2390
3,2392
5,2392
4,2394
5,2395
24,2395
3,2398
11,2398
22,2402
3,2404
4,2405
5,2406
17,2406
4,2408
3,2409
19,2409
5,2411
12,2412
3,2415
4,2416
21,2419
5,2420
5,2421
3,2422
1,2423
4,2423
2,2424
1,2425
2,2426
13,2426
1,2427
10,2428
16,2429
19,2429
2,2430
12,2431
9,2433
6,2439
15,2439
20,2440
17,2441
16,2446
7,2449
6,2451
17,2452
23,2455
3,2456
12,2457
22,2458
12,2463
2,2464
13,2464
20,2466
24,2469
23,2471
11,2472
17,2472
20,2472
20,2477
19,2482
20,2482
9,2490
1,2494
1,2495
2,2496
2,2498
18,2498
1,2499
18,2500
2,2501
12,2502
23,2502
18,2503
23,2504
13,2509
17,2510
25,2515
22,2515
12,2522
4,2523
1,2525
12,2525
2,2527
1,2528
2,2531
11,2533
1,2538
20,2539
24,2539
2,2541
21,2542
20,2543
21,2543
22,2544
23,2544
1,2545
2,2547
1,2550
6,2550
9,2550
18,2550
12,2551
24,2552
8,2555
18,2555
14,2556
2,2557
1,2560
2,2561
7,2561
18,2563
21,2563
11,2566
8,2567
25,2568
1,2569
9,2569
11,2571
2,2573
17,2573
12,2575
1,2578
2,2579
9,2579
18,2580
1,2581
9,2581
11,2581
2,2582
8,2583
25,2584
24,2584
6,2590
15,2593
17,2594
18,2597
6,2598
15,2598
3,2600
5,2601
4,2604
20,2604
11,2606
3,2609
8,2610
12,2612
15,2613
5,2614
4,2615
18,2620
23,2626
19,2627
3,2629
4,2630
10,2630
13,2630
6,2632
5,2633
11,2633
3,2635
13,2635
4,2637
11,2637
5,2638
25,2643
12,2643
12,2645
16,2647
8,2657
9,2661
12,2662
12,2664
21,2666
1,2667
3,2667
2,2668
4,2668
1,2670
4,2670
19,2672
14,2673
1,2674
5,2674
2,2675
2,2676
5,2676
3,2678
14,2678
3,2679
4,2680
20,2680
14,2681
3,2682
5,2683
4,2684
25,2686
5,2686
3,2687
4,2689
5,2689
8,2691
5,2692
22,2693
4,2694
8,2694
3,2696
14,2697
16,2698
4,2699
9,2702
17,2711
16,2712
19,2712
3,2717
4,2721
7,2721
1,2722
22,2722
1,2723
4,2723
25,2725
2,2726
2,2728
2,2729
5,2729
3,2730
1,2731
5,2731
2,2732
15,2736
11,2737
9,2738
12,2743
18,2744
11,2746
6,2747
23,2747
8,2748
7,2750
1,2753
3,2753
2,2754
5,2754
1,2755
4,2755
2,2756
17,2756
19,2756
5,2757
22,2758
1,2759
2,2760
3,2761
4,2762
10,2767
8,2768
7,2769
9,2769
16,2769
22,2769
7,2772
12,2773
19,2773
13,2775
8,2777
19,2778
12,2780
3,2783
5,2784
10,2785
11,2785
5,2787
1,2791
4,2791
20,2792
3,2793
4,2794
1,2796
17,2799
2,2800
1,2801
2,2802
16,2803
22,2803
13,2804
2,2805
7,2807
8,2817
6,2823
16,2826
6,2827
17,2827
13,2828
10,2829
16,2830
3,2833
25,2835
18,2835
21,2835
5,2838
25,2839
4,2839
4,2840
14,2840
19,2842
3,2843
5,2845
23,2845
23,2846
16,2848
24,2851
12,2853
13,2856
22,2864
25,2866
8,2867
16,2868
20,2868
1,2870
9,2870
1,2871
10,2872
2,2874
12,2874
1,2875
22,2877
2,2878
23,2879
2,2880
9,2883
10,2883
20,2884
6,2887
6,2888
3,2893
5,2894
4,2895
3,2896
4,2897
5,2898
16,2899
3,2901
12,2902
4,2903
14,2905
3,2907
9,2907
5,2911
5,2912
4,2913
1,2915
2,2916
6,2916
1,2917
2,2918
1,2919
19,2919
9,2920
14,2921
21,2923
2,2924
25,2926
13,2926
9,2927
12,2931
8,2932
18,2933
10,2934
25,2936
6,2937
1,2943
1,2944
3,2944
4,2945
22,2945
2,2947
18,2947
5,2948
1,2949
4,2949
16,2949
5,2951
2,2952
3,2952
2,2954
10,2956
21,2956
22,2956
8,2965
8,2966
18,2966
16,2967
17,2967
1,2970
1,2971
12,2971
2,2973
2,2974
1,2976
2,2977
17,2979
20,2979
9,2980
13,2981
15,2984
19,2985
23,2988
10,2993
8,2995
3,2997
17,2997
4,2998
5,2999
24,2999
4,3001
5,3002
3,3003
4,3004
23,3004
18,3005
21,3006
7,3007
18,3007
24,3007
15,3009
18,3012
7,3014
12,3014
13,3016
9,3018
16,3018
23,3018
14,3022
23,3022
1,3023
1,3025
22,3025
16,3026
2,3027
1,3028
11,3028
2,3029
2,3031
1,3037
10,3038
20,3040
21,3040
25,3041
2,3041
1,3042
1,3043
2,3044
17,3045
13,3046
24,3048
13,3049
2,3050
17,3051
19,3058
17,3059
15,3062
18,3063
6,3064
23,3066
14,3067
23,3069
23,3072
8,3073
14,3074
21,3076
24,3077
1,3080
7,3080
9,3081
1,3083
2,3084
8,3084
2,3085
24,3085
10,3086
15,3087
1,3088
2,3089
6,3089
15,3089
22,3089
25,3095
22,3095
12,3097
18,3101
1,3102
1,3103
2,3104
24,3104
2,3107
1,3108
2,3109
21,3109
9,3117
1,3120
1,3123
2,3125
25,3126
2,3127
1,3128
2,3130
23,3130
12,3131
8,3132
10,3132
19,3137
25,3138
3,3139
5,3140
4,3142
4,3143
5,3144
3,3146
6,3147
18,3147
17,3148
16,3159
25,3160
12,3161
15,3163
16,3170
24,3170
24,3171
16,3172
22,3172
9,3173
25,3177
22,3182
10,3184
9,3185
19,3185
25,3186
23,3199
23,3202
3,3207
5,3210
12,3211
16,3212
21,3212
5,3213
4,3214
4,3215
15,3215
3,3216
15,3216
13,3217
19,3219
7,3221
8,3222
18,3226
18,3227
12,3229
8,3232
11,3232
9,3234
15,3234
24,3236
14,3237
18,3239
21,3243
3,3244
4,3245
5,3246
9,3246
3,3247
5,3248
4,3249
5,3249
16,3249
17,3252
3,3253
4,3256
18,3258
5,3259
19,3260
3,3261
4,3263
5,3264
11,3266
6,3267
21,3267
16,3269
12,3272
13,3274
25,3280
19,3284
10,3289
20,3298
22,3298
15,3306
10,3308
18,3313
20,3313
24,3313
12,3315
6,3318
24,3319
11,3325
13,3325
17,3325
21,3325
8,3328
16,3328
8,3329
20,3331
3,3333
15,3335
3,3339
12,3339
4,3340
5,3341
3,3342
4,3343
21,3343
5,3345
12,3345
17,3348
9,3352
4,3353
13,3354
6,3357
13,3358
9,3359
8,3360
21,3360
20,3361
8,3366
1,3369
9,3369
1,3371
23,3372
2,3373
1,3374
2,3375
2,3376
7,3377
19,3378
17,3381
9,3382
15,3382
17,3382
17,3383
23,3387
13,3388
17,3390
15,3392
23,3393
10,3394
3,3398
5,3399
24,3399
4,3400
5,3402
16,3404
19,3404
4,3405
11,3406
5,3407
3,3408
15,3409
13,3410
8,3413
21,3414
3,3425
19,3426
5,3432
4,3435
3,3436
5,3437
1,3438
4,3439
19,3440
16,3445
17,3446
1,3449
1,3452
17,3452
24,3452
2,3453
1,3454
17,3455
2,3456
9,3456
2,3458
1,3460
2,3461
24,3461
1,3462
8,3463
1,3465
2,3466
12,3466
17,3467
2,3470
6,3470
24,3473
19,3477
7,3486
18,3486
7,3491
25,3498
1,3499
1,3502
13,3502
21,3502
18,3504
2,3507
1,3508
23,3509
2,3511
13,3512
21,3512
2,3513
12,3518
18,3523
3,3527
13,3528
5,3529
18,3530
4,3531
5,3532
4,3533
3,3534
15,3546
12,3549
12,3551
8,3555
23,3555
12,3556
24,3560
12,3561
6,3564
3,3565
23,3565
4,3566
5,3567
5,3568
3,3570
4,3571
24,3573
1,3579
12,3579
13,3579
2,3580
6,3580
18,3580
1,3581
2,3584
18,3585
1,3586
2,3587
22,3591
11,3592
3,3594
5,3596
6,3597
11,3597
4,3598
25,3599
3,3600
18,3600
18,3601
4,3602
5,3603
1,3607
15,3607
16,3607
1,3608
16,3608
2,3609
3,3610
2,3611
5,3611
1,3612
7,3613
16,3613
18,3613
2,3614
4,3614
3,3615
24,3616
25,3617
5,3617
4,3618
25,3620
19,3620
24,3623
14,3626
18,3627
12,3629
13,3631
16,3634
18,3636
10,3640
22,3645
2,3652
19,3653
3,3654
4,3655
4,3657
6,3657
5,3658
23,3658
5,3662
3,3663
12,3665
12,3666
7,3667
15,3678
3,3679
4,3680
17,3680
5,3683
13,3683
25,3684
4,3684
21,3684
15,3686
5,3687
12,3687
3,3688
1,3695
12,3695
1,3696
2,3697
1,3699
2,3701
16,3701
2,3702
11,3704
3,3708
7,3708
19,3709
23,3712
13,3713
17,3716
21,3718
2,3722
21,3726
19,3727
11,3729
7,3730
3,3731
4,3732
16,3732
3,3733
5,3734
4,3735
5,3736
18,3737
3,3739
5,3740
5,3741
13,3741
25,3743
8,3744
4,3745
3,3748
13,3748
4,3749
1,3750
6,3750
8,3750
1,3753
2,3754
10,3754
2,3755
17,3755
1,3758
6,3759
11,3759
2,3760
3,3760
4,3761
12,3761
16,3761
18,3764
3,3768
5,3769
13,3769
4,3771
7,3771
11,3771
21,3771
5,3772
3,3776
21,3776
4,3777
5,3778
3,3780
13,3780
8,3781
16,3781
4,3783
5,3784
9,3784
11,3784
22,3789
18,3791
1,3796
20,3796
8,3797
16,3797
25,3798
2,3799
19,3799
25,3800
1,3801
2,3802
13,3802
23,3802
1,3803
13,3805
2,3807
11,3808
14,3809
25,3812
23,3813
1,3814
6,3818
12,3821
16,3828
12,3829
1,3833
1,3834
25,3835
6,3835
2,3836
19,3836
2,3837
10,3838
12,3838
10,3840
16,3840
21,3840
1,3842
7,3842
12,3842
19,3843
19,3845
21,3846
2,3847
17,3850
23,3852
22,3857
12,3860
18,3860
20,3860
11,3866
18,3868
4,3869
7,3872
18,3872
21,3872
10,3873
18,3873
6,3877
9,3879
3,3881
4,3882
17,3882
5,3883
20,3883
25,3886
4,3887
3,3889
5,3890
7,3890
17,3899
2,3901
20,3902
18,3903
3,3904
4,3905
21,3905
5,3906
4,3907
20,3908
3,3909
5,3910
3,3912
9,3912
5,3913
4,3914
5,3915
11,3915
3,3916
4,3917
12,3919
6,3921
20,3926
12,3930
14,3932
23,3932
20,3934
10,3935
11,3939
22,3940
14,3942
23,3946
14,3947
1,3948
25,3949
11,3949
1,3951
1,3952
2,3953
2,3954
1,3955
6,3956
19,3956
2,3957
3,3961
20,3961
4,3962
19,3962
5,3963
3,3964
22,3964
4,3965
1,3966
22,3966
1,3969
2,3970
9,3970
2,3971
1,3972
19,3972
5,3973
13,3973
22,3973
2,3974
24,3975
15,3976
7,3977
3,3978
4,3981
22,3981
4,3982
5,3983
3,3984
5,3985
6,3986
23,3986
20,3987
10,3989
18,3989
18,3990
11,3991
25,3994
25,3999
3,3999
25,4000
5,4001
5,4003
4,4004
18,4004
4,4007
22,4007
3,4008
8,4009
19,4010
23,4019
8,4027
24,4028
17,4029
20,4029
25,4031
22,4032
13,4037
11,4040
22,4046
3,4048
17,4048
5,4049
4,4050
19,4050
8,4051
4,4053
3,4054
7,4054
9,4054
25,4055
5,4055
22,4055
3,4060
16,4060
22,4060
4,4061
17,4061
20,4063
7,4064
23,4064
4,4065
3,4066
5,4068
20,4068
5,4070
12,4070
20,4070
14,4071
18,4075
21,4075
24,4077
3,4078
22,4078
14,4079
6,4081
21,4082
1,4083
2,4085
1,4086
23,4087
23,4088
1,4089
4,4090
2,4092
18,4093
2,4094
6,4096
21,4098
19,4106
1,4107
1,4108
3,4108
25,4110
2,4110
4,4110
3,4111
2,4112
4,4112
12,4112
19,4112
1,4113
5,4113
5,4114
2,4115
8,4116
18,4116
1,4118
1,4120
3,4121
2,4123
2,4124
16,4124
5,4125
14,4126
1,4127
4,4128
2,4130
4,4130
13,4131
3,4132
5,4134
3,4135
18,4136
20,4136
1,4138
1,4139
6,4139
3,4140
14,4140
2,4141
23,4142
24,4142
18,4143
2,4145
5,4147
9,4147
1,4148
4,4148
13,4148
3,4149
5,4149
2,4150
4,4150
23,4150
5,4151
1,4152
2,4152
3,4156
1,4158
5,4159
18,4159
2,4160
5,4160
2,4161
4,4161
1,4163
20,4163
2,4164
6,4164
9,4164
3,4166
13,4167
4,4169
8,4173
24,4174
16,4185
17,4187
13,4188
10,4189
1,4192
16,4195
10,4196
21,4196
9,4200
17,4205
1,4209
20,4209
6,4210
11,4210
2,4211
1,4213
8,4215
1,4217
19,4217
2,4220
2,4222
19,4222
3,4226
10,4228
23,4230
1,4232
2,4233
1,4234
1,4235
4,4236
2,4238
24,4238
2,4239
13,4240
2,4241
8,4242
10,4242
23,4243
15,4250
6,4255
3,4256
9,4257
4,4258
18,4258
4,4259
5,4260
22,4262
1,4263
1,4264
3,4264
2,4265
5,4265
1,4266
7,4266
14,4266
25,4267
10,4267
19,4268
3,4270
2,4273
4,4274
8,4274
2,4275
5,4276
4,4277
15,4277
3,4278
5,4280
1,4283
20,4283
2,4284
1,4285
22,4286
1,4287
2,4288
2,4290
20,4294
21,4295
13,4297
6,4305
17,4305
13,4306
3,4307
4,4308
3,4309
24,4309
15,4310
17,4311
5,4312
4,4313
5,4314
17,4317
6,4319
17,4320
6,4322
1,4325
13,4326
15,4326
2,4327
3,4327
1,4328
2,4329
5,4329
16,4329
21,4330
1,4331
24,4331
2,4332
16,4332
4,4335
22,4335
5,4336
18,4336
11,4338
16,4338
19,4341
4,4342
7,4343
3,4344
16,4344
12,4345
25,4347
15,4349
10,4351
10,4354
18,4355
16,4356
19,4357
25,4359
17,4359
8,4361
18,4362
18,4365
21,4365
2,4366
10,4366
12,4366
16,4366
20,4366
19,4368
3,4376
12,4378
17,4378
24,4381
22,4382
25,4383
22,4383
7,4384
14,4385
7,4386
1,4387
24,4387
1,4388
18,4388
2,4389
1,4390
2,4392
2,4393
6,4394
3,4395
4,4396
4,4397
16,4398
17,4398
13,4402
3,4403
5,4404
18,4404
16,4406
5,4408
24,4412
25,4414
1,4414
17,4418
22,4423
7,4425
16,4431
25,4435
24,4437
9,4438
10,4444
9,4446
8,4448
20,4450
22,4450
12,4451
14,4457
3,4458
4,4459
14,4460
24,4460
4,4461
5,4462
3,4464
16,4464
19,4465
6,4466
5,4467
10,4468
21,4468
25,4469
11,4470
15,4470
12,4473
13,4475
6,4477
23,4479
9,4481
10,4481
8,4482
13,4482
18,4482
10,4484
6,4486
9,4490
10,4491
3,4496
17,4496
4,4497
19,4497
5,4499
22,4499
4,4500
3,4501
4,4503
5,4503
12,4503
25,4504
1,4504
2,4505
1,4507
15,4507
19,4507
2,4509
1,4510
2,4511
17,4511
16,4512
1,4514
23,4515
2,4516
1,4517
2,4518
1,4520
2,4522
3,4523
4,4524
16,4524
4,4526
13,4528
3,4529
21,4529
16,4530
5,4531
5,4532
14,4533
21,4534
7,4536
8,4536
13,4537
16,4538
25,4542
24,4544
16,4546
22,4551
25,4553
17,4553
20,4556
14,4557
17,4559
18,4559
25,4562
20,4563
20,4564
3,4565
10,4566
5,4567
1,4568
12,4568
4,4569
1,4570
3,4570
2,4571
5,4571
2,4572
6,4572
1,4573
4,4573
16,4575
17,4576
14,4577
9,4578
2,4579
3,4585
10,4585
21,4585
5,4586
17,4586
4,4587
8,4587
3,4588
21,4589
4,4591
5,4592
20,4592
1,4596
1,4597
2,4598
11,4599
1,4600
24,4601
2,4604
2,4606
18,4606
25,4607
7,4607
17,4608
19,4609
7,4610
21,4610
25,4614
24,4615
15,4620
23,4620
14,4621
12,4625
10,4630
11,4632
24,4632
15,4633
20,4634
22,4636
6,4639
18,4639
6,4644
16,4648
18,4651
9,4654
1,4660
20,4660
2,4661
15,4663
19,4664
1,4665
2,4666
1,4667
20,4667
2,4669
22,4669
1,4670
22,4674
18,4675
16,4681
22,4683
13,4684
18,4688
12,4689
11,4690
21,4690
9,4691
16,4695
21,4695
24,4695
19,4699
15,4704
22,4705
21,4707
14,4708
13,4711
15,4712
3,4719
10,4720
5,4721
4,4722
4,4723
5,4725
3,4727
8,4729
8,4730
25,4731
20,4732
25,4735
15,4737
3,4740
5,4743
12,4743
4,4744
4,4745
1,4752
5,4752
9,4752
3,4753
15,4754
23,4760
17,4763
11,4766
13,4767
19,4768
10,4769
15,4772
10,4774
18,4777
15,4778
9,4779
10,4779
22,4779
12,4781
9,4782
25,4796
7,4796
18,4796
3,4798
1,4801
4,4801
1,4802
14,4802
2,4803
5,4803
9,4803
2,4804
4,4804
14,4804
1,4805
5,4805
3,4806
22,4806
2,4807
14,4807
22,4810
10,4813
14,4816
8,4817
20,4818
7,4820
12,4820
22,4821
24,4821
25,4826
17,4826
10,4827
25,4828
9,4832
6,4833
13,4835
3,4840
13,4840
12,4841
23,4841
4,4842
10,4842
5,4843
9,4843
19,4843
14,4845
1,4847
5,4847
14,4847
2,4848
15,4848
1,4849
21,4849
2,4850
4,4850
9,4850
16,4850
1,4851
3,4851
25,4852
2,4852
6,4852
12,4852
8,4853
1,4854
18,4854
21,4856
13,4857
21,4857
14,4864
18,4868
25,4874
1,4878
1,4881
12,4881
2,4884
2,4885
11,4885
22,4887
21,4889
1,4890
24,4890
3,4891
22,4891
4,4892
15,4892
2,4893
3,4893
3,4894
10,4894
4,4896
5,4897
5,4898
14,4898
20,4900
24,4900
13,4902
14,4902
17,4903
22,4905
1,4907
8,4908
1,4909
7,4909
5,4910
2,4913
1,4914
21,4915
2,4916
2,4917
13,4921
23,4922
3,4923
14,4923
21,4923
4,4924
19,4924
19,4925
5,4929
3,4930
4,4930
11,4930
14,4930
17,4932
4,4933
5,4934
10,4934
19,4934
12,4935
12,4936
21,4937
16,4938
25,4939
25,4943
9,4943
23,4943
3,4948
15,4948
5,4949
5,4950
6,4950
4,4951
3,4952
4,4954
24,4955
25,4957
13,4957
24,4957
7,4966
10,4967
15,4967
22,4968
9,4970
11,4970
8,4971
18,4972
6,4976
15,4978
8,4980
8,4984
6,4985
3,4987
4,4988
5,4990
5,4991
9,4991
24,4991
3,4992
10,4992
16,4992
4,4993
3,4999
13,4999
5,5000
24,5001
7,5005
3,5006
5,5006
22,5007
4,5009
16,5009
4,5011
19,5012
3,5013
8,5013
12,5016
19,5016
10,5022
24,5023
11,5024
21,5025
8,5027
21,5035
20,5039
23,5040
18,5044
25,5048
20,5051
7,5057
15,5057
20,5057
16,5063
7,5068
12,5069
3,5073
5,5075
12,5075
4,5076
20,5076
21,5076
15,5078
1,5079
1,5081
3,5081
2,5082
5,5082
2,5083
24,5083
4,5084
22,5084
1,5085
6,5085
20,5085
2,5087
14,5087
20,5088
17,5090
6,5092
9,5092
12,5092
18,5094
15,5097
10,5098
17,5109
1,5117
2,5118
7,5118
1,5120
1,5121
22,5121
2,5122
21,5122
2,5126
6,5128
12,5130
3,5132
8,5132
5,5133
4,5134
18,5134
4,5135
3,5136
5,5138
13,5140
1,5144
2,5145
13,5145
22,5145
18,5146
1,5147
2,5148
1,5149
16,5149
23,5149
2,5151
14,5153
18,5153
14,5156
7,5160
13,5162
24,5164
10,5165
9,5166
1,5168
1,5171
23,5171
16,5174
2,5176
15,5176
2,5179
13,5181
21,5181
1,5182
8,5182
3,5183
2,5184
4,5184
5,5187
3,5188
4,5189
5,5190
1,5193
23,5193
1,5194
24,5195
2,5196
22,5196
2,5197
15,5198
1,5199
2,5200
18,5200
7,5203
10,5205
1,5207
2,5208
16,5209
1,5210
1,5211
2,5213
2,5215
3,5215
4,5216
5,5218
16,5220
5,5221
21,5221
1,5222
12,5222
15,5222
1,5224
15,5224
23,5224
2,5226
19,5226
3,5227
1,5228
4,5228
24,5228
2,5229
18,5229
1,5231
2,5231
2,5232
1,5233
15,5233
1,5234
2,5235
2,5236
21,5236
23,5236
1,5237
21,5237
23,5238
2,5239
18,5239
25,5241
10,5241
3,5244
19,5244
5,5246
13,5247
4,5248
4,5249
1,5250
2,5251
5,5251
1,5252
3,5253
1,5254
2,5255
2,5256
19,5257
8,5264
9,5264
20,5264
13,5265
1,5269
15,5269
10,5270
15,5270
1,5271
22,5271
2,5273
25,5274
1,5274
2,5275
7,5279
18,5279
2,5280
15,5281
3,5282
5,5284
6,5284
10,5284
4,5285
4,5286
5,5287
19,5288
3,5289
3,5290
10,5290
4,5291
7,5291
5,5293
5,5295
3,5297
25,5299
24,5299
4,5301
8,5301
20,5301
22,5301
7,5305
24,5305
25,5306
22,5306
19,5307
10,5309
13,5309
15,5309
16,5318
21,5322
12,5324
3,5327
4,5329
10,5329
5,5331
7,5333
3,5334
22,5334
11,5335
23,5335
5,5336
23,5336
1,5337
2,5338
1,5341
4,5341
1,5342
23,5343
2,5344
2,5345
9,5347
16,5349
7,5350
1,5352
2,5353
1,5355
2,5356
1,5357
2,5358
17,5358
13,5359
16,5359
24,5359
7,5360
11,5361
21,5361
3,5366
5,5367
22,5367
15,5368
1,5369
4,5370
19,5370
2,5371
4,5371
5,5372
3,5373
15,5374
1,5376
9,5377
13,5377
2,5378
1,5379
24,5379
2,5380
19,5381
24,5382
16,5387
6,5388
11,5392
9,5393
16,5393
24,5394
11,5397
11,5402
12,5402
7,5403
18,5405
10,5412
14,5415
19,5416
22,5418
13,5420
10,5421
16,5427
21,5427
1,5429
1,5430
2,5431
9,5432
2,5434
14,5434
1,5435
9,5435
20,5435
2,5437
23,5441
12,5451
1,5452
17,5452
1,5453
2,5454
1,5455
2,5456
22,5456
17,5457
1,5458
18,5459
2,5460
17,5462
21,5464
7,5468
11,5468
25,5469
6,5470
24,5470
11,5471
13,5475
17,5478
16,5480
6,5483
10,5486
23,5488
16,5489
19,5489
24,5491
8,5493
6,5494
7,5496
13,5496
12,5501
11,5504
14,5505
19,5505
13,5510
20,5513
21,5513
23,5519
1,5521
6,5522
7,5522
2,5523
13,5523
1,5524
9,5524
2,5527
1,5528
23,5528
2,5529
24,5530
13,5531
17,5531
15,5532
3,5537
3,5538
4,5539
4,5541
11,5542
25,5543
5,5543
10,5543
10,5544
25,5545
5,5545
25,5546
3,5546
24,5556
20,5558
6,5559
11,5559
3,5561
4,5562
23,5563
10,5564
20,5564
4,5565
3,5566
5,5569
19,5569
5,5573
6,5573
13,5574
8,5576
25,5578
1,5578
1,5579
7,5579
2,5583
16,5583
23,5583
2,5584
17,5584
9,5585
12,5585
24,5585
6,5586
12,5586
1,5587
21,5588
2,5590
8,5593
11,5593
17,5597
21,5597
7,5602
24,5602
8,5606
21,5606
2,5612
23,5616
23,5631
15,5637
20,5640
23,5641
20,5644
17,5646
19,5647
15,5649
23,5651
22,5655
6,5659
9,5659
22,5659
1,5665
13,5666
2,5667
1,5668
2,5669
1,5671
2,5672
3,5672
4,5674
3,5676
13,5677
20,5677
4,5678
3,5680
18,5681
5,5682
5,5685
25,5688
21,5690
25,5695
9,5695
7,5698
17,5698
3,5704
5,5705
17,5706
4,5707
8,5707
22,5707
4,5708
11,5709
3,5710
18,5711
15,5713
5,5714
7,5716
10,5716
11,5718
1,5719
1,5720
25,5721
7,5721
2,5724
2,5725
18,5725
1,5727
6,5727
8,5727
2,5729
20,5729
20,5730
24,5738
14,5742
6,5747
2,5748
7,5749
22,5750
22,5752
16,5753
12,5754
6,5760
10,5761
3,5762
2,5763
24,5763
5,5764
10,5766
20,5766
5,5770
5,5771
10,5772
4,5773
3,5774
21,5775
4,5778
24,5778
20,5780
22,5780
1,5782
2,5783
12,5783
1,5784
18,5784
14,5786
17,5786
1,5788
2,5789
2,5790
3,5790
4,5792
9,5793
23,5793
5,5794
5,5795
24,5795
4,5796
6,5799
7,5799
23,5799
16,5802
20,5803
3,5804
23,5805
19,5808
12,5809
25,5810
7,5813
11,5816
10,5818
24,5825
8,5827
24,5829
18,5837
17,5839
11,5840
8,5842
7,5843
8,5844
22,5844
13,5846
18,5846
11,5847
1,5848
11,5848
2,5849
1,5850
2,5851
1,5854
16,5854
2,5857
14,5857
17,5858
3,5860
5,5862
5,5863
10,5863
4,5864
11,5864
21,5864
3,5865
4,5867
18,5868
13,5876
9,5878
23,5878
1,5880
18,5880
1,5881
2,5882
6,5884
18,5884
1,5885
20,5885
3,5889
2,5890
7,5890
2,5894
18,5895
1,5899
11,5899
2,5900
24,5900
3,5901
14,5903
5,5904
17,5904
2,5906
4,5906
14,5906
1,5907
4,5907
16,5907
1,5908
5,5908
9,5908
21,5908
2,5909
3,5909
2,5911
11,5913
8,5914
16,5916
14,5918
11,5919
13,5919
13,5920
16,5920
21,5921
19,5922
24,5924
17,5926
18,5928
10,5933
1,5934
18,5934
2,5935
1,5936
1,5938
8,5942
2,5943
17,5943
2,5945
7,5946
20,5949
6,5950
21,5950
17,5956
15,5958
21,5958
22,5960
14,5963
11,5964
1,5966
22,5966
2,5967
18,5967
1,5968
1,5970
18,5970
2,5971
2,5973
7,5977
19,5979
14,5985
22,5986
13,5988
9,5989
11,5992
17,5993
6,5995
15,5996
13,5997
14,5997
3,6000
7,6001
4,6003
4,6006
5,6007
3,6009
16,6009
5,6010
21,6010
15,6012
10,6014
1,6020
16,6020
17,6023
25,6026
13,6028
3,6030
19,6032
4,6033
5,6037
5,6038
23,6038
3,6039
8,6039
16,6039
19,6039
11,6040
4,6042
11,6042
6,6044
15,6044
17,6044
18,6045
3,6047
7,6047
5,6048
15,6048
21,6049
5,6050
4,6052
10,6052
3,6053
4,6054
22,6055
17,6057
20,6058
22,6060
22,6064
3,6065
10,6065
22,6065
25,6068
4,6068
5,6068
4,6069
17,6069
25,6071
3,6071
8,6071
5,6072
17,6072
4,6073
21,6074
14,6078
4,6080
10,6082
6,6083
10,6083
3,6084
4,6085
15,6090
9,6091
5,6092
4,6094
12,6094
22,6094
5,6095
3,6098
25,6101
18,6104
13,6105
3,6106
4,6107
5,6109
3,6113
19,6113
5,6114
24,6114
4,6115
3,6116
23,6116
4,6117
11,6118
15,6118
3,6119
15,6119
25,6120
1,6120
5,6120
2,6121
4,6121
1,6122
2,6123
5,6123
6,6124
1,6125
2,6126
16,6126
3,6133
10,6136
20,6138
12,6139
6,6140
25,6148
1,6148
20,6148
14,6149
7,6150
12,6151
17,6153
24,6155
16,6156
6,6157
1,6158
2,6159
20,6159
1,6161
2,6163
23,6164
1,6165
11,6165
2,6168
9,6168
1,6169
14,6169
15,6169
9,6171
15,6171
1,6173
2,6174
20,6174
2,6176
1,6179
2,6180
13,6182
2,6185
19,6187
15,6190
5,6191
9,6193
1,6198
2,6199
1,6200
2,6202
6,6202
25,6203
18,6203
1,6205
2,6206
15,6207
9,6208
10,6210
21,6210
17,6213
25,6214
4,6214
14,6218
10,6227
21,6230
25,6234
19,6237
3,6245
18,6245
5,6246
4,6247
5,6248
8,6248
23,6249
14,6252
3,6254
22,6254
4,6255
23,6255
17,6256
17,6259
7,6265
9,6268
18,6268
9,6272
3,6276
21,6277
4,6278
15,6280
5,6282
3,6285
4,6286
22,6286
5,6289
11,6289
9,6290
16,6290
18,6291
16,6292
21,6301
24,6302
23,6306
11,6316
7,6317
25,6322
16,6322
24,6324
13,6330
14,6330
16,6340
15,6342
23,6344
19,6347
15,6352
23,6353
13,6354
23,6362
18,6363
17,6365
22,6365
1,6366
1,6367
2,6369
2,6370
10,6371
20,6371
11,6372
1,6373
2,6375
8,6378
1,6380
16,6380
14,6381
2,6382
1,6386
1,6387
9,6387
2,6388
2,6390
15,6393
25,6394
6,6394
13,6398
18,6398
25,6399
3,6411
13,6411
4,6412
5,6413
4,6414
16,6414
5,6415
15,6415
3,6417
13,6419
3,6420
9,6422
4,6423
5,6424
25,6426
5,6426
7,6426
15,6426
16,6427
3,6428
4,6431
25,6439
16,6439
18,6440
20,6441
14,6442
17,6443
1,6444
1,6445
8,6447
16,6447
2,6448
1,6449
2,6451
2,6452
17,6452
18,6452
1,6455
6,6455
22,6455
3,6456
2,6457
4,6458
23,6459
1,6460
6,6461
5,6463
2,6464
3,6465
5,6466
1,6467
4,6467
19,6468
2,6469
22,6470
7,6471
12,6471
21,6472
7,6474
17,6474
10,6475
19,6475
24,6477
7,6478
5,6480
25,6481
13,6485
3,6486
13,6486
19,6487
24,6488
9,6492
14,6493
13,6494
18,6496
19,6497
25,6498
14,6500
17,6503
15,6504
5,6505
25,6506
10,6511
1,6512
1,6513
4,6513
2,6516
2,6517
24,6517
1,6520
2,6522
7,6526
9,6533
15,6539
25,6540
14,6540
7,6541
9,6542
3,6545
13,6549
18,6551
3,6552
4,6555
5,6556
5,6558
8,6559
4,6560
7,6560
3,6561
12,6561
7,6562
3,6566
16,6566
5,6567
6,6567
21,6568
4,6569
3,6570
14,6571
17,6571
4,6572
5,6573
22,6577
1,6579
5,6580
2,6584
12,6584
1,6585
1,6586
12,6586
2,6587
2,6588
20,6593
12,6596
3,6598
2,6599
21,6599
24,6599
4,6600
5,6604
25,6606
5,6606
3,6607
4,6610
6,6615
13,6617
14,6618
7,6626
11,6626
12,6626
10,6628
15,6628
17,6629
20,6631
23,6631
1,6635
2,6637
22,6637
7,6638
1,6639
2,6639
20,6639
2,6640
1,6641
11,6642
2,6643
25,6646
7,6647
19,6649
25,6652
10,6653
24,6653
18,6654
25,6655
12,6655
5,6657
1,6659
18,6659
13,6662
3,6667
18,6670
16,6671
15,6673
20,6673
4,6675
1,6676
12,6676
4,6677
12,6677
3,6679
9,6679
1,6680
2,6681
5,6681
7,6681
5,6682
10,6682
2,6683
1,6685
14,6685
7,6686
2,6687
17,6687
19,6689
14,6697
4,6698
1,6699
6,6703
17,6704
14,6706
15,6706
3,6707
4,6708
22,6710
4,6711
3,6712
19,6713
22,6713
5,6716
8,6717
18,6719
20,6719
5,6720
15,6720
1,6723
24,6723
2,6724
1,6725
18,6726
2,6728
1,6731
2,6733
3,6733
5,6734
15,6734
16,6735
7,6737
4,6739
3,6741
8,6743
1,6744
4,6744
5,6745
23,6745
1,6748
2,6749
10,6749
2,6751
24,6751
1,6753
7,6753
2,6754
1,6755
14,6756
2,6758
1,6761
1,6763
18,6763
21,6765
2,6766
8,6766
2,6767
22,6769
2,6770
10,6770
16,6770
15,6771
3,6773
5,6777
4,6778
22,6778
20,6779
4,6780
10,6780
6,6781
18,6781
3,6783
18,6783
23,6785
24,6785
5,6786
12,6786
20,6787
11,6790
17,6792
12,6793
1,6796
16,6797
8,6798
24,6798
1,6800
2,6801
1,6808
8,6809
2,6811
8,6812
3,6814
17,6815
17,6817
2,6818
15,6821
20,6824
3,6826
10,6826
4,6829
15,6829
23,6829
4,6830
22,6831
7,6832
5,6834
5,6835
15,6838
18,6839
3,6840
16,6840
9,6848
13,6849
4,6856
13,6859
18,6860
6,6866
3,6869
4,6870
5,6871
19,6872
20,6872
5,6874
3,6877
4,6878
10,6879
10,6881
10,6883
20,6885
6,6887
24,6888
12,6890
17,6892
24,6893
9,6894
13,6894
9,6896
16,6898
8,6899
24,6899
14,6900
1,6902
13,6902
1,6903
6,6903
14,6903
13,6904
2,6905
1,6906
2,6909
25,6910
2,6910
7,6911
9,6912
21,6913
22,6917
8,6925
7,6927
7,6928
24,6928
7,6939
13,6939
11,6940
13,6942
7,6945
23,6947
15,6949
24,6958
17,6959
8,6962
21,6964
1,6965
23,6968
1,6971
2,6974
7,6974
2,6975
1,6976
2,6976
2,6977
20,6978
24,6978
11,6979
10,6982
17,6984
18,6987
18,6989
20,6989
23,6994
10,6995
20,6999
10,7003
8,7007
1,7008
2,7012
10,7012
3,7013
1,7014
17,7014
25,7015
2,7015
1,7017
5,7017
2,7018
4,7018
22,7022
9,7023
13,7023
3,7024
14,7024
4,7025
5,7026
10,7029
11,7029
17,7035
20,7037
24,7037
1,7046
2,7047
15,7048
20,7049
1,7050
16,7050
2,7051
1,7053
2,7054
23,7056
15,7061
7,7063
12,7063
9,7064
21,7065
8,7067
23,7067
22,7068
14,7070
1,7073
1,7075
2,7076
9,7077
13,7078
2,7082
7,7082
25,7084
1,7084
8,7085
17,7085
2,7086
20,7089
1,7090
2,7091
20,7091
8,7092
1,7094
3,7095
2,7096
5,7096
1,7097
4,7098
2,7099
12,7101
4,7102
18,7102
5,7105
22,7105
3,7106
23,7106
16,7108
14,7110
16,7110
19,7110
16,7112
6,7118
15,7118
21,7120
22,7122
16,7124
18,7124
17,7125
24,7126
8,7128
10,7129
13,7129
15,7131
3,7132
11,7132
15,7132
15,7133
4,7134
3,7135
14,7135
5,7136
5,7138
4,7139
13,7139
21,7139
22,7140
7,7145
22,7145
2,7152
17,7153
6,7157
9,7157
23,7157
12,7159
19,7159
16,7165
2,7166
1,7170
1,7171
2,7171
2,7172
2,7173
1,7175
17,7175
2,7179
25,7192
24,7193
3,7194
13,7196
14,7197
4,7199
22,7200
24,7200
4,7201
9,7201
17,7202
20,7202
5,7203
5,7204
8,7204
13,7204
14,7204
3,7206
12,7208
13,7210
22,7210
22,7211
7,7214
12,7214
22,7218
3,7222
12,7223
1,7224
2,7224
10,7224
1,7225
2,7226
5,7226
1,7227
2,7228
5,7228
2,7229
4,7230
22,7231
3,7233
16,7233
4,7236
23,7236
19,7238
19,7243
21,7243
21,7246
25,7247
1,7248
15,7249
16,7249
18,7249
24,7249
1,7251
2,7252
12,7252
2,7253
1,7254
2,7255
13,7257
15,7258
23,7258
24,7262
7,7264
19,7264
9,7265
24,7267
16,7278
9,7280
16,7282
16,7284
13,7286
15,7286
10,7288
3,7291
19,7291
4,7293
11,7293
17,7293
24,7293
5,7294
3,7295
5,7296
4,7298
18,7298
17,7302
3,7303
5,7304
25,7308
4,7309
4,7316
5,7318
20,7318
3,7319
6,7319
10,7319
19,7321
3,7322
5,7324
13,7324
21,7325
3,7326
14,7326
4,7327
22,7330
5,7331
4,7332
1,7333
3,7333
24,7333
1,7335
2,7340
2,7341
9,7341
7,7344
1,7346
24,7346
2,7347
23,7348
3,7351
25,7353
5,7353
10,7354
22,7354
4,7355
9,7356
23,7356
4,7357
5,7358
6,7358
3,7359
18,7359
23,7363
8,7364
8,7365
20,7369
13,7371
8,7378
17,7378
3,7379
23,7380
4,7383
5,7384
9,7385
5,7386
4,7387
3,7388
1,7389
2,7390
1,7391
2,7392
9,7392
1,7393
2,7395
12,7395
10,7396
21,7397
25,7398
9,7399
15,7399
25,7401
24,7404
11,7405
20,7406
10,7407
8,7411
12,7416
23,7417
16,7420
7,7422
8,7429
1,7430
16,7432
22,7432
19,7435
24,7436
17,7440
1,7442
1,7443
2,7444
1,7445
19,7446
2,7447
3,7447
25,7448
2,7448
4,7448
15,7450
4,7452
1,7456
1,7458
13,7458
2,7459
3,7459
5,7460
10,7460
2,7461
4,7461
20,7461
1,7462
5,7463
2,7465
7,7466
25,7467
8,7468
21,7469
7,7481
23,7486
12,7488
20,7495
10,7496
12,7497
10,7498
3,7499
4,7502
5,7504
5,7505
3,7507
6,7507
4,7508
14,7508
23,7508
1,7510
14,7510
14,7513
14,7515
10,7524
17,7524
10,7525
3,7527
4,7528
3,7529
8,7529
5,7530
18,7530
19,7531
4,7533
21,7533
5,7534
12,7534
5,7535
15,7535
22,7535
11,7536
1,7542
2,7543
1,7545
22,7546
2,7547
1,7548
6,7548
2,7549
19,7549
23,7549
1,7551
16,7551
1,7552
18,7552
2,7553
2,7554
12,7554
1,7555
15,7555
2,7556
15,7556
10,7557
1,7559
1,7560
6,7560
2,7561
19,7562
23,7562
7,7563
12,7565
1,7566
2,7568
9,7569
2,7570
17,7571
17,7574
23,7574
22,7575
18,7576
20,7580
19,7582
18,7584
1,7585
16,7585
2,7586
3,7587
1,7589
9,7589
17,7589
2,7590
1,7591
20,7591
7,7592
2,7593
16,7594
19,7599
16,7600
18,7600
13,7601
24,7602
3,7611
24,7611
5,7612
4,7613
6,7613
25,7615
13,7616
3,7621
5,7623
4,7624
9,7625
8,7626
3,7630
5,7631
20,7631
4,7632
3,7633
5,7635
23,7635
4,7636
20,7636
22,7637
18,7639
21,7648
24,7649
25,7651
21,7656
7,7660
16,7660
12,7661
24,7665
13,7666
21,7668
9,7669
9,7671
15,7672
11,7673
24,7673
8,7690
17,7692
8,7694
16,7694
13,7699
10,7700
19,7702
18,7705
15,7712
8,7713
21,7713
25,7715
1,7716
1,7718
2,7719
12,7720
1,7722
2,7723
23,7725
2,7726
20,7730
14,7731
14,7733
22,7737
25,7738
9,7741
13,7741
1,7743
3,7744
1,7745
4,7745
2,7746
3,7747
2,7748
1,7749
5,7749
4,7750
2,7751
25,7752
5,7752
11,7753
4,7758
7,7762
18,7765
13,7766
19,7768
21,7770
3,7771
22,7771
23,7771
5,7773
17,7773
24,7773
5,7775
8,7776
4,7777
4,7778
19,7779
3,7781
11,7784
25,7786
2,7789
12,7792
19,7797
1,7799
2,7800
10,7800
1,7802
1,7803
3,7803
7,7803
2,7804
4,7804
21,7804
22,7805
3,7806
21,7806
12,7807
2,7808
4,7808
5,7810
5,7812
7,7814
15,7814
5,7816
23,7817
9,7818
12,7822
23,7822
5,7823
7,7827
17,7832
12,7839
13,7839
11,7841
14,7841
21,7845
9,7849
25,7850
9,7850
19,7851
8,7855
17,7855
12,7857
13,7859
13,7860
20,7861
18,7866
7,7870
15,7871
17,7873
18,7873
9,7874
20,7875
10,7876
8,7877
18,7878
15,7879
23,7879
4,7881
20,7886
12,7888
23,7889
3,7890
4,7892
5,7893
17,7893
22,7893
23,7894
4,7895
5,7897
3,7898
1,7901
22,7901
10,7902
1,7904
23,7904
18,7906
2,7908
3,7908
1,7909
4,7909
2,7910
5,7910
2,7911
3,7912
20,7913
5,7914
14,7915
4,7916
7,7917
9,7918
3,7920
24,7921
14,7922
19,7923
4,7924
5,7925
5,7927
3,7931
4,7932
8,7932
8,7934
8,7936
11,7936
23,7936
6,7941
1,7944
17,7944
11,7946
14,7946
24,7946
2,7947
1,7948
1,7949
3,7949
2,7951
4,7951
20,7951
2,7952
23,7952
5,7953
5,7955
3,7958
6,7959
4,7961
1,7963
2,7964
19,7965
1,7966
19,7966
1,7967
2,7968
23,7968
23,7969
25,7973
24,7973
24,7974
2,7975
6,7976
14,7978
13,7980
15,7980
12,7982
17,7982
3,7983
25,7984
6,7986
21,7986
4,7987
5,7990
17,7991
5,7992
10,7992
1,7995
4,7995
17,7995
3,7997
2,7999
1,8001
1,8002
2,8004
7,8004
5,8005
2,8008
7,8015
2,8016
6,8016
14,8020
21,8021
14,8023
3,8025
8,8027
15,8033
2,8034
20,8034
14,8039
11,8042
20,8042
18,8044
20,8055
14,8062
18,8062
8,8063
3,8065
21,8065
25,8069
4,8069
13,8069
3,8071
24,8071
5,8072
5,8074
10,8074
4,8075
22,8076
22,8078
7,8080
13,8083
20,8083
13,8084
3,8088
5,8089
13,8089
1,8092
4,8092
1,8093
2,8094
2,8095
11,8095
1,8096
16,8096
5,8097
2,8098
3,8101
1,8102
4,8102
14,8102
22,8102
1,8103
8,8103
11,8103
14,8104
16,8104
3,8105
21,8105
2,8106
16,8106
2,8107
18,8107
3,8108
8,8108
6,8109
1,8110
9,8110
2,8112
4,8113
4,8115
21,8115
6,8117
25,8120
5,8121
5,8122
3,8123
20,8126
24,8128
14,8131
1,8135
1,8136
22,8136
2,8138
2,8139
19,8139
24,8139
1,8141
2,8142
20,8142
3,8144
5,8145
8,8145
4,8146
11,8146
4,8148
3,8149
23,8149
5,8150
16,8150
9,8151
17,8151
3,8152
4,8153
13,8156
19,8157
3,8158
5,8159
5,8160
4,8162
16,8162
6,8167
15,8167
23,8169
13,8171
14,8172
15,8172
13,8175
16,8175
10,8182
3,8183
4,8184
5,8185
7,8185
5,8187
19,8188
3,8189
4,8190
15,8193
15,8196
16,8198
23,8199
12,8202
12,8205
17,8205
6,8206
3,8209
4,8210
4,8211
1,8213
1,8214
6,8214
5,8215
9,8215
3,8216
14,8216
18,8216
5,8217
2,8218
6,8218
9,8218
13,8218
19,8218
1,8219
3,8219
4,8221
2,8222
5,8222
2,8223
8,8224
4,8225
8,8225
5,8226
13,8226
14,8227
3,8228
19,8229
16,8232
24,8235
1,8238
11,8239
6,8240
2,8241
24,8241
1,8242
1,8244
9,8244
2,8245
2,8246
7,8249
6,8250
15,8251
17,8252
10,8254
1,8258
2,8259
1,8260
2,8263
1,8264
2,8267
1,8268
21,8272
19,8273
25,8274
8,8275
1,8279
1,8281
6,8281
9,8281
2,8282
7,8284
2,8285
8,8286
25,8289
6,8289
1,8290
2,8291
16,8291
7,8300
14,8304
1,8305
13,8307
9,8312
3,8320
17,8320
19,8320
5,8321
10,8324
19,8325
16,8327
5,8328
9,8328
4,8329
25,8331
4,8331
6,8331
18,8331
20,8332
3,8333
4,8336
23,8337
3,8338
19,8339
4,8340
5,8341
4,8342
5,8343
23,8343
3,8344
24,8346
1,8349
13,8350
19,8351
11,8352
13,8352
2,8353
1,8355
1,8356
19,8356
2,8359
3,8360
4,8361
3,8362
5,8363
20,8364
2,8365
1,8368
2,8369
5,8369
1,8370
1,8372
4,8373
6,8375
9,8375
2,8378
13,8378
2,8379
17,8382
16,8383
1,8387
24,8387
24,8391
3,8392
20,8392
24,8392
4,8393
5,8393
3,8396
5,8397
1,8399
5,8400
2,8403
4,8403
1,8404
14,8405
2,8407
14,8407
1,8408
2,8410
8,8413
22,8413
7,8414
25,8415
20,8418
10,8423
23,8423
6,8428
21,8428
14,8433
21,8436
9,8441
15,8441
13,8446
20,8447
10,8449
18,8453
10,8454
10,8462
2,8463
13,8463
15,8463
16,8463
11,8464
6,8466
24,8466
3,8467
7,8471
4,8472
22,8474
3,8475
4,8477
24,8477
5,8480
20,8480
11,8481
12,8481
5,8483
8,8484
18,8484
16,8487
2,8488
22,8488
15,8489
4,8490
15,8491
23,8492
9,8493
20,8495
22,8495
3,8498
13,8498
5,8500
5,8501
4,8502
3,8503
4,8504
8,8506
18,8507
21,8510
1,8511
1,8512
21,8515
2,8516
2,8519
1,8521
7,8521
2,8523
14,8523
25,8524
14,8524
9,8527
17,8527
21,8527
25,8529
8,8530
13,8530
24,8541
11,8543
15,8543
10,8548
24,8548
11,8550
15,8551
14,8552
14,8553
3,8557
4,8563
23,8563
5,8564
1,8565
13,8566
14,8566
15,8566
1,8567
5,8567
2,8568
4,8568
3,8570
22,8570
24,8571
17,8573
2,8575
23,8576
1,8577
2,8580
7,8580
14,8582
10,8586
15,8590
1,8593
2,8594
3,8594
1,8595
5,8596
1,8598
4,8599
10,8600
2,8601
4,8601
2,8602
3,8602
6,8602
9,8603
5,8604
11,8604
9,8607
15,8607
7,8608
16,8611
11,8612
22,8612
1,8616
16,8617
1,8618
2,8619
16,8619
6,8620
23,8620
2,8623
7,8623
1,8628
2,8630
22,8633
9,8634
18,8636
18,8638
7,8640
19,8642
11,8643
19,8643
16,8644
11,8645
14,8645
9,8647
19,8647
19,8648
16,8651
7,8652
15,8653
12,8657
17,8660
12,8663
3,8668
14,8668
17,8670
4,8672
20,8672
1,8673
4,8673
5,8675
7,8675
14,8675
23,8675
2,8677
20,8677
5,8678
1,8679
1,8680
3,8680
13,8681
2,8682
2,8683
10,8684
6,8685
25,8687
10,8688
8,8689
21,8690
7,8691
15,8693
16,8696
15,8700
16,8702
21,8704
11,8705
21,8706
13,8707
7,8709
2,8710
20,8711
12,8713
21,8713
17,8714
1,8719
3,8720
3,8721
4,8722
24,8723
3,8724
9,8725
25,8726
1,8726
5,8726
2,8727
2,8728
5,8728
1,8729
4,8729
23,8731
2,8732
7,8734
12,8736
23,8739
1,8741
1,8742
2,8743
1,8744
2,8745
1,8747
2,8747
6,8751
7,8752
22,8752
3,8755
8,8756
13,8758
9,8762
11,8765
24,8768
8,8769
17,8770
3,8773
4,8774
8,8774
5,8775
25,8776
17,8776
3,8778
17,8778
4,8783
5,8785
9,8785
22,8785
18,8786
14,8789
20,8789
24,8790
10,8796
17,8798
17,8799
6,8801
18,8804
7,8809
1,8812
1,8813
13,8813
19,8814
21,8814
11,8815
25,8816
2,8817
2,8818
15,8819
1,8822
2,8823
19,8823
11,8826
25,8828
10,8828
17,8828
3,8834
16,8834
4,8835
6,8835
10,8835
5,8837
4,8839
3,8840
9,8842
5,8845
22,8846
23,8848
22,8850
3,8854
4,8855
17,8855
3,8858
5,8860
7,8861
4,8862
5,8866
10,8866
13,8867
1,8868
17,8872
25,8876
19,8877
22,8877
20,8878
1,8883
6,8885
15,8885
23,8885
1,8886
2,8887
2,8888
24,8888
1,8893
12,8893
2,8894
11,8897
12,8902
1,8906
1,8907
2,8908
1,8910
16,8911
2,8912
8,8912
9,8912
2,8913
1,8914
2,8915
12,8916
1,8917
8,8918
3,8921
7,8921
20,8921
25,8922
2,8923
4,8923
5,8924
21,8924
25,8925
4,8925
9,8925
6,8926
1,8927
5,8927
2,8928
17,8928
3,8929
6,8933
1,8936
10,8936
15,8937
2,8938
1,8940
12,8940
1,8941
2,8942
2,8943
25,8944
25,8945
11,8947
1,8949
25,8950
1,8950
24,8950
2,8952
6,8953
20,8955
1,8956
2,8957
2,8958
25,8959
10,8961
15,8961
9,8962
10,8964
24,8964
9,8965
7,8970
8,8971
20,8974
5,8975
24,8975
16,8979
19,8983
23,8983
1,8984
1,8985
7,8985
12,8986
22,8987
2,8988
16,8988
21,8988
10,8989
12,8989
19,8990
2,8991
10,8991
17,8991
10,8992
22,8992
3,8994
5,8997
1,8998
5,8998
4,8999
3,9000
4,9001
2,9003
1,9006
6,9009
23,9010
8,9016
5,9017
7,9019
3,9021
1,9023
1,9024
2,9025
2,9026
14,9026
1,9027
8,9027
23,9027
2,9028
10,9029
13,9029
3,9034
4,9035
6,9037
25,9038
19,9038
5,9041
4,9042
5,9043
15,9043
3,9044
6,9044
3,9045
19,9045
4,9046
13,9047
14,9047
4,9051
5,9052
5,9054
11,9054
3,9056
14,9056
21,9056
16,9057
24,9057
10,9063
7,9068
13,9068
9,9069
11,9070
16,9072
17,9074
22,9074
11,9082
10,9084
24,9087
11,9088
13,9089
16,9091
11,9093
25,9094
9,9097
10,9098
16,9099
17,9100
13,9103
21,9105
12,9106
25,9107
1,9110
3,9110
13,9110
2,9111
1,9112
2,9113
20,9114
1,9115
9,9115
2,9116
3,9117
4,9119
3,9121
5,9123
1,9124
14,9124
15,9126
2,9127
4,9127
1,9128
8,9128
12,9128
24,9128
2,9129
6,9129
1,9130
5,9131
2,9132
3,9132
14,9133
5,9134
20,9135
4,9136
4,9137
5,9138
16,9138
3,9139
16,9140
18,9143
14,9144
3,9153
7,9153
4,9155
5,9156
13,9156
4,9158
5,9159
5,9160
3,9163
4,9163
24,9167
23,9169
3,9170
23,9170
4,9171
4,9172
5,9173
5,9174
14,9174
16,9174
4,9175
13,9175
16,9177
3,9178
9,9179
10,9192
23,9193
13,9195
14,9195
23,9195
25,9197
9,9197
11,9197
14,9199
11,9200
14,9201
9,9203
10,9204
15,9206
20,9207
21,9208
14,9209
9,9210
7,9217
1,9218
1,9219
2,9221
1,9222
16,9222
2,9223
17,9225
19,9226
7,9227
2,9228
1,9229
24,9231
14,9232
14,9234
20,9234
7,9237
9,9237
23,9237
3,9240
5,9241
5,9242
4,9245
4,9246
3,9247
25,9254
10,9254
15,9254
8,9256
12,9256
24,9259
7,9260
11,9266
21,9269
8,9271
9,9272
11,9272
19,9272
21,9274
11,9278
17,9278
16,9279
1,9281
2,9282
1,9285
10,9285
22,9286
2,9287
1,9289
2,9290
6,9293
22,9296
3,9298
5,9299
1,9301
6,9304
11,9304
23,9304
1,9305
4,9305
2,9306
5,9306
1,9309
3,9309
2,9310
2,9311
4,9311
3,9312
4,9313
5,9315
8,9315
25,9317
3,9317
5,9319
4,9321
13,9322
6,9326
24,9326
7,9327
11,9332
10,9334
21,9337
14,9347
18,9350
7,9351
10,9352
25,9354
3,9356
4,9357
3,9358
11,9358
24,9360
5,9363
6,9363
5,9364
4,9365
8,9365
12,9365
3,9368
20,9368
5,9372
14,9373
19,9373
4,9375
5,9376
4,9377
3,9378
25,9381
3,9381
8,9381
11,9381
5,9382
4,9385
7,9385
5,9386
14,9386
4,9387
19,9387
24,9387
3,9389
10,9389
6,9391
16,9392
12,9395
12,9396
17,9397
3,9400
8,9402
14,9403
16,9404
10,9406
22,9406
18,9407
25,9408
22,9408
5,9416
20,9416
3,9418
5,9419
19,9419
4,9422
11,9423
19,9423
5,9425
4,9426
3,9427
24,9427
6,9429
11,9429
8,9434
15,9435
3,9437
5,9439
5,9440
4,9441
9,9442
20,9442
4,9443
24,9444
3,9446
19,9447
2,9448
10,9448
21,9450
3,9452
25,9453
4,9453
14,9453
5,9454
12,9454
5,9455
16,9456
3,9457
4,9458
25,9459
3,9462
21,9462
4,9468
3,9469
15,9469
5,9470
10,9471
1,9472
18,9472
1,9473
5,9474
4,9475
2,9476
1,9477
4,9478
25,9479
19,9479
2,9480
16,9480
2,9481
6,9482
21,9486
22,9490
18,9493
12,9497
21,9498
14,9504
23,9506
6,9514
23,9518
1,9522
15,9522
18,9526
2,9527
8,9530
1,9531
3,9531
1,9533
4,9533
2,9534
3,9534
9,9534
5,9535
1,9536
5,9536
4,9537
9,9537
2,9538
22,9538
13,9539
24,9542
3,9547
4,9550
3,9551
21,9552
5,9553
5,9554
13,9555
4,9558
20,9560
19,9561
18,9562
19,9563
3,9564
15,9564
1,9565
5,9568
4,9569
4,9570
7,9571
3,9573
19,9574
19,9577
19,9578
10,9579
5,9580
11,9583
24,9583
16,9584
17,9585
10,9587
11,9590
2,9591
15,9591
3,9593
7,9593
4,9594
7,9594
3,9596
4,9597
5,9598
5,9599
18,9599
3,9602
4,9603
10,9603
4,9604
5,9606
12,9606
15,9606
3,9608
5,9610
12,9611
16,9611
17,9611
11,9614
8,9615
1,9619
2,9621
1,9622
2,9625
12,9626
23,9626
1,9627
2,9628
21,9631
11,9632
1,9633
1,9634
17,9634
20,9634
2,9635
2,9638
20,9639
25,9640
1,9640
2,9641
3,9642
7,9643
5,9644
6,9645
23,9645
4,9647
1,9648
5,9648
4,9649
3,9650
8,9653
18,9653
2,9657
1,9658
3,9658
9,9659
5,9660
2,9661
20,9661
1,9662
4,9662
2,9663
5,9663
15,9663
4,9664
23,9664
18,9665
3,9666
17,9666
18,9666
16,9670
14,9674
23,9675
10,9679
25,9681
6,9682
21,9688
20,9690
23,9690
3,9691
25,9700
13,9701
9,9702
23,9709
1,9710
13,9710
22,9710
2,9711
17,9712
1,9715
1,9716
24,9716
15,9718
3,9719
19,9719
2,9720
2,9721
1,9727
10,9727
14,9728
3,9731
25,9732
5,9735
2,9736
4,9736
1,9737
6,9737
20,9737
3,9739
10,9741
1,9742
5,9742
2,9743
2,9744
11,9745
4,9746
13,9746
16,9748
20,9750
24,9750
24,9752
13,9755
11,9759
22,9759
10,9761
11,9764
11,9765
6,9766
14,9767
24,9767
18,9771
11,9774
12,9778
1,9780
21,9780
21,9781
10,9782
1,9783
2,9786
2,9787
1,9788
7,9788
2,9789
25,9790
17,9790
13,9793
19,9793
1,9799
16,9801
24,9801
20,9802
9,9804
2,9805
12,9805
1,9806
7,9806
1,9809
2,9810
2,9811
12,9811
14,9813
10,9817
12,9818
16,9818
12,9821
21,9821
13,9822
23,9824
1,9830
2,9831
22,9831
25,9836
1,9836
1,9837
2,9838
3,9842
4,9843
8,9843
2,9844
5,9845
3,9846
5,9848
21,9848
22,9849
4,9850
15,9851
3,9856
1,9857
1,9858
4,9858
19,9858
5,9859
4,9860
22,9861
2,9862
5,9862
25,9864
2,9864
3,9864
10,9865
2,9866
15,9868
1,9869
2,9873
23,9873
9,9877
12,9878
21,9883
21,9886
22,9887
9,9891
12,9891
21,9891
24,9891
11,9893
11,9897
13,9899
22,9903
11,9904
23,9905
11,9906
19,9906
17,9909
15,9910
15,9913
25,9914
5,9914
16,9915
19,9915
10,9917
21,9917
25,9927
13,9931
13,9935
14,9935
13,9939
6,9940
14,9941
22,9941
10,9944
17,9945
17,9947
3,9949
4,9950
1,9952
3,9952
5,9954
4,9956
5,9957
21,9957
7,9963
25,9973
25,9975
8,9977
20,9978
24,9979
3,9980
5,9981
23,9982
5,9983
7,9985
4,9987
4,9989
3,9991
1,9993
15,9993
1,9994
16,9994
2,9995
1,9996
2,9998
8,9998
13,9998
2,9999
10,9999
