47,3
34,5
14,6
18,8
7,9
9,9
23,9
26,9
33,9
50,11
19,11
12,12
30,13
48,14
35,15
2,16
37,16
1,18
2,20
34,20
12,21
48,22
25,23
40,23
43,23
28,26
39,27
12,28
40,28
41,30
1,31
18,31
22,31
42,31
17,34
18,34
34,34
2,37
22,37
8,39
29,39
32,39
18,40
34,42
1,45
12,45
48,45
6,46
48,46
2,47
9,47
12,47
45,47
27,48
37,48
19,49
26,49
27,50
40,52
45,52
17,53
24,54
50,56
14,58
24,58
45,59
7,61
33,61
20,65
45,65
50,67
33,72
10,74
14,74
1,77
34,77
2,79
49,79
23,80
1,81
12,81
2,82
10,83
15,83
20,84
41,84
1,85
2,86
1,88
19,88
50,89
21,89
11,90
29,90
42,90
46,91
1,92
40,93
47,93
1,94
32,95
2,96
2,98
11,98
16,99
33,99
38,99
16,101
47,101
1,102
12,102
23,102
25,102
2,103
12,105
50,108
8,110
31,111
7,113
8,113
28,113
20,115
34,117
8,119
43,119
24,121
45,122
3,123
11,126
42,126
13,127
43,127
6,128
5,129
31,129
5,133
6,133
4,134
42,134
44,134
35,135
4,136
12,136
20,136
30,136
3,138
8,141
14,141
15,142
8,143
32,143
39,143
7,144
20,145
47,147
33,148
37,148
43,148
22,149
50,153
38,153
28,154
39,154
3,157
11,157
28,157
21,158
4,159
12,159
44,159
3,160
50,161
49,161
45,162
5,163
41,163
46,163
4,164
34,165
5,166
22,166
15,167
21,167
32,168
24,170
37,170
46,170
46,173
45,174
39,175
23,177
44,177
35,179
19,180
44,181
45,182
44,183
16,185
22,186
45,186
30,188
2,189
32,189
6,190
27,190
15,191
29,191
22,192
30,195
34,195
40,197
25,198
28,198
3,201
8,201
13,202
48,202
5,203
9,203
4,205
38,205
46,205
9,206
6,207
22,207
1,208
41,208
46,208
2,209
3,209
17,209
1,210
5,210
4,211
28,211
46,211
48,212
2,213
3,213
1,214
43,214
4,215
30,215
5,217
23,217
29,217
3,218
4,220
2,221
8,222
5,223
12,225
35,225
29,226
20,227
22,227
7,228
20,228
29,230
36,231
25,232
8,233
32,234
2,235
14,235
22,235
37,235
26,238
31,238
32,239
39,241
47,242
48,242
42,243
8,244
32,244
41,245
13,247
18,247
18,249
48,249
3,250
50,251
4,251
45,251
4,252
37,252
25,254
5,259
5,260
3,261
7,261
50,262
14,264
23,264
41,264
24,267
34,267
24,269
36,270
18,271
6,272
39,273
13,274
34,274
41,274
13,277
25,277
26,277
36,278
43,280
31,281
37,281
41,282
13,285
33,288
28,289
28,292
28,294
37,294
15,295
48,295
6,296
36,296
50,297
3,297
5,298
4,299
35,299
5,300
3,301
13,301
25,302
24,303
4,304
9,304
27,304
4,306
42,307
42,310
31,311
47,311
3,312
47,312
4,313
38,313
7,314
10,314
16,315
37,315
33,316
35,316
49,316
19,317
5,318
39,319
5,320
3,322
4,325
12,327
32,329
48,329
34,332
3,333
7,333
41,333
50,334
5,335
38,335
18,336
43,336
4,337
4,338
16,338
25,338
38,338
38,339
39,339
3,340
30,340
33,340
5,341
28,341
20,343
29,343
45,343
36,344
1,345
1,346
3,346
3,348
20,348
2,349
26,349
1,350
2,351
18,351
2,352
4,352
33,352
46,353
3,354
8,355
42,355
48,355
4,356
18,359
5,360
5,361
24,365
13,366
20,368
25,368
38,368
24,369
29,371
36,371
9,373
31,374
14,375
49,377
39,378
32,379
15,380
33,380
40,381
44,383
22,388
34,389
44,389
3,390
42,391
4,392
24,393
5,394
13,394
21,395
5,396
8,397
25,397
8,399
30,399
31,399
43,399
4,400
6,400
31,400
39,400
7,401
36,401
46,401
28,402
37,402
44,402
3,403
25,405
1,406
10,411
32,413
19,414
34,417
44,418
29,419
27,420
16,422
33,422
22,424
13,429
21,429
26,429
31,430
12,431
20,431
30,432
19,437
23,437
36,437
44,439
18,440
1,441
8,441
44,442
50,443
27,443
22,444
2,446
15,446
1,447
2,448
13,448
8,449
1,450
34,450
2,452
8,453
25,455
25,456
9,459
17,459
36,459
12,461
16,461
3,462
4,463
18,463
3,464
28,464
4,465
16,465
31,465
24,466
30,466
28,467
35,467
28,468
6,469
23,470
24,470
34,470
5,471
18,472
27,472
5,473
12,473
35,473
19,474
11,475
30,476
35,476
3,478
34,479
5,480
32,480
34,480
14,481
15,481
5,483
16,483
6,484
33,484
46,484
34,485
16,486
26,486
37,486
39,487
28,488
50,489
7,489
10,489
29,489
4,490
44,490
16,491
4,492
10,494
3,496
10,496
9,497
13,497
47,497
34,498
28,499
48,499
15,500
13,502
14,503
35,508
14,510
21,510
11,511
40,511
38,512
21,516
50,517
25,517
28,517
42,520
27,525
38,526
14,528
16,528
37,532
19,533
23,535
27,535
26,536
19,537
22,538
14,539
41,540
30,542
23,543
9,544
36,547
35,548
20,550
42,553
48,553
12,558
29,558
20,559
34,559
35,561
18,562
19,562
39,562
10,563
16,563
48,564
7,565
16,566
39,566
1,567
2,568
12,568
12,569
14,569
35,569
31,570
36,571
20,572
34,574
49,574
1,575
1,577
28,577
2,578
13,578
38,578
2,579
33,579
40,581
26,582
42,582
11,583
13,583
6,584
18,584
9,585
23,585
36,585
24,586
38,586
6,587
10,589
3,590
30,590
1,591
2,592
5,592
50,593
4,593
5,594
4,595
10,595
49,595
3,596
37,597
41,597
1,605
13,606
37,606
21,607
2,608
1,609
45,609
28,610
2,611
47,611
41,613
1,614
32,614
22,615
2,616
30,616
8,617
6,619
44,621
47,621
1,622
34,622
44,622
1,623
11,623
2,625
29,625
34,625
12,627
2,628
20,628
35,628
25,629
6,630
15,631
14,632
1,633
45,633
18,634
27,635
2,636
35,636
27,637
30,637
11,638
23,641
25,642
26,642
37,642
31,643
24,644
33,645
23,647
33,647
14,649
33,653
11,655
33,656
3,657
10,659
38,659
22,660
35,660
4,661
9,661
1,662
36,662
4,663
15,663
41,663
2,664
5,665
47,665
1,666
3,666
1,667
2,668
5,668
2,669
9,669
18,669
32,670
29,671
24,672
37,673
50,674
16,674
22,674
43,674
1,675
2,676
23,676
44,676
1,677
2,677
1,679
3,679
15,679
2,680
5,680
6,680
19,680
2,681
44,682
46,682
50,683
4,683
40,683
42,683
4,684
31,684
33,684
33,685
39,685
27,686
30,686
45,687
48,687
3,688
7,688
5,689
10,695
13,696
31,696
20,698
26,698
43,698
44,698
14,700
16,703
11,704
21,704
27,704
48,704
19,705
3,706
4,706
27,706
4,707
20,708
50,709
4,709
41,709
43,709
3,710
15,711
26,711
39,711
5,712
19,713
5,714
27,714
23,716
44,716
45,717
49,718
42,719
1,720
36,720
1,721
36,723
50,725
2,725
9,725
2,726
11,726
29,726
35,726
37,727
1,728
27,728
2,729
9,732
46,732
8,733
34,733
49,735
33,736
43,736
27,737
3,738
30,738
5,739
4,740
34,740
39,740
47,740
10,741
29,741
15,742
29,742
41,742
1,744
5,744
32,744
2,745
3,745
1,746
4,747
2,748
1,749
2,751
3,752
3,753
7,753
17,753
45,753
5,755
39,755
1,757
5,757
22,757
33,757
2,758
4,758
13,758
39,758
34,759
1,760
3,760
10,760
29,760
1,761
4,761
2,762
10,762
2,764
20,764
18,765
7,768
26,768
30,768
34,770
50,774
10,774
9,775
12,776
19,776
20,778
42,778
30,779
50,781
5,781
18,781
28,781
35,781
1,782
15,783
8,785
13,785
1,786
11,786
2,788
17,788
2,789
1,790
6,791
2,792
14,792
10,793
32,793
10,794
31,794
46,794
47,794
45,795
3,798
4,799
13,799
4,800
6,800
21,802
25,803
50,804
3,804
5,805
8,805
3,806
5,807
21,807
45,808
21,809
26,809
21,811
3,813
7,813
12,813
47,814
32,815
43,815
4,817
3,818
11,818
40,818
50,819
5,820
30,821
2,822
4,822
5,823
29,828
1,829
1,830
36,830
44,830
2,831
1,832
47,832
1,833
11,833
14,833
2,834
7,834
24,834
25,834
2,835
14,835
30,836
39,836
49,836
10,837
15,837
50,838
30,839
29,840
47,840
37,841
19,842
30,844
12,845
40,846
14,847
21,847
17,848
36,848
18,851
36,853
3,854
4,855
18,856
35,856
5,857
16,860
16,861
38,862
14,863
3,865
31,865
43,865
4,866
30,867
5,869
21,870
26,870
12,871
25,871
15,872
9,873
21,875
27,875
23,876
46,876
26,878
13,881
20,881
25,886
12,887
23,887
21,890
30,890
36,890
24,892
34,892
14,895
6,896
13,896
23,897
33,898
22,899
37,903
47,903
7,904
32,904
23,905
6,906
37,908
8,910
16,910
31,910
36,910
17,911
7,913
48,913
1,914
17,914
21,915
37,915
24,916
15,917
25,917
1,918
37,918
2,919
19,919
2,920
15,920
34,921
1,922
7,922
2,923
16,923
28,925
37,926
44,926
48,927
1,928
3,929
11,929
21,929
30,929
37,929
5,930
6,931
5,932
28,933
9,934
4,935
17,936
50,937
4,937
23,937
17,938
23,938
43,938
44,938
3,939
31,939
47,939
19,944
3,945
36,945
40,945
45,945
5,946
4,947
27,947
37,947
3,948
17,948
24,948
5,949
43,949
25,950
6,951
13,951
4,952
12,953
21,953
34,953
30,956
22,957
23,957
37,957
46,958
13,959
22,960
41,961
30,963
43,965
37,968
15,970
27,972
35,972
49,972
17,974
14,976
1,978
11,980
1,981
8,981
2,982
46,982
1,983
21,985
38,986
2,987
37,987
2,988
34,989
37,989
14,990
30,990
36,992
41,992
45,993
3,994
17,994
25,994
5,995
11,995
42,995
4,997
5,998
4,999
35,999
50,1000
28,1000
3,1001
16,1001
25,1001
5,1002
19,1004
27,1005
13,1007
14,1007
19,1007
39,1007
1,1010
7,1010
24,1011
38,1013
2,1014
1,1015
22,1015
2,1016
8,1016
13,1016
34,1016
1,1018
2,1019
12,1021
22,1024
3,1026
18,1026
27,1026
42,1026
5,1027
11,1027
17,1027
4,1028
24,1028
25,1028
5,1029
12,1029
3,1030
4,1031
45,1032
25,1033
50,1034
38,1035
8,1037
10,1037
39,1038
1,1039
50,1040
1,1040
14,1040
31,1040
45,1041
36,1042
2,1043
29,1043
22,1044
50,1045
1,1045
19,1045
33,1045
2,1047
13,1047
2,1048
19,1048
9,1049
25,1052
50,1053
13,1053
46,1054
26,1055
26,1056
30,1056
49,1056
25,1057
43,1057
46,1057
38,1058
42,1058
44,1058
1,1059
1,1062
2,1063
17,1063
1,1064
44,1065
2,1066
2,1067
17,1067
19,1069
42,1070
27,1071
27,1072
1,1073
34,1073
1,1074
2,1075
50,1076
1,1076
3,1076
24,1076
5,1077
47,1077
2,1078
4,1078
2,1079
3,1079
36,1079
48,1079
22,1080
31,1081
14,1082
24,1082
38,1082
5,1083
38,1083
4,1085
17,1085
23,1086
48,1086
28,1087
29,1089
24,1090
40,1091
39,1093
37,1095
14,1096
24,1096
35,1096
45,1096
47,1096
3,1097
39,1097
19,1099
36,1099
5,1100
4,1101
13,1101
39,1101
48,1101
4,1102
3,1103
34,1103
5,1104
11,1104
23,1104
30,1104
18,1105
32,1105
2,1107
3,1107
4,1108
7,1108
34,1108
1,1109
4,1109
42,1109
3,1110
1,1111
2,1112
43,1112
46,1112
2,1113
24,1113
5,1114
5,1115
37,1115
45,1115
46,1115
34,1116
47,1116
47,1117
3,1118
49,1119
1,1120
36,1120
41,1120
2,1121
4,1121
14,1121
25,1121
5,1122
4,1123
3,1125
21,1125
5,1128
17,1132
35,1132
30,1133
23,1134
33,1135
3,1138
35,1138
4,1139
6,1140
4,1141
12,1141
5,1143
3,1144
34,1144
7,1145
12,1145
5,1146
24,1146
7,1147
13,1149
18,1151
38,1151
9,1152
14,1152
7,1153
24,1153
31,1153
45,1155
7,1158
35,1161
8,1164
11,1167
22,1170
47,1171
20,1172
13,1173
18,1173
28,1173
18,1174
42,1174
3,1175
16,1175
47,1175
21,1176
45,1177
13,1178
30,1179
29,1180
7,1181
20,1182
15,1183
21,1183
25,1185
3,1186
4,1187
19,1187
24,1187
5,1188
4,1189
23,1189
24,1189
5,1191
26,1191
3,1192
21,1192
22,1192
29,1192
22,1196
18,1198
25,1199
49,1199
10,1201
11,1201
22,1201
25,1202
30,1202
39,1202
28,1203
39,1203
43,1203
19,1204
27,1204
31,1204
11,1205
12,1205
46,1206
35,1209
36,1209
40,1209
44,1210
48,1210
15,1211
19,1212
16,1214
1,1215
8,1215
18,1215
43,1215
16,1216
1,1217
2,1219
25,1219
27,1219
35,1220
43,1220
29,1221
13,1222
1,1224
39,1225
49,1225
2,1226
14,1226
23,1226
2,1227
7,1227
13,1227
22,1227
42,1227
11,1228
27,1230
44,1230
28,1231
34,1232
47,1232
40,1233
33,1234
28,1236
9,1237
39,1237
10,1239
36,1239
10,1241
50,1243
19,1243
23,1243
3,1244
9,1245
49,1246
15,1249
48,1249
37,1250
39,1250
7,1251
13,1251
13,1252
11,1255
5,1256
4,1257
21,1258
33,1258
33,1259
48,1259
35,1260
48,1260
3,1261
1,1262
4,1262
14,1262
30,1262
2,1263
5,1263
21,1263
1,1264
47,1265
11,1267
17,1269
45,1269
2,1271
14,1271
43,1273
30,1274
1,1275
14,1276
2,1277
28,1277
7,1278
32,1278
48,1279
3,1280
7,1280
40,1280
5,1281
36,1281
20,1282
10,1284
12,1286
24,1286
44,1286
4,1288
24,1289
28,1289
3,1290
11,1290
5,1291
39,1291
4,1292
22,1293
35,1294
43,1295
18,1298
36,1299
10,1300
18,1300
46,1300
38,1301
43,1301
47,1302
16,1303
21,1303
31,1303
40,1303
6,1306
10,1306
33,1306
47,1307
1,1308
2,1309
45,1310
1,1311
1,1313
12,1313
43,1313
2,1314
39,1314
22,1315
2,1318
17,1321
23,1321
46,1321
49,1321
25,1322
38,1322
3,1324
32,1324
50,1325
5,1327
41,1328
5,1329
50,1330
16,1330
4,1331
4,1332
3,1333
3,1334
9,1334
32,1335
49,1335
25,1336
38,1336
44,1336
5,1337
10,1339
13,1339
30,1339
35,1339
4,1340
23,1340
47,1340
4,1341
19,1342
5,1343
3,1344
6,1344
32,1344
44,1344
12,1345
18,1345
17,1347
46,1347
29,1348
33,1349
16,1350
42,1350
45,1350
46,1350
23,1351
26,1352
25,1353
33,1353
29,1354
3,1355
5,1356
24,1356
34,1356
4,1357
5,1358
16,1358
39,1358
3,1359
12,1359
15,1359
32,1360
43,1360
4,1362
12,1364
40,1364
14,1370
32,1370
9,1371
12,1372
23,1372
25,1372
38,1373
50,1375
44,1375
3,1376
11,1377
13,1377
47,1377
11,1378
16,1378
34,1378
22,1379
47,1379
17,1381
23,1381
1,1384
22,1384
24,1385
30,1385
42,1385
1,1386
47,1388
2,1389
3,1389
2,1390
4,1390
1,1391
5,1391
16,1391
44,1391
2,1392
3,1393
8,1393
25,1393
4,1394
50,1396
5,1396
40,1397
8,1400
37,1400
42,1400
44,1400
50,1401
33,1401
30,1409
33,1409
40,1410
8,1411
30,1413
41,1413
17,1414
37,1415
35,1416
30,1417
11,1418
39,1418
3,1419
23,1419
39,1419
5,1423
43,1423
4,1424
16,1424
29,1424
3,1425
4,1427
40,1428
43,1428
5,1429
12,1429
24,1432
22,1435
21,1437
50,1438
8,1438
30,1441
34,1442
20,1443
22,1443
39,1443
14,1444
1,1445
24,1445
29,1445
14,1448
41,1449
21,1450
3,1451
12,1451
29,1451
23,1452
29,1452
35,1452
38,1452
50,1453
14,1453
4,1454
21,1454
5,1455
42,1455
4,1456
31,1456
3,1457
5,1458
9,1466
47,1469
43,1471
41,1472
1,1474
47,1475
2,1476
15,1476
1,1477
7,1479
31,1480
37,1480
44,1480
2,1481
1,1482
14,1482
32,1482
2,1483
8,1483
34,1483
4,1485
49,1485
38,1488
31,1489
14,1490
40,1491
20,1492
40,1492
24,1495
41,1495
1,1496
26,1496
39,1497
1,1498
48,1498
2,1499
1,1501
15,1501
27,1501
40,1502
2,1503
2,1505
1,1506
2,1507
18,1507
28,1508
1,1510
28,1510
1,1511
2,1513
2,1514
2,1515
27,1515
14,1516
31,1518
42,1518
3,1521
18,1522
46,1522
4,1523
3,1524
42,1524
5,1525
28,1526
29,1526
5,1527
4,1528
10,1528
23,1528
11,1529
44,1532
7,1533
46,1533
13,1535
35,1536
47,1538
19,1539
37,1539
44,1539
35,1541
1,1542
1,1543
34,1543
35,1543
2,1544
2,1547
48,1547
1,1548
50,1549
2,1549
3,1549
40,1549
17,1550
29,1551
39,1551
7,1552
38,1552
38,1554
16,1555
40,1555
6,1558
26,1558
16,1559
1,1560
18,1560
19,1560
2,1561
1,1562
28,1562
33,1562
49,1562
1,1564
2,1565
29,1566
34,1566
2,1567
38,1567
39,1569
40,1569
33,1570
11,1573
50,1575
9,1577
13,1577
8,1580
50,1584
46,1584
43,1587
6,1588
18,1589
45,1589
16,1593
23,1594
44,1595
13,1597
30,1597
7,1598
41,1598
23,1602
29,1602
13,1604
34,1605
32,1606
45,1606
1,1607
1,1608
44,1613
2,1614
1,1615
8,1615
2,1616
35,1616
2,1617
49,1617
25,1619
39,1619
2,1620
30,1620
49,1621
15,1623
20,1623
24,1624
31,1625
1,1627
41,1628
15,1629
18,1629
41,1629
24,1631
26,1631
16,1632
50,1634
6,1635
19,1636
3,1637
29,1638
19,1640
7,1641
45,1641
5,1642
4,1643
5,1644
21,1646
25,1646
3,1647
14,1647
45,1647
4,1648
43,1648
14,1649
28,1649
46,1652
39,1653
47,1653
20,1655
38,1655
1,1656
7,1656
1,1657
2,1658
2,1659
21,1659
1,1660
2,1661
9,1661
20,1661
26,1661
41,1662
48,1663
44,1664
3,1665
50,1666
2,1666
5,1667
36,1668
4,1669
7,1670
37,1670
14,1671
3,1672
16,1672
41,1672
27,1674
5,1675
50,1676
6,1677
14,1678
4,1679
9,1679
48,1680
16,1682
27,1683
43,1683
35,1684
47,1685
50,1686
22,1686
40,1686
46,1686
40,1688
6,1690
14,1690
38,1691
40,1692
41,1693
19,1694
31,1697
42,1697
48,1698
8,1699
1,1700
35,1700
38,1700
2,1701
7,1702
1,1703
3,1703
36,1703
1,1705
46,1705
48,1706
6,1707
18,1707
23,1707
32,1707
39,1708
44,1708
44,1709
2,1710
2,1711
7,1711
23,1711
40,1711
14,1713
1,1714
2,1715
35,1715
1,1717
9,1717
2,1718
1,1719
45,1719
2,1720
7,1723
33,1723
33,1724
35,1725
46,1725
48,1725
34,1726
26,1727
35,1727
26,1730
43,1730
23,1732
33,1732
11,1733
30,1733
20,1734
42,1734
49,1734
14,1735
21,1735
26,1735
13,1737
37,1737
48,1737
39,1738
3,1739
4,1740
5,1741
5,1743
26,1743
18,1746
35,1746
4,1747
31,1747
3,1748
30,1751
33,1753
33,1754
3,1755
12,1755
5,1756
5,1758
27,1758
4,1759
14,1759
30,1759
38,1759
23,1760
25,1760
38,1760
3,1761
23,1761
28,1761
4,1762
37,1764
38,1765
3,1766
4,1768
47,1768
5,1769
13,1769
3,1771
26,1771
14,1772
49,1772
5,1774
8,1774
10,1774
4,1775
7,1779
2,1780
24,1782
9,1783
35,1783
49,1783
4,1784
11,1785
22,1785
50,1786
12,1787
39,1788
42,1789
5,1790
39,1790
7,1791
21,1791
3,1793
24,1794
37,1794
4,1795
5,1795
4,1796
4,1797
5,1798
3,1799
25,1801
50,1803
30,1803
33,1806
35,1806
25,1808
15,1809
43,1810
50,1811
4,1811
8,1811
15,1811
34,1811
3,1812
50,1814
5,1814
4,1816
34,1816
4,1817
21,1818
36,1818
3,1820
5,1822
8,1825
14,1825
17,1825
29,1826
50,1827
39,1827
39,1828
38,1830
36,1831
43,1833
18,1835
3,1836
7,1836
34,1836
4,1837
7,1837
23,1837
5,1838
46,1838
17,1840
29,1840
3,1841
37,1841
7,1842
5,1843
12,1843
20,1843
39,1843
44,1843
4,1845
36,1845
3,1848
7,1848
10,1848
23,1850
42,1850
5,1851
5,1852
9,1852
4,1853
34,1853
3,1855
42,1857
13,1860
36,1860
43,1860
6,1861
17,1861
29,1861
4,1862
17,1864
35,1868
31,1869
27,1870
29,1870
17,1871
20,1871
27,1873
29,1874
48,1876
20,1878
40,1878
17,1879
42,1879
6,1882
9,1884
27,1884
40,1885
10,1886
40,1888
41,1888
7,1892
20,1892
49,1893
49,1894
39,1896
42,1897
33,1898
40,1898
15,1900
19,1900
22,1900
1,1901
25,1901
6,1902
1,1903
36,1903
11,1904
49,1904
49,1905
2,1906
2,1907
29,1907
35,1908
12,1909
14,1909
1,1911
10,1911
33,1911
38,1912
2,1913
19,1914
46,1914
49,1915
3,1916
46,1916
4,1917
12,1917
14,1917
18,1917
3,1918
28,1918
36,1919
41,1919
26,1920
42,1920
9,1921
12,1921
24,1921
33,1921
22,1922
7,1923
41,1923
45,1923
5,1925
20,1925
25,1925
18,1926
4,1927
47,1927
23,1928
5,1930
20,1931
26,1932
16,1933
36,1935
8,1938
9,1938
32,1938
43,1938
36,1940
1,1942
47,1942
13,1944
33,1944
27,1945
30,1947
1,1948
4,1949
2,1950
16,1951
1,1952
3,1952
27,1952
32,1952
2,1953
1,1954
4,1954
2,1955
5,1955
26,1957
3,1958
2,1960
5,1960
4,1961
28,1961
36,1962
44,1962
21,1964
13,1965
21,1965
41,1966
33,1967
11,1973
7,1974
12,1974
19,1974
34,1974
37,1975
39,1976
28,1977
32,1977
8,1978
25,1978
29,1978
9,1982
18,1982
21,1982
25,1982
15,1983
25,1983
10,1984
33,1984
39,1984
1,1985
14,1986
23,1986
2,1987
1,1989
1,1990
8,1990
23,1990
35,1990
37,1990
2,1992
2,1994
6,1995
31,1995
10,1996
19,1999
16,2000
28,2001
37,2002
41,2003
27,2006
46,2006
26,2008
48,2008
49,2008
10,2011
20,2011
23,2012
34,2013
45,2014
21,2015
32,2015
43,2016
45,2016
46,2016
1,2019
17,2020
6,2023
15,2024
42,2024
38,2027
16,2029
41,2029
11,2031
11,2033
31,2033
15,2034
16,2035
23,2035
45,2035
4,2037
49,2037
28,2039
10,2040
3,2043
27,2043
47,2043
1,2044
5,2044
34,2044
5,2045
22,2045
4,2046
17,2046
2,2047
1,2049
4,2049
6,2049
8,2049
9,2049
3,2050
45,2050
1,2051
27,2054
47,2054
49,2054
2,2055
10,2055
30,2055
2,2056
43,2056
40,2059
43,2059
7,2060
8,2061
40,2062
43,2063
12,2064
30,2064
25,2065
6,2067
36,2068
31,2069
7,2070
28,2072
40,2073
6,2074
40,2076
43,2076
18,2078
46,2078
15,2079
14,2081
6,2082
9,2082
23,2082
36,2082
3,2083
34,2083
1,2084
4,2084
30,2084
2,2085
50,2087
30,2087
1,2089
5,2089
20,2089
1,2091
2,2092
4,2092
2,2093
5,2093
23,2093
3,2095
10,2096
1,2097
1,2098
9,2098
28,2098
3,2099
30,2099
2,2100
4,2100
29,2100
2,2101
20,2102
27,2102
28,2102
42,2102
1,2103
3,2103
26,2103
4,2104
6,2104
17,2104
5,2105
33,2105
49,2106
19,2107
5,2108
28,2108
43,2108
48,2108
2,2109
9,2109
15,2109
34,2110
13,2111
34,2113
40,2113
44,2114
17,2115
27,2116
39,2116
21,2119
26,2119
49,2120
7,2121
14,2122
21,2123
1,2124
41,2124
1,2125
12,2125
2,2126
15,2126
21,2126
10,2127
35,2127
1,2128
13,2128
18,2128
2,2129
8,2129
37,2129
8,2130
3,2131
13,2131
47,2131
34,2132
2,2133
24,2135
4,2136
44,2137
3,2138
5,2139
4,2140
18,2140
5,2141
48,2141
32,2143
48,2143
11,2144
17,2146
21,2154
40,2154
35,2155
7,2158
14,2158
43,2158
35,2159
34,2160
12,2162
28,2163
28,2164
41,2164
35,2165
44,2166
46,2166
9,2167
6,2168
46,2168
16,2169
32,2173
9,2174
23,2177
15,2178
29,2179
44,2179
46,2179
43,2180
42,2181
3,2182
11,2182
15,2182
16,2183
17,2183
43,2186
27,2187
44,2188
16,2189
19,2189
33,2189
8,2190
33,2193
45,2195
28,2196
43,2198
29,2199
7,2200
24,2201
13,2202
1,2203
17,2203
30,2203
49,2203
12,2204
20,2204
23,2204
35,2204
2,2206
1,2207
12,2207
2,2208
12,2208
34,2208
9,2209
16,2209
38,2211
46,2211
1,2212
2,2213
23,2213
40,2213
10,2214
14,2214
36,2214
1,2217
19,2217
2,2218
27,2218
29,2218
2,2220
14,2220
1,2221
2,2223
24,2223
25,2223
1,2224
9,2224
47,2225
2,2226
12,2227
11,2228
12,2228
13,2228
42,2230
46,2230
5,2232
41,2237
43,2238
35,2239
43,2242
15,2243
25,2244
12,2245
3,2246
4,2247
19,2247
24,2247
36,2248
48,2249
4,2250
47,2250
27,2251
36,2251
49,2251
47,2252
30,2253
7,2254
8,2255
34,2255
5,2256
23,2256
3,2257
34,2257
44,2257
45,2257
5,2259
49,2259
21,2260
9,2261
43,2262
50,2263
33,2263
40,2264
8,2266
1,2267
44,2267
1,2268
25,2268
43,2268
2,2269
46,2269
2,2270
12,2270
1,2271
49,2274
2,2275
40,2275
49,2278
36,2279
9,2280
36,2280
24,2282
30,2283
16,2284
7,2285
18,2286
33,2286
48,2286
25,2288
33,2289
19,2290
44,2290
1,2293
23,2293
28,2293
48,2293
13,2294
28,2294
33,2294
2,2295
13,2296
33,2297
13,2298
15,2298
49,2298
2,2299
26,2299
29,2299
12,2300
1,2301
34,2301
37,2301
2,2302
1,2303
2,2305
13,2307
15,2307
11,2311
3,2314
44,2316
34,2317
39,2317
12,2318
38,2318
2,2320
43,2320
45,2323
21,2324
40,2326
41,2327
21,2329
35,2331
25,2332
35,2332
44,2332
48,2332
6,2333
41,2333
15,2334
24,2336
14,2338
27,2338
34,2338
25,2340
27,2340
46,2340
9,2342
18,2342
21,2343
38,2345
35,2346
15,2347
15,2348
19,2353
34,2353
13,2355
27,2355
48,2356
18,2360
38,2360
38,2361
49,2361
28,2362
30,2362
44,2365
16,2370
18,2373
34,2373
18,2374
30,2374
49,2375
3,2378
20,2379
30,2379
14,2380
5,2383
27,2383
31,2383
17,2384
4,2385
25,2386
26,2386
19,2387
4,2388
25,2388
32,2388
1,2389
3,2390
9,2390
16,2390
49,2390
5,2391
9,2391
40,2391
1,2392
18,2393
28,2393
32,2393
11,2394
12,2395
2,2396
1,2397
11,2397
37,2397
29,2398
34,2398
2,2399
17,2399
3,2401
17,2401
35,2401
45,2402
2,2403
18,2403
42,2403
16,2404
4,2406
9,2406
47,2406
4,2407
5,2408
3,2410
16,2410
5,2411
26,2411
43,2411
12,2412
31,2412
36,2412
29,2413
36,2414
13,2415
3,2419
17,2419
29,2420
40,2420
49,2422
33,2423
5,2424
25,2424
49,2424
5,2426
4,2427
42,2427
43,2428
49,2428
16,2430
4,2431
22,2431
3,2432
18,2432
23,2432
31,2432
41,2433
45,2434
34,2438
27,2442
14,2443
19,2443
7,2445
15,2446
3,2447
16,2447
5,2448
34,2448
29,2450
49,2450
31,2451
10,2452
16,2454
29,2455
5,2456
4,2458
4,2459
23,2460
3,2461
21,2461
23,2461
49,2461
7,2463
28,2463
3,2464
12,2464
4,2465
34,2465
47,2466
35,2467
4,2469
3,2470
8,2470
32,2470
37,2470
5,2471
43,2471
8,2472
5,2473
35,2473
10,2474
18,2475
6,2476
17,2476
26,2477
31,2477
40,2477
42,2477
49,2477
50,2479
2,2479
47,2482
39,2484
41,2484
3,2485
33,2485
1,2486
2,2487
14,2488
1,2491
2,2492
41,2492
42,2492
1,2493
11,2493
41,2493
49,2494
2,2495
12,2496
35,2496
2,2498
8,2499
7,2502
49,2504
22,2505
31,2505
42,2505
49,2505
22,2506
34,2507
1,2508
29,2508
39,2508
43,2508
2,2509
9,2509
1,2510
2,2511
10,2511
35,2511
38,2511
1,2513
2,2515
30,2515
14,2518
14,2520
1,2521
41,2521
2,2522
47,2523
1,2524
2,2525
25,2526
9,2527
1,2529
44,2530
31,2532
40,2532
37,2533
47,2533
47,2534
2,2535
46,2538
31,2539
43,2539
49,2540
15,2541
18,2541
34,2541
50,2542
22,2542
35,2542
12,2543
19,2543
24,2544
2,2546
22,2546
38,2546
9,2547
29,2547
1,2548
12,2548
38,2550
11,2551
1,2552
33,2553
50,2554
2,2554
2,2556
3,2556
1,2557
5,2557
50,2558
4,2558
4,2559
32,2559
27,2561
2,2562
5,2562
41,2562
43,2562
3,2564
13,2566
15,2566
40,2568
34,2569
49,2569
22,2570
8,2575
9,2575
29,2575
35,2575
35,2576
45,2576
14,2577
16,2577
31,2577
46,2577
49,2577
33,2578
22,2580
18,2581
48,2583
6,2585
34,2588
33,2590
41,2591
43,2591
24,2592
41,2593
3,2594
35,2594
15,2595
5,2596
4,2598
27,2599
31,2599
45,2599
47,2599
50,2601
4,2601
5,2602
39,2604
1,2605
2,2606
3,2606
1,2607
15,2607
31,2607
44,2607
48,2607
2,2608
25,2608
9,2611
10,2611
42,2611
22,2612
1,2613
16,2613
49,2613
2,2614
26,2614
17,2615
21,2615
40,2616
31,2617
3,2620
17,2620
15,2621
4,2622
5,2623
4,2625
34,2626
48,2626
5,2627
3,2628
19,2628
15,2629
37,2629
3,2632
27,2632
5,2633
31,2633
35,2633
39,2633
13,2634
40,2636
50,2637
4,2637
9,2637
49,2637
5,2639
21,2641
37,2641
4,2642
12,2642
27,2642
8,2643
10,2643
14,2643
41,2643
3,2644
26,2645
12,2647
49,2647
12,2650
11,2653
25,2653
23,2654
10,2655
42,2655
28,2656
31,2657
15,2658
25,2659
14,2661
36,2661
26,2662
6,2663
46,2666
28,2669
39,2669
12,2670
40,2671
15,2672
33,2672
25,2673
43,2674
35,2675
47,2675
12,2676
41,2676
49,2677
41,2678
42,2678
38,2679
41,2679
49,2679
45,2680
33,2682
16,2683
44,2684
20,2687
19,2690
43,2691
50,2692
36,2693
19,2694
24,2697
33,2698
43,2698
15,2699
25,2699
43,2699
43,2700
15,2701
20,2701
43,2702
14,2703
9,2704
23,2705
18,2708
21,2709
19,2710
27,2710
37,2710
6,2712
38,2712
10,2714
23,2714
20,2715
1,2716
28,2716
8,2717
10,2717
28,2717
2,2718
41,2718
1,2720
3,2720
42,2720
5,2721
25,2721
45,2721
50,2722
14,2722
50,2723
26,2723
4,2724
25,2724
4,2725
7,2727
2,2728
3,2728
26,2729
44,2729
5,2730
1,2731
5,2731
21,2731
27,2732
33,2733
11,2734
2,2735
23,2735
42,2735
2,2737
37,2742
10,2743
34,2743
28,2744
40,2744
44,2744
48,2745
16,2747
33,2748
44,2752
39,2753
21,2754
29,2755
32,2755
11,2757
9,2759
38,2760
16,2761
50,2762
23,2762
28,2762
48,2764
2,2765
28,2765
36,2765
14,2768
49,2769
3,2770
34,2770
28,2772
33,2772
6,2774
36,2774
15,2775
30,2775
35,2775
43,2776
12,2777
35,2777
43,2779
45,2779
38,2781
32,2786
24,2787
45,2790
28,2791
5,2792
27,2792
42,2792
24,2793
26,2793
17,2794
3,2795
5,2796
17,2796
25,2796
4,2798
35,2798
14,2799
43,2799
4,2800
18,2800
41,2801
5,2802
34,2802
1,2803
5,2803
1,2804
2,2806
3,2806
21,2806
44,2806
8,2807
1,2808
25,2808
37,2809
34,2810
46,2810
2,2811
45,2812
12,2814
38,2814
2,2816
46,2816
27,2818
20,2820
45,2820
11,2821
39,2821
36,2822
45,2824
15,2826
21,2826
13,2827
19,2829
29,2829
42,2829
8,2830
10,2830
25,2830
26,2831
31,2831
48,2831
50,2832
3,2832
36,2832
4,2833
41,2833
46,2833
46,2834
3,2835
5,2836
35,2836
41,2836
42,2836
16,2838
4,2839
14,2839
30,2839
5,2840
10,2841
36,2842
48,2842
4,2843
26,2845
32,2846
8,2847
22,2847
23,2847
44,2847
3,2849
5,2850
1,2851
8,2851
25,2852
5,2853
30,2853
4,2854
4,2855
6,2855
25,2855
3,2857
18,2857
9,2858
20,2858
28,2863
42,2863
47,2865
11,2866
34,2867
40,2867
15,2868
32,2868
44,2869
23,2870
1,2872
13,2872
43,2872
7,2873
2,2875
16,2875
48,2875
25,2876
3,2877
1,2878
4,2878
14,2878
38,2878
2,2879
4,2879
23,2879
42,2879
1,2880
5,2880
22,2880
17,2881
5,2882
23,2882
2,2883
3,2883
20,2886
22,2887
33,2888
18,2889
39,2892
44,2894
22,2897
48,2898
38,2900
32,2901
41,2901
23,2904
44,2905
28,2906
19,2907
40,2908
25,2910
27,2910
41,2910
17,2915
44,2915
40,2916
3,2921
25,2921
4,2923
3,2924
5,2925
34,2927
5,2928
10,2928
27,2928
44,2928
4,2929
17,2929
42,2929
43,2929
10,2930
49,2931
1,2932
17,2932
1,2933
2,2934
37,2934
2,2935
1,2936
17,2936
19,2936
2,2937
10,2938
23,2938
40,2938
36,2939
42,2942
3,2943
33,2943
13,2944
36,2944
4,2945
5,2947
10,2948
3,2951
14,2951
22,2951
34,2951
39,2951
5,2953
47,2953
36,2954
4,2955
17,2955
49,2956
21,2959
45,2959
1,2964
43,2964
2,2966
1,2968
34,2969
45,2969
2,2970
24,2970
1,2971
42,2972
9,2973
2,2974
23,2980
7,2981
13,2984
15,2984
25,2984
37,2984
12,2987
34,2987
18,2988
45,2988
36,2989
47,2991
24,2992
49,2992
1,2993
20,2993
1,2994
14,2994
2,2996
26,2996
2,2997
9,2997
1,2999
13,2999
2,3000
4,3000
27,3000
12,3003
19,3003
27,3003
6,3005
29,3005
34,3005
37,3005
37,3008
36,3009
14,3010
19,3010
38,3014
46,3014
9,3017
20,3017
22,3017
46,3017
26,3019
43,3020
35,3021
48,3021
6,3022
34,3024
43,3024
34,3026
24,3027
21,3030
10,3032
18,3032
26,3032
20,3033
1,3035
50,3036
2,3036
26,3036
1,3039
2,3040
21,3040
34,3040
43,3040
15,3042
50,3043
1,3043
2,3044
3,3044
4,3045
27,3045
5,3046
4,3047
12,3047
45,3047
20,3048
37,3049
42,3049
3,3050
5,3051
46,3052
3,3053
7,3053
4,3054
38,3054
5,3055
11,3055
47,3056
3,3057
16,3057
22,3057
5,3058
1,3059
4,3059
30,3059
42,3059
2,3060
26,3060
48,3060
1,3061
37,3061
48,3062
2,3063
48,3064
12,3065
15,3065
1,3066
37,3066
2,3067
34,3067
9,3069
44,3069
6,3070
47,3070
22,3071
25,3071
7,3072
28,3072
29,3072
8,3074
45,3074
22,3076
32,3078
39,3079
8,3081
27,3081
3,3083
4,3084
17,3085
3,3086
13,3086
23,3086
33,3086
7,3087
50,3088
5,3088
38,3088
5,3090
22,3090
43,3090
4,3091
6,3091
31,3091
12,3092
32,3092
26,3094
30,3094
37,3095
39,3096
9,3097
7,3099
47,3100
28,3101
39,3101
29,3103
18,3104
27,3104
30,3104
49,3106
40,3107
50,3109
9,3110
10,3110
11,3113
18,3114
31,3114
16,3115
13,3116
27,3121
17,3123
18,3123
19,3124
21,3125
24,3125
15,3126
39,3126
39,3127
24,3129
34,3130
11,3131
21,3133
18,3134
42,3135
43,3137
49,3137
47,3138
8,3139
25,3139
10,3140
33,3140
42,3141
46,3141
23,3142
43,3142
15,3146
19,3146
45,3146
12,3147
18,3147
43,3147
22,3148
36,3149
50,3150
44,3150
15,3151
26,3151
9,3152
42,3154
3,3156
21,3157
4,3159
22,3159
25,3159
4,3160
44,3160
47,3160
5,3161
27,3163
5,3164
28,3164
3,3165
14,3166
29,3168
30,3168
42,3168
25,3169
32,3169
2,3172
16,3173
36,3173
33,3176
6,3179
41,3180
20,3182
39,3184
49,3184
28,3185
1,3186
17,3186
49,3186
1,3187
20,3187
48,3187
33,3188
2,3189
19,3189
20,3189
2,3190
36,3190
1,3191
20,3192
32,3192
2,3193
3,3193
18,3196
46,3196
15,3197
33,3198
3,3199
33,3199
46,3199
39,3201
5,3202
4,3203
3,3205
5,3206
1,3207
4,3207
1,3209
26,3210
2,3212
12,3213
33,3213
10,3214
2,3215
32,3215
35,3215
13,3216
1,3217
15,3217
2,3221
14,3221
25,3224
7,3226
14,3227
24,3229
28,3229
14,3231
17,3231
40,3231
43,3231
17,3232
44,3232
30,3234
20,3237
34,3237
42,3237
7,3239
39,3239
40,3240
9,3241
7,3246
9,3246
14,3246
10,3247
8,3248
21,3248
13,3249
45,3250
48,3250
47,3252
3,3254
44,3254
4,3255
38,3255
5,3257
49,3257
5,3258
27,3259
36,3259
31,3261
1,3262
3,3262
35,3262
1,3264
4,3265
10,3266
31,3266
2,3267
23,3267
33,3267
2,3268
1,3269
23,3269
24,3269
2,3271
8,3271
12,3271
37,3271
43,3272
23,3273
50,3274
29,3274
41,3274
30,3275
41,3275
49,3275
47,3276
40,3277
11,3278
12,3278
43,3278
38,3279
44,3281
46,3281
39,3282
41,3283
3,3285
38,3285
5,3286
4,3287
41,3287
13,3288
3,3289
4,3291
21,3291
27,3291
41,3292
5,3294
28,3294
44,3295
21,3296
31,3296
38,3298
3,3299
6,3300
4,3301
5,3302
3,3303
31,3303
30,3305
21,3306
49,3306
13,3307
26,3307
11,3308
4,3309
21,3309
5,3310
14,3310
13,3313
48,3313
8,3314
7,3316
18,3316
24,3316
32,3316
27,3317
35,3317
38,3318
35,3319
45,3319
13,3321
45,3321
1,3322
25,3322
33,3322
2,3323
8,3323
1,3324
3,3324
5,3325
2,3326
4,3326
21,3326
1,3327
3,3327
20,3327
28,3327
2,3328
31,3329
42,3329
49,3330
4,3332
43,3332
42,3333
48,3334
5,3335
17,3335
9,3337
33,3337
35,3337
44,3337
49,3337
29,3338
36,3339
49,3339
28,3341
16,3342
21,3345
32,3345
47,3345
48,3346
23,3348
24,3351
26,3356
14,3357
36,3357
33,3358
3,3360
5,3363
4,3364
36,3364
5,3365
27,3367
28,3367
1,3369
28,3369
3,3370
1,3373
46,3373
4,3374
8,3374
46,3374
2,3375
2,3376
29,3376
35,3377
1,3378
3,3378
8,3378
24,3378
2,3379
5,3380
29,3381
1,3382
4,3382
24,3382
33,3382
2,3383
1,3384
5,3384
42,3384
3,3385
1,3386
4,3386
35,3386
2,3388
28,3388
2,3389
42,3389
43,3389
3,3390
28,3390
4,3392
10,3393
14,3394
43,3394
5,3395
5,3396
38,3396
12,3397
43,3397
3,3398
11,3398
20,3398
40,3399
4,3400
37,3401
10,3403
10,3405
43,3405
9,3406
33,3406
27,3408
37,3408
18,3409
30,3409
1,3411
18,3412
1,3414
17,3414
35,3414
2,3415
12,3417
32,3417
40,3417
2,3418
43,3418
1,3419
31,3422
34,3422
12,3423
18,3423
1,3424
16,3424
44,3424
2,3425
15,3426
35,3427
9,3429
25,3429
1,3431
19,3431
2,3432
1,3433
23,3433
41,3433
3,3434
5,3435
18,3435
16,3436
4,3437
5,3438
41,3438
4,3439
2,3440
1,3442
3,3442
28,3442
30,3442
31,3442
33,3442
40,3442
2,3443
32,3443
10,3446
40,3446
48,3446
24,3447
28,3448
12,3449
28,3449
48,3449
14,3451
18,3452
49,3452
17,3453
24,3453
9,3454
24,3455
6,3457
19,3459
33,3459
15,3461
13,3462
21,3462
43,3463
7,3464
25,3465
30,3466
31,3467
21,3468
1,3471
44,3471
1,3472
18,3472
2,3474
34,3474
1,3477
2,3479
10,3479
42,3480
2,3481
44,3481
45,3481
3,3483
27,3483
7,3484
5,3486
17,3486
4,3487
4,3488
3,3490
14,3490
5,3491
43,3491
40,3493
16,3494
17,3495
26,3498
32,3498
1,3500
19,3500
50,3502
49,3502
50,3503
6,3503
16,3503
33,3503
2,3504
8,3504
10,3504
41,3504
1,3505
30,3505
13,3506
22,3506
13,3508
31,3508
40,3509
2,3510
34,3510
1,3511
41,3511
2,3512
1,3513
31,3513
2,3514
11,3515
1,3518
20,3519
31,3519
2,3520
29,3521
3,3523
14,3524
45,3524
1,3525
20,3525
2,3526
4,3526
5,3526
5,3527
12,3527
15,3528
18,3529
23,3529
4,3530
4,3532
41,3532
3,3533
22,3534
46,3535
20,3536
23,3537
9,3539
22,3541
35,3542
23,3545
31,3545
7,3547
28,3547
31,3548
10,3550
28,3552
11,3553
23,3553
30,3553
18,3554
23,3554
27,3556
24,3558
35,3558
24,3560
25,3561
45,3561
12,3562
16,3562
50,3563
36,3563
20,3564
30,3564
45,3564
1,3565
20,3566
31,3566
36,3566
15,3567
43,3567
2,3568
19,3568
32,3568
1,3569
23,3569
1,3570
49,3570
2,3571
2,3572
11,3573
16,3573
25,3574
17,3575
26,3576
29,3577
17,3578
30,3578
8,3579
6,3582
32,3582
44,3582
40,3583
3,3584
35,3584
4,3585
6,3585
3,3586
45,3586
4,3587
48,3587
12,3588
20,3588
47,3588
26,3589
5,3591
17,3591
18,3591
5,3593
33,3595
16,3597
38,3597
47,3597
46,3598
42,3600
1,3601
34,3601
2,3602
29,3602
1,3603
9,3603
45,3604
2,3605
1,3606
3,3606
5,3607
43,3607
2,3608
4,3608
7,3608
29,3608
4,3609
6,3609
39,3609
7,3610
11,3611
37,3611
27,3612
5,3613
4,3614
10,3615
30,3616
3,3617
18,3620
27,3620
43,3621
1,3622
20,3622
38,3622
4,3623
18,3623
2,3624
6,3624
1,3625
6,3625
1,3627
23,3627
33,3627
24,3629
48,3629
2,3630
26,3630
1,3631
6,3631
2,3632
3,3632
4,3633
21,3633
35,3633
4,3634
5,3635
3,3636
21,3636
41,3636
1,3637
5,3637
41,3637
50,3638
1,3641
38,3641
2,3642
3,3642
2,3643
4,3643
6,3643
16,3643
41,3643
49,3643
1,3644
8,3644
37,3645
5,3646
34,3646
2,3647
5,3647
3,3648
15,3648
4,3649
39,3650
43,3650
49,3651
46,3652
37,3654
41,3654
44,3654
17,3655
31,3655
34,3655
39,3655
39,3656
35,3657
19,3659
3,3660
4,3662
3,3664
34,3664
47,3664
4,3665
25,3665
5,3667
7,3667
17,3668
18,3668
39,3669
5,3670
23,3670
36,3670
11,3671
33,3671
18,3675
36,3676
46,3676
48,3677
21,3678
7,3679
27,3679
20,3680
12,3681
30,3682
36,3683
32,3684
13,3685
7,3687
39,3689
1,3690
12,3690
2,3691
32,3691
25,3692
19,3694
45,3694
48,3694
14,3695
26,3695
33,3696
19,3698
41,3698
38,3700
14,3703
21,3703
38,3703
50,3706
10,3706
3,3707
48,3707
8,3708
5,3709
13,3709
43,3710
4,3711
9,3711
5,3712
16,3712
41,3712
3,3713
35,3713
4,3714
20,3716
30,3716
47,3717
10,3719
30,3719
43,3719
50,3720
33,3720
46,3720
29,3721
9,3722
6,3723
9,3723
24,3723
8,3724
20,3724
32,3724
26,3725
38,3725
38,3726
26,3727
9,3728
16,3728
22,3728
44,3728
39,3729
9,3734
45,3734
47,3734
39,3735
29,3737
46,3737
36,3739
20,3741
5,3742
38,3743
25,3745
40,3745
44,3746
9,3747
13,3747
8,3748
26,3749
27,3750
1,3752
1,3753
2,3755
3,3755
20,3755
47,3755
1,3756
4,3756
10,3757
16,3757
4,3759
11,3759
21,3759
32,3759
2,3760
3,3760
2,3761
5,3761
6,3761
37,3761
25,3763
25,3764
29,3764
46,3764
5,3766
23,3766
33,3766
34,3767
1,3768
8,3768
15,3768
26,3768
30,3768
14,3769
37,3770
1,3771
13,3772
22,3772
2,3773
24,3773
1,3774
3,3774
2,3775
4,3775
18,3775
19,3775
24,3775
39,3776
44,3777
48,3777
4,3778
21,3778
3,3779
2,3780
27,3780
12,3781
21,3781
46,3781
47,3781
5,3782
22,3782
24,3782
33,3782
8,3783
18,3783
33,3783
12,3784
5,3785
39,3785
13,3787
35,3787
11,3790
47,3791
32,3792
26,3795
2,3799
41,3799
6,3800
8,3800
15,3800
41,3800
45,3800
47,3801
41,3802
48,3802
8,3803
6,3804
32,3805
6,3807
30,3807
27,3809
35,3809
11,3810
22,3810
28,3810
31,3810
5,3811
6,3811
11,3811
18,3813
29,3813
15,3814
12,3815
18,3815
45,3815
47,3817
42,3818
12,3819
40,3819
40,3821
1,3822
1,3824
2,3826
1,3827
11,3827
12,3827
24,3827
2,3828
2,3829
13,3829
1,3831
7,3831
40,3831
2,3832
1,3833
25,3833
32,3833
46,3833
2,3834
23,3834
9,3835
31,3835
47,3835
10,3837
19,3837
48,3837
1,3838
2,3839
23,3839
3,3840
4,3840
4,3842
45,3842
4,3843
49,3843
48,3844
3,3845
38,3845
5,3846
12,3846
1,3848
27,3848
1,3850
5,3851
2,3852
16,3852
19,3853
31,3853
1,3854
2,3855
24,3855
2,3856
6,3856
45,3856
19,3857
22,3857
4,3858
30,3859
32,3860
39,3863
34,3865
41,3865
3,3866
13,3867
45,3867
5,3868
22,3868
28,3868
33,3868
35,3868
4,3870
1,3871
4,3871
22,3871
3,3872
41,3873
42,3873
5,3874
39,3874
46,3874
1,3875
4,3875
21,3877
2,3878
16,3878
39,3878
2,3879
1,3880
4,3880
2,3882
38,3885
28,3886
42,3886
25,3889
14,3891
7,3892
19,3892
10,3893
7,3895
17,3898
36,3898
37,3899
29,3903
37,3903
41,3907
24,3909
27,3909
18,3910
30,3910
36,3911
8,3912
16,3912
35,3912
43,3912
21,3913
36,3913
9,3914
47,3914
12,3915
37,3915
14,3918
7,3919
25,3922
46,3922
2,3923
3,3924
41,3924
46,3924
4,3925
47,3925
4,3928
13,3930
17,3930
30,3930
26,3931
34,3931
32,3932
4,3933
5,3934
20,3934
49,3934
24,3935
6,3937
10,3937
5,3938
11,3938
20,3938
35,3938
46,3938
3,3939
9,3940
43,3940
19,3941
7,3944
1,3945
29,3945
32,3945
37,3946
14,3947
43,3947
11,3948
13,3948
33,3948
16,3950
28,3950
38,3950
41,3952
2,3953
14,3954
15,3954
23,3955
1,3956
2,3957
1,3959
15,3961
2,3963
44,3963
3,3965
4,3966
6,3966
16,3967
4,3968
43,3970
5,3971
9,3971
11,3972
5,3975
3,3976
12,3977
1,3979
16,3979
50,3980
1,3980
30,3980
2,3981
9,3981
17,3981
2,3982
29,3984
1,3985
27,3985
2,3987
14,3991
18,3991
25,3991
8,3992
19,3993
36,3993
43,3993
24,3994
15,3996
21,3998
50,4000
22,4001
25,4002
27,4003
7,4006
24,4007
1,4009
44,4010
1,4011
6,4011
37,4011
2,4012
44,4012
21,4013
1,4014
11,4014
16,4014
22,4014
40,4014
34,4015
2,4016
43,4016
2,4017
33,4018
41,4018
25,4020
8,4024
18,4024
22,4024
41,4024
31,4027
16,4030
36,4030
47,4030
50,4031
18,4032
25,4035
1,4036
1,4037
19,4037
2,4038
4,4038
16,4038
27,4038
31,4038
1,4040
2,4041
2,4042
36,4042
3,4043
38,4043
4,4044
33,4044
41,4044
3,4045
4,4047
24,4047
44,4047
6,4048
13,4048
27,4048
48,4048
38,4049
5,4050
14,4050
21,4050
45,4050
5,4051
12,4051
20,4052
12,4054
38,4054
19,4055
23,4055
1,4056
1,4057
17,4057
31,4057
38,4057
11,4060
14,4060
37,4060
3,4061
38,4061
4,4063
37,4063
5,4065
20,4065
34,4065
5,4066
14,4066
2,4067
4,4067
11,4067
1,4068
3,4068
16,4068
2,4070
15,4070
46,4070
2,4071
25,4072
1,4073
4,4074
2,4075
1,4076
2,4077
17,4077
40,4077
1,4078
35,4079
28,4081
38,4081
44,4081
2,4083
32,4083
41,4084
15,4086
43,4087
45,4087
49,4087
18,4088
15,4090
21,4090
32,4093
21,4094
36,4094
37,4094
12,4096
37,4096
29,4097
46,4097
10,4099
16,4099
17,4099
19,4099
32,4099
37,4099
1,4101
8,4101
9,4102
2,4103
25,4103
1,4104
12,4104
28,4105
7,4106
43,4106
46,4106
1,4107
26,4107
2,4108
31,4108
2,4109
9,4109
26,4110
36,4110
8,4111
29,4111
32,4111
7,4112
14,4118
25,4120
10,4121
22,4121
31,4121
34,4121
37,4122
24,4123
31,4125
41,4126
1,4129
1,4130
13,4130
16,4130
50,4131
17,4131
41,4132
2,4133
23,4133
15,4135
2,4136
10,4136
14,4136
26,4136
30,4136
20,4137
24,4137
1,4139
19,4139
32,4139
36,4139
15,4140
36,4140
8,4141
29,4141
2,4142
14,4142
31,4142
37,4143
31,4144
17,4147
45,4147
50,4148
45,4148
48,4149
28,4150
27,4152
14,4153
16,4154
44,4155
18,4156
25,4156
24,4157
8,4158
15,4158
28,4158
43,4158
14,4160
29,4160
8,4162
49,4162
33,4163
12,4164
15,4171
48,4171
15,4172
32,4173
45,4173
30,4174
44,4174
5,4175
11,4175
10,4177
5,4180
23,4180
44,4180
10,4181
39,4181
46,4182
50,4184
14,4184
38,4184
11,4185
13,4185
47,4185
11,4186
25,4186
29,4187
43,4188
1,4189
48,4189
38,4190
19,4191
2,4192
1,4193
9,4193
45,4194
2,4196
23,4197
27,4197
1,4198
17,4198
49,4198
31,4200
30,4201
9,4202
2,4203
19,4203
30,4206
41,4206
15,4208
20,4208
29,4208
49,4208
10,4209
19,4209
24,4209
24,4211
15,4212
15,4213
48,4213
38,4214
14,4215
24,4215
39,4218
23,4219
14,4220
16,4220
19,4220
15,4223
32,4224
43,4224
32,4226
47,4226
33,4227
9,4228
14,4228
40,4228
3,4230
12,4231
21,4231
26,4231
4,4233
50,4234
1,4234
30,4234
1,4235
16,4235
21,4235
5,4236
2,4237
5,4237
43,4237
3,4238
41,4238
1,4239
4,4239
47,4239
48,4239
12,4241
25,4241
2,4243
26,4243
14,4244
2,4246
24,4246
40,4247
18,4249
27,4249
1,4250
19,4250
1,4251
9,4251
28,4251
42,4251
2,4252
1,4254
33,4254
11,4255
43,4255
12,4256
38,4256
2,4258
12,4259
13,4259
21,4259
41,4259
32,4261
40,4262
2,4263
20,4265
20,4266
8,4268
44,4268
20,4270
1,4271
1,4272
37,4272
2,4273
38,4273
2,4275
24,4275
1,4276
10,4277
42,4278
2,4280
23,4280
29,4283
1,4284
50,4285
2,4285
18,4286
29,4287
1,4288
6,4288
28,4288
1,4290
20,4291
37,4291
10,4292
16,4292
31,4292
2,4293
20,4293
36,4293
2,4294
28,4294
36,4295
35,4296
50,4298
45,4298
44,4299
45,4300
30,4301
11,4303
20,4303
6,4304
11,4306
13,4307
25,4308
28,4308
29,4308
34,4310
42,4311
37,4312
10,4316
20,4318
41,4318
20,4319
47,4320
1,4321
36,4321
26,4323
27,4325
6,4326
38,4326
9,4329
1,4330
3,4331
9,4331
4,4333
31,4333
16,4334
3,4335
36,4335
1,4336
10,4336
2,4337
4,4337
5,4338
1,4339
37,4339
5,4340
28,4340
2,4342
12,4343
44,4343
2,4344
32,4344
3,4345
7,4345
21,4345
39,4345
4,4346
41,4346
23,4347
5,4348
22,4348
3,4349
41,4349
42,4349
4,4350
22,4351
28,4351
5,4352
17,4352
37,4353
39,4356
40,4356
49,4357
21,4360
30,4360
32,4360
39,4361
1,4364
24,4364
8,4365
16,4365
41,4365
24,4366
18,4368
33,4368
1,4369
18,4369
41,4370
2,4372
13,4372
14,4372
43,4372
1,4373
49,4373
2,4374
15,4374
2,4376
11,4376
26,4376
21,4377
26,4377
38,4377
12,4378
24,4378
37,4379
19,4382
6,4383
12,4384
23,4385
6,4386
7,4386
11,4387
23,4388
24,4389
45,4389
29,4390
50,4391
20,4391
37,4392
11,4393
25,4393
38,4393
41,4394
8,4395
11,4395
16,4395
19,4395
46,4396
12,4400
47,4401
36,4404
11,4407
26,4407
31,4407
25,4408
31,4409
22,4411
21,4413
13,4416
27,4416
44,4416
11,4417
3,4420
36,4421
49,4422
2,4423
4,4423
27,4423
1,4424
31,4424
4,4425
26,4426
50,4428
5,4428
15,4428
35,4428
21,4431
42,4433
3,4434
27,4434
37,4434
5,4435
15,4436
15,4437
31,4437
45,4438
46,4438
20,4439
10,4442
31,4442
33,4442
10,4444
13,4446
15,4446
21,4447
1,4448
1,4450
46,4450
2,4451
22,4451
18,4452
44,4452
2,4453
9,4453
16,4454
39,4454
1,4455
18,4455
30,4455
40,4455
2,4457
8,4457
44,4458
21,4459
23,4459
8,4463
10,4463
22,4463
13,4464
1,4465
23,4465
31,4465
1,4466
32,4466
28,4468
2,4469
4,4470
14,4470
36,4470
3,4471
15,4471
5,4472
7,4472
2,4473
37,4473
40,4474
1,4475
11,4475
2,4476
6,4477
27,4477
4,4478
19,4478
5,4479
14,4479
23,4479
3,4480
4,4481
30,4481
23,4482
21,4483
39,4483
37,4484
21,4485
24,4485
34,4487
42,4488
43,4488
3,4492
12,4493
4,4494
26,4494
18,4495
5,4496
43,4496
4,4497
20,4497
5,4498
15,4498
14,4499
3,4500
11,4500
48,4500
11,4502
12,4502
15,4502
49,4505
10,4506
43,4506
12,4509
49,4509
22,4510
38,4514
37,4515
50,4518
34,4519
12,4520
17,4521
32,4522
46,4523
50,4524
16,4528
19,4530
12,4533
13,4534
20,4534
21,4534
6,4535
30,4535
7,4538
21,4538
23,4538
13,4541
41,4543
43,4543
47,4544
32,4546
36,4546
44,4546
21,4547
39,4547
46,4548
16,4550
21,4550
25,4550
39,4550
9,4551
39,4553
42,4554
7,4556
19,4557
46,4558
1,4559
8,4559
22,4560
22,4561
32,4561
37,4562
36,4563
33,4564
20,4566
24,4566
25,4567
2,4568
50,4569
46,4569
1,4571
1,4572
2,4574
2,4575
25,4578
43,4578
36,4579
38,4580
48,4580
36,4583
24,4586
9,4587
11,4587
21,4588
29,4588
18,4589
50,4590
27,4590
48,4590
49,4590
14,4591
36,4591
41,4591
34,4594
28,4595
20,4597
36,4597
37,4597
42,4597
40,4600
19,4601
30,4602
29,4603
45,4603
36,4604
43,4605
49,4605
22,4606
47,4607
21,4608
45,4608
47,4608
3,4609
45,4609
48,4610
20,4613
38,4613
27,4616
46,4618
17,4620
37,4620
31,4622
45,4622
38,4623
14,4624
19,4626
26,4626
30,4627
44,4627
1,4629
2,4630
31,4630
32,4630
36,4630
7,4632
44,4632
47,4632
49,4632
19,4633
27,4633
1,4634
1,4637
7,4637
2,4639
23,4639
48,4639
2,4640
50,4641
7,4641
5,4642
14,4642
19,4644
6,4645
49,4646
50,4647
4,4647
15,4647
29,4648
31,4648
23,4650
29,4654
31,4656
23,4657
17,4658
49,4658
32,4659
30,4660
10,4661
25,4661
14,4663
40,4664
27,4670
7,4671
36,4671
3,4673
7,4673
40,4673
37,4675
21,4676
27,4677
47,4677
29,4679
37,4680
50,4681
29,4681
39,4681
15,4682
30,4682
3,4683
13,4684
12,4685
5,4686
42,4686
27,4687
4,4688
5,4690
4,4692
42,4693
34,4695
39,4695
3,4696
10,4696
14,4697
30,4698
34,4698
1,4700
24,4700
1,4701
25,4702
42,4702
10,4703
2,4704
44,4704
2,4706
46,4706
1,4707
27,4707
2,4708
6,4708
34,4708
45,4710
48,4710
1,4711
3,4712
1,4713
9,4713
45,4714
4,4716
35,4716
41,4716
3,4717
5,4718
4,4719
5,4720
43,4724
12,4725
18,4729
28,4729
48,4729
16,4730
27,4730
33,4730
13,4731
14,4731
38,4731
44,4731
35,4733
4,4734
33,4735
37,4735
34,4738
14,4739
18,4740
47,4740
35,4741
40,4741
18,4743
16,4744
26,4745
31,4745
38,4745
20,4747
25,4747
37,4747
49,4749
20,4750
35,4750
20,4751
50,4753
21,4754
42,4756
19,4757
22,4757
39,4757
23,4760
14,4761
34,4761
27,4765
32,4765
21,4768
45,4768
1,4769
30,4769
2,4770
1,4771
46,4771
1,4774
2,4775
2,4776
16,4776
17,4776
44,4777
21,4778
3,4779
39,4779
5,4780
7,4782
20,4782
5,4784
4,4785
31,4785
4,4786
6,4787
7,4787
24,4787
3,4788
50,4790
30,4792
36,4792
33,4793
41,4793
41,4794
44,4794
9,4795
38,4796
49,4798
28,4800
33,4801
35,4801
21,4803
1,4804
14,4804
16,4804
1,4806
2,4807
18,4807
30,4807
41,4807
44,4807
14,4808
37,4808
42,4809
1,4811
2,4812
2,4813
30,4813
27,4814
29,4814
3,4815
8,4815
15,4815
5,4817
47,4817
48,4817
5,4818
18,4818
30,4818
4,4819
6,4819
24,4819
20,4820
33,4820
14,4821
23,4821
4,4822
38,4822
39,4822
12,4824
1,4825
49,4825
3,4826
6,4826
2,4827
19,4827
31,4827
8,4828
44,4828
27,4829
1,4830
2,4831
1,4832
21,4832
19,4833
17,4835
33,4835
2,4836
18,4837
41,4837
50,4839
39,4839
46,4839
23,4841
48,4841
30,4842
39,4842
21,4843
23,4844
14,4846
26,4846
10,4847
3,4849
4,4850
3,4851
9,4851
43,4852
5,4854
4,4855
19,4856
42,4857
5,4859
12,4861
20,4861
47,4863
11,4864
36,4868
35,4869
23,4874
20,4875
45,4875
11,4876
48,4876
20,4878
31,4878
38,4878
23,4880
37,4880
1,4882
1,4883
29,4883
45,4883
2,4884
15,4884
1,4885
6,4885
38,4885
2,4886
2,4887
9,4889
14,4889
49,4889
34,4890
24,4891
9,4893
37,4893
39,4894
50,4897
26,4898
38,4898
48,4899
27,4901
7,4902
12,4904
15,4905
1,4907
36,4907
44,4908
1,4910
32,4910
50,4911
18,4911
2,4912
27,4912
2,4915
1,4916
8,4916
12,4916
37,4916
2,4917
19,4917
48,4918
41,4919
1,4921
2,4922
34,4922
1,4923
40,4923
3,4924
1,4925
2,4926
5,4926
7,4926
4,4927
10,4928
46,4928
2,4929
20,4929
5,4930
4,4931
27,4931
38,4931
3,4932
38,4933
6,4934
20,4934
3,4935
22,4935
5,4936
5,4937
13,4937
39,4937
4,4938
12,4938
20,4938
25,4938
10,4939
39,4939
31,4940
49,4940
4,4941
3,4942
22,4943
26,4945
38,4946
47,4946
3,4947
15,4947
42,4947
4,4948
5,4949
40,4949
43,4950
3,4951
7,4951
33,4952
36,4952
4,4953
17,4953
12,4954
5,4955
24,4955
37,4955
3,4956
34,4957
20,4958
4,4959
4,4962
5,4963
18,4963
8,4964
27,4967
16,4968
48,4968
3,4969
11,4969
28,4969
14,4970
38,4970
5,4972
17,4972
48,4972
7,4973
29,4973
32,4973
37,4973
39,4975
15,4976
19,4976
37,4978
25,4979
33,4980
40,4984
48,4984
50,4985
38,4987
18,4988
34,4988
3,4989
33,4989
5,4990
5,4991
28,4991
38,4991
4,4992
48,4992
4,4994
30,4994
44,4994
50,4997
3,4998
24,4998
33,4999
1,5000
16,5000
1,5001
36,5003
37,5003
2,5005
50,5007
1,5008
11,5008
50,5009
42,5009
2,5010
14,5010
7,5011
8,5012
12,5012
2,5014
42,5016
22,5017
21,5018
14,5020
30,5020
33,5020
41,5021
42,5021
1,5022
11,5022
12,5022
19,5022
47,5022
35,5023
14,5024
6,5025
18,5025
1,5026
22,5026
2,5027
12,5027
34,5027
27,5028
41,5028
49,5028
1,5030
18,5030
2,5031
11,5031
2,5032
14,5034
40,5034
43,5035
34,5038
48,5038
19,5039
26,5040
32,5042
13,5045
19,5045
42,5046
39,5051
49,5051
20,5053
24,5055
25,5055
32,5055
44,5055
43,5058
10,5059
24,5060
6,5061
33,5061
40,5061
25,5062
30,5062
1,5064
41,5064
2,5067
30,5067
35,5067
48,5067
50,5068
17,5068
1,5069
29,5069
31,5069
1,5070
21,5071
20,5072
2,5073
2,5074
40,5074
41,5074
36,5075
1,5076
27,5076
1,5077
25,5077
2,5078
17,5078
49,5078
2,5079
11,5080
37,5081
34,5083
38,5085
9,5086
18,5086
30,5086
16,5088
1,5089
3,5089
38,5089
5,5091
42,5091
46,5091
47,5091
4,5092
2,5093
36,5093
41,5094
1,5095
10,5096
21,5096
33,5096
37,5097
5,5098
20,5098
37,5098
2,5099
4,5099
29,5099
34,5099
1,5100
38,5100
1,5101
39,5101
3,5102
8,5102
16,5102
2,5103
2,5104
23,5108
48,5109
19,5111
31,5115
37,5115
7,5116
11,5116
32,5116
15,5118
10,5119
11,5119
1,5120
1,5121
2,5122
33,5122
1,5123
2,5124
2,5125
10,5125
47,5125
26,5128
44,5129
44,5130
22,5132
3,5133
43,5133
31,5135
3,5137
37,5137
25,5138
5,5139
37,5139
7,5140
10,5143
5,5144
4,5145
50,5147
4,5147
50,5148
3,5148
31,5153
24,5154
41,5158
9,5162
14,5163
8,5164
35,5164
35,5166
21,5168
23,5169
1,5170
1,5172
23,5172
29,5172
48,5172
2,5173
39,5173
1,5174
39,5175
2,5176
16,5176
38,5176
2,5177
3,5177
13,5177
21,5177
4,5178
11,5178
33,5178
1,5179
4,5179
33,5179
5,5180
3,5181
38,5181
9,5183
7,5184
5,5185
42,5186
29,5187
32,5188
21,5189
24,5190
42,5193
24,5194
7,5195
48,5195
42,5197
48,5199
47,5200
39,5201
16,5202
12,5203
23,5203
6,5204
19,5204
39,5205
44,5206
35,5207
45,5207
11,5210
44,5210
45,5210
26,5211
34,5211
24,5212
34,5212
47,5212
17,5213
31,5213
44,5214
6,5215
19,5218
49,5220
33,5222
28,5224
36,5224
30,5225
34,5225
1,5226
27,5226
39,5226
2,5227
42,5227
1,5228
42,5228
2,5229
2,5230
24,5231
36,5231
1,5232
31,5232
33,5232
2,5233
7,5234
35,5234
49,5234
27,5235
39,5236
3,5237
19,5237
4,5238
5,5239
21,5239
33,5239
5,5241
8,5241
4,5242
39,5242
3,5243
43,5243
13,5245
26,5247
30,5251
15,5252
23,5252
44,5253
17,5254
20,5255
14,5256
14,5258
45,5258
5,5259
28,5259
33,5259
15,5260
46,5260
7,5261
27,5262
48,5263
3,5265
14,5265
24,5265
25,5265
33,5265
38,5265
4,5267
9,5267
16,5267
3,5268
23,5270
47,5270
33,5271
4,5272
5,5273
48,5273
9,5274
29,5274
5,5275
6,5276
15,5278
24,5281
38,5282
32,5285
8,5286
20,5286
28,5286
38,5286
3,5287
2,5288
5,5288
28,5288
35,5289
19,5291
30,5292
19,5293
4,5296
21,5297
43,5298
47,5298
5,5299
29,5300
50,5301
4,5302
46,5302
47,5302
46,5303
19,5305
31,5306
15,5309
19,5309
3,5310
9,5310
31,5311
34,5311
1,5312
24,5312
46,5312
2,5314
1,5315
1,5316
23,5317
2,5318
20,5318
3,5319
13,5319
21,5319
40,5319
5,5320
15,5320
36,5320
50,5321
2,5321
4,5321
42,5321
44,5322
14,5323
41,5323
5,5324
16,5324
1,5325
4,5325
23,5325
32,5325
1,5326
11,5327
3,5328
43,5328
2,5330
17,5330
19,5330
33,5330
1,5331
2,5332
35,5332
2,5333
18,5333
23,5333
30,5334
23,5335
32,5336
19,5339
45,5339
25,5341
18,5342
35,5344
50,5346
15,5346
35,5346
15,5348
20,5348
23,5351
48,5356
15,5358
3,5359
16,5359
44,5359
4,5360
5,5363
24,5363
34,5363
46,5363
3,5365
16,5365
18,5365
47,5365
37,5366
5,5368
45,5368
43,5369
10,5371
4,5373
13,5373
21,5374
18,5375
30,5376
22,5379
12,5381
11,5382
19,5382
17,5383
38,5383
41,5384
1,5385
42,5385
32,5386
1,5387
40,5387
2,5389
18,5389
48,5389
14,5391
1,5392
42,5392
2,5393
16,5394
37,5394
2,5395
16,5395
34,5395
34,5396
3,5397
5,5397
38,5397
5,5398
1,5400
7,5400
26,5400
35,5400
4,5401
21,5401
26,5401
1,5402
3,5402
41,5402
4,5403
7,5403
42,5403
2,5405
5,5405
1,5407
24,5407
36,5407
40,5407
2,5408
12,5408
32,5409
18,5410
16,5411
2,5412
25,5413
17,5414
4,5416
30,5416
48,5416
6,5418
3,5421
39,5421
38,5422
1,5423
38,5423
20,5424
26,5424
1,5426
41,5426
31,5427
2,5428
49,5428
14,5429
2,5430
13,5433
18,5434
1,5435
6,5435
2,5436
27,5436
45,5436
32,5438
43,5439
40,5442
39,5443
33,5446
38,5448
6,5449
46,5449
14,5453
3,5455
23,5455
8,5456
24,5457
42,5457
4,5458
13,5458
47,5458
5,5459
27,5459
3,5460
5,5463
44,5463
4,5464
26,5465
48,5466
33,5468
20,5469
3,5471
19,5471
26,5471
41,5471
27,5472
4,5473
4,5474
25,5475
49,5475
5,5477
32,5477
37,5477
3,5478
49,5478
5,5479
50,5481
3,5481
5,5482
49,5483
12,5484
38,5484
17,5485
4,5486
44,5486
3,5487
10,5487
22,5487
48,5488
4,5489
40,5489
45,5490
5,5491
33,5491
35,5491
11,5492
31,5492
40,5496
32,5497
45,5499
15,5501
24,5502
31,5502
39,5503
9,5505
23,5506
36,5506
14,5507
12,5509
31,5509
1,5510
10,5510
40,5510
1,5511
2,5512
18,5512
2,5514
19,5514
6,5515
1,5516
2,5518
14,5518
39,5519
39,5522
42,5522
32,5523
3,5524
45,5524
4,5526
3,5527
10,5527
4,5528
12,5528
27,5529
5,5531
45,5531
5,5532
41,5532
39,5534
41,5534
42,5534
38,5538
25,5539
34,5539
8,5540
3,5541
11,5541
39,5541
13,5542
20,5545
49,5546
41,5547
45,5548
48,5549
17,5550
47,5551
31,5553
8,5554
9,5555
41,5556
42,5557
30,5559
1,5560
37,5560
34,5562
2,5563
39,5563
46,5563
1,5564
18,5564
1,5569
31,5569
15,5570
2,5571
2,5574
36,5574
19,5577
39,5577
25,5578
13,5579
13,5582
21,5582
42,5582
35,5584
41,5584
29,5585
15,5586
7,5588
25,5588
50,5589
17,5589
38,5589
50,5590
19,5590
46,5593
19,5595
32,5596
41,5596
14,5597
23,5597
46,5597
23,5598
20,5603
44,5603
23,5605
18,5606
31,5609
45,5609
50,5610
29,5613
24,5615
25,5615
18,5616
30,5617
1,5619
18,5619
27,5619
1,5620
2,5622
27,5622
38,5622
1,5623
2,5624
16,5624
19,5624
30,5624
27,5625
2,5627
44,5627
45,5628
20,5631
40,5631
43,5632
13,5633
21,5633
37,5633
3,5635
7,5635
5,5636
8,5636
24,5636
30,5636
48,5637
4,5640
40,5640
17,5641
33,5641
2,5642
16,5642
5,5643
28,5643
33,5643
27,5644
25,5645
39,5645
4,5647
30,5647
27,5648
5,5650
17,5650
45,5650
49,5650
3,5651
22,5651
34,5651
35,5651
32,5653
34,5656
38,5656
50,5657
19,5658
16,5659
32,5659
45,5660
21,5662
39,5664
9,5665
11,5667
25,5668
36,5669
45,5669
1,5672
28,5672
2,5674
48,5674
20,5675
21,5675
11,5676
1,5677
1,5678
19,5678
32,5678
39,5679
40,5679
2,5680
40,5680
2,5681
20,5681
36,5681
27,5683
8,5684
15,5684
13,5685
24,5687
10,5690
9,5691
30,5691
47,5693
44,5695
22,5696
39,5696
15,5697
22,5697
34,5697
7,5699
25,5699
27,5699
22,5704
31,5704
27,5706
18,5707
28,5708
14,5710
22,5710
24,5710
1,5712
41,5712
45,5712
1,5713
49,5713
2,5714
3,5715
1,5716
49,5716
2,5717
2,5718
39,5718
17,5719
23,5720
25,5720
24,5723
50,5724
24,5725
34,5725
13,5727
41,5727
17,5728
36,5730
43,5730
6,5731
24,5732
26,5732
32,5733
21,5734
47,5734
1,5735
23,5735
25,5736
45,5736
49,5737
2,5738
7,5738
18,5738
25,5739
1,5740
12,5741
30,5742
1,5744
2,5745
3,5745
13,5745
2,5746
5,5747
4,5748
17,5748
11,5749
22,5750
19,5751
5,5752
1,5753
44,5753
44,5755
4,5757
3,5758
17,5758
46,5758
1,5759
2,5760
8,5760
13,5760
23,5761
42,5762
2,5763
11,5764
43,5764
36,5765
1,5766
2,5767
20,5767
35,5767
25,5769
42,5769
27,5770
34,5770
38,5770
27,5771
45,5771
48,5771
29,5772
42,5773
23,5775
39,5775
25,5776
41,5776
25,5778
31,5778
22,5782
42,5782
10,5783
11,5783
17,5783
26,5783
46,5783
49,5783
41,5784
49,5784
25,5786
17,5788
34,5790
26,5792
50,5794
3,5795
18,5795
4,5796
33,5796
42,5796
3,5797
5,5798
16,5798
5,5799
4,5800
12,5801
22,5801
17,5802
21,5802
7,5803
6,5804
41,5804
36,5805
47,5805
9,5807
27,5807
3,5810
4,5811
15,5811
13,5813
24,5813
32,5813
5,5814
5,5815
30,5815
42,5815
4,5816
27,5817
3,5818
11,5818
49,5818
35,5820
8,5821
15,5821
20,5822
1,5823
29,5823
1,5825
2,5826
21,5826
50,5828
8,5828
2,5830
15,5830
34,5830
1,5831
2,5832
9,5832
48,5832
30,5834
27,5835
19,5836
29,5839
32,5839
26,5843
18,5846
34,5846
32,5849
47,5849
26,5850
7,5851
8,5853
15,5854
19,5854
11,5855
6,5857
16,5857
46,5857
49,5859
7,5860
50,5861
23,5862
11,5863
15,5864
44,5864
45,5865
24,5866
38,5866
47,5867
18,5869
34,5870
4,5875
19,5875
36,5877
22,5878
28,5881
8,5882
38,5882
9,5885
7,5887
13,5887
24,5887
27,5887
20,5889
16,5891
18,5891
33,5891
36,5891
12,5892
18,5892
42,5893
14,5896
42,5896
27,5897
41,5897
9,5899
29,5899
8,5900
41,5901
1,5904
35,5904
28,5905
1,5906
2,5907
39,5908
31,5909
33,5909
47,5909
37,5910
45,5910
1,5912
41,5912
9,5913
45,5913
2,5914
6,5914
29,5914
2,5915
17,5915
37,5917
11,5919
35,5920
31,5921
45,5921
19,5922
8,5923
9,5923
24,5924
30,5924
17,5927
1,5929
11,5931
2,5932
25,5933
30,5933
32,5933
1,5934
19,5934
2,5935
1,5939
1,5940
15,5940
39,5941
46,5942
27,5943
2,5944
21,5944
18,5945
25,5945
47,5945
9,5946
8,5947
10,5947
20,5947
9,5948
46,5948
50,5949
29,5952
50,5957
41,5958
13,5959
34,5959
24,5961
49,5962
50,5963
29,5964
37,5965
28,5966
26,5967
17,5969
46,5969
17,5970
45,5970
49,5971
31,5973
18,5974
6,5975
9,5975
42,5975
30,5976
40,5976
43,5978
3,5980
18,5980
30,5980
49,5980
46,5981
4,5982
27,5982
33,5982
3,5986
3,5987
13,5987
47,5989
44,5990
5,5991
39,5992
41,5992
43,5993
5,5994
10,5994
35,5994
47,5994
4,5995
40,5995
14,5997
18,5998
30,5998
46,5998
34,5999
48,5999
50,6000
35,6000
3,6007
18,6007
4,6008
4,6009
45,6009
20,6011
50,6012
14,6013
34,6013
8,6014
20,6014
32,6014
5,6017
11,6017
24,6017
48,6019
3,6022
22,6022
24,6022
37,6022
5,6024
7,6024
35,6027
45,6028
30,6030
37,6030
38,6030
48,6030
45,6031
11,6033
16,6033
26,6034
34,6040
49,6040
41,6043
44,6048
28,6049
3,6050
50,6051
17,6051
4,6052
24,6052
42,6052
44,6054
28,6055
40,6055
47,6055
47,6056
36,6057
9,6058
4,6059
16,6059
5,6060
5,6061
3,6062
29,6063
11,6066
17,6067
40,6067
38,6070
22,6073
9,6074
43,6076
49,6077
7,6078
12,6080
46,6081
50,6082
39,6082
16,6083
21,6083
46,6085
1,6086
13,6086
1,6087
8,6087
21,6087
31,6087
35,6087
22,6088
6,6089
18,6089
21,6090
2,6092
23,6092
44,6092
40,6093
45,6093
25,6094
8,6095
42,6095
2,6096
17,6097
46,6097
1,6098
7,6098
18,6098
5,6100
21,6100
35,6100
39,6100
2,6101
13,6101
32,6101
27,6102
38,6104
10,6107
9,6108
47,6108
6,6109
46,6109
1,6110
2,6111
1,6112
20,6112
1,6113
6,6113
2,6114
2,6115
10,6116
12,6116
35,6117
39,6117
36,6119
47,6120
13,6122
1,6123
34,6123
37,6123
20,6124
22,6124
2,6125
41,6125
46,6125
1,6126
2,6128
6,6128
20,6128
1,6129
47,6130
12,6131
12,6132
2,6136
21,6139
19,6140
45,6147
24,6148
27,6148
3,6149
4,6150
30,6150
5,6151
30,6151
3,6153
5,6154
50,6156
4,6156
16,6159
20,6159
36,6159
26,6160
39,6162
7,6163
10,6163
31,6163
10,6164
21,6166
12,6168
14,6168
19,6168
21,6169
35,6169
17,6170
6,6174
8,6176
10,6178
13,6178
14,6180
39,6183
19,6184
8,6186
20,6186
24,6186
28,6187
39,6189
22,6191
28,6191
33,6191
21,6192
2,6193
48,6195
25,6196
30,6197
1,6198
20,6198
26,6199
29,6201
2,6202
14,6205
41,6205
24,6206
24,6208
33,6208
1,6209
2,6210
8,6210
18,6210
45,6210
1,6211
37,6211
2,6214
29,6214
48,6215
35,6216
49,6216
7,6217
30,6217
19,6221
16,6223
50,6225
8,6225
36,6225
41,6225
1,6226
14,6226
20,6226
2,6227
17,6227
12,6229
1,6230
8,6230
39,6230
2,6232
14,6232
1,6233
2,6234
41,6237
48,6237
18,6238
41,6238
38,6244
46,6248
38,6249
1,6250
40,6250
22,6251
2,6253
29,6253
1,6254
6,6254
28,6254
38,6255
1,6257
12,6257
28,6257
31,6257
2,6258
31,6258
2,6260
24,6261
33,6261
3,6262
44,6262
49,6262
4,6264
3,6265
22,6265
5,6267
17,6267
6,6269
9,6270
50,6271
2,6271
5,6271
4,6272
34,6273
34,6274
41,6275
18,6276
39,6278
23,6279
24,6280
25,6283
14,6284
9,6285
20,6285
36,6285
24,6286
39,6288
45,6288
19,6289
12,6291
47,6292
35,6293
3,6295
3,6296
24,6296
44,6298
4,6299
12,6300
15,6300
44,6300
36,6301
50,6302
15,6302
3,6304
11,6306
5,6307
21,6307
19,6308
6,6309
17,6309
5,6310
21,6310
28,6310
29,6310
50,6311
15,6311
19,6311
43,6311
30,6312
36,6312
4,6314
28,6315
38,6315
23,6317
16,6319
33,6319
18,6321
30,6321
16,6322
10,6323
12,6323
27,6323
12,6324
14,6324
38,6324
45,6324
23,6325
26,6325
34,6325
38,6326
23,6328
24,6328
14,6335
40,6335
24,6336
16,6337
20,6339
26,6339
35,6340
7,6342
41,6342
9,6343
9,6345
10,6345
46,6346
27,6347
8,6348
38,6351
14,6352
8,6355
38,6355
49,6355
35,6358
37,6359
12,6360
17,6360
48,6360
17,6361
12,6363
27,6363
41,6363
30,6364
3,6365
1,6366
20,6366
2,6367
9,6367
22,6367
27,6367
46,6367
1,6368
4,6368
20,6368
1,6369
2,6370
4,6370
13,6370
27,6370
48,6370
5,6371
23,6371
40,6371
47,6371
3,6372
43,6372
33,6373
5,6374
32,6374
35,6374
13,6376
41,6376
2,6377
40,6377
7,6383
6,6384
17,6384
23,6384
29,6384
30,6385
32,6386
46,6386
18,6389
47,6389
9,6390
12,6390
1,6391
22,6391
40,6392
1,6394
37,6394
2,6395
30,6396
2,6397
42,6397
10,6399
1,6400
34,6400
15,6401
28,6401
2,6402
11,6403
7,6405
10,6406
29,6407
24,6408
24,6410
13,6411
42,6412
45,6412
49,6415
13,6416
43,6417
8,6418
21,6418
20,6419
41,6419
33,6421
8,6422
15,6422
11,6423
19,6423
33,6423
43,6423
41,6424
17,6426
14,6427
15,6427
47,6427
4,6428
37,6428
48,6429
8,6431
26,6431
16,6432
42,6432
47,6432
39,6433
3,6436
26,6436
41,6437
4,6438
24,6438
3,6440
33,6440
5,6441
5,6442
22,6442
49,6442
7,6444
38,6444
40,6445
4,6446
22,6447
50,6450
41,6451
15,6452
32,6452
41,6453
50,6456
13,6456
39,6456
3,6457
13,6457
43,6459
1,6461
26,6461
1,6462
2,6463
4,6463
11,6463
20,6463
4,6464
2,6465
39,6465
5,6466
1,6467
3,6467
29,6467
43,6467
2,6468
5,6469
34,6469
48,6472
38,6473
17,6474
24,6474
37,6475
17,6480
43,6480
42,6482
47,6482
1,6484
2,6488
1,6489
35,6489
6,6490
13,6490
2,6491
47,6491
1,6493
2,6494
13,6494
32,6495
1,6496
26,6496
1,6497
11,6498
41,6498
2,6499
22,6500
33,6500
2,6501
20,6501
46,6501
45,6502
14,6504
20,6504
22,6504
1,6505
31,6505
2,6506
30,6506
49,6506
26,6507
28,6507
46,6507
48,6509
48,6514
22,6515
7,6518
11,6518
41,6520
21,6522
27,6522
25,6523
3,6524
7,6524
23,6524
24,6524
4,6525
41,6526
3,6527
4,6528
5,6529
5,6530
6,6530
37,6530
43,6530
20,6531
26,6531
1,6532
50,6533
39,6534
7,6535
20,6535
23,6541
39,6543
45,6544
29,6545
17,6546
16,6547
8,6551
49,6551
44,6552
18,6553
30,6553
19,6557
21,6557
7,6559
10,6560
35,6561
43,6561
35,6562
38,6562
42,6562
33,6563
21,6565
3,6566
5,6567
4,6568
11,6568
24,6568
3,6569
5,6570
39,6570
32,6571
4,6574
5,6575
31,6575
13,6577
32,6577
48,6579
7,6580
44,6581
27,6584
3,6586
13,6586
14,6587
5,6588
22,6589
4,6590
7,6591
5,6593
43,6593
4,6594
17,6594
43,6594
3,6595
10,6596
35,6597
38,6597
30,6598
42,6598
50,6599
29,6599
35,6601
9,6602
35,6603
47,6603
31,6604
1,6606
14,6606
34,6606
41,6606
1,6607
16,6607
21,6607
1,6608
3,6608
8,6608
31,6608
32,6608
4,6609
2,6610
5,6610
5,6612
30,6612
49,6612
2,6613
32,6613
1,6614
2,6615
4,6615
24,6615
44,6615
1,6616
3,6616
8,6616
23,6616
2,6618
1,6619
21,6620
47,6621
47,6622
15,6623
50,6624
23,6624
24,6624
18,6625
1,6627
2,6628
37,6628
30,6629
35,6629
2,6630
7,6631
30,6631
32,6632
35,6634
8,6635
9,6635
39,6635
40,6636
20,6639
10,6641
49,6641
1,6642
43,6642
1,6644
2,6645
2,6646
37,6646
1,6647
41,6649
47,6650
2,6651
29,6652
3,6653
18,6654
49,6654
44,6656
13,6657
38,6657
5,6658
44,6658
4,6659
4,6660
4,6661
9,6661
10,6661
20,6661
21,6661
5,6663
9,6663
3,6664
41,6665
1,6666
35,6666
2,6668
21,6668
1,6669
1,6670
19,6670
39,6670
43,6670
50,6671
2,6671
2,6672
16,6673
30,6673
25,6675
42,6676
1,6678
18,6678
39,6678
2,6679
1,6680
2,6681
39,6681
1,6682
4,6683
2,6685
44,6685
39,6686
31,6691
49,6698
8,6700
41,6700
13,6701
15,6701
45,6702
31,6703
38,6704
18,6711
29,6711
24,6713
13,6715
25,6716
31,6716
46,6717
41,6718
16,6720
40,6720
7,6721
10,6721
25,6722
39,6722
40,6722
24,6725
16,6726
28,6726
43,6727
6,6728
22,6730
6,6731
43,6731
26,6733
45,6733
36,6734
29,6737
32,6737
34,6737
36,6737
43,6738
30,6739
37,6739
39,6739
47,6739
16,6740
43,6740
39,6742
16,6743
19,6743
50,6744
49,6744
17,6745
3,6746
44,6746
4,6747
5,6748
43,6748
3,6749
30,6749
5,6750
20,6750
4,6751
29,6753
43,6753
50,6754
34,6755
39,6755
13,6756
16,6756
17,6756
39,6756
11,6757
43,6757
14,6759
10,6760
23,6762
30,6763
28,6765
38,6768
40,6768
49,6769
18,6770
41,6770
47,6770
32,6771
33,6771
9,6774
1,6776
2,6777
1,6778
10,6778
47,6778
1,6779
3,6779
34,6779
2,6781
2,6782
36,6783
4,6785
13,6786
32,6786
41,6786
5,6787
17,6787
4,6788
5,6789
35,6790
3,6792
27,6792
10,6795
16,6797
29,6797
46,6799
3,6802
36,6802
8,6804
26,6804
49,6804
1,6805
38,6805
4,6806
5,6808
8,6808
45,6808
2,6809
5,6809
13,6809
31,6809
32,6809
3,6810
9,6810
45,6810
1,6811
4,6811
33,6811
1,6814
2,6816
26,6816
2,6817
22,6818
35,6818
30,6820
33,6820
13,6825
48,6825
36,6826
10,6829
13,6832
3,6833
28,6833
47,6833
5,6835
4,6836
28,6836
30,6836
37,6836
47,6836
3,6838
17,6838
26,6838
22,6839
42,6839
5,6840
10,6840
14,6840
24,6843
26,6843
42,6843
4,6844
45,6845
49,6845
30,6846
44,6846
32,6847
35,6847
38,6847
15,6849
48,6849
12,6851
19,6851
36,6851
16,6853
28,6853
17,6854
22,6854
49,6855
25,6856
34,6856
24,6858
14,6859
33,6860
45,6860
15,6861
1,6862
2,6863
41,6863
1,6864
18,6864
49,6865
1,6866
14,6866
27,6866
41,6866
2,6867
34,6867
2,6868
21,6869
35,6869
50,6870
24,6870
42,6870
49,6870
28,6873
30,6874
1,6878
25,6879
28,6879
49,6880
38,6882
25,6884
48,6885
30,6888
26,6890
28,6891
48,6891
7,6892
13,6893
34,6893
48,6893
48,6896
41,6897
25,6898
33,6900
35,6900
13,6901
31,6901
36,6902
37,6902
3,6903
38,6903
46,6904
4,6905
15,6906
41,6906
1,6907
2,6909
1,6910
14,6910
21,6910
5,6911
34,6911
2,6913
3,6913
23,6913
1,6914
5,6914
37,6914
2,6915
4,6915
7,6915
30,6915
38,6916
23,6917
30,6917
22,6918
1,6919
29,6919
35,6921
30,6923
17,6924
20,6924
2,6925
33,6926
41,6926
1,6928
2,6929
36,6929
19,6930
44,6930
17,6932
1,6933
2,6934
12,6934
47,6934
35,6935
18,6936
46,6937
3,6939
21,6939
22,6939
8,6940
47,6940
16,6941
18,6941
24,6941
40,6943
3,6944
14,6944
5,6945
49,6945
4,6946
30,6947
3,6948
11,6948
15,6948
16,6949
21,6949
4,6951
28,6951
5,6952
8,6953
41,6954
42,6956
36,6957
23,6958
40,6958
47,6958
17,6961
21,6963
3,6965
25,6965
8,6966
4,6967
15,6967
5,6968
44,6968
18,6969
7,6970
3,6973
32,6973
5,6974
14,6974
37,6974
23,6975
35,6975
4,6976
17,6978
7,6979
22,6979
41,6980
31,6981
32,6984
42,6984
12,6985
17,6985
6,6986
36,6988
9,6989
48,6990
50,6991
12,6991
8,6992
35,6993
13,6994
12,6997
50,6999
31,7001
20,7002
30,7006
25,7007
6,7009
15,7010
46,7011
25,7014
9,7015
22,7016
4,7017
41,7017
35,7019
9,7023
18,7025
30,7026
46,7026
35,7028
46,7029
1,7030
19,7030
28,7031
18,7032
49,7032
1,7033
8,7033
2,7034
2,7036
7,7036
36,7036
43,7037
1,7038
36,7038
2,7040
36,7040
34,7042
14,7043
43,7043
7,7044
17,7045
36,7045
26,7046
36,7047
7,7048
31,7049
34,7050
1,7051
23,7051
26,7051
2,7052
1,7053
49,7053
2,7054
44,7054
1,7055
2,7056
30,7056
35,7056
20,7057
21,7057
30,7058
17,7060
24,7060
27,7060
25,7061
8,7062
9,7064
34,7064
31,7065
17,7066
47,7066
1,7067
49,7067
46,7068
1,7069
23,7069
32,7069
2,7070
2,7071
1,7073
2,7074
29,7074
16,7076
21,7078
8,7085
25,7085
19,7088
32,7089
16,7091
27,7091
9,7093
18,7093
19,7096
37,7096
3,7098
11,7098
4,7099
12,7099
25,7099
41,7099
4,7100
5,7101
14,7101
18,7102
1,7104
3,7104
11,7104
5,7105
2,7106
28,7107
37,7108
42,7108
1,7109
12,7109
1,7110
40,7110
2,7112
6,7112
17,7112
31,7112
2,7113
3,7113
31,7113
4,7114
5,7115
35,7115
38,7116
5,7117
12,7117
17,7118
3,7119
12,7123
20,7123
4,7124
24,7124
30,7125
7,7126
42,7127
20,7128
27,7130
46,7130
22,7132
10,7134
27,7134
7,7135
12,7135
19,7135
8,7137
37,7137
40,7139
17,7140
31,7140
46,7141
7,7143
28,7143
5,7145
9,7147
20,7148
19,7149
38,7149
27,7150
25,7151
39,7152
45,7152
25,7153
16,7155
9,7156
24,7156
48,7156
49,7157
3,7158
35,7158
39,7158
41,7158
15,7159
21,7159
40,7159
43,7159
46,7159
4,7160
17,7161
21,7161
4,7162
19,7162
30,7162
5,7166
31,7166
1,7167
5,7167
23,7167
24,7167
34,7168
35,7168
3,7169
25,7169
28,7169
29,7169
1,7170
2,7171
13,7171
45,7171
37,7172
30,7173
40,7173
12,7174
26,7174
38,7174
43,7174
1,7176
5,7176
18,7176
3,7177
14,7177
15,7177
1,7178
28,7179
2,7180
4,7180
2,7183
30,7184
47,7184
5,7185
10,7186
15,7186
3,7187
15,7187
43,7187
42,7189
1,7190
8,7190
13,7190
44,7190
47,7190
2,7191
34,7191
1,7193
18,7193
34,7193
38,7193
2,7194
35,7194
5,7195
13,7195
5,7196
1,7197
4,7197
33,7197
21,7198
2,7199
9,7202
16,7203
17,7207
32,7207
8,7209
22,7209
29,7209
43,7209
3,7210
35,7211
43,7211
4,7212
9,7212
4,7213
18,7213
35,7213
25,7214
5,7215
6,7216
22,7216
16,7217
33,7218
5,7219
3,7220
23,7223
38,7223
46,7223
3,7224
19,7224
23,7224
48,7224
5,7225
44,7225
18,7226
23,7226
27,7228
13,7229
49,7229
5,7230
20,7231
32,7231
42,7232
1,7233
14,7234
2,7235
4,7235
4,7236
29,7236
1,7237
3,7237
8,7237
6,7239
1,7240
6,7241
26,7241
2,7242
15,7242
16,7242
2,7243
47,7245
11,7246
19,7246
36,7246
48,7247
43,7249
25,7250
9,7251
20,7253
22,7254
47,7254
42,7255
27,7256
18,7257
29,7257
40,7258
5,7260
21,7260
39,7261
47,7261
40,7263
45,7263
14,7264
23,7264
34,7265
14,7266
29,7266
37,7266
16,7268
25,7268
47,7268
15,7269
14,7270
26,7270
11,7271
32,7271
19,7272
33,7273
16,7274
35,7274
14,7275
37,7277
43,7278
48,7279
12,7280
29,7284
41,7285
1,7288
48,7288
1,7289
10,7289
16,7289
23,7289
2,7290
21,7290
26,7290
3,7291
4,7292
4,7293
2,7294
1,7295
2,7297
32,7297
44,7297
41,7298
1,7299
3,7299
12,7299
18,7300
50,7302
1,7302
5,7302
10,7302
2,7303
23,7303
2,7304
9,7304
1,7305
20,7305
2,7306
5,7306
30,7306
2,7307
32,7308
36,7308
10,7309
39,7309
40,7309
23,7311
40,7311
37,7312
3,7314
31,7314
21,7315
4,7317
29,7317
33,7317
38,7317
17,7318
38,7318
11,7319
5,7320
5,7321
40,7321
4,7322
28,7322
3,7324
18,7324
34,7325
7,7330
11,7333
20,7333
25,7333
25,7334
16,7335
35,7335
46,7335
18,7338
31,7338
38,7340
45,7340
19,7341
22,7341
36,7341
1,7342
2,7343
21,7343
21,7344
32,7344
1,7345
49,7345
16,7346
2,7347
13,7347
40,7347
1,7349
2,7350
11,7350
19,7350
14,7351
11,7352
13,7352
46,7352
16,7354
41,7354
20,7355
47,7355
30,7356
38,7356
48,7356
1,7357
19,7357
33,7357
46,7357
2,7358
35,7358
1,7359
23,7359
31,7359
1,7362
6,7362
18,7362
40,7363
41,7363
3,7365
30,7365
33,7365
4,7366
2,7368
2,7369
4,7370
3,7371
16,7372
33,7372
5,7374
31,7374
35,7375
5,7376
49,7376
27,7377
9,7378
25,7380
33,7380
35,7381
40,7381
19,7382
19,7385
34,7387
46,7388
3,7389
21,7389
35,7391
11,7392
12,7392
17,7392
30,7392
31,7392
36,7392
16,7394
26,7394
5,7395
23,7395
45,7395
40,7396
4,7397
11,7397
35,7398
18,7399
31,7399
40,7399
18,7400
5,7401
30,7401
36,7402
4,7405
24,7405
19,7406
26,7408
35,7408
48,7408
3,7409
5,7409
35,7409
40,7409
15,7410
32,7410
42,7412
49,7414
14,7418
29,7418
11,7420
19,7420
1,7421
30,7421
36,7421
11,7423
40,7423
33,7424
44,7424
47,7424
1,7425
2,7427
23,7428
25,7429
2,7431
37,7431
1,7432
2,7433
47,7433
6,7434
16,7434
6,7436
41,7436
37,7437
6,7438
32,7438
8,7441
36,7441
25,7442
37,7442
18,7444
14,7445
6,7446
23,7447
49,7447
49,7448
50,7449
48,7451
19,7456
28,7456
16,7459
23,7461
41,7461
29,7464
1,7465
1,7466
9,7466
2,7467
2,7469
1,7470
30,7471
50,7472
2,7472
23,7472
32,7472
44,7472
24,7474
20,7475
47,7475
48,7475
23,7476
18,7477
36,7477
12,7479
22,7479
25,7480
10,7481
40,7481
18,7482
20,7482
17,7484
41,7484
6,7487
48,7488
28,7489
19,7490
22,7491
35,7491
16,7492
17,7492
18,7494
28,7494
50,7496
7,7496
19,7497
20,7500
34,7501
28,7502
18,7505
50,7506
48,7506
28,7508
35,7508
41,7508
43,7508
6,7509
23,7510
38,7511
49,7511
3,7512
5,7514
10,7514
24,7515
26,7515
8,7516
4,7517
16,7518
1,7519
8,7520
32,7521
3,7522
6,7522
19,7522
46,7522
4,7523
5,7524
38,7527
7,7528
1,7529
38,7530
13,7532
39,7532
2,7535
31,7535
2,7536
7,7538
16,7538
35,7538
31,7539
34,7540
1,7541
2,7544
30,7546
45,7546
6,7548
1,7549
1,7550
45,7550
2,7551
9,7551
1,7552
21,7552
26,7552
2,7553
20,7553
17,7554
23,7554
1,7555
6,7555
11,7555
45,7555
2,7556
48,7557
9,7560
24,7560
27,7561
38,7562
38,7563
28,7566
41,7567
9,7570
14,7571
49,7572
41,7574
20,7575
12,7577
3,7578
37,7578
3,7579
16,7579
28,7580
4,7581
34,7581
4,7582
23,7582
5,7583
21,7583
26,7583
30,7583
3,7584
24,7584
21,7585
5,7586
41,7586
26,7587
46,7587
28,7588
10,7589
26,7589
9,7591
41,7592
43,7592
10,7594
9,7596
45,7602
38,7603
41,7603
25,7604
18,7605
17,7606
23,7606
43,7606
50,7607
46,7609
48,7610
40,7611
20,7612
18,7613
8,7614
26,7615
43,7617
29,7620
7,7621
22,7622
7,7623
41,7624
48,7626
27,7627
28,7627
19,7628
50,7630
30,7631
25,7632
46,7632
36,7633
29,7634
29,7635
48,7636
3,7637
32,7637
7,7638
35,7638
23,7639
35,7639
30,7640
8,7641
44,7641
4,7642
20,7642
25,7642
34,7643
4,7644
36,7644
4,7645
15,7645
26,7645
45,7645
5,7646
17,7646
15,7647
19,7647
47,7647
3,7648
5,7649
4,7650
50,7651
37,7651
4,7652
46,7653
42,7654
36,7656
16,7657
18,7657
1,7658
13,7658
2,7659
37,7659
40,7661
1,7662
16,7662
2,7663
36,7663
39,7663
49,7663
1,7664
17,7664
21,7665
27,7665
46,7665
20,7666
2,7667
30,7667
37,7667
46,7667
16,7668
47,7668
1,7670
10,7671
35,7671
2,7672
1,7673
12,7673
44,7673
5,7674
2,7675
1,7676
35,7676
50,7677
2,7678
32,7678
47,7678
3,7681
4,7682
36,7683
14,7684
4,7685
13,7686
26,7686
27,7686
29,7686
5,7687
26,7687
5,7688
29,7688
12,7689
1,7690
3,7691
39,7691
45,7691
14,7692
2,7693
30,7693
22,7694
33,7694
3,7696
26,7696
49,7697
1,7698
5,7698
50,7699
2,7699
40,7700
1,7701
4,7701
34,7701
44,7701
2,7702
6,7702
19,7702
23,7702
31,7702
4,7703
6,7703
21,7703
48,7703
18,7704
5,7705
39,7706
3,7707
35,7707
48,7707
43,7708
7,7709
26,7711
36,7711
48,7711
49,7711
3,7716
5,7717
4,7718
31,7718
4,7719
50,7720
3,7720
18,7723
33,7723
28,7724
35,7724
5,7726
24,7726
29,7727
20,7730
26,7731
50,7732
11,7732
33,7733
6,7734
8,7736
21,7737
36,7737
44,7738
11,7739
30,7739
35,7739
44,7739
45,7741
28,7742
39,7744
13,7745
49,7747
38,7748
22,7749
31,7751
13,7752
22,7753
20,7755
24,7758
34,7759
38,7759
9,7760
22,7760
27,7761
46,7763
47,7763
10,7766
30,7766
5,7767
10,7767
47,7767
8,7768
39,7768
1,7770
38,7770
11,7771
41,7771
2,7773
23,7773
26,7773
45,7773
1,7774
31,7774
1,7775
2,7776
2,7777
21,7778
28,7778
8,7779
14,7779
45,7779
11,7781
20,7784
26,7784
13,7785
28,7785
21,7788
35,7788
38,7789
8,7790
31,7791
49,7794
43,7799
40,7800
7,7801
26,7802
34,7802
49,7802
1,7804
22,7804
1,7805
2,7806
27,7806
11,7807
2,7808
28,7808
49,7808
1,7809
8,7809
2,7811
12,7812
17,7812
48,7812
25,7813
31,7813
41,7814
31,7818
9,7819
35,7819
36,7820
26,7826
43,7827
45,7827
22,7828
12,7830
30,7831
34,7831
44,7831
47,7831
26,7833
18,7834
39,7834
14,7837
15,7839
20,7839
33,7839
37,7839
23,7841
9,7842
39,7843
50,7844
19,7844
21,7844
48,7844
6,7845
18,7846
29,7847
25,7848
1,7849
11,7850
37,7851
11,7852
15,7852
13,7853
37,7853
50,7858
43,7859
49,7860
48,7864
41,7865
31,7866
22,7867
10,7869
15,7871
45,7872
1,7875
23,7875
23,7876
50,7877
2,7877
1,7878
1,7879
2,7880
3,7880
23,7880
2,7881
20,7882
39,7882
4,7883
25,7883
5,7884
4,7885
13,7885
5,7886
3,7887
12,7887
12,7889
34,7889
41,7891
50,7893
30,7894
46,7894
39,7897
26,7898
32,7898
1,7899
45,7899
4,7901
2,7902
36,7902
38,7902
1,7903
26,7903
45,7903
13,7904
21,7904
50,7905
26,7905
35,7905
2,7906
45,7906
1,7907
18,7907
36,7907
2,7908
27,7911
45,7911
20,7912
14,7913
48,7913
36,7914
13,7915
31,7915
8,7916
29,7916
49,7916
30,7917
12,7918
25,7918
25,7919
49,7919
1,7921
32,7921
40,7921
2,7922
12,7922
29,7922
50,7924
1,7924
5,7924
9,7924
15,7924
48,7924
2,7926
2,7927
1,7929
7,7931
47,7931
2,7932
44,7933
1,7934
13,7934
23,7934
28,7934
2,7935
35,7935
43,7935
1,7936
5,7936
20,7937
35,7940
2,7941
22,7941
32,7941
35,7941
1,7943
15,7943
2,7944
32,7946
47,7946
39,7949
16,7950
17,7952
29,7952
48,7954
14,7955
43,7958
20,7959
27,7959
14,7965
50,7966
1,7966
24,7967
42,7967
1,7968
26,7968
2,7969
44,7969
1,7970
14,7970
2,7973
44,7973
2,7974
31,7975
42,7975
3,7976
4,7977
5,7978
3,7979
4,7980
41,7980
5,7981
31,7981
1,7983
44,7984
45,7984
42,7985
43,7985
44,7986
15,7987
30,7987
1,7989
23,7989
48,7990
15,7991
45,7992
2,7995
39,7997
40,7997
1,7998
7,7998
2,7999
1,8000
25,8001
2,8002
40,8007
45,8007
47,8007
28,8008
1,8012
10,8012
39,8012
37,8013
1,8014
15,8014
2,8015
12,8015
49,8015
18,8016
34,8017
1,8018
2,8019
36,8020
40,8020
2,8021
42,8021
19,8024
20,8025
27,8025
47,8025
42,8026
1,8027
30,8027
36,8027
37,8027
14,8028
17,8029
40,8030
44,8031
38,8032
44,8032
1,8033
6,8033
33,8033
23,8034
26,8034
19,8037
34,8037
17,8039
26,8039
38,8042
45,8042
27,8044
19,8046
10,8047
45,8047
9,8048
39,8048
27,8049
25,8051
32,8051
19,8052
32,8054
22,8055
28,8055
32,8055
9,8056
21,8056
44,8056
44,8057
43,8058
46,8059
28,8060
40,8060
28,8063
7,8065
44,8065
49,8066
31,8068
40,8071
14,8072
32,8073
27,8076
49,8076
3,8077
29,8077
47,8077
28,8080
5,8083
4,8084
4,8085
48,8085
3,8086
7,8086
20,8087
24,8088
41,8088
5,8090
29,8093
34,8093
43,8093
27,8096
36,8098
13,8099
48,8099
24,8100
39,8100
46,8100
47,8102
37,8104
27,8105
46,8107
44,8109
22,8112
28,8113
18,8116
32,8117
8,8118
25,8118
37,8119
48,8119
1,8120
8,8120
23,8120
2,8121
45,8121
1,8122
2,8123
7,8123
17,8125
1,8126
35,8126
47,8126
2,8129
22,8129
27,8130
1,8131
26,8131
1,8132
12,8133
45,8133
32,8134
39,8134
21,8135
2,8136
39,8136
47,8137
1,8139
16,8139
29,8140
33,8140
50,8141
2,8143
10,8143
24,8143
2,8144
22,8144
10,8145
28,8145
12,8147
50,8148
16,8148
37,8149
14,8151
25,8151
28,8151
27,8155
45,8156
40,8158
22,8159
28,8160
27,8161
13,8163
48,8163
7,8165
24,8165
31,8165
40,8166
50,8167
38,8167
24,8168
32,8170
35,8170
4,8171
33,8172
48,8172
48,8174
39,8175
17,8178
15,8180
10,8182
23,8184
20,8187
1,8188
37,8188
2,8189
1,8190
11,8190
14,8190
1,8191
15,8195
2,8196
2,8197
11,8197
43,8197
1,8198
2,8199
10,8200
3,8201
6,8201
24,8201
27,8201
28,8202
34,8202
39,8202
1,8203
4,8203
22,8203
35,8203
1,8204
48,8204
50,8205
2,8205
31,8205
2,8207
31,8207
45,8208
4,8210
17,8212
36,8212
38,8212
25,8213
5,8214
8,8214
41,8214
5,8215
9,8215
3,8216
46,8217
35,8218
32,8219
36,8219
49,8220
17,8221
1,8222
2,8223
9,8223
1,8224
46,8224
1,8226
33,8227
27,8228
39,8229
40,8230
49,8230
2,8231
2,8232
32,8233
50,8234
1,8236
1,8237
2,8238
10,8238
1,8239
38,8239
2,8240
16,8240
2,8242
28,8244
6,8246
13,8249
35,8250
40,8250
50,8251
44,8254
37,8255
39,8255
2,8256
24,8256
24,8257
30,8259
30,8260
42,8260
21,8261
25,8262
32,8262
16,8264
18,8264
48,8264
45,8265
18,8270
35,8271
15,8272
17,8273
48,8273
7,8275
49,8276
39,8277
26,8280
1,8281
23,8281
1,8283
40,8283
44,8283
2,8284
18,8288
48,8288
27,8289
44,8290
47,8290
34,8291
45,8291
2,8292
1,8293
22,8293
44,8294
2,8295
7,8296
18,8296
44,8297
12,8298
29,8299
35,8299
43,8299
13,8302
40,8302
32,8304
45,8304
11,8306
22,8306
16,8307
31,8309
41,8312
49,8312
8,8314
11,8315
28,8315
38,8315
46,8316
3,8317
30,8317
43,8317
14,8318
5,8319
5,8321
29,8321
4,8322
3,8323
24,8323
43,8323
4,8324
3,8325
41,8326
4,8328
5,8330
24,8331
39,8331
4,8332
5,8333
14,8333
3,8335
16,8336
7,8337
18,8337
39,8338
16,8339
28,8341
7,8342
27,8343
45,8344
50,8347
44,8347
40,8348
8,8349
3,8351
24,8351
46,8351
1,8353
2,8354
16,8354
43,8354
1,8355
30,8355
2,8356
22,8356
47,8357
1,8359
20,8360
25,8361
2,8362
26,8363
6,8364
33,8364
1,8365
2,8366
9,8367
42,8367
48,8367
1,8368
2,8369
30,8369
1,8370
10,8370
20,8371
2,8372
45,8372
29,8373
30,8373
44,8373
20,8374
34,8376
29,8377
46,8377
37,8378
38,8378
6,8379
11,8380
26,8380
17,8381
11,8384
1,8385
26,8385
37,8385
2,8386
21,8386
32,8386
46,8386
6,8387
21,8387
13,8388
37,8389
12,8390
1,8392
9,8392
47,8394
43,8395
2,8396
14,8396
1,8397
33,8397
25,8398
41,8398
17,8399
27,8399
2,8401
3,8403
10,8403
43,8403
4,8404
22,8404
4,8405
25,8405
11,8406
5,8407
3,8408
43,8408
1,8410
5,8410
11,8410
38,8411
1,8412
45,8412
2,8413
46,8413
1,8415
12,8415
2,8416
6,8418
27,8418
34,8418
43,8418
2,8419
32,8419
7,8421
27,8421
1,8422
7,8423
21,8423
50,8425
7,8425
42,8425
24,8426
1,8427
3,8427
2,8428
2,8429
4,8429
1,8431
2,8431
1,8432
2,8432
3,8432
25,8433
4,8435
38,8435
45,8435
29,8437
17,8438
5,8439
11,8439
14,8439
25,8439
5,8440
8,8440
20,8440
49,8440
18,8441
25,8441
33,8441
42,8441
1,8443
27,8443
1,8445
14,8445
2,8446
24,8446
1,8447
2,8448
2,8449
29,8450
49,8450
38,8451
3,8454
28,8455
37,8458
41,8459
42,8459
20,8460
4,8461
48,8461
18,8463
1,8464
5,8464
1,8465
46,8465
2,8466
48,8466
2,8467
5,8467
28,8467
1,8468
4,8468
2,8469
3,8469
9,8469
50,8470
36,8470
28,8473
19,8474
20,8474
50,8475
28,8476
34,8477
1,8480
8,8480
45,8480
1,8482
28,8482
2,8484
23,8485
49,8485
2,8486
34,8487
1,8488
2,8489
21,8489
48,8491
31,8492
15,8495
44,8495
9,8496
47,8498
14,8499
43,8500
49,8503
27,8505
10,8506
39,8506
33,8507
3,8509
18,8510
4,8511
12,8511
31,8511
4,8512
22,8512
5,8513
11,8513
17,8513
31,8513
34,8513
3,8514
35,8514
39,8514
5,8515
16,8515
8,8516
11,8517
45,8517
21,8519
27,8520
37,8520
17,8521
23,8522
25,8522
29,8523
27,8524
13,8525
17,8525
21,8525
16,8526
20,8526
31,8527
16,8531
31,8531
25,8532
16,8534
26,8534
43,8534
25,8535
23,8536
26,8536
40,8536
1,8537
30,8538
1,8539
2,8540
2,8541
46,8541
44,8542
1,8543
21,8543
47,8543
14,8544
22,8544
33,8544
2,8545
16,8545
13,8546
41,8548
20,8549
40,8549
47,8551
15,8553
6,8554
19,8554
6,8555
34,8555
38,8555
29,8559
50,8561
21,8564
10,8567
30,8567
42,8567
1,8568
32,8570
2,8571
40,8571
1,8572
2,8574
16,8574
35,8574
1,8575
36,8575
2,8576
1,8577
29,8577
2,8578
28,8579
13,8580
45,8580
3,8583
6,8583
5,8584
11,8584
23,8584
43,8584
1,8585
4,8585
2,8586
4,8586
17,8586
49,8586
1,8587
19,8587
48,8587
3,8588
5,8589
40,8591
2,8592
35,8594
36,8594
9,8595
11,8595
19,8595
24,8595
27,8596
37,8596
24,8598
20,8599
41,8599
1,8600
36,8600
21,8601
35,8602
1,8604
7,8604
26,8604
45,8604
2,8605
10,8605
14,8605
2,8606
29,8606
30,8606
38,8606
1,8607
2,8608
41,8608
27,8609
38,8610
19,8612
20,8612
28,8612
34,8612
1,8613
31,8614
2,8615
13,8615
32,8615
1,8616
14,8616
29,8616
2,8617
1,8618
33,8619
1,8620
42,8620
2,8622
35,8622
7,8624
13,8624
30,8625
37,8625
8,8627
10,8628
24,8629
8,8632
24,8632
42,8632
9,8633
20,8633
22,8634
24,8634
32,8634
35,8634
26,8635
13,8639
25,8639
28,8639
31,8639
44,8639
18,8641
27,8641
12,8642
43,8642
49,8642
32,8643
35,8643
26,8644
35,8647
2,8648
12,8648
35,8648
48,8648
4,8649
21,8650
50,8651
16,8651
22,8651
25,8652
18,8654
25,8654
42,8655
43,8655
46,8657
3,8658
26,8658
4,8659
5,8661
25,8661
4,8662
6,8662
1,8665
3,8665
46,8665
39,8666
46,8666
5,8667
1,8668
37,8668
44,8668
2,8669
22,8669
1,8670
1,8671
2,8672
30,8672
2,8674
3,8675
4,8676
7,8676
4,8677
5,8677
33,8677
5,8678
26,8678
5,8679
22,8679
38,8679
3,8680
19,8685
22,8685
17,8686
27,8686
1,8687
13,8687
35,8687
32,8689
33,8689
20,8690
18,8691
22,8691
8,8692
21,8692
41,8692
37,8693
33,8695
2,8696
7,8696
31,8696
37,8696
1,8698
30,8698
14,8699
36,8700
1,8701
35,8701
2,8702
32,8703
47,8703
2,8704
11,8704
42,8704
30,8706
28,8707
34,8707
46,8707
13,8709
21,8709
17,8710
41,8710
21,8712
1,8713
1,8714
45,8715
14,8716
41,8716
2,8717
1,8718
37,8719
2,8720
3,8720
15,8720
18,8721
29,8721
37,8721
4,8722
5,8724
26,8724
4,8726
46,8726
2,8728
5,8728
15,8728
3,8729
11,8729
7,8730
45,8730
46,8730
34,8731
3,8733
1,8734
4,8734
46,8734
7,8735
24,8735
35,8735
1,8736
10,8736
2,8737
1,8738
3,8738
4,8738
2,8739
5,8739
9,8739
37,8739
2,8740
5,8740
4,8741
46,8742
49,8742
8,8743
35,8744
25,8745
14,8746
49,8748
23,8749
19,8750
37,8750
44,8750
50,8751
3,8751
15,8751
4,8753
16,8754
1,8755
5,8755
48,8755
1,8757
5,8757
2,8758
47,8758
4,8759
38,8759
39,8759
43,8759
46,8759
3,8760
50,8761
2,8761
50,8762
1,8764
2,8765
11,8765
9,8767
18,8768
10,8769
36,8769
1,8772
18,8772
14,8773
2,8774
13,8774
21,8775
18,8776
1,8777
42,8777
44,8778
2,8779
12,8780
33,8780
1,8781
16,8781
9,8782
24,8782
17,8783
18,8784
7,8785
2,8786
3,8786
4,8787
27,8787
31,8788
3,8789
21,8789
32,8789
11,8790
27,8790
28,8790
5,8792
10,8792
45,8793
4,8794
25,8794
11,8795
16,8795
5,8796
38,8796
43,8796
43,8797
47,8797
10,8799
6,8800
33,8801
40,8801
37,8802
28,8803
11,8804
15,8805
26,8807
24,8809
8,8810
40,8810
3,8813
42,8813
25,8814
4,8815
37,8815
14,8816
42,8816
48,8816
19,8819
49,8821
3,8822
14,8822
40,8822
33,8824
36,8826
38,8829
40,8829
44,8829
8,8830
43,8830
5,8831
15,8832
38,8832
39,8832
4,8833
5,8834
12,8834
31,8834
3,8836
4,8838
29,8838
5,8839
29,8839
15,8841
3,8842
43,8842
10,8843
19,8843
35,8843
5,8844
23,8844
29,8845
4,8846
17,8847
39,8847
1,8849
8,8851
21,8851
28,8852
43,8852
34,8853
43,8854
50,8855
15,8855
41,8855
9,8857
7,8860
44,8860
18,8861
32,8861
4,8862
33,8862
42,8862
3,8863
5,8864
37,8866
46,8866
4,8867
5,8869
6,8869
3,8870
4,8871
25,8873
37,8873
17,8874
12,8875
18,8875
32,8875
41,8875
15,8876
38,8877
40,8878
46,8879
41,8881
14,8882
27,8884
28,8884
1,8885
2,8886
27,8888
29,8888
1,8889
30,8891
46,8891
2,8892
11,8893
1,8894
37,8894
2,8895
13,8896
32,8898
26,8899
34,8900
48,8901
9,8902
44,8902
7,8903
11,8905
9,8908
50,8910
16,8911
1,8914
25,8914
2,8915
48,8916
24,8918
1,8919
44,8919
11,8920
16,8922
1,8924
6,8924
2,8925
2,8927
3,8927
10,8929
21,8929
24,8929
49,8929
4,8930
4,8931
11,8931
5,8932
13,8935
33,8936
5,8937
13,8937
3,8938
23,8938
17,8941
29,8941
18,8942
38,8942
26,8943
24,8944
26,8945
3,8946
12,8946
36,8946
46,8946
5,8947
5,8949
25,8949
4,8951
3,8952
4,8953
8,8954
10,8957
22,8958
25,8958
31,8961
21,8962
17,8963
42,8963
50,8964
17,8964
36,8964
14,8965
26,8965
34,8965
47,8965
6,8969
19,8969
31,8969
46,8969
3,8971
13,8971
49,8971
11,8972
23,8973
5,8974
1,8975
4,8975
27,8976
47,8976
48,8976
1,8977
5,8977
23,8977
26,8977
2,8978
3,8978
24,8978
4,8979
16,8979
1,8981
8,8981
22,8981
17,8982
2,8983
3,8984
46,8984
4,8986
5,8987
7,8987
10,8987
42,8988
5,8989
2,8990
3,8990
29,8991
4,8992
10,8992
28,8992
35,8993
40,8994
42,8999
33,9001
10,9002
13,9002
3,9003
4,9004
23,9004
9,9007
1,9009
1,9010
5,9010
4,9011
41,9011
42,9011
45,9011
2,9012
5,9012
10,9012
2,9013
3,9013
1,9015
43,9015
12,9018
40,9018
41,9018
2,9019
8,9019
39,9022
11,9025
12,9025
3,9028
22,9028
30,9028
4,9029
16,9029
37,9029
3,9030
5,9031
10,9031
29,9031
5,9032
4,9033
22,9034
47,9034
14,9035
46,9035
1,9036
30,9036
2,9037
1,9038
2,9040
1,9042
44,9042
50,9043
23,9043
2,9044
29,9044
22,9045
12,9046
8,9047
25,9047
27,9047
26,9049
35,9049
44,9051
7,9054
17,9054
47,9054
36,9055
7,9056
8,9056
1,9057
3,9058
26,9058
10,9059
14,9060
1,9062
17,9062
20,9062
4,9063
2,9065
5,9065
1,9066
4,9066
18,9066
28,9067
2,9068
9,9068
2,9069
11,9070
50,9071
21,9071
5,9072
20,9072
3,9073
29,9073
17,9074
40,9074
39,9075
9,9077
14,9077
27,9080
33,9082
23,9084
27,9085
40,9085
2,9088
17,9089
33,9090
34,9090
41,9091
15,9092
40,9092
1,9094
39,9094
18,9095
34,9095
2,9096
1,9097
41,9097
2,9098
16,9098
38,9098
46,9098
1,9099
5,9099
2,9100
23,9100
43,9102
19,9103
30,9103
19,9105
4,9106
30,9107
50,9108
22,9108
18,9109
25,9109
1,9110
38,9110
10,9111
16,9111
1,9112
14,9112
2,9113
2,9114
1,9115
10,9115
49,9115
2,9116
50,9117
11,9117
28,9119
39,9120
49,9120
8,9121
12,9122
9,9125
38,9125
14,9126
6,9127
13,9127
18,9128
48,9128
35,9130
36,9130
39,9130
21,9131
1,9132
20,9132
1,9133
2,9134
36,9134
2,9135
3,9135
4,9138
39,9138
1,9139
47,9140
2,9141
5,9142
33,9143
50,9144
4,9144
17,9144
27,9144
30,9144
3,9145
21,9145
23,9145
5,9146
44,9146
42,9147
35,9149
34,9150
47,9150
36,9152
48,9154
40,9157
10,9158
1,9160
30,9160
14,9161
31,9161
1,9162
6,9162
46,9162
3,9163
28,9163
41,9164
2,9165
32,9165
2,9166
4,9166
5,9167
29,9167
1,9168
47,9168
5,9169
23,9169
42,9169
2,9170
45,9170
4,9172
37,9172
39,9172
3,9173
38,9173
47,9173
6,9174
8,9174
11,9176
34,9176
9,9177
12,9177
14,9178
49,9178
5,9179
50,9180
31,9180
43,9180
43,9181
49,9181
3,9186
37,9186
46,9186
5,9187
26,9187
20,9189
4,9190
26,9190
35,9190
49,9190
5,9191
26,9191
18,9193
4,9194
37,9194
3,9195
9,9195
46,9196
28,9197
43,9197
33,9198
48,9198
12,9199
8,9200
8,9201
35,9201
15,9203
36,9204
47,9205
12,9206
26,9206
10,9207
17,9207
25,9209
50,9210
43,9211
25,9212
8,9214
19,9215
20,9216
22,9216
38,9216
25,9217
1,9218
1,9220
3,9221
9,9221
10,9221
44,9221
5,9222
2,9223
4,9224
44,9224
1,9225
34,9225
7,9226
2,9227
5,9227
25,9227
46,9227
2,9228
3,9228
20,9228
23,9230
4,9233
33,9233
44,9233
49,9233
3,9234
4,9235
4,9237
5,9238
5,9239
27,9239
3,9241
15,9241
17,9242
32,9242
12,9243
48,9243
3,9244
36,9245
5,9246
4,9247
20,9247
25,9247
29,9248
4,9249
13,9249
3,9251
22,9253
5,9254
11,9257
34,9258
45,9258
30,9261
30,9263
46,9263
30,9265
21,9266
44,9266
21,9267
50,9268
13,9268
15,9269
50,9270
27,9270
48,9270
31,9271
23,9273
42,9274
22,9275
34,9277
8,9278
27,9278
4,9279
22,9279
33,9280
35,9282
30,9283
1,9284
3,9284
20,9284
2,9285
1,9286
4,9286
5,9287
29,9287
5,9288
1,9289
3,9289
2,9290
4,9290
2,9291
40,9294
47,9294
28,9295
23,9299
28,9299
35,9299
38,9299
14,9302
49,9302
50,9303
31,9306
47,9306
27,9307
39,9307
47,9307
10,9310
3,9312
25,9312
10,9313
15,9313
50,9314
4,9314
6,9314
17,9314
33,9314
6,9315
18,9315
50,9316
4,9316
46,9316
5,9317
8,9317
20,9317
40,9317
5,9318
40,9319
4,9320
3,9321
20,9321
22,9322
24,9322
16,9323
37,9324
32,9325
39,9325
40,9328
18,9330
7,9333
10,9334
45,9334
3,9335
12,9335
17,9336
47,9337
18,9338
4,9339
18,9339
31,9339
43,9340
14,9341
44,9341
4,9342
33,9342
41,9342
11,9343
48,9343
21,9344
3,9346
13,9346
26,9346
46,9346
5,9349
48,9349
8,9350
20,9351
45,9351
50,9352
41,9352
5,9353
8,9353
32,9353
4,9354
31,9354
6,9356
13,9356
46,9357
31,9359
34,9359
31,9360
48,9360
27,9362
28,9362
37,9362
48,9363
1,9364
16,9364
20,9364
31,9364
48,9364
2,9365
9,9366
10,9366
1,9368
10,9368
2,9369
37,9369
1,9370
2,9371
18,9373
29,9376
33,9377
32,9378
12,9379
28,9380
29,9380
31,9382
34,9383
46,9383
4,9386
38,9387
15,9389
6,9390
8,9390
18,9390
41,9390
25,9391
42,9392
42,9394
48,9394
40,9395
21,9396
8,9397
48,9397
6,9400
33,9400
38,9402
27,9403
9,9404
13,9404
6,9406
35,9406
17,9407
35,9408
28,9409
38,9409
48,9410
50,9411
34,9413
46,9414
13,9415
28,9416
7,9417
31,9420
45,9420
37,9421
44,9422
46,9423
47,9424
31,9426
37,9428
25,9430
42,9431
10,9432
1,9433
27,9433
39,9433
1,9434
2,9435
36,9435
47,9436
48,9436
1,9437
25,9437
41,9437
42,9437
2,9439
3,9439
32,9439
2,9440
4,9440
30,9441
16,9442
28,9442
5,9443
43,9443
29,9444
37,9445
46,9446
5,9447
4,9448
3,9449
4,9449
21,9449
34,9449
44,9449
33,9450
12,9451
41,9451
21,9452
40,9456
10,9457
40,9457
36,9458
7,9459
16,9459
28,9460
7,9461
42,9461
47,9462
31,9463
32,9464
6,9465
9,9466
10,9466
11,9467
48,9468
39,9470
14,9474
19,9474
25,9475
34,9476
1,9477
33,9477
44,9478
2,9479
50,9480
5,9480
18,9480
33,9480
36,9481
37,9482
38,9482
1,9483
22,9483
2,9485
12,9485
40,9485
1,9486
33,9486
43,9487
49,9487
2,9489
8,9489
17,9490
29,9491
14,9497
28,9498
11,9503
43,9503
48,9504
3,9506
5,9507
10,9507
19,9507
21,9507
38,9507
47,9507
4,9508
19,9508
50,9509
16,9509
41,9509
4,9511
7,9511
20,9512
3,9514
5,9514
7,9514
31,9514
3,9516
15,9516
30,9516
34,9516
41,9517
49,9517
30,9518
31,9518
23,9519
44,9519
46,9519
8,9520
38,9521
44,9521
3,9523
3,9524
7,9524
4,9525
35,9525
49,9525
12,9526
40,9526
4,9527
28,9527
5,9529
3,9530
37,9530
5,9532
45,9536
3,9537
13,9537
33,9537
39,9537
18,9538
5,9539
5,9540
6,9540
21,9540
32,9540
4,9541
44,9542
7,9543
3,9545
43,9545
4,9546
42,9548
8,9551
16,9551
20,9553
16,9554
19,9554
32,9554
5,9556
19,9556
3,9559
15,9559
23,9561
25,9561
32,9561
24,9562
33,9562
50,9563
15,9564
34,9565
29,9567
6,9568
25,9568
36,9568
7,9570
8,9571
39,9574
43,9574
17,9575
18,9575
42,9575
1,9576
29,9576
2,9577
1,9579
26,9579
48,9579
1,9580
32,9580
50,9581
2,9581
3,9581
2,9582
15,9582
19,9584
5,9586
9,9586
32,9586
5,9587
4,9588
3,9589
42,9589
4,9592
29,9594
17,9595
30,9596
38,9597
48,9597
1,9598
20,9598
43,9599
2,9602
18,9603
22,9603
1,9604
28,9604
1,9605
32,9605
44,9605
43,9607
2,9608
5,9608
39,9608
45,9608
28,9610
34,9610
2,9611
37,9612
39,9615
1,9620
3,9621
12,9621
46,9621
2,9622
26,9622
1,9623
5,9623
50,9624
1,9624
4,9624
13,9624
22,9624
2,9625
3,9625
2,9626
5,9627
15,9627
4,9628
14,9628
36,9628
47,9628
37,9629
14,9630
15,9630
18,9631
12,9634
25,9634
16,9635
21,9635
27,9635
27,9636
3,9637
1,9639
1,9640
2,9643
20,9643
1,9644
2,9645
6,9645
19,9645
2,9646
28,9648
6,9650
32,9650
22,9651
38,9651
42,9651
30,9652
7,9654
34,9654
36,9656
44,9656
12,9657
29,9659
48,9660
31,9661
32,9662
18,9666
22,9668
36,9668
39,9668
47,9668
20,9669
45,9669
40,9670
38,9671
30,9673
34,9673
33,9674
48,9674
11,9675
41,9679
45,9680
6,9683
23,9684
29,9685
23,9686
40,9687
14,9688
8,9692
1,9693
7,9693
10,9693
29,9693
2,9694
1,9695
21,9695
8,9696
2,9698
28,9698
34,9698
1,9699
22,9699
2,9700
12,9700
27,9700
18,9703
41,9704
3,9705
18,9705
4,9706
5,9708
42,9708
3,9709
19,9709
17,9710
5,9711
4,9712
39,9714
18,9716
32,9716
23,9718
20,9719
43,9720
33,9723
27,9725
31,9725
37,9725
26,9728
43,9728
35,9729
44,9731
48,9731
40,9733
4,9734
28,9734
46,9734
3,9735
28,9735
4,9736
17,9736
30,9736
45,9736
4,9737
4,9739
5,9739
46,9739
32,9741
38,9741
3,9742
5,9743
21,9743
5,9744
25,9744
30,9745
35,9745
6,9746
50,9748
3,9748
11,9748
21,9750
26,9752
5,9753
11,9754
4,9755
14,9755
4,9757
34,9757
5,9758
11,9758
21,9758
40,9758
47,9758
30,9759
3,9760
10,9761
25,9761
36,9761
6,9762
9,9762
26,9763
10,9764
39,9765
49,9765
3,9769
47,9769
26,9770
45,9772
5,9774
37,9774
39,9774
1,9775
4,9775
49,9775
1,9780
1,9781
5,9782
25,9782
4,9783
3,9784
2,9785
36,9786
49,9786
1,9787
12,9787
2,9790
2,9791
36,9791
31,9793
34,9794
48,9794
9,9797
20,9797
24,9797
1,9798
1,9799
17,9799
2,9801
1,9802
10,9802
2,9803
2,9804
21,9806
17,9807
10,9808
18,9810
35,9810
36,9810
31,9812
10,9813
23,9813
39,9815
18,9818
45,9818
8,9819
49,9819
28,9821
8,9822
27,9822
6,9823
22,9825
41,9826
32,9829
35,9829
11,9830
1,9835
22,9835
33,9835
1,9836
21,9836
2,9838
30,9839
21,9840
1,9841
39,9841
2,9843
36,9844
38,9844
2,9845
9,9847
32,9847
11,9848
36,9848
42,9849
37,9850
40,9850
21,9851
43,9851
48,9852
9,9854
26,9858
50,9859
35,9859
3,9860
4,9861
42,9861
48,9861
5,9864
4,9865
8,9865
41,9865
26,9866
3,9867
46,9867
5,9869
22,9869
8,9870
29,9870
43,9870
29,9871
18,9872
3,9874
6,9875
29,9875
5,9876
24,9876
39,9876
16,9877
4,9878
15,9878
16,9878
36,9878
46,9878
3,9879
9,9879
49,9879
46,9881
5,9882
30,9882
39,9882
4,9883
6,9886
15,9886
34,9887
34,9888
40,9888
1,9889
31,9889
44,9889
28,9890
30,9890
47,9890
2,9891
1,9892
3,9892
16,9892
1,9893
4,9893
2,9894
3,9894
2,9895
26,9895
35,9895
5,9896
1,9897
5,9897
4,9898
14,9898
32,9898
45,9899
46,9899
33,9900
25,9901
26,9901
28,9901
34,9901
10,9902
13,9904
21,9904
48,9904
23,9905
9,9909
34,9909
41,9910
50,9911
43,9911
20,9912
42,9912
46,9912
18,9915
41,9915
36,9916
23,9917
11,9918
34,9919
45,9921
10,9923
36,9923
3,9924
43,9924
32,9925
4,9926
5,9927
18,9927
3,9928
8,9928
6,9929
33,9929
43,9930
6,9931
45,9932
4,9933
6,9933
27,9933
5,9934
32,9935
1,9936
29,9936
1,9937
2,9938
1,9940
17,9941
2,9945
40,9945
2,9946
32,9946
16,9947
49,9947
1,9948
15,9949
19,9949
16,9950
1,9951
16,9952
2,9953
1,9955
2,9956
2,9957
44,9957
49,9958
46,9959
15,9960
6,9962
21,9963
18,9964
6,9965
19,9965
42,9965
16,9966
3,9967
9,9967
39,9967
6,9968
16,9969
38,9970
4,9971
22,9972
5,9973
36,9973
3,9974
44,9974
4,9976
44,9976
18,9977
23,9977
10,9978
5,9979
7,9980
32,9980
31,9981
34,9981
47,9981
22,9982
41,9982
14,9983
50,9984
1,9984
15,9984
25,9984
50,9986
2,9986
8,9987
24,9987
1,9988
2,9990
1,9992
9,9992
18,9992
2,9993
9,9993
20,9993
25,9993
4,9994
32,9994
15,9995
19,9995
45,9995
1,9997
40,9998
