16,3
16,4
19,4
13,6
25,12
18,13
12,27
20,29
23,29
17,30
6,34
19,35
17,36
22,36
17,42
14,43
23,44
18,46
16,48
14,49
20,54
22,55
9,56
18,56
10,58
25,61
8,61
13,62
10,66
15,68
17,71
3,77
4,78
21,80
24,80
3,81
4,82
5,86
5,87
9,89
24,91
11,92
1,93
1,94
2,95
3,95
18,95
2,96
10,96
1,97
2,98
7,99
24,100
23,101
9,103
16,107
22,109
3,112
4,114
19,114
5,115
9,116
4,117
3,118
8,121
23,121
25,122
5,122
8,122
14,123
16,123
18,124
13,130
11,132
6,133
3,134
19,134
5,135
15,135
22,135
4,136
20,136
24,136
3,137
4,138
1,139
5,139
2,143
1,145
21,146
2,147
1,148
16,148
3,149
2,150
4,150
5,152
21,152
4,153
17,153
5,154
8,154
3,155
15,158
6,162
18,164
23,166
1,167
10,167
1,171
1,173
12,173
2,174
1,175
2,177
20,177
24,177
2,180
24,180
12,181
22,186
16,187
17,190
4,195
7,198
24,198
22,200
6,203
22,206
10,209
19,209
8,211
24,213
18,215
13,216
8,217
21,219
1,221
13,221
2,222
1,226
10,228
22,228
2,229
1,230
2,233
13,233
16,233
6,235
7,235
20,236
9,237
7,241
10,241
20,242
1,245
15,245
24,246
1,247
18,247
2,248
20,248
3,249
2,251
15,251
1,252
4,252
7,252
25,253
5,254
5,255
14,255
4,256
25,257
3,257
2,259
3,261
21,262
4,263
18,264
20,265
3,269
4,271
5,272
5,274
9,275
8,276
21,276
6,277
17,277
19,277
20,278
7,279
21,282
9,283
12,285
24,287
11,294
11,299
13,307
8,309
18,311
22,316
24,316
18,317
23,329
3,335
25,336
5,336
5,338
1,339
4,339
15,340
4,341
1,342
3,342
2,346
23,346
2,347
1,348
2,349
17,350
6,351
21,354
10,367
19,373
3,374
5,376
4,377
5,378
6,378
17,378
3,379
4,381
7,381
17,385
3,394
4,395
7,395
9,395
10,395
5,396
11,396
3,401
4,402
5,403
19,409
25,410
15,410
23,413
25,421
20,421
13,422
13,425
17,425
14,426
9,427
12,427
24,428
18,429
22,429
23,429
19,431
7,432
20,432
13,437
10,442
11,442
17,443
23,449
4,452
23,456
7,457
3,459
5,460
15,460
4,461
8,461
3,462
4,464
6,465
5,468
3,469
16,469
20,470
4,471
3,472
16,472
4,473
5,476
5,478
12,479
25,483
20,488
18,496
21,496
6,500
15,503
11,505
11,509
1,514
2,515
18,520
1,521
1,522
19,522
2,523
2,524
22,524
1,525
8,525
2,527
1,528
3,528
17,529
1,530
2,531
5,531
14,531
2,532
4,532
16,532
15,535
5,536
3,539
11,539
23,539
22,540
4,542
9,543
3,544
7,545
11,547
4,548
6,548
13,550
8,551
4,552
9,552
4,553
5,554
20,555
3,556
5,559
20,560
25,567
1,567
11,567
1,569
10,570
16,570
2,572
24,572
16,573
1,575
2,580
2,581
15,582
25,584
3,584
24,584
10,585
4,586
3,588
5,590
15,591
4,593
5,594
1,598
1,599
2,600
2,601
1,603
2,604
15,606
22,609
22,615
10,618
18,619
21,622
16,625
1,629
7,630
18,630
1,633
2,636
3,636
4,637
2,638
1,639
2,640
5,641
23,641
4,642
5,643
3,644
9,644
12,644
2,649
15,649
23,650
25,655
20,656
24,658
3,662
4,663
8,663
13,663
10,664
8,665
4,666
23,666
5,667
5,668
10,670
23,670
3,672
13,672
9,673
18,674
3,675
13,676
16,681
14,685
23,685
7,686
18,692
6,695
6,701
13,706
13,707
14,709
18,710
9,711
18,711
20,715
12,718
9,719
9,720
14,720
1,726
2,729
20,729
18,730
1,731
1,732
2,733
2,734
8,734
15,734
13,736
20,736
14,738
7,741
8,745
25,747
22,750
11,752
5,753
16,754
7,761
20,761
8,762
10,765
22,765
14,768
3,769
5,770
21,771
24,771
4,772
11,772
9,773
5,774
15,774
18,774
4,777
6,778
3,780
11,782
17,784
10,785
9,786
17,788
6,793
19,795
7,799
13,800
9,801
25,802
18,804
7,805
3,808
1,809
5,809
1,810
4,811
2,812
11,812
2,814
24,814
1,816
14,816
2,817
3,817
4,818
21,818
23,818
5,820
11,821
8,830
1,832
23,832
1,833
2,834
2,835
11,835
12,835
9,836
17,836
1,842
2,844
21,844
12,845
21,845
24,846
3,848
11,848
5,850
5,852
4,854
13,854
3,855
14,856
4,859
23,859
17,860
22,862
19,863
9,864
21,864
15,867
22,868
8,869
24,869
12,873
3,874
16,874
4,875
5,877
14,877
1,878
3,878
5,879
20,880
2,881
1,882
4,882
21,883
3,885
2,887
19,887
21,888
5,889
5,890
1,891
4,891
15,892
19,892
3,893
2,895
5,898
4,901
16,902
9,903
23,903
17,907
11,908
24,908
9,910
23,911
3,912
4,913
4,914
21,914
5,915
17,915
5,916
3,917
22,921
24,922
17,924
25,925
20,930
24,931
14,933
9,934
16,934
20,937
15,940
10,944
23,946
20,955
20,958
19,963
6,964
15,964
18,967
20,968
21,969
14,971
18,971
3,974
5,976
13,978
4,979
5,983
24,984
1,988
3,988
1,989
10,989
2,992
2,993
22,993
1,994
2,995
4,995
18,999
12,1002
16,1007
7,1010
25,1011
16,1012
7,1013
2,1015
18,1016
18,1017
8,1019
7,1020
14,1020
14,1021
19,1022
3,1027
11,1027
4,1028
5,1029
5,1030
1,1031
17,1031
4,1032
3,1033
10,1033
2,1034
6,1035
1,1036
11,1037
12,1037
13,1038
1,1039
3,1039
1,1040
4,1040
3,1042
5,1043
9,1044
2,1045
3,1045
2,1046
5,1046
4,1048
6,1048
3,1052
5,1053
17,1053
4,1055
3,1057
5,1059
24,1060
4,1062
1,1069
20,1070
2,1071
1,1072
7,1073
2,1075
23,1076
1,1077
9,1077
12,1077
16,1078
9,1079
14,1080
17,1080
2,1081
14,1083
19,1085
9,1092
25,1093
1,1094
11,1094
1,1095
6,1096
8,1096
2,1097
25,1098
2,1098
12,1099
1,1101
2,1103
12,1103
12,1109
7,1110
8,1110
19,1110
7,1117
1,1118
1,1119
2,1121
25,1123
2,1123
21,1123
1,1124
3,1124
22,1124
24,1124
2,1125
5,1128
9,1128
5,1129
25,1130
4,1130
20,1131
3,1132
4,1133
6,1133
15,1137
8,1140
3,1141
4,1142
9,1145
4,1147
5,1150
7,1151
22,1152
5,1154
3,1156
6,1158
12,1159
22,1159
20,1161
9,1163
25,1164
6,1165
8,1169
10,1172
11,1172
7,1178
17,1179
3,1180
4,1181
23,1181
24,1182
3,1184
5,1185
7,1187
5,1189
4,1190
22,1190
16,1193
1,1196
18,1197
1,1198
11,1198
12,1198
3,1199
2,1200
10,1200
25,1201
2,1201
1,1202
2,1203
9,1210
17,1212
3,1215
1,1218
15,1218
1,1219
2,1220
6,1221
2,1222
8,1222
13,1222
17,1223
5,1224
1,1226
11,1226
2,1227
1,1229
1,1230
2,1231
18,1231
18,1232
2,1233
1,1235
3,1235
7,1235
21,1235
23,1235
2,1236
4,1237
7,1237
21,1237
5,1238
1,1241
15,1241
9,1242
3,1243
1,1245
2,1246
5,1246
1,1247
4,1247
2,1248
2,1249
10,1252
8,1256
24,1256
25,1258
9,1262
17,1270
20,1273
16,1276
9,1279
22,1279
17,1281
19,1282
3,1287
22,1287
15,1288
5,1289
4,1290
5,1291
3,1293
24,1293
4,1294
17,1294
21,1295
25,1300
18,1300
22,1300
23,1302
3,1304
5,1305
13,1305
18,1305
5,1306
4,1308
19,1308
4,1311
21,1311
25,1312
3,1313
18,1315
11,1317
6,1318
3,1319
8,1319
3,1320
3,1323
6,1326
19,1329
11,1330
10,1331
18,1336
22,1338
17,1339
3,1340
17,1341
13,1343
18,1343
25,1344
20,1344
5,1347
5,1348
21,1348
4,1349
4,1352
20,1352
3,1353
24,1353
25,1354
4,1354
23,1354
15,1356
4,1361
9,1367
21,1367
2,1370
6,1372
14,1372
17,1372
9,1374
25,1375
11,1377
14,1377
15,1381
7,1382
8,1384
12,1384
14,1384
20,1386
3,1394
8,1396
11,1402
19,1407
17,1408
14,1409
14,1411
19,1412
22,1419
14,1420
15,1420
19,1424
21,1426
16,1429
1,1431
3,1433
4,1434
4,1435
8,1435
23,1436
15,1437
3,1439
5,1440
5,1441
18,1441
3,1443
15,1443
18,1443
20,1443
24,1444
5,1445
18,1445
4,1447
3,1450
4,1453
10,1453
5,1454
12,1455
19,1456
17,1458
1,1460
19,1460
1,1462
2,1463
19,1466
1,1467
2,1468
2,1469
8,1471
3,1476
3,1477
4,1479
1,1481
4,1481
16,1481
5,1482
3,1483
5,1484
3,1485
1,1486
12,1486
1,1487
2,1488
20,1488
2,1489
23,1491
1,1492
2,1493
9,1496
15,1496
22,1496
17,1500
17,1501
4,1509
24,1509
18,1511
22,1516
3,1519
5,1520
4,1522
5,1526
19,1529
4,1530
15,1530
10,1531
21,1531
3,1533
3,1534
6,1535
4,1536
21,1536
13,1539
5,1540
5,1541
3,1542
4,1543
10,1543
22,1544
1,1546
6,1546
9,1547
2,1548
1,1549
1,1551
2,1552
2,1553
13,1556
10,1557
12,1564
21,1565
19,1569
19,1574
3,1580
22,1580
4,1581
21,1582
4,1584
5,1585
25,1587
7,1587
3,1589
14,1589
19,1589
5,1591
6,1593
21,1593
7,1597
10,1601
17,1602
22,1602
13,1611
12,1612
1,1613
9,1613
2,1615
24,1615
1,1616
12,1617
2,1618
13,1619
19,1619
1,1620
23,1622
2,1623
20,1627
1,1629
1,1631
2,1632
22,1632
1,1634
2,1635
2,1636
7,1636
16,1637
23,1637
15,1639
20,1639
9,1641
18,1643
16,1648
19,1648
3,1649
6,1652
4,1653
3,1655
5,1657
5,1658
4,1659
13,1660
1,1663
14,1663
1,1664
2,1665
10,1665
2,1667
1,1668
2,1669
15,1669
1,1676
17,1677
2,1681
22,1682
1,1683
1,1684
2,1685
2,1686
12,1691
1,1695
6,1695
19,1695
10,1696
1,1697
2,1699
20,1699
1,1700
22,1700
25,1702
2,1702
9,1702
2,1703
3,1707
10,1708
4,1709
4,1710
3,1712
5,1716
15,1716
9,1720
5,1723
12,1724
21,1725
14,1730
18,1732
14,1736
16,1737
19,1738
22,1738
15,1743
15,1744
3,1754
18,1754
23,1754
5,1755
15,1755
6,1756
4,1757
19,1757
1,1758
5,1758
4,1759
3,1760
19,1761
25,1762
17,1765
25,1768
21,1773
19,1774
18,1775
19,1775
22,1776
23,1780
18,1784
11,1786
6,1787
8,1788
12,1791
21,1791
6,1792
12,1795
18,1795
16,1798
9,1799
22,1807
7,1808
9,1808
1,1814
2,1815
1,1816
1,1817
3,1817
13,1818
5,1819
5,1820
2,1821
2,1822
4,1825
4,1826
3,1828
15,1829
18,1829
11,1830
17,1835
8,1842
19,1842
13,1845
10,1846
21,1846
14,1856
19,1868
20,1868
3,1870
14,1870
12,1872
16,1872
14,1873
4,1874
4,1876
18,1881
20,1881
5,1882
5,1884
3,1885
1,1889
1,1893
2,1894
19,1894
2,1895
10,1895
16,1896
1,1899
2,1900
17,1902
3,1905
20,1905
16,1907
5,1909
19,1909
4,1911
3,1913
4,1914
23,1914
5,1915
14,1915
18,1915
21,1918
11,1920
1,1921
2,1922
1,1924
20,1924
2,1925
8,1925
1,1926
2,1927
14,1928
19,1930
5,1935
12,1942
20,1943
14,1954
23,1955
16,1957
9,1962
20,1962
18,1963
14,1964
1,1965
1,1966
2,1966
12,1967
1,1969
1,1970
2,1975
2,1978
11,1985
19,1989
25,1992
25,1995
1,2000
19,2000
19,2002
21,2002
7,2003
13,2004
8,2007
11,2007
22,2009
12,2010
9,2012
25,2017
6,2021
17,2022
22,2022
8,2023
25,2024
11,2035
7,2036
16,2039
6,2040
9,2050
1,2056
1,2057
19,2058
2,2059
15,2059
1,2065
2,2066
2,2067
3,2067
11,2067
18,2067
1,2068
4,2068
2,2069
5,2069
1,2071
13,2071
2,2072
1,2073
3,2073
5,2074
2,2075
9,2075
25,2076
4,2076
7,2077
6,2078
17,2079
7,2084
9,2085
15,2085
7,2092
10,2095
21,2095
16,2096
3,2097
4,2098
12,2098
4,2100
10,2100
17,2101
5,2102
18,2103
21,2103
3,2105
8,2105
5,2106
23,2106
17,2107
15,2110
19,2111
3,2112
12,2112
7,2113
3,2115
12,2115
23,2115
4,2116
13,2116
5,2121
5,2122
10,2122
4,2123
3,2124
9,2124
9,2125
16,2133
7,2135
18,2135
19,2136
23,2136
11,2137
17,2138
3,2139
15,2139
5,2141
4,2142
15,2142
14,2143
5,2144
6,2146
4,2147
19,2147
1,2148
3,2148
17,2149
19,2149
21,2149
25,2150
21,2150
2,2151
1,2152
22,2152
1,2153
2,2154
3,2154
4,2155
2,2156
5,2156
4,2157
5,2158
23,2158
3,2159
19,2159
8,2160
15,2160
7,2161
7,2162
20,2169
1,2170
2,2171
1,2172
22,2172
9,2174
2,2176
1,2178
2,2179
12,2183
17,2183
8,2191
20,2194
24,2194
19,2196
24,2196
14,2199
25,2201
3,2202
20,2202
4,2205
15,2205
4,2206
5,2214
16,2214
11,2216
5,2218
3,2219
17,2221
14,2222
4,2224
20,2230
15,2232
16,2232
20,2232
16,2233
3,2240
5,2241
11,2241
4,2243
4,2244
21,2245
18,2247
3,2248
5,2249
8,2249
9,2249
14,2254
12,2259
22,2259
22,2260
9,2261
21,2267
9,2268
10,2268
22,2268
17,2271
1,2272
2,2274
10,2277
1,2278
10,2278
16,2278
17,2280
2,2281
1,2283
7,2283
2,2284
15,2288
22,2289
23,2289
25,2299
11,2299
24,2299
15,2302
20,2306
11,2307
21,2310
9,2314
16,2316
3,2317
15,2317
23,2317
4,2319
1,2320
3,2320
5,2321
22,2321
2,2322
5,2323
1,2324
4,2324
19,2326
1,2329
2,2330
2,2331
7,2335
9,2336
8,2339
21,2339
12,2340
14,2342
10,2344
15,2344
2,2348
9,2350
13,2351
19,2352
23,2360
25,2362
6,2364
22,2364
23,2365
13,2372
15,2374
11,2378
1,2380
20,2381
18,2385
23,2385
22,2387
14,2388
10,2389
20,2390
10,2391
8,2393
20,2393
6,2397
14,2399
7,2408
16,2409
24,2413
1,2416
13,2416
1,2417
19,2417
21,2417
10,2419
12,2419
2,2420
8,2420
1,2421
2,2422
11,2422
21,2422
2,2423
12,2425
13,2428
19,2428
11,2430
6,2433
24,2433
16,2439
11,2442
10,2445
22,2445
9,2446
6,2447
7,2448
9,2448
6,2451
1,2452
17,2452
2,2453
8,2453
1,2454
1,2455
14,2455
14,2457
9,2458
25,2460
2,2460
2,2461
25,2462
25,2463
1,2464
6,2464
2,2466
9,2467
1,2469
1,2470
2,2471
8,2471
2,2474
20,2476
19,2477
1,2478
11,2479
17,2482
2,2484
1,2485
1,2486
2,2487
24,2487
2,2489
12,2490
12,2493
17,2494
15,2495
10,2497
3,2498
21,2498
17,2499
4,2500
3,2502
5,2503
5,2505
4,2509
21,2509
14,2513
7,2515
3,2516
5,2518
20,2518
5,2519
4,2520
7,2520
14,2520
3,2522
20,2522
4,2523
12,2524
18,2524
20,2526
10,2530
20,2530
12,2531
6,2533
15,2533
1,2534
13,2534
14,2534
17,2534
1,2535
14,2535
2,2536
15,2537
24,2537
2,2538
5,2538
1,2539
2,2540
15,2544
10,2547
3,2548
13,2549
4,2552
22,2552
6,2554
5,2557
5,2559
13,2559
3,2560
23,2561
7,2562
8,2562
4,2563
17,2563
22,2565
21,2566
10,2570
24,2570
2,2572
14,2573
12,2575
23,2577
10,2579
17,2582
21,2582
10,2584
17,2586
9,2592
21,2593
9,2597
3,2599
4,2601
5,2602
24,2603
3,2604
4,2606
12,2606
5,2607
21,2612
15,2613
22,2613
23,2614
15,2618
14,2619
7,2622
22,2623
15,2625
1,2626
2,2628
19,2630
1,2632
16,2632
1,2633
15,2633
2,2635
20,2637
21,2637
16,2638
2,2639
16,2639
13,2644
11,2645
12,2646
17,2651
18,2653
16,2655
3,2657
4,2659
3,2660
4,2663
5,2665
5,2666
14,2666
18,2676
1,2677
10,2679
22,2679
17,2691
1,2692
11,2692
2,2693
18,2694
10,2696
1,2697
2,2699
17,2699
19,2699
1,2700
18,2700
2,2701
9,2705
10,2708
13,2709
25,2710
19,2710
6,2712
13,2712
17,2714
21,2715
15,2717
15,2722
17,2723
24,2723
6,2724
3,2726
15,2728
22,2729
24,2730
1,2738
16,2738
2,2740
7,2741
18,2741
22,2742
1,2743
2,2744
12,2744
1,2746
12,2747
16,2747
22,2748
2,2749
25,2750
3,2750
2,2751
8,2753
9,2753
20,2759
3,2762
22,2763
25,2765
4,2765
5,2766
20,2766
4,2767
7,2767
10,2767
17,2767
5,2768
8,2768
25,2769
3,2770
10,2772
19,2774
1,2780
1,2781
2,2786
9,2787
1,2788
10,2789
9,2791
16,2791
2,2794
2,2795
9,2796
1,2797
16,2798
10,2799
14,2799
2,2801
1,2803
8,2803
9,2803
16,2803
2,2804
5,2804
1,2806
2,2807
23,2807
15,2810
3,2817
18,2820
7,2822
22,2825
14,2828
14,2840
18,2840
3,2841
4,2842
18,2842
5,2843
5,2844
3,2845
4,2846
6,2846
7,2849
11,2851
13,2853
4,2856
9,2859
7,2864
18,2868
25,2872
15,2872
18,2875
6,2879
16,2881
3,2884
5,2885
10,2886
4,2888
3,2891
24,2891
24,2892
4,2894
5,2897
14,2900
22,2903
14,2904
24,2905
18,2906
10,2908
23,2909
6,2910
9,2913
12,2914
9,2915
1,2917
22,2926
8,2927
22,2935
23,2937
8,2938
14,2938
3,2942
21,2942
24,2944
3,2945
25,2946
4,2948
5,2949
5,2951
4,2953
3,2955
13,2955
21,2956
23,2957
23,2962
3,2964
15,2964
15,2965
21,2965
5,2966
5,2968
16,2968
4,2969
15,2969
20,2969
3,2970
1,2971
4,2971
10,2975
2,2976
1,2978
1,2980
11,2980
2,2981
2,2983
1,2984
1,2986
3,2986
2,2987
4,2987
12,2987
1,2988
5,2988
10,2988
25,2989
17,2989
2,2990
17,2990
18,2991
2,2992
4,2993
16,2994
3,2995
16,2995
5,2996
14,2998
12,2999
1,3000
6,3000
1,3002
2,3003
1,3005
14,3005
10,3006
2,3009
25,3010
2,3011
20,3019
3,3023
4,3025
6,3025
3,3026
9,3026
5,3027
4,3029
5,3030
25,3032
23,3032
19,3037
25,3039
6,3042
19,3044
21,3045
1,3046
24,3046
1,3050
2,3051
3,3051
12,3052
13,3052
1,3053
13,3054
16,3054
2,3055
25,3057
2,3057
18,3057
18,3059
9,3061
18,3061
23,3072
12,3077
21,3077
24,3079
5,3083
21,3084
19,3085
13,3087
9,3088
10,3088
24,3088
15,3094
9,3095
21,3096
24,3096
25,3097
1,3102
2,3103
16,3105
19,3106
1,3107
1,3108
21,3110
2,3111
2,3112
20,3114
21,3114
25,3116
1,3119
2,3121
1,3124
2,3126
7,3126
1,3127
2,3128
9,3129
11,3129
15,3130
17,3130
10,3131
22,3133
20,3136
23,3137
24,3141
16,3145
11,3151
4,3154
25,3155
1,3155
6,3155
2,3156
1,3157
3,3157
2,3158
1,3159
21,3159
2,3160
4,3161
5,3163
8,3163
3,3165
5,3166
5,3168
24,3168
4,3170
22,3170
21,3175
8,3177
10,3178
23,3178
9,3180
6,3182
14,3183
23,3183
14,3187
3,3189
14,3189
5,3191
5,3192
4,3193
4,3194
14,3194
3,3195
25,3197
3,3198
4,3199
5,3201
22,3202
4,3204
11,3204
5,3205
3,3206
12,3208
7,3209
22,3209
1,3210
19,3210
22,3212
23,3212
2,3213
7,3214
1,3216
10,3216
24,3216
18,3217
1,3219
2,3220
10,3220
22,3220
2,3221
3,3221
23,3221
23,3224
1,3226
19,3226
6,3227
17,3228
2,3229
5,3231
22,3231
1,3232
21,3232
2,3233
1,3234
24,3234
2,3235
25,3239
6,3242
8,3242
17,3245
25,3249
24,3255
18,3257
1,3263
2,3265
3,3265
1,3266
4,3266
12,3266
2,3268
3,3268
1,3269
5,3269
2,3270
4,3270
16,3270
25,3271
5,3271
9,3274
21,3275
15,3279
14,3281
18,3281
8,3282
25,3286
20,3286
13,3289
8,3291
15,3292
12,3294
20,3294
13,3297
13,3299
4,3300
1,3301
1,3302
2,3303
24,3303
2,3304
1,3305
2,3306
6,3307
3,3315
4,3316
3,3318
14,3318
5,3320
5,3321
21,3321
5,3324
4,3325
22,3326
14,3328
12,3330
5,3331
22,3331
8,3337
1,3339
2,3340
1,3342
1,3343
2,3345
3,3346
21,3346
2,3347
3,3348
20,3348
5,3352
4,3354
3,3356
18,3358
4,3363
10,3364
5,3365
18,3372
3,3375
17,3375
4,3377
3,3379
9,3379
5,3380
21,3380
22,3380
5,3381
4,3382
25,3383
19,3384
14,3385
24,3385
9,3388
15,3392
15,3406
3,3407
22,3407
21,3411
3,3412
4,3413
3,3414
9,3416
5,3417
5,3420
9,3421
4,3422
6,3422
18,3423
13,3431
25,3433
14,3434
14,3437
5,3438
10,3441
3,3443
17,3443
4,3444
18,3444
3,3445
18,3446
4,3448
9,3448
16,3448
5,3449
6,3449
21,3450
23,3450
5,3451
2,3452
20,3453
1,3456
6,3457
6,3459
17,3459
2,3460
1,3462
6,3462
9,3462
12,3462
1,3463
2,3466
2,3468
13,3472
21,3474
3,3475
10,3475
4,3476
12,3477
13,3477
3,3478
4,3479
12,3479
5,3480
10,3480
5,3481
6,3487
15,3489
22,3489
13,3490
18,3490
24,3490
3,3492
5,3493
4,3494
3,3495
18,3495
8,3497
4,3498
23,3498
5,3499
14,3499
6,3500
21,3500
23,3501
13,3508
3,3510
5,3511
5,3512
17,3512
4,3513
16,3514
3,3516
22,3516
4,3517
7,3518
8,3521
1,3523
25,3525
20,3527
22,3528
10,3529
1,3530
2,3532
7,3532
16,3532
1,3534
1,3535
12,3537
2,3539
7,3539
2,3541
15,3541
3,3542
12,3542
17,3542
20,3542
10,3543
11,3543
16,3543
7,3544
5,3546
7,3547
4,3548
23,3548
3,3549
4,3551
5,3552
23,3552
13,3555
22,3555
7,3561
3,3562
4,3563
1,3564
3,3564
1,3566
2,3567
1,3568
5,3569
5,3570
23,3570
2,3571
3,3571
21,3571
2,3572
4,3573
18,3575
12,3576
15,3578
8,3580
3,3581
1,3582
5,3582
1,3584
4,3584
5,3585
23,3586
2,3587
3,3587
5,3587
20,3587
11,3588
7,3590
13,3590
1,3591
2,3593
3,3593
4,3593
22,3593
1,3594
2,3595
19,3595
8,3599
8,3604
3,3605
4,3606
5,3607
3,3608
10,3608
25,3609
5,3609
4,3611
12,3611
16,3611
19,3611
15,3612
20,3614
25,3616
1,3616
2,3617
20,3617
1,3618
16,3618
23,3618
2,3619
11,3619
22,3619
15,3620
1,3623
23,3623
2,3626
19,3628
1,3631
21,3632
10,3635
2,3637
7,3638
6,3639
1,3640
24,3640
1,3641
25,3643
2,3643
6,3643
20,3643
2,3645
13,3646
16,3655
3,3656
16,3656
20,3656
4,3661
10,3661
5,3662
10,3662
25,3663
5,3663
3,3664
4,3665
19,3669
10,3671
7,3672
6,3673
16,3674
10,3680
13,3680
9,3681
1,3683
1,3684
9,3685
19,3685
2,3686
3,3687
14,3687
4,3689
3,3690
2,3691
4,3691
6,3691
9,3692
1,3693
5,3693
2,3696
16,3696
1,3698
5,3698
25,3699
2,3700
1,3701
5,3701
12,3701
2,3702
13,3702
9,3703
21,3703
1,3704
19,3704
2,3705
15,3705
3,3706
21,3707
1,3708
13,3709
2,3710
5,3710
1,3711
4,3711
2,3713
3,3713
1,3714
2,3715
8,3715
23,3715
1,3716
15,3718
2,3719
4,3719
1,3720
5,3720
1,3721
2,3722
24,3723
2,3724
24,3725
12,3727
6,3728
13,3731
25,3733
14,3736
23,3737
19,3739
20,3741
13,3745
7,3746
10,3748
10,3749
9,3751
23,3756
18,3757
20,3758
20,3760
22,3762
3,3764
6,3764
14,3764
5,3765
4,3768
11,3768
21,3768
3,3769
8,3769
9,3770
16,3770
5,3771
21,3772
23,3772
4,3773
19,3774
13,3775
2,3776
8,3776
11,3776
1,3778
19,3778
1,3779
22,3779
21,3780
2,3781
2,3782
7,3783
1,3784
2,3786
16,3787
23,3788
25,3790
7,3794
8,3797
15,3803
11,3804
19,3804
23,3808
15,3809
21,3811
11,3814
18,3815
7,3816
17,3819
3,3820
4,3821
5,3822
16,3825
24,3825
4,3826
1,3827
15,3827
5,3829
2,3830
3,3830
1,3831
22,3831
2,3833
1,3834
5,3834
2,3835
13,3835
25,3837
10,3844
9,3845
7,3846
1,3848
2,3850
1,3851
17,3851
2,3852
3,3852
13,3852
1,3854
4,3854
16,3855
2,3856
4,3857
12,3858
3,3861
21,3862
22,3863
5,3865
22,3867
5,3868
23,3869
18,3875
1,3878
14,3879
18,3879
19,3880
17,3881
2,3883
1,3884
6,3884
3,3885
10,3885
4,3886
19,3887
24,3887
1,3888
3,3888
4,3889
2,3890
6,3890
8,3890
16,3890
2,3891
5,3891
5,3892
10,3895
16,3895
10,3898
15,3900
15,3903
16,3905
17,3905
22,3906
7,3909
6,3910
25,3917
15,3918
6,3919
7,3920
22,3920
3,3924
1,3926
2,3927
5,3927
1,3928
4,3928
1,3929
16,3930
23,3930
2,3931
3,3931
2,3932
14,3932
23,3932
5,3933
7,3933
15,3933
15,3934
4,3935
12,3940
3,3941
16,3941
4,3943
16,3943
15,3946
2,3947
11,3948
2,3949
5,3949
15,3950
4,3951
3,3952
9,3952
16,3955
5,3958
16,3960
9,3962
12,3963
3,3965
1,3966
5,3967
4,3968
1,3969
4,3969
2,3970
3,3970
1,3971
5,3971
6,3971
2,3973
6,3973
15,3973
3,3974
2,3975
5,3975
13,3975
4,3976
7,3976
23,3978
6,3979
13,3981
5,3983
3,3984
4,3986
17,3986
16,3988
16,3990
6,3993
17,3995
9,3996
6,4000
19,4001
22,4001
11,4002
16,4005
6,4006
6,4007
22,4008
1,4010
1,4013
2,4017
1,4018
2,4020
2,4021
16,4021
10,4022
13,4022
12,4024
7,4027
13,4027
24,4027
25,4033
23,4034
12,4035
1,4038
11,4038
2,4040
14,4041
17,4041
14,4042
22,4043
13,4044
1,4045
10,4045
1,4046
2,4047
2,4048
12,4048
6,4051
13,4057
14,4062
19,4062
22,4064
10,4067
17,4068
8,4071
22,4073
20,4078
21,4078
7,4079
15,4081
3,4082
5,4083
1,4084
1,4085
4,4085
15,4086
1,4089
4,4090
2,4091
7,4091
9,4091
5,4092
2,4093
1,4094
2,4095
3,4095
10,4095
10,4097
15,4098
23,4100
3,4101
11,4101
4,4102
4,4104
14,4105
7,4108
5,4109
20,4110
5,4111
3,4114
3,4117
6,4117
4,4118
17,4119
3,4122
14,4122
5,4123
23,4123
4,4127
25,4128
5,4128
20,4131
7,4132
1,4134
2,4135
1,4136
19,4136
1,4137
2,4138
15,4138
2,4139
11,4143
14,4143
9,4145
22,4145
21,4148
8,4151
16,4156
12,4157
1,4159
1,4161
10,4162
25,4163
2,4163
1,4164
3,4164
8,4165
19,4165
2,4166
4,4166
15,4166
19,4166
22,4166
2,4167
3,4167
5,4168
10,4168
16,4170
4,4171
5,4172
18,4172
15,4174
22,4175
16,4176
16,4181
9,4182
10,4186
3,4189
5,4189
12,4189
25,4190
4,4190
4,4191
5,4193
22,4193
13,4195
3,4196
12,4199
5,4200
21,4200
8,4202
9,4204
25,4207
10,4216
15,4216
23,4217
21,4220
22,4224
19,4226
19,4228
20,4228
24,4228
24,4232
1,4233
2,4235
1,4236
1,4237
4,4237
22,4237
2,4238
11,4238
12,4238
2,4240
8,4240
1,4246
3,4247
5,4248
4,4249
7,4249
15,4251
3,4253
5,4254
4,4255
7,4256
25,4257
14,4257
15,4257
25,4258
1,4259
2,4260
1,4261
1,4262
2,4263
11,4263
2,4266
8,4266
20,4267
4,4268
8,4270
3,4272
9,4273
19,4273
5,4274
4,4275
5,4276
8,4276
20,4277
4,4278
17,4278
3,4279
6,4281
6,4285
21,4287
9,4289
14,4289
8,4294
3,4295
4,4296
16,4296
7,4298
22,4298
1,4299
1,4301
18,4301
3,4302
12,4303
5,4304
2,4305
2,4306
4,4306
5,4308
3,4309
1,4310
11,4310
20,4310
2,4311
12,4311
18,4311
8,4318
11,4319
1,4321
7,4321
15,4323
25,4324
1,4324
11,4327
2,4328
5,4328
14,4329
12,4330
2,4331
1,4332
2,4333
2,4335
1,4338
11,4339
21,4340
1,4341
2,4342
3,4342
2,4343
4,4343
9,4344
4,4345
1,4346
5,4346
12,4346
2,4348
3,4349
16,4351
11,4352
5,4354
23,4358
21,4360
24,4363
3,4364
5,4367
18,4367
5,4369
4,4370
4,4371
25,4372
3,4374
9,4374
23,4377
5,4378
8,4378
3,4381
4,4382
25,4383
18,4383
4,4386
18,4386
3,4387
5,4388
21,4388
5,4389
15,4390
22,4390
24,4391
1,4392
2,4393
19,4394
20,4394
1,4395
1,4397
2,4398
2,4401
18,4401
22,4403
8,4408
10,4408
6,4414
24,4414
1,4416
10,4416
7,4417
18,4419
15,4420
3,4421
18,4421
17,4422
5,4423
25,4425
5,4427
4,4429
23,4432
24,4432
4,4433
21,4433
23,4433
24,4433
3,4434
19,4435
21,4435
3,4436
22,4436
9,4437
14,4437
5,4438
18,4438
4,4439
23,4439
5,4440
11,4440
3,4441
13,4441
19,4441
12,4442
16,4442
24,4443
4,4444
12,4444
23,4451
11,4455
8,4457
7,4464
6,4465
17,4467
7,4469
13,4469
3,4470
5,4471
11,4473
5,4474
16,4474
4,4475
4,4477
3,4479
24,4479
14,4480
10,4481
10,4482
7,4483
16,4486
18,4491
17,4492
19,4493
3,4494
25,4497
22,4498
7,4499
10,4499
18,4500
12,4501
6,4503
3,4515
6,4515
5,4516
4,4518
5,4519
22,4519
3,4520
4,4521
9,4530
17,4530
7,4532
15,4532
21,4535
11,4536
22,4536
9,4537
1,4538
20,4538
2,4539
1,4540
2,4541
1,4542
3,4543
7,4545
9,4547
24,4549
2,4550
18,4551
6,4552
24,4552
3,4553
4,4554
23,4554
4,4555
12,4556
14,4556
5,4557
18,4558
24,4559
19,4560
12,4561
22,4561
5,4562
17,4564
1,4565
3,4565
2,4567
1,4568
13,4568
2,4569
1,4570
13,4570
2,4571
18,4571
3,4575
4,4576
5,4581
5,4583
10,4583
3,4585
25,4586
15,4586
11,4587
4,4588
4,4592
23,4594
8,4597
13,4600
20,4601
12,4602
19,4602
1,4603
23,4606
1,4607
2,4608
7,4609
19,4609
1,4610
17,4610
2,4611
2,4612
16,4612
10,4619
8,4625
15,4626
23,4628
14,4631
10,4635
22,4635
12,4636
22,4636
25,4638
14,4638
7,4640
21,4640
13,4643
3,4644
4,4645
21,4648
5,4649
5,4650
3,4651
4,4652
21,4652
5,4654
13,4655
16,4663
22,4663
1,4667
18,4668
18,4669
10,4671
1,4672
7,4672
2,4673
2,4674
7,4674
1,4675
2,4677
10,4679
9,4680
12,4690
1,4692
16,4693
1,4698
15,4698
2,4699
16,4699
14,4700
1,4702
25,4703
1,4704
6,4705
20,4705
2,4706
19,4706
2,4711
10,4713
14,4718
3,4719
15,4720
2,4723
20,4723
13,4724
6,4726
20,4726
25,4727
3,4730
5,4731
15,4731
5,4732
4,4733
9,4733
13,4733
3,4734
4,4736
12,4740
3,4741
4,4742
4,4743
10,4743
5,4744
12,4744
16,4745
22,4746
5,4748
3,4750
6,4750
13,4750
20,4757
22,4758
6,4760
17,4760
8,4764
17,4765
2,4771
1,4774
2,4775
2,4777
1,4779
15,4779
1,4782
10,4782
22,4782
2,4784
2,4785
17,4791
9,4796
15,4801
22,4803
6,4804
3,4805
15,4805
4,4806
3,4808
5,4809
10,4809
9,4811
5,4814
4,4817
14,4818
7,4822
13,4824
23,4827
7,4830
22,4836
3,4837
20,4840
4,4842
4,4844
5,4845
5,4846
3,4847
10,4848
5,4849
14,4853
19,4854
20,4854
11,4855
6,4856
12,4860
24,4870
20,4872
22,4876
21,4878
23,4878
14,4880
23,4882
3,4883
13,4884
25,4886
4,4886
20,4886
5,4887
10,4887
4,4888
9,4890
17,4891
3,4893
5,4894
19,4897
22,4901
23,4901
6,4902
20,4904
18,4906
8,4907
1,4910
14,4910
1,4911
9,4912
2,4913
25,4914
6,4914
19,4914
2,4915
25,4916
1,4918
8,4918
18,4918
2,4919
3,4919
4,4920
5,4922
13,4922
23,4922
5,4923
9,4924
3,4926
4,4928
20,4930
25,4931
14,4931
17,4932
9,4933
13,4935
3,4936
4,4938
12,4938
3,4939
22,4939
5,4940
10,4940
4,4941
15,4941
5,4942
20,4942
23,4942
16,4945
18,4946
16,4949
13,4952
3,4955
20,4958
25,4959
15,4959
1,4960
12,4960
22,4961
23,4961
20,4962
3,4963
4,4965
6,4967
10,4967
1,4969
3,4970
12,4971
2,4972
1,4973
1,4974
4,4974
11,4974
6,4975
5,4977
19,4977
5,4978
7,4978
2,4979
3,4979
2,4980
7,4980
8,4980
7,4981
8,4981
12,4981
1,4984
15,4984
1,4985
2,4986
20,4987
2,4988
15,4989
1,4990
2,4991
24,4991
8,4994
2,4995
7,4997
9,4997
21,4997
24,5000
18,5002
9,5004
11,5009
24,5011
1,5012
23,5012
1,5014
2,5015
1,5016
25,5018
2,5018
2,5019
12,5022
15,5022
10,5025
8,5027
9,5027
3,5029
21,5029
4,5031
5,5032
3,5033
20,5033
21,5033
2,5034
5,5034
11,5034
9,5035
10,5036
11,5036
1,5038
2,5039
1,5041
4,5041
1,5042
2,5043
2,5045
22,5045
20,5050
9,5051
1,5053
20,5056
6,5057
2,5058
1,5059
2,5060
23,5060
25,5062
9,5062
23,5062
17,5064
1,5065
21,5065
24,5065
13,5066
2,5068
8,5068
18,5068
8,5069
1,5071
2,5073
16,5073
1,5075
14,5075
1,5076
2,5077
2,5078
19,5079
14,5084
8,5085
10,5086
10,5088
9,5090
5,5094
3,5101
18,5101
20,5101
4,5102
1,5103
3,5103
1,5105
4,5105
2,5106
5,5106
1,5109
2,5110
5,5110
2,5112
8,5112
16,5114
6,5117
21,5117
3,5120
15,5121
17,5121
19,5121
18,5123
5,5124
15,5124
4,5125
15,5125
3,5127
17,5127
5,5130
4,5132
16,5132
21,5134
7,5136
3,5137
24,5137
4,5138
1,5139
19,5141
2,5142
5,5142
1,5143
3,5143
7,5143
2,5146
12,5146
19,5146
6,5147
8,5147
21,5148
4,5149
1,5150
2,5151
5,5152
13,5152
8,5153
17,5153
22,5153
9,5154
10,5155
19,5158
7,5161
1,5162
2,5163
17,5163
1,5164
6,5164
9,5164
2,5165
1,5168
2,5169
1,5173
15,5173
13,5174
11,5180
18,5181
9,5183
25,5186
22,5186
21,5188
17,5191
10,5192
7,5193
3,5197
4,5198
23,5199
4,5201
6,5201
3,5202
2,5203
5,5203
14,5203
12,5205
20,5206
5,5207
24,5208
10,5209
2,5210
6,5210
20,5210
22,5211
3,5212
13,5212
12,5213
16,5213
6,5215
4,5217
22,5218
4,5220
5,5222
3,5223
22,5224
5,5225
10,5225
16,5225
14,5227
1,5228
5,5228
13,5228
22,5229
1,5230
7,5230
25,5232
2,5232
2,5233
1,5234
20,5234
2,5236
3,5239
5,5240
4,5241
4,5242
5,5244
3,5246
7,5247
16,5250
24,5250
1,5255
19,5255
2,5256
1,5258
2,5259
11,5259
1,5260
17,5260
2,5261
14,5261
18,5262
21,5262
8,5265
9,5265
12,5266
21,5266
8,5270
11,5273
12,5274
13,5274
20,5274
25,5280
12,5280
13,5282
18,5282
18,5284
7,5285
21,5285
24,5286
1,5288
18,5288
2,5291
1,5292
2,5294
1,5295
2,5296
1,5301
9,5302
24,5302
2,5303
1,5304
1,5305
2,5306
20,5310
2,5312
14,5312
22,5313
20,5318
10,5320
25,5323
25,5330
10,5342
15,5343
18,5345
12,5346
22,5348
3,5355
5,5356
14,5357
5,5363
7,5365
4,5366
6,5366
4,5368
3,5371
9,5371
1,5372
1,5373
2,5375
1,5377
2,5378
2,5382
14,5382
9,5385
19,5385
13,5387
6,5390
16,5393
25,5396
24,5397
10,5398
6,5401
3,5403
8,5403
12,5404
17,5404
23,5404
12,5405
20,5405
24,5405
6,5406
18,5406
4,5407
5,5408
23,5408
5,5411
25,5412
2,5412
3,5412
13,5412
19,5412
20,5412
15,5413
25,5415
4,5415
15,5415
1,5418
2,5419
1,5420
2,5422
8,5424
24,5424
1,5425
2,5426
17,5426
19,5429
24,5429
2,5430
22,5432
25,5433
10,5433
19,5436
18,5440
2,5441
24,5443
15,5446
25,5447
8,5450
10,5450
3,5454
9,5454
5,5455
4,5457
17,5457
4,5459
5,5460
17,5461
3,5462
3,5463
4,5465
4,5467
5,5468
5,5469
3,5470
19,5472
7,5473
10,5473
9,5476
22,5479
1,5480
18,5480
1,5483
6,5484
2,5486
2,5488
1,5489
12,5490
8,5492
15,5492
17,5492
2,5496
25,5499
3,5499
5,5500
23,5500
5,5502
23,5502
4,5503
3,5504
4,5505
24,5506
14,5512
25,5513
22,5514
7,5519
10,5519
6,5520
11,5520
16,5521
3,5523
5,5524
4,5525
3,5526
7,5526
11,5526
21,5526
11,5527
5,5528
4,5529
17,5531
20,5533
18,5534
11,5535
19,5540
25,5542
1,5544
1,5546
2,5547
12,5548
2,5549
19,5549
1,5550
2,5551
19,5551
20,5551
21,5557
13,5563
6,5571
3,5573
11,5573
5,5574
20,5574
24,5574
21,5576
4,5577
7,5577
3,5578
16,5578
5,5579
12,5580
4,5583
3,5589
10,5589
4,5590
7,5592
5,5593
10,5594
23,5594
5,5595
1,5600
4,5600
2,5601
12,5601
1,5602
6,5602
14,5602
1,5603
3,5603
2,5604
11,5604
18,5604
2,5605
6,5605
21,5606
25,5607
19,5608
14,5610
19,5610
22,5615
22,5616
24,5618
20,5622
16,5625
18,5627
20,5627
17,5629
2,5630
12,5630
8,5631
18,5634
9,5635
4,5639
24,5639
6,5640
11,5642
14,5642
23,5642
8,5643
25,5644
10,5644
17,5645
20,5647
9,5650
19,5650
23,5651
23,5657
7,5658
14,5658
1,5659
13,5659
4,5661
2,5662
21,5662
1,5665
11,5665
2,5666
18,5666
1,5667
5,5670
2,5671
9,5671
23,5672
23,5673
20,5675
6,5676
17,5676
17,5678
17,5679
21,5682
3,5686
4,5689
3,5690
5,5691
20,5693
14,5694
1,5698
5,5698
16,5699
1,5700
4,5701
2,5702
6,5703
2,5704
3,5704
4,5704
9,5704
5,5705
11,5705
1,5706
4,5706
5,5707
3,5708
2,5710
4,5712
8,5712
12,5713
16,5713
5,5714
8,5714
8,5717
9,5717
12,5717
16,5717
11,5722
3,5723
9,5723
11,5724
20,5724
25,5726
5,5728
4,5729
4,5731
5,5732
3,5734
18,5735
10,5738
24,5744
17,5748
16,5750
1,5754
19,5754
15,5755
1,5756
3,5756
16,5756
10,5757
25,5758
2,5758
14,5758
2,5759
5,5759
1,5761
4,5761
18,5761
25,5762
2,5762
3,5763
12,5764
4,5765
18,5765
22,5765
5,5766
16,5768
23,5771
17,5774
21,5774
10,5775
16,5776
14,5777
24,5780
15,5783
21,5783
18,5784
13,5789
12,5793
20,5794
16,5796
23,5796
24,5797
6,5798
24,5799
14,5801
4,5807
12,5807
19,5807
24,5807
12,5809
23,5811
16,5813
1,5814
13,5814
2,5815
1,5816
10,5817
2,5818
3,5819
1,5821
2,5822
7,5825
9,5830
14,5830
13,5833
3,5836
5,5837
5,5838
9,5838
4,5839
24,5839
23,5840
4,5842
3,5843
14,5844
17,5844
3,5845
5,5846
24,5846
5,5847
4,5850
7,5850
9,5850
3,5852
7,5854
21,5854
18,5855
4,5858
15,5858
14,5859
1,5862
11,5864
1,5865
2,5866
15,5867
2,5870
1,5874
10,5874
2,5876
12,5879
1,5881
2,5882
15,5882
1,5884
2,5885
22,5885
1,5886
2,5887
1,5891
15,5891
1,5892
11,5892
17,5894
2,5895
3,5897
5,5898
9,5898
4,5899
3,5901
23,5901
1,5902
5,5902
14,5902
2,5903
4,5903
16,5903
10,5905
24,5906
2,5907
16,5910
10,5911
14,5911
12,5914
10,5917
1,5922
15,5923
18,5923
2,5924
14,5925
3,5926
1,5927
2,5928
1,5929
5,5929
4,5930
21,5930
22,5930
1,5931
2,5931
1,5932
9,5932
2,5933
3,5934
24,5934
5,5938
12,5938
1,5939
4,5939
16,5939
1,5940
8,5940
2,5941
6,5941
13,5941
8,5942
12,5942
22,5942
9,5943
2,5946
3,5947
15,5947
4,5948
25,5949
9,5949
5,5951
3,5952
5,5952
5,5953
19,5953
4,5954
9,5954
1,5955
10,5955
1,5956
10,5958
2,5959
21,5959
2,5960
24,5960
7,5961
1,5963
19,5964
2,5966
9,5968
21,5971
10,5973
19,5974
6,5975
6,5976
7,5978
20,5983
25,5988
13,5994
13,6001
6,6002
18,6002
1,6006
2,6007
3,6007
6,6007
2,6008
5,6008
9,6009
13,6009
1,6010
5,6012
18,6012
3,6014
1,6015
4,6015
2,6016
3,6016
4,6017
2,6018
16,6018
14,6019
16,6021
19,6026
7,6028
21,6039
24,6039
6,6040
20,6040
10,6042
10,6045
21,6046
14,6049
25,6050
5,6052
1,6054
1,6056
6,6056
13,6056
7,6057
4,6058
2,6060
1,6062
3,6067
21,6067
7,6068
4,6070
5,6071
3,6072
12,6072
2,6074
4,6074
16,6075
2,6076
5,6079
20,6081
9,6085
9,6086
23,6088
20,6089
14,6091
16,6091
17,6094
22,6094
7,6097
3,6098
14,6098
4,6099
5,6100
13,6101
5,6102
4,6103
3,6105
3,6106
5,6109
6,6109
4,6110
8,6110
1,6112
4,6112
2,6113
3,6113
1,6114
5,6114
1,6115
2,6116
2,6117
14,6117
10,6118
19,6118
23,6119
7,6122
6,6129
13,6131
10,6132
8,6135
9,6137
24,6140
22,6142
18,6143
13,6147
4,6149
19,6153
1,6154
9,6157
14,6157
13,6159
15,6159
24,6166
13,6167
20,6167
14,6168
21,6171
18,6176
1,6178
24,6178
25,6179
2,6180
22,6180
1,6182
5,6182
1,6183
2,6184
9,6184
2,6185
16,6186
12,6189
18,6190
7,6192
19,6192
11,6198
12,6201
20,6201
13,6203
20,6205
23,6207
1,6208
4,6208
2,6209
12,6209
1,6210
6,6210
1,6212
13,6212
2,6213
2,6216
3,6216
10,6219
20,6219
24,6219
22,6223
22,6229
16,6230
1,6231
1,6232
17,6232
2,6233
2,6235
13,6236
16,6237
1,6238
2,6239
10,6239
1,6240
1,6242
2,6243
16,6243
2,6244
3,6244
23,6245
1,6246
4,6246
2,6247
5,6248
5,6249
8,6249
10,6249
4,6250
3,6253
14,6253
14,6254
17,6258
20,6261
10,6265
21,6266
22,6266
3,6269
4,6270
4,6276
1,6277
1,6278
5,6278
20,6278
2,6279
3,6279
1,6280
5,6280
7,6280
2,6282
2,6284
4,6285
18,6287
22,6288
1,6292
15,6292
2,6294
21,6294
11,6295
1,6297
1,6299
3,6299
19,6299
2,6300
2,6301
13,6301
25,6302
7,6302
19,6302
5,6304
14,6306
11,6307
4,6309
21,6309
4,6311
10,6312
3,6313
5,6315
13,6316
10,6323
16,6323
7,6328
15,6329
6,6330
8,6332
8,6338
18,6340
25,6341
10,6342
20,6344
25,6346
5,6347
14,6347
19,6348
10,6351
17,6351
23,6352
13,6353
21,6354
23,6357
13,6358
3,6359
12,6361
24,6361
5,6363
24,6363
18,6364
5,6365
4,6368
20,6368
3,6370
11,6370
4,6375
6,6377
18,6378
23,6380
9,6386
20,6386
24,6387
21,6388
21,6389
21,6391
5,6392
5,6393
1,6394
20,6394
2,6397
5,6397
1,6399
1,6400
2,6401
1,6402
2,6403
9,6406
23,6406
7,6408
23,6408
8,6410
20,6410
17,6416
10,6422
1,6424
1,6427
22,6427
2,6428
11,6428
1,6429
25,6432
1,6434
2,6435
3,6435
5,6436
25,6437
1,6437
10,6438
2,6439
4,6439
4,6440
18,6440
5,6441
3,6442
15,6442
25,6447
7,6447
14,6448
15,6451
1,6459
10,6459
1,6463
1,6468
3,6468
15,6468
18,6468
19,6469
2,6470
2,6471
12,6471
20,6471
1,6472
2,6473
15,6474
24,6475
12,6477
16,6478
21,6479
18,6480
21,6483
3,6484
5,6486
16,6486
4,6487
12,6487
3,6489
19,6489
4,6490
18,6490
5,6491
8,6493
5,6497
12,6497
21,6499
9,6503
15,6503
20,6504
2,6513
21,6519
23,6521
25,6522
8,6523
24,6525
7,6527
20,6528
23,6529
25,6531
10,6532
18,6532
14,6535
3,6537
5,6539
25,6540
4,6540
10,6540
13,6540
3,6543
4,6546
13,6546
5,6547
9,6548
16,6548
20,6548
21,6552
6,6553
1,6555
20,6555
1,6556
2,6557
3,6558
12,6558
20,6558
22,6558
2,6559
17,6559
1,6560
4,6560
21,6560
2,6561
21,6562
3,6563
5,6564
5,6565
21,6566
5,6567
4,6568
1,6571
2,6574
1,6575
16,6575
8,6576
2,6577
15,6577
17,6577
16,6578
1,6579
2,6579
2,6583
16,6583
13,6584
9,6585
24,6585
23,6586
3,6587
1,6589
1,6590
2,6594
2,6595
1,6596
2,6598
11,6600
3,6601
13,6601
4,6602
3,6603
4,6604
5,6605
5,6606
15,6606
21,6607
1,6610
3,6611
20,6613
4,6614
5,6616
1,6617
5,6617
9,6618
3,6619
2,6620
4,6620
1,6621
2,6622
9,6623
1,6624
4,6626
19,6626
2,6628
14,6629
3,6636
14,6636
4,6638
3,6639
7,6639
5,6640
10,6641
11,6641
5,6642
4,6643
9,6643
10,6645
13,6645
15,6646
22,6647
20,6651
21,6655
22,6659
15,6660
1,6664
1,6666
14,6666
2,6668
10,6669
18,6669
17,6670
21,6670
2,6671
1,6672
1,6673
2,6674
13,6675
25,6679
1,6681
18,6681
19,6681
1,6682
10,6682
13,6682
2,6684
21,6684
8,6685
1,6686
2,6688
2,6689
17,6691
21,6692
16,6694
21,6694
24,6698
3,6701
6,6705
12,6705
12,6708
25,6710
11,6710
14,6710
1,6711
10,6712
2,6713
6,6714
15,6714
21,6714
5,6715
8,6715
1,6716
1,6718
2,6719
2,6721
18,6727
25,6729
20,6734
1,6738
6,6738
3,6741
1,6742
17,6742
5,6743
4,6744
1,6745
5,6745
3,6746
2,6747
5,6747
1,6748
14,6748
23,6748
10,6750
4,6751
10,6751
2,6752
3,6752
19,6752
2,6753
5,6756
4,6757
5,6757
3,6758
4,6759
8,6760
12,6760
16,6760
5,6761
18,6762
23,6765
10,6767
2,6769
24,6771
24,6774
25,6776
19,6788
17,6789
10,6798
25,6799
19,6800
8,6802
9,6803
11,6806
15,6808
18,6808
25,6811
13,6816
16,6816
21,6819
25,6821
1,6821
11,6821
21,6822
1,6823
2,6825
1,6827
24,6827
2,6828
2,6829
18,6832
19,6834
19,6836
25,6838
20,6844
14,6845
19,6848
10,6851
19,6852
7,6855
13,6859
9,6860
2,6863
1,6864
6,6866
2,6867
15,6867
1,6868
13,6868
2,6869
16,6872
21,6874
1,6875
13,6875
2,6876
16,6877
1,6878
1,6879
2,6880
2,6881
25,6882
1,6883
19,6884
2,6886
21,6888
4,6891
11,6894
17,6897
19,6898
18,6899
23,6899
1,6900
2,6901
21,6901
1,6902
17,6902
2,6907
25,6908
1,6909
16,6910
25,6911
10,6912
13,6912
2,6913
22,6914
8,6917
14,6920
19,6922
15,6923
2,6924
17,6924
1,6926
14,6926
18,6930
1,6931
2,6932
1,6934
2,6937
1,6938
9,6939
2,6940
8,6948
16,6948
11,6949
20,6951
20,6952
21,6952
21,6953
9,6955
3,6957
7,6957
14,6957
3,6959
7,6959
3,6961
14,6961
24,6961
5,6962
4,6963
4,6964
5,6965
3,6966
4,6968
7,6968
3,6972
23,6973
16,6975
5,6978
18,6979
4,6980
3,6982
16,6982
20,6982
24,6982
23,6983
5,6984
16,6984
19,6985
11,6987
13,6987
20,6988
4,6990
10,6994
14,6997
17,6997
12,6998
15,6998
1,6999
6,6999
23,7000
17,7001
14,7005
17,7005
3,7007
9,7007
11,7007
4,7010
4,7011
3,7012
8,7014
19,7015
20,7015
5,7016
22,7016
5,7017
24,7017
1,7020
1,7021
11,7022
22,7022
2,7023
8,7023
1,7024
10,7024
17,7025
2,7027
10,7027
24,7028
2,7029
7,7038
19,7038
6,7042
16,7043
21,7043
3,7045
10,7045
4,7046
5,7047
4,7048
17,7048
9,7049
24,7049
3,7051
15,7051
23,7052
7,7053
18,7055
5,7056
7,7061
25,7063
14,7063
3,7065
4,7066
4,7068
5,7069
11,7069
5,7070
20,7070
3,7071
11,7074
13,7074
22,7077
8,7079
3,7083
23,7084
4,7085
4,7086
5,7090
23,7093
11,7097
14,7097
3,7098
5,7100
12,7102
18,7104
2,7105
17,7105
17,7107
8,7114
14,7115
18,7115
1,7122
2,7123
19,7123
3,7124
1,7125
5,7125
4,7126
2,7127
1,7128
2,7130
4,7133
6,7133
5,7136
24,7136
3,7137
8,7141
9,7142
1,7143
2,7144
18,7144
1,7145
14,7145
19,7146
2,7148
20,7148
1,7149
2,7152
21,7152
15,7153
22,7156
18,7158
19,7159
22,7161
9,7163
24,7163
25,7164
11,7166
16,7166
1,7170
20,7170
2,7171
9,7171
1,7172
19,7172
2,7173
1,7174
2,7175
13,7175
15,7175
22,7175
21,7180
6,7181
23,7181
15,7183
23,7184
17,7185
24,7193
10,7197
24,7197
7,7208
9,7215
15,7216
19,7218
21,7222
22,7222
8,7223
15,7224
22,7224
22,7226
8,7229
12,7229
23,7231
9,7232
12,7234
1,7236
23,7238
19,7239
12,7241
18,7241
6,7242
12,7242
13,7242
4,7243
6,7245
6,7247
25,7248
17,7251
11,7252
23,7252
14,7254
20,7259
23,7261
5,7262
6,7262
22,7266
6,7267
4,7268
17,7268
13,7270
10,7272
20,7272
7,7273
1,7274
1,7275
17,7275
2,7277
2,7279
15,7279
17,7279
19,7279
1,7281
3,7281
10,7283
5,7284
4,7285
2,7286
3,7286
13,7286
22,7286
4,7288
5,7290
24,7293
19,7298
7,7300
15,7301
5,7302
16,7302
9,7303
12,7303
14,7303
22,7310
5,7312
14,7319
25,7320
18,7320
18,7322
11,7324
1,7329
9,7329
1,7330
2,7331
2,7333
1,7336
2,7337
6,7337
14,7340
23,7342
14,7346
7,7348
20,7348
18,7354
3,7360
21,7360
4,7361
5,7362
4,7364
5,7365
3,7366
18,7369
9,7371
18,7371
3,7372
13,7372
4,7374
23,7375
5,7377
11,7377
19,7378
5,7379
4,7380
3,7381
14,7385
3,7386
24,7386
5,7387
18,7389
25,7390
5,7390
4,7391
22,7393
11,7395
23,7395
13,7397
17,7398
24,7399
1,7400
4,7400
12,7401
1,7402
2,7403
3,7403
10,7404
17,7404
2,7405
1,7407
2,7408
3,7408
5,7409
12,7409
4,7410
8,7410
3,7413
5,7414
4,7415
24,7415
10,7417
12,7417
25,7419
8,7419
12,7421
21,7421
7,7422
6,7427
1,7428
10,7428
24,7429
3,7430
5,7431
24,7431
4,7432
11,7433
4,7434
7,7436
5,7437
3,7438
11,7444
13,7445
11,7451
11,7462
19,7463
3,7464
4,7465
5,7466
4,7469
21,7469
21,7470
3,7471
1,7473
5,7473
18,7474
2,7475
1,7476
1,7477
18,7478
2,7479
22,7479
20,7480
2,7481
6,7482
14,7483
21,7484
10,7485
14,7488
4,7489
25,7490
24,7491
20,7493
16,7497
1,7499
3,7501
8,7502
4,7503
19,7503
20,7504
5,7505
4,7507
3,7508
23,7508
5,7509
3,7513
8,7513
14,7513
1,7514
2,7515
5,7515
9,7515
11,7515
15,7515
1,7517
4,7517
2,7518
3,7519
20,7519
24,7520
4,7521
22,7521
5,7522
12,7522
1,7523
17,7523
24,7523
2,7524
8,7524
12,7528
16,7528
16,7529
7,7533
23,7540
16,7542
24,7543
14,7544
19,7545
24,7550
25,7552
9,7555
25,7565
8,7565
9,7565
20,7565
14,7566
7,7574
22,7574
6,7575
6,7576
8,7578
21,7587
18,7589
19,7589
16,7590
3,7591
5,7592
3,7593
5,7593
12,7594
25,7595
11,7595
12,7595
21,7596
4,7598
11,7599
21,7600
3,7602
4,7603
14,7605
9,7607
23,7607
7,7608
15,7608
7,7609
21,7610
12,7611
18,7613
20,7614
10,7615
23,7618
22,7624
14,7629
6,7632
13,7632
3,7640
5,7641
15,7641
15,7642
4,7643
15,7643
3,7644
22,7645
4,7648
5,7649
20,7652
13,7654
3,7656
22,7656
10,7657
5,7659
5,7660
19,7662
4,7665
3,7667
1,7668
2,7669
1,7670
2,7671
19,7672
20,7673
4,7674
1,7676
2,7677
21,7685
19,7687
1,7698
9,7699
2,7700
1,7701
24,7701
6,7703
2,7705
1,7706
2,7707
20,7709
2,7711
20,7712
22,7723
20,7724
11,7726
16,7727
9,7730
9,7737
13,7740
25,7741
15,7744
20,7744
1,7749
1,7750
6,7750
24,7750
2,7751
2,7752
18,7752
3,7754
9,7754
1,7757
4,7758
12,7758
2,7759
16,7759
5,7761
8,7761
13,7761
23,7761
5,7765
4,7766
15,7767
3,7768
6,7769
21,7769
25,7775
15,7777
4,7779
16,7779
23,7781
21,7784
14,7791
1,7794
6,7794
2,7795
18,7795
1,7796
1,7797
22,7797
2,7799
2,7800
11,7803
3,7806
4,7807
10,7807
1,7808
3,7808
2,7810
4,7810
1,7811
5,7811
5,7813
2,7814
1,7815
22,7815
2,7816
24,7816
25,7817
14,7817
12,7825
23,7833
18,7838
21,7838
12,7843
23,7848
18,7851
21,7851
8,7852
13,7854
21,7855
22,7856
17,7859
12,7861
17,7862
18,7863
3,7864
4,7865
12,7866
1,7867
3,7867
2,7869
8,7869
19,7869
5,7870
1,7871
5,7871
18,7872
24,7872
1,7874
4,7874
2,7876
16,7876
20,7876
2,7877
20,7878
1,7879
1,7881
19,7881
2,7884
12,7884
2,7886
11,7886
21,7888
5,7889
18,7889
1,7890
20,7890
13,7891
2,7892
25,7894
22,7894
9,7900
8,7903
21,7905
25,7907
9,7909
7,7911
9,7917
1,7922
16,7922
1,7923
3,7923
2,7924
5,7924
13,7924
5,7927
4,7928
10,7929
4,7931
1,7932
3,7933
6,7933
2,7934
2,7936
20,7936
8,7938
19,7938
24,7939
3,7943
25,7947
16,7948
11,7949
14,7949
10,7952
11,7952
22,7952
24,7957
10,7964
12,7965
1,7967
23,7967
2,7968
6,7968
1,7969
2,7970
23,7970
1,7971
2,7972
22,7973
21,7978
6,7979
10,7979
3,7980
4,7981
25,7982
5,7982
5,7985
4,7990
19,7990
3,7994
18,7994
24,7995
22,7997
24,7999
11,8004
6,8005
1,8006
1,8007
2,8010
1,8012
2,8013
22,8013
2,8014
8,8015
7,8018
4,8021
12,8022
8,8028
15,8028
22,8031
12,8032
8,8043
23,8045
3,8047
1,8048
1,8049
2,8050
1,8051
7,8051
2,8052
2,8053
16,8055
14,8057
22,8057
20,8060
6,8062
6,8063
12,8069
8,8070
17,8070
24,8073
22,8075
13,8077
17,8078
20,8083
8,8085
5,8087
19,8088
13,8091
11,8092
8,8102
3,8103
16,8111
3,8114
11,8114
17,8115
5,8116
24,8116
4,8117
13,8118
24,8118
4,8119
13,8119
8,8122
3,8123
7,8123
5,8124
17,8124
8,8130
15,8132
7,8137
14,8139
13,8141
7,8142
18,8142
13,8143
6,8146
3,8147
11,8147
8,8148
12,8148
19,8149
12,8150
18,8151
4,8152
7,8152
10,8153
16,8154
5,8155
10,8155
5,8156
4,8159
3,8160
20,8161
25,8167
9,8171
16,8171
22,8175
1,8180
24,8180
9,8181
11,8181
23,8182
2,8183
1,8184
10,8184
12,8185
2,8186
23,8187
1,8189
2,8190
21,8190
15,8194
10,8198
20,8205
19,8210
7,8211
20,8212
10,8216
17,8216
20,8216
1,8217
20,8217
1,8218
11,8218
2,8221
1,8222
2,8223
18,8223
13,8224
2,8226
3,8228
16,8229
4,8230
3,8231
5,8235
23,8235
5,8236
7,8236
2,8238
8,8239
17,8239
4,8241
25,8244
22,8244
23,8244
16,8249
16,8250
17,8252
17,8253
10,8257
1,8259
23,8260
7,8267
6,8268
25,8269
25,8272
18,8273
9,8274
17,8280
15,8281
20,8287
22,8289
14,8292
19,8294
24,8294
8,8296
10,8300
8,8302
11,8302
7,8303
18,8303
19,8305
10,8306
1,8309
8,8311
1,8312
2,8314
3,8314
5,8315
4,8316
7,8317
5,8318
1,8319
3,8319
22,8319
4,8320
2,8322
25,8323
1,8323
2,8324
25,8326
10,8327
3,8328
4,8329
19,8329
3,8330
21,8332
13,8333
16,8333
4,8334
6,8335
8,8335
22,8335
7,8336
1,8337
5,8337
25,8341
1,8341
2,8343
1,8344
5,8344
2,8345
4,8347
2,8352
10,8352
13,8354
15,8356
10,8357
11,8359
24,8359
17,8363
6,8364
12,8364
8,8367
24,8367
8,8368
25,8370
22,8370
7,8371
11,8371
23,8371
5,8373
18,8373
1,8375
6,8376
2,8377
1,8378
15,8378
16,8378
1,8379
16,8380
18,8380
4,8382
2,8383
14,8383
22,8383
2,8384
24,8384
8,8387
1,8391
2,8392
1,8393
12,8393
2,8395
1,8396
6,8397
23,8397
2,8399
22,8407
6,8409
22,8409
2,8418
13,8419
17,8420
22,8420
18,8421
25,8422
1,8427
9,8427
1,8428
21,8429
2,8430
7,8430
1,8432
24,8432
2,8433
17,8433
25,8435
2,8435
20,8436
23,8436
25,8448
14,8449
17,8449
6,8450
13,8452
23,8458
3,8462
5,8463
15,8465
20,8468
24,8468
5,8470
4,8471
3,8472
23,8474
4,8475
1,8476
9,8476
2,8477
1,8481
1,8482
6,8483
12,8483
2,8485
10,8485
2,8487
18,8487
17,8488
8,8490
19,8501
24,8502
1,8503
8,8503
13,8503
9,8504
13,8506
16,8506
9,8507
10,8507
9,8514
12,8516
24,8518
13,8519
7,8520
8,8520
6,8522
6,8523
24,8523
2,8525
7,8525
12,8526
23,8527
23,8530
17,8531
12,8534
12,8535
15,8540
15,8542
16,8542
11,8545
10,8546
11,8558
22,8563
1,8564
1,8565
19,8566
2,8568
1,8569
9,8571
10,8571
2,8573
15,8573
2,8574
18,8576
14,8579
1,8580
1,8582
2,8584
1,8585
19,8585
2,8586
22,8586
2,8587
3,8587
10,8587
24,8589
5,8591
4,8592
23,8592
3,8593
18,8594
4,8595
8,8596
19,8596
5,8597
18,8597
16,8602
22,8603
21,8604
24,8606
8,8612
17,8616
15,8620
21,8622
17,8624
11,8625
6,8628
9,8629
11,8632
21,8634
10,8639
16,8640
15,8642
23,8642
7,8644
24,8644
21,8645
9,8647
12,8649
10,8650
17,8650
15,8652
20,8653
21,8658
3,8663
4,8665
22,8665
22,8666
3,8668
12,8668
18,8668
15,8670
5,8671
4,8672
5,8673
20,8673
9,8674
8,8676
1,8679
13,8680
2,8681
1,8682
2,8683
1,8685
3,8688
25,8690
2,8690
15,8692
5,8693
10,8693
5,8696
25,8698
12,8699
4,8700
3,8701
8,8701
4,8704
16,8704
24,8708
3,8709
23,8709
5,8710
5,8711
4,8713
3,8716
8,8716
9,8716
20,8716
4,8717
23,8717
1,8721
2,8723
15,8723
1,8724
12,8727
2,8728
1,8729
10,8729
2,8731
18,8731
20,8736
25,8737
8,8738
20,8738
3,8739
4,8740
8,8742
4,8744
9,8744
5,8746
6,8750
7,8750
3,8751
9,8751
5,8752
12,8752
6,8754
9,8757
21,8757
6,8760
23,8762
24,8765
19,8766
13,8768
10,8770
14,8770
9,8772
9,8773
11,8777
18,8783
1,8784
2,8785
1,8786
12,8787
1,8788
8,8788
2,8789
2,8790
12,8790
19,8795
25,8803
25,8804
10,8811
21,8811
9,8815
11,8815
12,8816
6,8817
19,8821
1,8824
24,8824
1,8825
2,8827
1,8828
16,8829
23,8829
2,8830
2,8832
6,8835
11,8835
1,8840
1,8841
6,8841
12,8842
2,8843
21,8843
2,8844
1,8845
2,8846
17,8849
24,8850
7,8851
18,8851
14,8852
20,8856
19,8861
7,8865
17,8867
3,8868
18,8868
4,8870
9,8870
1,8871
5,8871
5,8872
2,8873
18,8873
1,8874
3,8874
2,8875
1,8876
2,8878
4,8878
8,8881
1,8887
4,8887
2,8889
1,8890
9,8890
23,8890
1,8891
3,8891
5,8893
11,8893
19,8893
25,8894
5,8894
4,8895
15,8895
2,8896
4,8896
2,8897
3,8897
12,8897
14,8897
5,8898
1,8903
18,8905
1,8906
2,8907
2,8908
3,8908
16,8908
1,8909
4,8909
3,8910
6,8910
24,8911
2,8912
5,8913
17,8913
4,8915
5,8916
1,8918
2,8919
6,8920
1,8921
22,8921
2,8922
19,8922
6,8925
22,8925
1,8926
18,8926
2,8927
16,8927
19,8932
18,8934
11,8935
8,8936
10,8937
3,8940
4,8941
4,8942
5,8943
5,8944
3,8945
14,8945
12,8946
8,8948
23,8948
14,8952
9,8956
15,8956
11,8960
1,8961
9,8961
25,8965
15,8965
9,8966
9,8967
10,8967
24,8969
24,8973
19,8977
8,8986
19,8987
3,8988
5,8990
4,8992
4,8993
16,8994
3,8996
13,8997
12,8999
5,9000
11,9000
11,9001
6,9005
11,9010
14,9019
24,9020
3,9024
1,9031
9,9032
12,9032
25,9033
14,9033
2,9035
1,9036
6,9036
24,9036
2,9037
1,9038
2,9039
9,9041
1,9046
1,9047
22,9047
11,9050
2,9051
13,9052
1,9056
18,9056
17,9057
21,9057
2,9059
17,9059
2,9060
22,9060
22,9062
12,9068
3,9072
22,9074
1,9075
2,9076
1,9079
9,9079
2,9080
13,9080
24,9082
1,9083
2,9088
13,9089
3,9090
6,9092
15,9092
5,9093
19,9093
4,9094
6,9095
5,9097
13,9097
6,9098
18,9100
4,9102
9,9105
18,9105
4,9106
14,9106
25,9108
3,9109
3,9112
5,9113
4,9114
1,9115
4,9116
3,9117
13,9117
5,9118
6,9118
1,9119
9,9119
2,9120
1,9121
24,9122
2,9123
13,9124
2,9125
7,9128
13,9130
1,9135
2,9137
1,9139
22,9142
1,9143
2,9144
2,9146
1,9147
1,9148
7,9148
2,9149
13,9149
2,9151
4,9151
25,9152
1,9152
2,9153
7,9153
9,9158
10,9158
11,9159
24,9159
3,9160
4,9161
19,9161
4,9162
17,9162
5,9164
5,9165
7,9165
3,9166
2,9176
19,9177
13,9178
17,9179
23,9180
18,9181
13,9185
17,9185
13,9189
14,9189
11,9192
15,9192
25,9196
6,9198
3,9201
13,9201
4,9202
5,9203
5,9204
3,9207
15,9210
4,9211
9,9211
19,9211
24,9211
11,9213
19,9216
23,9220
21,9221
1,9223
2,9224
3,9225
1,9226
5,9226
9,9226
4,9227
1,9228
2,9229
2,9233
3,9234
4,9235
5,9236
10,9242
17,9243
8,9247
9,9248
2,9251
22,9252
19,9262
9,9266
7,9267
23,9267
21,9268
25,9270
21,9270
15,9271
18,9274
16,9276
1,9280
11,9286
1,9288
21,9288
11,9291
1,9292
2,9293
1,9294
8,9294
19,9295
2,9297
2,9298
18,9299
12,9301
25,9304
21,9304
3,9305
15,9306
4,9307
17,9307
3,9308
1,9309
1,9310
5,9310
18,9310
2,9311
5,9311
4,9312
1,9313
16,9313
2,9314
2,9315
16,9316
24,9316
3,9320
4,9321
4,9322
5,9323
13,9323
16,9323
3,9324
24,9325
4,9327
5,9327
17,9331
13,9332
19,9336
18,9338
3,9339
20,9339
4,9340
8,9340
4,9341
8,9341
1,9342
3,9342
5,9343
2,9344
20,9344
1,9345
5,9345
2,9346
6,9346
1,9347
2,9348
6,9349
11,9351
3,9353
5,9355
23,9355
19,9357
4,9359
5,9360
4,9361
13,9362
20,9363
3,9364
20,9364
19,9365
9,9366
1,9369
9,9371
18,9371
25,9373
2,9373
1,9375
3,9375
1,9377
4,9377
5,9378
2,9379
4,9380
5,9381
11,9381
2,9383
3,9383
18,9386
1,9388
2,9392
1,9393
20,9393
1,9394
3,9395
7,9395
2,9396
8,9397
17,9398
2,9400
2,9402
23,9403
3,9410
4,9411
14,9411
19,9411
24,9412
4,9413
5,9415
18,9415
1,9416
2,9418
3,9418
1,9419
5,9419
3,9421
18,9421
15,9422
4,9427
17,9427
1,9428
21,9428
5,9429
4,9431
2,9432
5,9432
2,9433
3,9434
10,9434
23,9434
14,9443
25,9447
24,9450
3,9451
5,9452
25,9455
4,9455
3,9456
1,9458
1,9459
4,9459
15,9459
2,9460
5,9460
1,9462
13,9462
2,9463
2,9465
13,9472
15,9474
22,9474
15,9478
9,9482
3,9483
24,9483
5,9484
21,9485
5,9487
4,9489
8,9489
25,9490
22,9492
13,9493
4,9494
3,9496
12,9496
9,9498
17,9498
16,9499
23,9499
6,9500
13,9503
12,9505
9,9506
12,9514
23,9515
16,9519
17,9521
11,9528
6,9529
11,9531
15,9534
19,9535
25,9536
10,9537
15,9538
16,9539
8,9543
7,9548
6,9549
22,9550
25,9551
19,9554
25,9555
10,9556
1,9565
1,9566
7,9566
17,9566
2,9567
24,9567
1,9569
21,9569
9,9571
15,9571
2,9573
2,9574
7,9578
15,9579
3,9580
12,9581
4,9582
21,9582
3,9584
4,9586
13,9588
12,9592
5,9594
5,9595
15,9595
11,9596
7,9597
15,9598
13,9600
10,9601
14,9601
3,9607
4,9612
7,9612
14,9612
3,9613
5,9614
1,9615
13,9615
4,9616
5,9617
5,9618
6,9619
12,9621
1,9622
2,9622
24,9623
2,9626
2,9627
15,9627
1,9628
18,9628
2,9629
24,9631
8,9632
2,9634
17,9634
9,9635
22,9635
23,9635
16,9643
10,9645
6,9647
1,9648
24,9648
2,9653
1,9654
18,9654
1,9656
2,9657
2,9658
10,9660
9,9662
2,9666
25,9668
13,9668
8,9672
15,9673
22,9675
25,9681
11,9681
13,9681
12,9682
17,9682
6,9683
16,9684
9,9685
10,9687
15,9687
19,9692
3,9701
6,9701
5,9702
4,9703
11,9706
4,9707
5,9708
3,9711
24,9711
1,9713
6,9713
14,9716
1,9718
7,9718
13,9718
2,9720
1,9721
2,9722
1,9724
21,9728
2,9729
9,9731
15,9735
15,9736
10,9738
1,9740
16,9741
23,9741
1,9742
7,9743
24,9743
2,9745
1,9747
2,9748
6,9749
2,9752
5,9753
7,9753
14,9757
16,9757
3,9761
10,9761
4,9762
11,9764
22,9766
5,9771
21,9775
4,9777
5,9778
6,9778
15,9778
3,9779
4,9781
10,9781
11,9782
1,9784
8,9787
15,9787
11,9789
21,9791
21,9796
18,9798
25,9799
17,9800
23,9800
1,9803
21,9804
2,9805
1,9807
2,9808
16,9808
1,9809
2,9811
14,9813
23,9813
10,9822
16,9822
15,9825
10,9830
3,9832
4,9834
5,9835
4,9836
3,9837
10,9837
5,9838
14,9838
8,9843
11,9843
22,9843
15,9845
19,9845
18,9848
17,9849
9,9850
19,9850
22,9851
1,9852
22,9854
24,9854
15,9855
2,9857
1,9858
13,9858
1,9861
10,9861
2,9862
2,9863
23,9869
10,9871
7,9872
17,9872
9,9873
3,9878
4,9879
10,9879
14,9879
5,9880
10,9880
19,9880
25,9882
5,9882
1,9883
15,9883
2,9884
1,9885
1,9886
8,9887
2,9888
4,9888
3,9889
8,9889
2,9891
8,9891
19,9891
1,9894
4,9896
15,9897
16,9898
2,9899
18,9900
19,9900
14,9902
1,9903
2,9906
1,9907
6,9907
2,9908
16,9908
5,9909
6,9909
15,9909
12,9915
9,9916
19,9916
25,9918
12,9925
9,9931
6,9935
10,9936
7,9937
11,9939
13,9942
18,9943
11,9944
7,9945
6,9946
13,9952
14,9952
1,9959
23,9959
2,9960
3,9961
9,9962
23,9962
1,9963
4,9964
1,9965
5,9965
2,9966
2,9967
5,9967
4,9968
1,9969
3,9969
6,9969
11,9972
2,9973
1,9975
7,9975
15,9976
2,9977
13,9977
1,9978
12,9978
2,9979
6,9983
12,9987
17,9988
17,9991
3,9992
5,9994
25,9996
4,9996
1,9997
