22,1
57,1
25,3
40,4
37,6
56,6
15,7
58,7
55,10
24,11
25,11
41,12
3,13
19,15
21,15
40,15
55,15
60,16
11,16
29,16
57,16
2,17
16,18
57,18
9,19
21,19
9,20
59,20
15,21
40,21
7,22
60,24
11,24
12,24
16,24
12,25
18,28
60,30
17,30
41,30
54,30
51,31
57,32
13,34
39,34
45,34
21,35
51,36
49,37
58,38
8,39
9,39
57,39
30,40
50,40
56,40
40,42
42,42
7,44
27,45
60,46
43,46
44,46
55,46
58,46
39,51
42,51
14,52
15,52
33,52
1,56
4,56
7,56
3,57
36,58
2,59
42,59
52,59
23,60
8,61
12,62
1,63
11,63
44,63
50,63
21,64
1,65
25,65
33,66
8,67
15,67
59,67
4,69
38,69
58,69
1,71
43,71
2,72
16,72
2,73
25,73
43,73
51,74
10,75
52,75
22,76
31,76
16,77
57,80
8,81
38,81
43,81
50,83
36,84
3,85
54,85
59,87
41,89
41,92
52,92
60,94
22,94
52,95
39,96
55,99
6,100
38,100
7,101
27,101
40,101
9,105
11,105
29,105
26,106
39,106
51,106
19,108
38,108
44,108
59,109
35,110
4,111
15,111
31,111
8,112
20,112
12,114
26,114
3,117
17,117
20,117
35,118
38,120
44,121
4,122
50,122
8,123
20,123
31,124
18,125
56,126
26,128
38,128
53,129
23,130
45,130
46,130
53,131
10,133
21,134
37,134
14,135
19,135
59,135
42,140
54,142
60,143
31,143
53,144
45,145
52,145
35,149
9,151
19,151
40,152
37,153
19,155
47,155
18,156
43,156
45,156
38,157
3,158
4,160
30,160
42,161
39,163
55,163
9,165
10,165
7,166
16,166
48,167
29,168
56,168
1,169
23,169
49,170
2,172
11,172
11,173
1,174
10,174
25,174
1,175
44,175
52,175
2,176
2,178
46,178
24,179
30,180
37,180
55,180
20,181
25,181
16,182
38,183
8,185
37,185
10,187
13,187
4,188
22,188
33,189
26,190
40,190
53,190
15,193
60,194
42,195
26,196
25,198
40,200
36,201
42,201
1,202
53,202
1,205
13,205
47,205
2,208
18,208
2,209
6,209
28,209
1,210
19,210
2,211
38,211
48,211
53,211
16,212
45,212
58,213
10,214
46,214
59,214
23,216
6,217
37,219
41,219
57,219
1,221
43,221
56,223
10,225
1,226
2,227
21,227
37,227
55,227
29,228
41,228
1,229
2,230
43,231
7,232
38,232
2,233
20,233
32,234
8,235
38,235
43,235
56,236
14,239
22,239
31,240
17,241
3,242
18,242
7,243
8,243
5,244
58,244
9,246
45,246
54,246
50,248
16,250
26,250
55,250
11,251
34,252
46,252
53,252
16,254
47,256
3,257
15,257
19,258
29,259
49,259
31,261
34,262
26,263
58,264
46,265
29,266
26,269
14,270
9,271
15,271
23,271
29,271
43,271
49,271
60,272
34,272
21,273
31,273
32,273
41,273
21,274
30,274
9,275
12,276
17,276
46,276
47,276
44,277
44,278
55,278
15,279
28,279
41,279
58,279
10,281
28,282
26,283
15,284
31,284
10,285
23,286
48,286
14,287
6,288
22,289
12,290
42,290
41,294
22,295
32,295
54,295
57,295
42,296
48,296
12,298
20,298
46,298
6,299
12,299
52,299
21,300
19,301
38,301
18,302
55,302
13,303
20,303
40,303
19,304
27,304
50,304
25,305
56,306
7,307
21,307
46,307
38,308
47,308
55,309
51,311
57,311
19,313
29,313
6,315
59,315
60,317
23,318
13,319
46,319
15,320
25,320
18,321
34,321
44,322
50,322
37,325
32,328
48,328
56,331
45,332
57,334
6,336
50,337
57,337
4,339
54,339
14,340
29,340
43,340
21,342
28,342
35,342
45,342
1,345
15,345
30,345
5,347
25,347
13,348
26,348
38,349
18,350
10,351
15,351
17,351
26,351
54,352
22,353
53,354
14,355
19,355
45,355
41,356
46,356
50,356
57,356
4,358
48,358
28,359
58,360
32,362
48,362
4,363
7,363
16,363
41,363
36,366
5,367
14,367
27,367
34,367
7,368
20,368
31,368
41,368
45,368
24,369
52,371
48,372
2,373
22,373
25,373
38,374
28,375
24,376
22,378
40,379
23,382
55,383
16,385
20,385
11,386
9,387
44,387
13,388
57,388
59,390
26,391
14,392
57,392
8,393
55,395
31,396
40,396
51,396
3,397
10,397
50,397
50,399
5,400
31,400
41,400
36,402
45,404
60,405
24,405
38,405
42,405
57,405
46,407
53,408
9,410
59,411
44,412
57,413
11,415
11,416
37,416
22,417
59,417
37,419
32,420
46,421
37,422
26,423
19,426
34,426
38,426
53,426
8,428
11,429
21,429
18,431
36,431
10,432
38,432
24,434
28,436
10,437
38,438
45,438
47,438
48,438
39,441
16,442
19,443
44,444
51,445
23,447
39,447
60,448
23,448
37,448
57,448
55,449
31,450
20,451
40,453
43,453
59,453
21,454
58,454
57,455
1,456
14,456
51,456
22,457
37,457
44,459
22,461
48,461
42,462
27,465
45,465
9,466
40,466
3,467
26,467
38,467
40,467
43,469
47,471
3,472
22,474
38,475
21,478
8,479
23,479
55,479
60,480
18,480
14,481
35,481
38,481
12,484
28,485
57,486
49,489
6,490
17,491
7,492
43,492
9,493
28,493
33,495
15,496
26,496
42,496
55,496
33,498
22,499
42,501
18,502
56,502
12,503
52,503
1,504
50,504
1,505
4,505
16,506
9,507
32,507
47,507
50,507
4,509
17,509
1,510
1,511
29,511
2,512
2,513
1,514
2,515
38,516
51,517
40,518
32,520
1,521
18,525
22,525
53,526
30,528
42,528
51,528
53,528
18,529
38,529
12,531
27,531
51,531
59,532
19,535
6,536
60,537
3,537
50,537
52,537
60,538
28,538
18,539
60,540
15,540
19,540
4,541
51,541
59,541
51,543
30,544
48,544
6,545
18,545
30,545
36,545
48,545
58,547
24,548
19,549
21,549
29,549
33,549
46,549
52,549
52,551
22,552
21,553
30,553
40,553
29,555
44,555
39,556
43,559
7,560
12,560
27,561
12,562
25,563
17,564
30,564
29,565
14,567
15,568
51,569
29,570
8,572
9,572
32,574
42,578
60,579
24,581
26,581
45,581
13,583
54,584
34,585
41,585
16,586
21,586
38,587
39,587
25,588
29,588
47,588
54,588
20,589
36,589
9,590
32,590
47,591
40,593
50,593
20,594
6,595
47,595
16,600
20,600
38,600
39,601
53,601
6,602
60,606
39,608
25,610
24,611
3,614
11,614
13,616
26,616
55,616
12,617
33,617
6,620
33,620
55,620
48,621
49,621
14,622
25,622
46,622
49,624
17,625
44,625
55,625
57,625
16,626
30,626
38,628
32,629
52,629
58,629
37,630
14,631
14,632
42,635
60,637
1,637
57,637
2,638
1,639
2,640
16,640
38,640
47,640
56,641
4,644
16,644
1,645
4,645
2,646
32,647
42,647
3,648
6,648
53,648
45,649
41,650
48,651
2,652
11,652
17,653
20,653
46,653
3,654
25,654
23,655
53,655
54,656
58,657
17,658
24,658
36,658
25,660
24,661
57,661
32,662
53,662
10,663
19,663
27,663
5,664
23,664
41,665
15,667
31,668
43,668
46,669
42,670
7,671
10,671
43,672
28,673
1,674
23,674
52,674
39,677
40,677
46,677
19,678
24,678
2,679
17,679
40,679
1,680
28,680
13,681
17,681
41,682
2,683
18,683
41,683
56,683
14,684
33,684
1,685
12,685
32,685
50,685
2,686
29,686
47,686
20,687
44,687
28,688
50,688
52,689
60,690
10,690
27,698
33,698
19,700
57,701
58,702
60,703
28,703
27,704
12,707
6,708
15,709
44,713
55,713
51,714
45,715
59,715
47,716
58,717
43,718
40,719
46,721
35,722
59,722
53,723
28,725
1,727
28,727
1,728
14,728
2,729
31,731
1,733
45,733
55,733
2,735
37,735
54,735
17,737
55,737
15,738
49,739
2,740
36,740
39,740
45,740
43,741
4,742
26,743
30,744
21,745
32,745
40,745
51,746
31,748
43,749
45,752
5,754
46,755
21,756
38,756
40,757
9,758
45,758
55,758
29,759
34,761
38,761
55,761
6,763
21,764
25,765
60,766
19,766
11,767
12,767
55,769
4,770
36,770
24,771
48,771
4,774
38,774
2,775
5,778
21,778
57,779
51,780
58,781
60,782
16,783
8,785
38,785
22,786
56,786
3,788
18,788
33,788
29,791
20,794
49,794
34,795
55,797
5,798
44,798
53,798
8,800
19,801
58,801
20,802
29,802
31,802
33,802
53,802
17,803
49,804
25,805
8,806
49,806
4,807
41,807
56,807
5,808
9,808
22,808
55,808
26,809
4,811
18,811
51,811
58,812
21,816
35,816
19,817
3,819
13,819
36,819
39,819
5,820
32,820
1,821
2,822
1,823
2,824
1,825
5,825
24,825
2,826
33,826
44,826
53,826
10,827
19,828
28,830
44,830
15,831
4,834
57,834
37,835
60,836
20,836
53,836
17,837
26,838
30,838
3,840
17,840
51,840
18,841
21,842
43,843
1,846
13,846
37,846
9,847
18,847
54,847
1,848
2,849
21,849
2,850
36,851
6,853
1,854
12,854
24,855
2,856
57,856
5,857
34,857
40,859
19,860
24,860
28,861
25,862
25,863
32,864
49,865
58,865
39,866
1,867
1,868
2,871
4,871
5,871
39,871
2,872
1,873
7,873
25,873
2,874
46,875
5,880
60,881
21,881
32,883
53,883
8,884
30,885
46,885
6,887
25,887
36,890
59,891
27,892
46,892
53,892
60,893
26,898
27,898
19,899
49,899
33,900
52,902
12,904
16,904
56,904
1,905
12,905
37,905
20,906
55,906
2,907
1,908
38,909
27,910
47,910
50,910
1,911
51,911
53,911
55,911
2,912
27,912
54,912
60,913
2,913
6,913
13,913
30,914
29,915
57,915
51,916
32,919
60,920
37,920
42,920
53,920
3,922
12,922
18,922
34,922
11,926
32,926
41,927
42,927
7,931
34,931
26,933
46,933
34,934
12,935
25,935
59,936
58,937
32,938
39,939
39,941
28,943
5,944
3,945
11,946
41,946
21,947
29,947
58,948
37,949
24,950
7,951
14,951
36,952
39,952
48,952
57,952
15,953
7,956
30,957
58,962
20,965
49,965
58,965
15,966
29,966
31,967
35,967
20,969
26,970
31,970
54,970
3,972
6,972
35,973
37,973
60,974
37,975
36,977
46,978
36,979
20,980
23,980
14,981
48,982
45,984
54,984
35,985
40,985
42,986
47,986
48,986
50,987
7,988
31,988
43,989
57,989
40,990
20,992
39,993
5,995
16,995
27,995
29,995
60,996
15,996
38,996
43,996
54,998
25,999
34,1000
37,1001
32,1002
40,1002
24,1004
48,1005
55,1005
46,1007
49,1007
54,1007
34,1008
3,1009
57,1009
59,1009
3,1011
26,1011
48,1011
26,1013
30,1013
55,1014
26,1016
19,1018
35,1018
1,1019
1,1020
39,1020
49,1020
60,1021
2,1021
3,1022
2,1023
29,1025
50,1025
54,1025
59,1025
1,1026
24,1026
37,1026
10,1027
22,1027
2,1028
2,1029
32,1029
27,1030
2,1031
28,1031
51,1032
3,1033
8,1033
47,1033
32,1034
27,1035
32,1035
34,1038
17,1039
50,1039
52,1040
11,1041
29,1041
20,1042
42,1042
43,1042
14,1043
34,1043
3,1044
26,1044
60,1045
16,1046
3,1047
50,1047
54,1047
58,1047
3,1050
59,1050
59,1051
49,1052
38,1053
10,1054
52,1054
54,1054
27,1055
30,1056
49,1056
47,1057
58,1057
7,1062
8,1062
57,1062
19,1063
5,1066
17,1066
44,1066
10,1069
11,1069
36,1069
7,1070
42,1071
49,1071
54,1071
34,1074
4,1075
55,1075
30,1076
34,1076
39,1076
1,1077
12,1077
31,1077
2,1078
20,1078
1,1079
12,1079
32,1079
1,1080
11,1080
29,1080
22,1081
40,1081
16,1082
19,1082
20,1082
2,1083
30,1084
23,1085
26,1085
59,1085
2,1086
12,1086
48,1086
51,1086
20,1088
29,1088
13,1089
9,1090
4,1091
6,1091
24,1091
29,1091
54,1091
11,1092
23,1092
47,1092
56,1092
35,1093
39,1093
45,1093
52,1094
1,1095
6,1095
22,1095
1,1096
2,1097
39,1097
42,1097
5,1098
23,1098
40,1099
59,1099
57,1100
2,1101
9,1101
42,1101
18,1102
1,1103
8,1103
6,1104
2,1105
37,1105
26,1106
28,1106
49,1107
1,1108
20,1108
25,1108
7,1109
3,1111
13,1111
22,1111
39,1111
59,1111
41,1112
17,1114
25,1114
32,1114
24,1115
26,1116
59,1116
53,1117
59,1117
47,1118
50,1119
10,1120
48,1120
6,1121
57,1121
53,1122
20,1123
34,1124
40,1124
7,1125
15,1125
60,1126
17,1126
21,1128
26,1128
24,1129
40,1129
55,1129
9,1130
49,1130
43,1131
22,1132
26,1132
32,1135
51,1135
23,1136
36,1137
37,1137
39,1137
46,1137
6,1142
16,1142
24,1143
26,1143
28,1143
6,1144
14,1144
18,1145
44,1145
27,1146
46,1146
38,1147
52,1147
44,1149
35,1150
16,1151
26,1151
29,1151
59,1151
33,1153
36,1153
43,1154
31,1155
44,1155
20,1156
30,1157
44,1157
45,1158
16,1161
46,1161
50,1161
7,1162
49,1162
8,1163
39,1163
46,1163
55,1163
40,1164
42,1164
35,1165
42,1166
27,1167
4,1168
18,1169
29,1169
22,1171
36,1171
10,1172
33,1172
26,1174
43,1174
13,1175
49,1175
17,1176
50,1177
35,1178
24,1179
38,1179
54,1179
56,1179
36,1180
23,1182
24,1182
32,1182
44,1182
43,1183
59,1183
22,1184
30,1184
4,1186
45,1186
18,1188
32,1188
44,1189
51,1189
50,1191
54,1191
48,1192
9,1193
29,1193
52,1194
41,1196
48,1197
51,1197
14,1198
33,1198
54,1199
60,1201
15,1201
26,1201
29,1204
60,1205
30,1205
15,1208
30,1209
21,1211
30,1211
59,1214
18,1217
6,1218
44,1218
45,1218
46,1218
29,1220
35,1220
56,1221
36,1222
60,1223
18,1224
54,1225
1,1227
25,1227
1,1228
5,1228
14,1229
50,1229
2,1230
43,1230
48,1230
7,1232
2,1233
1,1234
8,1234
31,1234
2,1235
9,1236
35,1236
13,1237
41,1237
42,1237
16,1239
14,1240
25,1242
47,1242
55,1242
7,1243
51,1243
39,1245
1,1247
4,1247
20,1247
57,1247
16,1248
1,1250
39,1250
39,1252
2,1253
29,1253
41,1255
60,1257
1,1257
11,1257
43,1257
2,1258
27,1258
5,1259
12,1259
36,1259
2,1260
43,1260
45,1260
57,1260
1,1262
5,1264
10,1266
47,1267
48,1267
58,1267
59,1268
15,1274
55,1274
3,1275
36,1276
27,1282
6,1283
22,1284
9,1286
20,1286
47,1286
17,1287
12,1288
37,1288
14,1289
17,1290
35,1290
10,1291
42,1291
27,1292
19,1295
48,1297
56,1298
19,1299
43,1300
52,1300
30,1302
40,1302
20,1303
28,1304
40,1306
30,1307
36,1308
52,1308
18,1309
17,1310
42,1310
33,1312
34,1312
31,1313
46,1314
5,1316
35,1318
6,1319
24,1319
51,1319
40,1320
53,1320
7,1321
24,1321
7,1325
38,1326
21,1327
40,1327
13,1328
42,1330
12,1331
36,1331
21,1332
39,1332
55,1332
24,1334
45,1334
55,1334
18,1335
37,1335
45,1335
35,1336
8,1337
36,1337
8,1338
33,1338
37,1340
6,1341
34,1341
35,1342
54,1342
32,1343
7,1344
40,1344
52,1345
21,1347
41,1347
48,1349
28,1350
27,1352
5,1354
44,1354
24,1355
42,1355
36,1356
9,1358
25,1358
26,1360
1,1361
23,1362
31,1363
1,1371
11,1371
38,1372
48,1372
49,1372
1,1373
11,1374
26,1374
2,1375
15,1375
50,1375
6,1376
56,1376
58,1376
1,1377
9,1377
34,1377
2,1378
21,1379
35,1379
38,1379
23,1380
44,1380
53,1380
2,1382
52,1382
57,1382
47,1383
3,1384
56,1384
21,1385
48,1385
59,1385
50,1386
17,1388
58,1389
49,1390
27,1392
59,1392
45,1393
43,1394
48,1394
23,1395
33,1396
1,1397
2,1398
55,1398
1,1400
2,1401
40,1402
20,1403
45,1403
49,1403
55,1404
1,1405
44,1405
55,1405
2,1406
21,1406
46,1406
13,1408
30,1408
37,1408
38,1408
10,1409
11,1409
17,1409
53,1409
22,1410
12,1413
50,1413
54,1414
47,1415
53,1415
30,1416
32,1416
33,1418
1,1419
52,1419
17,1420
38,1420
12,1421
9,1423
28,1424
27,1425
59,1425
45,1426
58,1426
25,1428
58,1428
54,1429
20,1431
34,1431
43,1431
12,1432
24,1432
28,1432
30,1432
32,1432
52,1432
10,1433
25,1433
16,1434
37,1434
5,1435
8,1435
28,1435
29,1436
42,1436
10,1437
38,1437
47,1438
56,1440
34,1443
26,1444
43,1444
44,1446
57,1446
7,1447
27,1448
41,1448
54,1448
16,1449
17,1449
44,1449
51,1449
23,1450
53,1450
41,1451
8,1452
29,1452
31,1452
42,1453
49,1455
55,1455
30,1458
9,1459
4,1460
17,1460
27,1460
34,1461
47,1461
60,1463
24,1463
58,1463
19,1464
21,1464
9,1465
40,1465
41,1465
12,1466
29,1466
32,1466
32,1467
47,1468
25,1471
24,1472
57,1474
55,1475
6,1476
53,1477
17,1478
47,1479
50,1479
8,1480
59,1480
7,1481
9,1482
44,1482
6,1483
10,1484
47,1485
4,1487
19,1488
25,1489
15,1490
56,1491
58,1491
20,1492
44,1493
53,1493
8,1496
9,1496
12,1496
39,1497
6,1498
51,1499
11,1500
14,1500
53,1501
15,1502
59,1504
52,1505
26,1506
20,1507
58,1507
5,1509
23,1509
29,1509
55,1509
13,1510
29,1512
52,1513
47,1515
6,1516
5,1517
53,1517
49,1518
52,1518
6,1519
12,1519
24,1519
10,1520
50,1522
15,1524
39,1524
11,1526
30,1528
50,1528
54,1529
57,1533
34,1537
37,1538
38,1538
40,1539
48,1539
5,1542
27,1543
31,1543
7,1544
15,1544
41,1544
55,1544
14,1545
15,1546
41,1546
47,1548
7,1549
6,1550
18,1551
26,1553
57,1553
41,1554
9,1556
56,1557
29,1558
24,1561
39,1561
22,1562
14,1566
40,1566
5,1567
21,1567
26,1567
5,1570
24,1570
51,1571
11,1573
32,1573
43,1573
4,1574
14,1574
34,1575
5,1576
16,1576
6,1577
20,1577
23,1581
1,1584
53,1584
1,1585
2,1586
9,1586
32,1586
47,1586
50,1586
54,1586
1,1587
38,1587
41,1587
8,1588
35,1589
48,1590
36,1591
2,1592
16,1594
51,1595
2,1596
12,1596
34,1597
10,1598
24,1600
27,1600
13,1601
46,1601
1,1603
40,1603
19,1604
26,1605
1,1606
5,1606
2,1607
15,1607
43,1607
1,1608
51,1608
4,1609
20,1609
29,1609
2,1610
30,1610
2,1611
48,1611
28,1612
12,1613
47,1613
34,1614
18,1615
18,1616
25,1616
4,1619
39,1619
45,1619
32,1620
50,1620
24,1621
41,1622
17,1623
44,1624
54,1625
8,1626
15,1626
49,1627
56,1627
4,1628
18,1628
13,1629
17,1629
7,1630
8,1630
55,1630
47,1631
7,1634
5,1635
45,1635
59,1635
53,1637
36,1639
49,1639
15,1640
22,1640
47,1641
49,1641
54,1642
55,1642
10,1643
17,1644
34,1646
51,1646
53,1647
57,1647
35,1651
9,1652
20,1654
44,1656
48,1656
27,1658
37,1662
22,1663
35,1663
4,1664
51,1664
3,1665
22,1665
55,1665
34,1666
8,1667
15,1667
42,1667
9,1668
46,1668
15,1670
56,1673
9,1674
53,1674
16,1675
43,1675
50,1675
48,1676
56,1678
57,1678
46,1679
54,1680
21,1683
27,1683
52,1683
37,1684
44,1686
45,1686
25,1688
49,1688
36,1689
3,1690
7,1691
6,1693
25,1693
49,1693
17,1694
22,1694
28,1694
45,1695
57,1695
26,1696
32,1696
49,1696
42,1699
23,1700
44,1700
53,1700
22,1701
27,1701
19,1703
49,1703
20,1705
8,1707
23,1707
30,1708
4,1710
55,1711
3,1717
46,1718
42,1720
6,1721
29,1721
45,1721
52,1721
40,1722
41,1726
54,1727
8,1728
5,1729
42,1729
26,1730
25,1731
23,1732
26,1732
24,1733
40,1734
25,1736
58,1736
60,1738
34,1739
41,1739
1,1740
2,1741
8,1741
36,1741
40,1741
1,1742
19,1742
1,1743
23,1743
33,1743
2,1745
47,1745
59,1745
2,1746
60,1747
42,1747
25,1748
42,1748
1,1750
48,1750
2,1752
1,1753
44,1753
2,1754
45,1754
32,1755
1,1756
6,1756
25,1757
46,1757
2,1758
44,1758
28,1760
54,1763
7,1764
36,1764
27,1765
36,1766
38,1767
48,1767
47,1768
34,1770
1,1771
1,1772
2,1773
1,1774
59,1774
31,1776
2,1777
43,1777
49,1777
2,1778
15,1778
18,1778
25,1778
38,1778
9,1780
12,1780
19,1780
27,1780
50,1780
13,1782
48,1782
1,1784
57,1784
59,1784
1,1785
2,1787
1,1788
2,1789
4,1789
23,1789
2,1790
18,1790
1,1792
26,1792
31,1792
1,1793
2,1794
6,1794
19,1794
36,1795
60,1796
2,1796
14,1796
1,1797
3,1797
37,1797
46,1797
2,1798
55,1798
12,1799
16,1799
41,1799
49,1799
54,1800
37,1801
24,1802
38,1803
56,1803
17,1805
22,1806
12,1808
46,1808
53,1808
6,1809
21,1812
34,1812
6,1814
37,1814
14,1815
15,1815
18,1815
30,1815
12,1816
32,1819
34,1820
8,1821
16,1821
20,1821
13,1822
16,1822
52,1823
11,1824
23,1824
19,1825
34,1826
38,1826
17,1827
27,1828
52,1828
22,1831
11,1832
42,1832
1,1834
5,1834
24,1835
47,1835
51,1835
1,1836
39,1836
29,1838
2,1839
1,1841
2,1842
2,1843
9,1843
19,1844
54,1845
22,1851
30,1851
52,1851
21,1853
29,1853
34,1853
56,1853
37,1854
48,1854
34,1855
49,1855
4,1856
3,1857
17,1858
31,1858
9,1859
28,1859
34,1859
27,1861
35,1861
29,1862
50,1862
20,1863
34,1863
45,1863
56,1864
59,1865
5,1866
33,1866
27,1867
7,1868
42,1869
20,1870
10,1871
28,1871
2,1873
11,1876
58,1877
60,1878
44,1878
10,1880
51,1880
23,1883
52,1883
10,1884
39,1884
56,1885
20,1886
32,1889
10,1890
59,1891
17,1893
19,1893
24,1895
33,1895
33,1896
55,1896
43,1897
50,1897
47,1898
10,1899
3,1901
5,1901
5,1904
49,1904
32,1908
19,1910
52,1912
32,1915
6,1916
29,1916
34,1918
55,1918
48,1920
9,1921
53,1921
16,1922
43,1922
47,1922
49,1924
36,1925
22,1926
51,1926
18,1927
13,1928
9,1929
27,1929
33,1929
24,1930
31,1930
1,1931
5,1931
47,1931
2,1932
14,1932
34,1932
18,1933
1,1934
25,1934
25,1935
37,1935
60,1936
1,1936
39,1936
2,1937
44,1937
22,1940
53,1940
60,1941
39,1941
46,1942
13,1943
13,1944
2,1945
26,1949
34,1949
5,1952
24,1953
49,1953
12,1954
13,1954
40,1957
60,1958
17,1958
39,1958
24,1959
1,1960
50,1960
55,1960
1,1961
2,1963
11,1965
34,1965
28,1966
1,1967
25,1967
51,1967
59,1967
3,1969
10,1969
24,1969
46,1970
52,1970
2,1971
38,1971
45,1971
40,1972
45,1972
2,1973
17,1973
60,1974
60,1975
52,1975
14,1976
51,1977
41,1979
57,1980
8,1982
13,1982
35,1982
60,1984
24,1984
29,1984
20,1985
27,1985
36,1985
7,1986
12,1986
23,1986
25,1987
48,1987
1,1988
18,1988
44,1989
17,1990
46,1990
55,1990
46,1991
53,1991
1,1993
1,1994
28,1994
45,1994
2,1995
55,1995
2,1996
50,1996
1,1997
13,1997
40,1997
59,1997
2,1998
16,1998
16,1999
57,1999
36,2000
14,2002
21,2002
5,2004
19,2004
37,2004
34,2005
22,2008
42,2008
51,2008
48,2009
40,2011
19,2012
25,2012
2,2013
24,2013
19,2014
28,2014
52,2014
55,2014
42,2015
26,2016
40,2017
32,2018
57,2019
14,2021
12,2022
40,2022
43,2022
40,2023
21,2024
16,2027
38,2028
44,2028
50,2028
37,2029
15,2030
50,2031
8,2032
24,2032
32,2032
46,2032
50,2032
30,2033
35,2033
33,2034
55,2034
12,2036
45,2036
24,2037
25,2038
51,2038
33,2041
17,2042
59,2042
16,2043
50,2043
3,2046
48,2046
7,2048
21,2048
59,2048
24,2049
33,2049
1,2050
31,2051
29,2052
32,2052
39,2052
53,2052
52,2053
1,2055
5,2055
24,2055
55,2057
2,2058
50,2059
24,2060
28,2060
50,2060
58,2060
1,2061
2,2062
11,2062
31,2062
18,2063
24,2063
58,2063
2,2064
37,2064
3,2065
6,2065
13,2066
36,2066
13,2068
19,2068
54,2068
54,2069
38,2070
6,2072
14,2073
55,2073
34,2074
1,2075
4,2076
1,2079
44,2079
34,2080
49,2081
29,2084
37,2084
42,2085
60,2086
1,2086
2,2087
26,2087
33,2087
16,2088
25,2088
1,2089
1,2090
5,2090
3,2091
53,2091
2,2092
43,2092
2,2093
14,2093
30,2094
44,2095
48,2095
9,2096
56,2096
41,2098
25,2099
32,2099
60,2100
45,2100
40,2101
59,2101
27,2103
9,2104
5,2105
54,2105
43,2106
57,2107
26,2108
55,2111
4,2112
59,2112
57,2113
26,2114
33,2116
3,2118
5,2118
46,2118
31,2119
11,2120
10,2122
20,2122
31,2122
35,2122
6,2123
11,2124
47,2125
55,2125
12,2126
15,2126
41,2126
57,2127
40,2128
35,2129
5,2131
10,2131
20,2131
55,2133
36,2134
18,2135
29,2139
19,2140
40,2141
51,2144
54,2145
58,2146
18,2147
18,2148
12,2149
35,2149
11,2151
56,2151
3,2153
22,2153
38,2153
42,2156
56,2157
4,2160
52,2160
3,2161
14,2162
52,2163
59,2164
7,2166
37,2167
7,2168
57,2168
1,2169
6,2169
51,2169
56,2169
32,2170
49,2170
56,2174
36,2175
52,2175
6,2176
35,2177
47,2178
53,2178
10,2179
33,2179
34,2180
40,2180
29,2181
11,2183
47,2184
1,2185
45,2185
57,2185
2,2187
1,2188
10,2188
2,2189
18,2190
28,2190
10,2191
46,2191
1,2192
4,2192
14,2192
53,2192
34,2193
30,2195
15,2196
2,2199
15,2200
25,2200
1,2201
3,2201
36,2201
11,2202
2,2203
3,2203
44,2203
4,2204
41,2204
50,2204
1,2205
22,2205
50,2205
54,2205
2,2206
28,2206
37,2206
1,2207
5,2207
53,2208
34,2209
59,2209
2,2210
54,2211
18,2212
21,2212
36,2212
9,2213
25,2213
42,2213
8,2214
10,2214
14,2214
23,2215
30,2215
37,2215
9,2216
5,2217
43,2220
58,2222
49,2223
6,2226
56,2226
59,2226
14,2227
24,2227
35,2228
43,2228
3,2229
22,2229
8,2230
17,2230
27,2231
20,2233
43,2233
8,2235
12,2236
14,2236
15,2236
42,2238
43,2238
14,2239
4,2240
37,2240
26,2241
33,2241
51,2241
39,2245
1,2246
2,2247
6,2247
35,2247
1,2248
38,2248
49,2248
44,2249
60,2250
2,2250
4,2250
1,2251
5,2251
2,2252
22,2253
48,2253
11,2254
43,2254
52,2254
40,2255
3,2257
4,2258
45,2258
52,2259
23,2261
18,2263
31,2264
17,2265
42,2265
12,2266
18,2266
38,2267
54,2267
7,2268
55,2268
14,2269
54,2269
8,2270
3,2272
5,2272
37,2272
59,2272
41,2274
44,2274
48,2274
7,2275
29,2277
39,2277
39,2278
29,2279
26,2280
50,2280
19,2281
24,2281
43,2281
7,2284
8,2284
52,2284
3,2285
14,2285
46,2285
49,2285
56,2285
15,2286
31,2286
3,2287
48,2287
9,2290
39,2290
47,2291
55,2291
36,2292
21,2293
9,2295
60,2297
40,2297
48,2297
13,2299
16,2299
41,2299
24,2301
17,2302
27,2303
34,2303
46,2303
48,2303
16,2304
28,2304
36,2305
47,2307
23,2308
57,2309
8,2310
24,2311
49,2311
3,2313
53,2313
33,2314
52,2314
53,2315
28,2316
30,2317
7,2318
33,2319
26,2320
28,2320
16,2322
30,2322
46,2324
43,2325
51,2325
54,2326
11,2332
35,2332
54,2332
55,2332
14,2333
25,2334
45,2335
60,2336
19,2336
60,2337
4,2338
6,2338
17,2338
24,2338
21,2340
43,2341
38,2343
58,2343
59,2343
1,2346
13,2346
1,2347
8,2347
2,2348
14,2348
2,2349
20,2349
32,2349
1,2350
9,2350
2,2351
31,2355
5,2356
29,2356
6,2357
10,2357
58,2358
8,2361
59,2361
24,2363
24,2364
49,2364
25,2367
23,2368
6,2370
29,2370
57,2370
35,2372
58,2373
52,2375
33,2376
4,2377
33,2377
18,2378
19,2378
41,2378
53,2379
25,2381
34,2381
51,2381
10,2382
20,2382
25,2382
3,2383
3,2385
15,2385
21,2386
44,2386
17,2387
46,2387
21,2388
4,2389
60,2391
43,2392
6,2393
25,2393
5,2394
23,2394
26,2396
15,2397
21,2397
30,2397
45,2397
35,2398
51,2398
23,2399
48,2399
19,2400
46,2401
57,2401
27,2402
40,2402
10,2403
19,2403
35,2403
51,2403
47,2404
45,2405
58,2406
15,2407
25,2408
51,2408
54,2408
42,2409
51,2409
5,2410
32,2410
19,2411
43,2411
37,2414
20,2416
40,2416
37,2417
55,2418
4,2421
37,2421
25,2422
45,2423
32,2425
52,2425
12,2426
7,2427
24,2428
36,2429
17,2430
54,2430
18,2432
56,2432
29,2433
39,2434
43,2434
17,2435
31,2435
3,2438
36,2439
37,2439
56,2439
44,2441
19,2442
25,2442
35,2442
32,2443
26,2445
18,2447
23,2449
38,2452
28,2454
59,2454
4,2455
5,2455
11,2455
19,2455
1,2456
8,2456
12,2456
2,2457
39,2457
40,2457
8,2458
55,2458
1,2459
32,2459
1,2460
58,2461
2,2462
8,2462
32,2462
54,2462
31,2463
2,2464
19,2466
24,2467
26,2467
49,2467
21,2468
57,2468
13,2471
3,2472
21,2473
9,2474
24,2475
55,2475
6,2477
1,2478
41,2478
29,2479
59,2479
35,2480
53,2480
5,2481
46,2481
21,2482
5,2483
47,2485
26,2486
53,2486
44,2488
16,2489
36,2489
41,2490
13,2492
17,2492
5,2494
13,2494
42,2494
38,2495
46,2497
8,2499
26,2501
27,2502
36,2503
20,2504
8,2505
13,2505
33,2506
13,2508
41,2508
6,2509
9,2509
31,2509
53,2509
11,2510
8,2512
28,2512
30,2513
36,2514
6,2515
34,2515
52,2516
52,2517
16,2518
37,2518
28,2521
44,2521
31,2523
12,2525
56,2528
51,2529
20,2530
6,2532
42,2532
16,2534
42,2534
38,2537
60,2538
39,2538
3,2541
1,2543
30,2544
2,2545
27,2545
29,2546
36,2547
1,2548
6,2548
23,2548
59,2548
1,2549
2,2550
37,2550
2,2551
31,2551
34,2552
60,2553
12,2553
33,2553
36,2554
58,2554
12,2555
15,2556
49,2556
32,2558
31,2559
47,2559
16,2561
34,2561
21,2562
10,2563
13,2563
8,2565
46,2567
60,2568
4,2570
59,2570
6,2571
38,2571
49,2572
60,2573
22,2573
8,2574
35,2574
3,2576
26,2576
11,2577
8,2579
37,2580
14,2581
25,2581
5,2582
10,2582
53,2582
28,2583
45,2585
35,2586
56,2586
51,2587
58,2588
21,2589
32,2589
51,2590
10,2591
38,2591
9,2593
19,2593
24,2593
25,2593
18,2594
35,2595
20,2596
37,2597
49,2598
10,2599
46,2599
26,2600
13,2601
2,2603
7,2603
33,2603
45,2603
14,2604
59,2604
10,2606
3,2607
5,2607
14,2607
60,2608
34,2609
17,2610
14,2611
35,2612
7,2613
48,2613
6,2614
43,2614
49,2617
10,2620
24,2620
58,2620
16,2621
17,2621
60,2622
6,2622
17,2622
57,2622
58,2622
54,2624
9,2625
51,2625
60,2627
34,2627
38,2627
6,2630
35,2630
3,2632
3,2634
48,2634
6,2635
36,2635
12,2638
19,2640
39,2640
15,2643
7,2644
44,2645
4,2646
29,2646
37,2646
10,2647
53,2648
24,2649
54,2649
55,2650
7,2651
15,2651
38,2651
38,2653
59,2653
19,2654
41,2654
46,2658
22,2659
23,2659
10,2660
35,2661
49,2662
21,2663
23,2663
55,2663
58,2664
6,2665
13,2665
33,2668
28,2669
52,2670
30,2672
56,2673
57,2675
59,2675
23,2676
53,2677
43,2678
3,2679
53,2679
10,2680
27,2681
36,2681
1,2682
49,2684
54,2684
8,2685
9,2686
42,2686
29,2688
56,2688
13,2690
34,2690
54,2690
3,2691
13,2691
20,2692
35,2692
56,2694
13,2695
19,2695
39,2695
56,2698
15,2699
36,2699
3,2701
29,2701
49,2701
6,2702
14,2702
17,2702
32,2702
35,2705
37,2705
27,2706
21,2708
46,2709
48,2709
10,2710
20,2713
57,2713
22,2714
25,2714
44,2714
6,2715
33,2716
3,2718
7,2718
38,2718
3,2719
15,2720
57,2720
7,2723
14,2723
57,2724
35,2725
53,2725
38,2728
43,2728
51,2728
17,2729
1,2730
1,2731
22,2731
60,2732
2,2732
5,2732
18,2732
15,2734
48,2734
46,2735
53,2735
2,2736
25,2736
52,2736
1,2737
4,2737
2,2738
22,2738
40,2738
20,2739
4,2740
11,2740
26,2740
6,2741
47,2741
9,2742
14,2742
9,2744
21,2744
40,2744
10,2745
31,2745
42,2745
34,2746
47,2746
17,2747
43,2747
51,2748
48,2749
1,2750
22,2750
45,2751
40,2752
6,2755
2,2756
45,2756
55,2756
5,2757
21,2757
27,2757
49,2757
14,2758
11,2759
38,2760
38,2761
53,2761
16,2762
55,2762
10,2763
18,2763
13,2764
42,2764
55,2765
50,2766
56,2766
26,2767
36,2767
47,2770
56,2771
47,2773
5,2774
55,2774
21,2775
30,2776
10,2777
13,2777
46,2777
54,2777
1,2778
49,2778
15,2779
37,2779
50,2780
13,2781
46,2781
42,2782
59,2782
20,2784
38,2785
60,2788
15,2789
28,2789
1,2791
19,2791
56,2791
1,2792
45,2792
7,2793
2,2796
23,2796
41,2796
9,2797
15,2797
1,2798
2,2799
40,2799
60,2800
2,2800
14,2800
45,2800
58,2800
49,2801
25,2802
31,2802
32,2803
57,2803
38,2804
46,2805
13,2807
25,2807
59,2807
19,2808
37,2808
39,2809
42,2811
53,2811
10,2815
53,2815
38,2816
22,2817
9,2818
27,2818
56,2818
57,2818
5,2819
41,2819
22,2820
60,2821
17,2821
56,2821
9,2822
30,2822
17,2823
44,2823
53,2824
54,2825
49,2826
60,2827
27,2828
58,2828
14,2829
1,2830
29,2830
54,2830
7,2832
20,2832
37,2832
22,2835
36,2836
57,2836
27,2837
7,2838
17,2838
6,2841
15,2841
28,2841
22,2843
16,2844
58,2844
13,2845
40,2845
1,2846
2,2847
60,2848
1,2848
22,2849
38,2849
27,2850
30,2850
2,2851
1,2852
20,2852
54,2852
2,2853
53,2854
52,2856
22,2857
39,2857
3,2858
39,2858
46,2859
60,2860
9,2861
18,2861
40,2862
50,2862
6,2863
55,2863
7,2865
30,2865
34,2865
10,2866
1,2867
39,2867
1,2868
5,2868
2,2870
14,2870
22,2870
53,2871
56,2871
40,2872
5,2874
10,2874
2,2875
1,2876
22,2876
33,2877
10,2881
2,2882
8,2882
43,2883
5,2884
18,2884
25,2884
52,2887
58,2892
21,2893
35,2895
3,2896
49,2896
59,2896
8,2897
12,2898
13,2898
44,2899
21,2900
22,2902
52,2902
51,2903
54,2903
18,2904
51,2904
3,2905
49,2905
32,2907
35,2909
15,2910
16,2911
30,2911
32,2911
47,2911
7,2912
12,2912
24,2913
32,2915
40,2916
44,2917
26,2918
40,2919
57,2920
40,2922
43,2922
60,2923
30,2923
9,2925
32,2925
22,2926
13,2930
37,2932
25,2934
49,2935
9,2936
20,2936
33,2936
27,2937
25,2938
13,2942
15,2944
17,2944
54,2944
56,2944
3,2945
27,2946
28,2946
41,2947
19,2948
38,2948
10,2949
53,2950
30,2951
31,2951
34,2952
54,2952
13,2953
55,2953
19,2954
22,2955
23,2955
50,2957
5,2958
47,2960
17,2961
48,2961
10,2962
1,2963
22,2963
13,2964
44,2964
26,2965
1,2966
2,2967
15,2967
2,2968
23,2968
52,2968
1,2969
35,2969
59,2969
2,2970
22,2970
37,2970
42,2970
10,2971
3,2976
8,2976
10,2976
25,2976
44,2977
24,2978
18,2980
52,2980
15,2981
49,2981
58,2981
55,2982
30,2983
33,2984
53,2984
56,2984
33,2985
1,2987
1,2990
48,2990
53,2991
2,2992
38,2992
49,2992
50,2993
52,2993
45,2994
58,2994
36,2995
5,2996
51,2997
1,2998
9,2998
54,2998
1,2999
58,2999
2,3000
12,3000
2,3001
50,3003
44,3004
17,3005
21,3006
18,3007
20,3008
8,3010
11,3010
52,3011
7,3014
48,3014
15,3015
3,3018
55,3018
28,3019
37,3019
8,3020
38,3020
36,3021
33,3022
18,3023
37,3023
33,3025
31,3027
40,3028
6,3029
58,3031
3,3032
48,3032
58,3032
34,3033
37,3033
32,3034
43,3034
27,3035
8,3036
33,3036
42,3037
45,3037
46,3037
38,3038
55,3038
17,3039
46,3039
39,3040
34,3041
4,3043
16,3043
23,3045
46,3045
47,3046
60,3048
28,3048
31,3050
38,3051
6,3052
15,3052
26,3052
9,3054
36,3054
12,3056
50,3056
51,3056
26,3058
30,3060
38,3060
13,3061
54,3061
59,3061
13,3062
20,3063
27,3063
59,3063
11,3064
32,3066
36,3066
38,3066
16,3067
24,3067
25,3067
34,3067
57,3067
29,3068
58,3068
19,3069
31,3069
32,3069
11,3071
42,3071
55,3073
6,3076
32,3076
1,3077
5,3077
1,3078
3,3078
25,3082
39,3082
2,3083
3,3083
47,3083
1,3084
3,3084
5,3084
39,3084
19,3085
49,3085
29,3086
2,3087
38,3087
46,3087
51,3087
2,3088
18,3088
41,3089
56,3090
59,3090
50,3091
5,3093
19,3093
48,3093
11,3094
49,3094
29,3095
4,3097
36,3097
31,3099
32,3100
35,3100
34,3102
36,3102
50,3102
51,3103
31,3104
6,3105
29,3105
52,3105
23,3107
25,3107
34,3107
2,3108
7,3108
28,3109
38,3109
39,3109
20,3111
36,3112
19,3113
35,3116
13,3117
44,3118
19,3120
55,3121
56,3121
42,3122
32,3123
47,3124
60,3125
3,3127
31,3128
6,3129
27,3131
29,3131
45,3131
4,3132
34,3133
36,3133
51,3134
57,3134
9,3135
26,3137
55,3137
21,3139
52,3139
1,3140
58,3140
12,3141
12,3142
20,3143
6,3144
49,3144
16,3147
51,3147
43,3148
33,3149
47,3150
49,3150
39,3152
38,3153
36,3154
39,3154
49,3154
37,3155
18,3156
12,3157
19,3158
21,3158
41,3159
7,3161
26,3161
15,3162
15,3163
48,3163
25,3165
27,3165
27,3167
18,3168
44,3168
50,3169
54,3169
43,3170
8,3171
47,3171
51,3172
37,3173
12,3174
15,3177
20,3178
27,3179
14,3180
41,3180
47,3181
12,3182
33,3182
34,3183
56,3183
4,3184
15,3184
28,3184
51,3184
56,3184
28,3186
58,3186
16,3188
28,3188
31,3188
47,3188
52,3188
49,3189
3,3191
18,3191
36,3191
1,3192
29,3192
2,3193
15,3193
4,3194
3,3195
1,3196
45,3196
1,3197
15,3197
50,3197
58,3198
38,3199
56,3199
2,3200
56,3201
22,3202
30,3202
36,3202
2,3203
10,3203
50,3203
22,3204
33,3204
35,3204
13,3205
36,3205
13,3206
1,3208
15,3209
2,3210
13,3210
17,3211
1,3212
1,3213
9,3213
5,3214
2,3215
5,3215
1,3216
2,3217
25,3217
42,3217
6,3218
28,3218
42,3218
46,3219
57,3219
55,3222
28,3223
31,3223
59,3223
1,3227
55,3227
49,3228
17,3229
1,3230
10,3230
11,3230
31,3233
58,3234
2,3235
44,3236
48,3236
2,3237
23,3237
38,3238
59,3238
1,3239
7,3239
2,3240
32,3240
39,3240
12,3242
23,3242
11,3245
38,3246
42,3247
48,3247
33,3248
46,3249
47,3249
56,3249
15,3250
20,3250
35,3263
39,3263
30,3268
41,3272
59,3272
42,3274
45,3274
1,3275
29,3275
50,3275
8,3276
20,3277
44,3277
6,3278
12,3278
1,3279
41,3279
52,3280
4,3281
47,3281
2,3282
1,3283
2,3284
28,3284
2,3285
4,3285
32,3287
4,3288
1,3289
40,3290
44,3290
53,3290
2,3292
3,3292
14,3293
20,3293
46,3293
1,3294
55,3294
51,3295
2,3296
1,3298
33,3299
53,3299
12,3300
15,3301
15,3302
2,3303
32,3303
4,3304
57,3304
13,3306
26,3308
40,3308
7,3310
8,3312
6,3313
41,3313
22,3314
17,3315
45,3315
14,3318
41,3318
5,3319
20,3319
21,3319
45,3319
21,3320
49,3320
55,3321
38,3322
7,3324
13,3326
54,3326
35,3327
58,3328
5,3329
44,3329
30,3330
45,3333
12,3335
40,3335
14,3336
53,3337
11,3338
16,3338
21,3338
29,3340
54,3343
1,3348
17,3349
59,3349
7,3350
50,3350
56,3351
4,3352
5,3354
42,3355
11,3356
28,3356
37,3356
48,3356
17,3357
28,3358
41,3358
55,3358
59,3358
36,3360
59,3360
36,3361
17,3365
22,3365
9,3366
35,3366
41,3366
43,3366
4,3368
8,3368
34,3369
55,3371
28,3372
41,3373
31,3374
55,3374
53,3376
29,3377
8,3378
5,3379
38,3381
54,3382
34,3383
42,3383
20,3384
40,3385
41,3386
18,3387
41,3387
45,3387
60,3388
16,3388
56,3388
50,3389
31,3390
55,3391
32,3394
36,3395
33,3396
35,3396
23,3397
49,3398
21,3399
12,3400
12,3401
14,3402
57,3402
1,3404
48,3404
58,3405
1,3406
35,3406
53,3407
58,3407
2,3408
2,3409
1,3410
2,3411
51,3413
55,3413
6,3414
8,3414
23,3414
35,3414
6,3415
14,3416
16,3416
38,3416
42,3416
24,3418
7,3419
9,3419
28,3419
1,3420
2,3421
29,3421
32,3421
14,3424
1,3425
1,3426
30,3426
49,3426
50,3426
4,3428
23,3428
36,3428
59,3428
14,3431
50,3431
2,3435
30,3435
2,3436
33,3436
55,3436
23,3437
52,3438
33,3439
19,3441
24,3441
58,3441
6,3443
29,3443
40,3443
50,3447
48,3449
16,3450
26,3450
1,3451
10,3451
55,3451
1,3452
3,3452
33,3452
2,3453
11,3453
26,3453
37,3454
39,3454
42,3454
56,3454
2,3455
1,3458
13,3458
2,3459
7,3464
51,3464
23,3465
34,3465
19,3466
50,3466
48,3468
24,3470
7,3472
11,3472
28,3473
4,3474
20,3474
17,3475
50,3476
31,3477
54,3477
54,3478
20,3481
37,3481
29,3482
31,3484
47,3484
36,3486
27,3487
39,3487
6,3489
38,3489
1,3490
47,3490
55,3490
52,3491
1,3492
57,3492
2,3493
51,3493
1,3495
19,3495
7,3496
1,3497
35,3497
48,3497
60,3499
2,3499
2,3500
14,3501
13,3503
14,3503
28,3503
42,3503
24,3504
25,3504
50,3504
9,3505
54,3507
41,3508
52,3508
1,3509
1,3510
2,3511
2,3512
60,3514
1,3514
22,3514
2,3515
6,3516
25,3517
7,3518
59,3518
47,3519
7,3520
10,3520
16,3520
7,3521
57,3523
14,3524
31,3525
47,3525
10,3526
46,3526
51,3526
22,3527
12,3528
13,3530
16,3530
1,3531
17,3531
35,3531
1,3532
2,3533
45,3533
9,3534
11,3534
1,3536
7,3536
5,3537
18,3537
53,3537
2,3538
24,3539
12,3540
30,3540
2,3541
18,3541
18,3543
27,3543
60,3544
29,3544
43,3544
28,3545
24,3546
28,3546
49,3547
59,3548
44,3549
38,3550
21,3551
3,3553
31,3553
3,3554
56,3555
12,3556
39,3559
50,3559
22,3561
45,3561
14,3563
56,3563
21,3564
34,3565
46,3566
5,3567
6,3567
20,3567
38,3568
23,3569
60,3570
14,3570
57,3572
38,3573
7,3574
54,3575
47,3576
52,3576
29,3577
35,3577
25,3578
1,3581
31,3582
42,3582
1,3583
55,3583
2,3584
21,3584
47,3584
53,3584
58,3584
2,3585
6,3586
41,3586
1,3587
21,3587
37,3587
44,3587
49,3587
2,3588
33,3589
10,3590
60,3592
23,3592
6,3593
14,3593
36,3593
49,3594
6,3596
28,3596
55,3596
24,3597
39,3597
44,3597
57,3597
28,3600
35,3601
46,3601
60,3602
12,3602
45,3603
29,3604
30,3605
51,3606
56,3606
11,3607
17,3607
43,3608
13,3609
8,3610
9,3610
32,3610
53,3610
16,3611
28,3611
39,3611
48,3611
1,3612
8,3612
32,3612
1,3613
30,3613
34,3613
42,3613
2,3614
15,3614
25,3614
26,3614
49,3615
1,3616
8,3616
23,3616
13,3617
40,3618
2,3619
2,3621
17,3621
25,3621
27,3622
8,3623
56,3625
18,3626
33,3626
1,3627
37,3627
13,3628
29,3628
9,3629
1,3630
18,3630
16,3631
44,3631
56,3633
2,3634
1,3635
55,3635
2,3636
40,3636
2,3637
19,3637
25,3637
54,3637
15,3638
47,3638
21,3639
49,3639
39,3641
55,3642
54,3643
20,3647
29,3647
46,3647
4,3648
21,3648
52,3648
31,3649
14,3651
22,3651
32,3651
33,3651
41,3652
58,3652
46,3653
50,3653
48,3654
15,3655
30,3655
31,3655
60,3656
14,3657
11,3659
45,3659
60,3660
12,3661
19,3661
8,3662
46,3662
53,3662
1,3663
2,3664
32,3664
1,3665
20,3665
43,3665
2,3666
1,3667
2,3668
47,3668
30,3672
34,3673
52,3675
23,3677
37,3677
21,3679
42,3679
2,3680
13,3681
47,3682
28,3683
60,3685
54,3686
16,3688
14,3691
44,3693
56,3693
53,3694
37,3695
39,3695
41,3695
7,3698
29,3698
18,3700
47,3700
35,3701
47,3701
36,3702
5,3704
60,3705
21,3705
12,3706
4,3707
5,3708
45,3708
14,3709
42,3709
4,3710
41,3710
12,3711
20,3713
54,3713
55,3713
4,3714
30,3715
7,3716
59,3718
60,3719
26,3720
32,3720
53,3720
28,3721
29,3722
23,3723
47,3723
43,3724
60,3725
35,3726
17,3727
6,3728
27,3728
28,3728
15,3729
23,3730
34,3732
15,3734
30,3734
58,3734
30,3735
40,3735
58,3735
43,3736
50,3736
29,3738
25,3739
1,3740
53,3741
7,3742
22,3742
20,3743
1,3744
15,3744
2,3745
15,3745
42,3746
1,3747
3,3747
50,3747
28,3750
2,3751
35,3751
38,3751
57,3753
5,3754
2,3756
4,3756
36,3756
3,3757
6,3757
40,3757
6,3758
7,3761
38,3761
59,3762
36,3763
53,3764
27,3765
33,3765
49,3765
27,3766
34,3766
49,3766
18,3769
16,3770
28,3770
56,3770
31,3771
36,3771
38,3771
41,3771
13,3772
22,3772
34,3773
53,3773
29,3774
25,3775
15,3778
18,3778
18,3780
29,3780
33,3780
34,3780
56,3781
21,3782
35,3782
58,3782
49,3784
15,3785
37,3786
51,3786
37,3787
46,3787
57,3788
5,3789
9,3789
34,3789
46,3790
43,3791
53,3791
59,3791
1,3793
33,3793
37,3794
3,3795
20,3796
24,3797
47,3798
6,3799
8,3800
21,3800
8,3801
57,3801
41,3804
37,3806
3,3807
51,3807
53,3808
32,3809
26,3812
39,3814
13,3815
10,3817
16,3817
58,3817
30,3818
42,3819
33,3821
35,3821
9,3822
30,3823
33,3823
52,3823
44,3824
53,3824
58,3824
11,3825
40,3825
7,3826
59,3826
11,3827
13,3827
53,3827
26,3829
32,3829
11,3831
6,3832
17,3832
38,3832
50,3832
53,3832
57,3833
19,3834
60,3836
47,3836
25,3837
47,3837
49,3837
44,3838
41,3839
7,3840
60,3841
2,3841
20,3842
50,3842
32,3845
36,3845
11,3846
49,3846
56,3846
12,3847
33,3847
47,3847
58,3847
15,3848
18,3848
19,3848
25,3848
30,3848
46,3848
3,3850
28,3852
57,3853
37,3855
20,3856
49,3857
58,3857
59,3857
7,3858
1,3859
14,3859
58,3859
1,3860
7,3861
13,3861
25,3861
43,3861
42,3862
2,3863
56,3863
2,3865
1,3867
15,3867
2,3868
48,3869
16,3871
55,3871
54,3872
29,3873
39,3873
46,3873
40,3874
7,3875
16,3877
28,3877
24,3880
52,3880
28,3881
31,3882
41,3882
20,3885
5,3887
2,3888
53,3888
24,3889
34,3889
34,3890
27,3891
35,3891
41,3892
50,3892
19,3893
22,3894
38,3894
22,3896
14,3897
3,3898
26,3899
32,3900
10,3901
14,3902
40,3902
52,3902
30,3903
31,3904
41,3904
36,3908
19,3909
25,3909
39,3909
41,3911
47,3913
34,3914
11,3915
3,3917
22,3917
54,3918
23,3919
59,3921
19,3923
11,3924
29,3924
28,3925
8,3927
39,3927
43,3927
58,3927
48,3928
60,3931
54,3931
18,3932
23,3932
35,3932
53,3932
52,3933
5,3934
8,3935
14,3936
58,3936
14,3938
50,3938
36,3939
37,3941
42,3942
7,3943
6,3944
16,3944
35,3944
10,3945
29,3946
52,3946
5,3947
14,3948
21,3948
9,3949
14,3949
44,3949
4,3950
39,3950
48,3950
32,3952
28,3955
32,3956
49,3956
5,3957
28,3957
29,3957
18,3959
9,3960
23,3961
4,3962
49,3962
4,3963
36,3963
53,3963
3,3964
14,3964
60,3966
50,3968
34,3970
45,3970
56,3970
26,3971
49,3971
14,3972
15,3972
26,3972
36,3972
11,3973
44,3973
8,3974
30,3974
9,3975
53,3976
52,3977
18,3978
36,3978
48,3978
53,3978
20,3979
44,3979
9,3981
5,3985
21,3985
7,3987
11,3987
36,3987
1,3988
14,3988
1,3989
58,3989
20,3992
39,3993
47,3993
2,3994
51,3994
27,3995
1,3997
57,3997
28,3998
2,3999
33,3999
2,4001
13,4001
16,4001
38,4001
29,4002
47,4002
8,4003
13,4004
48,4005
32,4006
8,4007
42,4008
44,4008
1,4009
18,4009
38,4009
1,4010
13,4010
2,4011
4,4011
22,4012
52,4013
58,4014
57,4016
1,4017
2,4018
54,4018
20,4019
27,4019
2,4020
5,4020
53,4020
12,4021
54,4021
38,4022
3,4023
13,4023
29,4023
37,4023
37,4025
16,4027
24,4028
49,4028
58,4028
31,4029
32,4029
30,4030
8,4031
1,4032
15,4032
11,4033
44,4033
52,4033
1,4034
15,4034
17,4034
35,4035
2,4036
44,4036
46,4036
1,4038
23,4038
31,4038
9,4039
30,4039
59,4039
25,4040
56,4040
2,4041
21,4041
2,4042
4,4044
44,4044
17,4045
4,4047
35,4047
48,4048
60,4050
53,4050
27,4051
12,4052
42,4052
14,4055
18,4055
3,4057
32,4058
51,4058
26,4059
21,4060
50,4060
4,4061
19,4061
52,4061
39,4062
31,4064
17,4066
22,4066
37,4067
15,4069
47,4070
1,4071
48,4071
53,4071
2,4072
58,4072
1,4073
18,4073
39,4073
1,4074
4,4074
31,4074
59,4074
2,4076
2,4077
33,4079
16,4080
32,4080
23,4081
51,4083
25,4085
35,4085
9,4086
14,4088
16,4088
26,4088
8,4089
21,4091
46,4095
54,4096
27,4097
5,4098
36,4098
33,4099
41,4100
20,4101
53,4101
6,4102
26,4102
47,4103
4,4104
55,4104
19,4105
52,4105
1,4106
11,4106
2,4107
1,4108
33,4109
7,4110
50,4110
1,4111
2,4112
2,4114
22,4114
11,4116
4,4117
6,4117
9,4117
19,4119
33,4120
2,4121
29,4121
32,4122
15,4123
41,4123
3,4128
25,4128
6,4129
39,4129
24,4131
54,4131
30,4134
38,4136
21,4137
59,4137
47,4140
8,4142
44,4142
41,4143
50,4145
16,4146
24,4146
33,4148
48,4148
54,4148
52,4150
1,4151
10,4152
13,4152
33,4152
2,4153
56,4153
1,4154
21,4155
31,4156
1,4159
4,4159
52,4159
2,4160
4,4160
11,4160
55,4160
11,4161
43,4161
17,4162
2,4163
56,4163
14,4166
43,4167
56,4168
13,4169
37,4170
48,4170
11,4171
15,4171
22,4171
37,4171
60,4172
7,4172
24,4172
43,4174
32,4175
4,4176
9,4176
22,4176
23,4176
28,4177
31,4177
3,4181
31,4184
14,4185
21,4187
28,4187
41,4189
50,4189
3,4190
11,4190
59,4191
18,4192
29,4192
7,4194
1,4196
22,4196
9,4197
7,4198
49,4198
28,4199
1,4201
16,4201
2,4202
32,4202
2,4203
43,4203
1,4204
40,4204
41,4204
2,4205
14,4206
38,4209
16,4210
34,4210
53,4210
7,4211
31,4211
52,4211
20,4212
32,4215
24,4216
22,4217
36,4218
49,4219
25,4220
45,4221
9,4222
15,4222
22,4222
27,4222
52,4222
5,4223
42,4223
56,4223
10,4224
22,4224
53,4224
51,4225
15,4226
22,4227
29,4228
41,4228
54,4230
22,4231
44,4231
1,4233
24,4233
1,4234
2,4235
8,4236
14,4236
39,4237
18,4238
36,4238
49,4238
7,4239
46,4239
2,4241
59,4241
1,4242
13,4242
38,4242
2,4243
28,4243
35,4243
12,4244
54,4244
33,4247
32,4250
20,4252
42,4252
29,4253
48,4253
29,4254
40,4254
49,4254
50,4254
21,4255
24,4255
29,4255
27,4258
35,4258
60,4259
31,4264
43,4265
17,4266
28,4266
11,4269
39,4269
40,4269
13,4270
27,4270
42,4270
54,4270
59,4270
17,4274
28,4274
29,4274
32,4274
52,4274
58,4274
19,4275
46,4275
7,4277
22,4277
22,4278
42,4278
13,4279
42,4279
22,4280
29,4280
45,4282
12,4283
49,4283
13,4286
37,4287
29,4288
44,4290
45,4290
44,4291
58,4291
34,4292
1,4295
40,4295
37,4296
49,4296
26,4297
38,4297
51,4297
1,4298
54,4298
2,4299
35,4299
37,4299
1,4300
3,4300
33,4300
57,4301
2,4302
44,4302
2,4303
41,4304
23,4306
60,4307
6,4307
52,4308
39,4309
42,4310
5,4311
35,4311
42,4313
45,4317
36,4318
58,4319
43,4322
13,4323
32,4325
1,4326
20,4327
34,4327
51,4327
1,4328
34,4328
43,4329
23,4330
2,4331
43,4331
23,4332
51,4332
38,4333
41,4333
2,4335
15,4335
10,4336
1,4337
18,4337
20,4338
2,4339
29,4339
34,4339
9,4340
10,4340
54,4341
14,4342
18,4344
45,4344
9,4345
4,4347
26,4347
40,4347
58,4348
2,4349
31,4351
33,4351
37,4353
4,4354
8,4354
10,4354
51,4354
41,4355
54,4355
38,4357
28,4358
31,4359
17,4360
60,4361
13,4362
51,4362
56,4362
14,4364
32,4365
23,4367
60,4368
15,4368
55,4368
60,4370
4,4370
22,4373
1,4374
22,4374
2,4375
16,4375
1,4376
24,4376
1,4377
37,4377
2,4379
41,4379
44,4379
22,4381
34,4381
54,4381
2,4382
60,4383
52,4383
39,4385
56,4386
58,4386
41,4387
1,4388
2,4390
8,4390
36,4390
37,4390
1,4391
47,4391
10,4392
20,4392
32,4392
17,4393
42,4393
1,4394
2,4395
12,4396
17,4396
8,4397
48,4397
51,4397
2,4398
44,4398
33,4400
36,4400
40,4400
29,4402
44,4402
29,4406
37,4406
44,4406
50,4408
16,4409
31,4411
13,4413
1,4414
6,4414
24,4414
29,4414
56,4414
1,4415
25,4415
37,4415
58,4415
2,4416
25,4417
1,4418
56,4419
2,4420
10,4420
2,4421
10,4421
7,4422
31,4422
13,4423
35,4425
4,4427
45,4428
3,4430
21,4432
35,4432
21,4433
32,4433
43,4433
59,4433
34,4434
5,4435
9,4435
32,4435
60,4436
44,4436
58,4436
57,4439
21,4440
24,4443
3,4444
44,4444
36,4445
38,4446
30,4447
14,4448
49,4448
50,4449
14,4452
55,4452
47,4453
52,4453
28,4454
32,4455
32,4456
45,4456
47,4456
11,4459
36,4460
46,4460
5,4461
26,4461
42,4461
3,4462
49,4462
55,4464
3,4465
59,4465
1,4467
45,4467
50,4467
2,4468
9,4468
12,4468
1,4469
55,4469
16,4471
38,4471
1,4473
21,4473
24,4473
28,4473
2,4474
52,4475
35,4476
57,4478
2,4480
44,4480
56,4480
58,4481
48,4482
14,4483
3,4484
33,4485
56,4485
39,4486
42,4486
3,4487
19,4487
44,4487
11,4488
19,4488
7,4489
12,4489
41,4489
46,4490
7,4492
31,4492
1,4493
6,4493
30,4493
18,4495
34,4495
43,4495
1,4497
17,4498
60,4499
2,4499
7,4499
14,4500
37,4501
13,4502
14,4502
45,4502
1,4503
4,4503
2,4504
14,4504
38,4505
2,4506
5,4506
49,4506
55,4506
56,4506
31,4507
21,4508
42,4508
23,4509
39,4509
58,4509
41,4511
33,4512
44,4512
8,4513
32,4514
48,4515
49,4515
55,4515
23,4516
38,4516
53,4518
23,4520
31,4520
31,4521
37,4521
46,4522
15,4523
14,4524
25,4524
34,4524
56,4524
28,4525
32,4525
33,4525
19,4526
35,4526
56,4527
21,4529
9,4534
27,4534
43,4535
60,4537
9,4537
24,4537
27,4537
47,4537
48,4537
17,4539
45,4542
49,4542
24,4543
42,4544
35,4545
45,4545
58,4546
13,4547
54,4549
11,4551
8,4552
21,4553
17,4554
26,4554
35,4554
49,4555
32,4556
42,4556
31,4558
38,4558
1,4559
5,4559
34,4559
28,4560
44,4560
41,4561
1,4562
21,4562
11,4563
14,4564
30,4564
2,4565
2,4567
16,4567
20,4569
57,4570
53,4571
1,4572
2,4573
18,4574
46,4574
31,4575
34,4575
53,4575
58,4575
23,4578
59,4578
4,4580
13,4580
56,4580
7,4581
51,4581
53,4581
55,4581
20,4584
45,4585
27,4586
24,4587
50,4587
29,4588
33,4589
12,4590
17,4591
21,4592
26,4592
33,4592
51,4592
53,4592
39,4593
1,4594
40,4594
35,4595
29,4596
2,4598
5,4598
10,4598
44,4598
37,4599
24,4600
1,4601
5,4601
37,4601
57,4601
1,4602
27,4604
58,4604
2,4605
45,4606
2,4607
25,4607
54,4607
11,4608
37,4609
57,4609
5,4610
10,4613
31,4613
11,4614
15,4614
23,4614
47,4614
28,4615
32,4615
36,4615
42,4615
6,4617
21,4617
42,4617
22,4618
38,4618
58,4618
5,4619
28,4620
33,4622
55,4622
3,4623
16,4624
24,4624
50,4624
41,4627
52,4627
14,4628
21,4629
45,4630
33,4631
20,4632
25,4632
30,4632
22,4634
40,4634
41,4634
19,4635
54,4635
22,4637
40,4637
37,4638
22,4639
60,4640
58,4640
6,4641
38,4641
4,4642
24,4642
27,4642
33,4642
22,4643
45,4645
55,4645
60,4646
10,4646
26,4647
28,4648
31,4648
9,4650
20,4650
36,4654
47,4654
12,4656
24,4656
37,4657
59,4657
17,4658
57,4658
53,4661
20,4662
36,4662
48,4666
15,4667
19,4667
1,4668
34,4669
41,4669
54,4669
11,4670
49,4670
40,4671
49,4671
1,4672
16,4672
2,4673
41,4673
47,4673
58,4673
2,4674
19,4674
57,4674
1,4675
11,4675
31,4675
2,4676
13,4676
23,4676
27,4676
34,4676
49,4676
2,4677
20,4677
49,4677
47,4679
41,4680
3,4681
21,4682
42,4682
18,4683
53,4683
56,4683
31,4684
27,4685
59,4685
30,4688
11,4690
33,4690
44,4690
10,4691
50,4691
33,4693
50,4693
52,4693
18,4694
57,4694
25,4695
54,4695
43,4697
1,4698
5,4698
39,4698
1,4699
48,4700
36,4701
23,4702
37,4702
2,4703
13,4703
44,4704
3,4705
40,4705
10,4708
36,4708
42,4708
4,4709
26,4709
48,4709
1,4711
2,4712
33,4713
46,4713
2,4714
15,4714
58,4714
4,4716
24,4717
60,4721
13,4721
25,4721
51,4721
54,4721
8,4722
55,4722
4,4723
27,4724
39,4725
28,4729
57,4729
19,4730
8,4731
16,4731
26,4732
54,4732
47,4733
35,4735
26,4736
54,4736
14,4737
4,4738
23,4740
53,4740
60,4741
13,4742
16,4743
36,4743
43,4743
55,4745
60,4746
47,4746
4,4747
49,4747
57,4747
40,4751
50,4751
46,4755
13,4756
43,4756
1,4757
31,4757
9,4758
2,4759
37,4760
1,4762
1,4763
21,4763
32,4763
48,4764
6,4765
20,4765
30,4765
35,4765
2,4766
2,4769
14,4769
33,4769
37,4769
12,4771
46,4773
24,4775
30,4776
21,4777
7,4778
33,4778
34,4778
18,4779
17,4781
18,4782
32,4783
6,4784
41,4785
4,4786
30,4786
41,4786
30,4788
32,4789
25,4791
37,4791
15,4793
28,4793
21,4794
53,4796
11,4798
17,4798
42,4800
1,4801
14,4802
1,4803
2,4804
12,4804
24,4804
33,4804
1,4805
2,4806
11,4806
24,4806
38,4806
27,4808
28,4808
40,4808
28,4810
54,4811
60,4812
52,4812
2,4813
44,4813
5,4815
39,4815
7,4816
13,4816
52,4817
4,4818
35,4818
46,4818
31,4819
33,4820
52,4821
30,4822
56,4823
32,4824
59,4824
28,4825
6,4826
9,4827
40,4828
54,4828
26,4830
14,4831
47,4832
56,4833
52,4834
48,4835
12,4837
28,4837
9,4838
4,4839
25,4839
28,4839
6,4840
47,4841
57,4841
9,4842
19,4842
18,4843
6,4845
30,4846
28,4847
45,4849
51,4849
53,4849
46,4850
4,4851
17,4851
26,4852
30,4852
31,4852
18,4853
59,4853
18,4856
20,4856
4,4857
26,4857
9,4858
36,4858
12,4859
49,4860
7,4861
16,4861
56,4861
28,4862
56,4862
7,4863
51,4863
46,4864
28,4865
43,4865
60,4866
22,4866
10,4869
6,4871
13,4871
25,4872
39,4872
59,4872
36,4874
1,4875
8,4875
22,4875
36,4875
7,4876
8,4877
15,4878
29,4878
59,4878
2,4879
51,4879
1,4880
1,4881
15,4881
57,4881
2,4882
19,4882
2,4883
42,4883
43,4883
11,4884
19,4885
18,4886
51,4886
58,4886
30,4888
17,4890
30,4890
56,4891
35,4892
34,4893
35,4893
19,4894
28,4894
33,4894
48,4894
5,4895
35,4895
26,4897
24,4898
44,4898
50,4899
4,4901
11,4901
60,4902
43,4902
46,4902
58,4904
3,4905
19,4905
26,4906
45,4906
19,4907
11,4910
17,4910
59,4910
58,4911
1,4913
54,4913
2,4914
25,4914
32,4914
1,4915
49,4917
26,4918
2,4919
18,4919
40,4920
23,4923
1,4924
13,4924
57,4925
16,4926
2,4927
23,4928
48,4928
29,4931
54,4931
33,4932
51,4932
24,4934
34,4934
35,4934
2,4935
16,4935
46,4935
18,4936
6,4937
10,4937
47,4937
18,4940
43,4940
52,4940
18,4941
32,4942
8,4943
3,4945
20,4946
32,4947
35,4947
30,4948
8,4949
57,4950
1,4951
9,4951
21,4951
31,4951
4,4952
51,4953
10,4954
24,4954
37,4954
36,4955
27,4956
59,4956
1,4959
2,4960
1,4962
4,4962
17,4963
40,4963
1,4964
34,4965
22,4966
47,4967
57,4967
2,4969
2,4970
4,4970
43,4970
43,4971
45,4971
48,4971
17,4973
29,4973
41,4973
6,4975
15,4975
55,4975
59,4975
36,4977
45,4979
29,4980
44,4981
60,4982
59,4982
10,4983
22,4983
56,4983
58,4983
12,4984
15,4984
57,4985
24,4986
11,4987
39,4987
43,4987
5,4988
51,4989
37,4990
59,4991
24,4992
37,4992
27,4993
10,4994
46,4997
22,4999
33,4999
60,5001
39,5001
56,5002
36,5004
53,5005
18,5006
10,5007
13,5007
60,5008
25,5008
43,5010
30,5011
55,5011
55,5012
39,5013
23,5014
32,5014
34,5016
1,5017
7,5017
39,5017
1,5019
30,5019
2,5020
36,5020
37,5020
7,5023
47,5023
51,5023
58,5023
2,5024
49,5024
7,5025
22,5025
38,5026
52,5027
1,5028
11,5028
19,5028
40,5028
2,5029
3,5029
55,5029
34,5030
30,5031
16,5033
18,5034
16,5035
20,5035
48,5035
9,5039
60,5040
33,5040
34,5040
30,5041
1,5043
1,5044
21,5045
10,5046
50,5046
29,5047
36,5049
2,5051
18,5051
1,5052
4,5052
32,5052
58,5052
15,5054
2,5055
2,5056
27,5056
32,5056
50,5056
42,5057
54,5058
11,5059
29,5060
18,5061
40,5061
41,5061
3,5062
58,5064
23,5065
38,5065
58,5065
18,5066
33,5067
31,5068
45,5068
14,5069
20,5069
43,5069
5,5070
46,5071
51,5071
50,5072
37,5073
55,5073
26,5075
34,5076
54,5076
4,5079
21,5081
42,5082
57,5085
7,5086
25,5086
4,5087
55,5088
47,5089
49,5089
47,5090
53,5090
1,5093
2,5094
10,5095
49,5095
20,5096
34,5096
1,5097
1,5098
10,5098
28,5098
36,5098
2,5099
17,5099
41,5100
49,5100
2,5101
25,5101
57,5102
37,5104
31,5106
51,5107
29,5108
54,5108
3,5109
14,5109
28,5109
32,5110
44,5112
13,5113
14,5113
1,5115
44,5116
46,5116
1,5117
44,5117
6,5118
60,5119
2,5119
46,5119
52,5119
8,5120
15,5120
51,5120
56,5120
2,5122
6,5123
55,5124
56,5124
1,5128
15,5128
2,5130
33,5131
32,5132
60,5133
36,5133
10,5137
17,5137
42,5137
24,5138
19,5139
31,5140
6,5141
52,5141
9,5144
57,5144
1,5145
30,5145
39,5145
2,5147
30,5147
3,5148
27,5148
35,5148
1,5149
30,5149
2,5150
40,5150
53,5150
55,5150
2,5152
8,5153
27,5155
5,5156
23,5156
1,5157
11,5157
44,5157
2,5159
26,5159
37,5159
7,5161
10,5161
9,5162
36,5162
51,5162
55,5162
26,5163
35,5163
4,5164
12,5165
29,5165
13,5166
21,5168
33,5169
38,5170
40,5170
25,5173
26,5173
34,5173
51,5173
13,5174
35,5174
46,5174
49,5174
11,5175
8,5176
31,5176
11,5177
32,5178
29,5182
5,5185
55,5185
57,5187
46,5189
5,5190
12,5190
14,5191
42,5194
27,5196
25,5197
13,5198
44,5200
30,5201
24,5202
6,5203
8,5203
29,5203
54,5203
9,5204
45,5205
59,5205
37,5206
32,5207
53,5207
12,5209
21,5210
5,5211
8,5212
26,5213
57,5214
15,5215
45,5215
9,5219
31,5219
38,5219
30,5222
47,5222
10,5223
30,5224
42,5224
9,5225
48,5225
24,5227
55,5227
42,5228
51,5228
55,5228
27,5229
36,5229
50,5229
28,5230
1,5231
12,5231
1,5232
31,5232
2,5233
16,5234
1,5235
14,5235
27,5235
28,5236
2,5237
2,5238
47,5238
10,5239
15,5239
53,5239
26,5241
34,5243
42,5243
43,5243
32,5244
27,5245
40,5248
52,5248
58,5250
58,5251
36,5252
3,5253
1,5255
2,5256
8,5257
1,5258
7,5259
7,5260
59,5260
1,5261
36,5261
49,5262
56,5262
2,5263
23,5263
49,5264
26,5265
2,5266
18,5267
1,5268
3,5268
6,5269
15,5269
18,5269
27,5269
26,5270
22,5271
59,5271
52,5272
54,5273
35,5275
19,5277
18,5278
24,5280
49,5281
41,5282
39,5283
22,5286
48,5287
3,5289
35,5292
16,5293
11,5294
42,5298
7,5299
1,5300
41,5300
2,5301
13,5301
24,5301
41,5301
51,5301
1,5302
8,5302
1,5303
2,5304
52,5304
2,5305
29,5305
34,5305
49,5305
57,5305
55,5306
1,5308
3,5308
30,5308
35,5309
36,5309
1,5311
25,5311
43,5311
42,5312
47,5312
48,5312
2,5313
14,5313
38,5313
2,5314
53,5314
1,5315
14,5316
12,5317
2,5318
16,5318
41,5318
59,5318
13,5319
40,5319
23,5321
29,5322
12,5323
31,5323
39,5323
13,5324
16,5324
48,5324
17,5327
27,5327
35,5327
41,5328
23,5329
41,5330
13,5332
33,5332
11,5333
6,5334
9,5335
36,5335
9,5336
11,5336
15,5336
50,5336
20,5337
9,5339
46,5339
27,5340
27,5341
55,5341
9,5343
11,5343
17,5344
41,5345
4,5348
6,5348
43,5348
51,5348
44,5349
46,5351
55,5351
26,5352
12,5353
3,5355
56,5356
20,5357
32,5357
36,5357
6,5358
33,5358
54,5358
28,5359
6,5360
16,5361
39,5362
34,5366
43,5368
33,5369
35,5369
13,5370
52,5370
59,5370
32,5374
59,5374
8,5375
8,5378
27,5379
6,5380
28,5381
42,5382
57,5382
59,5382
1,5384
29,5386
32,5386
58,5386
15,5387
2,5388
9,5388
49,5388
54,5388
31,5389
59,5389
41,5390
1,5392
2,5393
13,5393
16,5393
1,5394
9,5394
51,5394
2,5396
48,5397
21,5398
51,5398
14,5399
51,5400
8,5401
11,5401
18,5401
54,5402
36,5404
1,5405
6,5405
2,5406
42,5407
1,5409
2,5410
12,5410
1,5411
2,5413
12,5413
59,5413
12,5416
9,5417
22,5419
35,5419
36,5419
57,5421
28,5423
39,5423
24,5424
37,5424
10,5426
35,5426
52,5426
25,5428
38,5428
13,5430
38,5430
50,5431
52,5433
21,5436
27,5438
6,5439
36,5440
51,5440
40,5441
48,5441
9,5442
15,5442
35,5442
51,5442
18,5444
39,5444
21,5445
46,5445
47,5445
46,5447
51,5448
42,5451
29,5452
42,5452
23,5453
28,5454
2,5455
27,5455
43,5455
11,5456
36,5456
54,5456
14,5457
8,5458
22,5458
26,5458
53,5458
1,5459
7,5459
37,5459
2,5460
11,5460
32,5460
1,5461
48,5461
2,5463
14,5463
15,5463
1,5464
49,5465
2,5466
32,5466
53,5466
60,5469
34,5469
1,5470
24,5470
28,5470
51,5470
54,5470
5,5471
2,5472
20,5472
47,5472
59,5472
60,5473
1,5473
52,5473
1,5474
25,5476
35,5476
2,5477
6,5477
15,5477
41,5477
13,5478
2,5479
57,5479
6,5480
18,5480
58,5480
1,5482
9,5482
1,5483
11,5483
1,5484
19,5484
28,5484
58,5484
2,5485
15,5485
32,5485
1,5486
12,5487
28,5487
30,5487
51,5489
2,5490
22,5490
55,5490
60,5491
11,5491
2,5492
1,5495
30,5495
32,5495
1,5496
36,5496
41,5496
2,5498
6,5499
7,5500
23,5500
2,5501
1,5502
34,5502
40,5502
59,5502
3,5503
2,5504
27,5505
34,5505
38,5505
11,5506
56,5506
6,5508
9,5508
28,5508
24,5509
26,5509
6,5512
13,5512
10,5513
17,5513
6,5514
8,5514
25,5514
27,5515
51,5515
13,5518
34,5519
23,5520
47,5521
30,5522
40,5522
7,5523
4,5525
7,5526
53,5527
1,5529
46,5529
60,5530
1,5530
26,5530
9,5531
14,5532
2,5534
49,5534
2,5535
54,5535
12,5537
44,5537
1,5538
6,5538
2,5539
60,5541
18,5541
47,5541
43,5542
20,5543
23,5544
37,5544
40,5545
29,5546
2,5548
13,5548
46,5548
37,5550
21,5551
28,5552
45,5552
49,5552
36,5553
39,5553
57,5553
4,5557
45,5558
52,5558
3,5559
45,5559
12,5560
34,5560
41,5560
54,5562
8,5563
9,5563
11,5563
8,5564
3,5565
16,5565
52,5565
53,5565
38,5566
35,5567
5,5568
1,5569
14,5570
15,5570
48,5570
57,5570
2,5571
14,5571
43,5572
1,5573
57,5574
15,5576
16,5576
47,5576
9,5578
37,5578
1,5579
10,5579
38,5579
19,5580
2,5581
6,5582
13,5582
2,5585
30,5586
32,5586
34,5587
43,5587
7,5588
37,5588
51,5588
43,5589
4,5590
33,5590
50,5590
13,5592
39,5593
42,5593
10,5597
30,5597
41,5597
4,5598
39,5600
18,5601
49,5603
5,5604
31,5605
60,5606
8,5608
14,5609
53,5611
5,5612
9,5614
19,5614
20,5615
59,5615
4,5616
55,5618
33,5619
12,5620
50,5621
15,5623
26,5623
49,5624
50,5624
42,5626
22,5629
39,5630
56,5632
8,5633
27,5634
40,5635
32,5636
43,5636
57,5637
60,5639
37,5639
49,5641
47,5643
52,5644
23,5645
25,5645
28,5645
40,5645
54,5645
60,5646
60,5647
32,5647
52,5647
6,5649
50,5649
27,5651
49,5651
29,5653
55,5654
45,5655
3,5656
10,5656
6,5657
12,5657
56,5657
9,5658
8,5662
16,5662
3,5665
36,5665
8,5670
12,5670
18,5670
28,5672
39,5674
50,5675
55,5675
11,5676
55,5680
21,5683
48,5683
1,5684
25,5684
13,5685
23,5685
53,5685
55,5685
52,5686
8,5687
22,5687
52,5687
2,5688
1,5689
57,5689
1,5691
12,5691
26,5691
8,5692
40,5692
41,5692
42,5692
44,5692
2,5693
2,5695
19,5695
24,5695
38,5698
14,5699
5,5700
19,5700
35,5700
58,5701
23,5704
22,5707
8,5708
25,5708
15,5709
47,5709
51,5710
13,5711
39,5712
1,5713
11,5713
29,5713
30,5713
2,5714
11,5714
1,5715
30,5715
2,5716
39,5716
60,5717
12,5717
13,5717
41,5717
50,5717
1,5718
8,5718
48,5718
28,5719
32,5719
2,5720
30,5720
12,5721
5,5724
14,5724
1,5725
30,5725
59,5726
1,5727
4,5729
19,5730
35,5730
16,5731
57,5731
59,5731
2,5732
37,5732
2,5733
1,5734
45,5734
2,5735
57,5735
12,5737
19,5737
35,5738
38,5739
51,5739
60,5741
42,5741
35,5742
54,5742
31,5743
39,5744
49,5744
5,5745
23,5745
31,5745
54,5745
9,5746
12,5747
17,5747
52,5747
59,5747
45,5748
20,5754
27,5754
45,5754
15,5755
49,5756
31,5757
12,5758
21,5759
13,5760
54,5763
37,5764
59,5764
59,5767
53,5769
47,5770
24,5771
51,5771
33,5772
34,5772
36,5772
4,5773
35,5773
14,5776
29,5777
3,5778
46,5778
35,5780
45,5780
13,5781
22,5782
52,5783
59,5783
1,5784
9,5784
55,5784
1,5785
15,5785
54,5785
2,5786
46,5786
2,5787
16,5787
52,5787
1,5789
29,5789
2,5790
11,5790
30,5790
34,5791
11,5794
27,5794
40,5794
40,5795
27,5796
30,5796
43,5797
4,5798
23,5798
45,5798
14,5800
27,5800
26,5801
48,5802
50,5802
25,5804
38,5804
4,5805
1,5806
42,5806
49,5806
13,5807
37,5807
55,5807
15,5808
60,5809
11,5811
47,5811
47,5812
53,5812
40,5813
51,5813
14,5815
45,5815
59,5815
1,5816
13,5816
2,5817
21,5817
6,5818
52,5818
58,5818
2,5819
20,5819
36,5819
1,5820
25,5820
6,5821
53,5821
2,5822
20,5822
4,5823
21,5824
28,5824
30,5824
14,5825
24,5826
53,5826
17,5827
23,5827
17,5828
27,5829
29,5829
15,5831
57,5832
58,5832
50,5833
48,5834
55,5835
7,5836
23,5836
43,5836
59,5837
5,5839
31,5839
48,5839
42,5842
42,5843
15,5844
34,5845
32,5846
1,5848
36,5848
57,5848
13,5849
2,5850
48,5850
19,5851
46,5851
29,5852
30,5852
43,5852
50,5853
1,5854
56,5856
1,5857
2,5859
11,5859
33,5859
2,5861
5,5862
8,5862
11,5863
14,5864
59,5865
37,5867
42,5867
28,5869
8,5871
59,5871
45,5872
17,5873
16,5874
55,5874
22,5875
40,5877
45,5877
31,5878
36,5879
54,5879
29,5880
52,5880
4,5882
57,5882
1,5883
13,5883
1,5884
2,5886
1,5887
18,5887
24,5887
26,5887
56,5887
21,5888
35,5888
54,5888
36,5890
2,5891
46,5891
43,5892
2,5893
21,5894
53,5896
3,5897
52,5897
57,5897
58,5897
10,5898
48,5898
18,5900
15,5901
15,5904
21,5905
49,5905
25,5906
9,5908
29,5909
56,5909
19,5911
32,5911
54,5912
30,5914
24,5916
50,5917
20,5918
15,5919
53,5919
23,5920
24,5921
60,5922
32,5922
41,5922
7,5923
15,5923
16,5923
26,5925
10,5926
42,5926
53,5926
3,5927
35,5927
17,5929
29,5930
39,5931
7,5934
41,5934
1,5935
7,5935
2,5936
1,5937
49,5937
1,5938
4,5938
38,5939
53,5940
57,5940
2,5941
25,5941
2,5942
9,5943
49,5944
60,5945
24,5945
38,5945
43,5945
13,5947
32,5949
37,5949
44,5949
33,5951
33,5953
40,5953
30,5954
24,5957
51,5958
1,5959
21,5960
28,5960
55,5960
2,5961
21,5962
27,5962
13,5963
1,5964
4,5964
2,5966
8,5966
8,5967
30,5967
1,5968
57,5968
3,5970
2,5971
9,5971
16,5972
51,5973
11,5974
53,5974
1,5976
9,5976
2,5978
28,5978
1,5979
28,5979
37,5979
56,5979
21,5981
48,5981
54,5981
1,5982
4,5982
53,5983
2,5985
2,5986
44,5986
4,5987
46,5989
57,5989
5,5992
55,5992
37,5993
43,5993
33,5994
53,5994
6,5996
54,5996
3,5997
3,5998
30,6000
33,6000
51,6001
19,6003
22,6004
60,6005
1,6005
54,6005
1,6006
2,6007
10,6007
45,6007
1,6008
26,6008
2,6009
9,6009
13,6009
49,6009
2,6010
18,6011
59,6011
29,6012
36,6012
42,6012
7,6013
11,6013
60,6014
13,6015
7,6017
21,6017
3,6021
13,6021
22,6021
41,6022
42,6022
21,6023
24,6023
38,6023
46,6024
59,6024
27,6026
46,6027
52,6028
23,6030
50,6031
53,6032
20,6034
41,6034
35,6035
58,6035
60,6036
7,6037
1,6038
29,6038
7,6039
8,6039
3,6040
30,6041
46,6042
58,6042
47,6043
57,6044
47,6045
17,6046
26,6046
2,6047
16,6049
44,6049
21,6050
25,6050
46,6050
33,6051
57,6052
52,6053
53,6053
28,6055
25,6056
44,6056
3,6059
51,6059
16,6060
18,6060
24,6060
30,6060
41,6062
47,6062
21,6064
28,6064
29,6065
49,6068
33,6069
56,6069
25,6070
42,6072
6,6073
42,6074
47,6074
21,6075
30,6075
11,6077
39,6077
48,6077
16,6078
46,6078
14,6079
40,6079
7,6081
17,6082
29,6083
28,6084
46,6084
34,6085
51,6085
56,6085
12,6088
57,6091
26,6092
38,6092
55,6092
43,6095
5,6096
22,6096
33,6097
38,6098
58,6098
24,6100
36,6100
20,6101
42,6101
26,6103
1,6105
44,6105
26,6106
22,6107
40,6107
56,6108
19,6109
27,6109
15,6110
28,6110
22,6111
53,6111
1,6113
23,6113
2,6114
27,6114
59,6114
1,6115
16,6116
46,6116
27,6117
30,6117
57,6117
4,6118
44,6119
55,6119
1,6120
20,6120
52,6121
14,6123
18,6123
42,6123
49,6123
2,6124
37,6124
37,6125
39,6125
48,6125
2,6126
57,6127
35,6128
5,6129
20,6130
1,6131
47,6131
1,6132
40,6132
2,6133
26,6133
2,6134
11,6134
58,6134
59,6134
1,6138
21,6138
56,6138
2,6139
39,6139
3,6142
5,6142
56,6142
8,6143
24,6144
10,6145
46,6146
40,6147
46,6147
31,6148
36,6148
25,6151
59,6152
23,6153
40,6155
52,6155
8,6156
55,6156
56,6157
53,6159
20,6160
49,6160
28,6161
33,6161
48,6161
50,6163
5,6164
50,6164
5,6165
20,6165
28,6166
15,6167
41,6168
55,6168
8,6170
56,6171
19,6172
20,6172
49,6173
32,6174
52,6175
7,6176
12,6176
54,6176
60,6178
27,6179
27,6180
45,6183
33,6184
34,6186
40,6188
56,6188
35,6189
38,6189
30,6190
36,6190
42,6190
57,6190
11,6193
45,6193
8,6194
1,6196
2,6197
6,6197
45,6197
1,6198
39,6198
48,6198
1,6199
14,6199
2,6200
45,6200
56,6200
2,6201
5,6201
38,6201
41,6201
52,6201
55,6202
43,6203
49,6203
3,6204
37,6204
22,6205
20,6208
59,6208
60,6209
60,6210
38,6211
60,6212
8,6212
1,6214
59,6214
32,6217
58,6218
1,6219
2,6220
4,6222
9,6222
28,6222
1,6224
44,6225
55,6225
2,6226
18,6226
22,6226
2,6227
8,6227
24,6228
20,6229
49,6229
10,6230
49,6231
12,6232
36,6233
18,6234
44,6234
38,6236
39,6236
26,6238
30,6238
39,6238
13,6239
18,6239
21,6239
30,6240
16,6241
42,6241
1,6242
15,6243
54,6243
1,6244
32,6245
2,6246
3,6246
24,6247
44,6248
51,6249
2,6250
16,6250
1,6251
2,6252
42,6252
57,6253
21,6254
47,6256
59,6256
58,6257
4,6258
18,6259
44,6263
50,6263
19,6264
30,6264
3,6265
27,6268
6,6269
9,6269
27,6269
37,6270
32,6271
36,6271
40,6271
55,6271
10,6272
29,6272
46,6273
49,6274
16,6275
37,6275
45,6277
53,6277
21,6279
52,6280
45,6282
56,6283
9,6284
26,6284
56,6284
17,6285
27,6285
45,6286
39,6287
4,6288
15,6290
17,6290
43,6291
33,6293
7,6295
3,6296
8,6296
18,6296
60,6298
60,6300
29,6301
11,6302
15,6302
13,6304
46,6304
57,6305
33,6306
30,6307
49,6307
42,6308
46,6309
44,6310
23,6311
35,6313
32,6314
33,6314
49,6314
49,6315
59,6315
50,6317
18,6318
39,6318
28,6319
24,6320
42,6321
20,6322
36,6323
7,6324
18,6324
26,6324
48,6324
30,6325
34,6327
41,6327
28,6328
9,6329
24,6329
35,6329
39,6329
60,6330
8,6331
11,6331
20,6331
55,6331
57,6331
60,6332
5,6332
30,6332
54,6332
21,6333
6,6334
25,6334
26,6334
16,6336
38,6337
60,6338
52,6338
5,6339
40,6340
33,6342
45,6342
59,6342
7,6343
23,6344
46,6345
54,6347
23,6351
60,6352
28,6352
37,6352
60,6354
6,6354
52,6354
24,6355
32,6355
24,6357
50,6357
4,6358
26,6358
19,6360
20,6360
37,6362
26,6364
45,6364
28,6365
1,6366
11,6367
48,6367
59,6367
35,6368
1,6369
5,6369
54,6369
2,6370
34,6370
2,6371
1,6373
40,6373
2,6375
35,6377
12,6378
30,6378
57,6380
58,6381
19,6383
43,6383
1,6384
50,6385
24,6386
29,6386
53,6387
6,6388
50,6388
14,6389
30,6389
21,6390
13,6391
48,6391
55,6391
13,6392
49,6393
51,6393
54,6393
11,6396
13,6397
28,6397
51,6397
1,6398
13,6399
12,6400
36,6401
16,6402
1,6403
35,6403
2,6404
25,6404
28,6406
57,6406
29,6407
33,6408
1,6410
1,6411
10,6411
20,6411
30,6411
47,6411
2,6412
10,6412
26,6412
37,6412
39,6412
21,6413
39,6415
2,6417
46,6419
4,6421
44,6421
55,6421
58,6421
52,6422
47,6423
16,6424
42,6424
6,6425
36,6425
28,6427
3,6428
8,6428
43,6428
48,6428
26,6430
41,6431
58,6431
7,6432
31,6432
10,6433
14,6433
53,6433
34,6436
19,6437
7,6438
12,6438
34,6438
57,6438
32,6439
14,6440
25,6440
6,6441
47,6443
41,6444
55,6446
46,6447
52,6447
53,6447
28,6448
25,6450
43,6450
54,6450
43,6451
49,6451
22,6452
51,6452
58,6452
43,6453
11,6454
6,6455
22,6456
36,6456
25,6458
43,6461
23,6465
39,6465
35,6466
10,6468
23,6468
12,6469
16,6469
21,6469
39,6469
28,6471
47,6471
20,6474
30,6474
33,6474
34,6474
1,6475
8,6475
40,6475
49,6475
2,6476
1,6477
41,6477
23,6478
58,6478
1,6481
9,6482
31,6483
2,6485
2,6487
24,6487
25,6487
25,6488
16,6489
3,6491
6,6491
36,6491
40,6492
14,6495
23,6495
57,6495
21,6496
33,6496
36,6496
46,6496
59,6496
19,6499
32,6499
43,6499
53,6499
32,6500
45,6500
55,6501
9,6502
29,6502
45,6503
24,6504
42,6504
53,6504
7,6505
22,6505
27,6505
14,6506
20,6506
34,6506
40,6506
28,6507
35,6507
25,6508
32,6508
44,6508
50,6508
5,6509
18,6510
16,6511
48,6513
37,6515
52,6515
27,6517
52,6517
9,6518
25,6518
57,6521
45,6522
55,6523
9,6524
26,6524
23,6525
15,6526
49,6526
6,6527
45,6527
50,6527
50,6529
50,6530
35,6531
57,6531
59,6531
25,6535
39,6535
44,6535
4,6537
26,6538
34,6539
43,6540
60,6541
49,6541
10,6543
39,6543
9,6544
1,6545
6,6545
39,6545
2,6546
23,6546
55,6546
47,6547
52,6547
56,6547
59,6547
1,6548
1,6549
3,6549
22,6549
51,6549
2,6550
30,6550
34,6550
29,6551
31,6551
2,6552
15,6553
40,6553
4,6554
50,6555
20,6558
19,6559
13,6560
29,6560
37,6560
22,6561
8,6562
60,6563
4,6566
23,6566
18,6567
18,6568
41,6568
27,6569
58,6571
12,6572
45,6572
50,6572
32,6573
57,6577
4,6578
22,6578
1,6579
8,6579
45,6579
2,6581
48,6581
19,6582
35,6582
1,6583
9,6583
4,6584
52,6584
59,6584
16,6585
28,6585
40,6585
2,6586
26,6586
41,6586
34,6587
56,6587
60,6588
23,6588
34,6589
1,6592
59,6594
2,6595
41,6595
10,6596
37,6597
15,6599
1,6602
8,6602
30,6602
37,6602
1,6603
16,6603
37,6603
8,6604
15,6604
43,6604
2,6605
25,6605
52,6605
6,6609
25,6609
1,6610
34,6610
2,6611
30,6611
12,6612
42,6612
57,6612
2,6613
1,6614
41,6614
2,6615
58,6616
1,6618
19,6618
59,6618
33,6619
47,6619
49,6619
59,6619
14,6620
2,6621
31,6621
6,6623
46,6623
15,6624
1,6625
15,6625
17,6625
18,6625
48,6625
25,6627
36,6627
29,6628
50,6628
2,6629
12,6632
4,6633
25,6633
8,6634
49,6634
14,6635
53,6635
57,6635
58,6635
27,6636
40,6636
47,6636
19,6637
28,6638
44,6639
49,6640
26,6641
44,6641
25,6642
27,6642
1,6644
19,6644
32,6644
51,6644
17,6645
50,6648
34,6650
7,6651
25,6651
19,6652
4,6653
32,6653
60,6654
27,6654
31,6654
45,6657
4,6659
24,6659
32,6659
40,6659
24,6660
43,6660
51,6660
48,6661
54,6662
55,6663
60,6664
19,6664
24,6664
43,6664
7,6666
2,6670
6,6670
27,6670
20,6671
49,6671
55,6671
38,6673
12,6674
29,6674
42,6674
39,6675
38,6677
1,6678
35,6678
42,6678
53,6679
2,6680
39,6680
1,6681
7,6681
36,6681
48,6681
8,6682
24,6682
47,6682
55,6683
16,6684
36,6684
49,6684
2,6685
7,6685
10,6685
31,6685
46,6686
47,6686
60,6687
15,6687
60,6689
19,6689
43,6689
52,6689
3,6691
10,6691
12,6691
42,6691
31,6692
60,6693
1,6693
15,6693
2,6695
34,6695
38,6696
50,6698
32,6699
31,6700
37,6700
9,6701
16,6701
16,6703
21,6703
9,6704
22,6704
46,6704
51,6704
53,6704
14,6705
8,6707
7,6708
5,6709
14,6710
34,6712
47,6712
51,6712
18,6713
43,6714
48,6715
12,6717
37,6717
43,6718
57,6718
52,6719
31,6720
53,6723
48,6725
16,6726
58,6726
29,6727
49,6727
40,6728
18,6732
39,6732
48,6733
49,6733
23,6734
38,6734
56,6735
13,6736
17,6736
44,6736
59,6736
6,6737
41,6737
18,6738
33,6738
4,6739
3,6740
36,6741
24,6743
59,6744
56,6746
44,6747
51,6747
25,6749
7,6750
11,6750
15,6751
3,6752
6,6754
20,6754
50,6755
43,6756
15,6757
27,6757
38,6757
25,6759
34,6760
47,6760
18,6762
36,6762
10,6763
30,6763
42,6763
19,6765
54,6767
14,6768
57,6769
43,6771
60,6773
18,6774
33,6774
25,6775
37,6775
54,6777
12,6779
25,6780
36,6781
16,6782
18,6783
34,6783
47,6785
14,6788
14,6791
6,6792
17,6792
34,6795
59,6796
33,6797
38,6798
9,6799
22,6804
12,6805
42,6805
8,6811
39,6811
60,6813
6,6813
16,6813
22,6813
57,6814
57,6815
24,6816
29,6816
54,6816
5,6818
23,6818
34,6819
4,6820
45,6820
24,6821
12,6822
35,6822
38,6824
23,6827
40,6828
15,6829
5,6830
9,6830
36,6830
53,6832
41,6833
23,6834
36,6834
10,6835
35,6835
15,6836
15,6837
37,6837
37,6838
32,6839
34,6839
33,6840
58,6840
38,6841
15,6842
4,6844
21,6844
28,6844
52,6845
59,6845
3,6846
11,6847
54,6848
49,6849
6,6850
7,6850
5,6851
31,6852
36,6852
41,6852
51,6853
52,6855
5,6856
15,6856
12,6859
50,6859
17,6860
52,6860
47,6861
25,6862
3,6863
52,6864
38,6865
4,6867
18,6867
4,6868
60,6869
7,6869
28,6874
9,6875
8,6876
36,6876
39,6876
33,6877
37,6877
50,6878
22,6880
17,6881
10,6882
3,6883
36,6884
10,6886
13,6886
19,6886
53,6887
23,6888
25,6889
3,6890
28,6893
54,6894
31,6895
39,6896
59,6896
17,6898
11,6899
1,6901
48,6901
1,6902
39,6902
59,6902
2,6903
1,6904
26,6905
44,6905
59,6905
4,6908
51,6908
20,6909
47,6909
49,6909
52,6910
25,6912
46,6912
48,6912
59,6912
19,6913
22,6913
2,6915
6,6916
45,6916
49,6916
2,6917
38,6917
49,6917
25,6918
32,6918
54,6918
55,6919
21,6920
49,6922
57,6922
41,6923
21,6924
12,6926
14,6926
37,6927
44,6928
11,6929
39,6929
7,6933
41,6933
49,6934
24,6935
51,6935
5,6937
39,6938
20,6940
37,6940
44,6940
49,6940
3,6941
12,6941
50,6942
6,6943
32,6944
10,6946
35,6947
37,6947
31,6949
58,6949
8,6950
8,6952
23,6952
35,6953
7,6954
48,6954
54,6955
12,6956
47,6956
33,6957
35,6958
19,6959
51,6959
42,6960
19,6961
30,6961
34,6961
46,6961
55,6961
45,6963
26,6964
29,6964
44,6965
60,6966
31,6966
39,6966
50,6967
11,6968
22,6969
51,6970
45,6972
42,6973
20,6974
11,6975
42,6975
17,6976
48,6976
13,6977
37,6977
40,6977
41,6980
49,6981
21,6982
47,6982
23,6983
46,6983
13,6984
59,6985
32,6986
29,6989
43,6989
50,6990
59,6991
8,6992
32,6994
36,6995
39,6995
47,6995
17,6996
33,6996
37,6996
11,6997
23,6997
55,6997
37,6999
8,7000
32,7002
44,7002
53,7002
38,7003
45,7003
53,7003
57,7003
21,7004
8,7005
20,7005
36,7006
38,7007
42,7008
39,7009
15,7010
37,7010
47,7010
35,7011
23,7013
31,7013
24,7014
32,7014
55,7014
57,7015
15,7016
56,7016
52,7019
43,7020
10,7021
52,7022
59,7022
8,7023
40,7023
42,7023
29,7024
46,7025
25,7026
32,7026
47,7026
51,7026
1,7027
11,7027
23,7027
1,7028
4,7028
9,7029
24,7029
52,7029
51,7030
54,7031
5,7032
14,7032
7,7033
2,7034
57,7034
29,7038
8,7039
16,7039
45,7039
2,7040
39,7040
1,7042
39,7042
2,7043
21,7044
20,7045
27,7047
12,7048
46,7048
49,7049
55,7051
5,7054
17,7057
8,7058
26,7060
5,7061
47,7061
45,7063
51,7065
12,7067
17,7067
1,7068
14,7068
53,7068
2,7069
35,7069
35,7070
31,7071
34,7071
1,7072
2,7075
36,7075
57,7076
1,7077
20,7077
2,7079
15,7079
23,7079
45,7079
30,7080
60,7081
28,7081
4,7082
1,7083
16,7083
2,7084
53,7084
57,7084
1,7085
2,7086
26,7086
1,7087
2,7088
6,7088
16,7088
45,7088
37,7090
23,7091
36,7092
45,7094
22,7095
27,7095
51,7095
17,7097
3,7098
51,7098
54,7098
52,7099
7,7100
11,7100
53,7100
18,7102
31,7102
17,7103
20,7103
20,7106
13,7107
39,7108
24,7109
48,7109
21,7111
33,7111
56,7113
13,7114
30,7114
3,7115
25,7115
31,7116
55,7116
36,7117
5,7118
58,7118
10,7119
18,7119
39,7119
47,7120
56,7124
18,7126
29,7126
6,7127
3,7128
4,7128
51,7128
7,7129
23,7129
11,7130
28,7134
26,7136
4,7137
28,7137
17,7138
60,7139
9,7140
9,7141
15,7141
33,7142
8,7143
8,7144
9,7144
28,7144
29,7145
33,7145
11,7146
22,7147
50,7148
42,7149
17,7150
55,7150
33,7153
47,7153
46,7155
56,7157
16,7158
24,7160
50,7162
59,7162
57,7163
17,7164
54,7164
15,7165
12,7169
57,7171
30,7172
31,7173
8,7175
8,7177
26,7179
27,7179
10,7181
12,7182
15,7182
1,7183
29,7183
32,7183
48,7183
22,7184
27,7184
46,7184
21,7188
39,7189
5,7191
2,7192
16,7192
12,7193
36,7193
58,7193
21,7194
34,7194
37,7194
2,7196
53,7196
18,7198
41,7199
53,7200
57,7200
15,7201
22,7201
12,7202
19,7202
57,7202
38,7203
44,7203
52,7205
12,7208
16,7208
27,7208
23,7212
16,7214
36,7214
55,7215
24,7216
56,7217
25,7218
23,7219
45,7219
15,7220
5,7221
53,7222
14,7224
32,7224
54,7224
10,7225
51,7226
56,7226
8,7227
14,7227
43,7227
56,7227
1,7228
1,7229
12,7229
45,7231
2,7232
31,7233
4,7234
21,7234
2,7236
49,7236
13,7237
1,7241
31,7242
3,7243
7,7243
32,7243
8,7244
25,7244
2,7245
21,7245
19,7247
9,7250
28,7251
41,7251
13,7252
21,7252
47,7252
48,7252
56,7255
27,7258
32,7258
60,7259
13,7259
34,7259
51,7259
5,7260
13,7262
16,7262
56,7262
27,7263
29,7263
53,7264
6,7265
53,7265
16,7266
37,7266
40,7266
35,7269
23,7270
60,7271
8,7272
22,7272
25,7272
52,7272
32,7273
47,7274
58,7274
32,7275
50,7275
27,7276
53,7276
7,7277
34,7279
48,7282
27,7283
18,7284
49,7284
28,7285
13,7286
52,7286
15,7287
49,7287
23,7288
54,7288
6,7291
10,7291
6,7293
44,7294
4,7295
38,7295
1,7297
20,7297
46,7299
1,7301
3,7301
13,7301
19,7302
38,7302
2,7303
12,7303
14,7303
52,7303
1,7304
6,7304
12,7304
18,7304
13,7305
56,7305
2,7306
14,7306
2,7307
3,7308
48,7308
26,7309
38,7309
46,7310
23,7311
59,7313
52,7315
4,7317
11,7317
51,7317
11,7320
27,7320
40,7320
33,7321
15,7323
9,7324
54,7324
13,7325
11,7326
18,7327
30,7329
31,7330
41,7330
10,7331
13,7331
19,7332
30,7332
43,7333
47,7333
1,7334
10,7334
45,7334
32,7335
4,7336
1,7337
48,7337
27,7338
2,7340
18,7340
26,7340
42,7340
2,7341
12,7341
13,7342
1,7345
20,7346
51,7346
2,7347
3,7347
5,7348
16,7351
30,7351
5,7352
59,7352
19,7353
46,7353
13,7354
53,7355
29,7356
6,7358
54,7358
12,7362
29,7362
49,7362
26,7363
53,7364
38,7365
47,7365
37,7366
42,7367
22,7368
45,7368
30,7370
10,7371
60,7373
30,7373
34,7373
29,7374
53,7375
24,7378
53,7378
58,7379
54,7381
56,7383
11,7384
56,7384
22,7385
44,7385
17,7386
36,7387
42,7387
36,7388
43,7390
44,7393
53,7394
49,7395
54,7395
3,7396
24,7396
43,7396
31,7397
10,7398
21,7398
51,7398
21,7400
41,7400
58,7400
16,7401
37,7401
48,7402
49,7402
9,7404
22,7404
30,7404
31,7404
23,7405
28,7405
50,7405
25,7408
26,7408
54,7408
59,7408
32,7409
38,7409
47,7409
38,7410
14,7413
25,7414
26,7415
36,7416
5,7417
10,7418
49,7418
50,7418
23,7421
55,7421
4,7422
36,7422
3,7423
54,7423
16,7424
17,7425
38,7425
24,7426
29,7426
42,7427
51,7427
7,7428
33,7428
1,7429
10,7429
4,7430
22,7432
45,7434
51,7434
28,7435
43,7435
46,7435
4,7436
6,7436
14,7437
30,7438
32,7439
46,7439
51,7440
26,7441
29,7441
43,7441
8,7442
30,7442
35,7442
22,7444
37,7444
57,7445
10,7446
49,7446
7,7448
53,7448
7,7449
18,7451
37,7451
20,7453
16,7454
30,7455
51,7455
21,7456
33,7456
11,7458
25,7459
55,7459
50,7461
56,7462
10,7463
40,7463
9,7464
52,7464
27,7465
46,7465
24,7466
31,7466
32,7466
52,7467
6,7471
14,7471
21,7472
38,7475
46,7477
11,7478
29,7478
1,7479
36,7479
49,7480
15,7482
2,7483
3,7483
5,7483
41,7483
1,7484
2,7485
9,7485
19,7486
1,7487
14,7488
2,7489
15,7489
39,7491
41,7491
6,7492
11,7495
9,7496
13,7497
31,7497
45,7497
46,7498
13,7499
15,7499
54,7499
48,7501
29,7506
56,7507
5,7508
11,7508
20,7508
24,7508
48,7509
8,7510
12,7510
21,7510
27,7510
57,7510
4,7511
41,7511
49,7511
26,7512
29,7512
7,7514
23,7514
33,7514
56,7514
10,7515
28,7515
54,7515
16,7516
26,7517
32,7517
17,7519
36,7519
58,7519
38,7521
10,7522
21,7522
37,7523
56,7523
15,7525
23,7525
41,7525
51,7527
36,7528
51,7528
6,7529
4,7530
52,7531
24,7532
27,7532
12,7533
20,7533
6,7534
60,7535
19,7535
41,7535
49,7538
15,7540
48,7541
19,7542
43,7544
7,7547
42,7547
7,7548
22,7548
30,7548
57,7548
56,7552
34,7553
12,7554
45,7554
51,7555
19,7557
47,7557
49,7561
35,7562
39,7562
57,7562
19,7563
30,7564
31,7564
55,7564
3,7565
31,7565
42,7565
5,7566
9,7566
42,7567
20,7569
48,7569
52,7569
3,7570
24,7570
55,7571
36,7572
39,7573
22,7574
21,7577
42,7577
1,7580
7,7580
33,7580
34,7580
4,7581
55,7581
1,7583
10,7585
10,7586
20,7586
45,7586
31,7587
38,7587
50,7587
3,7588
35,7588
50,7588
15,7589
33,7590
52,7590
20,7591
41,7591
52,7591
33,7592
41,7592
22,7593
43,7593
27,7594
33,7594
3,7596
42,7599
43,7599
24,7600
56,7600
60,7601
47,7601
30,7602
7,7603
27,7603
10,7605
15,7605
28,7606
41,7606
16,7607
44,7607
10,7609
5,7612
39,7612
23,7613
49,7614
13,7616
55,7616
60,7618
11,7618
6,7619
21,7619
38,7619
53,7619
27,7621
48,7621
54,7622
53,7623
48,7624
10,7625
46,7625
8,7627
16,7627
22,7629
12,7630
34,7630
40,7630
41,7631
59,7631
34,7632
14,7633
24,7637
23,7638
39,7638
20,7639
46,7639
35,7640
17,7641
1,7646
9,7646
58,7647
10,7648
46,7648
1,7649
2,7650
1,7651
8,7651
28,7651
31,7651
37,7651
1,7652
32,7652
51,7652
2,7653
34,7653
2,7655
12,7655
52,7656
2,7660
52,7660
22,7661
24,7662
4,7663
15,7663
9,7664
4,7665
21,7665
25,7665
54,7665
14,7666
50,7666
32,7667
2,7668
13,7669
28,7669
5,7670
23,7672
32,7672
19,7673
26,7674
22,7675
4,7677
23,7677
22,7678
4,7680
38,7680
16,7681
16,7684
21,7686
30,7686
59,7686
59,7687
27,7690
4,7692
23,7692
32,7693
39,7693
3,7695
20,7695
56,7695
7,7696
25,7696
49,7696
16,7700
49,7701
25,7702
39,7702
8,7703
1,7704
10,7704
28,7704
2,7705
1,7706
20,7706
50,7706
2,7707
46,7707
1,7708
2,7709
26,7711
30,7711
43,7711
38,7712
55,7713
27,7714
33,7715
40,7717
50,7717
60,7718
19,7720
32,7721
27,7722
24,7723
25,7724
9,7725
22,7726
57,7726
30,7727
49,7727
40,7731
28,7732
43,7732
39,7733
24,7734
30,7734
55,7734
11,7735
39,7735
28,7740
33,7740
37,7740
3,7742
37,7742
45,7742
18,7743
31,7743
37,7747
18,7748
20,7748
35,7748
7,7749
6,7752
11,7752
60,7753
12,7754
14,7755
42,7755
47,7755
52,7755
5,7757
24,7757
41,7758
60,7759
6,7759
36,7760
1,7761
2,7762
6,7762
1,7765
2,7766
13,7766
18,7766
9,7767
33,7767
1,7768
2,7769
32,7769
10,7770
37,7770
42,7772
53,7772
57,7772
38,7773
49,7773
6,7775
52,7775
55,7776
60,7777
44,7778
11,7779
1,7780
45,7780
29,7781
1,7782
30,7782
50,7782
56,7782
2,7783
44,7784
58,7784
21,7785
48,7785
53,7787
2,7788
56,7788
58,7788
1,7790
38,7790
7,7791
56,7791
2,7792
14,7792
4,7794
33,7795
12,7796
46,7796
54,7796
5,7801
12,7802
19,7805
54,7805
28,7806
47,7808
55,7808
22,7810
30,7810
31,7811
34,7811
38,7811
4,7813
58,7814
4,7816
8,7816
18,7816
10,7817
11,7818
23,7819
60,7821
12,7824
36,7824
4,7825
30,7825
44,7825
1,7826
8,7826
27,7826
41,7827
10,7829
13,7829
10,7830
2,7831
34,7831
38,7831
58,7831
1,7832
31,7832
42,7832
2,7833
6,7834
46,7834
1,7835
25,7836
49,7837
2,7838
59,7838
30,7839
28,7841
7,7844
25,7844
52,7844
40,7845
7,7847
41,7847
49,7847
20,7848
42,7848
51,7848
46,7850
3,7851
47,7852
34,7853
17,7854
35,7854
27,7856
5,7858
9,7858
16,7858
30,7858
36,7858
38,7859
46,7861
54,7863
7,7865
22,7865
49,7865
43,7866
37,7867
56,7868
9,7869
55,7869
33,7870
58,7870
8,7871
29,7871
34,7872
40,7872
48,7872
24,7873
50,7875
28,7877
35,7880
17,7881
1,7882
1,7883
13,7883
14,7884
39,7885
2,7886
11,7886
16,7887
27,7888
45,7888
59,7889
1,7890
4,7890
43,7890
2,7891
20,7891
2,7892
29,7892
31,7892
52,7895
29,7896
47,7897
17,7898
13,7901
14,7901
15,7901
49,7901
46,7904
52,7907
34,7908
41,7908
58,7908
28,7909
24,7910
40,7910
60,7911
34,7912
28,7913
15,7914
17,7914
29,7914
31,7916
42,7916
50,7916
23,7917
47,7917
53,7917
50,7919
27,7921
12,7923
50,7923
33,7924
30,7925
55,7926
5,7927
14,7927
55,7928
55,7929
59,7929
45,7932
45,7933
33,7934
59,7935
29,7937
54,7937
38,7938
1,7939
14,7939
17,7939
39,7942
19,7943
45,7945
13,7946
20,7946
54,7946
17,7947
24,7947
40,7947
42,7950
22,7951
31,7951
1,7952
3,7953
7,7953
45,7953
59,7953
30,7954
22,7955
2,7956
27,7956
1,7957
42,7957
2,7958
38,7958
20,7959
21,7960
25,7960
32,7961
46,7962
55,7962
60,7963
1,7963
16,7963
28,7963
2,7964
24,7964
33,7964
54,7964
59,7964
58,7965
8,7966
7,7967
57,7967
44,7968
44,7969
25,7970
50,7970
35,7971
5,7975
30,7975
32,7975
46,7976
22,7978
50,7978
17,7979
20,7979
46,7979
30,7980
32,7980
50,7980
17,7982
11,7983
14,7984
8,7986
13,7986
13,7987
9,7988
31,7991
58,7993
37,7994
6,7995
20,7995
40,7995
12,7996
24,7998
43,7999
39,8000
4,8001
12,8001
34,8001
17,8002
23,8002
47,8002
32,8004
37,8006
51,8006
5,8007
10,8007
37,8009
40,8009
46,8009
53,8010
59,8010
16,8011
17,8011
10,8013
23,8013
35,8013
27,8014
34,8014
8,8015
32,8015
29,8016
23,8017
37,8017
5,8018
16,8018
9,8019
55,8019
13,8020
48,8020
60,8021
1,8022
14,8022
35,8023
2,8024
12,8024
56,8026
1,8028
24,8028
36,8028
2,8029
37,8029
52,8029
20,8030
32,8030
1,8032
41,8032
48,8032
52,8032
42,8033
2,8034
40,8034
50,8038
9,8039
29,8039
58,8040
55,8041
28,8042
12,8044
36,8046
18,8047
54,8049
24,8053
37,8054
55,8054
43,8056
45,8056
4,8058
16,8059
29,8060
43,8060
3,8061
34,8061
38,8062
13,8063
38,8063
48,8064
26,8067
28,8067
11,8068
40,8069
46,8069
34,8070
60,8071
57,8071
6,8073
42,8073
11,8076
20,8077
54,8077
47,8078
34,8081
21,8082
54,8082
36,8083
16,8084
19,8085
47,8086
11,8088
35,8088
39,8089
46,8089
53,8091
12,8092
36,8093
18,8095
8,8096
12,8096
47,8096
56,8099
18,8100
16,8102
23,8102
14,8103
41,8103
1,8105
54,8105
36,8106
32,8107
33,8107
34,8107
43,8107
57,8107
1,8108
48,8110
2,8111
2,8113
15,8113
42,8113
52,8115
58,8115
40,8117
53,8117
60,8118
41,8119
27,8120
40,8120
1,8121
28,8121
2,8123
8,8123
24,8123
54,8123
25,8124
18,8126
20,8126
52,8127
51,8129
24,8133
31,8133
42,8133
15,8134
51,8134
34,8135
12,8136
52,8136
35,8137
44,8137
57,8137
57,8138
15,8139
56,8139
43,8140
53,8142
9,8143
38,8143
26,8144
5,8145
54,8145
44,8146
4,8148
3,8149
15,8149
60,8151
19,8151
31,8151
41,8152
26,8153
35,8154
40,8154
21,8155
29,8155
39,8155
49,8155
28,8156
48,8156
20,8157
27,8157
58,8157
11,8159
59,8159
22,8160
45,8160
16,8161
19,8161
52,8161
23,8162
6,8163
58,8166
26,8168
27,8168
4,8169
8,8169
12,8169
54,8169
19,8170
23,8171
26,8171
8,8172
17,8172
44,8172
25,8174
55,8174
3,8178
30,8178
10,8179
45,8179
31,8181
49,8182
41,8183
3,8184
40,8184
57,8185
27,8186
35,8187
8,8188
57,8188
19,8190
26,8190
45,8191
49,8191
19,8193
25,8194
1,8195
40,8195
2,8196
1,8197
1,8198
5,8198
25,8199
59,8199
25,8201
41,8201
2,8202
6,8202
55,8202
23,8203
28,8203
53,8204
2,8205
48,8205
51,8205
10,8207
15,8207
25,8207
55,8207
8,8208
23,8208
33,8208
26,8209
34,8209
47,8209
47,8211
28,8212
4,8213
46,8213
47,8213
48,8213
35,8214
21,8219
3,8221
6,8221
15,8223
27,8224
9,8226
49,8228
3,8229
31,8230
39,8230
13,8231
60,8233
28,8233
40,8234
9,8235
45,8235
29,8238
39,8238
56,8238
28,8240
38,8240
26,8241
42,8242
1,8243
19,8243
42,8243
59,8244
2,8245
36,8245
1,8246
9,8247
2,8248
12,8248
46,8248
56,8248
60,8249
1,8249
21,8249
24,8249
2,8250
36,8252
49,8253
2,8254
54,8254
54,8256
50,8257
6,8258
13,8258
35,8258
58,8258
15,8259
50,8259
1,8260
57,8260
60,8261
2,8261
19,8261
31,8261
1,8262
28,8263
56,8264
1,8265
2,8267
28,8267
2,8268
10,8268
35,8269
14,8271
39,8271
39,8272
16,8273
20,8273
34,8275
46,8275
57,8275
28,8276
41,8277
58,8277
40,8279
42,8280
58,8280
29,8282
6,8283
45,8284
22,8285
32,8285
24,8286
31,8286
34,8286
35,8286
40,8286
38,8287
15,8288
24,8288
33,8288
16,8291
35,8291
24,8293
44,8294
53,8294
29,8295
2,8296
8,8297
26,8297
53,8298
3,8299
15,8300
15,8302
3,8304
43,8304
3,8305
14,8305
11,8307
15,8307
41,8308
44,8309
32,8312
57,8312
19,8313
40,8313
4,8314
36,8314
28,8315
53,8315
34,8316
37,8316
40,8316
33,8317
36,8317
47,8317
58,8317
28,8319
2,8320
4,8321
5,8322
7,8322
34,8322
50,8322
9,8323
5,8326
23,8327
4,8328
12,8329
59,8329
16,8331
24,8331
33,8331
54,8331
23,8332
11,8333
33,8333
1,8334
28,8334
1,8335
42,8335
2,8336
2,8337
53,8337
3,8338
48,8338
1,8339
3,8341
60,8342
2,8343
7,8343
40,8343
53,8343
43,8344
48,8344
28,8346
44,8346
54,8346
11,8347
17,8347
53,8347
57,8348
15,8349
44,8349
11,8350
13,8350
22,8351
40,8352
47,8352
18,8353
30,8353
42,8354
11,8355
42,8356
35,8357
39,8358
19,8359
47,8360
45,8364
48,8364
54,8366
25,8367
27,8367
60,8368
56,8368
32,8369
55,8370
60,8371
39,8371
34,8372
39,8373
25,8374
27,8374
11,8375
60,8377
27,8377
60,8378
21,8380
19,8381
7,8383
17,8383
10,8384
11,8385
49,8385
25,8386
33,8386
47,8386
21,8387
8,8390
14,8390
15,8390
41,8390
56,8391
19,8392
22,8392
40,8392
23,8393
25,8393
46,8393
49,8394
34,8396
3,8397
29,8397
37,8398
51,8398
59,8398
11,8399
36,8400
33,8402
50,8402
58,8402
60,8403
3,8403
10,8403
20,8403
50,8403
3,8404
47,8406
13,8408
34,8408
10,8410
1,8411
51,8411
1,8412
33,8412
56,8412
39,8413
46,8413
52,8413
25,8414
11,8416
2,8417
6,8417
21,8417
2,8418
14,8418
14,8419
28,8419
53,8419
1,8421
32,8421
35,8421
2,8422
12,8422
17,8422
42,8422
47,8422
19,8423
9,8425
57,8427
45,8429
10,8431
17,8433
58,8433
35,8437
48,8437
56,8437
59,8437
19,8438
32,8438
59,8438
38,8439
55,8439
59,8439
33,8440
48,8440
57,8441
44,8443
4,8444
32,8444
26,8445
26,8446
37,8446
38,8446
10,8448
10,8449
24,8449
29,8450
38,8450
31,8451
6,8452
9,8452
15,8453
10,8454
22,8454
55,8454
34,8455
20,8456
50,8456
2,8461
19,8461
34,8461
22,8462
10,8463
25,8463
30,8463
39,8464
6,8465
27,8465
42,8466
43,8467
44,8467
47,8467
59,8467
31,8469
39,8469
9,8470
49,8470
38,8472
41,8472
7,8473
8,8473
16,8473
50,8473
14,8475
34,8475
21,8476
22,8476
1,8477
44,8477
14,8478
5,8479
1,8480
30,8481
37,8481
2,8482
27,8482
2,8483
3,8483
1,8484
13,8484
2,8485
3,8485
44,8485
23,8486
41,8488
13,8489
50,8489
58,8490
9,8491
37,8491
38,8492
8,8494
24,8494
26,8496
46,8497
50,8499
3,8500
9,8500
46,8500
25,8501
47,8501
22,8502
16,8504
60,8505
31,8505
48,8506
4,8507
40,8507
42,8509
2,8511
14,8511
15,8512
57,8513
42,8514
54,8514
30,8517
35,8518
54,8518
5,8519
25,8519
47,8519
53,8519
54,8519
19,8520
43,8520
47,8520
3,8521
37,8521
54,8521
7,8522
46,8523
1,8524
42,8524
46,8525
59,8525
34,8526
49,8526
2,8527
38,8527
1,8528
17,8528
57,8528
39,8529
51,8530
45,8532
12,8533
1,8535
7,8535
24,8535
30,8535
33,8535
53,8535
2,8536
29,8536
2,8537
46,8538
12,8539
46,8539
41,8541
23,8542
3,8543
20,8543
15,8544
3,8545
10,8545
36,8545
47,8545
9,8546
55,8546
41,8547
60,8548
25,8548
58,8548
12,8550
46,8550
1,8551
5,8551
32,8551
2,8552
41,8553
52,8553
22,8555
24,8555
15,8556
1,8557
2,8558
38,8558
27,8559
1,8560
56,8560
2,8561
9,8563
22,8563
48,8564
59,8566
6,8567
58,8570
6,8571
33,8571
34,8571
47,8571
24,8572
11,8574
26,8574
59,8574
21,8577
4,8579
6,8580
23,8581
50,8581
54,8581
34,8582
55,8582
25,8584
19,8585
31,8586
46,8589
19,8590
47,8592
45,8594
24,8595
15,8596
37,8596
17,8597
22,8598
60,8599
27,8599
35,8599
55,8599
57,8600
29,8601
25,8602
28,8602
22,8603
31,8603
60,8604
33,8604
16,8607
31,8607
4,8608
20,8608
9,8609
34,8609
53,8610
24,8611
19,8612
56,8613
49,8614
26,8615
27,8615
52,8615
42,8617
3,8618
13,8618
51,8621
10,8622
16,8623
17,8625
43,8625
56,8626
24,8627
25,8628
29,8628
17,8629
35,8629
20,8630
36,8630
19,8631
3,8633
14,8633
54,8633
24,8638
33,8638
34,8638
39,8638
48,8638
51,8638
58,8639
4,8640
24,8640
37,8640
41,8640
1,8643
15,8643
22,8643
55,8643
9,8644
27,8645
9,8647
26,8649
51,8650
58,8651
11,8652
17,8654
44,8655
20,8656
26,8656
38,8658
4,8659
22,8661
4,8662
46,8662
47,8662
35,8663
16,8664
50,8664
23,8665
28,8665
17,8666
3,8667
53,8667
3,8668
47,8668
26,8669
11,8671
17,8671
49,8671
24,8672
40,8673
45,8673
19,8675
44,8675
55,8676
7,8677
51,8677
45,8679
52,8679
48,8682
36,8685
3,8686
7,8686
30,8687
53,8688
3,8689
4,8689
18,8689
40,8689
39,8690
3,8693
26,8693
29,8695
25,8696
54,8697
1,8698
7,8698
30,8698
20,8699
46,8699
2,8700
17,8700
33,8700
1,8701
55,8701
13,8702
31,8702
49,8702
2,8705
47,8705
1,8706
51,8706
2,8707
17,8708
27,8708
59,8708
28,8712
20,8713
9,8715
3,8718
22,8718
49,8719
12,8722
18,8722
22,8723
27,8724
27,8725
20,8726
21,8726
8,8727
57,8727
1,8728
26,8729
1,8730
55,8730
2,8731
6,8731
1,8732
46,8735
55,8735
46,8736
2,8738
42,8738
5,8739
15,8739
36,8739
24,8740
47,8740
47,8741
9,8742
10,8743
14,8743
24,8743
40,8744
49,8744
20,8745
60,8746
11,8746
26,8750
29,8750
5,8751
17,8751
17,8752
27,8752
37,8752
47,8752
2,8753
36,8755
10,8757
26,8757
40,8757
9,8758
8,8759
15,8759
19,8759
56,8760
19,8761
23,8761
30,8761
9,8762
46,8765
1,8766
55,8766
1,8767
8,8767
23,8768
40,8768
57,8768
2,8769
7,8769
29,8769
2,8772
9,8773
60,8775
50,8775
58,8776
1,8777
16,8778
2,8780
48,8780
4,8781
33,8781
12,8782
19,8782
40,8782
57,8782
58,8782
27,8783
41,8783
3,8784
28,8786
40,8787
59,8787
13,8788
51,8788
13,8789
3,8792
7,8792
55,8792
34,8793
40,8793
30,8794
32,8796
8,8797
40,8797
20,8799
57,8799
56,8800
23,8802
24,8802
35,8802
19,8803
20,8803
50,8804
30,8806
51,8807
26,8808
16,8809
17,8809
25,8809
28,8811
36,8811
13,8812
14,8812
33,8812
47,8812
36,8813
18,8816
7,8817
24,8817
1,8818
5,8818
8,8818
32,8818
29,8819
35,8819
1,8821
57,8821
2,8822
54,8822
2,8823
1,8824
33,8824
35,8824
44,8824
2,8825
44,8826
16,8827
54,8827
5,8829
50,8829
56,8830
27,8831
7,8832
12,8832
32,8832
54,8832
27,8833
8,8834
55,8835
33,8837
35,8837
36,8837
49,8837
37,8838
57,8838
31,8839
37,8839
54,8839
60,8840
26,8840
57,8840
46,8842
15,8843
22,8844
44,8846
45,8849
59,8851
57,8852
59,8852
51,8853
40,8854
10,8856
49,8856
11,8857
20,8857
45,8857
60,8858
24,8859
16,8860
17,8860
54,8860
53,8861
34,8862
15,8863
32,8863
45,8863
9,8864
51,8865
19,8868
24,8868
31,8868
49,8870
37,8871
52,8872
53,8872
17,8873
21,8874
29,8874
37,8874
33,8876
1,8878
15,8878
59,8880
1,8881
8,8881
12,8881
36,8882
42,8882
2,8883
52,8883
2,8884
46,8884
1,8885
37,8885
13,8886
21,8886
3,8887
30,8887
41,8887
48,8887
3,8888
9,8888
2,8890
35,8890
39,8890
33,8892
35,8893
60,8894
6,8894
19,8894
11,8895
16,8895
29,8895
37,8896
53,8897
12,8899
23,8900
32,8900
13,8902
29,8902
3,8903
53,8903
1,8904
48,8904
2,8905
5,8905
47,8905
1,8906
2,8908
1,8909
28,8909
2,8910
19,8910
12,8911
20,8911
44,8911
16,8914
4,8915
4,8916
18,8916
36,8916
40,8916
54,8916
35,8917
47,8917
60,8918
17,8918
29,8918
40,8918
45,8919
13,8920
44,8920
13,8921
19,8921
18,8922
24,8922
38,8922
8,8923
58,8926
27,8929
34,8930
33,8933
47,8934
20,8935
35,8936
21,8937
15,8938
39,8938
19,8939
35,8939
39,8940
13,8943
28,8943
21,8944
37,8945
11,8947
8,8951
24,8951
25,8951
56,8953
46,8955
2,8956
48,8956
7,8957
55,8957
12,8958
15,8958
22,8958
43,8958
12,8960
35,8960
58,8960
41,8962
37,8963
47,8963
55,8963
22,8964
47,8964
49,8964
30,8966
60,8968
23,8968
21,8969
10,8971
21,8971
38,8971
47,8971
28,8972
59,8972
43,8973
57,8973
43,8974
9,8976
16,8976
42,8977
56,8978
19,8979
35,8979
1,8981
22,8981
2,8982
28,8982
41,8982
3,8983
1,8984
17,8984
19,8984
38,8984
2,8985
31,8985
35,8985
36,8985
1,8986
44,8986
2,8987
3,8987
35,8988
52,8988
23,8989
31,8989
10,8990
40,8990
44,8990
3,8991
22,8991
26,8992
5,8993
47,8993
52,8994
58,8994
54,8995
41,8999
13,9000
41,9000
8,9001
35,9001
23,9002
52,9008
59,9008
5,9010
38,9010
11,9012
25,9012
10,9013
33,9013
37,9014
22,9015
8,9017
18,9017
21,9017
58,9017
47,9019
54,9019
25,9020
13,9021
30,9021
43,9021
39,9022
13,9023
48,9023
52,9023
35,9024
36,9024
52,9026
48,9027
22,9029
13,9030
48,9030
36,9032
55,9032
11,9035
35,9035
37,9038
15,9039
18,9039
34,9039
45,9039
43,9040
16,9041
29,9041
33,9041
45,9043
52,9043
54,9043
3,9044
45,9044
59,9045
23,9046
6,9047
18,9048
40,9048
3,9049
47,9049
56,9049
39,9050
32,9051
34,9051
45,9051
23,9053
50,9054
41,9055
53,9055
1,9056
21,9056
24,9056
46,9056
1,9057
28,9057
54,9057
2,9060
23,9060
2,9061
15,9061
23,9061
48,9061
55,9061
46,9062
25,9063
38,9065
37,9066
1,9067
17,9067
41,9067
46,9067
18,9068
28,9068
30,9068
38,9068
2,9070
33,9070
43,9070
47,9072
43,9073
26,9075
13,9076
4,9078
54,9078
54,9079
17,9080
53,9080
11,9082
21,9082
58,9082
53,9083
54,9083
14,9084
25,9084
36,9084
44,9084
45,9085
3,9086
59,9086
26,9090
41,9091
49,9092
12,9093
17,9094
49,9094
3,9095
26,9095
36,9095
14,9097
11,9098
22,9098
36,9099
11,9100
14,9100
35,9100
12,9101
33,9102
55,9103
8,9107
36,9107
23,9108
13,9111
35,9113
50,9114
59,9114
1,9115
47,9115
58,9115
25,9117
12,9120
3,9121
36,9121
21,9122
40,9122
14,9123
40,9123
16,9124
45,9124
46,9125
9,9126
38,9126
44,9126
58,9126
37,9129
43,9129
30,9130
38,9133
45,9135
17,9136
12,9137
48,9139
56,9139
5,9140
35,9140
6,9141
22,9143
46,9143
15,9144
13,9147
11,9148
14,9148
25,9148
44,9148
11,9150
9,9151
34,9151
48,9152
50,9152
49,9153
10,9154
11,9154
45,9154
16,9155
17,9158
38,9158
7,9159
38,9160
44,9161
52,9161
28,9162
11,9163
13,9163
40,9163
17,9164
25,9164
37,9164
57,9164
59,9165
56,9166
5,9167
46,9167
21,9170
20,9171
58,9171
28,9172
41,9172
22,9173
45,9175
23,9176
50,9178
56,9178
30,9179
36,9179
9,9180
49,9181
8,9182
51,9182
42,9184
27,9185
48,9185
17,9186
18,9186
50,9186
57,9188
11,9191
52,9191
11,9192
22,9192
36,9192
41,9192
44,9192
4,9194
16,9196
21,9196
28,9196
44,9196
32,9197
48,9197
4,9198
36,9199
13,9200
26,9200
27,9200
47,9200
40,9202
60,9203
35,9205
44,9206
24,9207
17,9208
40,9208
4,9209
27,9209
32,9209
23,9210
54,9210
26,9211
5,9212
27,9212
48,9212
60,9214
40,9214
41,9214
34,9215
39,9215
20,9216
7,9219
26,9219
41,9219
28,9220
40,9220
43,9221
24,9224
50,9224
49,9226
10,9227
11,9227
48,9227
17,9228
21,9229
17,9234
46,9234
18,9237
7,9238
3,9239
30,9243
50,9245
54,9245
3,9246
1,9249
1,9250
7,9250
2,9251
58,9253
37,9255
10,9257
38,9257
2,9260
52,9260
1,9261
31,9261
43,9262
47,9262
59,9262
8,9263
2,9264
26,9264
45,9264
51,9264
52,9265
57,9266
24,9267
48,9267
1,9268
27,9268
54,9268
55,9268
22,9269
34,9269
22,9270
37,9270
1,9271
32,9271
53,9272
2,9273
1,9274
27,9274
33,9274
49,9274
51,9276
2,9277
6,9277
2,9278
25,9278
6,9279
52,9279
38,9280
39,9281
56,9281
18,9282
32,9282
28,9284
5,9285
50,9285
15,9286
17,9288
29,9288
56,9288
24,9289
48,9291
52,9291
42,9293
33,9294
59,9295
19,9296
27,9296
21,9297
24,9297
13,9299
42,9299
42,9301
35,9302
56,9303
45,9305
18,9306
13,9309
24,9309
36,9309
38,9309
40,9309
45,9309
2,9310
12,9310
9,9312
28,9312
28,9313
15,9314
55,9314
47,9315
10,9316
22,9316
1,9321
26,9323
31,9324
32,9326
46,9326
24,9329
26,9329
37,9330
9,9331
46,9332
16,9333
30,9334
32,9337
56,9337
49,9338
23,9341
34,9341
59,9341
57,9342
45,9343
25,9344
34,9344
55,9344
29,9345
39,9345
35,9346
41,9346
52,9346
5,9349
23,9349
52,9349
9,9351
11,9351
13,9351
32,9351
9,9352
1,9353
53,9353
1,9354
33,9354
36,9354
4,9355
23,9355
2,9356
46,9356
2,9357
9,9357
44,9357
50,9357
47,9358
1,9359
58,9359
2,9360
50,9361
9,9362
27,9362
46,9362
37,9365
43,9365
3,9366
26,9366
55,9368
32,9369
22,9370
9,9372
15,9372
21,9373
36,9373
58,9373
40,9374
43,9374
45,9375
45,9376
45,9379
43,9380
46,9380
12,9381
31,9381
53,9381
14,9382
14,9387
39,9387
16,9389
33,9390
41,9391
14,9392
31,9392
42,9394
59,9398
36,9399
44,9399
44,9401
21,9402
39,9402
47,9402
15,9403
44,9405
53,9405
7,9409
44,9410
42,9411
54,9411
13,9412
27,9412
34,9412
37,9412
45,9413
10,9415
19,9415
45,9415
4,9417
5,9417
13,9417
32,9417
38,9418
46,9418
10,9419
20,9419
21,9420
57,9421
39,9422
57,9422
49,9423
9,9424
11,9424
20,9426
13,9429
59,9429
8,9430
14,9431
30,9431
37,9431
51,9431
43,9432
56,9433
24,9434
35,9435
7,9436
31,9437
10,9438
14,9439
22,9439
33,9439
34,9439
20,9440
11,9443
43,9444
1,9447
17,9447
56,9447
55,9448
12,9449
51,9450
53,9450
2,9451
26,9451
41,9451
15,9452
1,9453
24,9453
55,9453
16,9454
46,9454
1,9455
8,9455
38,9455
13,9456
2,9458
7,9458
9,9458
24,9458
2,9459
51,9460
37,9461
47,9461
20,9462
50,9462
55,9462
9,9464
25,9465
14,9466
23,9466
27,9468
56,9468
12,9469
32,9469
28,9470
24,9471
15,9473
56,9473
6,9474
55,9474
54,9476
10,9477
23,9478
54,9478
14,9479
19,9479
24,9486
8,9488
34,9488
48,9488
34,9489
36,9489
28,9493
13,9496
38,9497
60,9498
10,9499
20,9499
48,9499
59,9501
11,9503
12,9503
52,9503
54,9503
18,9504
50,9505
54,9506
3,9507
11,9507
30,9507
1,9508
9,9508
19,9508
26,9508
59,9508
1,9509
20,9509
2,9510
29,9510
2,9511
38,9511
37,9512
1,9514
39,9514
42,9514
59,9514
21,9515
51,9515
7,9517
50,9517
13,9518
60,9519
33,9519
49,9519
55,9519
11,9520
12,9520
44,9520
5,9522
13,9522
37,9522
38,9522
40,9522
2,9523
10,9523
28,9523
39,9523
20,9524
41,9524
40,9525
56,9525
8,9527
22,9527
11,9528
57,9528
5,9529
39,9529
13,9530
9,9531
20,9531
42,9531
46,9531
52,9532
60,9533
16,9533
39,9535
4,9537
58,9537
37,9538
16,9542
1,9545
13,9545
21,9545
53,9545
1,9546
5,9546
58,9546
54,9547
2,9548
11,9548
36,9549
2,9550
50,9550
60,9552
1,9553
31,9553
47,9553
55,9553
56,9553
59,9553
21,9554
28,9554
2,9555
40,9555
15,9557
22,9557
25,9557
43,9558
6,9560
40,9561
47,9561
32,9562
46,9562
52,9562
53,9564
7,9566
49,9566
19,9568
2,9570
40,9570
18,9571
35,9571
41,9574
28,9575
17,9577
49,9577
48,9578
57,9579
4,9581
26,9583
10,9584
31,9584
26,9585
23,9587
33,9587
25,9588
56,9588
12,9590
19,9590
49,9590
51,9590
40,9594
15,9596
39,9596
53,9596
58,9596
12,9599
25,9599
14,9600
25,9600
27,9600
21,9601
24,9601
31,9601
42,9601
48,9601
47,9602
42,9604
53,9604
29,9605
12,9606
17,9607
39,9607
4,9609
26,9610
49,9611
10,9612
12,9612
30,9614
33,9616
1,9617
1,9618
15,9618
50,9618
57,9618
2,9620
37,9621
57,9621
2,9622
14,9622
42,9623
50,9623
43,9624
57,9624
12,9625
1,9626
59,9626
28,9627
17,9628
31,9628
53,9628
45,9629
50,9629
16,9631
17,9631
34,9631
47,9631
52,9631
2,9633
20,9634
50,9636
16,9637
10,9638
48,9638
46,9639
20,9640
4,9641
51,9641
16,9642
5,9643
18,9643
60,9644
4,9644
35,9644
37,9644
48,9644
49,9644
53,9645
3,9647
59,9647
4,9648
51,9648
8,9651
44,9651
7,9652
42,9652
11,9653
29,9653
36,9653
48,9654
9,9655
14,9655
29,9656
2,9658
37,9659
28,9660
3,9661
23,9661
43,9662
48,9662
15,9663
16,9663
30,9663
43,9663
45,9663
7,9664
18,9664
59,9664
6,9665
8,9665
11,9665
11,9666
46,9666
44,9668
31,9669
44,9669
1,9670
2,9671
49,9671
53,9671
23,9672
54,9672
4,9673
41,9673
4,9674
26,9674
35,9674
32,9675
1,9676
53,9676
9,9677
47,9678
60,9679
14,9679
2,9680
20,9680
49,9680
3,9681
15,9681
47,9681
50,9681
1,9682
42,9682
51,9683
8,9685
16,9686
30,9686
2,9687
41,9687
59,9687
4,9688
44,9690
46,9690
28,9691
31,9692
33,9693
5,9694
30,9694
52,9694
4,9696
26,9696
4,9697
20,9697
22,9697
27,9697
49,9698
19,9700
20,9700
37,9700
55,9700
55,9701
28,9702
12,9703
2,9707
51,9707
37,9709
1,9710
48,9710
1,9711
54,9711
3,9712
23,9712
27,9712
2,9713
10,9713
38,9713
1,9714
2,9715
4,9715
15,9715
5,9716
6,9716
50,9718
60,9719
2,9719
59,9719
60,9720
30,9720
4,9722
39,9723
1,9724
34,9724
50,9724
56,9724
45,9726
59,9726
57,9728
1,9729
3,9729
29,9730
40,9731
47,9732
2,9733
44,9733
45,9733
2,9734
5,9734
1,9735
2,9738
11,9738
17,9739
31,9742
52,9743
15,9744
21,9746
49,9746
8,9747
10,9747
44,9747
11,9748
2,9749
26,9750
52,9751
7,9752
21,9752
22,9752
30,9753
4,9754
60,9756
4,9756
1,9758
41,9758
59,9758
19,9759
40,9759
51,9759
46,9760
58,9760
2,9761
1,9762
48,9762
52,9762
59,9763
2,9764
8,9765
29,9765
1,9767
30,9767
31,9768
2,9769
60,9770
47,9770
26,9771
34,9772
7,9773
15,9773
7,9774
59,9774
15,9775
49,9775
15,9777
51,9777
10,9778
43,9779
8,9782
52,9782
18,9784
38,9785
46,9785
26,9787
55,9787
52,9788
4,9789
8,9789
13,9789
28,9789
9,9790
17,9791
4,9792
36,9792
13,9794
38,9794
14,9796
56,9796
57,9796
31,9797
4,9798
54,9800
7,9801
6,9803
29,9805
46,9805
31,9806
3,9809
8,9809
45,9809
47,9809
49,9809
33,9810
37,9810
51,9810
47,9811
18,9814
56,9814
17,9816
21,9817
41,9817
36,9822
60,9823
37,9823
48,9823
49,9823
40,9826
41,9826
54,9826
6,9829
9,9829
8,9830
43,9831
40,9832
28,9834
29,9834
8,9835
45,9835
56,9836
13,9839
16,9839
18,9839
43,9839
56,9839
16,9840
32,9840
47,9840
59,9840
28,9841
26,9842
43,9846
20,9847
29,9847
4,9848
53,9848
60,9849
5,9849
47,9849
21,9851
28,9853
45,9853
46,9856
43,9857
21,9858
5,9859
49,9861
24,9862
26,9862
29,9862
7,9863
17,9863
10,9864
30,9865
51,9865
43,9866
58,9867
8,9869
45,9869
47,9869
29,9870
34,9872
16,9873
32,9874
48,9875
60,9878
1,9878
14,9879
20,9879
1,9880
58,9880
19,9881
2,9882
11,9882
2,9883
26,9885
31,9885
49,9885
1,9886
56,9886
2,9887
8,9887
12,9887
38,9887
17,9889
40,9891
42,9891
6,9892
33,9893
42,9895
20,9896
21,9896
34,9897
19,9898
53,9900
60,9901
9,9901
20,9901
60,9903
7,9907
8,9907
39,9909
40,9910
30,9911
56,9911
23,9912
5,9913
18,9913
3,9914
26,9914
4,9915
45,9915
48,9915
55,9916
54,9917
22,9918
33,9918
30,9919
28,9921
2,9922
29,9922
56,9926
5,9927
49,9927
12,9928
24,9928
46,9928
1,9931
52,9931
40,9932
1,9934
48,9934
17,9935
2,9936
2,9937
57,9938
8,9939
21,9939
1,9940
14,9942
34,9944
11,9945
37,9946
2,9948
25,9948
37,9948
28,9949
29,9949
34,9949
55,9950
11,9951
27,9951
46,9951
57,9951
55,9952
1,9953
24,9953
20,9954
1,9955
20,9955
2,9956
1,9957
13,9957
58,9957
3,9958
20,9958
56,9958
2,9959
7,9959
9,9959
20,9959
37,9960
2,9961
11,9961
17,9961
60,9962
43,9962
21,9963
8,9965
45,9965
1,9966
36,9967
12,9969
26,9969
35,9970
32,9971
50,9971
53,9972
31,9974
9,9975
10,9975
42,9975
1,9976
12,9976
36,9976
58,9976
59,9976
28,9977
48,9977
8,9978
41,9978
53,9979
9,9980
25,9980
26,9980
3,9981
13,9981
46,9982
15,9983
26,9983
31,9983
3,9984
19,9984
41,9985
57,9985
24,9986
3,9987
18,9989
49,9992
54,9993
10,9996
12,9997
24,9998
11,9999
22,9999
25,9999
58,9999
