13,1
22,1
29,2
20,3
29,3
47,3
35,5
39,5
24,7
6,8
47,8
35,9
40,9
34,12
20,13
19,14
40,17
17,19
47,19
19,20
40,24
46,25
12,26
43,26
35,27
40,27
12,30
20,30
37,32
28,33
4,34
34,34
50,35
10,35
1,37
15,37
50,38
1,38
28,38
2,39
28,39
1,40
11,40
44,40
18,41
49,41
2,42
12,42
44,42
2,44
43,45
10,46
15,47
12,48
30,48
33,48
48,48
25,51
13,52
31,55
31,60
34,60
45,60
10,61
22,61
25,62
27,62
45,62
50,63
48,63
46,64
9,65
45,65
3,66
46,67
19,68
37,68
46,68
14,69
16,69
40,69
47,69
49,69
4,70
31,71
47,72
12,73
46,73
29,75
49,75
34,77
15,78
3,81
31,81
17,82
6,84
3,87
5,87
27,88
4,89
6,89
35,90
14,91
3,92
48,93
5,94
4,95
5,97
30,97
19,98
23,98
5,99
22,99
41,99
8,100
10,101
33,101
43,101
3,103
23,103
4,104
38,104
5,106
3,107
23,107
5,108
14,108
20,108
4,110
9,110
30,110
19,111
7,113
12,115
37,115
46,116
7,117
44,117
45,117
1,118
26,118
36,118
1,119
2,120
14,120
28,120
48,120
1,121
17,121
20,121
24,122
35,122
49,122
2,123
3,123
4,125
2,126
3,126
24,126
32,126
37,126
49,126
15,127
4,128
31,128
5,130
1,132
5,132
28,132
7,135
20,135
26,135
17,136
1,137
2,138
6,138
13,138
47,139
45,142
2,143
8,144
14,144
1,145
27,145
34,145
25,146
2,147
24,147
16,148
21,149
27,149
46,149
11,150
36,150
3,152
8,152
48,152
4,153
5,155
4,157
19,157
50,158
11,158
32,159
3,160
13,160
5,161
11,162
34,162
9,163
2,164
4,164
14,164
49,164
3,171
18,171
37,171
4,172
4,174
5,175
43,175
21,176
5,177
3,178
29,182
35,183
12,184
11,185
16,185
39,185
8,188
18,190
9,191
24,192
23,193
25,193
1,194
16,194
27,195
44,195
2,197
39,197
1,199
18,199
2,200
28,200
33,200
25,201
1,202
2,203
14,203
31,206
47,207
31,210
44,211
12,212
23,214
7,217
26,217
34,218
3,219
4,220
45,220
5,221
31,221
5,222
4,223
3,224
13,225
50,226
36,226
23,227
44,228
21,229
28,234
39,234
18,235
18,237
21,237
46,239
15,242
17,242
36,242
12,243
21,244
46,245
21,246
33,246
43,246
42,247
44,248
30,249
20,250
32,251
41,251
16,256
26,256
28,256
20,258
3,260
10,261
1,262
40,262
1,263
16,263
2,265
41,265
2,267
19,267
49,267
30,268
29,269
1,270
45,270
2,271
18,271
29,271
33,272
28,273
36,273
47,273
6,274
12,274
14,274
12,277
48,278
16,279
33,279
46,282
18,283
30,284
22,287
6,288
13,288
31,289
7,290
8,291
31,292
12,293
15,294
28,294
46,295
30,300
40,300
33,301
24,302
10,303
21,303
42,303
42,304
44,304
43,305
17,309
28,309
48,309
7,310
37,310
17,311
42,312
44,312
29,315
9,316
1,320
25,320
3,323
5,324
17,326
40,326
7,328
35,328
4,329
19,329
5,330
21,330
4,331
44,331
3,333
10,333
27,334
8,335
22,337
14,338
48,338
35,342
28,344
38,344
14,345
8,346
46,346
8,347
46,347
7,349
21,349
27,349
3,350
48,350
5,352
9,352
13,352
30,352
4,353
35,353
41,354
5,356
10,358
1,360
4,360
17,360
41,360
2,361
18,361
40,362
37,363
1,364
45,364
1,365
3,365
12,365
50,366
27,366
43,366
2,367
16,367
50,368
2,368
27,369
30,370
3,373
30,373
14,374
38,374
5,375
19,375
4,376
31,376
41,376
12,378
18,378
32,378
5,379
16,379
50,380
4,380
12,380
44,380
3,381
11,381
32,381
17,382
10,384
38,384
18,386
27,386
30,386
50,387
50,390
12,390
7,391
8,391
22,392
43,392
26,394
25,395
43,397
24,398
14,399
32,400
25,402
37,403
28,405
14,407
16,407
1,408
21,408
1,409
11,409
16,409
35,410
2,412
13,412
25,412
38,412
14,413
21,413
3,414
29,415
5,416
31,416
47,416
1,417
14,417
46,417
2,418
27,418
2,420
46,420
31,422
41,422
22,423
25,423
18,424
5,425
33,425
4,427
3,428
49,428
15,429
2,430
4,430
44,430
18,431
11,432
13,432
13,433
29,434
20,435
45,436
41,437
5,438
48,439
10,440
36,441
10,442
29,444
11,445
19,450
30,450
11,452
17,453
22,455
20,456
35,456
6,457
19,459
28,459
23,460
38,460
1,461
11,461
22,461
1,462
2,463
35,464
1,465
42,465
2,466
7,466
2,468
28,470
8,471
18,473
33,473
46,473
8,474
17,474
37,474
50,475
33,475
1,476
43,477
21,478
48,478
25,479
1,480
11,480
21,480
43,480
50,481
2,481
2,485
3,485
1,486
2,488
12,490
9,491
14,494
17,497
18,497
48,500
20,501
33,501
19,502
33,502
22,506
3,510
4,511
5,513
35,513
40,513
17,514
3,515
11,515
16,515
5,516
15,516
49,516
41,517
47,519
4,520
7,520
33,521
10,523
13,523
43,524
5,525
37,528
15,529
50,531
1,531
21,531
2,532
3,532
28,532
33,532
23,533
13,535
34,535
42,535
35,538
1,539
41,542
1,543
13,543
9,544
2,545
37,546
49,547
18,548
37,548
2,549
10,550
31,551
9,553
17,555
29,555
35,555
44,556
46,556
11,557
33,557
42,557
45,559
9,562
9,565
15,566
24,566
26,566
30,566
33,567
29,569
43,569
48,570
1,572
20,572
1,573
2,574
1,575
29,575
2,576
2,577
17,578
4,581
31,581
16,582
28,582
24,584
10,586
34,586
18,588
41,588
1,589
42,590
1,592
50,593
29,593
33,593
2,594
2,595
16,595
28,595
1,596
16,596
2,597
39,597
48,597
15,600
43,601
3,602
5,606
4,607
23,607
4,608
31,608
15,609
19,609
3,610
5,612
16,612
19,612
32,618
50,620
36,621
9,622
46,622
37,626
43,626
40,627
42,627
10,628
39,628
47,628
34,629
30,630
27,631
3,633
39,633
44,634
8,636
25,636
41,636
42,636
49,636
1,637
2,638
7,638
20,640
1,641
4,642
43,642
47,643
48,643
2,644
5,644
47,644
49,644
1,646
5,646
17,646
4,649
39,649
3,650
23,650
47,650
3,651
17,652
2,653
4,653
50,654
5,655
47,655
1,657
4,657
39,658
2,659
5,659
28,659
1,661
3,663
11,663
1,664
50,665
2,665
2,666
26,669
12,670
17,671
21,671
23,671
39,671
46,671
25,672
8,674
12,676
46,676
49,676
40,677
37,679
1,680
9,680
20,681
25,682
42,682
37,683
1,684
33,686
13,687
43,687
2,688
24,688
38,689
1,691
46,691
2,692
33,692
2,693
28,695
30,695
35,696
21,697
28,700
46,700
3,701
13,701
30,703
38,704
48,704
25,705
7,706
10,707
14,708
4,709
41,710
8,713
18,713
16,715
3,716
35,716
4,719
41,719
3,720
5,721
6,721
5,722
50,723
4,723
21,723
8,725
20,728
31,728
33,728
15,729
23,730
43,731
16,733
20,733
35,733
37,736
14,740
25,740
28,740
7,741
42,743
8,744
38,744
48,745
16,747
18,747
39,747
42,748
29,749
33,749
29,750
29,751
8,752
10,752
1,756
44,756
1,757
20,757
2,758
10,758
2,759
46,759
28,760
39,760
41,760
1,761
31,761
7,762
24,762
27,763
46,763
2,764
36,764
41,764
8,765
41,766
27,767
50,768
24,768
18,769
23,769
28,769
31,769
45,769
10,770
20,772
18,774
37,775
49,775
48,776
21,779
33,779
26,780
46,782
11,785
38,785
42,786
28,787
3,788
4,789
35,789
5,790
19,790
27,790
36,790
15,792
24,792
42,792
44,793
24,794
32,794
39,794
4,795
46,795
3,796
5,797
10,797
25,800
41,800
44,800
30,801
41,803
36,805
1,809
8,809
14,809
10,810
1,811
3,811
29,811
2,812
4,812
26,812
42,812
16,813
2,814
48,814
5,815
28,815
1,816
39,816
3,817
38,817
2,818
5,818
27,818
23,819
22,820
44,820
17,821
28,821
1,822
2,823
1,824
18,824
2,825
4,825
1,826
2,827
25,827
14,830
23,830
36,830
19,831
38,831
45,832
49,833
2,834
32,834
37,834
49,835
7,836
25,836
35,836
19,837
13,839
47,839
22,840
12,842
47,842
9,843
16,844
37,844
46,844
27,846
2,847
27,847
14,849
14,851
26,852
15,853
45,856
35,857
46,859
15,862
22,862
38,865
13,866
25,866
3,871
15,871
4,874
4,875
23,875
33,875
30,876
42,876
3,877
19,877
5,878
11,878
22,878
34,878
34,879
5,880
9,880
28,880
50,882
1,883
19,883
9,884
15,884
18,884
43,885
1,886
19,886
2,887
35,887
46,887
19,888
46,888
1,889
7,889
30,890
8,892
36,892
2,893
37,893
44,894
6,895
39,895
44,895
2,896
2,897
48,898
20,899
3,900
11,900
37,900
45,900
1,901
4,901
3,902
33,903
5,904
5,905
6,905
9,905
31,905
2,906
1,907
2,908
48,908
1,909
4,909
2,910
3,911
2,912
5,912
35,912
5,913
25,913
28,913
16,914
4,915
24,915
39,915
12,916
44,916
27,918
38,919
43,919
4,922
3,923
43,923
31,924
35,925
10,926
14,926
3,927
16,927
33,927
19,928
46,928
4,929
21,929
6,930
31,931
41,931
12,932
3,936
36,936
29,937
5,938
5,939
4,940
33,940
27,941
9,942
44,942
33,943
48,943
16,946
19,946
21,946
32,947
15,948
27,948
28,950
45,955
17,956
31,956
4,957
46,957
48,958
8,959
41,959
29,960
13,962
32,962
33,962
14,963
23,963
38,963
15,964
13,966
25,966
24,969
24,973
10,975
43,975
3,978
6,978
28,978
5,979
22,979
41,979
19,981
4,982
28,982
20,983
4,984
29,984
31,984
49,984
3,985
30,985
47,985
50,986
29,986
48,986
5,987
35,987
49,987
29,988
29,989
49,991
12,992
37,992
19,993
7,994
14,994
15,996
18,996
20,997
4,999
50,1000
15,1000
7,1001
41,1001
33,1003
14,1006
17,1008
44,1008
48,1008
28,1009
38,1011
32,1012
3,1013
39,1013
27,1015
39,1015
42,1015
5,1016
5,1017
42,1017
4,1018
29,1020
43,1020
1,1021
3,1021
9,1021
1,1022
4,1022
2,1023
31,1023
37,1023
1,1024
10,1024
2,1025
10,1026
10,1027
2,1028
14,1028
22,1028
31,1028
30,1029
34,1034
1,1035
1,1036
22,1036
31,1036
33,1036
2,1037
8,1037
1,1038
43,1038
49,1039
2,1040
29,1040
30,1041
39,1042
3,1044
6,1044
2,1045
5,1049
21,1050
4,1051
5,1052
32,1052
25,1053
4,1054
9,1054
3,1055
37,1056
41,1056
35,1058
19,1061
7,1063
17,1063
46,1068
10,1069
15,1069
37,1069
29,1071
34,1071
50,1073
33,1075
34,1079
35,1079
41,1079
42,1080
29,1081
21,1082
3,1083
4,1084
31,1084
49,1084
26,1085
5,1086
5,1087
9,1087
23,1088
31,1088
15,1089
26,1089
4,1090
3,1091
13,1091
37,1093
33,1094
27,1095
35,1095
30,1099
48,1099
20,1100
18,1101
22,1101
18,1102
23,1102
15,1103
37,1103
14,1104
23,1104
31,1106
11,1107
1,1109
16,1111
32,1111
36,1111
20,1112
34,1112
2,1114
1,1116
50,1117
2,1117
26,1117
40,1120
3,1121
1,1122
4,1122
9,1122
3,1123
42,1123
5,1124
23,1125
4,1126
5,1128
2,1129
12,1131
30,1131
43,1131
6,1132
26,1132
6,1133
39,1133
49,1133
3,1135
10,1135
36,1135
4,1136
15,1136
38,1137
5,1138
24,1138
39,1138
4,1139
3,1140
49,1140
5,1141
46,1142
25,1145
34,1145
6,1147
40,1147
21,1148
38,1148
9,1150
37,1150
8,1151
49,1152
11,1153
21,1153
44,1153
18,1156
36,1156
9,1157
49,1158
47,1160
48,1160
1,1162
2,1164
48,1164
1,1165
10,1165
46,1165
26,1167
47,1167
1,1168
11,1168
30,1168
49,1168
18,1169
48,1170
2,1171
18,1171
40,1171
44,1171
2,1172
40,1173
7,1174
12,1175
37,1177
35,1179
43,1179
28,1180
32,1180
1,1182
27,1182
28,1183
27,1184
1,1185
19,1185
39,1185
44,1185
2,1186
30,1186
39,1186
47,1186
49,1186
3,1187
15,1187
26,1187
1,1188
19,1188
12,1189
2,1190
2,1191
29,1192
15,1194
14,1195
48,1195
25,1198
31,1200
25,1201
19,1202
18,1203
9,1204
20,1204
18,1206
32,1207
28,1208
43,1210
40,1211
6,1213
23,1213
9,1215
37,1215
21,1216
23,1216
17,1217
23,1217
41,1219
7,1220
20,1220
33,1221
3,1222
7,1224
16,1224
24,1224
8,1225
4,1226
48,1226
5,1227
4,1228
39,1228
22,1229
24,1230
3,1234
13,1234
5,1235
10,1235
12,1236
32,1239
41,1239
41,1240
30,1244
29,1245
9,1247
26,1247
1,1248
23,1248
1,1249
47,1249
48,1249
2,1250
23,1250
2,1251
24,1251
24,1252
50,1253
1,1253
36,1253
10,1254
46,1254
13,1255
25,1255
34,1257
2,1259
28,1261
25,1262
14,1263
39,1265
14,1266
26,1266
22,1267
26,1267
8,1269
27,1269
40,1269
29,1270
28,1273
11,1274
26,1274
21,1275
32,1275
7,1276
32,1276
29,1277
23,1278
23,1279
15,1280
15,1281
10,1285
11,1286
11,1288
36,1289
46,1289
48,1290
1,1291
29,1291
2,1292
16,1292
2,1293
36,1295
49,1297
26,1298
1,1299
35,1299
2,1300
1,1301
6,1303
41,1303
46,1303
24,1304
2,1305
23,1306
44,1306
24,1307
49,1307
32,1309
34,1309
7,1311
44,1313
40,1314
39,1316
19,1317
26,1317
32,1317
37,1317
14,1319
39,1320
23,1321
42,1328
47,1330
13,1331
14,1331
40,1331
25,1332
6,1333
29,1333
1,1334
37,1334
41,1334
50,1335
2,1335
11,1336
11,1337
1,1339
31,1339
23,1340
1,1341
2,1341
18,1341
2,1342
26,1342
2,1344
15,1346
45,1348
9,1349
38,1350
7,1351
50,1352
9,1352
10,1356
42,1356
28,1358
9,1359
34,1361
8,1362
15,1362
11,1364
23,1365
25,1366
42,1366
29,1368
31,1368
43,1368
40,1369
44,1370
10,1372
15,1375
5,1376
13,1376
39,1376
16,1378
30,1378
38,1378
48,1381
26,1382
34,1382
42,1382
16,1384
19,1384
23,1388
46,1388
42,1389
31,1391
2,1392
7,1392
15,1392
33,1392
50,1393
17,1393
40,1394
17,1395
32,1395
13,1396
34,1397
18,1398
19,1401
11,1402
48,1402
40,1403
1,1404
18,1405
28,1405
2,1407
47,1407
1,1408
10,1408
1,1409
2,1410
9,1410
13,1410
35,1410
2,1411
26,1412
4,1413
28,1414
12,1416
25,1416
40,1416
29,1417
43,1418
8,1422
26,1422
33,1424
17,1426
35,1426
11,1428
31,1429
47,1429
35,1431
19,1433
24,1433
18,1434
28,1434
50,1435
49,1435
15,1436
46,1440
8,1441
20,1441
45,1441
17,1442
27,1442
3,1444
7,1445
5,1446
27,1447
20,1449
25,1449
34,1449
43,1449
46,1449
5,1450
22,1450
4,1451
3,1453
10,1453
33,1453
8,1454
22,1454
43,1455
4,1456
27,1456
45,1456
32,1457
43,1458
5,1460
8,1468
18,1470
27,1471
31,1471
46,1472
17,1474
45,1474
12,1475
1,1476
13,1477
29,1477
2,1478
1,1479
17,1479
35,1479
2,1480
31,1480
1,1481
24,1481
30,1481
47,1481
2,1482
19,1482
10,1483
44,1484
6,1486
23,1487
46,1487
38,1488
33,1491
14,1492
10,1494
43,1494
14,1495
17,1496
33,1497
50,1498
6,1500
18,1500
11,1503
29,1504
46,1506
8,1508
10,1508
24,1509
47,1509
18,1510
42,1510
1,1512
27,1512
2,1513
1,1514
34,1514
16,1515
3,1517
1,1518
5,1521
12,1521
2,1522
5,1522
43,1522
2,1523
4,1523
42,1523
3,1525
18,1525
4,1526
44,1529
38,1530
47,1532
1,1533
9,1533
15,1533
2,1534
2,1535
24,1535
32,1536
11,1537
47,1538
1,1539
2,1540
15,1541
1,1542
50,1546
2,1546
45,1546
29,1548
49,1549
29,1550
22,1553
6,1554
13,1554
18,1554
23,1554
14,1556
26,1556
12,1557
32,1557
1,1558
36,1558
2,1559
1,1560
2,1561
14,1561
1,1562
31,1562
4,1563
26,1563
43,1563
48,1563
2,1565
45,1567
25,1568
40,1568
48,1568
19,1569
20,1569
30,1570
11,1571
23,1571
43,1571
23,1573
42,1573
48,1574
41,1575
43,1576
36,1577
8,1580
10,1580
14,1580
24,1581
46,1581
5,1583
9,1584
3,1586
5,1588
22,1589
35,1590
45,1590
46,1590
45,1591
46,1591
4,1592
28,1592
3,1593
5,1594
4,1596
14,1599
17,1599
40,1599
24,1601
3,1603
4,1605
5,1607
5,1609
30,1613
4,1614
13,1615
17,1616
24,1616
42,1616
3,1617
11,1617
25,1617
7,1618
14,1618
38,1619
48,1619
13,1620
1,1621
10,1621
39,1621
2,1622
21,1622
50,1623
9,1623
1,1624
11,1624
32,1626
48,1626
15,1627
37,1627
42,1627
1,1628
48,1628
2,1629
7,1629
2,1631
35,1631
3,1635
9,1635
43,1635
47,1636
28,1637
42,1638
26,1639
32,1639
41,1640
44,1642
1,1643
1,1644
42,1644
36,1646
2,1648
1,1649
2,1650
17,1650
2,1651
15,1651
31,1654
40,1654
41,1655
9,1657
45,1657
15,1658
38,1658
23,1659
28,1662
3,1667
5,1669
4,1670
11,1673
3,1674
18,1674
5,1675
25,1675
50,1680
7,1680
26,1680
4,1681
34,1682
39,1682
7,1683
44,1683
2,1684
16,1684
47,1684
24,1685
27,1686
26,1687
28,1689
22,1690
44,1690
49,1690
40,1691
35,1693
42,1693
10,1694
1,1695
1,1696
2,1697
36,1697
50,1698
18,1698
22,1698
39,1699
1,1700
18,1700
27,1700
33,1700
2,1701
15,1702
19,1702
2,1703
31,1703
15,1704
6,1705
27,1705
21,1706
25,1706
11,1707
46,1707
24,1708
42,1708
43,1710
41,1711
10,1714
40,1714
6,1715
14,1716
15,1717
37,1717
21,1721
32,1721
6,1722
43,1722
44,1723
15,1725
40,1725
45,1725
33,1726
11,1727
18,1727
36,1727
43,1728
18,1729
28,1729
14,1731
24,1732
31,1733
21,1735
26,1736
31,1736
46,1736
50,1737
30,1737
13,1738
16,1739
27,1740
2,1741
27,1741
3,1742
43,1742
50,1743
5,1744
20,1745
24,1745
46,1745
4,1747
35,1747
4,1748
37,1748
40,1748
3,1749
26,1749
39,1749
5,1751
1,1753
8,1753
2,1754
13,1755
20,1755
24,1755
1,1757
1,1758
6,1758
40,1759
2,1761
26,1762
37,1762
49,1762
2,1763
41,1763
19,1764
25,1765
23,1769
35,1769
10,1770
8,1771
33,1771
34,1772
25,1773
44,1774
7,1775
9,1775
8,1777
45,1781
28,1782
41,1782
29,1783
18,1784
37,1784
39,1784
33,1786
25,1787
46,1788
12,1790
3,1791
1,1793
4,1793
5,1794
42,1794
2,1795
5,1795
16,1796
46,1796
1,1797
1,1799
2,1800
27,1800
4,1801
17,1801
3,1802
26,1802
2,1803
5,1803
27,1803
50,1805
36,1805
7,1806
11,1806
22,1806
23,1806
1,1807
17,1807
30,1808
2,1809
20,1809
8,1811
1,1813
47,1814
6,1816
10,1816
23,1816
1,1817
14,1817
22,1817
29,1818
50,1819
32,1819
38,1819
40,1819
37,1820
2,1821
6,1821
47,1823
2,1825
5,1826
24,1826
41,1826
3,1827
4,1828
24,1828
26,1828
23,1829
5,1830
38,1830
3,1831
23,1831
4,1832
22,1832
47,1832
5,1833
45,1833
14,1835
10,1837
12,1838
19,1839
22,1839
32,1839
8,1840
50,1841
27,1841
40,1841
45,1844
41,1845
42,1846
27,1847
17,1849
12,1853
34,1855
34,1857
3,1862
23,1862
34,1864
41,1864
9,1865
50,1867
1,1867
24,1868
2,1870
44,1871
1,1872
8,1873
22,1873
50,1874
2,1874
1,1876
27,1876
39,1876
2,1878
7,1880
24,1880
37,1880
44,1881
24,1882
15,1883
24,1883
17,1884
25,1884
25,1885
49,1885
21,1887
6,1888
23,1891
1,1893
24,1894
26,1894
37,1894
49,1894
1,1895
45,1895
2,1896
11,1896
19,1896
30,1896
49,1896
1,1897
2,1898
43,1898
47,1898
2,1900
31,1900
26,1901
25,1902
6,1905
41,1906
43,1906
10,1907
33,1907
43,1908
47,1909
8,1910
3,1912
22,1912
41,1912
5,1913
4,1914
16,1915
18,1915
42,1915
4,1916
25,1916
18,1917
19,1917
47,1919
18,1921
16,1922
3,1925
5,1926
42,1927
36,1928
33,1930
33,1931
35,1933
39,1933
24,1934
47,1934
1,1941
24,1941
1,1942
45,1944
48,1944
4,1945
29,1946
37,1948
11,1949
10,1950
9,1951
10,1951
18,1951
28,1954
2,1955
21,1956
2,1957
8,1957
43,1957
12,1959
1,1960
20,1960
30,1960
32,1961
2,1962
12,1962
31,1962
12,1963
8,1964
30,1964
42,1964
42,1965
2,1966
48,1966
19,1968
49,1968
31,1969
1,1970
29,1970
7,1973
10,1973
32,1974
45,1974
8,1975
12,1975
2,1976
1,1977
1,1978
10,1978
25,1979
41,1979
50,1980
40,1980
2,1982
22,1982
28,1982
47,1982
2,1983
19,1984
18,1986
39,1986
9,1987
35,1990
39,1990
33,1992
5,1996
21,1996
43,1998
30,1999
35,1999
46,1999
13,2000
14,2000
33,2000
10,2001
17,2001
6,2002
27,2003
31,2005
35,2010
40,2011
49,2012
3,2013
5,2016
44,2016
23,2018
41,2019
22,2020
1,2021
8,2021
16,2021
37,2021
1,2022
4,2022
5,2024
30,2025
2,2026
3,2026
32,2026
50,2027
2,2027
4,2027
25,2027
41,2028
1,2029
28,2029
2,2030
21,2030
44,2030
6,2032
26,2032
38,2032
16,2034
24,2034
29,2034
37,2036
44,2036
27,2037
28,2037
26,2039
47,2041
50,2043
1,2043
1,2044
2,2045
25,2045
30,2045
38,2045
45,2045
27,2046
2,2047
28,2047
43,2047
1,2049
14,2049
41,2049
2,2050
21,2050
22,2051
29,2053
36,2053
39,2053
6,2054
23,2055
50,2056
10,2058
10,2061
50,2062
15,2062
29,2063
16,2065
11,2067
36,2067
28,2069
6,2070
19,2070
44,2070
8,2071
31,2071
46,2071
1,2072
3,2072
5,2073
37,2073
2,2074
33,2074
1,2075
5,2075
49,2076
2,2077
4,2077
23,2077
1,2078
3,2078
31,2078
39,2078
40,2078
42,2078
21,2079
28,2079
13,2080
23,2080
33,2080
45,2080
46,2080
49,2080
2,2081
46,2081
4,2082
16,2082
23,2083
41,2085
28,2086
29,2086
44,2086
25,2089
10,2090
28,2090
19,2091
41,2092
21,2094
31,2095
20,2097
31,2097
9,2098
9,2100
30,2100
5,2102
34,2102
1,2105
10,2106
29,2107
1,2108
17,2108
2,2109
2,2110
39,2110
45,2110
50,2112
1,2112
3,2113
42,2113
45,2113
2,2114
4,2114
5,2115
19,2115
45,2115
48,2115
4,2119
5,2120
19,2120
3,2121
41,2121
49,2121
13,2122
26,2122
34,2123
41,2123
42,2125
26,2127
45,2127
10,2129
14,2129
30,2130
33,2132
42,2133
44,2133
23,2134
32,2134
3,2135
31,2135
4,2137
8,2137
40,2139
6,2140
25,2140
5,2141
36,2141
4,2142
29,2142
21,2143
5,2144
38,2144
43,2144
3,2145
25,2146
26,2146
37,2148
38,2148
30,2149
48,2150
33,2152
33,2154
48,2155
12,2160
1,2162
20,2162
35,2162
17,2163
30,2164
3,2165
4,2166
2,2167
1,2168
5,2168
1,2169
5,2169
10,2169
4,2170
15,2170
47,2170
38,2171
17,2172
34,2172
2,2173
35,2173
2,2174
3,2174
1,2175
19,2176
3,2177
39,2177
4,2178
24,2179
1,2180
4,2180
20,2180
44,2180
2,2181
12,2181
26,2181
1,2182
3,2182
25,2182
50,2183
2,2183
5,2183
2,2184
1,2185
15,2185
17,2185
1,2186
22,2187
8,2188
22,2188
25,2188
5,2189
43,2189
27,2191
2,2192
2,2193
3,2193
9,2193
6,2194
1,2195
28,2195
2,2196
4,2196
20,2196
50,2197
5,2197
26,2198
3,2200
42,2200
49,2200
5,2201
4,2202
16,2202
24,2202
41,2202
29,2203
36,2203
20,2204
3,2207
10,2207
32,2207
4,2208
6,2208
3,2210
43,2210
5,2211
5,2212
11,2212
12,2214
41,2214
47,2214
1,2215
4,2215
39,2215
8,2216
1,2218
2,2219
17,2219
2,2220
32,2221
45,2222
1,2223
20,2223
3,2224
30,2224
2,2225
5,2225
1,2227
4,2227
6,2227
22,2227
48,2227
17,2228
37,2228
50,2229
3,2231
16,2231
31,2231
13,2233
5,2234
22,2235
45,2235
16,2236
28,2236
38,2237
4,2238
18,2238
24,2238
25,2238
3,2240
12,2241
38,2241
35,2243
4,2244
37,2244
34,2245
40,2245
23,2247
41,2247
44,2247
4,2248
5,2249
44,2249
5,2250
17,2250
27,2250
1,2252
48,2252
3,2253
31,2254
6,2255
24,2259
34,2259
23,2260
44,2260
48,2260
43,2265
26,2266
23,2267
34,2267
20,2268
22,2268
46,2268
1,2269
16,2269
25,2269
23,2270
25,2271
8,2272
25,2272
41,2273
31,2275
6,2276
8,2276
8,2277
15,2277
28,2277
37,2277
45,2279
7,2280
9,2281
46,2283
38,2284
18,2287
26,2287
15,2289
28,2290
9,2291
33,2291
11,2292
41,2293
6,2295
42,2296
5,2297
33,2297
40,2297
13,2298
10,2300
25,2301
47,2301
24,2305
26,2307
45,2307
35,2309
46,2309
10,2310
44,2310
19,2311
44,2313
49,2313
37,2314
24,2315
35,2315
37,2317
6,2318
20,2318
28,2319
39,2319
40,2319
44,2319
7,2322
16,2327
20,2328
42,2328
38,2329
46,2329
27,2330
26,2331
47,2332
35,2333
12,2334
50,2336
7,2336
42,2337
50,2338
38,2338
23,2340
36,2342
6,2344
12,2344
17,2344
26,2345
23,2346
24,2346
29,2346
25,2347
28,2348
35,2350
12,2351
7,2352
40,2353
11,2354
27,2355
36,2356
36,2360
38,2360
2,2362
26,2364
50,2366
49,2366
11,2367
46,2370
15,2372
14,2374
27,2374
35,2374
39,2374
1,2378
14,2378
46,2378
2,2381
38,2381
3,2383
4,2388
21,2388
33,2388
3,2389
12,2389
1,2390
26,2390
47,2390
2,2391
1,2392
23,2392
2,2393
5,2393
16,2393
5,2395
16,2395
19,2396
31,2396
49,2396
4,2397
5,2398
3,2400
5,2401
14,2402
4,2403
9,2403
31,2403
5,2405
43,2405
3,2406
35,2407
4,2408
30,2408
34,2408
39,2408
43,2409
44,2409
13,2410
19,2412
14,2413
14,2415
21,2415
23,2416
49,2417
26,2418
30,2418
41,2418
39,2419
47,2419
9,2420
25,2422
31,2422
31,2424
12,2425
29,2426
3,2429
27,2429
28,2429
4,2430
19,2431
5,2432
35,2432
5,2433
4,2434
44,2434
3,2435
4,2435
12,2435
11,2437
25,2440
7,2442
14,2443
38,2443
23,2445
19,2448
42,2448
22,2452
40,2454
42,2454
29,2455
36,2458
8,2461
12,2461
30,2461
10,2462
9,2463
37,2465
13,2466
21,2466
9,2471
18,2474
29,2474
44,2476
44,2478
21,2480
21,2482
22,2482
6,2483
18,2483
29,2483
40,2483
3,2485
34,2486
36,2486
22,2490
22,2491
15,2492
16,2492
26,2492
48,2493
1,2495
11,2495
1,2496
48,2496
2,2497
39,2497
34,2498
50,2499
32,2500
1,2501
10,2501
2,2502
38,2502
16,2504
21,2504
1,2505
33,2505
2,2506
23,2506
17,2507
19,2507
16,2509
25,2510
17,2512
3,2513
44,2513
48,2515
50,2516
23,2517
37,2517
10,2519
32,2520
17,2521
18,2522
20,2523
3,2528
33,2528
42,2530
4,2531
9,2531
10,2531
16,2531
40,2532
13,2533
40,2533
4,2535
20,2535
50,2536
3,2536
28,2536
35,2536
5,2537
16,2538
21,2538
32,2538
6,2539
5,2540
14,2541
26,2541
46,2541
48,2545
43,2547
7,2548
8,2549
11,2550
35,2550
36,2550
48,2550
1,2551
10,2551
14,2551
17,2551
40,2553
40,2555
1,2557
21,2557
25,2557
2,2558
40,2558
44,2558
1,2559
25,2559
1,2560
28,2560
30,2561
2,2562
28,2562
32,2562
44,2562
15,2563
48,2563
2,2564
32,2564
14,2565
19,2567
38,2569
28,2570
38,2570
18,2571
45,2572
38,2573
1,2574
10,2574
28,2574
42,2574
2,2575
40,2575
13,2576
27,2576
39,2576
44,2579
46,2579
1,2580
2,2582
22,2582
1,2583
26,2583
27,2583
2,2584
28,2584
32,2584
13,2585
46,2585
29,2589
17,2592
47,2592
43,2594
11,2597
21,2597
20,2598
8,2599
9,2600
39,2600
45,2600
47,2600
36,2601
50,2603
48,2603
37,2604
38,2604
10,2607
22,2607
40,2607
38,2608
11,2609
28,2609
32,2609
1,2610
25,2610
35,2610
2,2612
1,2613
15,2613
2,2615
14,2615
1,2616
8,2616
2,2617
12,2617
34,2617
22,2618
22,2620
24,2620
37,2620
40,2620
3,2621
39,2621
4,2623
27,2623
3,2624
15,2624
45,2625
5,2626
35,2626
10,2627
21,2627
45,2627
1,2628
4,2628
2,2629
4,2629
49,2629
1,2630
5,2630
8,2631
39,2631
2,2632
1,2633
15,2633
34,2633
50,2634
2,2634
31,2635
44,2635
3,2636
11,2637
4,2640
48,2640
1,2641
3,2641
5,2643
4,2644
5,2646
9,2646
19,2646
35,2647
7,2648
46,2648
28,2649
48,2650
48,2654
30,2656
1,2657
2,2659
15,2659
10,2660
37,2661
44,2661
3,2662
39,2662
31,2663
5,2665
41,2665
48,2665
4,2666
4,2667
32,2667
21,2668
23,2668
47,2668
1,2669
3,2669
2,2670
5,2670
17,2670
24,2671
36,2672
26,2673
50,2674
1,2674
48,2675
2,2676
4,2676
21,2676
14,2677
29,2677
32,2678
6,2679
30,2680
40,2681
8,2682
50,2683
1,2684
1,2685
16,2685
49,2686
1,2688
2,2689
23,2689
13,2691
21,2691
1,2692
5,2692
18,2693
42,2693
2,2694
42,2694
2,2695
3,2695
28,2695
31,2696
5,2697
32,2697
44,2697
5,2698
4,2699
17,2699
3,2700
31,2700
44,2700
4,2701
29,2701
3,2702
28,2702
34,2702
42,2703
40,2704
4,2705
14,2706
26,2707
4,2708
40,2708
17,2710
20,2710
24,2710
35,2710
35,2711
5,2712
16,2712
37,2712
49,2713
3,2714
35,2714
50,2717
48,2717
5,2718
47,2718
20,2719
27,2719
17,2720
20,2720
32,2720
40,2720
19,2721
32,2721
7,2722
15,2723
14,2724
45,2724
19,2725
21,2725
40,2725
47,2725
49,2726
9,2727
44,2727
38,2728
6,2730
17,2731
33,2731
36,2732
49,2736
28,2737
11,2738
33,2740
6,2746
31,2747
18,2748
12,2749
3,2752
15,2752
40,2752
4,2753
3,2756
44,2757
5,2758
4,2759
40,2759
5,2760
44,2760
11,2766
14,2766
48,2766
6,2768
37,2768
9,2770
26,2770
1,2772
7,2772
45,2772
29,2773
2,2774
33,2775
36,2775
10,2776
1,2777
6,2777
1,2778
9,2778
29,2778
34,2780
17,2781
2,2782
15,2782
27,2782
2,2783
27,2784
41,2787
48,2787
9,2791
33,2791
8,2792
24,2793
26,2793
13,2794
27,2796
8,2798
29,2798
34,2798
31,2799
47,2799
48,2799
1,2802
32,2802
19,2803
1,2805
2,2806
10,2806
1,2807
14,2808
27,2808
2,2809
25,2809
17,2811
2,2812
22,2813
36,2813
43,2813
44,2814
18,2815
30,2815
29,2816
14,2817
50,2818
8,2818
6,2819
42,2819
26,2820
41,2820
7,2821
11,2821
45,2822
42,2827
11,2828
28,2828
29,2828
46,2828
25,2829
24,2831
1,2833
2,2834
3,2834
33,2834
15,2835
39,2835
1,2836
41,2837
1,2838
37,2838
2,2839
4,2839
5,2839
45,2839
41,2840
2,2841
10,2841
4,2842
36,2843
14,2844
23,2844
3,2845
18,2845
36,2846
4,2847
16,2847
29,2847
5,2848
12,2850
18,2851
21,2851
6,2852
22,2852
48,2852
47,2853
35,2856
1,2857
4,2858
11,2858
1,2859
13,2859
22,2860
38,2860
2,2861
29,2861
9,2863
28,2863
49,2863
2,2864
49,2864
1,2866
2,2867
36,2868
15,2869
31,2869
7,2871
20,2871
17,2873
48,2873
11,2875
23,2877
27,2878
46,2878
6,2879
19,2879
33,2879
46,2880
17,2881
37,2882
45,2882
16,2883
41,2883
6,2886
44,2886
44,2887
33,2888
30,2889
37,2891
50,2892
20,2893
22,2894
48,2895
38,2896
1,2897
26,2897
30,2897
1,2898
3,2898
2,2899
38,2899
30,2901
5,2902
4,2903
3,2904
11,2904
2,2905
4,2905
10,2905
1,2907
5,2909
6,2909
2,2910
9,2910
44,2910
49,2910
1,2911
12,2912
2,2913
13,2913
48,2913
1,2915
17,2915
47,2916
2,2917
17,2917
16,2918
36,2918
1,2919
2,2921
1,2922
33,2922
34,2922
42,2923
19,2924
30,2924
1,2925
12,2925
44,2925
20,2927
14,2929
20,2929
2,2930
13,2930
40,2930
1,2931
16,2931
2,2933
2,2934
11,2934
33,2936
47,2936
16,2937
40,2937
41,2938
24,2939
27,2939
10,2940
17,2940
19,2940
11,2941
33,2941
18,2942
17,2945
38,2945
7,2946
39,2946
44,2946
45,2946
34,2948
25,2951
1,2954
1,2955
8,2955
2,2956
16,2956
1,2957
2,2958
41,2958
2,2960
6,2963
48,2963
1,2964
20,2965
45,2965
14,2966
2,2967
43,2968
46,2968
34,2969
37,2969
9,2970
12,2970
11,2971
43,2971
22,2972
23,2972
1,2973
33,2973
39,2973
1,2974
39,2974
2,2975
2,2976
3,2976
13,2976
21,2976
38,2976
34,2977
39,2977
5,2978
4,2979
16,2979
23,2979
36,2979
2,2980
29,2980
43,2980
18,2981
4,2982
3,2983
4,2984
25,2984
26,2984
5,2985
12,2985
15,2986
45,2987
1,2988
48,2988
24,2989
18,2991
46,2991
47,2991
9,2992
1,2993
46,2994
2,2995
7,2995
30,2995
43,2996
1,2997
2,2998
1,2999
2,3000
22,3000
28,3000
24,3001
25,3001
31,3002
41,3003
12,3004
17,3004
36,3004
6,3007
44,3011
23,3012
18,3013
44,3013
7,3014
38,3014
47,3014
45,3016
12,3017
40,3017
41,3019
44,3021
19,3023
35,3026
44,3030
6,3033
11,3033
29,3033
1,3035
2,3036
1,3038
1,3040
16,3041
30,3041
2,3042
28,3042
2,3043
46,3043
23,3045
50,3048
10,3049
23,3051
45,3051
30,3052
44,3053
43,3054
3,3055
11,3055
24,3055
1,3056
5,3056
11,3056
40,3056
41,3056
1,3057
4,3057
11,3057
2,3058
17,3058
1,3059
4,3059
19,3060
30,3060
2,3061
23,3062
34,3062
50,3063
29,3063
50,3064
5,3064
31,3064
42,3064
3,3065
32,3065
25,3066
44,3066
2,3067
8,3067
45,3068
31,3069
49,3069
13,3070
17,3071
25,3071
45,3072
35,3074
10,3076
11,3076
19,3076
42,3077
44,3078
50,3080
27,3080
10,3081
17,3083
43,3083
21,3085
28,3085
7,3086
26,3086
34,3089
45,3090
19,3092
26,3096
34,3097
37,3097
2,3100
35,3100
38,3100
21,3101
23,3101
3,3102
31,3102
4,3103
9,3104
5,3105
35,3105
4,3106
42,3107
43,3107
3,3108
39,3108
1,3110
1,3111
5,3111
2,3113
11,3113
27,3114
2,3115
27,3115
28,3115
1,3116
46,3117
2,3118
1,3122
31,3122
40,3122
7,3123
14,3125
17,3125
19,3125
18,3126
28,3127
13,3128
9,3130
1,3131
34,3131
43,3131
2,3132
2,3134
27,3134
1,3135
33,3136
24,3138
9,3139
2,3140
30,3140
38,3140
48,3140
35,3144
47,3144
21,3145
44,3145
35,3146
40,3146
42,3146
50,3148
24,3148
1,3149
2,3150
48,3151
49,3151
7,3153
1,3154
2,3155
1,3156
39,3156
2,3157
3,3160
4,3161
4,3162
26,3162
28,3162
7,3163
5,3165
39,3165
45,3165
4,3166
5,3166
10,3166
32,3166
48,3166
3,3168
24,3169
27,3171
42,3171
19,3173
41,3173
1,3174
45,3174
1,3176
27,3176
28,3177
43,3177
2,3178
29,3178
50,3179
21,3180
34,3181
37,3181
38,3181
40,3181
2,3182
50,3183
1,3183
2,3184
35,3184
43,3185
48,3185
7,3186
39,3186
33,3188
48,3188
22,3190
39,3190
9,3192
41,3192
1,3193
10,3193
25,3194
8,3195
28,3195
1,3196
2,3197
13,3197
18,3197
2,3198
12,3198
22,3198
43,3199
16,3201
28,3201
33,3201
1,3202
22,3202
2,3203
12,3203
44,3204
28,3206
39,3207
17,3208
36,3208
31,3209
44,3209
47,3209
17,3210
9,3211
16,3211
36,3213
23,3214
24,3214
40,3214
38,3216
22,3217
23,3217
42,3218
50,3219
20,3219
13,3220
49,3221
24,3223
18,3224
42,3227
7,3230
12,3231
40,3231
21,3232
32,3233
11,3235
39,3241
24,3242
49,3246
3,3247
41,3247
48,3247
9,3248
11,3248
22,3249
4,3250
10,3250
5,3251
31,3251
4,3252
5,3253
6,3253
46,3255
3,3256
28,3257
31,3258
36,3258
46,3258
15,3259
14,3261
42,3263
27,3264
20,3265
9,3266
26,3266
31,3268
3,3272
1,3274
2,3275
4,3275
24,3275
35,3275
1,3276
45,3276
4,3277
34,3277
2,3278
14,3278
40,3278
1,3279
43,3279
49,3279
3,3281
2,3282
5,3282
13,3282
22,3282
47,3282
22,3283
5,3284
28,3285
25,3286
32,3287
38,3288
35,3292
17,3293
40,3294
43,3295
47,3296
45,3297
46,3298
12,3299
46,3299
19,3301
13,3302
1,3303
44,3304
46,3304
17,3305
1,3307
37,3307
39,3307
2,3308
13,3308
1,3309
18,3310
2,3311
2,3312
16,3313
33,3314
26,3316
12,3318
42,3318
25,3321
47,3321
8,3326
22,3330
23,3330
1,3331
40,3331
42,3331
22,3332
8,3334
34,3334
40,3334
41,3336
24,3338
38,3338
29,3339
39,3339
14,3341
23,3341
49,3343
8,3344
38,3344
6,3345
36,3345
41,3345
13,3346
16,3346
9,3347
49,3347
25,3350
16,3351
43,3352
9,3353
11,3353
14,3353
18,3353
33,3353
1,3354
43,3354
24,3355
1,3356
2,3357
16,3357
3,3358
44,3358
42,3359
1,3360
4,3360
2,3361
12,3361
2,3362
5,3362
7,3362
5,3363
11,3363
41,3363
4,3364
33,3364
1,3366
41,3366
1,3368
2,3369
3,3369
24,3369
2,3371
1,3372
2,3373
33,3373
17,3374
12,3375
8,3376
48,3376
3,3379
39,3379
5,3380
45,3380
39,3381
48,3381
4,3382
41,3382
49,3382
5,3383
41,3383
4,3385
3,3386
39,3386
16,3387
16,3388
48,3388
12,3390
35,3390
7,3391
16,3391
18,3391
20,3391
28,3391
37,3391
36,3392
49,3392
49,3394
20,3395
3,3396
22,3396
34,3396
40,3396
5,3397
6,3399
6,3400
45,3400
4,3402
27,3402
38,3402
4,3407
22,3407
3,3409
5,3410
28,3413
1,3414
16,3416
29,3416
28,3417
33,3417
2,3418
17,3418
19,3421
12,3422
18,3422
1,3423
34,3423
49,3423
1,3424
8,3424
21,3424
44,3424
45,3426
2,3427
35,3427
36,3427
2,3428
40,3429
11,3430
30,3430
31,3431
6,3432
7,3433
24,3434
28,3434
48,3434
3,3437
18,3437
5,3438
12,3438
4,3439
25,3439
38,3439
4,3440
27,3440
40,3440
5,3442
1,3443
18,3443
1,3444
3,3444
21,3445
2,3447
12,3447
1,3448
2,3449
34,3450
24,3451
44,3452
2,3453
25,3453
1,3455
35,3455
2,3456
5,3456
1,3457
2,3459
1,3460
15,3462
45,3462
2,3463
23,3464
25,3464
1,3466
10,3466
1,3467
28,3467
41,3468
2,3469
42,3469
1,3470
41,3470
14,3471
15,3471
2,3472
43,3473
12,3474
47,3474
27,3475
2,3476
12,3477
18,3478
14,3479
31,3479
24,3482
25,3482
47,3482
10,3486
44,3486
6,3487
9,3487
16,3491
18,3493
21,3494
27,3494
11,3495
11,3496
30,3496
35,3497
41,3497
42,3498
44,3498
37,3500
44,3501
21,3503
30,3504
47,3505
11,3506
35,3506
3,3507
11,3507
4,3508
23,3508
3,3510
17,3510
38,3510
5,3511
4,3512
5,3513
33,3513
25,3514
18,3516
45,3516
25,3518
28,3518
42,3518
27,3520
28,3520
39,3520
1,3522
20,3522
21,3522
15,3523
19,3524
37,3524
1,3526
12,3526
2,3528
32,3529
1,3530
5,3530
19,3530
25,3530
2,3531
11,3531
48,3534
2,3535
23,3535
12,3538
15,3539
17,3539
37,3539
7,3540
15,3540
39,3542
43,3542
18,3545
3,3548
4,3549
3,3550
48,3550
5,3551
5,3552
4,3554
6,3555
41,3555
8,3556
11,3556
14,3556
7,3558
28,3558
1,3560
18,3560
2,3561
8,3561
1,3562
24,3562
1,3564
20,3564
32,3564
39,3564
2,3565
20,3565
21,3565
26,3565
6,3567
40,3567
2,3569
49,3569
2,3570
17,3570
44,3570
22,3574
34,3574
46,3574
29,3576
32,3576
3,3577
9,3577
35,3577
41,3577
5,3578
39,3578
48,3578
49,3578
18,3579
5,3580
4,3581
9,3581
17,3581
27,3582
4,3583
13,3583
28,3584
36,3584
3,3585
13,3585
6,3586
34,3586
40,3586
44,3586
36,3589
27,3593
37,3593
42,3596
44,3597
31,3598
45,3599
50,3602
45,3602
9,3603
40,3603
36,3607
11,3608
20,3608
19,3609
20,3609
9,3610
35,3610
47,3611
38,3612
27,3613
24,3614
29,3614
3,3620
4,3621
47,3622
33,3623
4,3624
12,3624
23,3624
18,3625
30,3627
46,3627
12,3628
15,3628
49,3628
5,3630
9,3631
5,3632
3,3633
48,3633
49,3634
27,3635
37,3635
17,3638
1,3640
15,3641
28,3641
29,3641
1,3642
33,3642
2,3643
2,3644
7,3644
33,3644
1,3645
26,3645
47,3645
34,3646
21,3649
27,3649
32,3649
34,3650
2,3651
16,3652
41,3652
9,3653
43,3653
38,3654
6,3655
11,3655
42,3655
38,3656
46,3657
7,3660
26,3660
9,3662
28,3662
45,3662
36,3667
44,3667
27,3669
11,3672
23,3673
14,3676
39,3676
42,3676
35,3680
13,3681
31,3683
7,3685
29,3686
35,3686
50,3690
8,3690
46,3690
49,3690
16,3691
17,3692
39,3692
30,3693
46,3694
49,3694
29,3696
17,3698
18,3698
29,3698
6,3701
31,3701
8,3702
14,3704
49,3706
6,3708
22,3709
42,3709
42,3710
3,3714
47,3714
19,3715
43,3715
7,3716
34,3716
8,3717
26,3717
28,3718
23,3719
21,3720
37,3720
37,3721
6,3723
33,3723
36,3725
14,3729
9,3730
11,3730
49,3730
13,3732
15,3733
11,3734
22,3735
36,3736
13,3738
50,3741
24,3742
34,3742
24,3743
18,3746
13,3748
33,3749
3,3750
29,3751
5,3752
5,3753
4,3754
4,3755
3,3756
12,3756
20,3756
27,3757
34,3757
20,3759
45,3759
46,3761
18,3762
30,3763
19,3764
26,3765
1,3768
15,3768
1,3769
2,3770
35,3770
37,3770
2,3771
26,3771
10,3772
1,3773
27,3773
2,3774
22,3775
23,3775
39,3775
50,3776
22,3776
41,3776
44,3776
9,3777
22,3778
39,3779
21,3780
33,3780
8,3781
43,3781
15,3782
27,3782
42,3782
6,3783
21,3784
10,3786
37,3788
36,3789
8,3791
25,3791
9,3792
11,3792
7,3793
14,3794
42,3794
39,3795
9,3797
17,3798
45,3798
42,3799
36,3801
48,3801
21,3802
35,3803
28,3804
28,3805
29,3805
27,3808
39,3808
44,3808
49,3808
23,3809
25,3809
41,3809
14,3812
44,3812
20,3813
27,3813
6,3814
26,3815
33,3817
28,3818
47,3819
14,3820
44,3820
17,3822
16,3823
20,3823
25,3823
49,3824
37,3825
45,3825
27,3826
26,3828
32,3828
39,3828
25,3829
43,3829
27,3830
16,3833
29,3835
19,3836
1,3837
2,3838
44,3838
1,3839
1,3840
23,3840
2,3842
27,3842
2,3843
18,3844
21,3847
27,3848
29,3848
48,3848
2,3849
10,3849
41,3849
29,3850
30,3850
50,3851
34,3852
13,3855
44,3855
3,3857
14,3857
15,3858
5,3860
4,3861
5,3862
3,3863
19,3863
4,3864
36,3864
1,3865
2,3866
29,3866
1,3868
42,3868
49,3870
50,3871
2,3871
28,3871
10,3872
24,3872
33,3873
1,3874
45,3874
2,3876
48,3877
27,3878
20,3879
12,3880
39,3880
45,3880
1,3881
1,3882
9,3883
29,3883
33,3883
35,3883
47,3886
24,3887
31,3887
2,3888
31,3888
2,3889
50,3890
47,3891
15,3892
1,3893
18,3893
43,3893
2,3894
7,3894
34,3895
43,3897
32,3900
49,3900
25,3902
15,3903
9,3905
28,3906
45,3907
12,3908
13,3908
20,3908
3,3910
13,3910
24,3911
4,3912
9,3912
17,3912
33,3912
4,3913
38,3913
3,3914
35,3914
9,3916
17,3916
18,3917
5,3918
16,3918
37,3918
6,3919
14,3919
22,3920
50,3921
5,3921
12,3922
38,3922
24,3924
26,3928
38,3928
30,3929
47,3929
33,3930
22,3933
8,3934
46,3935
17,3937
30,3938
42,3939
34,3940
1,3941
17,3941
38,3941
1,3944
2,3945
9,3946
1,3947
2,3948
25,3948
28,3948
35,3948
2,3949
49,3949
25,3952
30,3954
16,3955
35,3955
47,3957
48,3957
18,3959
43,3959
1,3960
11,3961
1,3962
2,3963
10,3964
17,3964
1,3966
15,3966
27,3967
29,3967
31,3967
49,3969
2,3970
8,3970
43,3970
47,3970
2,3972
17,3972
40,3973
44,3974
15,3975
21,3975
33,3976
49,3976
40,3977
12,3979
23,3980
33,3982
39,3982
26,3983
28,3983
22,3984
38,3984
18,3986
10,3988
16,3990
14,3991
18,3991
32,3991
39,3992
1,3993
1,3994
31,3994
14,3995
2,3996
10,3996
39,3996
2,3997
1,3999
11,3999
21,3999
2,4000
46,4000
50,4001
14,4001
9,4002
13,4006
21,4007
32,4008
3,4009
30,4009
41,4009
42,4009
5,4010
15,4010
30,4011
33,4012
5,4014
34,4014
4,4015
3,4016
4,4018
28,4020
33,4022
36,4022
16,4028
32,4029
20,4030
49,4030
13,4031
7,4032
20,4032
49,4032
34,4034
48,4035
15,4037
32,4037
41,4038
18,4039
6,4041
9,4041
17,4043
15,4045
48,4047
10,4048
8,4050
19,4053
40,4053
42,4054
14,4055
29,4056
11,4057
31,4057
36,4058
39,4058
13,4059
22,4059
12,4061
50,4062
9,4063
18,4063
22,4063
39,4063
5,4064
38,4064
50,4065
9,4066
26,4066
50,4069
15,4070
10,4071
18,4073
38,4073
13,4074
47,4075
16,4076
22,4076
6,4077
10,4080
1,4081
1,4082
2,4083
2,4085
36,4086
1,4087
12,4087
44,4087
2,4088
14,4089
31,4089
36,4089
3,4090
6,4090
4,4091
5,4091
5,4092
5,4093
13,4093
3,4096
4,4098
38,4098
50,4099
20,4101
48,4102
40,4103
37,4104
49,4104
24,4106
46,4109
27,4110
28,4110
35,4113
16,4114
27,4114
40,4115
6,4116
46,4118
13,4119
10,4120
37,4121
39,4122
43,4122
47,4122
7,4123
19,4124
24,4124
26,4124
10,4125
20,4125
48,4126
3,4127
26,4128
36,4128
5,4129
13,4129
23,4129
40,4129
5,4130
43,4131
4,4132
34,4132
4,4133
3,4136
19,4136
20,4136
45,4138
1,4144
41,4144
1,4145
39,4145
2,4146
1,4147
2,4148
2,4150
13,4153
44,4153
50,4155
3,4157
17,4157
22,4157
30,4157
35,4157
47,4157
4,4158
17,4159
43,4159
3,4160
42,4160
32,4161
42,4161
5,4162
27,4162
40,4162
5,4163
48,4163
37,4164
40,4167
48,4167
4,4169
25,4170
14,4172
27,4172
29,4172
18,4174
29,4176
48,4177
23,4178
49,4178
7,4182
1,4184
9,4184
29,4184
37,4184
16,4185
20,4185
39,4185
44,4185
19,4186
32,4187
9,4188
17,4188
8,4190
6,4191
29,4192
19,4193
46,4193
17,4194
31,4194
1,4195
1,4196
21,4196
22,4196
35,4196
18,4197
41,4197
42,4197
2,4198
13,4198
9,4199
26,4199
28,4199
45,4199
46,4199
2,4200
3,4201
10,4201
1,4202
19,4202
13,4203
17,4203
2,4204
4,4204
10,4204
10,4205
23,4205
3,4206
40,4206
4,4208
36,4209
5,4210
42,4210
43,4210
5,4211
1,4212
4,4213
6,4213
2,4214
1,4215
34,4215
2,4216
39,4216
1,4217
43,4218
2,4219
45,4219
14,4220
22,4220
11,4221
22,4222
41,4222
16,4223
1,4226
3,4226
17,4226
38,4226
49,4226
3,4227
4,4227
7,4227
10,4228
1,4229
25,4229
2,4230
3,4230
13,4230
42,4230
14,4231
2,4232
5,4232
21,4232
1,4233
27,4233
4,4234
8,4234
34,4234
2,4235
5,4236
42,4237
19,4238
46,4238
35,4242
35,4243
41,4243
45,4243
21,4244
21,4245
6,4246
17,4247
30,4247
36,4248
36,4249
19,4250
43,4250
11,4251
20,4253
22,4259
25,4259
35,4259
48,4261
32,4262
34,4263
48,4264
17,4265
38,4268
18,4269
49,4270
34,4271
46,4271
18,4272
7,4275
45,4275
7,4278
11,4280
2,4281
13,4281
42,4281
47,4282
49,4283
15,4284
32,4284
17,4286
3,4288
6,4288
15,4288
16,4288
15,4290
4,4291
6,4291
46,4291
3,4294
4,4294
3,4296
45,4296
41,4297
45,4297
5,4298
5,4299
27,4299
18,4301
7,4303
20,4303
8,4304
27,4304
41,4305
14,4309
18,4310
39,4310
26,4311
1,4313
14,4314
2,4315
22,4315
2,4316
1,4317
45,4317
2,4318
50,4319
12,4320
11,4321
15,4321
22,4321
36,4321
23,4322
47,4322
1,4323
49,4323
49,4324
25,4325
38,4325
2,4326
31,4326
17,4328
11,4333
19,4336
47,4340
30,4343
16,4346
1,4349
2,4350
25,4350
1,4351
38,4351
25,4352
1,4356
13,4356
25,4356
42,4356
43,4356
2,4357
7,4357
20,4357
35,4357
24,4362
17,4363
2,4364
31,4364
48,4364
37,4365
21,4366
7,4368
11,4368
17,4369
8,4370
33,4370
35,4370
38,4370
3,4371
5,4371
24,4371
40,4372
42,4374
13,4375
26,4375
41,4375
9,4377
38,4377
34,4378
45,4378
23,4381
39,4381
42,4382
43,4386
41,4388
1,4389
2,4390
1,4391
1,4393
12,4394
19,4394
36,4395
9,4396
25,4396
44,4396
2,4397
27,4398
2,4399
39,4399
20,4401
26,4401
46,4401
6,4402
14,4402
42,4402
46,4402
17,4403
6,4404
23,4404
39,4404
27,4405
18,4407
41,4410
12,4411
18,4411
30,4413
36,4413
19,4414
47,4414
10,4416
18,4417
44,4418
16,4419
43,4419
15,4421
37,4422
20,4423
20,4426
33,4426
8,4428
36,4429
25,4430
3,4432
7,4433
27,4434
4,4435
25,4435
28,4436
4,4437
42,4437
4,4438
47,4439
5,4440
3,4441
25,4441
27,4441
5,4442
15,4442
26,4442
16,4444
24,4445
44,4445
21,4447
25,4447
32,4447
23,4449
22,4452
39,4452
10,4453
1,4455
43,4455
44,4455
2,4457
14,4457
42,4457
1,4458
8,4458
45,4458
18,4460
1,4461
31,4461
14,4462
36,4462
2,4463
9,4463
39,4463
2,4464
45,4464
36,4465
42,4467
47,4467
24,4468
50,4472
46,4473
33,4474
7,4475
2,4476
11,4480
28,4482
48,4483
42,4486
45,4487
45,4488
27,4489
45,4489
50,4490
13,4492
33,4494
37,4494
48,4494
42,4495
8,4496
43,4496
48,4497
15,4498
41,4501
45,4502
41,4507
46,4507
49,4507
40,4510
38,4511
31,4513
39,4513
24,4515
31,4515
20,4517
17,4519
40,4519
42,4519
17,4520
13,4521
23,4521
25,4521
32,4523
35,4523
12,4524
29,4524
50,4525
23,4526
9,4527
37,4527
1,4528
5,4528
38,4528
37,4529
29,4530
1,4531
7,4531
32,4532
50,4533
12,4534
21,4535
24,4536
2,4537
45,4537
22,4538
30,4539
1,4540
45,4540
19,4541
20,4541
39,4542
8,4545
39,4545
2,4546
10,4546
17,4546
29,4546
2,4547
9,4547
11,4548
3,4549
5,4550
8,4550
49,4550
5,4551
4,4552
15,4552
40,4552
4,4553
4,4554
39,4554
1,4555
21,4555
3,4556
31,4556
29,4557
2,4558
34,4558
1,4559
29,4560
37,4560
2,4561
3,4561
36,4561
4,4562
6,4562
32,4562
1,4563
37,4563
2,4564
5,4564
30,4564
3,4565
5,4567
4,4568
39,4569
46,4570
18,4571
1,4576
2,4579
32,4579
43,4581
40,4585
42,4585
3,4586
40,4586
44,4586
40,4587
47,4588
11,4589
45,4589
5,4590
1,4591
2,4592
4,4592
9,4592
4,4593
1,4594
44,4594
2,4595
12,4595
5,4596
31,4596
48,4596
23,4597
25,4599
37,4599
3,4600
16,4600
15,4601
28,4602
19,4603
46,4604
8,4605
21,4605
31,4605
1,4606
30,4606
2,4608
16,4608
7,4609
10,4611
1,4612
28,4612
29,4612
36,4612
6,4613
13,4613
1,4614
15,4614
21,4614
1,4615
16,4615
37,4615
10,4617
2,4618
12,4618
39,4618
2,4619
41,4619
10,4620
20,4620
39,4620
33,4621
38,4621
43,4621
3,4622
26,4622
20,4623
4,4624
12,4625
11,4626
3,4628
35,4629
45,4629
5,4631
41,4631
28,4632
31,4632
5,4633
29,4634
34,4634
4,4635
7,4636
9,4637
13,4639
38,4641
8,4644
9,4646
1,4647
40,4647
45,4647
15,4650
29,4650
40,4650
39,4651
1,4652
29,4652
48,4652
42,4654
2,4655
48,4656
2,4658
39,4658
43,4658
1,4659
24,4659
30,4659
39,4659
40,4659
45,4659
13,4660
2,4661
47,4665
1,4666
12,4666
2,4667
11,4667
37,4667
1,4668
3,4670
41,4670
1,4671
15,4671
31,4671
42,4671
4,4672
26,4672
2,4673
5,4673
42,4673
3,4674
26,4674
27,4674
2,4675
4,4675
5,4676
29,4677
37,4677
6,4678
7,4678
16,4678
43,4678
40,4679
15,4680
19,4681
49,4681
10,4682
45,4682
25,4684
38,4684
26,4685
27,4685
31,4685
15,4686
42,4686
7,4687
24,4687
9,4688
39,4692
33,4693
37,4693
16,4699
39,4699
14,4701
38,4701
8,4702
9,4702
19,4702
50,4703
7,4703
41,4703
50,4704
8,4705
26,4705
1,4707
49,4707
1,4709
9,4709
2,4710
8,4712
15,4712
2,4714
16,4714
9,4716
1,4718
8,4718
20,4718
2,4720
23,4720
40,4720
6,4721
38,4721
27,4725
34,4725
43,4726
13,4727
28,4727
38,4727
50,4729
8,4730
48,4730
20,4732
25,4732
23,4733
26,4734
12,4735
20,4736
22,4736
16,4737
38,4738
3,4739
19,4739
40,4739
4,4741
29,4742
22,4743
38,4743
45,4743
5,4744
31,4744
5,4745
7,4745
29,4745
4,4746
50,4747
6,4747
3,4748
40,4749
43,4749
8,4750
44,4750
14,4751
50,4753
8,4753
50,4754
48,4754
27,4755
46,4756
29,4757
3,4759
5,4760
12,4760
16,4760
4,4761
41,4762
4,4764
1,4765
5,4765
6,4765
3,4766
8,4766
14,4766
27,4766
47,4767
30,4768
9,4771
25,4771
31,4771
14,4774
26,4774
24,4776
40,4776
34,4777
15,4778
36,4779
1,4781
9,4782
1,4783
2,4784
12,4784
33,4784
44,4784
13,4785
44,4785
19,4787
1,4788
13,4788
14,4788
49,4789
2,4790
26,4791
2,4792
35,4797
6,4798
9,4798
19,4798
47,4799
42,4800
48,4800
39,4801
12,4802
38,4804
43,4804
17,4806
29,4806
7,4808
20,4809
26,4809
41,4809
7,4810
26,4811
31,4813
33,4814
45,4814
14,4816
14,4817
1,4819
1,4821
15,4821
35,4823
2,4824
2,4825
29,4826
43,4826
1,4828
7,4828
2,4829
6,4829
2,4830
15,4830
13,4831
46,4831
19,4832
15,4834
48,4834
7,4835
28,4836
13,4838
35,4840
46,4841
10,4842
35,4842
44,4843
24,4844
40,4844
20,4845
50,4846
39,4846
46,4846
48,4846
19,4847
8,4848
16,4848
3,4850
23,4851
33,4851
5,4852
15,4852
24,4852
37,4852
4,4853
13,4854
5,4855
23,4855
5,4856
15,4856
16,4858
18,4858
19,4861
44,4861
3,4862
8,4863
17,4863
31,4863
37,4863
18,4864
4,4865
4,4867
14,4867
25,4867
45,4868
40,4869
3,4870
36,4870
5,4871
50,4872
4,4872
33,4872
3,4874
35,4874
5,4875
6,4875
8,4875
33,4875
4,4876
38,4879
22,4880
49,4881
18,4882
18,4883
47,4884
6,4885
27,4885
41,4886
35,4887
37,4888
21,4892
7,4893
12,4893
34,4893
47,4894
15,4895
41,4899
13,4900
31,4900
13,4901
41,4901
41,4903
15,4905
44,4907
47,4911
6,4912
36,4912
16,4914
5,4915
12,4915
30,4915
8,4916
13,4916
20,4917
38,4918
3,4920
6,4920
6,4921
33,4922
10,4924
49,4924
25,4925
13,4926
34,4926
35,4926
22,4927
33,4927
7,4928
15,4928
33,4928
47,4928
3,4929
7,4929
8,4929
16,4930
33,4930
13,4932
14,4933
20,4934
29,4935
37,4937
39,4937
44,4937
35,4939
41,4940
28,4942
5,4945
22,4945
25,4945
41,4945
31,4947
3,4948
4,4949
4,4950
29,4950
34,4950
5,4951
30,4951
34,4952
45,4952
21,4953
40,4953
3,4954
44,4954
5,4955
7,4955
33,4955
23,4956
9,4957
6,4959
9,4959
22,4959
17,4960
50,4961
36,4961
49,4961
21,4964
24,4965
28,4966
25,4967
20,4969
35,4969
45,4969
29,4971
7,4972
11,4972
26,4975
39,4975
45,4976
46,4976
18,4978
13,4980
34,4980
48,4980
22,4981
45,4982
47,4982
10,4983
16,4983
4,4985
13,4985
20,4985
40,4987
1,4988
1,4991
26,4991
18,4992
43,4992
33,4993
39,4993
27,4994
2,4995
2,4996
50,4997
35,4997
28,4998
32,4998
49,4998
15,5000
25,5001
1,5002
15,5003
2,5004
17,5004
26,5008
40,5008
49,5008
50,5010
27,5010
25,5011
1,5012
1,5013
30,5013
36,5015
22,5016
2,5018
19,5018
6,5019
12,5019
43,5019
2,5021
1,5023
17,5026
37,5026
2,5027
39,5029
13,5030
41,5030
44,5031
23,5033
46,5035
25,5036
17,5038
37,5038
10,5039
19,5039
28,5039
1,5040
23,5040
27,5040
2,5041
1,5042
32,5042
39,5042
13,5043
2,5044
44,5044
1,5045
44,5045
2,5046
39,5047
43,5048
20,5049
25,5049
26,5049
29,5049
1,5051
15,5051
13,5052
50,5053
32,5053
41,5053
2,5054
1,5055
35,5055
1,5056
39,5056
2,5059
7,5060
2,5062
32,5062
49,5065
4,5066
46,5066
42,5068
17,5070
36,5070
6,5071
18,5071
12,5073
46,5079
30,5080
28,5081
7,5083
40,5083
36,5084
3,5085
4,5086
7,5086
11,5087
5,5089
4,5090
7,5090
29,5090
45,5090
1,5091
22,5091
5,5092
3,5093
9,5093
37,5095
43,5095
48,5095
2,5096
40,5096
6,5097
14,5098
1,5099
20,5099
2,5100
17,5101
1,5102
2,5104
13,5106
31,5107
35,5110
17,5111
45,5115
1,5117
6,5117
31,5117
2,5118
27,5118
1,5119
23,5120
1,5121
2,5121
25,5121
37,5122
2,5123
2,5124
4,5125
15,5128
18,5128
19,5129
14,5130
32,5130
19,5131
15,5132
17,5132
40,5133
42,5134
13,5137
22,5140
25,5140
39,5140
50,5141
43,5141
34,5142
35,5143
31,5147
32,5147
36,5147
1,5149
45,5149
2,5150
40,5150
45,5150
1,5151
1,5152
7,5152
2,5153
27,5153
2,5154
27,5159
36,5159
29,5161
24,5162
36,5163
36,5164
40,5166
36,5169
13,5171
45,5171
41,5172
6,5173
23,5173
26,5173
47,5173
49,5173
25,5176
10,5179
39,5180
40,5180
50,5181
40,5181
26,5183
27,5183
28,5183
32,5185
14,5186
46,5187
46,5192
22,5193
33,5194
39,5194
45,5194
7,5195
19,5197
24,5197
30,5199
23,5200
1,5201
1,5203
2,5204
2,5205
33,5205
1,5206
23,5206
29,5207
44,5208
46,5209
2,5210
28,5211
45,5211
38,5212
36,5213
37,5213
26,5216
1,5220
39,5220
43,5221
44,5221
46,5222
29,5224
36,5224
24,5225
48,5225
1,5226
17,5229
35,5229
2,5230
35,5232
1,5233
1,5234
3,5234
4,5235
25,5235
5,5236
2,5237
23,5238
24,5238
1,5239
2,5240
31,5240
5,5241
46,5241
1,5242
3,5242
4,5243
13,5243
1,5244
2,5245
18,5245
42,5246
1,5247
12,5247
14,5247
35,5247
1,5248
16,5248
45,5248
2,5249
4,5249
16,5249
21,5249
2,5250
50,5251
9,5252
3,5253
42,5253
5,5255
20,5255
47,5255
11,5256
43,5256
4,5257
27,5257
45,5257
4,5258
14,5258
25,5258
5,5260
31,5260
15,5261
3,5262
28,5262
48,5263
42,5264
43,5266
47,5266
17,5268
11,5269
38,5269
1,5270
33,5270
1,5271
50,5273
2,5274
1,5275
40,5275
2,5278
43,5278
48,5278
2,5279
3,5280
23,5280
16,5281
37,5281
45,5282
5,5283
47,5285
4,5287
45,5288
25,5289
49,5289
3,5290
5,5291
1,5292
4,5292
46,5292
1,5293
7,5293
35,5293
27,5294
42,5296
44,5296
50,5297
2,5297
2,5298
8,5298
33,5298
11,5299
36,5300
3,5301
1,5302
27,5302
35,5303
4,5304
8,5304
3,5306
6,5306
12,5306
2,5307
4,5309
5,5310
48,5311
5,5312
13,5313
11,5314
29,5315
38,5315
32,5317
33,5317
11,5319
42,5321
10,5322
28,5322
30,5322
2,5324
3,5325
4,5328
49,5328
4,5329
5,5332
41,5334
3,5335
5,5336
18,5336
46,5336
46,5337
20,5340
36,5340
45,5341
16,5342
41,5342
30,5343
6,5344
42,5344
7,5346
28,5347
18,5348
17,5349
49,5351
46,5352
35,5354
29,5357
36,5357
47,5358
13,5359
6,5361
3,5362
44,5362
4,5365
7,5365
40,5365
5,5366
23,5366
1,5367
2,5368
31,5369
1,5370
4,5370
18,5370
1,5371
5,5371
2,5373
3,5373
42,5373
2,5374
3,5374
36,5374
43,5374
4,5375
45,5375
7,5376
26,5378
5,5379
20,5380
21,5380
38,5380
42,5383
5,5384
33,5384
3,5385
9,5385
37,5385
18,5388
38,5388
4,5389
28,5389
33,5391
49,5391
31,5395
44,5396
11,5398
13,5399
22,5399
33,5400
8,5402
3,5403
17,5403
45,5403
42,5404
4,5405
5,5407
28,5407
3,5408
15,5409
4,5410
21,5411
7,5412
5,5414
14,5414
24,5414
42,5414
14,5415
1,5416
24,5417
1,5419
17,5419
2,5420
2,5421
12,5421
42,5421
1,5422
2,5423
48,5424
6,5425
7,5425
35,5426
28,5428
13,5429
20,5429
40,5429
48,5429
12,5432
45,5432
16,5433
45,5434
46,5435
14,5436
21,5436
29,5436
27,5438
36,5439
46,5439
39,5440
44,5440
19,5441
35,5445
41,5446
16,5447
25,5450
39,5450
14,5451
16,5451
19,5453
36,5455
34,5456
35,5458
25,5460
37,5461
37,5462
39,5462
24,5463
39,5464
28,5466
36,5468
34,5469
42,5469
20,5470
14,5472
24,5475
20,5477
15,5478
50,5481
30,5482
48,5482
32,5483
49,5484
36,5485
49,5486
3,5487
40,5487
10,5488
4,5489
14,5489
35,5490
5,5491
45,5492
22,5493
3,5494
40,5494
5,5495
16,5495
29,5495
45,5495
6,5496
8,5496
4,5498
9,5498
25,5498
48,5498
28,5499
29,5499
31,5500
40,5500
1,5502
1,5503
2,5505
22,5505
1,5506
28,5506
2,5507
26,5507
2,5508
22,5509
50,5510
15,5511
3,5512
19,5512
45,5512
31,5513
8,5514
9,5514
11,5514
4,5516
39,5516
5,5517
11,5517
1,5518
4,5518
3,5519
16,5519
24,5519
43,5519
40,5520
5,5521
1,5522
35,5522
45,5522
36,5523
13,5524
21,5524
2,5525
28,5525
36,5526
1,5527
6,5527
28,5527
43,5528
32,5529
2,5530
2,5531
38,5531
32,5532
40,5532
45,5533
49,5533
6,5534
38,5535
6,5538
38,5538
9,5539
48,5540
48,5541
16,5542
37,5543
7,5545
35,5545
42,5546
10,5547
33,5547
34,5549
9,5550
14,5550
16,5550
28,5550
16,5551
27,5554
34,5555
23,5556
24,5556
21,5559
8,5560
41,5560
38,5563
41,5563
31,5565
42,5567
6,5568
34,5568
37,5568
38,5568
17,5569
1,5571
44,5571
36,5572
37,5572
47,5572
1,5574
23,5574
33,5574
2,5575
26,5575
2,5576
1,5577
47,5577
2,5578
6,5578
15,5578
29,5578
4,5579
18,5579
47,5579
36,5580
8,5581
10,5581
13,5581
43,5581
44,5581
6,5583
9,5583
6,5585
22,5585
39,5586
16,5589
47,5590
1,5592
20,5593
32,5593
39,5593
1,5594
23,5594
2,5596
1,5599
2,5600
2,5601
29,5601
30,5601
45,5601
3,5602
31,5602
5,5605
15,5606
14,5607
4,5608
5,5609
1,5611
3,5611
15,5611
6,5612
15,5613
48,5613
15,5614
23,5614
4,5615
1,5616
45,5616
47,5617
49,5619
49,5620
29,5622
34,5623
25,5624
29,5624
12,5626
7,5628
14,5629
7,5630
16,5631
44,5631
3,5633
9,5633
4,5634
24,5634
4,5635
5,5635
13,5635
3,5636
8,5636
38,5636
43,5636
4,5638
5,5641
48,5641
7,5643
29,5644
11,5645
11,5646
13,5647
44,5647
8,5648
21,5649
13,5651
46,5654
1,5655
3,5656
27,5656
1,5657
5,5657
12,5657
32,5657
34,5658
2,5659
4,5661
41,5661
5,5662
2,5663
9,5663
1,5664
34,5664
46,5664
2,5665
4,5666
50,5667
3,5667
1,5668
18,5668
1,5670
3,5670
41,5670
44,5670
2,5671
5,5671
5,5672
22,5672
1,5673
4,5673
24,5673
28,5673
48,5674
7,5675
8,5675
37,5675
40,5675
41,5675
4,5676
37,5676
2,5678
25,5678
38,5678
3,5679
2,5682
28,5683
7,5684
45,5685
50,5686
1,5686
22,5686
2,5687
43,5687
1,5688
27,5688
1,5689
20,5689
2,5691
2,5692
10,5692
1,5693
18,5693
1,5694
2,5695
14,5695
39,5696
21,5697
38,5697
1,5700
7,5700
15,5700
18,5700
35,5702
2,5703
14,5703
35,5703
48,5703
2,5704
3,5705
6,5705
30,5705
36,5705
48,5705
38,5706
9,5708
38,5710
44,5710
44,5715
25,5717
30,5717
40,5717
3,5719
4,5720
5,5721
3,5722
41,5723
1,5724
4,5724
26,5724
39,5724
46,5724
1,5725
2,5726
5,5726
25,5726
26,5726
2,5727
44,5728
1,5729
9,5729
21,5729
32,5729
2,5730
10,5730
28,5730
24,5731
34,5731
34,5733
1,5734
2,5734
1,5735
25,5735
33,5735
36,5735
22,5736
35,5736
43,5736
39,5738
2,5739
40,5740
24,5741
27,5741
31,5741
2,5742
12,5742
33,5743
1,5744
25,5744
26,5744
25,5746
30,5746
2,5747
7,5747
23,5747
33,5749
7,5752
8,5752
13,5752
8,5753
20,5754
1,5755
34,5756
2,5757
13,5757
10,5758
46,5758
6,5759
8,5759
18,5759
21,5759
43,5760
1,5761
50,5762
6,5762
27,5762
1,5763
14,5763
30,5764
8,5765
39,5765
43,5765
50,5766
2,5766
3,5768
9,5768
14,5768
2,5769
25,5769
36,5769
20,5770
21,5770
4,5771
18,5771
5,5772
7,5772
4,5773
10,5773
5,5774
6,5774
21,5774
35,5774
13,5778
14,5778
1,5779
3,5779
2,5780
9,5780
1,5781
30,5781
48,5781
37,5782
2,5783
34,5784
10,5786
47,5786
26,5787
30,5787
1,5788
21,5788
2,5789
3,5789
19,5789
40,5792
9,5794
48,5795
8,5796
33,5796
21,5797
37,5797
45,5797
7,5798
14,5799
43,5800
17,5801
16,5802
20,5803
21,5803
39,5804
16,5805
33,5806
50,5808
20,5808
6,5809
38,5809
23,5812
20,5813
44,5813
9,5815
28,5815
44,5816
47,5816
6,5817
18,5817
48,5817
18,5818
13,5820
28,5821
28,5822
45,5823
39,5824
14,5825
21,5826
44,5826
29,5827
36,5827
45,5827
7,5829
46,5829
16,5830
21,5830
26,5831
28,5832
14,5834
33,5835
47,5835
21,5837
33,5838
43,5838
23,5839
7,5840
49,5840
7,5841
16,5841
28,5841
36,5841
39,5843
14,5844
35,5845
47,5845
20,5846
16,5850
31,5850
38,5850
47,5850
20,5851
1,5852
15,5854
16,5854
3,5855
7,5855
14,5855
36,5855
2,5856
4,5858
39,5858
46,5858
5,5859
19,5859
31,5859
3,5860
46,5860
5,5861
11,5861
46,5861
4,5863
7,5863
12,5863
29,5863
31,5863
27,5864
3,5865
27,5865
5,5866
24,5866
4,5867
22,5867
4,5868
5,5869
13,5869
20,5870
45,5870
3,5871
1,5874
38,5874
20,5875
10,5877
20,5877
36,5877
31,5878
2,5879
41,5879
1,5881
7,5881
25,5882
2,5883
19,5883
49,5883
11,5884
33,5884
1,5885
40,5885
29,5886
2,5887
37,5888
24,5889
36,5890
14,5891
20,5891
3,5893
10,5894
49,5894
4,5896
37,5896
12,5897
29,5897
37,5897
42,5897
4,5899
3,5900
5,5901
31,5901
5,5903
46,5903
20,5904
25,5904
20,5909
10,5911
43,5911
30,5913
39,5913
17,5914
49,5914
24,5915
30,5915
45,5915
50,5916
22,5916
45,5916
14,5917
18,5919
49,5921
9,5922
20,5922
34,5922
13,5924
30,5924
1,5925
29,5925
3,5926
4,5927
39,5927
1,5928
29,5928
36,5929
40,5929
5,5930
1,5931
4,5931
28,5931
44,5931
5,5932
20,5932
43,5932
2,5933
20,5933
3,5934
31,5934
41,5934
1,5935
9,5935
38,5936
2,5937
38,5937
44,5937
16,5939
44,5939
31,5940
2,5941
14,5941
48,5942
10,5943
31,5943
21,5947
43,5948
43,5951
18,5952
48,5954
14,5955
27,5957
18,5958
36,5959
16,5960
20,5960
15,5964
37,5964
50,5967
47,5969
46,5971
41,5972
7,5973
30,5973
41,5973
41,5975
24,5976
32,5976
42,5976
3,5977
40,5977
4,5979
5,5980
34,5980
37,5980
6,5982
28,5982
28,5983
5,5984
7,5984
16,5984
44,5984
3,5985
6,5985
34,5985
40,5985
4,5986
19,5988
48,5988
35,5995
7,5996
15,5997
21,5997
44,5997
1,5998
27,5998
2,5999
1,6000
2,6001
22,6001
8,6002
1,6003
43,6003
2,6004
8,6004
44,6004
1,6005
24,6006
43,6006
50,6007
1,6007
3,6007
2,6008
4,6008
2,6009
5,6009
16,6009
24,6009
3,6010
4,6011
32,6011
1,6012
43,6012
2,6013
5,6013
30,6015
29,6019
1,6021
14,6021
1,6022
12,6022
44,6022
2,6023
9,6023
49,6023
1,6024
27,6024
2,6025
50,6026
2,6028
48,6029
13,6031
46,6031
47,6033
44,6035
14,6036
6,6038
27,6038
1,6039
29,6039
30,6039
27,6040
23,6041
31,6042
20,6043
32,6044
43,6044
46,6048
36,6049
50,6051
34,6051
6,6052
31,6054
42,6054
6,6056
36,6056
26,6057
9,6058
36,6059
11,6061
23,6061
8,6062
28,6062
15,6063
47,6063
33,6064
43,6064
18,6065
13,6068
41,6068
32,6069
14,6071
43,6071
44,6071
1,6072
26,6073
35,6073
21,6074
19,6075
25,6075
33,6075
46,6075
2,6076
18,6077
47,6077
36,6078
1,6080
1,6081
19,6081
15,6082
17,6082
2,6083
2,6084
26,6084
3,6088
43,6088
4,6089
15,6089
14,6090
17,6090
5,6091
40,6091
46,6091
49,6091
32,6093
36,6093
36,6094
46,6094
48,6094
12,6095
15,6095
16,6095
36,6095
36,6096
37,6096
11,6097
35,6097
49,6098
5,6099
3,6102
42,6102
4,6103
21,6103
33,6103
6,6104
11,6105
12,6105
20,6106
28,6106
3,6107
24,6107
4,6108
5,6109
50,6110
5,6110
3,6112
4,6113
40,6113
9,6114
35,6115
38,6115
4,6116
9,6116
48,6119
8,6120
15,6121
10,6124
35,6124
20,6125
19,6127
22,6127
36,6127
32,6128
36,6130
15,6133
42,6133
10,6134
21,6135
45,6135
37,6138
31,6139
47,6139
46,6145
25,6146
49,6146
3,6147
4,6148
22,6148
4,6149
11,6150
36,6150
14,6151
6,6152
3,6154
40,6154
5,6155
22,6155
5,6156
9,6156
31,6156
37,6156
41,6156
47,6156
15,6157
24,6158
42,6158
3,6160
12,6160
37,6160
5,6161
36,6161
17,6163
5,6164
26,6164
19,6166
4,6167
42,6167
3,6168
30,6168
40,6168
34,6169
4,6170
38,6170
35,6172
20,6173
28,6173
9,6174
42,6174
24,6177
18,6179
36,6181
48,6181
9,6183
31,6184
19,6185
11,6187
36,6187
47,6189
28,6192
44,6192
37,6195
29,6196
1,6197
1,6199
2,6200
12,6200
1,6201
17,6201
18,6201
10,6203
27,6203
28,6205
2,6207
3,6207
10,6207
5,6208
2,6209
4,6209
25,6210
27,6210
37,6210
5,6211
49,6212
3,6213
7,6213
4,6214
14,6215
16,6215
11,6216
25,6216
34,6216
41,6216
47,6217
16,6220
4,6221
13,6221
26,6221
42,6221
45,6223
39,6224
16,6225
9,6227
24,6228
3,6231
4,6233
39,6233
18,6234
8,6235
17,6235
19,6236
26,6236
44,6236
5,6237
29,6237
4,6238
30,6238
5,6239
3,6240
13,6240
44,6241
30,6243
22,6245
48,6246
44,6247
23,6249
41,6249
17,6250
43,6252
25,6254
3,6256
14,6256
32,6256
7,6260
23,6261
4,6262
25,6262
4,6266
27,6266
38,6266
44,6266
5,6267
11,6267
15,6267
37,6267
44,6267
46,6267
5,6269
3,6270
46,6270
14,6271
17,6271
12,6272
39,6272
40,6272
43,6273
1,6275
13,6275
24,6275
2,6276
3,6276
29,6276
42,6277
1,6278
11,6278
48,6278
1,6279
28,6279
2,6280
4,6280
2,6281
7,6281
27,6281
5,6283
5,6284
10,6284
4,6285
6,6285
3,6286
15,6287
20,6288
44,6289
10,6290
24,6290
48,6291
25,6293
48,6293
12,6294
33,6295
34,6295
44,6295
47,6295
22,6297
7,6301
23,6301
45,6301
42,6303
27,6306
24,6307
39,6308
35,6309
39,6309
18,6310
24,6311
48,6311
37,6315
23,6316
13,6318
39,6318
36,6319
39,6319
50,6320
38,6320
35,6322
21,6323
17,6325
36,6327
18,6328
12,6329
18,6329
16,6331
17,6331
26,6333
41,6334
8,6335
37,6335
8,6336
6,6337
11,6339
18,6339
48,6339
11,6340
15,6340
1,6341
37,6341
2,6342
1,6344
9,6344
10,6344
1,6345
8,6345
12,6346
29,6346
34,6346
2,6347
2,6349
8,6349
32,6350
21,6352
34,6352
50,6353
19,6353
19,6354
27,6355
47,6355
21,6356
32,6357
41,6361
14,6362
1,6363
2,6363
26,6363
2,6364
31,6364
1,6367
37,6367
38,6367
47,6368
1,6370
12,6370
36,6370
2,6372
20,6372
28,6372
2,6373
24,6374
17,6376
48,6377
14,6378
45,6380
30,6388
3,6389
4,6390
11,6391
18,6392
48,6392
33,6394
5,6395
21,6396
45,6396
2,6397
5,6397
37,6397
50,6399
32,6399
3,6401
21,6401
1,6402
34,6402
1,6404
4,6404
2,6406
16,6406
37,6406
48,6406
50,6407
3,6409
40,6409
2,6411
48,6411
1,6412
2,6415
25,6416
10,6418
41,6418
25,6419
1,6420
30,6420
37,6420
2,6421
1,6422
5,6422
6,6423
30,6423
2,6424
34,6424
41,6424
1,6425
35,6425
3,6426
33,6426
2,6428
15,6428
5,6429
5,6430
36,6430
1,6432
1,6433
4,6433
12,6433
3,6434
32,6434
2,6435
4,6435
2,6436
1,6437
3,6437
23,6437
2,6438
8,6438
22,6440
24,6440
31,6440
27,6441
16,6442
13,6443
13,6444
7,6446
30,6447
33,6447
32,6448
36,6448
37,6448
16,6449
14,6452
33,6452
47,6452
3,6454
35,6455
47,6455
1,6457
5,6457
4,6458
3,6460
44,6460
1,6462
25,6462
1,6463
4,6463
13,6464
27,6464
2,6465
5,6465
34,6465
1,6466
6,6466
2,6468
39,6468
2,6469
24,6469
44,6469
50,6470
1,6470
1,6474
2,6474
11,6474
18,6474
21,6474
24,6474
2,6475
20,6475
33,6475
2,6476
42,6476
1,6477
7,6478
8,6478
48,6478
2,6479
3,6480
24,6481
5,6482
50,6483
1,6484
11,6484
38,6484
4,6485
2,6486
36,6487
5,6488
1,6489
4,6489
3,6490
8,6491
43,6491
1,6492
46,6492
2,6493
35,6493
2,6494
18,6494
40,6494
21,6495
38,6495
1,6497
21,6497
39,6497
1,6499
6,6499
13,6499
2,6500
1,6501
2,6503
20,6503
27,6503
37,6503
44,6503
30,6504
2,6506
21,6506
27,6506
41,6506
25,6507
38,6507
33,6508
17,6509
30,6510
10,6511
32,6511
36,6511
29,6514
35,6514
45,6514
45,6515
15,6516
7,6518
35,6519
10,6520
20,6520
6,6522
35,6523
42,6523
21,6524
6,6526
18,6527
38,6527
2,6532
3,6532
4,6533
20,6533
42,6533
36,6534
5,6535
4,6536
43,6536
3,6537
35,6537
37,6537
5,6538
18,6538
21,6540
44,6541
17,6542
9,6545
1,6547
24,6547
5,6548
14,6549
33,6549
46,6549
2,6550
25,6550
1,6551
16,6551
26,6551
42,6551
2,6552
16,6552
1,6553
2,6554
11,6556
23,6556
30,6556
33,6557
43,6558
1,6560
42,6560
45,6561
17,6562
37,6562
2,6563
40,6564
43,6564
19,6565
32,6565
43,6565
1,6566
3,6567
6,6567
50,6568
2,6568
1,6569
48,6569
5,6570
7,6570
10,6570
2,6571
41,6576
4,6577
40,6577
46,6577
18,6578
25,6578
3,6579
9,6579
26,6579
5,6580
4,6581
7,6581
27,6581
46,6582
14,6583
42,6584
45,6586
21,6589
37,6589
49,6589
19,6591
28,6591
1,6593
33,6593
1,6594
14,6594
2,6595
2,6596
13,6596
17,6596
12,6598
40,6599
32,6600
1,6601
30,6601
37,6601
41,6602
36,6604
2,6605
5,6605
30,6606
25,6609
3,6611
32,6611
5,6612
26,6613
4,6614
7,6614
3,6615
5,6616
45,6616
34,6617
39,6617
25,6618
27,6620
32,6620
4,6621
36,6622
24,6624
19,6625
45,6625
46,6625
13,6626
50,6628
9,6628
9,6630
22,6631
21,6634
39,6635
3,6636
33,6636
9,6637
10,6639
24,6639
5,6641
7,6641
27,6641
30,6641
44,6641
50,6642
4,6642
4,6643
5,6643
4,6645
3,6646
1,6649
8,6650
21,6650
34,6650
15,6652
2,6653
12,6654
26,6654
39,6654
42,6654
46,6654
1,6656
10,6656
13,6656
1,6658
2,6658
11,6658
49,6658
35,6659
9,6660
1,6661
36,6661
2,6662
32,6662
7,6663
34,6663
40,6663
48,6663
50,6664
30,6664
44,6665
3,6666
21,6667
40,6667
46,6667
4,6668
12,6668
18,6668
8,6669
9,6669
3,6670
17,6671
5,6674
15,6675
50,6676
24,6677
28,6677
29,6677
15,6678
37,6678
34,6679
10,6680
32,6681
37,6681
47,6682
48,6682
4,6683
21,6683
5,6684
25,6684
47,6684
6,6686
38,6686
12,6687
16,6687
28,6687
37,6687
43,6691
16,6693
1,6694
34,6694
42,6694
28,6697
42,6697
1,6698
2,6699
1,6700
26,6700
2,6701
13,6701
2,6702
14,6703
20,6706
28,6706
42,6706
8,6707
32,6707
28,6708
40,6708
16,6709
10,6710
11,6710
25,6710
37,6710
19,6711
3,6712
17,6713
18,6714
5,6717
35,6717
46,6717
1,6718
21,6718
49,6718
2,6719
39,6719
42,6719
5,6720
23,6720
4,6722
35,6722
38,6722
1,6723
3,6723
26,6723
43,6723
1,6724
36,6724
2,6725
4,6725
34,6725
48,6725
2,6727
16,6728
21,6730
36,6732
39,6733
17,6734
23,6734
3,6735
1,6736
15,6736
1,6739
30,6739
2,6740
11,6740
18,6741
28,6742
30,6742
27,6744
2,6745
1,6746
39,6747
2,6748
7,6750
34,6750
19,6751
50,6753
6,6753
49,6754
39,6756
35,6759
48,6760
9,6761
28,6761
30,6762
36,6763
29,6764
45,6764
16,6768
44,6770
19,6771
33,6771
15,6772
21,6772
11,6773
23,6773
46,6773
20,6774
27,6774
41,6774
10,6775
16,6775
18,6775
34,6775
9,6776
26,6776
44,6776
50,6777
43,6777
46,6777
3,6778
4,6779
28,6779
5,6780
21,6780
5,6782
8,6782
24,6782
44,6782
3,6783
14,6783
4,6785
7,6785
26,6786
10,6788
11,6790
46,6791
25,6793
19,6794
23,6794
29,6794
40,6795
41,6795
3,6796
4,6797
28,6797
41,6799
5,6800
7,6800
11,6800
14,6800
50,6801
49,6801
4,6802
41,6802
3,6804
48,6804
49,6804
5,6805
33,6806
39,6808
10,6810
17,6813
1,6814
46,6814
1,6815
25,6815
11,6816
18,6816
38,6816
2,6817
37,6817
48,6817
17,6818
26,6818
50,6819
2,6819
17,6820
1,6822
14,6822
41,6822
40,6824
2,6825
12,6825
33,6826
25,6829
39,6829
1,6830
36,6830
44,6830
48,6830
9,6832
2,6833
5,6833
20,6833
7,6835
20,6835
1,6836
21,6836
34,6836
1,6837
2,6840
43,6840
6,6841
2,6842
48,6842
20,6845
19,6846
30,6846
27,6848
26,6850
8,6853
28,6853
15,6854
17,6854
43,6854
21,6855
6,6856
38,6856
22,6859
41,6859
20,6860
41,6860
1,6862
24,6864
2,6865
1,6866
31,6866
50,6867
2,6867
1,6868
2,6868
15,6868
2,6869
12,6870
24,6871
34,6871
7,6872
16,6872
29,6872
33,6872
25,6876
29,6881
1,6883
30,6885
50,6886
1,6886
24,6886
25,6887
32,6887
25,6888
2,6889
1,6891
16,6891
12,6892
2,6893
2,6894
44,6894
31,6895
42,6895
6,6896
16,6897
21,6897
25,6897
31,6898
16,6899
17,6899
45,6899
29,6900
48,6900
42,6901
13,6902
31,6903
23,6904
41,6904
34,6905
3,6906
28,6906
32,6906
1,6907
11,6907
2,6908
1,6909
1,6911
2,6912
46,6912
2,6914
24,6914
34,6914
44,6915
21,6917
22,6919
26,6919
5,6920
22,6920
7,6922
6,6923
10,6925
34,6926
23,6927
36,6928
18,6929
45,6930
1,6931
28,6931
1,6932
14,6932
2,6933
11,6933
22,6933
1,6935
6,6935
12,6935
2,6936
7,6936
44,6936
24,6938
2,6939
28,6939
38,6939
34,6941
6,6942
19,6942
32,6942
47,6942
19,6944
19,6946
32,6946
23,6947
46,6949
29,6950
6,6951
3,6952
9,6952
5,6954
28,6954
4,6955
29,6955
44,6955
46,6955
47,6955
32,6958
42,6958
38,6961
46,6961
3,6962
5,6963
4,6968
10,6968
16,6969
16,6973
28,6973
27,6977
36,6977
44,6979
20,6980
12,6981
47,6981
46,6987
13,6988
35,6988
15,6989
19,6990
37,6990
6,6991
10,6991
17,6991
9,6992
1,6993
27,6994
32,6994
1,6996
40,6996
2,6997
1,6999
2,7000
8,7000
2,7001
38,7001
44,7001
46,7001
3,7003
15,7003
1,7004
41,7004
44,7005
5,7006
4,7007
2,7008
3,7008
27,7008
29,7008
1,7009
41,7009
1,7010
2,7010
5,7010
4,7011
24,7011
2,7012
42,7012
33,7013
18,7014
2,7015
48,7015
19,7016
50,7018
20,7020
46,7020
15,7021
33,7022
9,7023
19,7023
10,7026
50,7028
7,7029
11,7030
25,7030
26,7031
48,7032
7,7036
20,7036
9,7037
50,7038
45,7044
18,7046
39,7046
49,7046
38,7048
44,7048
31,7049
50,7052
17,7052
44,7052
48,7052
19,7053
48,7053
33,7054
49,7054
49,7055
13,7057
21,7057
42,7057
45,7058
47,7058
5,7059
1,7062
16,7062
43,7062
11,7063
18,7064
37,7065
43,7066
1,7067
19,7067
32,7067
40,7068
11,7074
2,7075
7,7075
25,7075
2,7076
14,7076
21,7076
23,7076
1,7077
7,7077
9,7078
48,7080
2,7081
25,7081
10,7082
49,7082
20,7083
1,7084
12,7084
16,7084
27,7085
1,7086
29,7086
31,7086
2,7087
30,7087
39,7087
14,7088
1,7089
4,7089
24,7089
17,7090
2,7091
7,7092
2,7093
12,7093
27,7095
43,7095
29,7097
32,7097
32,7098
28,7099
30,7099
47,7099
19,7100
22,7101
29,7101
8,7102
11,7104
36,7104
49,7104
39,7105
50,7108
13,7109
1,7110
9,7112
39,7112
1,7113
44,7113
26,7114
19,7115
20,7115
21,7115
44,7115
35,7116
39,7116
2,7117
9,7117
1,7119
28,7119
30,7120
19,7121
21,7121
39,7121
40,7121
2,7122
18,7122
26,7122
35,7122
14,7123
24,7123
3,7124
2,7125
16,7125
1,7128
44,7130
10,7131
27,7131
28,7131
30,7131
1,7132
1,7133
22,7133
9,7134
10,7135
29,7135
29,7136
2,7138
3,7138
4,7139
1,7140
15,7140
42,7140
2,7141
4,7141
41,7141
48,7141
1,7143
40,7143
2,7144
3,7144
5,7146
8,7146
33,7146
34,7146
48,7146
5,7147
16,7148
29,7148
30,7148
42,7149
17,7150
40,7153
32,7154
35,7155
19,7157
27,7157
30,7159
20,7161
21,7161
2,7163
18,7163
31,7163
26,7164
33,7164
1,7165
3,7165
50,7166
4,7166
29,7166
5,7167
26,7167
43,7167
4,7168
39,7168
5,7169
3,7170
40,7174
32,7175
3,7177
40,7177
49,7177
4,7178
14,7178
26,7178
32,7178
18,7179
4,7180
42,7181
5,7182
30,7183
47,7183
3,7184
13,7184
5,7185
9,7185
24,7185
46,7185
38,7186
41,7186
49,7186
14,7187
25,7188
44,7189
37,7195
3,7196
31,7196
36,7196
46,7196
5,7197
6,7198
31,7199
37,7199
39,7199
13,7200
21,7200
39,7201
5,7202
29,7203
43,7203
46,7203
1,7204
4,7204
30,7205
4,7206
46,7206
49,7206
28,7207
38,7208
7,7209
43,7209
48,7209
3,7210
31,7210
29,7211
8,7212
42,7213
45,7213
27,7215
1,7218
18,7219
4,7220
18,7220
28,7220
1,7221
9,7221
16,7221
8,7222
2,7223
31,7223
39,7223
45,7224
2,7225
20,7225
7,7226
34,7226
1,7227
2,7228
34,7229
39,7230
3,7231
45,7231
4,7232
18,7232
34,7232
3,7233
9,7233
48,7234
3,7235
9,7235
5,7236
19,7236
1,7238
5,7238
38,7238
2,7240
4,7240
20,7240
1,7241
34,7241
38,7242
25,7244
1,7245
2,7247
2,7248
50,7249
3,7250
17,7250
26,7250
5,7251
4,7252
17,7252
49,7252
34,7253
42,7255
3,7257
1,7258
9,7258
1,7260
5,7260
25,7260
27,7260
35,7260
2,7261
9,7261
11,7261
14,7261
2,7263
35,7263
38,7263
39,7264
1,7265
16,7266
4,7267
8,7267
16,7267
2,7268
7,7268
13,7271
7,7273
28,7275
40,7275
43,7275
6,7276
3,7278
4,7279
28,7279
41,7279
5,7280
41,7281
3,7282
16,7282
31,7282
37,7282
4,7283
5,7284
23,7285
31,7286
24,7289
16,7290
43,7290
45,7291
15,7292
19,7292
11,7295
1,7297
29,7297
35,7297
2,7299
48,7300
21,7301
26,7301
46,7302
1,7303
2,7304
22,7305
1,7306
2,7307
24,7307
42,7308
26,7309
10,7310
13,7313
38,7315
48,7315
32,7316
36,7316
24,7317
27,7317
41,7317
48,7318
12,7320
19,7322
14,7323
40,7323
12,7325
27,7325
43,7326
16,7327
33,7328
40,7329
40,7330
1,7331
22,7331
2,7332
28,7333
1,7334
1,7335
10,7335
31,7335
2,7336
2,7338
13,7339
26,7339
42,7339
26,7340
43,7340
21,7342
15,7343
18,7344
41,7344
11,7345
19,7345
18,7346
45,7346
23,7348
20,7352
42,7352
22,7354
10,7356
37,7357
23,7360
32,7360
42,7363
45,7363
9,7364
14,7365
24,7365
27,7365
24,7368
29,7370
46,7370
22,7372
39,7374
13,7375
45,7375
14,7377
32,7382
15,7383
24,7384
31,7384
32,7384
43,7385
1,7387
49,7388
1,7389
17,7389
47,7389
27,7390
2,7391
38,7392
1,7393
29,7393
28,7394
37,7395
50,7396
2,7397
22,7397
26,7397
2,7399
42,7399
48,7399
36,7401
8,7403
42,7403
8,7404
47,7406
18,7407
23,7409
19,7410
7,7411
12,7411
30,7411
8,7413
10,7414
22,7414
31,7414
39,7418
30,7420
19,7422
43,7424
20,7427
23,7431
21,7434
35,7434
23,7435
25,7435
29,7435
1,7437
33,7437
1,7439
2,7440
2,7443
13,7443
44,7443
34,7444
49,7444
1,7445
3,7445
2,7447
25,7447
41,7448
20,7449
35,7449
6,7450
37,7450
20,7451
28,7451
33,7451
10,7452
16,7452
19,7452
39,7453
48,7455
1,7457
27,7458
43,7459
2,7460
25,7460
1,7462
2,7464
11,7464
33,7464
1,7465
2,7466
23,7466
20,7469
17,7471
37,7471
18,7473
42,7473
28,7474
3,7475
32,7475
41,7476
21,7477
1,7478
2,7479
5,7479
1,7480
4,7480
2,7481
4,7482
1,7483
3,7483
10,7483
12,7483
40,7483
49,7483
2,7484
5,7485
24,7485
47,7485
5,7486
12,7486
36,7487
44,7487
48,7487
7,7488
23,7489
1,7492
49,7492
16,7493
23,7493
30,7493
35,7493
39,7493
41,7493
39,7494
41,7494
2,7495
1,7496
40,7496
1,7497
24,7499
10,7500
33,7500
2,7501
2,7503
33,7504
21,7505
27,7506
32,7507
6,7508
11,7510
50,7512
16,7512
1,7513
16,7513
2,7516
26,7516
1,7517
46,7517
2,7518
9,7518
1,7519
13,7519
2,7521
3,7522
42,7522
4,7523
10,7523
18,7523
30,7523
31,7523
36,7524
1,7525
42,7525
1,7526
10,7526
2,7527
3,7527
26,7527
45,7527
2,7528
4,7528
1,7529
11,7529
14,7529
18,7529
2,7530
25,7531
42,7531
5,7533
5,7534
25,7535
30,7536
13,7538
29,7538
14,7539
33,7539
39,7539
7,7540
22,7540
38,7543
44,7545
49,7545
26,7546
24,7548
44,7548
50,7549
38,7549
23,7550
35,7552
14,7553
15,7554
25,7555
3,7560
5,7561
4,7562
10,7562
33,7562
3,7563
15,7563
5,7564
13,7564
4,7566
25,7567
46,7570
50,7571
36,7571
34,7572
40,7572
13,7573
44,7573
20,7574
40,7574
28,7575
38,7575
43,7575
47,7576
11,7578
46,7578
17,7582
42,7582
35,7583
32,7584
35,7587
14,7588
26,7590
50,7592
35,7592
27,7593
46,7593
28,7597
8,7598
45,7599
6,7601
31,7601
3,7604
3,7605
12,7605
35,7606
4,7607
49,7608
3,7609
9,7609
5,7610
26,7610
38,7610
19,7612
5,7613
6,7613
14,7613
39,7613
32,7614
17,7615
41,7615
4,7616
49,7616
43,7617
27,7618
40,7619
50,7620
14,7622
28,7623
30,7623
16,7626
9,7628
22,7628
37,7628
46,7628
22,7629
30,7629
1,7630
45,7630
9,7631
46,7633
49,7634
16,7635
13,7636
23,7636
20,7637
7,7640
24,7640
37,7640
48,7640
2,7641
42,7641
1,7644
2,7645
13,7645
28,7645
13,7646
42,7646
12,7650
33,7650
1,7651
12,7651
40,7651
2,7652
11,7652
40,7653
29,7654
47,7654
38,7655
49,7656
8,7657
16,7659
22,7659
24,7660
2,7662
16,7662
49,7662
3,7664
17,7664
35,7664
5,7665
20,7665
4,7667
30,7667
4,7668
18,7668
45,7668
13,7669
28,7669
40,7669
3,7670
5,7672
7,7672
35,7672
18,7674
26,7674
28,7674
47,7674
45,7675
29,7679
19,7681
18,7682
1,7683
46,7683
1,7684
9,7685
13,7685
43,7685
40,7686
3,7687
18,7687
39,7687
2,7688
4,7688
4,7689
30,7689
3,7690
26,7690
2,7691
5,7692
7,7692
15,7692
30,7692
1,7694
5,7694
42,7694
2,7695
46,7697
3,7698
49,7698
4,7699
24,7699
41,7699
5,7700
41,7700
4,7701
33,7701
25,7703
6,7704
27,7704
5,7705
30,7705
3,7706
8,7708
25,7708
22,7709
19,7710
9,7711
16,7711
30,7711
35,7713
11,7717
26,7718
41,7720
35,7721
37,7722
8,7723
11,7723
37,7723
16,7724
27,7724
34,7727
29,7728
29,7729
36,7730
9,7731
31,7731
14,7732
7,7733
29,7733
28,7735
1,7736
18,7736
48,7736
26,7738
16,7740
38,7740
29,7743
11,7745
23,7745
13,7747
27,7747
23,7749
6,7752
22,7753
17,7754
20,7754
6,7755
10,7755
44,7755
8,7760
29,7761
3,7762
14,7762
38,7762
40,7762
27,7764
31,7764
47,7764
5,7765
47,7765
37,7766
18,7769
4,7770
17,7770
24,7771
5,7772
3,7773
38,7775
4,7776
36,7779
21,7781
23,7781
37,7781
27,7782
21,7783
1,7786
46,7788
2,7789
42,7790
49,7790
1,7791
33,7791
2,7794
1,7796
9,7797
37,7797
40,7797
2,7798
20,7798
50,7801
3,7801
4,7802
30,7802
5,7803
30,7803
1,7804
20,7804
27,7804
5,7805
46,7805
47,7805
1,7806
23,7806
25,7806
3,7807
16,7807
4,7808
11,7808
35,7808
2,7811
44,7811
1,7812
1,7813
26,7814
27,7814
36,7814
28,7816
31,7816
22,7817
3,7818
41,7818
5,7819
4,7821
13,7823
2,7825
36,7825
2,7826
5,7827
3,7828
39,7828
45,7828
13,7830
4,7831
26,7831
3,7832
6,7832
38,7832
4,7833
5,7834
6,7834
10,7834
1,7835
3,7835
30,7835
5,7836
9,7836
13,7836
41,7836
41,7837
2,7838
4,7838
1,7839
18,7839
35,7839
34,7840
2,7841
1,7842
27,7843
48,7844
2,7845
19,7846
37,7847
1,7848
33,7848
34,7848
17,7850
2,7852
29,7852
6,7853
26,7853
29,7853
1,7854
3,7854
31,7854
35,7854
31,7855
4,7856
5,7857
1,7858
2,7859
12,7859
25,7859
49,7859
24,7860
2,7861
24,7861
4,7862
43,7865
3,7866
7,7866
5,7867
24,7867
6,7868
24,7868
43,7868
16,7870
48,7870
17,7871
22,7873
3,7874
35,7874
14,7875
34,7875
44,7876
4,7878
21,7879
5,7880
4,7882
24,7882
5,7883
37,7883
15,7884
32,7884
3,7885
1,7888
30,7888
25,7889
38,7889
7,7890
43,7890
3,7891
6,7891
31,7891
1,7892
44,7892
5,7893
2,7894
5,7894
8,7894
49,7894
2,7895
4,7895
32,7895
1,7896
4,7896
49,7896
3,7897
9,7898
46,7898
30,7899
36,7899
39,7899
40,7899
11,7900
28,7900
30,7900
40,7900
46,7900
2,7901
14,7901
50,7902
39,7903
17,7904
41,7906
1,7908
17,7908
41,7908
1,7909
7,7909
29,7910
39,7910
2,7911
9,7911
10,7911
2,7913
9,7913
3,7914
17,7914
27,7914
5,7916
1,7917
28,7917
4,7918
15,7918
31,7918
49,7918
2,7920
4,7920
5,7921
9,7921
28,7922
3,7923
36,7924
18,7925
7,7927
12,7927
42,7927
31,7928
11,7929
47,7929
25,7934
34,7936
7,7937
22,7939
37,7939
3,7940
26,7940
4,7941
7,7941
4,7943
10,7943
17,7943
30,7943
16,7944
5,7945
21,7945
5,7946
30,7946
36,7948
40,7949
3,7950
1,7953
2,7955
1,7956
26,7956
2,7957
28,7958
1,7959
13,7961
2,7962
16,7962
49,7962
15,7963
15,7964
31,7966
26,7967
29,7967
34,7967
18,7968
7,7969
45,7969
27,7970
43,7970
9,7971
35,7972
31,7973
13,7974
28,7974
8,7977
24,7977
6,7978
15,7978
25,7983
42,7984
18,7985
20,7986
29,7986
3,7989
43,7989
50,7990
4,7990
47,7990
5,7991
3,7992
37,7993
4,7994
45,7994
5,7995
20,7999
48,7999
23,8000
25,8001
3,8002
37,8003
10,8004
4,8006
39,8006
5,8007
22,8007
5,8008
12,8008
4,8009
12,8010
30,8010
33,8010
6,8012
15,8012
25,8013
3,8014
34,8015
15,8016
22,8016
46,8018
17,8019
7,8020
39,8021
1,8022
2,8023
13,8023
34,8023
35,8023
46,8023
3,8024
1,8025
5,8025
43,8025
4,8026
1,8027
5,8027
4,8028
31,8028
40,8028
50,8029
2,8030
3,8030
21,8030
33,8032
37,8032
2,8033
3,8033
25,8034
10,8037
36,8037
38,8037
1,8038
1,8040
11,8042
24,8042
31,8042
50,8043
2,8043
18,8043
1,8045
31,8045
35,8045
9,8046
19,8047
12,8048
33,8048
2,8049
33,8049
38,8049
2,8050
15,8050
5,8052
35,8052
26,8057
44,8057
46,8058
14,8059
28,8059
3,8060
6,8060
5,8061
4,8062
12,8063
1,8064
5,8064
17,8064
25,8064
2,8065
4,8065
21,8066
43,8066
1,8067
3,8067
32,8067
1,8068
30,8068
32,8068
29,8069
2,8070
2,8071
13,8071
24,8071
11,8072
23,8073
45,8073
9,8075
42,8076
43,8076
16,8077
22,8077
49,8078
10,8080
8,8081
46,8081
47,8081
30,8083
42,8084
25,8085
26,8087
41,8091
36,8093
44,8094
27,8095
46,8096
23,8097
35,8097
13,8098
29,8099
13,8100
40,8100
6,8101
17,8101
20,8101
23,8101
39,8101
4,8105
7,8105
22,8105
15,8109
50,8110
8,8110
37,8112
3,8113
23,8113
8,8115
5,8117
4,8119
43,8119
24,8120
49,8120
26,8122
30,8122
50,8124
4,8124
47,8124
5,8125
22,8126
35,8126
3,8127
47,8128
34,8129
43,8129
14,8133
20,8133
28,8133
41,8135
10,8138
48,8138
19,8139
22,8140
32,8140
23,8141
21,8142
32,8142
38,8142
48,8142
48,8143
10,8145
11,8146
13,8146
39,8146
22,8149
16,8151
37,8156
16,8158
35,8160
48,8160
31,8161
34,8162
3,8163
28,8163
46,8164
5,8165
31,8165
4,8166
3,8168
48,8168
4,8169
41,8169
40,8170
48,8170
5,8171
21,8174
1,8176
1,8177
15,8177
47,8177
2,8178
8,8179
22,8179
45,8179
48,8179
37,8180
35,8181
36,8181
16,8182
43,8182
3,8183
34,8183
1,8184
5,8185
13,8185
33,8185
2,8186
38,8186
49,8186
2,8187
22,8189
2,8193
8,8193
26,8194
48,8194
4,8195
17,8196
35,8197
44,8197
32,8198
39,8198
5,8199
3,8200
9,8200
4,8201
18,8201
20,8201
10,8204
32,8206
1,8208
3,8208
49,8208
4,8209
18,8209
2,8211
16,8211
1,8212
1,8213
5,8213
26,8214
2,8215
46,8215
2,8216
3,8216
40,8216
1,8217
29,8217
4,8218
19,8218
33,8218
2,8219
22,8219
41,8219
5,8220
35,8220
1,8221
25,8221
1,8222
8,8222
27,8222
40,8222
43,8222
44,8222
26,8223
20,8224
15,8226
43,8227
2,8228
12,8228
2,8229
9,8230
33,8230
36,8234
8,8236
35,8236
19,8237
22,8237
15,8240
10,8241
30,8242
35,8244
34,8245
20,8246
48,8246
1,8247
39,8247
2,8248
14,8248
49,8248
1,8249
23,8250
27,8250
1,8251
31,8251
48,8251
2,8252
12,8252
2,8253
47,8253
13,8254
19,8254
20,8254
41,8256
35,8258
32,8259
9,8260
9,8262
15,8262
22,8262
47,8265
34,8266
23,8267
34,8267
42,8269
45,8269
34,8270
12,8272
43,8272
49,8273
3,8274
4,8275
15,8275
49,8275
8,8276
31,8276
24,8278
5,8279
5,8280
34,8280
4,8281
3,8283
30,8284
30,8285
23,8286
48,8286
7,8288
34,8288
13,8289
32,8291
6,8292
11,8292
17,8292
3,8293
20,8294
34,8294
39,8294
6,8295
4,8296
5,8297
5,8298
7,8298
8,8298
15,8298
38,8300
45,8300
19,8301
37,8301
3,8302
22,8302
39,8304
4,8306
28,8307
30,8308
17,8309
28,8309
42,8310
3,8312
3,8313
9,8313
5,8314
17,8314
24,8314
35,8314
36,8314
7,8315
10,8315
12,8315
4,8316
5,8318
45,8318
3,8319
7,8319
28,8320
4,8321
47,8322
50,8325
44,8325
48,8325
33,8326
10,8329
50,8331
7,8331
37,8333
11,8338
36,8338
1,8339
1,8340
37,8340
22,8341
2,8342
2,8344
1,8345
21,8345
2,8346
32,8347
24,8348
32,8348
45,8348
27,8349
19,8350
31,8350
26,8351
37,8353
39,8353
31,8354
32,8354
15,8355
47,8355
11,8358
45,8358
1,8359
27,8359
9,8360
12,8360
27,8360
1,8361
22,8361
39,8361
2,8362
10,8362
1,8363
3,8363
2,8364
23,8364
31,8364
2,8365
5,8365
50,8366
4,8366
45,8366
5,8367
6,8367
3,8368
25,8368
29,8368
31,8368
1,8369
4,8369
18,8369
15,8370
37,8370
2,8371
24,8371
1,8372
22,8373
33,8373
1,8375
33,8375
2,8376
3,8376
22,8376
24,8376
26,8377
8,8379
2,8380
4,8380
5,8381
1,8382
3,8383
35,8383
16,8384
1,8385
4,8385
23,8385
24,8386
5,8387
2,8388
20,8390
1,8391
49,8391
2,8392
10,8392
33,8393
49,8393
2,8394
12,8394
19,8395
9,8397
26,8397
45,8397
9,8398
32,8398
6,8400
24,8400
42,8400
10,8401
25,8402
30,8404
38,8404
22,8406
30,8407
3,8408
5,8409
31,8409
4,8410
19,8410
3,8411
5,8412
40,8412
46,8412
47,8412
2,8413
4,8413
8,8414
27,8414
35,8414
47,8414
18,8415
41,8416
37,8421
16,8422
16,8423
19,8424
33,8425
16,8426
47,8426
43,8431
23,8433
32,8433
43,8433
48,8434
27,8435
1,8437
3,8437
2,8438
16,8438
36,8438
4,8439
29,8439
5,8440
15,8440
20,8441
24,8441
4,8442
8,8442
39,8442
8,8443
1,8444
5,8444
3,8445
25,8445
27,8445
30,8445
1,8446
29,8446
18,8447
2,8448
19,8448
30,8448
2,8449
7,8449
49,8452
40,8454
45,8455
25,8456
37,8456
44,8458
22,8460
47,8460
18,8461
46,8461
44,8464
30,8467
33,8468
39,8469
18,8470
22,8473
12,8475
49,8477
29,8479
7,8481
20,8481
9,8483
27,8483
20,8484
26,8484
24,8485
35,8486
42,8486
16,8487
44,8487
12,8488
3,8489
5,8490
4,8491
12,8491
48,8491
5,8493
3,8494
1,8495
4,8495
2,8496
3,8496
1,8497
5,8497
1,8498
4,8499
26,8500
2,8501
17,8502
33,8502
44,8502
2,8504
43,8504
3,8505
4,8506
23,8506
5,8507
22,8507
32,8507
40,8507
46,8508
27,8511
12,8513
47,8515
14,8516
31,8516
47,8516
27,8517
39,8517
45,8517
15,8519
21,8519
29,8519
39,8519
20,8521
24,8521
37,8521
21,8523
49,8524
35,8525
40,8525
20,8526
48,8526
50,8529
33,8529
48,8529
31,8532
1,8533
20,8533
34,8534
37,8534
43,8534
18,8535
21,8535
1,8536
2,8537
14,8537
20,8537
2,8538
32,8538
39,8538
2,8539
1,8540
10,8540
2,8541
39,8541
28,8542
26,8546
25,8547
17,8548
25,8549
7,8551
21,8551
48,8551
36,8553
43,8553
12,8554
46,8554
50,8555
31,8555
41,8555
42,8555
23,8556
14,8557
43,8557
24,8558
8,8559
27,8559
7,8560
21,8561
32,8561
41,8561
30,8562
29,8563
26,8565
40,8566
18,8567
29,8567
1,8568
1,8569
14,8569
35,8569
39,8569
45,8573
1,8574
2,8575
42,8576
1,8577
13,8578
37,8578
2,8579
2,8582
18,8583
30,8584
40,8584
17,8585
48,8585
19,8586
21,8587
49,8588
11,8589
30,8589
14,8591
27,8592
6,8595
15,8595
33,8599
23,8600
9,8601
33,8601
33,8605
48,8605
1,8606
23,8606
25,8606
43,8608
36,8609
38,8609
32,8611
21,8613
50,8614
40,8614
30,8615
21,8616
14,8617
39,8617
45,8619
3,8620
5,8623
37,8624
15,8625
24,8625
28,8625
4,8626
44,8627
1,8628
3,8628
47,8628
5,8630
11,8630
45,8630
1,8631
4,8631
41,8631
49,8631
2,8632
30,8632
1,8633
21,8633
23,8634
27,8634
10,8635
13,8636
21,8636
2,8637
43,8637
7,8638
34,8638
2,8639
45,8639
17,8640
34,8640
10,8641
14,8641
43,8641
24,8642
29,8645
50,8647
33,8647
49,8648
15,8649
24,8649
15,8650
19,8650
32,8650
8,8652
44,8652
36,8653
15,8656
37,8656
11,8657
8,8658
27,8658
22,8659
31,8662
37,8662
26,8666
42,8666
10,8667
23,8667
43,8667
25,8668
31,8670
10,8671
15,8671
27,8671
42,8672
13,8673
26,8674
21,8676
34,8676
8,8677
27,8681
8,8683
1,8684
30,8684
2,8686
25,8686
3,8687
21,8687
1,8688
4,8688
5,8689
11,8690
1,8691
5,8691
6,8691
27,8691
4,8692
35,8692
48,8692
3,8693
12,8694
47,8694
2,8695
11,8695
35,8695
2,8697
39,8697
15,8698
19,8698
22,8698
9,8699
11,8700
6,8701
8,8701
20,8701
10,8702
41,8702
46,8702
13,8703
44,8703
36,8705
11,8706
16,8706
7,8708
26,8711
33,8712
50,8713
49,8714
23,8715
29,8715
44,8715
15,8717
9,8718
39,8718
15,8719
1,8721
16,8721
33,8721
29,8722
2,8723
10,8725
29,8726
40,8726
1,8727
2,8728
43,8728
1,8730
2,8732
11,8733
36,8735
37,8737
42,8737
50,8739
42,8740
39,8741
39,8742
2,8743
3,8743
4,8744
19,8744
24,8744
42,8744
34,8745
38,8745
5,8746
11,8746
23,8746
9,8747
15,8747
32,8748
3,8749
21,8750
20,8751
4,8752
32,8752
26,8753
37,8753
47,8753
5,8755
16,8756
38,8756
42,8758
44,8758
3,8759
17,8761
4,8762
13,8762
42,8762
5,8763
3,8764
36,8764
4,8765
10,8765
35,8765
43,8765
29,8766
41,8766
5,8767
41,8769
46,8770
19,8772
32,8772
38,8772
30,8773
46,8773
1,8774
19,8774
21,8774
23,8774
24,8774
10,8775
24,8776
1,8777
32,8777
46,8777
2,8778
1,8779
19,8779
2,8780
10,8780
2,8781
23,8782
13,8783
29,8784
6,8785
39,8785
40,8785
3,8788
20,8789
30,8789
1,8790
5,8790
12,8790
47,8790
5,8792
21,8792
2,8793
1,8794
43,8794
1,8795
15,8796
29,8796
36,8796
41,8796
2,8797
2,8798
4,8798
13,8798
3,8799
38,8799
50,8800
2,8800
4,8800
2,8803
11,8804
11,8805
23,8805
29,8805
34,8805
30,8806
23,8807
25,8808
30,8808
18,8809
20,8809
3,8810
10,8811
37,8811
19,8812
32,8812
37,8812
4,8813
3,8815
50,8816
5,8816
13,8816
25,8819
30,8820
5,8821
4,8822
30,8822
13,8823
32,8824
36,8825
33,8826
14,8829
26,8829
28,8829
34,8829
21,8830
43,8830
6,8831
47,8831
48,8831
33,8832
16,8833
25,8835
43,8835
4,8836
38,8836
8,8837
34,8837
46,8837
7,8842
28,8842
33,8842
25,8845
20,8847
37,8848
2,8849
10,8851
13,8851
31,8851
28,8852
26,8853
5,8854
7,8854
22,8854
44,8854
6,8856
36,8856
14,8857
46,8857
42,8858
12,8859
10,8860
16,8860
20,8860
38,8860
24,8862
30,8862
33,8863
49,8863
1,8864
44,8865
3,8866
30,8866
5,8867
16,8867
4,8868
29,8868
5,8869
46,8869
32,8870
43,8870
4,8871
21,8871
50,8872
3,8872
42,8873
3,8875
22,8875
14,8876
4,8878
5,8879
3,8880
4,8881
41,8881
20,8882
5,8883
6,8883
34,8883
16,8884
7,8892
43,8892
33,8894
41,8894
30,8895
17,8896
27,8896
3,8897
10,8897
4,8898
5,8899
3,8900
13,8900
31,8900
19,8901
5,8902
4,8904
29,8904
43,8904
17,8905
23,8905
9,8906
44,8907
36,8910
43,8911
44,8912
14,8914
11,8916
17,8917
23,8917
25,8919
36,8920
42,8920
8,8922
45,8923
47,8923
10,8925
11,8927
41,8927
49,8927
16,8929
5,8930
38,8932
14,8933
1,8935
3,8937
29,8937
35,8937
46,8937
5,8938
8,8938
31,8938
49,8938
1,8939
1,8940
46,8940
47,8940
5,8941
18,8941
2,8942
4,8942
20,8942
3,8943
36,8943
50,8944
2,8944
25,8945
1,8946
26,8946
2,8947
4,8947
26,8948
50,8949
19,8949
22,8949
47,8950
50,8951
8,8951
21,8951
27,8954
28,8954
23,8955
42,8955
50,8958
49,8959
15,8961
40,8961
3,8967
30,8968
23,8969
6,8970
1,8971
21,8971
23,8971
30,8971
35,8972
4,8973
43,8973
1,8974
5,8974
2,8975
18,8975
43,8975
46,8975
1,8976
10,8976
27,8977
2,8978
4,8978
2,8979
5,8979
1,8980
44,8980
3,8981
17,8982
23,8983
18,8985
25,8985
30,8985
41,8986
37,8987
19,8988
34,8991
1,8992
22,8992
32,8992
39,8992
3,8993
46,8993
1,8994
4,8994
2,8995
2,8996
5,8997
28,8997
1,8998
8,8998
4,8999
3,9000
2,9001
5,9001
9,9001
29,9001
22,9002
33,9002
40,9002
32,9003
8,9005
29,9005
43,9006
45,9006
18,9008
43,9008
1,9011
23,9011
48,9011
1,9012
47,9013
49,9014
6,9015
27,9015
2,9016
1,9017
2,9018
6,9018
29,9018
24,9019
12,9020
2,9021
14,9023
38,9023
13,9024
28,9024
29,9024
31,9026
42,9026
7,9027
14,9027
6,9029
3,9030
4,9032
32,9032
4,9033
12,9033
41,9033
47,9033
45,9034
3,9035
1,9036
5,9036
27,9036
5,9037
2,9038
37,9038
1,9040
2,9041
48,9041
1,9044
2,9045
17,9045
7,9046
17,9046
21,9047
12,9048
43,9048
18,9050
7,9053
9,9055
49,9058
12,9059
6,9060
17,9060
1,9061
2,9062
36,9062
44,9062
1,9063
12,9063
17,9063
2,9064
21,9064
1,9065
25,9066
22,9068
39,9068
35,9069
48,9070
2,9073
39,9073
44,9073
15,9074
44,9074
18,9075
31,9075
1,9078
16,9080
24,9080
30,9080
1,9082
3,9082
15,9083
2,9084
23,9084
46,9084
13,9085
4,9086
10,9086
50,9087
2,9087
3,9087
22,9087
27,9087
34,9087
49,9088
1,9089
5,9089
16,9089
19,9090
4,9091
2,9092
5,9093
30,9093
15,9095
34,9095
6,9096
24,9096
38,9097
47,9097
1,9098
1,9099
2,9100
33,9100
43,9100
49,9101
1,9102
18,9104
25,9104
2,9105
33,9105
41,9105
2,9107
31,9107
43,9107
16,9109
13,9111
19,9111
11,9112
29,9113
45,9114
14,9115
44,9115
14,9117
17,9118
44,9119
1,9120
1,9121
3,9122
5,9124
5,9125
9,9125
18,9125
31,9125
48,9125
24,9126
2,9127
10,9127
2,9128
4,9128
1,9129
25,9129
31,9129
8,9130
19,9130
20,9130
44,9130
45,9130
4,9131
3,9133
26,9133
42,9133
40,9134
2,9135
49,9137
35,9139
42,9140
34,9141
15,9143
17,9143
31,9144
16,9146
7,9147
22,9147
45,9147
7,9148
17,9148
19,9149
26,9149
32,9149
47,9153
31,9158
13,9160
21,9161
23,9161
9,9162
27,9162
17,9163
25,9163
35,9163
28,9164
43,9165
45,9165
37,9166
3,9168
20,9168
46,9169
5,9170
10,9170
10,9171
4,9172
37,9172
1,9173
3,9173
29,9173
1,9174
4,9174
10,9175
33,9175
36,9175
5,9177
10,9177
27,9178
2,9180
14,9181
31,9181
17,9182
6,9183
33,9183
38,9183
41,9183
2,9184
8,9184
14,9184
45,9184
15,9186
2,9188
7,9188
1,9189
7,9189
24,9189
50,9190
45,9191
44,9192
2,9193
41,9193
10,9194
12,9194
24,9194
33,9194
14,9195
41,9198
18,9200
48,9201
7,9202
11,9205
21,9207
32,9208
9,9209
39,9209
33,9210
39,9210
6,9211
17,9212
39,9214
22,9216
35,9216
17,9217
26,9217
40,9218
42,9219
21,9220
36,9220
35,9221
11,9222
18,9222
49,9222
25,9224
14,9227
22,9227
39,9228
4,9229
49,9231
23,9232
32,9235
44,9235
25,9236
47,9236
7,9237
30,9237
27,9238
43,9238
2,9239
33,9239
40,9241
46,9241
35,9242
24,9243
37,9243
38,9243
39,9244
43,9244
22,9245
46,9245
20,9246
32,9246
43,9246
38,9247
41,9247
34,9249
24,9250
8,9251
10,9252
33,9252
26,9254
34,9254
44,9254
28,9257
41,9257
13,9258
17,9259
23,9259
9,9261
20,9261
35,9262
18,9263
45,9263
13,9265
43,9269
50,9270
42,9270
7,9271
26,9272
29,9272
39,9274
25,9275
44,9275
14,9276
40,9276
40,9277
26,9278
9,9280
18,9281
15,9284
3,9286
18,9286
46,9287
4,9288
5,9289
5,9290
28,9290
3,9292
41,9292
18,9293
4,9294
44,9294
49,9294
18,9298
29,9298
32,9298
3,9301
13,9301
44,9302
19,9303
26,9303
9,9304
4,9305
7,9305
5,9306
15,9306
3,9307
4,9308
23,9308
46,9308
49,9309
7,9311
5,9312
21,9312
22,9312
31,9313
31,9315
7,9316
31,9318
48,9318
13,9319
15,9321
48,9324
16,9326
9,9331
23,9331
16,9337
22,9338
38,9339
14,9340
37,9340
13,9341
42,9341
47,9343
28,9344
30,9344
19,9345
20,9345
21,9345
50,9347
15,9347
49,9349
14,9352
27,9352
49,9352
21,9355
7,9357
27,9357
8,9358
17,9358
13,9360
1,9361
8,9361
35,9361
11,9362
22,9362
1,9363
42,9363
43,9364
2,9365
2,9366
1,9367
2,9368
18,9369
20,9369
3,9371
44,9372
5,9373
17,9373
21,9374
4,9375
9,9375
22,9375
47,9375
4,9376
42,9376
3,9378
20,9378
5,9379
49,9379
19,9381
3,9382
39,9382
43,9383
5,9384
21,9384
13,9385
4,9386
50,9388
3,9388
4,9389
49,9389
5,9392
38,9394
27,9395
40,9395
14,9396
27,9397
27,9398
1,9399
8,9399
34,9400
1,9401
13,9401
34,9401
19,9404
49,9404
9,9405
12,9405
2,9406
1,9407
3,9408
5,9409
49,9410
2,9411
5,9411
17,9411
35,9411
2,9412
4,9412
20,9413
32,9413
4,9414
35,9414
3,9415
13,9415
41,9415
23,9416
25,9416
31,9416
45,9416
8,9417
3,9419
11,9419
30,9420
10,9424
50,9425
24,9425
45,9425
15,9428
48,9428
23,9429
40,9431
37,9433
12,9435
17,9435
45,9436
30,9439
19,9440
34,9441
33,9442
1,9444
16,9444
22,9444
2,9445
18,9445
22,9445
13,9446
26,9446
49,9446
50,9450
9,9450
37,9450
20,9452
40,9452
1,9453
2,9454
7,9454
17,9454
45,9454
40,9455
29,9456
42,9456
30,9457
7,9458
1,9460
2,9461
35,9462
1,9463
1,9466
3,9466
16,9466
38,9466
2,9467
10,9467
40,9467
1,9468
4,9468
14,9468
41,9468
28,9470
2,9471
3,9471
2,9472
8,9472
11,9472
38,9472
39,9472
5,9473
32,9473
10,9475
3,9477
5,9478
22,9478
42,9478
4,9480
27,9484
27,9485
3,9489
15,9489
4,9490
18,9491
28,9491
33,9491
34,9491
5,9493
4,9496
22,9496
26,9496
33,9496
3,9497
33,9497
8,9498
5,9501
32,9501
11,9502
39,9504
15,9505
18,9505
13,9506
23,9506
24,9506
25,9508
32,9508
38,9509
22,9510
35,9515
46,9515
15,9517
25,9517
34,9519
36,9522
26,9524
38,9524
45,9525
7,9526
25,9526
29,9527
21,9528
12,9529
12,9530
50,9532
6,9532
8,9532
26,9532
35,9533
45,9533
8,9534
13,9534
40,9534
1,9535
20,9535
21,9535
38,9536
1,9537
44,9537
25,9538
2,9539
32,9539
34,9539
18,9540
26,9540
32,9541
22,9542
1,9543
39,9543
20,9544
2,9545
2,9546
10,9547
28,9548
24,9549
39,9549
14,9550
39,9550
44,9551
9,9552
20,9552
41,9552
14,9554
5,9555
4,9557
42,9558
39,9559
46,9559
3,9560
4,9560
24,9560
36,9560
5,9561
5,9562
42,9562
46,9562
4,9563
30,9563
37,9564
45,9564
3,9565
7,9565
4,9566
50,9567
42,9567
38,9568
31,9571
27,9573
49,9574
23,9575
44,9576
30,9577
19,9578
29,9579
34,9579
35,9579
15,9581
39,9581
15,9583
48,9583
50,9584
13,9585
11,9587
27,9587
25,9588
42,9588
20,9589
6,9590
13,9591
42,9593
12,9594
47,9594
18,9596
8,9597
3,9598
45,9598
4,9599
4,9600
19,9601
24,9602
5,9603
16,9603
45,9604
36,9605
49,9605
36,9606
5,9607
19,9607
30,9607
3,9608
21,9608
5,9609
38,9609
12,9613
16,9613
34,9613
16,9614
3,9615
4,9616
13,9616
5,9617
8,9617
50,9619
1,9619
5,9619
34,9619
1,9620
3,9620
36,9620
8,9621
11,9621
4,9623
14,9623
2,9626
7,9626
8,9626
38,9626
1,9627
19,9627
40,9627
10,9628
2,9630
2,9631
11,9632
37,9632
38,9632
31,9633
36,9633
49,9633
19,9634
12,9636
16,9636
40,9636
9,9638
7,9641
26,9641
1,9643
11,9645
15,9645
38,9646
2,9647
12,9647
47,9647
1,9648
15,9649
1,9650
3,9651
34,9651
45,9651
2,9653
50,9654
41,9654
44,9655
49,9656
2,9658
4,9658
37,9659
5,9660
3,9664
20,9664
12,9667
13,9669
18,9670
4,9672
5,9673
50,9676
12,9676
14,9676
45,9680
6,9682
7,9683
39,9683
23,9685
30,9685
49,9686
23,9687
37,9687
34,9688
43,9689
23,9691
41,9691
16,9695
23,9696
43,9697
47,9698
29,9699
7,9700
32,9700
33,9700
3,9701
27,9701
28,9701
43,9701
4,9702
26,9702
3,9703
12,9703
27,9703
4,9704
15,9704
23,9705
32,9705
34,9705
21,9706
33,9706
37,9706
5,9707
1,9708
5,9708
48,9708
2,9709
27,9709
1,9710
35,9710
2,9712
7,9712
11,9712
50,9713
1,9713
15,9713
28,9713
2,9714
9,9714
7,9715
41,9716
45,9716
15,9719
13,9720
24,9720
50,9721
24,9721
27,9721
39,9721
6,9722
16,9722
11,9723
34,9723
1,9724
3,9724
26,9724
8,9725
5,9726
29,9726
31,9726
1,9728
13,9728
2,9729
2,9730
40,9730
5,9732
7,9732
8,9732
9,9732
1,9733
4,9733
36,9733
10,9734
10,9735
30,9735
23,9736
49,9736
36,9737
42,9737
2,9738
3,9738
45,9739
19,9741
4,9744
12,9744
6,9747
17,9747
20,9747
25,9749
38,9749
49,9749
6,9750
31,9750
18,9751
3,9755
31,9755
5,9756
11,9756
15,9756
17,9756
1,9757
21,9757
31,9757
5,9758
15,9758
34,9758
4,9759
50,9760
1,9760
4,9760
47,9760
2,9761
22,9761
1,9762
3,9762
4,9762
9,9762
42,9762
2,9764
44,9764
2,9765
8,9765
30,9765
40,9765
43,9765
31,9766
23,9769
20,9770
22,9770
13,9771
31,9772
23,9773
46,9775
44,9776
1,9777
8,9778
2,9780
6,9780
20,9780
1,9781
14,9781
15,9781
2,9782
10,9782
1,9783
16,9784
13,9785
20,9785
37,9785
2,9786
46,9788
50,9789
21,9789
46,9789
14,9790
12,9791
34,9791
22,9792
35,9792
47,9792
47,9793
38,9794
42,9795
46,9795
36,9797
41,9797
1,9800
12,9800
1,9801
39,9801
2,9802
43,9802
25,9804
1,9805
7,9805
8,9805
36,9805
19,9806
2,9807
50,9808
21,9808
24,9808
41,9809
2,9813
23,9813
3,9815
27,9815
4,9816
30,9816
8,9817
9,9818
28,9818
3,9819
11,9820
5,9821
16,9821
23,9821
21,9822
5,9823
4,9825
41,9825
45,9827
27,9828
31,9828
8,9829
24,9829
1,9830
2,9831
1,9832
32,9832
35,9832
45,9833
2,9834
9,9834
18,9834
11,9835
46,9835
49,9835
1,9837
21,9837
8,9839
14,9841
37,9841
14,9842
48,9842
14,9843
46,9843
2,9844
6,9844
44,9845
28,9846
33,9847
26,9848
19,9851
37,9851
1,9852
3,9852
21,9852
45,9852
1,9853
4,9853
2,9854
2,9855
16,9855
5,9857
4,9858
1,9859
5,9859
2,9860
5,9860
6,9860
3,9861
11,9863
11,9864
49,9864
1,9865
9,9865
1,9866
6,9866
12,9866
2,9867
12,9868
26,9868
7,9869
20,9869
1,9872
6,9873
38,9874
2,9875
1,9876
2,9876
19,9876
3,9877
4,9877
50,9878
47,9878
5,9879
4,9880
5,9881
14,9882
32,9882
3,9883
32,9883
49,9883
16,9884
13,9885
4,9886
18,9888
15,9891
41,9891
18,9893
48,9893
9,9894
48,9894
23,9895
43,9895
4,9897
33,9897
12,9899
17,9899
14,9902
11,9903
15,9903
41,9903
8,9904
13,9904
47,9905
19,9908
20,9908
34,9908
38,9908
1,9910
23,9910
2,9911
38,9911
25,9912
1,9914
6,9915
29,9915
34,9915
1,9916
16,9916
1,9917
19,9917
2,9918
2,9919
17,9919
47,9920
3,9921
5,9922
4,9923
3,9924
41,9924
26,9925
28,9925
12,9927
4,9930
5,9933
21,9933
28,9933
47,9934
36,9937
49,9937
22,9938
23,9938
29,9940
28,9945
29,9945
44,9945
48,9945
35,9946
46,9946
1,9948
26,9948
1,9949
9,9949
21,9949
23,9950
33,9950
2,9951
11,9951
2,9952
1,9953
22,9953
30,9954
2,9955
18,9955
25,9958
30,9958
24,9959
6,9960
1,9962
27,9962
2,9964
1,9965
21,9965
29,9965
2,9966
48,9967
1,9968
18,9968
2,9969
14,9972
25,9972
3,9973
49,9974
4,9975
15,9975
20,9975
22,9975
1,9976
2,9977
10,9977
3,9978
22,9978
28,9978
4,9979
49,9979
1,9980
5,9980
38,9980
1,9981
38,9981
2,9982
13,9982
2,9983
5,9983
6,9984
8,9984
49,9984
15,9985
20,9986
32,9986
24,9991
3,9993
35,9993
4,9994
40,9994
5,9995
33,9996
34,9996
6,9997
39,9997
3,9998
43,9998
42,9999
