12,3
14,6
20,6
24,6
1,7
5,7
10,11
2,13
18,13
1,14
2,16
3,16
1,17
4,17
5,18
6,18
4,19
2,20
1,21
2,22
17,23
1,26
5,26
1,27
3,28
23,28
2,29
2,32
1,34
2,36
1,37
2,38
1,42
2,47
14,53
3,57
5,59
14,59
4,60
4,62
5,63
3,64
15,67
1,68
1,69
17,69
2,70
2,74
1,75
2,77
23,77
1,78
2,79
1,81
1,82
2,84
2,90
24,104
16,105
1,115
3,116
4,118
4,119
2,121
5,121
25,124
5,124
21,124
1,125
7,125
2,126
9,126
3,128
1,129
2,130
8,137
22,144
21,147
16,152
17,157
18,165
22,170
11,180
16,181
24,184
22,185
16,193
1,197
6,199
16,201
21,203
11,205
25,206
1,207
3,207
2,208
5,209
2,210
1,212
21,212
2,213
4,216
5,217
4,218
3,219
24,224
15,226
1,229
1,231
11,231
2,233
2,234
1,235
2,236
22,239
1,242
2,243
1,245
1,246
2,248
20,248
2,250
19,250
4,255
10,255
15,256
13,261
9,263
23,267
1,269
2,274
10,275
20,275
19,276
1,277
1,278
2,280
2,284
24,290
16,293
6,294
8,294
24,299
10,306
25,309
4,313
9,313
13,313
8,316
10,320
3,323
20,323
8,327
12,328
15,330
1,331
3,332
4,333
4,335
2,336
5,337
3,338
1,339
5,339
2,341
23,341
3,343
1,344
2,345
15,345
20,345
5,351
16,351
4,352
4,353
5,354
6,358
3,359
24,360
3,361
15,361
4,363
4,366
5,367
6,367
25,368
23,368
5,369
3,370
1,376
11,378
11,383
21,383
21,387
13,388
3,391
9,392
22,392
4,393
5,396
10,396
3,399
8,399
5,400
4,401
23,402
12,408
2,412
15,419
10,420
24,424
3,425
5,427
4,428
4,429
18,429
3,430
13,432
1,433
2,434
5,434
1,435
1,436
2,437
25,439
2,439
3,443
1,444
5,444
12,444
4,445
3,446
25,448
4,448
5,449
3,450
16,450
5,452
2,453
4,454
24,454
1,455
5,455
1,456
3,456
4,459
3,461
2,462
4,463
2,464
5,464
5,467
3,468
4,469
18,472
19,476
25,479
23,489
18,492
9,495
17,495
1,496
2,500
1,503
2,504
25,505
1,505
21,506
2,507
19,510
3,511
5,512
5,513
4,514
4,516
3,517
8,519
25,521
23,522
22,535
10,538
23,539
19,542
13,546
18,548
3,559
5,560
9,560
4,562
4,563
3,564
5,565
1,572
2,574
1,578
1,579
2,580
2,581
3,583
5,584
24,584
4,587
21,587
5,589
4,590
3,592
6,593
3,597
5,598
5,599
4,600
4,601
17,601
3,603
11,608
21,611
19,612
23,618
21,625
24,645
23,649
12,659
16,666
13,675
3,678
13,678
5,679
4,681
4,682
7,682
3,686
5,688
10,690
16,691
8,699
7,709
1,712
23,715
2,716
3,716
5,717
14,717
1,718
2,719
1,721
5,721
2,722
4,722
4,724
3,729
4,730
6,742
10,744
13,750
20,754
1,755
14,755
9,763
15,764
24,766
24,769
7,774
7,781
22,786
1,787
2,789
1,792
1,793
8,793
3,794
5,795
2,796
4,796
2,797
5,797
3,798
4,799
25,804
1,806
19,806
2,807
1,808
23,808
2,810
1,812
2,813
18,813
20,819
3,824
20,824
1,825
4,825
2,826
3,826
1,827
6,827
1,828
4,829
2,831
2,832
5,832
5,833
3,834
22,834
4,835
24,836
5,837
5,839
5,841
3,842
4,843
19,843
1,846
2,847
1,848
1,849
2,852
2,854
19,855
1,860
2,861
1,862
2,863
1,866
2,867
20,879
16,885
21,886
1,891
3,892
4,893
4,895
2,896
24,896
1,897
5,898
2,900
1,902
2,903
5,904
11,905
3,906
10,907
24,911
1,913
2,914
1,915
13,916
10,917
1,919
2,920
2,924
13,924
9,930
15,937
3,940
14,943
5,944
4,945
3,946
4,948
22,948
5,949
13,958
11,960
25,965
21,966
22,966
24,970
3,976
19,978
8,982
12,987
15,994
7,995
3,998
4,999
5,1000
3,1003
4,1004
1,1005
5,1005
1,1006
2,1007
2,1009
3,1009
1,1011
4,1011
2,1013
3,1015
5,1016
1,1019
4,1019
7,1019
5,1020
9,1020
20,1021
2,1022
1,1023
3,1023
4,1025
5,1026
11,1026
14,1026
2,1027
1,1028
5,1028
4,1030
2,1031
3,1031
1,1040
1,1044
2,1045
2,1046
1,1050
2,1052
19,1056
12,1060
15,1060
24,1078
8,1079
8,1081
25,1086
9,1092
21,1093
22,1093
18,1099
1,1103
2,1104
1,1105
13,1105
1,1106
2,1108
2,1110
16,1113
14,1116
13,1118
1,1119
3,1121
2,1123
5,1123
1,1124
2,1124
4,1124
1,1126
5,1126
4,1128
3,1129
2,1133
14,1133
2,1136
14,1137
16,1145
3,1146
5,1149
4,1152
5,1155
4,1156
3,1157
3,1159
4,1160
3,1161
4,1163
5,1167
5,1168
1,1169
19,1170
2,1171
1,1173
2,1174
1,1178
2,1180
3,1180
22,1182
4,1183
5,1185
10,1185
4,1187
3,1188
5,1189
10,1196
7,1197
12,1204
1,1211
2,1212
18,1213
23,1214
1,1215
1,1216
2,1217
8,1217
2,1218
1,1220
14,1223
1,1232
2,1233
1,1234
1,1235
2,1236
2,1239
22,1239
1,1241
2,1242
1,1245
1,1246
7,1246
2,1247
2,1248
20,1252
10,1253
3,1254
4,1255
1,1256
3,1256
4,1257
1,1258
5,1258
2,1259
5,1259
9,1259
2,1262
10,1262
1,1263
2,1265
7,1266
16,1266
10,1269
18,1273
3,1275
4,1276
5,1277
4,1279
19,1281
1,1282
2,1283
5,1284
1,1285
2,1286
3,1286
23,1286
1,1292
9,1292
14,1292
2,1293
18,1297
6,1298
25,1302
11,1305
10,1308
25,1310
3,1312
4,1313
5,1314
1,1315
1,1316
3,1316
2,1317
4,1317
2,1318
5,1318
1,1319
2,1322
11,1324
3,1326
21,1331
21,1343
1,1347
1,1348
2,1351
23,1351
2,1352
1,1356
2,1357
3,1357
4,1358
13,1358
10,1359
4,1360
5,1361
3,1362
2,1363
5,1364
1,1367
5,1367
2,1371
11,1371
1,1373
3,1373
4,1377
24,1378
2,1381
1,1382
2,1383
4,1383
5,1384
5,1385
3,1386
1,1395
8,1396
1,1400
2,1402
12,1402
2,1404
17,1404
1,1408
6,1408
9,1408
2,1409
8,1418
24,1422
6,1426
14,1429
17,1432
23,1433
15,1438
6,1444
1,1448
1,1449
2,1450
20,1450
2,1452
1,1453
7,1453
2,1454
23,1454
20,1456
1,1459
2,1461
1,1464
2,1466
3,1466
1,1467
4,1467
16,1467
2,1468
8,1469
3,1470
5,1471
5,1472
4,1474
3,1481
8,1482
5,1483
1,1484
4,1484
4,1485
2,1486
1,1487
5,1487
3,1488
9,1488
15,1488
1,1489
8,1489
22,1489
23,1492
2,1493
2,1494
25,1496
8,1496
3,1497
9,1497
4,1498
9,1498
5,1499
6,1500
1,1502
3,1502
1,1503
4,1504
19,1504
5,1505
2,1507
2,1511
22,1511
1,1513
9,1513
2,1514
12,1516
14,1516
11,1518
22,1526
12,1527
23,1527
11,1528
12,1535
6,1541
15,1541
23,1543
14,1553
14,1559
9,1562
19,1566
18,1569
16,1586
17,1588
7,1594
10,1594
8,1601
21,1613
18,1617
1,1618
1,1619
2,1621
1,1623
8,1623
24,1625
2,1627
19,1628
2,1632
24,1632
1,1645
7,1645
2,1648
9,1648
1,1649
2,1651
1,1657
2,1658
10,1660
16,1666
2,1670
6,1671
3,1675
15,1680
9,1681
5,1682
4,1683
24,1683
5,1684
9,1685
3,1687
4,1688
1,1693
2,1694
12,1696
1,1698
1,1701
2,1702
2,1704
13,1705
14,1706
20,1713
12,1714
11,1716
17,1717
18,1719
14,1721
3,1725
8,1725
4,1726
10,1726
23,1730
4,1731
3,1732
5,1737
22,1737
5,1738
24,1738
19,1751
6,1752
15,1760
14,1764
3,1767
4,1770
5,1772
3,1774
4,1775
17,1775
1,1777
5,1777
2,1778
1,1779
11,1780
1,1782
18,1783
22,1783
2,1784
8,1790
2,1791
1,1797
1,1798
7,1798
2,1799
2,1802
1,1803
2,1804
18,1808
24,1810
12,1812
25,1816
3,1817
5,1818
19,1818
24,1818
4,1819
3,1821
4,1822
22,1823
5,1825
1,1834
1,1836
2,1837
2,1838
24,1840
1,1841
20,1841
2,1842
18,1842
1,1843
18,1843
1,1844
2,1845
19,1848
2,1849
1,1850
15,1852
2,1853
15,1854
11,1862
17,1869
13,1870
2,1875
1,1881
3,1881
2,1882
5,1882
1,1884
4,1884
6,1884
3,1885
2,1887
1,1888
5,1889
11,1889
4,1890
16,1890
2,1891
15,1896
10,1905
12,1915
15,1915
13,1916
20,1918
24,1923
18,1924
19,1931
1,1934
2,1935
1,1937
1,1938
2,1939
2,1940
19,1943
13,1945
1,1949
1,1951
3,1951
2,1952
5,1953
1,1954
19,1954
4,1955
2,1956
2,1957
21,1959
23,1959
25,1960
4,1960
4,1964
5,1965
3,1968
17,1971
16,1978
1,1980
2,1985
15,1985
1,1988
2,1989
1,1991
13,1992
2,1993
3,1995
15,1995
4,1996
3,1997
5,2000
23,2001
4,2002
19,2003
5,2004
13,2006
21,2014
25,2019
13,2022
10,2023
1,2024
2,2026
1,2027
13,2028
22,2028
2,2029
1,2031
22,2031
2,2032
16,2032
12,2040
19,2040
12,2049
1,2053
1,2054
2,2056
1,2057
2,2059
9,2059
2,2060
3,2063
16,2064
4,2065
5,2067
4,2069
5,2072
23,2072
3,2074
3,2079
18,2080
5,2085
4,2087
5,2088
3,2089
7,2092
4,2093
7,2095
3,2099
4,2103
9,2103
3,2105
5,2106
5,2107
19,2107
1,2108
4,2108
1,2113
10,2113
14,2113
2,2116
4,2118
1,2119
19,2122
2,2124
4,2125
18,2125
23,2126
2,2127
12,2129
24,2133
18,2142
23,2144
3,2149
5,2152
11,2152
25,2153
4,2153
4,2155
5,2156
1,2157
11,2157
16,2157
1,2158
3,2158
20,2158
13,2159
2,2161
1,2162
2,2164
2,2167
1,2168
16,2169
15,2174
1,2176
11,2176
2,2178
22,2178
22,2180
3,2187
25,2194
20,2196
25,2198
1,2198
1,2200
14,2201
2,2202
22,2202
2,2203
19,2203
1,2204
25,2206
5,2206
2,2208
15,2213
23,2214
25,2221
1,2221
3,2222
1,2223
4,2223
4,2225
2,2226
5,2226
23,2226
2,2227
1,2228
2,2230
6,2232
11,2234
5,2235
3,2236
15,2236
9,2240
23,2240
15,2245
17,2245
6,2247
1,2255
2,2256
15,2256
1,2260
2,2262
1,2264
14,2264
2,2266
24,2266
3,2268
4,2269
3,2271
5,2272
20,2272
4,2273
5,2276
24,2276
21,2277
3,2278
4,2281
21,2281
24,2282
4,2284
5,2285
5,2286
1,2289
3,2289
14,2289
1,2290
20,2290
20,2292
8,2293
13,2293
19,2298
2,2299
2,2302
1,2303
8,2303
2,2304
3,2306
5,2310
4,2311
5,2312
24,2312
3,2313
10,2313
4,2314
25,2316
9,2318
15,2319
8,2328
23,2329
20,2337
25,2338
6,2345
8,2349
8,2371
17,2372
13,2373
2,2382
20,2382
24,2384
11,2386
18,2387
19,2391
16,2399
1,2402
3,2402
2,2403
5,2403
16,2403
1,2404
1,2405
4,2405
2,2406
5,2406
4,2407
2,2408
3,2408
12,2411
12,2412
11,2414
2,2431
3,2433
5,2434
4,2436
3,2437
20,2437
23,2437
1,2438
4,2438
5,2439
2,2440
1,2441
2,2443
19,2445
1,2446
19,2448
7,2449
2,2453
13,2453
3,2455
1,2456
5,2459
4,2460
2,2461
25,2462
1,2463
4,2463
1,2464
3,2465
5,2467
2,2468
2,2469
21,2475
8,2476
21,2483
23,2487
3,2497
19,2497
13,2501
17,2501
16,2502
4,2503
4,2504
3,2505
5,2507
9,2510
5,2513
20,2514
25,2515
13,2515
8,2521
18,2525
21,2527
13,2540
10,2541
19,2548
5,2556
15,2556
9,2561
24,2566
1,2567
1,2568
2,2569
2,2570
1,2571
2,2572
10,2577
19,2578
25,2586
15,2587
24,2588
1,2590
2,2591
1,2592
1,2593
12,2597
2,2598
2,2600
12,2605
22,2610
24,2613
25,2616
16,2618
23,2622
24,2631
20,2634
13,2642
14,2642
17,2647
3,2649
12,2651
4,2653
1,2654
5,2654
19,2654
2,2655
1,2656
2,2657
5,2657
1,2658
2,2660
3,2662
4,2663
1,2666
3,2667
18,2668
5,2670
4,2671
2,2673
5,2673
1,2674
2,2675
3,2675
1,2676
4,2677
2,2679
18,2684
16,2688
14,2689
11,2694
1,2700
25,2702
2,2702
10,2702
1,2704
7,2704
1,2705
2,2706
2,2707
7,2707
3,2710
6,2710
1,2713
7,2713
4,2714
3,2715
2,2716
1,2718
5,2718
2,2720
4,2721
5,2722
23,2722
1,2725
22,2726
2,2727
10,2728
18,2737
13,2738
3,2740
4,2741
4,2742
5,2747
3,2750
10,2750
5,2751
3,2753
8,2755
1,2756
4,2756
19,2757
5,2759
12,2761
5,2762
21,2762
4,2763
1,2764
3,2764
2,2765
18,2765
1,2766
9,2766
2,2767
17,2768
1,2769
2,2770
3,2774
5,2775
5,2776
17,2776
4,2778
4,2780
3,2781
9,2783
1,2786
1,2787
6,2787
16,2787
2,2788
1,2789
3,2789
2,2791
4,2791
3,2792
5,2794
2,2795
5,2795
24,2795
4,2796
13,2814
15,2819
18,2819
8,2821
1,2822
3,2822
1,2823
4,2824
2,2825
5,2825
4,2827
11,2827
7,2828
22,2828
1,2832
18,2832
2,2833
3,2833
2,2835
5,2835
17,2852
25,2855
1,2858
15,2858
1,2860
7,2862
2,2863
10,2863
2,2864
1,2866
2,2869
1,2871
13,2871
1,2875
2,2877
1,2878
10,2879
2,2880
7,2880
2,2881
21,2882
1,2886
21,2886
2,2890
1,2891
1,2892
22,2892
2,2894
2,2896
18,2902
10,2906
3,2910
4,2911
3,2913
4,2914
5,2915
5,2917
9,2917
16,2919
16,2921
9,2930
19,2932
17,2934
20,2935
1,2937
6,2938
2,2940
1,2941
20,2943
2,2944
1,2948
10,2949
2,2950
3,2953
5,2954
5,2956
4,2957
4,2959
3,2960
1,2967
2,2968
1,2969
2,2971
1,2972
2,2973
2,2974
25,2975
3,2986
4,2987
3,2988
10,2989
18,2989
5,2990
1,2991
23,2992
5,2995
4,2996
24,2997
10,3003
15,3017
15,3019
3,3020
5,3021
4,3022
3,3026
5,3027
8,3027
4,3028
7,3028
19,3034
9,3041
6,3042
19,3046
14,3047
24,3048
25,3055
11,3056
24,3056
2,3066
13,3071
11,3073
18,3082
11,3085
16,3085
20,3090
3,3099
5,3101
4,3102
3,3103
5,3104
4,3105
3,3118
5,3120
4,3121
3,3123
4,3125
5,3126
21,3132
23,3143
11,3152
19,3153
5,3158
15,3162
6,3176
10,3178
6,3180
7,3190
6,3201
3,3218
5,3219
5,3220
4,3222
22,3222
3,3224
15,3224
8,3225
4,3226
24,3227
1,3228
1,3230
7,3230
14,3230
2,3232
2,3233
8,3235
1,3236
2,3237
1,3239
1,3240
3,3241
2,3242
1,3244
2,3245
4,3245
2,3246
5,3247
4,3248
3,3250
5,3253
10,3264
24,3264
5,3265
14,3266
18,3268
11,3269
19,3269
12,3270
1,3273
2,3275
1,3276
16,3276
1,3277
2,3280
2,3281
19,3283
23,3283
12,3288
1,3291
1,3292
9,3292
2,3293
2,3294
1,3295
2,3297
25,3301
3,3302
24,3303
4,3304
5,3305
5,3306
4,3307
3,3308
7,3310
22,3315
1,3317
1,3318
2,3319
1,3322
7,3323
2,3327
2,3328
11,3338
24,3341
8,3349
1,3350
7,3352
24,3355
7,3363
25,3365
1,3365
23,3365
1,3368
2,3369
1,3370
11,3373
2,3374
2,3376
3,3387
5,3389
5,3390
22,3392
4,3394
3,3396
25,3397
4,3397
1,3400
9,3400
2,3401
1,3402
1,3404
2,3405
2,3407
20,3421
6,3432
12,3432
10,3433
15,3438
3,3449
4,3451
5,3452
12,3452
14,3455
9,3456
5,3457
3,3460
4,3461
16,3466
17,3466
25,3470
1,3470
11,3472
14,3472
2,3473
15,3473
1,3474
1,3477
8,3477
2,3478
2,3479
21,3480
12,3485
7,3486
19,3489
19,3490
1,3495
2,3496
3,3497
1,3498
5,3498
1,3499
5,3499
2,3500
10,3500
20,3500
4,3501
2,3502
4,3502
3,3504
17,3507
23,3507
12,3510
1,3513
15,3518
2,3519
23,3523
1,3526
9,3526
1,3528
2,3530
2,3534
21,3536
13,3540
1,3557
2,3558
1,3560
24,3561
1,3562
2,3564
8,3564
2,3566
14,3571
15,3578
12,3586
3,3588
4,3589
3,3592
5,3594
15,3594
5,3595
1,3596
2,3597
4,3597
1,3599
2,3600
3,3604
1,3605
16,3605
4,3606
7,3606
18,3607
3,3608
2,3609
5,3609
8,3610
5,3616
4,3618
3,3619
5,3621
4,3623
3,3626
8,3626
4,3627
20,3627
5,3630
13,3631
6,3637
17,3645
18,3646
1,3651
16,3651
2,3653
16,3657
1,3659
1,3660
13,3660
20,3660
7,3661
12,3661
2,3662
2,3664
8,3670
1,3675
1,3676
2,3677
2,3681
1,3682
2,3684
8,3689
16,3689
1,3696
2,3699
1,3700
2,3701
1,3702
6,3702
2,3704
9,3706
20,3719
19,3720
1,3724
14,3725
2,3726
1,3729
1,3730
2,3731
2,3733
18,3733
23,3736
3,3739
4,3742
5,3743
19,3746
5,3747
17,3747
19,3747
3,3749
6,3750
11,3751
4,3752
6,3752
11,3753
18,3753
10,3757
14,3769
3,3781
5,3783
4,3784
5,3785
22,3785
3,3786
4,3787
3,3790
8,3791
5,3793
4,3795
3,3798
1,3799
5,3799
2,3800
4,3801
1,3803
2,3805
20,3807
1,3809
2,3810
15,3811
8,3814
8,3815
3,3824
4,3825
5,3826
23,3826
1,3827
1,3828
5,3828
4,3829
2,3830
3,3830
1,3832
22,3832
2,3833
20,3833
2,3835
21,3835
3,3841
4,3842
5,3844
5,3845
4,3848
3,3849
3,3852
16,3852
11,3853
3,3855
11,3857
4,3858
21,3859
5,3860
15,3860
21,3861
4,3864
5,3865
3,3866
19,3868
13,3870
1,3874
2,3876
1,3877
11,3877
2,3878
3,3880
15,3881
1,3882
2,3883
19,3889
21,3891
10,3894
10,3895
18,3905
6,3906
6,3907
23,3909
14,3911
15,3912
18,3914
7,3916
6,3920
11,3920
1,3921
3,3921
5,3924
20,3926
4,3928
4,3929
25,3931
3,3932
5,3933
10,3938
13,3941
14,3944
8,3964
13,3964
15,3964
15,3970
21,3973
16,3974
15,3976
9,3977
6,3983
3,3990
10,3990
5,3993
4,3994
3,3996
5,3998
4,3999
3,4000
4,4008
3,4010
8,4010
5,4011
4,4012
5,4013
16,4021
3,4028
4,4034
3,4035
11,4035
23,4036
5,4038
5,4039
4,4040
24,4043
1,4053
2,4055
1,4060
11,4063
1,4064
2,4067
2,4070
23,4077
15,4086
15,4088
13,4089
21,4089
1,4103
17,4103
1,4104
2,4105
2,4107
11,4107
1,4109
1,4110
2,4111
14,4111
11,4113
1,4115
7,4115
2,4116
1,4118
3,4118
24,4120
2,4121
5,4122
5,4124
1,4125
4,4125
11,4126
2,4127
4,4127
1,4128
3,4128
20,4130
25,4131
1,4132
2,4133
13,4134
1,4137
2,4138
2,4139
3,4139
4,4140
4,4142
3,4143
5,4144
7,4145
5,4146
3,4152
5,4153
4,4154
20,4154
5,4156
18,4156
13,4157
11,4158
14,4158
12,4159
3,4160
4,4162
7,4167
14,4176
22,4182
13,4186
17,4187
1,4193
2,4194
1,4195
1,4196
2,4197
2,4198
14,4205
1,4213
2,4214
1,4215
1,4216
25,4218
2,4220
2,4221
3,4221
5,4223
5,4224
4,4225
4,4227
18,4227
3,4229
19,4234
24,4236
17,4240
14,4244
3,4249
19,4249
22,4250
5,4251
4,4252
25,4253
3,4254
4,4255
5,4256
20,4258
5,4266
3,4299
4,4300
5,4302
15,4302
4,4303
4,4304
5,4305
3,4312
1,4314
22,4314
24,4314
2,4317
1,4322
1,4323
2,4324
2,4326
1,4339
25,4340
8,4341
3,4342
5,4343
4,4344
1,4345
4,4345
13,4345
24,4345
1,4346
3,4346
2,4347
2,4348
5,4348
1,4349
2,4350
5,4350
19,4357
3,4360
4,4361
4,4362
1,4363
2,4364
3,4365
1,4366
5,4367
1,4368
5,4368
2,4369
2,4371
3,4371
20,4374
4,4376
17,4377
4,4379
1,4380
14,4380
5,4381
2,4382
1,4383
13,4383
1,4384
5,4384
2,4385
3,4385
2,4386
18,4392
1,4396
1,4397
2,4398
1,4399
18,4399
21,4400
2,4402
2,4404
12,4406
13,4409
13,4414
1,4416
2,4417
6,4417
19,4417
20,4417
3,4420
15,4420
1,4421
4,4422
4,4423
1,4424
2,4425
2,4427
16,4427
3,4428
5,4429
5,4430
1,4432
3,4432
2,4433
4,4434
3,4435
1,4436
1,4437
5,4437
2,4438
4,4438
20,4438
5,4440
4,4441
2,4442
3,4442
4,4443
3,4444
5,4446
4,4447
5,4448
15,4448
1,4454
20,4454
2,4457
1,4459
1,4460
2,4461
3,4461
2,4464
1,4466
7,4466
1,4467
2,4468
2,4469
1,4470
2,4475
1,4480
2,4481
1,4482
1,4486
5,4488
2,4489
2,4491
7,4491
1,4493
1,4499
22,4499
2,4501
2,4503
8,4503
13,4504
1,4505
7,4506
23,4510
2,4511
15,4512
1,4515
1,4519
17,4519
2,4522
24,4523
2,4525
13,4526
1,4530
2,4531
16,4533
8,4538
1,4539
2,4540
3,4541
1,4543
2,4546
5,4547
1,4549
19,4549
4,4550
2,4551
5,4551
4,4552
3,4553
21,4556
24,4563
1,4565
25,4566
24,4566
1,4567
2,4569
20,4569
2,4571
24,4571
11,4572
21,4572
1,4573
2,4574
1,4575
9,4578
2,4579
1,4581
3,4582
5,4583
4,4584
23,4584
2,4585
5,4585
1,4586
3,4587
4,4588
2,4589
3,4590
9,4590
5,4591
1,4594
4,4594
1,4595
3,4595
2,4596
4,4596
2,4600
5,4601
12,4602
1,4604
2,4605
6,4611
11,4613
1,4623
1,4626
17,4626
22,4627
2,4629
2,4630
1,4631
2,4633
15,4635
3,4636
10,4636
23,4636
4,4639
4,4641
9,4641
5,4645
5,4647
8,4647
3,4650
10,4655
16,4655
1,4659
2,4661
22,4663
1,4664
12,4664
2,4666
3,4667
1,4668
4,4668
5,4669
7,4669
2,4670
5,4670
8,4670
4,4671
1,4672
3,4672
1,4675
22,4675
2,4679
19,4679
2,4680
13,4680
1,4685
2,4687
21,4687
6,4690
24,4691
10,4693
11,4697
15,4697
12,4699
10,4703
9,4705
12,4706
19,4706
7,4707
3,4708
4,4709
5,4710
14,4710
4,4712
5,4713
3,4714
14,4714
20,4721
24,4722
1,4725
13,4725
2,4728
1,4732
15,4736
1,4739
2,4741
2,4744
16,4744
3,4750
5,4752
4,4753
24,4756
3,4758
5,4760
4,4761
7,4771
1,4773
1,4774
20,4776
2,4777
1,4779
3,4780
9,4780
19,4782
11,4783
2,4784
5,4784
4,4785
2,4786
1,4789
3,4789
2,4790
1,4791
4,4791
5,4792
2,4793
1,4794
15,4794
2,4795
8,4799
1,4801
2,4802
1,4804
16,4804
2,4806
1,4807
1,4808
2,4808
24,4808
7,4811
1,4814
1,4815
2,4816
1,4817
2,4818
2,4820
25,4823
7,4831
20,4838
12,4839
25,4842
1,4843
9,4844
3,4848
2,4850
11,4850
1,4852
2,4854
1,4856
2,4858
17,4862
10,4865
19,4867
18,4869
1,4878
1,4879
2,4881
2,4882
1,4884
2,4885
14,4885
3,4886
4,4887
1,4889
5,4889
16,4889
5,4891
4,4892
1,4893
2,4894
3,4894
2,4895
1,4896
17,4896
2,4900
15,4902
17,4908
16,4917
15,4919
22,4924
3,4928
13,4928
23,4928
1,4929
2,4930
5,4930
1,4931
4,4932
16,4932
17,4932
3,4933
2,4934
17,4935
1,4936
5,4936
2,4937
4,4937
3,4944
4,4946
1,4947
2,4948
5,4948
1,4949
5,4949
25,4950
1,4950
3,4950
2,4951
22,4951
2,4952
4,4953
3,4955
11,4955
4,4956
3,4957
4,4960
5,4961
22,4961
20,4962
5,4963
15,4966
13,4973
16,4977
12,4983
16,4985
14,4988
8,4991
19,4998
17,4999
11,5008
20,5008
15,5017
17,5022
15,5032
6,5033
22,5034
24,5036
7,5044
19,5046
22,5057
24,5058
22,5063
9,5065
24,5066
1,5068
1,5069
4,5069
23,5072
2,5073
3,5073
2,5074
1,5075
16,5075
2,5076
4,5078
5,5079
11,5083
14,5083
3,5084
7,5084
1,5086
4,5086
2,5088
5,5088
1,5089
2,5090
1,5091
2,5094
21,5094
8,5095
3,5096
24,5097
4,5098
5,5099
8,5101
3,5102
5,5103
16,5105
4,5106
1,5111
2,5113
1,5114
2,5115
11,5115
13,5115
1,5116
3,5116
2,5118
5,5118
14,5118
5,5120
1,5121
4,5122
21,5123
1,5125
2,5128
4,5128
3,5129
11,5129
2,5130
23,5130
7,5131
1,5132
2,5134
17,5145
3,5146
5,5147
4,5150
4,5153
5,5154
3,5155
13,5156
3,5157
10,5158
12,5158
3,5160
5,5162
5,5163
11,5164
4,5165
4,5167
3,5168
9,5172
23,5172
15,5175
24,5177
19,5178
23,5180
8,5184
8,5196
17,5203
3,5215
5,5216
4,5217
4,5219
5,5221
23,5221
3,5223
3,5225
9,5226
4,5231
16,5232
1,5234
1,5236
3,5236
25,5237
2,5237
5,5238
1,5239
2,5240
4,5240
2,5241
5,5241
24,5241
12,5246
20,5246
3,5249
4,5250
6,5250
12,5250
3,5251
5,5252
4,5254
5,5256
21,5258
8,5261
11,5262
3,5265
21,5267
4,5268
13,5269
4,5270
5,5273
14,5274
5,5275
3,5277
7,5279
17,5280
8,5290
14,5290
7,5293
19,5293
7,5297
12,5313
1,5314
1,5315
2,5317
1,5320
2,5321
2,5324
6,5326
20,5327
11,5331
2,5334
25,5336
7,5345
12,5349
21,5356
12,5363
16,5373
14,5381
7,5385
3,5390
4,5391
5,5393
17,5395
3,5396
5,5397
2,5398
4,5399
25,5401
6,5412
7,5414
4,5420
21,5421
1,5422
2,5425
1,5426
3,5427
5,5428
5,5429
24,5429
1,5430
2,5431
4,5432
12,5432
2,5433
3,5433
4,5434
1,5440
23,5440
18,5441
2,5442
1,5443
2,5444
1,5446
2,5448
17,5448
3,5453
5,5455
4,5456
3,5457
5,5458
4,5460
5,5460
18,5462
13,5464
22,5467
7,5469
14,5478
19,5478
3,5482
5,5483
4,5485
16,5486
4,5488
10,5490
5,5492
3,5493
9,5493
4,5494
9,5500
17,5503
1,5506
6,5506
2,5508
1,5509
2,5510
18,5512
10,5513
1,5514
2,5515
20,5518
15,5522
3,5524
4,5525
5,5526
22,5526
4,5530
3,5531
5,5532
5,5534
9,5535
19,5540
1,5543
1,5544
2,5545
9,5547
2,5548
13,5548
15,5548
14,5550
1,5553
11,5553
2,5554
7,5558
21,5560
21,5561
20,5563
16,5569
1,5570
9,5570
1,5571
2,5572
1,5573
24,5573
21,5575
2,5576
2,5577
25,5578
1,5582
9,5582
17,5583
2,5584
14,5584
1,5586
1,5587
16,5587
24,5588
2,5594
2,5595
12,5606
3,5613
23,5613
5,5614
15,5614
5,5618
4,5620
20,5620
3,5622
21,5622
4,5623
3,5637
4,5638
5,5639
5,5640
3,5643
17,5644
1,5645
12,5645
4,5646
1,5647
19,5647
2,5648
1,5649
2,5652
2,5653
11,5655
7,5660
1,5662
2,5663
9,5663
15,5663
1,5664
13,5664
1,5666
2,5667
2,5670
1,5676
2,5677
15,5677
1,5678
23,5680
2,5682
1,5684
2,5686
21,5687
7,5689
25,5691
12,5693
19,5697
9,5706
7,5711
23,5714
1,5718
12,5723
2,5724
1,5725
2,5725
1,5726
2,5728
2,5730
11,5731
14,5734
6,5735
3,5736
5,5737
4,5739
5,5740
9,5740
4,5743
3,5744
3,5756
4,5757
3,5758
23,5758
4,5759
5,5760
5,5761
3,5768
1,5769
5,5769
25,5770
2,5770
11,5771
1,5772
11,5772
4,5774
9,5774
1,5775
2,5776
5,5776
13,5776
4,5777
21,5777
2,5778
11,5778
10,5779
15,5779
3,5780
19,5785
3,5791
5,5792
1,5794
4,5794
3,5795
4,5796
11,5796
1,5797
5,5797
2,5798
2,5801
6,5801
10,5802
1,5810
2,5811
3,5814
4,5815
3,5817
5,5818
5,5819
4,5820
10,5824
18,5830
8,5835
25,5838
7,5838
21,5845
25,5847
15,5848
14,5850
13,5852
16,5861
11,5868
8,5876
14,5878
16,5878
24,5881
8,5888
8,5891
1,5897
2,5899
1,5900
8,5900
2,5901
14,5903
1,5904
2,5905
25,5907
10,5908
16,5908
1,5910
3,5913
2,5914
21,5914
4,5915
5,5916
3,5917
1,5918
7,5918
1,5919
4,5919
2,5920
5,5920
14,5920
2,5921
10,5931
13,5936
25,5941
3,5942
5,5943
4,5945
21,5945
3,5948
5,5949
21,5949
4,5951
12,5954
9,5957
24,5966
15,5967
10,5972
24,5974
13,5978
11,5981
3,5990
4,5992
5,5993
3,5996
5,5997
24,5998
4,6002
13,6008
13,6015
20,6022
1,6023
2,6024
25,6025
1,6025
25,6028
3,6028
2,6031
4,6032
11,6032
4,6033
1,6034
5,6034
2,6035
3,6035
1,6036
2,6037
11,6037
1,6038
2,6041
5,6041
1,6043
10,6044
2,6045
7,6046
14,6048
7,6058
24,6059
8,6061
25,6062
1,6062
1,6063
2,6065
25,6068
13,6068
2,6070
1,6075
2,6076
12,6079
24,6081
16,6084
1,6085
2,6086
1,6087
20,6087
2,6088
1,6089
2,6091
3,6095
19,6096
22,6096
5,6097
4,6099
13,6101
16,6102
5,6103
3,6104
4,6106
13,6111
7,6119
1,6122
11,6122
1,6125
15,6125
2,6126
24,6127
2,6128
9,6129
1,6130
2,6131
10,6132
13,6136
25,6137
22,6137
23,6138
18,6140
1,6145
3,6148
4,6149
1,6151
2,6152
3,6153
5,6154
2,6155
5,6157
1,6158
4,6158
14,6158
2,6160
9,6160
14,6163
5,6164
15,6165
16,6167
17,6176
7,6177
3,6181
19,6181
5,6183
4,6185
5,6187
4,6188
7,6188
23,6188
1,6189
3,6189
2,6191
1,6192
11,6192
2,6194
1,6197
2,6198
7,6198
10,6199
25,6204
20,6205
3,6211
4,6212
4,6214
1,6215
5,6215
17,6215
2,6216
5,6216
24,6216
1,6217
2,6218
1,6219
3,6219
2,6221
17,6222
14,6223
1,6239
23,6240
2,6242
24,6242
1,6245
1,6247
2,6248
12,6248
2,6249
1,6258
18,6259
1,6262
2,6263
1,6264
2,6266
2,6267
24,6279
25,6282
19,6282
6,6284
25,6289
1,6295
2,6296
10,6296
1,6298
1,6299
7,6299
8,6299
3,6300
19,6300
2,6302
2,6304
6,6304
4,6306
5,6307
1,6309
1,6310
4,6310
2,6311
3,6311
5,6312
19,6312
1,6313
2,6314
2,6315
23,6315
3,6323
5,6325
5,6327
4,6328
4,6329
6,6329
25,6330
3,6330
6,6337
23,6337
22,6341
17,6342
10,6354
1,6357
2,6361
1,6362
1,6363
2,6366
2,6368
19,6373
19,6380
3,6384
17,6384
5,6386
4,6387
5,6389
4,6390
3,6391
19,6392
13,6397
1,6402
1,6403
2,6405
9,6405
1,6407
2,6408
2,6409
3,6421
4,6423
5,6424
4,6429
3,6430
5,6431
6,6432
3,6434
4,6435
10,6435
3,6436
5,6441
23,6441
24,6441
4,6442
5,6443
10,6443
21,6444
3,6448
4,6449
18,6450
4,6451
16,6454
5,6457
6,6457
16,6458
3,6459
5,6462
21,6479
3,6482
5,6484
4,6485
3,6486
5,6488
4,6490
21,6494
23,6496
17,6502
19,6503
3,6506
6,6506
4,6508
6,6508
5,6509
4,6510
11,6511
12,6512
3,6514
5,6515
14,6523
3,6524
12,6524
19,6526
4,6530
3,6532
16,6533
8,6534
5,6537
18,6537
5,6538
4,6540
8,6544
13,6544
3,6545
4,6546
4,6547
5,6549
5,6551
3,6552
10,6554
7,6565
9,6566
11,6566
25,6574
15,6586
23,6591
8,6595
11,6596
10,6598
17,6599
19,6599
19,6606
9,6611
15,6611
3,6617
4,6621
5,6623
4,6626
5,6628
3,6629
20,6632
24,6648
10,6649
14,6653
23,6653
19,6660
1,6663
2,6665
1,6666
2,6667
11,6667
1,6668
3,6669
2,6670
4,6671
5,6674
1,6675
1,6676
22,6676
2,6677
3,6677
2,6678
4,6678
1,6679
5,6679
8,6681
2,6683
1,6687
1,6688
2,6689
1,6690
2,6694
2,6695
19,6701
14,6706
23,6707
4,6710
11,6711
24,6713
3,6727
4,6728
1,6729
5,6729
1,6730
4,6730
2,6732
7,6732
3,6733
12,6733
2,6734
1,6737
5,6738
2,6739
1,6751
1,6752
2,6753
1,6754
2,6755
22,6756
2,6757
1,6760
1,6761
8,6763
2,6764
1,6765
2,6766
2,6767
12,6771
24,6777
1,6787
1,6791
2,6792
17,6792
1,6793
2,6796
3,6796
2,6799
4,6800
7,6800
5,6801
5,6802
4,6804
3,6805
11,6806
19,6808
1,6809
9,6809
1,6810
15,6813
2,6816
2,6817
1,6818
2,6819
8,6820
3,6821
4,6822
5,6823
17,6823
4,6824
10,6827
3,6828
5,6829
1,6830
1,6831
2,6832
1,6833
2,6836
7,6837
16,6837
2,6838
20,6840
12,6841
1,6842
1,6844
2,6845
2,6847
1,6850
2,6851
11,6851
23,6854
6,6855
10,6863
25,6869
25,6870
2,6874
25,6884
18,6886
1,6888
11,6888
1,6889
2,6891
3,6892
4,6893
5,6894
2,6895
1,6896
22,6896
4,6897
2,6898
3,6898
14,6898
5,6901
1,6902
18,6903
18,6904
1,6907
2,6908
10,6910
25,6912
1,6913
16,6913
2,6915
2,6917
14,6919
1,6922
1,6923
2,6924
23,6924
1,6925
2,6927
2,6928
20,6932
8,6943
13,6943
23,6944
6,6951
9,6951
14,6954
16,6956
3,6958
19,6958
4,6961
5,6962
5,6964
12,6964
4,6965
3,6966
25,6967
21,6969
8,6970
16,6979
15,6982
4,6988
13,6993
6,6995
10,6996
1,6999
3,6999
1,7002
2,7003
2,7005
4,7006
3,7009
9,7009
15,7010
5,7011
4,7012
1,7013
5,7013
2,7015
1,7016
8,7017
2,7018
1,7019
1,7020
2,7021
2,7023
20,7028
12,7031
19,7031
3,7032
15,7033
4,7034
4,7037
5,7038
1,7039
1,7040
5,7040
3,7041
2,7043
8,7043
2,7044
8,7044
18,7045
1,7046
2,7048
7,7051
22,7052
3,7053
5,7054
5,7055
4,7057
3,7061
24,7062
4,7063
21,7064
9,7069
1,7074
2,7075
1,7076
1,7077
8,7077
2,7078
2,7079
3,7082
4,7083
4,7085
5,7087
3,7089
17,7090
5,7091
19,7091
20,7094
22,7105
9,7107
5,7109
1,7114
1,7116
3,7116
2,7117
4,7117
19,7117
5,7118
2,7119
17,7119
1,7120
22,7120
2,7121
3,7122
4,7123
5,7126
3,7128
5,7129
4,7131
5,7132
3,7133
4,7135
12,7137
1,7140
1,7141
14,7141
2,7142
1,7143
2,7144
2,7145
2,7149
1,7155
1,7156
2,7157
1,7158
2,7159
2,7162
21,7165
21,7169
12,7171
6,7180
10,7183
13,7183
15,7185
13,7189
22,7189
16,7190
14,7193
1,7195
1,7196
2,7197
8,7197
2,7200
24,7200
1,7201
2,7202
1,7216
3,7216
15,7216
4,7217
5,7218
5,7219
21,7219
2,7220
4,7220
3,7221
1,7222
2,7224
8,7224
1,7225
11,7225
2,7226
15,7235
23,7238
8,7241
10,7244
24,7246
20,7253
3,7266
22,7266
5,7268
5,7271
14,7272
4,7273
3,7274
22,7280
4,7282
1,7284
1,7288
9,7289
20,7290
2,7291
4,7291
2,7296
1,7297
2,7298
3,7313
12,7320
16,7333
15,7335
16,7353
1,7354
2,7355
1,7357
2,7359
1,7360
2,7361
23,7362
12,7363
8,7364
7,7365
11,7365
24,7365
7,7368
23,7368
18,7370
15,7371
18,7375
24,7380
17,7383
24,7394
7,7396
19,7398
22,7403
6,7406
20,7407
15,7414
24,7418
20,7419
24,7421
4,7424
1,7425
18,7425
20,7426
2,7427
23,7428
1,7429
1,7430
13,7431
2,7433
3,7433
6,7433
2,7434
5,7441
4,7442
9,7443
3,7446
22,7446
4,7447
5,7449
1,7450
18,7451
6,7453
22,7454
2,7457
7,7457
1,7458
2,7459
1,7461
10,7461
3,7462
4,7463
5,7464
3,7466
2,7467
9,7467
13,7470
5,7471
4,7473
11,7481
3,7485
4,7486
5,7487
5,7489
25,7491
3,7493
4,7495
1,7515
2,7517
1,7518
13,7518
2,7519
6,7519
1,7520
2,7521
7,7523
19,7530
11,7537
13,7551
1,7554
1,7555
9,7561
18,7562
1,7565
2,7565
1,7566
2,7568
2,7569
3,7579
12,7584
1,7586
1,7588
2,7589
3,7592
15,7592
2,7594
5,7595
4,7596
1,7597
2,7598
4,7599
7,7599
3,7600
18,7601
5,7602
6,7602
3,7609
4,7610
3,7611
5,7613
4,7614
13,7616
5,7617
20,7625
1,7626
2,7627
1,7629
16,7629
2,7631
1,7632
2,7636
8,7641
21,7642
6,7643
11,7645
16,7647
25,7654
1,7663
2,7664
5,7664
1,7666
3,7666
4,7667
2,7668
4,7668
1,7669
5,7669
21,7669
3,7671
2,7672
5,7672
18,7685
9,7691
24,7691
6,7697
25,7700
19,7708
21,7712
16,7715
19,7731
3,7732
4,7733
7,7734
5,7735
4,7736
5,7738
3,7740
12,7747
11,7748
1,7751
23,7752
2,7753
1,7754
18,7755
1,7756
2,7757
2,7758
22,7760
8,7762
13,7762
3,7763
5,7764
13,7765
9,7766
4,7767
4,7768
3,7770
5,7773
16,7775
15,7784
13,7785
15,7787
16,7792
16,7795
1,7804
2,7807
17,7807
1,7810
2,7811
1,7812
2,7813
10,7816
23,7820
10,7831
1,7833
1,7835
22,7835
2,7836
1,7838
10,7838
2,7839
3,7839
2,7841
5,7841
4,7842
13,7842
10,7845
5,7846
14,7847
11,7848
25,7849
4,7851
3,7853
3,7856
4,7857
5,7859
3,7862
14,7862
25,7868
7,7868
5,7870
1,7871
10,7871
2,7874
4,7875
8,7876
19,7876
25,7877
1,7877
2,7878
1,7881
2,7883
15,7883
25,7885
3,7886
5,7888
4,7891
4,7892
7,7892
20,7892
5,7895
3,7896
8,7902
13,7920
3,7945
4,7946
5,7947
13,7947
5,7948
13,7948
4,7950
3,7951
1,7956
2,7958
9,7959
1,7960
9,7961
10,7961
1,7962
2,7963
20,7963
2,7964
21,7967
6,7972
11,7972
1,7973
3,7973
2,7974
1,7975
4,7975
2,7976
5,7976
1,7977
3,7977
13,7977
2,7978
5,7978
18,7980
21,7980
4,7981
3,7987
9,7988
4,7989
12,7989
4,7990
5,7991
5,7993
12,7993
21,7993
3,7994
21,7996
20,7997
6,7998
25,7999
12,8006
12,8012
1,8018
2,8019
1,8020
2,8021
22,8021
1,8022
1,8023
2,8024
16,8029
8,8032
16,8032
18,8033
1,8038
2,8039
1,8043
10,8044
17,8044
1,8045
23,8045
2,8046
20,8046
2,8048
12,8057
14,8068
15,8070
1,8084
23,8085
1,8086
2,8088
1,8089
2,8090
8,8090
2,8091
1,8094
1,8096
2,8097
2,8098
1,8099
2,8100
3,8104
18,8104
4,8106
4,8108
3,8109
5,8110
5,8112
3,8113
1,8114
1,8115
2,8116
4,8116
2,8118
3,8118
25,8119
1,8120
5,8120
8,8120
17,8120
5,8121
4,8123
2,8124
6,8124
1,8125
2,8128
1,8129
2,8132
10,8132
1,8134
13,8134
6,8135
2,8136
1,8137
19,8138
2,8139
3,8139
1,8141
4,8141
4,8143
1,8144
2,8145
5,8145
9,8145
2,8146
5,8147
10,8147
22,8147
2,8149
3,8150
11,8154
1,8169
2,8170
15,8170
1,8172
16,8172
13,8173
1,8174
11,8174
2,8175
12,8175
2,8176
16,8179
21,8185
1,8192
18,8192
2,8193
1,8195
2,8196
19,8196
1,8198
2,8200
1,8203
3,8203
1,8205
2,8206
4,8206
9,8206
2,8207
1,8209
2,8210
5,8210
4,8211
5,8212
3,8214
7,8222
9,8224
17,8229
16,8237
3,8241
20,8245
1,8247
4,8247
1,8248
3,8248
2,8249
5,8249
1,8250
2,8251
5,8251
14,8251
2,8252
4,8252
3,8253
24,8253
21,8254
17,8258
12,8266
20,8268
1,8285
2,8286
1,8288
1,8289
2,8290
6,8290
10,8290
19,8290
23,8290
2,8292
19,8292
25,8293
15,8295
1,8297
2,8298
1,8300
2,8302
1,8304
2,8305
3,8305
5,8306
12,8311
19,8311
4,8314
20,8314
3,8315
23,8317
5,8318
4,8319
10,8323
23,8326
8,8327
5,8329
1,8331
10,8332
1,8334
2,8335
2,8336
1,8337
2,8339
21,8340
1,8341
2,8342
1,8343
20,8343
2,8344
1,8345
2,8346
1,8348
1,8349
11,8349
2,8350
2,8353
1,8354
2,8356
6,8356
9,8358
8,8365
22,8366
6,8370
14,8371
6,8375
15,8382
7,8386
20,8388
14,8389
21,8392
20,8393
8,8399
25,8400
23,8400
15,8401
3,8405
9,8408
4,8411
5,8412
9,8412
3,8413
5,8415
14,8418
4,8421
10,8427
23,8427
24,8431
7,8432
3,8435
7,8436
9,8436
4,8437
4,8440
3,8445
5,8446
8,8449
1,8450
2,8450
5,8450
24,8450
24,8451
1,8453
2,8454
20,8454
1,8456
2,8457
2,8458
1,8460
1,8462
7,8462
2,8466
2,8467
1,8468
2,8469
8,8469
21,8470
8,8473
1,8478
1,8479
2,8480
2,8481
1,8482
2,8483
8,8488
3,8491
1,8494
2,8495
1,8496
1,8497
5,8497
12,8497
4,8498
5,8499
2,8500
3,8500
2,8501
4,8501
14,8501
9,8504
10,8505
1,8507
13,8507
10,8508
2,8511
21,8511
1,8513
3,8513
4,8514
2,8515
4,8515
3,8516
1,8517
2,8518
5,8518
5,8519
6,8524
19,8524
8,8526
10,8537
1,8545
2,8546
1,8548
2,8549
1,8550
21,8551
2,8552
24,8555
15,8559
6,8565
23,8573
3,8579
5,8581
4,8582
7,8583
5,8584
18,8585
18,8587
3,8589
12,8590
4,8591
3,8597
5,8598
19,8600
1,8601
9,8601
4,8602
3,8603
5,8605
4,8606
12,8606
19,8606
23,8606
10,8609
7,8610
10,8612
1,8613
3,8616
2,8617
4,8618
1,8619
5,8620
2,8621
4,8621
1,8624
2,8625
16,8625
22,8625
5,8627
7,8627
3,8628
7,8635
6,8637
10,8637
12,8648
3,8652
4,8654
4,8656
5,8657
3,8658
8,8658
5,8660
18,8662
1,8669
1,8670
2,8671
16,8672
23,8672
21,8673
1,8674
2,8678
2,8681
20,8683
17,8684
24,8684
19,8686
1,8687
2,8688
1,8690
1,8692
2,8694
16,8694
2,8696
22,8700
18,8710
18,8712
7,8714
22,8727
15,8737
24,8748
3,8749
3,8751
13,8751
4,8753
3,8754
5,8755
10,8755
5,8757
1,8758
4,8758
2,8759
14,8759
1,8766
2,8767
1,8768
2,8769
13,8769
20,8770
1,8771
2,8772
1,8775
2,8777
3,8777
10,8777
1,8778
4,8778
17,8778
3,8779
2,8780
4,8781
5,8782
5,8785
20,8791
23,8792
14,8793
18,8793
9,8795
13,8797
12,8798
1,8801
2,8803
1,8804
8,8806
9,8806
18,8809
1,8811
2,8813
2,8814
12,8818
22,8818
11,8824
22,8827
9,8828
21,8829
19,8830
22,8833
11,8839
25,8841
14,8841
12,8842
7,8846
1,8847
2,8848
1,8849
19,8849
2,8850
1,8851
2,8852
12,8854
16,8865
3,8871
4,8872
24,8872
5,8873
6,8873
14,8876
3,8877
5,8878
4,8881
1,8886
1,8888
2,8889
3,8890
5,8891
1,8892
4,8892
7,8893
5,8894
2,8895
3,8895
2,8896
13,8897
4,8898
14,8899
15,8902
20,8906
8,8907
10,8922
16,8927
3,8933
4,8934
24,8934
5,8935
1,8936
5,8936
1,8937
2,8938
4,8938
1,8939
3,8939
2,8940
2,8941
7,8942
20,8943
1,8953
2,8956
4,8956
1,8957
3,8957
4,8958
2,8959
3,8959
5,8961
22,8961
4,8962
24,8963
1,8965
5,8966
2,8968
1,8979
2,8980
3,8980
1,8981
1,8982
10,8983
5,8984
2,8985
4,8985
2,8986
3,8987
4,8989
5,8990
9,8990
7,8991
14,8993
10,9004
23,9004
13,9006
10,9008
11,9020
11,9023
16,9030
3,9033
9,9033
4,9034
3,9035
5,9036
4,9038
5,9039
1,9042
8,9045
21,9056
1,9057
2,9060
1,9062
21,9062
16,9068
20,9068
19,9069
1,9070
3,9071
24,9071
2,9072
5,9072
2,9073
4,9073
4,9074
5,9075
10,9075
21,9075
3,9076
7,9080
24,9084
13,9085
3,9088
4,9090
22,9091
3,9092
5,9093
9,9093
4,9094
5,9095
12,9097
9,9098
18,9099
25,9100
1,9101
2,9102
11,9102
1,9105
2,9106
1,9109
18,9114
13,9115
2,9116
3,9116
4,9118
5,9120
5,9121
1,9122
4,9123
3,9124
1,9127
21,9131
3,9132
4,9133
22,9133
25,9134
2,9134
2,9135
1,9136
17,9136
2,9137
1,9142
5,9142
5,9143
1,9146
4,9146
2,9149
3,9150
23,9150
12,9151
2,9153
12,9153
22,9155
1,9157
2,9158
1,9160
11,9160
24,9160
2,9161
1,9162
3,9162
11,9162
10,9166
1,9168
4,9168
3,9169
2,9170
4,9171
2,9172
5,9172
2,9173
5,9173
7,9173
8,9177
21,9181
24,9183
3,9188
19,9188
4,9190
19,9190
5,9192
21,9192
9,9193
3,9194
1,9195
18,9197
1,9198
5,9198
2,9199
4,9200
22,9200
1,9201
2,9202
2,9204
10,9205
3,9208
21,9211
4,9213
1,9214
22,9215
5,9216
3,9217
4,9218
20,9218
22,9218
1,9219
2,9221
5,9221
16,9225
2,9226
3,9226
1,9227
4,9227
15,9227
2,9231
5,9231
3,9232
5,9233
12,9233
25,9235
4,9236
1,9248
3,9248
5,9249
2,9250
19,9250
1,9252
22,9252
4,9253
21,9254
4,9255
1,9256
3,9256
5,9258
2,9259
2,9262
22,9262
1,9264
2,9266
1,9267
23,9267
2,9271
3,9271
4,9272
1,9273
2,9275
4,9275
5,9277
5,9278
3,9279
25,9283
22,9286
22,9287
3,9292
4,9293
25,9295
5,9295
24,9295
4,9296
3,9300
5,9302
10,9303
12,9304
22,9309
20,9312
20,9321
13,9325
24,9329
21,9330
3,9331
25,9337
5,9337
4,9338
4,9340
3,9341
5,9342
1,9357
2,9359
1,9360
9,9361
1,9362
2,9363
2,9368
14,9369
10,9370
10,9374
23,9374
3,9375
8,9378
4,9379
16,9379
5,9380
4,9381
7,9381
3,9382
5,9383
10,9391
6,9395
20,9401
3,9409
8,9409
10,9409
5,9410
4,9411
4,9413
5,9414
3,9415
1,9418
1,9419
3,9420
2,9421
5,9421
1,9424
5,9424
14,9424
2,9426
4,9426
4,9427
19,9427
3,9428
16,9428
2,9429
5,9429
8,9429
18,9433
3,9434
4,9436
4,9437
3,9439
4,9441
5,9441
5,9442
1,9450
1,9452
2,9453
1,9454
2,9455
2,9458
6,9461
25,9462
8,9462
24,9463
1,9464
2,9467
1,9469
3,9469
4,9470
2,9471
5,9471
4,9472
8,9472
5,9474
1,9475
2,9476
3,9476
21,9482
1,9487
1,9488
3,9488
5,9492
2,9494
5,9494
20,9494
1,9495
4,9495
3,9496
2,9497
2,9498
4,9499
13,9500
13,9507
4,9508
19,9510
1,9515
3,9518
1,9519
5,9519
2,9520
1,9522
5,9523
2,9524
23,9524
2,9526
4,9526
18,9526
4,9527
3,9528
14,9532
1,9539
6,9539
1,9540
2,9543
19,9544
2,9545
3,9547
1,9548
4,9548
2,9550
5,9551
10,9551
4,9552
5,9555
3,9557
1,9562
1,9563
17,9563
2,9566
1,9567
2,9571
2,9572
12,9586
24,9598
21,9600
11,9601
1,9602
1,9603
2,9605
3,9605
5,9607
4,9609
5,9611
1,9612
2,9614
10,9614
2,9615
3,9615
2,9618
4,9622
21,9624
22,9626
21,9630
9,9632
24,9640
3,9642
19,9642
5,9645
4,9648
5,9649
16,9649
3,9650
1,9651
11,9651
4,9653
22,9653
2,9654
1,9656
2,9658
14,9658
1,9662
2,9663
7,9665
22,9666
22,9668
7,9674
18,9680
17,9684
24,9686
8,9687
15,9688
3,9689
4,9690
5,9690
4,9691
5,9692
6,9692
19,9692
5,9693
6,9693
3,9694
19,9695
20,9705
2,9707
1,9709
1,9712
2,9713
3,9713
1,9716
3,9718
2,9719
2,9720
4,9720
5,9722
4,9723
5,9725
3,9726
1,9727
2,9728
9,9728
1,9730
3,9730
2,9731
4,9731
3,9733
1,9734
2,9735
5,9735
5,9736
3,9739
4,9740
1,9741
14,9743
20,9743
1,9744
2,9745
2,9746
1,9747
22,9747
2,9750
15,9754
15,9759
24,9759
1,9760
23,9760
2,9762
1,9765
13,9765
2,9766
2,9767
1,9768
3,9768
2,9769
4,9772
15,9772
25,9773
4,9774
5,9777
3,9778
5,9779
21,9780
16,9793
16,9796
3,9802
4,9805
14,9807
3,9810
13,9812
5,9813
1,9814
2,9815
4,9815
1,9817
5,9817
2,9818
1,9820
2,9821
3,9824
18,9826
4,9829
4,9830
3,9833
5,9834
5,9835
7,9835
11,9840
14,9840
1,9842
2,9845
15,9847
1,9849
1,9850
13,9850
2,9851
10,9854
2,9855
22,9855
3,9860
21,9860
4,9861
5,9862
1,9863
5,9863
9,9863
2,9864
3,9864
4,9865
13,9865
1,9866
2,9867
1,9869
18,9870
2,9871
18,9872
21,9873
3,9875
5,9877
11,9877
5,9878
4,9880
4,9882
3,9884
13,9885
15,9887
13,9892
25,9894
15,9900
1,9904
2,9906
1,9907
2,9908
1,9909
2,9910
17,9910
25,9912
1,9912
1,9913
2,9916
1,9917
2,9919
24,9920
12,9923
2,9924
11,9925
15,9929
16,9933
14,9934
6,9939
3,9945
5,9947
19,9947
4,9948
5,9949
3,9950
17,9953
4,9957
12,9964
1,9970
21,9972
2,9973
15,9973
16,9973
1,9975
2,9976
3,9976
1,9977
4,9977
2,9978
3,9978
4,9979
20,9980
5,9983
25,9984
5,9985
25,9987
10,9990
6,9998
