35,3
43,4
45,5
22,6
48,7
1,9
2,10
3,10
21,11
31,11
5,12
45,12
1,13
15,13
1,14
60,15
4,15
10,15
2,16
3,16
4,17
2,18
5,19
3,20
45,22
9,25
52,25
15,26
8,27
50,28
56,28
28,31
12,33
41,34
47,34
9,36
10,36
22,36
54,36
15,39
29,42
34,42
54,42
21,47
55,48
2,51
54,52
32,57
53,60
7,61
11,61
37,61
41,63
55,63
10,72
38,72
43,72
3,75
4,76
59,77
45,79
60,81
4,81
31,81
5,82
44,82
3,84
10,84
7,85
5,87
14,88
3,93
10,94
42,96
49,96
55,96
28,97
4,98
38,98
5,99
4,100
3,101
32,102
38,102
5,103
60,105
34,107
30,110
37,110
41,110
23,111
29,113
32,114
34,115
11,117
1,119
15,120
2,121
22,121
1,123
51,123
1,125
37,126
40,126
2,127
17,129
2,130
29,131
50,133
1,134
1,136
13,137
2,138
43,139
46,139
2,140
1,141
21,142
60,143
2,143
22,144
45,145
56,146
28,147
35,152
49,154
29,156
59,156
17,158
54,161
45,163
29,164
28,165
51,167
32,168
56,168
19,171
50,172
46,173
33,175
15,178
47,178
23,179
26,180
10,182
6,183
22,183
3,187
52,188
5,189
5,190
15,191
4,192
3,194
4,195
55,196
3,198
47,198
59,198
5,199
6,199
8,199
8,201
39,201
51,201
4,202
4,203
3,205
26,205
35,205
51,207
5,209
12,209
43,212
52,212
1,214
1,216
41,216
2,217
28,217
1,218
19,218
2,219
36,219
2,220
58,220
1,221
2,222
53,222
15,223
1,224
1,225
2,226
11,227
2,228
30,229
42,230
41,231
44,231
37,233
10,234
51,236
34,240
19,242
1,243
1,246
20,246
9,249
17,249
28,252
2,253
2,254
17,254
18,254
21,254
32,254
1,255
13,255
49,255
2,256
8,257
57,258
35,260
44,260
15,262
3,263
4,264
31,265
40,265
27,269
4,270
27,270
5,272
1,273
1,274
3,275
2,276
47,276
1,277
2,278
5,278
11,280
2,281
9,283
57,283
52,284
6,285
16,285
8,288
45,291
43,294
54,295
14,296
7,299
21,300
32,300
3,302
4,303
5,304
1,305
60,306
2,306
4,306
1,308
1,309
5,309
3,310
2,311
10,313
2,314
16,314
28,317
32,318
10,320
3,323
5,324
5,325
43,325
4,326
3,328
40,328
1,329
1,330
2,331
4,331
1,332
2,334
43,335
40,337
2,340
12,341
60,342
9,342
3,346
4,347
9,347
5,348
1,351
1,352
3,352
54,352
2,353
5,353
47,353
4,354
25,354
2,358
3,358
21,358
1,359
34,359
52,359
5,360
4,361
16,361
37,361
2,362
53,362
5,364
4,365
47,365
3,366
23,366
35,367
21,368
42,368
60,370
41,370
1,372
6,372
23,372
34,374
2,375
1,376
2,377
46,377
1,378
24,378
39,378
2,379
24,381
6,385
49,385
59,385
15,386
51,387
44,390
3,391
3,394
1,395
4,395
9,395
26,395
28,395
60,396
2,396
5,396
8,396
13,396
21,396
1,397
27,397
3,398
36,398
2,399
60,400
1,400
4,400
2,401
5,401
29,401
21,402
23,402
47,404
39,405
18,414
24,415
36,415
20,416
8,417
31,420
52,420
24,424
28,424
30,429
7,433
41,433
1,436
1,437
28,437
2,438
55,438
2,439
31,439
1,441
2,443
48,447
38,453
43,455
35,456
33,458
45,459
54,462
3,464
25,464
39,464
45,464
5,467
4,469
46,469
49,469
4,470
3,472
5,473
45,475
7,476
49,478
59,478
4,482
30,482
42,482
58,482
2,484
14,484
23,484
32,484
56,484
31,485
32,485
36,485
40,486
14,489
59,490
2,497
21,498
27,500
58,500
1,501
34,502
42,503
51,503
2,504
46,504
21,505
1,506
33,506
1,507
2,508
2,509
5,512
50,512
28,513
52,518
50,519
42,521
58,521
36,523
13,524
1,525
1,526
3,528
17,528
55,528
2,529
25,529
2,530
4,530
6,530
12,530
57,530
4,531
32,531
42,533
54,533
1,534
5,534
5,535
24,535
19,536
2,537
3,538
27,539
53,540
3,541
16,541
44,541
16,543
4,544
50,544
24,545
52,545
3,546
1,547
57,547
5,548
1,549
5,549
4,550
38,550
59,550
2,551
6,551
22,551
8,552
2,553
52,554
1,555
8,556
2,559
9,559
44,560
23,562
26,562
3,563
15,563
38,563
39,563
54,563
4,564
49,566
49,567
4,568
54,568
5,570
3,571
5,572
4,574
7,575
24,575
50,581
52,581
18,582
13,587
31,587
33,587
3,589
43,590
19,591
40,593
49,593
5,594
4,595
3,598
15,598
27,598
5,599
6,599
4,600
55,600
51,601
1,604
20,605
1,606
2,607
2,608
1,609
56,609
22,610
2,611
1,612
55,612
23,613
2,616
1,618
1,619
2,620
41,620
60,621
2,622
8,623
13,623
3,625
53,625
57,627
27,629
37,630
5,634
17,636
44,639
55,642
1,644
3,644
2,645
4,645
13,645
1,646
4,646
2,647
48,647
1,648
2,649
49,649
2,650
4,651
5,651
42,652
5,654
3,655
43,656
46,656
3,657
43,657
5,658
60,659
17,660
40,661
21,662
5,663
4,665
3,666
9,666
45,666
4,667
37,667
56,670
48,672
19,674
54,675
12,676
10,679
18,679
39,679
34,682
12,683
49,683
19,684
31,686
37,688
55,690
24,691
37,693
19,694
22,694
55,694
24,695
12,700
43,702
23,705
8,707
30,707
6,708
44,714
25,717
36,722
37,729
57,729
50,731
60,735
19,736
48,737
11,738
60,739
20,739
31,743
34,743
6,744
27,746
9,748
31,750
16,751
15,752
24,754
20,764
7,767
32,767
41,769
50,769
22,775
24,775
6,778
7,780
24,783
46,783
8,786
1,788
11,788
33,788
50,788
2,789
31,789
1,793
44,793
2,794
1,795
33,795
2,796
26,796
31,796
17,797
9,803
58,803
10,804
49,808
58,809
36,813
3,814
4,815
16,815
47,815
1,816
11,816
2,817
42,817
1,818
2,820
46,820
54,820
1,821
33,821
4,822
2,823
5,823
5,824
8,824
57,824
27,825
3,826
1,829
2,830
4,831
17,831
1,832
54,832
39,833
1,835
35,835
2,838
2,839
23,839
55,839
43,841
15,842
26,843
14,844
2,846
25,849
3,850
5,851
4,852
48,852
1,854
4,855
32,855
38,855
18,856
1,857
44,858
35,859
20,860
2,862
3,862
5,863
2,864
1,865
25,865
35,865
49,865
54,865
2,868
20,868
38,869
3,870
27,870
60,871
4,872
57,872
3,873
25,875
5,876
4,878
8,878
5,880
54,881
3,885
40,885
5,887
53,887
4,888
4,889
47,889
3,890
39,891
5,892
43,893
54,893
6,895
47,895
24,896
22,897
36,897
1,898
46,898
1,900
2,901
2,902
1,903
2,904
38,909
6,913
27,913
10,914
1,920
6,920
1,922
2,925
18,925
2,926
10,927
55,927
1,928
59,928
4,930
34,930
57,932
2,933
14,933
46,935
26,936
44,937
44,946
14,947
14,948
37,949
1,950
3,950
1,951
8,952
2,953
4,953
36,953
5,954
1,955
5,955
4,956
51,957
2,958
3,958
2,959
32,960
47,960
54,961
22,963
27,964
35,964
58,964
14,965
28,965
59,966
24,967
53,969
28,971
3,973
5,974
4,975
5,977
4,979
25,979
18,980
42,984
3,987
60,991
41,992
15,994
11,995
11,996
25,996
60,999
6,999
52,1000
54,1001
18,1002
26,1004
12,1005
1,1006
37,1006
2,1007
18,1007
16,1008
1,1012
2,1013
11,1015
1,1017
2,1017
16,1019
50,1019
51,1019
2,1020
39,1020
10,1021
28,1022
47,1029
60,1031
51,1031
19,1035
7,1038
18,1039
52,1040
44,1041
21,1043
1,1044
1,1046
2,1047
25,1049
58,1049
1,1050
2,1051
16,1052
23,1052
23,1053
2,1054
57,1054
47,1056
7,1058
37,1059
51,1060
56,1060
3,1063
58,1065
40,1068
41,1068
48,1068
34,1072
47,1072
45,1076
20,1078
49,1083
21,1084
12,1086
6,1087
12,1088
36,1092
38,1092
60,1096
10,1098
30,1100
47,1101
3,1103
58,1104
5,1105
9,1105
4,1106
44,1107
27,1108
29,1108
8,1111
44,1114
5,1116
3,1118
49,1119
4,1120
39,1121
21,1124
23,1124
28,1124
45,1124
16,1127
51,1127
20,1129
20,1135
21,1138
20,1139
16,1140
23,1140
31,1143
43,1143
31,1144
55,1145
10,1148
1,1149
2,1150
8,1150
1,1152
2,1154
57,1155
6,1156
1,1157
38,1157
2,1159
29,1159
48,1162
60,1163
37,1164
52,1164
22,1166
11,1167
16,1167
24,1167
34,1168
55,1168
2,1169
12,1169
22,1169
60,1170
28,1170
37,1174
42,1174
16,1176
43,1176
56,1178
59,1178
40,1179
42,1180
23,1183
38,1185
58,1185
32,1186
32,1187
50,1190
15,1191
56,1192
51,1195
1,1196
2,1197
11,1197
60,1198
3,1198
38,1199
5,1200
1,1201
4,1201
1,1202
5,1203
17,1203
2,1205
4,1205
14,1206
50,1206
3,1208
2,1210
52,1211
43,1216
24,1217
60,1219
13,1220
21,1221
60,1222
23,1222
33,1222
50,1222
9,1223
15,1223
43,1227
44,1231
46,1232
56,1237
23,1240
30,1243
22,1244
53,1244
40,1248
44,1253
31,1254
32,1254
23,1257
46,1257
41,1258
53,1261
26,1262
3,1269
4,1270
5,1271
32,1271
44,1271
3,1272
5,1273
19,1273
49,1273
4,1274
24,1274
5,1275
43,1275
45,1275
22,1277
31,1277
46,1277
42,1279
46,1284
53,1284
7,1286
19,1286
11,1288
27,1288
15,1291
56,1292
35,1293
57,1294
58,1294
28,1297
16,1301
33,1301
15,1302
35,1303
28,1306
9,1308
22,1309
59,1311
34,1314
22,1316
49,1318
3,1319
5,1320
44,1320
21,1321
50,1322
4,1324
7,1325
5,1326
45,1326
3,1327
4,1328
49,1338
8,1340
41,1342
23,1344
1,1345
15,1345
26,1345
3,1346
4,1347
22,1347
46,1347
1,1348
2,1349
44,1349
57,1349
1,1350
8,1350
2,1351
20,1351
54,1351
43,1352
55,1353
2,1354
5,1354
4,1356
36,1356
5,1357
13,1358
1,1359
3,1359
2,1360
3,1361
26,1361
1,1362
2,1363
4,1363
1,1364
53,1364
4,1365
53,1365
2,1366
44,1367
3,1368
16,1368
55,1371
5,1372
5,1373
19,1375
40,1375
37,1376
40,1379
44,1380
10,1382
26,1382
27,1382
51,1383
38,1384
44,1384
45,1385
7,1386
20,1392
28,1393
17,1394
14,1398
24,1398
42,1398
56,1398
1,1399
42,1399
34,1401
2,1402
1,1405
1,1406
6,1408
9,1408
24,1408
46,1410
2,1411
3,1411
2,1412
57,1412
4,1413
59,1414
5,1415
4,1416
38,1416
41,1417
5,1420
43,1421
3,1422
25,1422
18,1424
10,1426
1,1427
36,1427
1,1428
10,1428
17,1428
2,1430
2,1431
27,1431
1,1432
30,1432
2,1433
35,1438
6,1440
51,1440
60,1441
20,1447
46,1447
51,1449
3,1455
4,1456
27,1456
5,1457
4,1458
3,1459
18,1459
5,1460
26,1460
24,1462
57,1462
38,1463
20,1465
15,1466
29,1466
21,1467
15,1472
55,1475
29,1476
8,1477
58,1479
49,1481
47,1483
8,1487
14,1487
56,1489
3,1490
4,1491
4,1492
3,1493
5,1494
38,1494
5,1496
56,1496
3,1498
4,1499
6,1500
59,1500
1,1501
48,1501
1,1503
2,1505
3,1505
37,1505
2,1506
9,1506
4,1507
1,1509
5,1510
9,1510
10,1510
5,1512
2,1513
12,1513
14,1516
46,1516
3,1524
55,1525
57,1525
4,1526
1,1527
5,1527
11,1527
1,1528
4,1528
55,1528
2,1529
3,1529
2,1530
1,1532
47,1532
5,1533
30,1534
2,1537
24,1537
38,1538
47,1539
3,1541
33,1541
5,1542
38,1542
4,1545
27,1545
20,1546
3,1547
5,1551
4,1553
57,1555
10,1558
57,1559
29,1560
51,1563
41,1564
42,1564
17,1567
1,1568
46,1568
2,1569
21,1571
1,1572
2,1573
45,1574
3,1576
16,1576
44,1576
1,1577
4,1577
13,1577
3,1578
12,1578
2,1579
42,1579
5,1580
5,1581
4,1582
59,1584
30,1588
47,1588
45,1591
33,1592
51,1592
50,1593
3,1599
20,1599
2,1600
5,1600
30,1600
4,1601
5,1604
42,1604
21,1605
4,1606
3,1607
20,1607
44,1608
40,1609
22,1613
12,1615
32,1615
50,1615
54,1617
35,1620
40,1620
25,1622
49,1623
22,1624
3,1627
5,1628
9,1628
57,1628
4,1629
4,1630
26,1633
3,1634
31,1635
5,1636
32,1636
43,1636
47,1637
17,1641
29,1643
3,1644
5,1646
16,1646
4,1647
4,1648
28,1649
1,1650
5,1650
17,1650
29,1650
3,1651
12,1653
26,1653
32,1653
55,1653
2,1655
18,1655
42,1656
1,1657
2,1658
3,1658
54,1658
1,1661
23,1662
2,1663
4,1665
1,1666
2,1667
5,1669
5,1670
3,1671
1,1673
4,1673
37,1673
2,1674
44,1674
1,1675
13,1675
2,1678
17,1680
43,1680
47,1681
48,1687
16,1688
28,1688
29,1688
34,1689
9,1690
54,1690
1,1691
13,1691
50,1691
1,1692
54,1692
2,1693
1,1695
31,1695
55,1695
2,1696
8,1696
39,1696
2,1697
45,1697
12,1698
18,1700
40,1700
7,1702
31,1702
56,1703
53,1704
50,1705
52,1705
46,1706
28,1707
48,1708
44,1709
53,1709
6,1712
6,1713
30,1714
27,1720
45,1721
46,1723
35,1726
49,1727
46,1728
33,1730
44,1732
15,1735
55,1735
20,1738
10,1739
31,1741
57,1741
6,1743
40,1743
52,1745
25,1746
2,1747
39,1748
41,1748
51,1749
57,1749
48,1751
35,1753
8,1754
27,1754
26,1757
37,1759
24,1760
27,1763
55,1764
41,1766
37,1768
15,1769
29,1775
1,1777
1,1778
2,1779
1,1780
2,1782
25,1784
2,1785
51,1785
23,1787
28,1787
58,1788
37,1790
10,1791
54,1793
6,1795
12,1796
16,1797
23,1798
37,1801
3,1809
16,1809
50,1809
58,1810
1,1813
1,1814
5,1814
2,1816
5,1816
1,1817
43,1817
2,1818
18,1818
4,1819
4,1820
2,1821
3,1821
7,1822
21,1826
46,1826
2,1828
22,1828
34,1828
47,1835
33,1838
8,1839
22,1842
1,1846
2,1847
23,1848
1,1849
8,1849
2,1851
1,1852
29,1854
3,1855
2,1856
4,1856
5,1857
5,1858
3,1859
19,1859
4,1860
27,1860
19,1864
27,1866
16,1867
54,1867
48,1868
60,1875
12,1875
3,1876
8,1876
25,1877
51,1877
5,1878
4,1879
3,1881
11,1881
49,1881
39,1882
55,1883
5,1884
4,1886
57,1886
18,1889
43,1890
1,1891
24,1891
57,1891
2,1892
1,1896
53,1896
2,1897
36,1898
1,1900
26,1900
2,1901
32,1901
45,1903
26,1907
1,1911
32,1911
47,1911
1,1912
3,1912
41,1912
5,1913
4,1914
3,1915
4,1916
5,1917
56,1917
2,1921
1,1923
3,1924
5,1925
4,1926
27,1926
2,1927
4,1927
6,1927
46,1927
2,1928
51,1928
39,1929
1,1930
3,1930
5,1932
22,1932
1,1933
34,1933
58,1934
2,1935
1,1937
17,1937
2,1939
41,1939
2,1940
14,1940
43,1943
7,1946
52,1947
14,1949
21,1949
9,1950
50,1950
8,1951
14,1951
44,1954
32,1955
42,1956
27,1957
3,1960
4,1961
5,1964
7,1965
11,1966
1,1967
3,1967
50,1967
11,1968
39,1968
57,1968
1,1969
4,1969
5,1970
39,1971
2,1972
2,1973
19,1973
1,1974
23,1974
40,1974
52,1974
2,1975
3,1977
5,1979
34,1980
41,1981
4,1982
1,1983
5,1984
3,1985
49,1985
4,1986
19,1986
25,1988
1,1991
46,1993
44,1994
46,1998
23,2000
30,2000
44,2000
2,2001
14,2001
23,2001
1,2002
16,2002
24,2002
2,2003
15,2004
18,2004
2,2005
57,2006
60,2007
15,2010
11,2012
54,2016
6,2018
45,2019
9,2022
1,2024
2,2025
57,2025
24,2027
39,2028
1,2029
3,2030
17,2030
19,2030
2,2031
4,2031
1,2032
23,2032
2,2033
3,2034
5,2035
5,2036
45,2036
17,2037
4,2039
12,2039
38,2039
53,2041
38,2042
7,2043
32,2047
7,2048
16,2049
44,2050
43,2056
53,2058
58,2058
42,2059
47,2061
1,2070
31,2070
2,2071
8,2071
1,2072
7,2072
1,2074
2,2075
2,2076
21,2076
46,2076
34,2079
47,2079
36,2082
23,2083
58,2084
21,2088
33,2089
42,2090
44,2091
34,2092
20,2093
4,2095
19,2096
23,2098
14,2099
53,2101
34,2102
39,2102
32,2103
57,2103
45,2104
55,2104
1,2106
13,2106
1,2107
54,2107
2,2108
7,2108
48,2108
1,2109
43,2110
36,2111
50,2111
14,2113
2,2115
38,2115
3,2116
4,2117
30,2117
5,2118
23,2118
56,2118
2,2120
4,2120
6,2120
26,2120
5,2121
3,2122
38,2122
51,2125
1,2126
20,2126
1,2127
3,2127
32,2128
5,2129
39,2132
2,2133
14,2133
47,2133
1,2134
2,2135
4,2135
26,2135
2,2136
16,2136
50,2137
3,2138
15,2138
5,2139
4,2140
38,2142
27,2143
17,2144
21,2146
28,2146
39,2152
22,2159
55,2160
51,2161
38,2166
11,2167
33,2167
5,2169
9,2171
55,2172
25,2173
52,2174
58,2174
6,2175
52,2176
58,2176
28,2181
49,2181
14,2188
10,2189
46,2189
52,2189
8,2191
11,2198
33,2199
52,2201
57,2203
48,2204
33,2206
12,2208
52,2208
26,2211
8,2212
24,2215
20,2216
15,2218
30,2219
23,2221
47,2222
58,2222
7,2224
49,2225
52,2226
46,2227
48,2227
54,2227
20,2228
27,2228
45,2231
51,2231
28,2232
20,2233
10,2234
15,2237
8,2241
59,2241
50,2249
32,2251
52,2253
14,2254
52,2254
15,2256
22,2260
33,2260
43,2261
1,2263
27,2263
50,2263
1,2264
23,2264
38,2264
57,2264
3,2267
4,2268
12,2269
3,2270
2,2271
5,2271
21,2271
45,2272
2,2274
4,2274
23,2274
34,2274
1,2275
5,2275
2,2276
10,2278
55,2280
3,2287
33,2288
4,2289
53,2289
1,2290
5,2292
3,2293
2,2294
4,2294
56,2294
1,2295
1,2296
5,2296
53,2296
2,2299
60,2300
3,2300
2,2301
5,2301
1,2302
5,2302
41,2302
1,2304
10,2304
2,2305
4,2305
53,2305
2,2306
1,2307
4,2308
2,2309
3,2309
27,2309
3,2310
5,2314
57,2315
16,2317
4,2318
34,2320
3,2321
5,2322
4,2325
11,2326
21,2327
11,2329
18,2333
47,2333
16,2334
24,2334
46,2335
56,2335
20,2336
29,2336
53,2336
26,2337
44,2337
3,2339
17,2339
25,2342
12,2343
41,2345
4,2347
40,2347
20,2348
5,2349
5,2350
3,2351
47,2351
4,2352
34,2352
46,2355
1,2357
30,2357
48,2357
14,2358
51,2358
1,2359
10,2359
2,2360
3,2360
23,2360
39,2360
2,2361
57,2361
45,2362
4,2366
22,2366
46,2366
1,2367
25,2367
31,2368
2,2369
5,2370
32,2370
5,2372
30,2372
16,2373
3,2374
22,2375
60,2377
4,2378
14,2378
22,2378
57,2381
3,2382
18,2382
4,2383
3,2384
12,2384
15,2384
5,2385
5,2386
4,2387
42,2387
30,2388
58,2388
11,2389
22,2390
25,2394
29,2395
3,2396
48,2396
4,2397
57,2397
3,2398
9,2398
5,2400
35,2400
5,2401
7,2401
43,2401
40,2402
48,2403
53,2403
44,2404
4,2405
11,2406
40,2406
59,2406
19,2407
39,2408
59,2409
38,2411
32,2414
41,2419
11,2424
28,2429
20,2432
54,2432
3,2433
48,2433
4,2434
3,2436
5,2438
52,2438
5,2440
28,2440
4,2441
1,2444
56,2444
1,2446
13,2446
2,2448
2,2450
12,2450
1,2451
30,2453
8,2455
2,2456
33,2456
16,2457
17,2458
11,2459
12,2462
3,2465
20,2466
1,2468
4,2468
58,2468
1,2469
4,2470
34,2470
55,2470
47,2471
2,2472
3,2473
54,2473
40,2475
5,2476
2,2477
5,2477
30,2477
1,2478
55,2479
2,2480
29,2481
53,2481
11,2482
39,2483
11,2484
44,2484
40,2485
54,2487
1,2488
3,2488
60,2490
17,2490
1,2492
3,2494
4,2495
42,2495
2,2496
5,2496
9,2496
1,2497
2,2499
5,2499
2,2501
1,2502
32,2502
41,2502
46,2502
8,2503
2,2504
50,2504
1,2506
1,2507
44,2507
2,2508
3,2508
2,2509
4,2512
51,2512
23,2514
31,2514
18,2515
32,2515
10,2516
26,2516
10,2517
54,2521
42,2522
9,2524
46,2524
11,2525
31,2525
21,2526
29,2526
24,2527
13,2528
3,2531
19,2531
4,2532
45,2532
1,2534
5,2534
5,2535
47,2535
51,2535
1,2536
2,2537
44,2537
1,2538
8,2538
3,2539
11,2539
4,2540
27,2540
2,2543
2,2544
39,2549
57,2549
8,2555
12,2555
51,2559
3,2563
5,2564
32,2564
4,2566
29,2566
5,2567
51,2567
4,2569
43,2569
50,2569
58,2570
1,2571
51,2571
1,2572
3,2572
2,2573
21,2574
2,2575
43,2576
53,2576
1,2577
16,2577
2,2578
45,2579
59,2580
15,2582
36,2582
57,2582
11,2584
1,2587
17,2587
1,2588
3,2588
35,2588
58,2588
2,2589
4,2589
2,2590
4,2590
1,2591
2,2592
5,2592
3,2593
12,2593
5,2594
10,2595
6,2596
24,2601
22,2605
52,2607
19,2611
21,2611
8,2612
47,2612
8,2614
18,2614
33,2614
6,2615
52,2616
53,2616
54,2618
51,2626
18,2633
15,2634
27,2634
55,2634
59,2634
6,2636
3,2638
26,2638
47,2638
4,2642
26,2642
28,2644
29,2645
5,2646
1,2647
3,2647
17,2647
5,2648
12,2648
1,2650
4,2650
2,2654
42,2654
1,2655
1,2656
58,2656
2,2657
2,2658
45,2660
32,2663
42,2664
47,2665
24,2666
48,2667
25,2672
8,2673
16,2674
31,2676
41,2681
21,2682
32,2683
7,2684
16,2684
8,2686
18,2687
3,2689
10,2690
1,2691
46,2692
25,2694
38,2694
39,2694
33,2696
45,2696
18,2697
34,2697
12,2698
12,2702
3,2703
6,2704
44,2704
5,2705
22,2705
4,2706
5,2708
38,2708
54,2709
4,2710
1,2711
2,2712
40,2712
1,2713
3,2713
51,2714
1,2715
2,2716
39,2716
49,2716
2,2717
7,2718
13,2719
3,2721
8,2722
5,2724
39,2724
5,2725
27,2725
37,2725
48,2726
8,2727
25,2727
4,2728
3,2730
4,2731
10,2732
52,2732
23,2734
24,2734
40,2734
47,2736
6,2738
51,2748
28,2754
1,2755
2,2757
1,2758
40,2759
2,2760
10,2760
1,2761
3,2761
2,2762
4,2762
4,2763
33,2764
49,2764
5,2766
56,2766
3,2768
56,2768
42,2770
5,2772
13,2773
3,2774
5,2775
4,2776
33,2776
5,2777
3,2778
4,2779
21,2781
1,2782
1,2783
3,2783
47,2783
20,2784
28,2784
2,2785
5,2785
4,2787
26,2787
2,2788
3,2788
5,2789
1,2790
2,2791
4,2791
29,2791
33,2792
3,2794
32,2794
5,2795
4,2796
3,2797
4,2798
35,2799
43,2799
12,2800
5,2801
19,2802
14,2806
46,2806
25,2807
27,2808
20,2809
57,2810
36,2812
41,2812
55,2818
18,2819
10,2825
44,2828
26,2829
38,2830
57,2831
7,2832
11,2833
41,2837
28,2838
31,2839
28,2840
42,2842
14,2844
57,2844
18,2849
41,2850
39,2851
3,2854
26,2854
35,2854
1,2857
5,2857
41,2857
5,2858
2,2859
23,2859
4,2860
1,2861
3,2861
41,2861
4,2862
33,2862
49,2862
3,2863
2,2865
5,2865
14,2866
1,2867
40,2867
4,2868
3,2869
4,2870
18,2870
2,2871
5,2871
31,2871
1,2873
23,2873
33,2873
2,2874
24,2874
16,2876
1,2877
2,2879
30,2879
1,2882
18,2883
2,2884
3,2884
5,2885
53,2885
5,2886
4,2887
23,2887
3,2888
14,2888
4,2889
19,2889
3,2890
4,2892
38,2892
46,2894
4,2895
5,2899
3,2900
30,2900
39,2901
5,2902
1,2903
31,2903
2,2904
1,2905
1,2906
2,2908
2,2909
14,2910
6,2914
7,2914
28,2914
48,2917
19,2921
41,2922
41,2924
46,2925
15,2926
50,2931
1,2934
3,2937
12,2937
2,2938
1,2940
4,2940
1,2942
38,2942
43,2942
2,2943
3,2943
31,2943
2,2944
4,2945
55,2945
43,2947
55,2947
13,2948
5,2949
23,2949
48,2949
5,2950
48,2950
52,2950
39,2951
59,2952
23,2953
11,2954
28,2955
56,2957
13,2958
28,2958
11,2960
22,2961
35,2961
40,2966
32,2967
44,2967
45,2967
6,2968
34,2972
6,2973
16,2975
59,2976
22,2978
9,2981
3,2985
9,2985
54,2986
19,2987
51,2988
4,2989
54,2989
4,2990
40,2990
3,2992
5,2993
30,2993
5,2995
37,2995
17,2998
48,3005
55,3005
16,3006
33,3007
37,3007
22,3008
51,3009
3,3017
51,3017
22,3018
28,3018
46,3019
5,3022
21,3022
52,3022
5,3023
26,3024
4,3025
53,3026
4,3027
3,3028
11,3029
28,3032
12,3033
11,3034
1,3036
7,3036
14,3036
1,3037
56,3037
2,3038
39,3038
21,3039
41,3040
7,3041
3,3042
4,3043
5,3045
1,3046
5,3046
13,3046
3,3047
2,3048
51,3048
2,3049
13,3049
4,3051
3,3053
5,3056
4,3057
36,3057
48,3057
59,3059
3,3060
5,3061
4,3062
18,3062
4,3063
60,3067
3,3067
4,3069
5,3070
4,3071
52,3071
54,3072
5,3074
27,3074
48,3075
1,3076
3,3076
2,3078
44,3078
8,3079
1,3081
2,3082
1,3083
37,3083
58,3084
27,3085
2,3086
6,3086
49,3089
12,3090
50,3094
40,3096
12,3097
1,3103
49,3104
2,3106
44,3106
16,3107
34,3107
25,3108
17,3113
19,3113
1,3116
15,3116
1,3117
29,3117
52,3117
49,3119
54,3119
2,3120
2,3122
58,3123
19,3125
51,3125
41,3126
57,3127
30,3129
56,3130
41,3132
25,3135
1,3136
58,3136
2,3137
1,3138
1,3139
23,3141
59,3141
2,3142
33,3142
2,3143
20,3144
33,3144
24,3145
47,3145
16,3146
45,3146
18,3148
47,3150
59,3150
6,3151
39,3151
47,3153
13,3158
30,3161
54,3161
37,3164
31,3165
24,3166
36,3166
54,3166
18,3168
23,3168
1,3170
50,3171
2,3172
1,3174
44,3175
1,3176
12,3177
56,3178
2,3180
2,3182
33,3186
8,3190
40,3190
21,3191
56,3192
10,3194
49,3198
3,3199
4,3201
19,3202
3,3203
11,3203
4,3204
5,3205
5,3206
28,3206
57,3206
20,3209
59,3209
48,3210
42,3212
57,3212
1,3214
2,3216
1,3217
2,3218
45,3218
28,3225
40,3225
45,3225
21,3227
54,3228
1,3229
52,3229
6,3230
12,3230
2,3231
25,3232
46,3232
39,3236
42,3237
45,3237
34,3239
57,3239
3,3240
9,3240
5,3241
22,3241
26,3241
1,3242
4,3242
2,3243
1,3244
4,3244
46,3244
2,3245
1,3246
3,3246
57,3246
58,3246
2,3248
5,3248
18,3248
42,3248
46,3249
51,3249
41,3250
41,3251
22,3255
60,3256
1,3256
11,3256
56,3256
1,3257
2,3258
36,3258
46,3258
1,3259
54,3259
2,3260
2,3261
13,3262
35,3262
6,3263
9,3264
28,3264
30,3264
3,3265
1,3267
5,3267
1,3268
17,3268
2,3269
2,3270
1,3271
30,3271
51,3271
2,3272
31,3272
53,3272
14,3273
4,3274
5,3276
52,3276
53,3276
4,3277
38,3280
55,3281
3,3282
15,3282
19,3283
44,3285
45,3285
46,3285
11,3286
22,3294
49,3294
21,3295
56,3295
28,3296
33,3296
15,3300
55,3301
59,3301
52,3309
3,3311
14,3311
4,3312
5,3313
3,3314
5,3316
47,3316
4,3317
19,3318
24,3320
56,3320
57,3320
30,3321
32,3323
34,3324
51,3325
12,3326
44,3328
10,3331
16,3331
16,3336
46,3339
48,3339
33,3340
7,3341
52,3341
56,3341
3,3342
51,3343
4,3344
12,3344
51,3344
11,3346
48,3346
4,3348
20,3349
37,3349
50,3351
3,3352
5,3353
58,3353
3,3354
5,3356
49,3356
55,3360
22,3361
14,3363
46,3363
56,3363
22,3366
51,3366
19,3367
44,3367
50,3368
15,3370
12,3371
47,3371
53,3371
19,3378
24,3379
55,3379
6,3382
54,3384
25,3389
41,3389
29,3392
31,3396
6,3399
13,3399
13,3402
46,3404
3,3406
16,3407
18,3407
4,3408
5,3409
5,3410
4,3411
3,3412
52,3412
1,3413
4,3413
37,3419
14,3420
22,3422
34,3422
15,3425
40,3427
31,3438
34,3438
36,3438
49,3438
44,3439
3,3443
5,3444
20,3444
4,3445
30,3445
42,3445
4,3446
9,3446
41,3446
14,3447
35,3447
11,3448
53,3449
3,3450
43,3451
5,3452
12,3452
1,3460
1,3461
54,3461
2,3464
1,3465
18,3467
2,3468
2,3469
44,3473
47,3474
59,3475
46,3479
40,3480
35,3481
11,3482
14,3482
6,3486
20,3486
52,3486
3,3489
4,3490
3,3491
5,3492
5,3493
25,3493
38,3493
7,3494
4,3495
55,3495
36,3496
33,3502
35,3502
1,3504
24,3505
22,3506
8,3510
54,3511
22,3512
3,3513
51,3513
50,3514
4,3515
5,3516
28,3516
4,3518
31,3520
5,3521
7,3521
20,3521
3,3522
39,3522
42,3522
13,3524
38,3524
9,3528
17,3528
27,3528
32,3528
52,3528
18,3532
58,3534
56,3537
10,3540
19,3540
25,3542
1,3543
43,3544
2,3545
1,3546
2,3547
1,3548
8,3548
2,3549
7,3549
9,3552
58,3552
1,3553
47,3553
34,3555
2,3556
59,3556
1,3557
2,3558
1,3559
2,3561
12,3561
22,3562
22,3563
41,3563
8,3564
48,3566
50,3566
22,3573
24,3574
47,3577
54,3577
3,3578
7,3578
18,3578
4,3579
5,3581
27,3581
4,3583
1,3584
5,3584
54,3585
2,3588
1,3589
3,3589
2,3590
15,3590
1,3591
2,3592
51,3593
52,3597
32,3598
31,3600
29,3602
3,3607
4,3609
1,3610
4,3610
9,3610
26,3610
1,3612
3,3612
48,3613
2,3615
5,3615
60,3616
23,3616
5,3617
39,3617
1,3620
9,3620
2,3621
2,3623
20,3623
57,3626
37,3627
2,3628
28,3633
37,3634
18,3635
44,3635
1,3636
1,3639
2,3641
16,3641
2,3642
1,3643
2,3644
3,3645
12,3647
27,3647
31,3647
4,3648
11,3649
5,3650
17,3650
58,3650
4,3652
31,3652
3,3653
46,3654
5,3657
46,3658
44,3664
47,3664
48,3664
55,3664
1,3665
3,3666
5,3667
13,3667
4,3668
2,3669
13,3669
14,3670
4,3671
1,3672
5,3672
1,3673
3,3673
32,3675
46,3675
2,3677
2,3678
52,3678
23,3679
1,3680
1,3682
2,3683
6,3683
1,3684
2,3685
2,3686
1,3687
6,3687
55,3687
1,3688
11,3688
58,3688
2,3689
50,3689
2,3690
43,3690
1,3691
2,3692
1,3697
60,3698
52,3698
2,3701
1,3703
1,3704
26,3705
27,3706
2,3708
2,3709
44,3710
2,3712
57,3712
15,3713
35,3714
3,3719
4,3720
47,3720
5,3721
4,3722
12,3722
14,3722
5,3726
60,3727
1,3727
14,3727
35,3727
2,3729
3,3729
1,3730
21,3730
1,3731
41,3731
2,3732
2,3733
10,3735
36,3736
3,3739
1,3740
4,3740
2,3741
5,3741
14,3741
23,3741
1,3742
3,3742
50,3743
5,3745
2,3747
29,3747
4,3748
30,3748
1,3749
10,3749
23,3749
45,3749
2,3750
1,3752
1,3754
2,3756
1,3757
54,3757
2,3758
2,3760
46,3763
51,3766
31,3767
49,3768
3,3771
56,3771
5,3772
5,3773
4,3774
18,3774
12,3775
3,3776
4,3778
27,3778
21,3780
1,3781
1,3782
9,3782
27,3782
2,3783
1,3784
33,3784
48,3784
2,3785
57,3785
2,3787
37,3788
12,3794
55,3794
8,3795
48,3796
19,3797
1,3799
34,3799
49,3799
2,3800
1,3801
14,3801
15,3801
47,3801
2,3802
50,3802
37,3805
1,3807
2,3809
18,3809
33,3809
14,3812
17,3813
18,3813
8,3816
59,3817
43,3818
50,3818
34,3821
23,3822
21,3823
40,3823
52,3824
17,3826
21,3826
45,3828
47,3831
1,3832
16,3832
19,3832
1,3835
6,3835
37,3835
2,3837
50,3838
47,3839
1,3840
48,3840
54,3840
3,3842
2,3843
2,3844
11,3845
42,3845
52,3846
32,3849
1,3851
50,3851
2,3852
53,3852
1,3853
11,3853
1,3854
8,3854
51,3854
2,3856
22,3856
2,3858
14,3860
8,3861
39,3861
3,3863
20,3863
24,3863
58,3864
4,3865
4,3866
15,3868
29,3869
3,3870
5,3871
6,3871
38,3872
38,3874
5,3875
50,3875
21,3876
60,3878
1,3880
30,3880
2,3882
1,3884
1,3885
49,3885
2,3886
2,3887
19,3890
31,3891
56,3892
3,3894
4,3895
15,3895
4,3896
26,3896
57,3897
3,3900
12,3900
5,3901
45,3902
35,3905
5,3906
53,3906
21,3908
1,3909
46,3909
1,3910
59,3910
53,3912
60,3913
2,3913
54,3913
60,3915
3,3915
1,3916
3,3916
2,3917
2,3922
4,3922
50,3923
4,3924
1,3925
5,3925
1,3926
2,3927
5,3927
2,3928
12,3928
29,3928
1,3930
2,3931
6,3931
52,3932
53,3932
55,3932
3,3933
7,3933
8,3938
17,3938
58,3940
1,3941
18,3941
45,3941
49,3942
53,3942
1,3944
22,3945
2,3947
25,3948
17,3950
13,3951
22,3951
1,3952
2,3953
31,3954
32,3955
39,3957
2,3958
1,3959
1,3960
2,3961
40,3961
23,3963
2,3964
59,3964
1,3965
2,3966
7,3967
16,3969
29,3969
60,3971
34,3972
36,3975
49,3976
35,3977
43,3977
52,3977
16,3978
9,3980
19,3983
12,3985
33,3987
9,3989
32,3991
17,3993
42,3993
34,3994
2,3995
46,3995
52,3995
6,3996
51,4001
3,4002
32,4002
8,4003
5,4004
32,4004
10,4006
1,4007
10,4007
21,4007
23,4007
3,4008
4,4008
5,4010
19,4010
38,4010
6,4011
1,4012
3,4013
59,4013
2,4014
4,4014
56,4015
1,4016
50,4016
35,4018
2,4019
2,4021
16,4022
8,4027
38,4027
9,4028
21,4033
35,4038
59,4038
7,4039
26,4039
23,4042
60,4044
1,4045
31,4045
2,4047
43,4047
44,4047
52,4047
1,4048
1,4049
48,4049
7,4051
11,4051
2,4053
43,4053
45,4055
58,4056
2,4057
25,4057
3,4062
32,4063
51,4065
5,4066
5,4067
4,4068
3,4071
4,4072
32,4073
3,4076
4,4078
17,4078
42,4081
5,4084
43,4084
50,4084
4,4088
54,4089
3,4090
20,4090
5,4091
27,4092
37,4094
1,4095
2,4096
1,4097
1,4099
2,4101
28,4101
2,4102
13,4106
10,4108
34,4112
18,4114
53,4117
3,4119
5,4120
15,4127
4,4128
8,4128
3,4130
42,4130
4,4131
32,4131
5,4133
11,4133
16,4133
28,4133
23,4134
3,4136
4,4138
8,4139
5,4140
52,4140
39,4141
4,4142
22,4142
33,4142
39,4142
5,4144
3,4145
10,4149
55,4149
57,4151
54,4154
35,4155
35,4158
1,4165
2,4166
1,4168
1,4170
2,4171
33,4171
2,4172
3,4174
10,4174
4,4175
4,4176
21,4176
53,4176
5,4177
3,4178
43,4178
5,4180
37,4181
15,4182
44,4182
34,4184
1,4185
1,4187
46,4187
52,4187
2,4188
2,4189
1,4190
38,4190
2,4191
1,4193
31,4193
2,4194
11,4194
1,4196
1,4197
2,4198
2,4199
36,4200
16,4203
34,4205
55,4210
20,4211
42,4211
22,4212
49,4213
59,4213
31,4214
35,4222
48,4229
24,4230
55,4230
10,4234
19,4234
11,4235
35,4235
30,4236
3,4237
5,4238
27,4238
32,4238
4,4239
43,4239
55,4240
1,4241
4,4241
2,4242
5,4242
38,4242
56,4242
1,4243
3,4243
59,4243
1,4244
2,4246
2,4247
3,4247
27,4248
41,4249
36,4252
3,4253
4,4255
57,4255
5,4257
47,4257
5,4258
20,4258
7,4259
8,4259
3,4263
30,4264
4,4265
35,4266
7,4271
3,4275
46,4275
5,4276
6,4276
5,4279
14,4279
4,4280
4,4282
24,4282
3,4283
10,4283
35,4283
1,4284
1,4285
2,4287
1,4288
2,4289
2,4290
19,4291
27,4292
40,4296
30,4298
52,4299
36,4300
39,4300
28,4304
38,4305
17,4307
40,4307
59,4308
1,4314
2,4316
13,4316
47,4316
59,4316
1,4317
2,4318
1,4320
2,4321
10,4323
40,4324
8,4326
3,4329
37,4329
5,4330
20,4330
4,4331
37,4331
44,4331
4,4332
53,4333
1,4334
3,4334
14,4334
2,4335
5,4335
1,4339
47,4339
1,4340
2,4342
2,4343
22,4344
52,4347
59,4348
50,4349
26,4351
53,4352
16,4353
29,4353
28,4356
30,4357
51,4357
9,4359
45,4359
23,4361
26,4363
5,4364
41,4364
57,4364
1,4366
27,4366
1,4367
51,4367
2,4372
51,4372
2,4373
1,4374
13,4374
38,4374
2,4375
33,4375
43,4377
1,4379
29,4379
11,4380
33,4380
39,4383
56,4384
1,4385
38,4385
2,4386
2,4388
13,4388
1,4390
2,4393
28,4396
35,4399
1,4400
41,4400
60,4401
1,4402
2,4403
25,4403
1,4404
2,4405
48,4405
2,4407
8,4409
53,4411
23,4412
25,4415
3,4419
40,4420
5,4421
4,4423
21,4423
4,4424
5,4425
27,4425
3,4426
21,4426
7,4430
44,4430
3,4432
28,4433
5,4434
5,4435
53,4435
4,4436
14,4436
20,4436
15,4437
40,4437
4,4438
35,4440
3,4441
4,4441
25,4441
42,4444
2,4445
6,4449
14,4452
33,4453
3,4459
4,4460
3,4461
4,4462
5,4465
59,4465
5,4466
14,4467
51,4467
26,4468
26,4469
28,4469
29,4470
32,4472
8,4476
37,4478
59,4479
8,4480
45,4487
19,4488
3,4490
25,4490
18,4491
4,4492
35,4492
20,4493
3,4495
48,4495
5,4496
5,4497
10,4497
22,4497
1,4498
4,4498
55,4500
6,4501
40,4502
2,4503
30,4504
30,4507
1,4508
33,4509
2,4510
1,4511
2,4513
30,4513
34,4514
36,4516
44,4521
53,4521
32,4524
58,4525
43,4526
13,4529
35,4533
44,4535
44,4536
12,4537
22,4540
50,4552
31,4553
52,4555
1,4559
36,4560
3,4561
8,4561
1,4562
2,4563
54,4563
2,4564
15,4564
58,4565
1,4566
2,4567
7,4567
37,4567
52,4569
39,4570
13,4574
27,4575
20,4578
37,4578
39,4578
45,4579
14,4588
42,4588
53,4588
25,4592
34,4592
43,4592
8,4593
17,4594
14,4600
17,4600
10,4606
1,4612
56,4613
40,4615
43,4615
53,4615
41,4616
1,4617
56,4617
2,4618
6,4619
2,4620
34,4620
3,4621
1,4622
2,4623
1,4625
16,4625
56,4625
1,4626
4,4626
51,4626
2,4627
4,4628
5,4629
6,4629
2,4630
31,4630
3,4631
5,4634
35,4634
1,4636
2,4637
46,4638
16,4639
50,4639
51,4639
52,4642
29,4648
40,4650
21,4651
10,4654
3,4655
17,4655
5,4656
4,4657
3,4658
49,4658
59,4658
5,4661
15,4661
4,4662
1,4664
3,4664
12,4664
1,4665
4,4665
3,4666
2,4667
5,4667
39,4667
2,4669
1,4671
20,4671
53,4671
19,4672
13,4673
16,4673
2,4674
5,4674
18,4674
10,4675
11,4675
52,4675
4,4676
26,4676
39,4677
53,4678
47,4680
51,4681
24,4683
8,4684
38,4684
7,4685
18,4685
1,4686
54,4686
1,4687
33,4687
56,4687
9,4688
24,4688
2,4689
3,4689
4,4690
50,4690
5,4691
5,4692
3,4693
4,4694
2,4695
53,4695
1,4696
17,4698
18,4698
21,4698
2,4699
21,4699
9,4703
24,4705
8,4706
1,4711
38,4711
15,4713
20,4713
2,4714
1,4715
2,4716
1,4717
9,4717
49,4717
58,4720
2,4722
16,4722
47,4724
36,4726
16,4728
39,4728
36,4731
19,4733
22,4734
38,4734
1,4737
32,4737
2,4738
53,4738
17,4739
1,4740
1,4741
49,4743
2,4744
23,4744
50,4744
2,4747
29,4747
52,4749
53,4749
10,4751
1,4752
3,4752
2,4753
5,4753
59,4755
2,4756
5,4757
43,4757
1,4758
46,4758
4,4759
3,4760
4,4761
2,4763
55,4763
11,4764
1,4765
2,4766
42,4766
23,4771
28,4771
22,4776
56,4779
28,4784
43,4785
60,4786
52,4787
12,4788
48,4789
53,4791
38,4793
18,4795
56,4796
33,4798
8,4800
45,4800
27,4801
48,4802
6,4804
30,4806
57,4806
9,4807
39,4807
1,4808
27,4809
48,4810
1,4811
35,4811
2,4812
19,4812
54,4812
2,4813
27,4813
51,4814
1,4815
41,4815
2,4816
9,4818
30,4819
40,4819
1,4821
2,4822
12,4822
1,4823
24,4823
52,4823
2,4824
42,4824
1,4825
2,4826
9,4830
32,4831
10,4834
46,4834
13,4836
6,4838
5,4842
49,4846
53,4847
13,4853
41,4858
7,4859
44,4861
1,4863
8,4865
14,4865
1,4866
27,4866
37,4866
10,4871
2,4873
29,4873
59,4874
22,4876
43,4877
2,4878
58,4878
1,4879
2,4880
29,4880
31,4880
35,4880
18,4881
3,4884
22,4884
43,4885
5,4888
4,4889
60,4890
3,4890
26,4890
56,4890
5,4891
30,4891
1,4892
4,4892
2,4893
45,4893
1,4896
5,4897
22,4897
36,4897
2,4898
48,4898
6,4899
28,4899
3,4900
29,4900
1,4901
2,4902
16,4902
50,4902
5,4903
31,4903
33,4903
57,4903
38,4904
4,4906
4,4907
39,4908
53,4908
3,4910
5,4914
27,4915
45,4915
26,4918
28,4918
29,4923
22,4925
42,4925
30,4928
52,4929
60,4930
46,4931
51,4931
21,4933
21,4934
40,4935
27,4936
3,4941
36,4941
24,4942
44,4943
51,4944
45,4945
59,4947
9,4948
27,4948
59,4949
3,4951
30,4951
5,4952
5,4954
30,4955
4,4956
41,4956
59,4956
57,4957
3,4958
33,4958
1,4959
4,4959
2,4961
13,4961
43,4963
46,4965
25,4969
39,4970
28,4971
3,4972
5,4974
34,4976
4,4979
44,4979
4,4980
5,4981
3,4982
27,4982
49,4982
51,4983
27,4985
42,4986
12,4988
56,4989
12,4990
57,4993
60,4995
28,4996
3,4998
8,4998
5,5000
4,5001
7,5001
5,5002
40,5002
3,5004
4,5005
54,5005
38,5007
60,5009
55,5011
20,5016
9,5018
18,5020
48,5023
53,5023
31,5024
56,5024
28,5028
33,5028
10,5030
57,5030
34,5034
43,5034
56,5034
1,5035
2,5037
1,5038
2,5039
10,5039
1,5041
6,5041
8,5041
27,5041
2,5042
24,5042
47,5043
35,5044
28,5048
48,5050
47,5051
41,5052
57,5053
54,5054
49,5055
3,5056
23,5057
30,5057
50,5057
30,5058
44,5058
5,5059
25,5059
45,5059
56,5059
1,5061
4,5061
1,5062
4,5062
2,5063
5,5064
16,5065
2,5066
19,5066
3,5067
19,5067
1,5068
2,5069
2,5070
45,5070
7,5071
28,5071
34,5076
40,5076
23,5077
23,5078
27,5079
34,5079
21,5080
13,5082
1,5084
7,5085
2,5086
36,5087
35,5089
40,5090
56,5090
22,5091
1,5092
1,5093
57,5093
51,5094
2,5096
30,5096
2,5098
55,5099
1,5101
32,5101
1,5102
44,5102
2,5103
16,5104
2,5105
33,5105
41,5106
1,5107
39,5108
2,5110
27,5110
50,5112
57,5112
14,5115
19,5116
12,5117
18,5117
55,5117
3,5119
11,5122
4,5124
21,5124
22,5124
3,5125
1,5126
5,5126
7,5127
28,5127
46,5127
5,5128
1,5129
4,5131
40,5133
3,5134
1,5135
5,5135
2,5138
4,5138
3,5139
4,5140
1,5142
32,5142
2,5143
33,5144
5,5145
2,5150
18,5152
35,5152
38,5156
33,5157
43,5157
1,5159
38,5159
1,5160
16,5160
23,5163
2,5165
1,5167
6,5168
1,5169
2,5171
26,5172
2,5173
15,5173
23,5174
1,5176
1,5178
22,5179
2,5181
9,5181
1,5182
2,5183
3,5183
1,5184
4,5184
5,5185
2,5186
4,5186
16,5186
1,5187
2,5188
5,5188
32,5188
43,5188
3,5189
60,5191
1,5191
31,5191
10,5192
17,5192
1,5193
56,5194
25,5195
2,5197
26,5197
2,5198
34,5198
29,5199
51,5202
46,5204
8,5205
24,5207
1,5208
57,5208
3,5209
25,5209
5,5210
57,5210
4,5211
6,5211
1,5212
4,5212
3,5213
14,5214
43,5214
2,5215
2,5217
22,5217
5,5218
38,5219
1,5220
3,5221
2,5222
5,5222
5,5223
37,5223
4,5224
3,5227
4,5228
48,5231
40,5232
12,5237
9,5238
33,5239
41,5240
59,5241
16,5244
60,5246
50,5248
27,5249
55,5249
50,5255
25,5257
31,5257
3,5258
26,5258
46,5258
4,5259
50,5259
5,5260
10,5260
4,5261
42,5261
3,5263
5,5264
19,5266
21,5266
50,5272
46,5276
18,5277
1,5280
1,5281
14,5281
37,5282
25,5283
29,5283
2,5284
2,5285
1,5286
27,5286
45,5287
2,5288
10,5290
39,5292
6,5303
28,5303
15,5304
19,5308
13,5309
50,5309
14,5314
23,5318
26,5321
11,5322
6,5324
36,5326
60,5327
17,5328
45,5330
44,5331
10,5332
47,5332
7,5334
33,5335
35,5337
1,5339
53,5340
1,5341
28,5341
2,5343
1,5344
13,5344
53,5346
2,5347
7,5347
36,5348
2,5349
32,5350
16,5352
7,5353
7,5355
2,5358
28,5358
36,5360
60,5362
33,5365
47,5366
2,5367
9,5368
32,5368
3,5370
5,5372
34,5372
39,5372
4,5373
23,5373
3,5374
5,5375
45,5375
4,5379
10,5381
46,5382
1,5384
54,5384
1,5386
3,5386
4,5386
40,5386
2,5387
5,5389
29,5389
1,5391
4,5391
3,5392
2,5393
3,5393
45,5394
16,5395
2,5396
1,5397
52,5397
2,5398
5,5399
1,5400
45,5401
1,5402
8,5402
2,5403
2,5404
36,5405
4,5406
33,5406
11,5407
49,5411
12,5412
57,5417
29,5418
22,5419
35,5419
13,5422
25,5425
50,5425
16,5426
31,5426
47,5426
23,5427
44,5428
11,5429
38,5431
49,5434
32,5435
3,5436
4,5437
58,5437
6,5438
3,5439
4,5440
52,5440
5,5441
17,5441
5,5442
57,5442
50,5444
10,5446
21,5447
24,5453
25,5454
36,5454
49,5456
58,5458
7,5460
36,5461
31,5462
52,5462
47,5463
3,5464
50,5466
4,5467
5,5468
5,5469
34,5470
3,5472
4,5474
35,5474
8,5475
41,5475
49,5478
53,5478
15,5483
1,5485
54,5485
1,5486
36,5486
2,5487
1,5488
2,5491
55,5491
27,5492
28,5492
2,5493
45,5493
50,5496
1,5497
2,5498
1,5499
2,5500
39,5500
1,5501
51,5501
2,5503
60,5505
58,5505
60,5507
3,5508
29,5508
30,5509
4,5510
23,5510
46,5510
8,5511
37,5512
4,5513
40,5513
3,5514
20,5514
59,5514
51,5515
38,5516
49,5519
5,5520
53,5520
59,5520
1,5521
5,5521
1,5522
21,5522
2,5524
33,5527
1,5529
2,5530
2,5533
3,5533
4,5534
3,5535
20,5535
26,5536
54,5536
4,5537
13,5537
5,5538
28,5538
20,5539
37,5539
29,5543
5,5544
54,5544
1,5547
2,5548
15,5548
1,5551
29,5551
57,5551
1,5552
34,5552
46,5553
39,5554
2,5555
18,5555
2,5556
22,5561
19,5563
46,5563
3,5565
17,5565
60,5566
5,5566
11,5567
10,5568
4,5570
46,5571
44,5572
3,5573
4,5574
8,5574
5,5575
11,5575
11,5581
56,5585
20,5586
45,5588
17,5592
3,5603
5,5604
4,5605
4,5606
3,5607
5,5608
30,5608
3,5610
51,5610
4,5611
4,5612
5,5613
60,5614
51,5614
5,5616
8,5616
3,5617
21,5617
20,5618
42,5618
3,5619
4,5620
37,5620
3,5623
42,5623
50,5623
5,5624
46,5624
58,5624
5,5625
4,5627
30,5627
31,5627
36,5627
48,5627
57,5628
41,5629
13,5630
40,5633
45,5635
50,5635
3,5637
5,5638
4,5639
5,5640
4,5642
3,5645
23,5645
44,5645
16,5648
3,5650
20,5650
50,5651
5,5652
4,5653
13,5653
7,5654
4,5655
5,5655
19,5655
3,5658
35,5659
19,5660
45,5660
46,5663
29,5665
4,5666
11,5666
38,5666
15,5667
22,5672
10,5676
41,5677
45,5679
18,5681
28,5683
38,5685
50,5688
17,5691
1,5692
18,5692
2,5694
31,5694
7,5695
1,5696
27,5697
2,5698
1,5701
2,5702
3,5703
1,5705
2,5707
4,5707
35,5707
1,5708
7,5708
38,5709
2,5710
4,5710
59,5710
3,5711
29,5711
1,5712
5,5712
5,5714
6,5714
23,5714
2,5715
8,5716
44,5716
56,5716
18,5717
21,5721
45,5721
45,5722
28,5723
45,5725
46,5727
38,5729
26,5732
58,5732
11,5734
16,5738
55,5739
36,5742
41,5742
48,5743
55,5745
60,5746
1,5751
1,5752
2,5753
39,5753
56,5753
60,5754
2,5754
26,5754
46,5756
48,5756
1,5757
2,5758
26,5762
1,5763
17,5763
23,5764
39,5764
51,5764
38,5765
1,5766
2,5768
1,5769
57,5769
2,5773
26,5775
2,5777
26,5777
10,5779
29,5781
45,5782
3,5783
4,5784
20,5784
11,5785
17,5787
53,5787
5,5788
15,5788
54,5788
33,5789
3,5791
5,5792
55,5792
4,5794
50,5795
22,5801
35,5804
27,5807
13,5808
21,5809
50,5810
48,5811
45,5813
3,5814
48,5814
4,5815
29,5815
59,5817
4,5818
7,5818
5,5821
37,5821
3,5823
5,5824
37,5825
48,5825
59,5825
20,5827
41,5828
18,5831
38,5832
3,5833
5,5834
5,5835
4,5836
4,5838
17,5838
29,5838
3,5839
23,5839
39,5840
3,5843
48,5843
4,5844
5,5845
50,5845
3,5846
58,5847
5,5848
13,5850
2,5851
23,5852
4,5853
36,5853
6,5854
11,5854
21,5857
1,5858
26,5858
60,5859
3,5860
16,5860
34,5860
2,5861
4,5861
10,5861
1,5862
4,5862
32,5862
1,5863
11,5863
29,5863
37,5863
48,5863
2,5865
1,5866
2,5866
3,5867
5,5868
5,5869
31,5870
27,5871
41,5871
50,5872
8,5873
25,5873
3,5874
30,5874
8,5875
30,5875
50,5875
18,5878
53,5879
34,5881
47,5882
1,5884
7,5885
37,5885
1,5886
59,5886
2,5887
12,5888
28,5888
46,5888
1,5890
8,5890
43,5890
2,5892
20,5893
29,5893
2,5894
18,5894
55,5896
55,5897
7,5898
16,5898
49,5898
16,5901
32,5904
24,5907
36,5907
27,5909
6,5912
1,5913
2,5915
32,5915
39,5915
43,5915
1,5916
13,5916
2,5917
1,5918
21,5920
2,5921
13,5924
46,5924
27,5926
18,5928
22,5928
54,5929
56,5929
16,5931
1,5933
32,5933
34,5933
1,5934
6,5936
27,5936
2,5938
53,5938
1,5939
22,5940
31,5940
34,5940
2,5941
27,5941
38,5941
60,5942
47,5943
52,5943
3,5944
14,5944
47,5944
2,5946
5,5946
9,5947
1,5948
4,5949
2,5950
5,5951
8,5951
1,5952
3,5952
54,5952
4,5953
25,5954
1,5955
21,5955
31,5956
48,5956
2,5959
8,5960
18,5961
2,5962
33,5965
8,5966
1,5968
23,5968
57,5968
1,5970
46,5971
2,5972
1,5973
51,5973
2,5974
13,5975
33,5975
2,5976
35,5977
60,5978
25,5979
14,5980
43,5981
13,5982
18,5986
41,5986
23,5989
55,5992
8,5993
26,5993
1,5994
1,5995
1,5998
12,5998
2,5999
49,6000
2,6001
1,6002
2,6003
50,6003
31,6006
16,6007
3,6008
34,6008
8,6009
51,6012
5,6014
37,6014
5,6015
58,6015
4,6018
3,6019
13,6020
4,6021
3,6022
4,6024
3,6025
4,6026
37,6028
52,6028
5,6031
50,6031
5,6032
10,6032
46,6033
1,6034
28,6034
1,6035
31,6036
39,6036
53,6038
16,6040
17,6040
42,6040
43,6040
2,6041
20,6042
1,6043
2,6044
2,6045
14,6046
16,6049
29,6050
1,6051
22,6052
32,6052
1,6053
26,6053
2,6054
1,6055
2,6056
31,6056
2,6057
19,6058
18,6059
47,6059
56,6059
24,6062
14,6065
15,6065
6,6066
27,6068
30,6070
18,6072
40,6074
50,6077
6,6084
37,6089
56,6090
8,6092
54,6092
28,6093
53,6097
55,6099
6,6100
14,6100
1,6102
8,6102
2,6105
8,6105
14,6105
36,6105
1,6106
1,6107
33,6107
11,6108
2,6109
31,6109
41,6110
2,6113
41,6113
52,6113
10,6116
3,6117
4,6119
5,6120
25,6120
12,6121
3,6122
5,6123
4,6124
3,6125
4,6126
9,6126
30,6126
1,6127
11,6127
1,6128
3,6128
32,6128
50,6128
2,6129
10,6129
18,6129
5,6130
23,6130
57,6130
50,6131
5,6132
7,6132
1,6133
4,6134
2,6135
20,6135
52,6135
2,6136
48,6136
8,6137
22,6138
23,6145
13,6146
31,6150
46,6153
17,6161
47,6161
28,6163
23,6164
49,6164
35,6165
50,6166
18,6167
1,6168
3,6169
52,6169
4,6170
22,6170
13,6171
2,6172
5,6172
26,6172
4,6173
1,6174
5,6174
1,6175
2,6176
3,6176
2,6177
28,6177
40,6181
6,6184
48,6187
20,6188
14,6189
15,6197
38,6198
56,6199
51,6202
35,6203
45,6204
19,6205
58,6217
45,6219
23,6221
14,6226
57,6226
1,6229
2,6230
12,6230
30,6230
47,6230
1,6232
2,6234
1,6235
2,6236
14,6238
26,6238
28,6239
30,6240
37,6240
48,6241
15,6245
42,6249
47,6252
51,6252
59,6252
3,6253
4,6254
3,6255
5,6258
5,6259
44,6259
23,6260
47,6260
27,6261
4,6262
30,6262
49,6262
57,6266
13,6267
24,6267
38,6267
29,6269
17,6270
27,6271
31,6275
37,6276
58,6277
51,6278
54,6278
34,6279
60,6284
3,6285
5,6287
4,6288
53,6289
3,6290
5,6291
34,6292
4,6293
13,6296
40,6296
48,6296
7,6299
48,6301
16,6302
30,6305
3,6306
57,6306
26,6307
45,6308
5,6309
13,6309
14,6309
4,6310
24,6312
30,6313
5,6314
3,6315
4,6316
38,6317
55,6317
40,6318
20,6323
15,6324
35,6324
3,6325
10,6325
5,6326
4,6327
38,6328
3,6329
10,6330
16,6330
52,6332
5,6333
4,6336
29,6337
3,6340
56,6340
4,6341
5,6342
42,6342
1,6343
5,6343
3,6344
31,6344
4,6345
51,6346
40,6348
21,6350
37,6352
20,6355
28,6355
3,6356
5,6357
13,6357
4,6358
36,6358
3,6359
37,6359
20,6360
56,6360
4,6362
12,6362
30,6364
52,6364
29,6365
8,6366
27,6367
5,6370
8,6370
15,6370
28,6371
1,6372
1,6373
2,6374
2,6375
25,6375
13,6376
1,6377
17,6377
40,6377
30,6378
53,6379
2,6381
22,6385
50,6386
12,6387
36,6387
54,6390
60,6393
43,6394
42,6395
17,6396
3,6398
4,6399
37,6399
39,6399
4,6400
59,6400
5,6401
6,6401
3,6402
42,6402
5,6403
55,6404
25,6407
6,6408
28,6408
53,6409
56,6409
13,6410
38,6411
42,6412
29,6413
54,6413
12,6414
59,6414
32,6416
34,6416
13,6417
36,6417
56,6420
8,6423
58,6426
28,6427
6,6428
54,6428
7,6431
23,6432
34,6434
51,6434
1,6435
40,6437
10,6438
19,6438
1,6439
8,6439
22,6439
2,6440
29,6440
3,6441
5,6442
44,6442
4,6443
2,6444
3,6444
1,6446
4,6446
12,6446
2,6447
5,6447
41,6450
27,6451
29,6452
36,6454
34,6455
38,6455
14,6456
1,6458
10,6460
19,6460
1,6461
2,6462
1,6463
2,6464
46,6465
41,6467
59,6467
2,6468
9,6468
11,6478
50,6478
3,6479
38,6479
50,6479
4,6480
26,6480
5,6482
15,6483
51,6483
59,6484
18,6485
10,6487
21,6487
35,6487
46,6489
5,6491
13,6492
37,6492
4,6493
34,6493
35,6493
3,6495
52,6496
11,6497
13,6498
30,6499
53,6499
41,6500
32,6501
55,6501
58,6501
44,6502
42,6504
10,6508
33,6508
47,6509
28,6513
34,6513
36,6516
54,6522
1,6526
2,6529
31,6529
1,6530
1,6531
2,6532
25,6532
52,6532
2,6533
46,6537
56,6537
13,6538
14,6539
1,6540
11,6540
12,6540
42,6540
2,6541
10,6541
1,6542
33,6542
1,6544
2,6546
33,6546
2,6548
35,6549
56,6549
23,6553
33,6560
58,6562
3,6563
9,6564
1,6565
29,6566
2,6567
47,6567
4,6568
42,6568
1,6570
4,6570
2,6571
1,6572
3,6572
5,6573
48,6573
2,6574
48,6574
5,6576
52,6577
33,6580
29,6589
10,6590
28,6592
3,6595
4,6596
3,6599
23,6599
5,6600
5,6601
4,6602
38,6606
3,6607
1,6609
5,6610
2,6612
4,6612
1,6613
25,6614
1,6615
3,6616
2,6617
5,6617
2,6618
30,6618
4,6619
6,6619
47,6620
3,6621
5,6623
54,6624
47,6626
4,6627
8,6627
22,6627
3,6629
28,6629
37,6630
48,6630
6,6631
37,6632
59,6633
4,6635
1,6636
5,6636
2,6637
1,6638
10,6640
2,6641
51,6641
3,6643
5,6644
1,6645
30,6645
4,6646
12,6646
54,6647
2,6648
3,6649
21,6650
26,6650
5,6651
13,6651
34,6651
1,6652
4,6652
15,6652
17,6652
1,6653
2,6655
3,6655
26,6656
22,6657
1,6658
4,6658
2,6659
3,6659
2,6660
4,6660
51,6660
5,6661
5,6663
9,6664
58,6664
23,6665
48,6666
58,6666
3,6667
50,6667
4,6668
26,6669
5,6670
13,6670
41,6670
51,6672
17,6674
5,6675
7,6676
21,6677
27,6677
32,6677
3,6678
55,6678
16,6679
4,6680
27,6684
20,6685
1,6688
32,6689
1,6691
2,6694
2,6695
33,6696
1,6699
55,6705
3,6706
29,6706
36,6706
2,6707
4,6707
15,6707
19,6707
5,6708
33,6708
1,6710
4,6710
5,6711
1,6712
3,6712
55,6712
2,6714
1,6716
9,6717
2,6718
2,6720
22,6721
45,6722
24,6723
35,6724
47,6724
30,6727
36,6727
6,6729
21,6731
43,6731
43,6733
10,6734
8,6736
41,6736
55,6736
30,6738
50,6740
54,6742
36,6744
3,6745
58,6745
4,6748
7,6751
30,6751
58,6751
5,6752
34,6752
4,6753
5,6754
10,6754
30,6755
51,6755
34,6756
3,6757
57,6757
1,6761
11,6762
1,6764
35,6764
54,6764
2,6765
1,6766
2,6767
27,6767
2,6768
22,6768
17,6769
42,6769
32,6770
31,6771
60,6772
4,6777
33,6778
10,6782
33,6782
45,6784
49,6785
22,6786
57,6786
52,6787
56,6788
29,6789
11,6792
45,6792
33,6793
53,6793
27,6795
29,6797
59,6797
7,6800
18,6800
30,6800
32,6804
6,6810
46,6810
54,6811
38,6815
42,6820
26,6821
12,6823
54,6824
49,6826
35,6829
60,6833
41,6835
50,6835
37,6840
6,6842
27,6847
50,6848
58,6849
21,6850
1,6855
1,6856
14,6856
2,6858
23,6858
1,6859
2,6861
21,6861
2,6862
3,6862
11,6863
42,6866
7,6867
21,6867
33,6867
4,6868
22,6869
14,6870
5,6871
5,6872
9,6872
21,6872
4,6873
3,6875
11,6875
1,6876
59,6876
2,6877
59,6877
36,6878
1,6880
30,6880
2,6884
1,6886
2,6887
49,6890
26,6894
3,6896
25,6896
5,6897
4,6898
11,6899
17,6900
4,6902
15,6903
3,6904
21,6904
5,6905
49,6906
55,6907
6,6909
26,6909
3,6910
51,6910
35,6911
5,6912
4,6914
33,6915
4,6916
5,6917
28,6917
3,6918
19,6919
43,6919
8,6921
44,6921
3,6924
23,6924
58,6924
59,6924
5,6926
4,6927
5,6928
9,6928
4,6929
3,6930
41,6931
43,6931
28,6932
56,6934
44,6936
55,6936
56,6936
25,6942
26,6943
28,6943
25,6945
40,6945
16,6947
49,6947
5,6950
52,6951
15,6953
20,6954
26,6954
37,6956
38,6957
50,6958
37,6959
10,6960
43,6962
32,6966
39,6966
16,6967
3,6968
25,6969
18,6970
5,6971
4,6972
35,6972
4,6973
42,6973
3,6974
59,6974
1,6977
2,6978
5,6978
29,6978
1,6979
1,6980
2,6982
25,6982
2,6984
18,6984
23,6987
29,6988
20,6989
41,6990
29,6991
1,6992
17,6992
43,6993
1,6994
48,6995
55,6995
2,6996
60,6997
2,6997
21,6997
6,6999
18,6999
1,7000
2,7001
32,7002
36,7006
52,7007
54,7008
3,7009
7,7009
19,7010
55,7013
41,7014
50,7014
28,7015
6,7016
49,7016
45,7017
49,7018
6,7019
16,7019
33,7019
29,7020
37,7022
26,7024
36,7025
3,7026
41,7027
20,7028
29,7028
3,7029
6,7029
4,7030
41,7031
44,7031
4,7032
47,7032
53,7032
5,7033
38,7033
32,7034
44,7034
3,7036
5,7040
44,7042
46,7042
53,7042
13,7045
18,7045
49,7047
52,7047
28,7048
52,7050
1,7051
40,7052
1,7055
23,7057
54,7058
2,7060
24,7060
2,7064
32,7064
1,7065
11,7065
19,7065
26,7066
2,7067
25,7069
41,7071
34,7073
40,7075
52,7080
1,7081
7,7083
1,7084
31,7084
9,7085
2,7087
30,7087
42,7087
45,7087
7,7088
28,7088
42,7088
2,7089
7,7090
27,7090
1,7091
22,7091
31,7091
2,7092
10,7093
49,7095
59,7097
3,7098
14,7098
1,7099
15,7099
51,7100
34,7101
57,7101
2,7102
4,7102
44,7102
1,7103
5,7103
2,7104
1,7105
4,7105
31,7105
2,7106
3,7106
41,7107
5,7108
49,7108
31,7111
1,7112
37,7112
14,7113
24,7114
44,7114
45,7114
1,7115
2,7116
42,7116
2,7117
1,7118
48,7118
2,7119
8,7119
39,7119
1,7120
1,7122
5,7122
2,7123
1,7125
2,7126
2,7127
8,7127
21,7127
23,7129
25,7129
40,7130
46,7131
29,7132
35,7132
37,7133
38,7133
41,7133
54,7136
7,7139
3,7140
12,7141
5,7142
13,7142
27,7142
28,7142
47,7142
27,7143
28,7144
33,7144
48,7144
37,7145
4,7146
12,7146
57,7146
4,7147
5,7148
22,7148
3,7149
22,7154
50,7156
6,7160
45,7162
13,7164
16,7164
22,7165
54,7165
14,7167
44,7167
57,7167
20,7172
41,7173
12,7175
9,7177
50,7177
3,7182
4,7183
41,7183
29,7185
34,7185
5,7186
59,7186
3,7187
50,7187
5,7191
43,7193
4,7195
48,7195
14,7197
55,7198
18,7207
20,7208
36,7208
51,7208
24,7213
31,7213
21,7215
35,7215
20,7218
3,7219
36,7219
4,7220
6,7220
5,7221
5,7223
31,7224
35,7224
28,7225
31,7226
3,7227
1,7228
4,7228
48,7228
1,7229
35,7229
2,7230
21,7230
37,7230
34,7232
1,7233
2,7235
15,7235
2,7236
23,7236
43,7237
34,7239
43,7239
1,7242
24,7243
52,7244
57,7244
2,7246
1,7248
2,7249
16,7249
1,7250
20,7251
59,7251
2,7255
21,7256
22,7258
26,7258
22,7261
27,7262
37,7263
53,7264
25,7265
49,7267
1,7268
7,7268
17,7268
20,7269
45,7269
1,7271
14,7271
59,7271
2,7272
2,7273
1,7274
34,7275
2,7276
31,7276
45,7278
12,7281
1,7284
1,7285
2,7286
13,7286
18,7287
1,7288
32,7288
2,7290
2,7292
16,7292
26,7292
55,7294
1,7295
60,7296
39,7296
2,7297
37,7297
1,7298
45,7298
57,7300
2,7301
40,7301
1,7303
2,7304
18,7310
53,7315
37,7320
6,7323
32,7323
43,7323
47,7323
56,7324
22,7325
48,7328
1,7330
43,7330
1,7331
20,7331
20,7333
2,7334
15,7334
43,7334
3,7335
50,7335
2,7337
3,7338
1,7340
47,7340
4,7341
6,7341
19,7341
2,7342
5,7342
5,7343
46,7343
4,7344
3,7346
3,7347
42,7347
46,7347
60,7348
23,7348
5,7349
14,7349
44,7349
52,7349
5,7351
12,7351
53,7351
3,7352
4,7352
3,7353
51,7354
58,7354
4,7355
37,7356
49,7357
3,7359
33,7359
4,7360
3,7363
5,7364
47,7364
4,7365
57,7367
23,7368
44,7368
43,7369
5,7370
53,7372
55,7372
1,7374
12,7374
1,7375
2,7377
12,7377
16,7377
2,7378
19,7378
34,7379
1,7380
41,7380
2,7382
45,7385
17,7386
49,7386
25,7387
52,7393
48,7395
1,7399
48,7400
54,7401
2,7402
16,7404
36,7404
42,7404
38,7405
1,7406
30,7408
56,7408
1,7410
55,7410
2,7411
2,7412
3,7412
46,7413
5,7415
4,7417
35,7417
5,7418
1,7419
3,7419
25,7419
4,7420
22,7420
55,7420
2,7421
41,7421
18,7422
41,7422
42,7422
1,7423
2,7424
23,7425
1,7427
2,7428
10,7429
1,7432
2,7433
47,7433
47,7434
45,7435
3,7436
26,7436
1,7437
5,7437
4,7438
47,7438
4,7440
10,7440
5,7441
2,7442
1,7443
2,7445
7,7445
3,7446
51,7446
11,7449
21,7449
24,7449
48,7451
57,7451
56,7452
8,7453
26,7456
15,7457
38,7457
3,7458
39,7461
6,7463
13,7463
53,7466
3,7467
4,7468
40,7469
27,7470
49,7471
3,7472
32,7472
55,7472
4,7473
5,7474
5,7476
33,7477
55,7477
17,7480
55,7482
13,7486
10,7487
10,7488
7,7489
49,7491
37,7493
3,7494
4,7496
27,7496
27,7497
4,7500
14,7500
48,7500
4,7501
5,7505
5,7506
5,7507
23,7507
3,7508
60,7509
22,7512
48,7512
50,7517
60,7521
40,7522
50,7522
53,7522
14,7526
22,7531
23,7532
47,7534
58,7534
16,7535
11,7539
28,7539
9,7541
13,7545
57,7545
45,7547
41,7548
24,7554
21,7557
39,7558
1,7559
20,7559
35,7560
39,7561
1,7562
27,7562
41,7562
2,7563
49,7564
3,7565
2,7566
37,7566
49,7567
4,7568
3,7569
18,7569
1,7570
60,7571
2,7572
9,7572
4,7573
5,7574
5,7575
1,7576
36,7576
51,7578
58,7578
32,7579
38,7580
24,7581
38,7581
1,7583
29,7583
54,7583
2,7584
8,7585
2,7588
59,7588
1,7589
44,7589
47,7590
2,7591
3,7591
31,7591
5,7592
42,7592
41,7593
4,7594
5,7597
9,7598
3,7599
36,7599
4,7600
28,7601
37,7601
54,7601
15,7603
54,7606
43,7607
29,7608
31,7608
14,7609
35,7609
12,7611
47,7611
56,7615
3,7617
54,7617
5,7618
52,7619
15,7621
4,7622
3,7623
4,7624
45,7625
46,7626
5,7627
42,7628
2,7629
16,7629
9,7630
27,7630
45,7630
5,7632
23,7632
29,7632
8,7634
19,7637
17,7639
23,7639
17,7642
36,7643
11,7648
13,7649
3,7650
4,7651
22,7651
28,7652
14,7653
5,7654
24,7655
5,7658
4,7659
3,7660
32,7660
39,7660
9,7665
29,7665
3,7669
11,7672
54,7672
5,7673
4,7674
14,7674
3,7675
5,7677
4,7678
56,7679
41,7681
14,7682
30,7682
28,7683
56,7683
13,7685
23,7685
11,7686
53,7686
35,7690
40,7691
33,7693
3,7696
16,7698
4,7699
6,7699
57,7700
5,7702
4,7703
3,7705
7,7705
26,7706
36,7706
44,7706
5,7707
8,7710
1,7711
3,7715
29,7715
5,7716
57,7716
51,7717
4,7718
1,7719
5,7719
2,7720
2,7721
4,7723
33,7723
1,7724
3,7724
2,7727
37,7727
38,7729
53,7729
43,7730
53,7730
22,7732
12,7734
13,7734
20,7734
52,7734
14,7748
39,7749
39,7750
17,7751
1,7753
2,7754
35,7754
1,7755
1,7756
2,7760
30,7760
2,7761
8,7761
14,7761
1,7762
14,7763
1,7764
7,7765
47,7765
2,7766
2,7768
57,7768
1,7770
2,7771
56,7771
10,7772
7,7773
58,7773
1,7774
1,7775
54,7775
2,7776
1,7777
3,7777
31,7777
4,7779
23,7779
2,7780
5,7780
10,7780
10,7781
3,7782
13,7783
21,7783
2,7784
5,7784
49,7784
1,7785
7,7785
1,7786
2,7787
4,7787
2,7788
11,7788
1,7789
3,7790
2,7791
5,7791
4,7793
11,7793
46,7793
16,7796
4,7797
3,7798
54,7798
15,7799
36,7799
5,7800
60,7801
20,7803
26,7803
29,7804
6,7805
1,7806
26,7806
3,7807
1,7808
27,7808
2,7809
3,7809
43,7809
1,7810
2,7811
29,7811
38,7811
4,7812
2,7813
4,7816
41,7816
5,7818
5,7819
3,7821
8,7821
52,7826
38,7827
8,7829
43,7830
1,7832
6,7832
26,7832
1,7833
28,7833
2,7834
44,7834
2,7835
23,7835
1,7836
17,7837
2,7838
47,7838
45,7840
52,7842
23,7848
25,7849
56,7849
44,7850
16,7852
23,7854
21,7856
19,7857
19,7858
21,7863
31,7867
57,7869
48,7872
3,7878
1,7879
5,7879
1,7880
35,7880
5,7881
2,7883
4,7883
1,7885
3,7885
14,7886
2,7887
4,7887
22,7888
51,7888
2,7889
31,7889
34,7890
44,7890
53,7890
23,7892
1,7894
11,7895
32,7895
3,7896
1,7897
5,7897
57,7897
2,7898
4,7900
2,7901
5,7901
1,7902
2,7903
4,7905
10,7905
3,7906
12,7907
31,7909
36,7911
7,7912
10,7912
12,7912
40,7913
42,7917
45,7920
37,7921
1,7923
15,7923
1,7924
2,7925
23,7929
1,7931
37,7931
2,7933
15,7933
34,7934
2,7935
46,7936
40,7938
42,7939
57,7943
56,7945
36,7946
3,7947
4,7948
4,7949
5,7950
26,7950
43,7950
3,7952
41,7952
5,7953
33,7954
34,7955
15,7956
53,7957
57,7957
8,7958
1,7962
1,7963
2,7964
26,7964
41,7964
1,7965
43,7965
47,7966
51,7966
2,7968
2,7969
56,7969
19,7970
17,7972
52,7972
45,7975
13,7976
14,7976
36,7976
41,7978
17,7990
45,7992
40,7994
58,7994
50,7997
8,8003
37,8006
7,8007
54,8008
25,8014
30,8016
19,8017
1,8019
1,8021
57,8022
2,8023
15,8024
1,8025
2,8026
17,8026
6,8027
48,8027
53,8028
24,8029
2,8030
11,8030
17,8033
51,8036
24,8037
9,8038
10,8038
41,8043
40,8045
45,8045
7,8051
9,8052
15,8054
13,8061
41,8063
11,8064
15,8064
26,8068
26,8071
16,8072
39,8073
55,8074
8,8075
13,8077
28,8078
28,8080
52,8081
15,8083
40,8083
22,8084
46,8085
6,8086
44,8086
21,8088
47,8090
60,8092
12,8094
60,8095
13,8095
51,8096
59,8097
45,8098
3,8101
32,8102
17,8103
22,8104
4,8106
5,8108
9,8108
33,8109
4,8111
5,8112
48,8112
33,8113
3,8114
35,8116
16,8119
38,8119
27,8123
48,8125
8,8126
11,8126
39,8126
59,8126
9,8129
43,8129
50,8129
32,8130
49,8131
39,8132
43,8132
18,8135
57,8135
38,8137
18,8138
25,8138
35,8138
19,8140
15,8142
32,8142
11,8143
3,8148
56,8151
59,8152
4,8153
37,8153
3,8155
48,8155
5,8157
5,8158
7,8158
54,8158
4,8159
32,8159
3,8161
42,8161
37,8162
59,8162
56,8163
36,8166
53,8166
4,8167
16,8167
18,8168
37,8168
5,8169
7,8169
1,8170
24,8170
1,8171
5,8171
2,8173
4,8173
34,8173
51,8173
2,8174
3,8174
25,8174
1,8176
14,8176
2,8177
32,8177
1,8184
1,8185
3,8185
6,8185
2,8186
3,8186
1,8187
5,8188
2,8189
5,8189
4,8190
2,8191
4,8194
57,8194
3,8195
38,8197
35,8198
59,8199
29,8202
46,8203
43,8211
24,8212
18,8216
36,8216
36,8218
7,8221
48,8223
6,8224
3,8225
6,8225
56,8226
5,8227
30,8227
49,8228
5,8229
4,8230
22,8231
27,8231
4,8232
3,8234
11,8235
36,8236
14,8240
19,8241
10,8242
50,8244
49,8251
58,8253
38,8254
12,8255
29,8255
34,8256
46,8256
47,8256
12,8258
1,8266
23,8266
34,8266
2,8268
3,8268
47,8269
1,8270
23,8270
1,8271
2,8272
30,8272
2,8273
11,8273
52,8273
5,8274
5,8278
4,8279
7,8280
3,8281
43,8281
4,8282
59,8285
58,8286
3,8290
4,8291
5,8293
23,8293
4,8295
3,8296
41,8296
11,8300
5,8301
25,8302
40,8302
14,8303
46,8303
58,8303
31,8307
42,8307
58,8308
13,8309
28,8309
37,8309
49,8309
7,8310
21,8310
9,8311
30,8311
37,8312
42,8312
10,8318
46,8318
25,8323
40,8323
20,8326
29,8326
38,8326
50,8326
6,8328
33,8328
7,8331
20,8331
42,8332
32,8333
27,8334
60,8335
19,8335
6,8338
44,8341
10,8342
38,8342
3,8344
4,8346
48,8347
3,8348
4,8349
5,8350
40,8351
47,8351
5,8352
52,8352
31,8353
46,8354
10,8355
39,8358
18,8361
10,8364
32,8366
45,8369
55,8369
60,8371
50,8376
15,8380
32,8383
29,8388
23,8392
34,8393
43,8393
19,8394
25,8395
3,8404
5,8405
4,8406
6,8406
4,8407
3,8408
55,8409
32,8410
1,8411
5,8411
1,8413
2,8414
58,8414
1,8417
36,8417
51,8417
2,8419
6,8419
2,8420
11,8422
25,8423
6,8427
41,8428
42,8428
57,8431
1,8435
2,8438
5,8438
19,8438
59,8438
1,8439
1,8441
26,8441
9,8442
2,8443
2,8445
47,8447
41,8448
49,8448
56,8449
1,8450
2,8451
22,8452
54,8452
1,8453
60,8455
1,8455
52,8455
9,8456
2,8457
2,8458
59,8468
1,8469
2,8470
1,8471
31,8471
53,8472
1,8473
17,8473
2,8474
60,8475
37,8475
50,8475
2,8476
3,8478
25,8479
4,8480
3,8482
5,8485
4,8486
5,8487
49,8487
12,8488
9,8489
18,8493
39,8493
41,8494
52,8495
22,8496
53,8498
56,8498
12,8500
37,8500
24,8502
6,8503
21,8505
40,8506
1,8507
1,8508
2,8509
33,8509
1,8511
2,8512
56,8515
8,8517
36,8517
2,8518
51,8518
22,8519
36,8519
13,8522
1,8523
53,8524
23,8525
20,8526
33,8527
55,8527
48,8529
54,8530
38,8534
35,8535
55,8538
1,8539
59,8539
2,8540
49,8540
1,8541
38,8542
53,8545
2,8547
47,8548
1,8551
2,8552
12,8553
38,8553
3,8557
4,8558
17,8559
52,8559
4,8560
3,8562
37,8562
2,8564
5,8565
28,8566
54,8566
5,8567
12,8567
37,8569
39,8570
3,8571
5,8572
17,8572
25,8572
4,8573
23,8573
4,8574
7,8575
3,8576
5,8579
27,8583
58,8583
22,8584
1,8585
1,8586
42,8588
59,8588
46,8589
2,8591
14,8591
1,8592
45,8592
35,8593
2,8594
32,8594
2,8595
59,8597
3,8599
13,8599
39,8599
5,8600
1,8601
4,8602
29,8602
38,8602
4,8604
60,8605
5,8605
22,8605
3,8607
12,8609
43,8609
1,8610
58,8611
1,8612
16,8614
50,8615
2,8616
2,8618
49,8619
3,8620
34,8621
5,8622
1,8623
4,8623
42,8623
5,8624
27,8624
59,8624
46,8625
4,8628
9,8629
2,8630
3,8630
39,8630
42,8630
60,8631
1,8631
2,8632
9,8633
32,8637
53,8639
1,8640
1,8642
55,8642
37,8644
2,8645
2,8647
3,8649
5,8651
4,8653
12,8653
19,8653
1,8655
4,8655
25,8655
5,8656
33,8656
3,8657
34,8657
2,8658
1,8661
41,8661
38,8662
1,8663
2,8664
25,8666
55,8666
18,8667
2,8670
12,8673
56,8674
23,8677
27,8678
3,8680
38,8680
4,8681
48,8681
3,8682
37,8682
4,8686
55,8686
59,8686
5,8687
16,8688
5,8689
59,8695
37,8702
22,8704
32,8704
1,8707
2,8709
11,8709
1,8710
25,8710
44,8710
55,8710
2,8712
47,8712
1,8713
2,8717
1,8718
35,8719
56,8720
1,8722
10,8723
23,8726
45,8728
51,8729
2,8730
20,8730
37,8731
2,8732
23,8733
7,8735
23,8735
45,8736
1,8737
10,8737
31,8739
2,8740
42,8740
40,8742
54,8742
49,8743
28,8744
29,8745
41,8746
10,8748
49,8749
23,8751
22,8752
26,8753
14,8755
29,8755
39,8755
15,8759
25,8762
26,8762
51,8762
28,8768
23,8769
24,8773
3,8774
17,8776
34,8778
42,8780
58,8781
3,8785
32,8793
46,8793
50,8794
12,8797
27,8798
11,8799
1,8801
2,8803
1,8804
7,8804
56,8805
29,8806
2,8807
20,8807
1,8808
2,8810
23,8813
27,8813
7,8814
41,8814
2,8816
18,8817
23,8817
59,8820
8,8821
21,8821
44,8821
39,8823
25,8828
51,8831
53,8840
36,8844
18,8846
28,8849
60,8857
12,8860
32,8862
58,8863
44,8866
46,8866
26,8869
14,8871
58,8873
40,8875
27,8880
47,8880
14,8883
53,8887
16,8889
31,8889
3,8892
5,8894
4,8895
44,8895
30,8896
47,8899
13,8900
5,8901
3,8903
20,8903
4,8904
42,8911
53,8911
44,8915
25,8918
46,8920
3,8921
24,8922
5,8923
11,8924
33,8924
38,8925
14,8926
4,8927
5,8928
7,8928
59,8928
4,8929
48,8930
3,8932
49,8933
53,8933
59,8933
11,8934
10,8935
18,8936
34,8938
35,8938
33,8939
31,8941
21,8944
33,8945
51,8945
27,8948
59,8949
24,8951
9,8956
17,8956
41,8956
1,8957
39,8958
1,8959
19,8961
51,8961
2,8962
17,8962
37,8963
58,8963
2,8964
21,8964
52,8965
1,8968
11,8968
33,8968
2,8970
46,8972
7,8974
39,8975
53,8975
17,8978
59,8979
57,8981
13,8986
40,8986
48,8992
52,8992
14,8998
32,8998
49,9002
5,9003
41,9003
46,9003
23,9005
24,9005
3,9006
14,9009
1,9010
4,9010
40,9010
1,9011
5,9011
5,9014
3,9015
4,9016
19,9016
35,9016
10,9018
21,9018
46,9018
2,9020
15,9020
2,9023
8,9023
1,9024
50,9024
2,9025
6,9025
14,9027
51,9027
50,9029
3,9030
4,9031
8,9031
43,9031
4,9032
53,9032
5,9034
26,9035
5,9036
3,9037
22,9037
27,9038
17,9043
1,9044
32,9044
44,9044
25,9046
18,9047
37,9047
42,9048
50,9048
2,9049
19,9050
10,9051
1,9052
29,9052
55,9052
2,9053
9,9055
1,9056
26,9056
2,9057
9,9058
17,9060
13,9062
30,9062
37,9062
51,9063
49,9064
13,9069
19,9069
44,9073
9,9075
59,9083
8,9084
35,9084
11,9087
40,9089
50,9091
55,9092
1,9093
42,9093
1,9094
18,9095
2,9096
3,9096
2,9097
4,9097
49,9097
5,9098
16,9098
1,9099
50,9099
2,9101
3,9102
5,9103
45,9103
4,9104
39,9104
1,9107
16,9107
33,9107
2,9111
1,9113
47,9114
1,9115
12,9119
55,9119
39,9120
2,9123
8,9123
41,9123
2,9126
27,9126
14,9129
1,9133
2,9134
4,9134
1,9135
3,9135
9,9135
1,9136
5,9136
48,9136
4,9137
8,9137
46,9137
3,9138
11,9138
5,9139
2,9140
51,9140
54,9140
40,9141
4,9142
22,9142
38,9142
2,9143
15,9144
21,9144
38,9144
53,9146
46,9147
16,9148
30,9148
44,9150
53,9153
1,9154
29,9154
2,9156
12,9157
1,9158
53,9158
10,9159
42,9161
1,9163
2,9164
2,9165
32,9167
29,9168
38,9168
40,9169
23,9170
1,9171
50,9171
2,9172
1,9174
43,9174
1,9175
33,9175
2,9176
3,9178
38,9179
48,9179
5,9180
50,9180
4,9181
2,9182
18,9182
47,9182
3,9183
17,9183
49,9185
5,9186
51,9187
13,9188
32,9188
38,9188
43,9188
54,9189
4,9192
3,9193
4,9194
3,9195
19,9195
5,9196
25,9196
46,9196
18,9197
5,9200
46,9200
4,9201
43,9205
31,9209
49,9211
55,9211
47,9213
16,9215
35,9216
31,9217
32,9217
3,9218
51,9218
42,9220
55,9220
19,9221
4,9222
1,9223
5,9224
17,9224
4,9225
2,9226
5,9227
3,9228
33,9228
29,9230
3,9231
55,9231
4,9232
29,9232
1,9233
5,9233
3,9235
33,9235
1,9236
5,9236
2,9237
2,9238
56,9238
4,9239
11,9240
48,9241
56,9241
31,9243
57,9247
1,9248
2,9250
1,9251
2,9252
37,9253
1,9255
2,9256
16,9256
51,9258
30,9259
31,9259
45,9259
16,9260
14,9262
30,9263
54,9270
11,9271
43,9271
41,9272
16,9275
3,9278
8,9278
31,9279
4,9281
16,9281
3,9283
5,9284
46,9285
5,9287
19,9289
4,9290
40,9291
58,9293
35,9295
18,9296
8,9297
16,9299
7,9302
14,9302
18,9304
21,9304
44,9305
52,9306
39,9309
35,9311
47,9311
20,9317
39,9318
6,9319
44,9319
48,9325
35,9326
16,9327
29,9327
31,9327
50,9328
18,9329
38,9329
1,9331
16,9332
1,9333
2,9334
1,9335
2,9336
50,9336
2,9338
18,9340
17,9346
6,9348
5,9352
33,9355
56,9356
27,9358
14,9367
52,9368
6,9370
37,9371
42,9375
3,9379
3,9380
5,9380
5,9381
11,9382
57,9382
15,9383
41,9383
56,9383
55,9384
4,9385
6,9385
21,9386
3,9387
4,9388
21,9390
43,9392
37,9394
16,9395
49,9397
18,9401
59,9401
27,9405
41,9406
7,9408
51,9409
53,9411
44,9412
10,9413
1,9414
1,9415
22,9415
45,9415
2,9416
1,9418
47,9418
53,9418
7,9419
10,9419
29,9419
31,9419
53,9419
2,9420
2,9423
16,9424
46,9426
49,9426
36,9428
27,9429
23,9430
10,9434
40,9434
23,9435
59,9435
3,9436
53,9436
59,9437
4,9438
11,9438
35,9438
55,9439
5,9440
27,9440
3,9441
50,9443
5,9444
34,9444
4,9446
20,9446
47,9446
28,9451
56,9452
16,9454
27,9455
58,9455
15,9458
27,9458
37,9458
31,9459
8,9460
38,9460
59,9463
15,9465
11,9467
8,9472
1,9476
36,9476
57,9476
2,9478
1,9479
10,9479
24,9479
2,9480
11,9481
47,9481
42,9482
52,9482
1,9483
54,9483
2,9484
20,9484
49,9485
55,9486
11,9487
38,9487
37,9488
55,9488
13,9491
22,9491
37,9492
41,9494
16,9496
9,9497
55,9497
13,9498
12,9500
35,9500
55,9504
48,9506
37,9510
1,9514
26,9514
39,9515
1,9517
20,9517
2,9520
2,9521
1,9522
38,9523
51,9523
2,9524
58,9525
36,9527
11,9529
7,9533
35,9533
55,9533
40,9535
53,9535
60,9536
56,9540
24,9542
3,9543
5,9544
8,9544
44,9545
4,9546
24,9547
3,9548
13,9548
39,9548
51,9548
8,9549
56,9550
1,9551
36,9553
5,9554
14,9555
4,9556
25,9556
3,9557
57,9557
4,9558
20,9560
58,9560
10,9561
44,9561
3,9563
50,9563
5,9565
26,9565
4,9566
22,9566
5,9568
27,9570
54,9570
26,9571
39,9571
59,9571
26,9573
37,9575
47,9575
1,9580
39,9581
1,9582
34,9582
13,9583
2,9584
1,9585
50,9585
2,9588
2,9590
23,9590
14,9591
3,9592
38,9593
4,9594
4,9595
27,9595
5,9597
5,9598
49,9598
3,9599
17,9602
1,9603
11,9603
48,9603
1,9605
40,9607
2,9608
2,9610
43,9610
1,9611
39,9611
2,9612
28,9612
52,9613
26,9615
60,9618
58,9618
31,9630
23,9633
29,9634
18,9637
46,9644
2,9650
21,9651
14,9653
47,9656
56,9659
37,9660
41,9662
15,9663
46,9665
11,9666
31,9673
19,9677
3,9683
15,9684
5,9685
59,9685
30,9686
46,9686
5,9687
35,9687
4,9688
16,9688
40,9688
4,9689
3,9691
46,9692
1,9695
7,9695
2,9699
3,9700
4,9701
7,9701
1,9702
5,9702
13,9702
1,9703
2,9704
3,9704
8,9704
5,9705
2,9707
4,9707
46,9707
14,9708
12,9710
21,9713
26,9714
31,9714
43,9714
33,9717
31,9720
45,9721
1,9722
2,9724
1,9725
17,9725
18,9726
2,9727
1,9735
8,9739
11,9739
41,9741
10,9744
2,9745
3,9745
57,9745
37,9746
5,9747
28,9747
5,9748
4,9750
4,9752
6,9752
35,9752
43,9752
3,9753
43,9755
55,9756
1,9760
2,9761
46,9762
14,9763
1,9766
1,9767
2,9770
30,9771
2,9772
36,9775
60,9780
55,9783
42,9785
26,9786
35,9790
60,9791
3,9791
18,9791
21,9791
5,9792
4,9793
40,9793
41,9794
57,9794
1,9795
3,9795
5,9796
2,9797
4,9798
8,9798
1,9800
3,9802
4,9802
4,9803
48,9803
8,9805
43,9805
1,9806
5,9806
2,9807
8,9807
2,9808
4,9809
1,9810
5,9810
15,9810
33,9810
3,9811
40,9811
2,9812
49,9812
1,9813
1,9814
47,9815
42,9816
6,9820
39,9820
2,9823
36,9823
40,9823
45,9825
2,9826
7,9826
21,9827
51,9827
1,9831
21,9831
2,9833
3,9833
54,9833
1,9835
22,9837
2,9840
1,9841
24,9841
2,9843
21,9843
52,9843
8,9844
1,9845
25,9845
22,9846
60,9847
46,9847
1,9848
6,9849
2,9850
25,9851
1,9852
59,9852
2,9853
11,9853
31,9853
2,9854
50,9855
50,9859
12,9860
47,9864
3,9865
60,9868
53,9868
15,9869
22,9869
44,9869
57,9870
57,9872
59,9875
57,9876
30,9877
4,9879
53,9879
5,9880
38,9883
51,9884
4,9886
7,9888
46,9888
3,9889
23,9889
50,9890
32,9892
5,9893
44,9896
18,9897
17,9898
29,9898
44,9900
23,9905
37,9906
60,9907
48,9907
58,9909
6,9911
31,9911
23,9915
17,9916
3,9918
51,9918
1,9919
5,9919
42,9919
57,9919
1,9921
2,9922
45,9922
57,9922
51,9924
56,9924
2,9925
29,9925
45,9925
1,9926
38,9926
57,9926
2,9927
29,9928
47,9928
11,9931
56,9931
4,9932
4,9933
9,9933
3,9934
48,9934
5,9935
40,9936
48,9942
35,9946
41,9950
60,9952
3,9952
5,9953
39,9953
48,9955
4,9958
19,9958
47,9959
5,9960
44,9960
49,9960
51,9960
4,9961
3,9962
20,9963
47,9964
3,9967
21,9967
4,9968
4,9970
19,9970
27,9970
59,9970
30,9972
42,9972
41,9973
5,9974
3,9975
5,9976
6,9978
23,9979
27,9985
56,9987
13,9988
32,9988
13,9993
49,9994
53,9996
