59,1
87,1
84,2
83,4
72,5
84,6
94,6
41,7
43,8
34,9
44,11
69,11
1,12
32,12
63,12
39,13
2,15
2,16
1,17
1,18
79,19
3,20
48,20
66,20
73,20
2,21
37,21
39,21
25,22
30,22
2,23
4,23
35,23
5,24
54,24
3,25
76,26
5,27
24,27
30,27
73,27
4,28
46,29
47,29
82,31
100,32
32,33
99,33
28,34
64,35
5,37
94,37
16,38
25,38
61,39
13,40
36,42
70,42
54,43
14,44
73,44
60,46
92,46
91,47
21,49
7,50
45,52
6,53
79,53
27,54
90,55
63,56
78,56
32,57
75,57
80,57
57,58
6,59
27,60
85,61
98,61
1,64
1,65
33,65
97,65
2,66
10,66
11,66
16,66
62,66
67,66
100,67
2,67
6,67
55,67
27,68
61,68
77,69
85,69
1,70
2,71
80,72
13,73
55,73
14,74
39,74
81,74
1,75
91,75
1,76
62,76
2,79
44,79
17,80
86,80
2,81
27,81
45,81
91,81
1,82
3,82
16,82
35,82
2,83
4,83
38,83
5,85
49,85
59,85
89,86
4,87
3,89
58,90
5,91
37,91
59,91
25,92
3,94
74,94
5,95
5,96
44,96
97,96
4,97
52,97
67,97
4,98
3,99
6,100
14,100
80,101
86,101
73,103
54,105
15,107
61,108
90,108
79,109
96,109
3,110
92,111
73,112
69,113
71,114
14,115
74,115
82,115
1,116
6,116
1,118
42,118
59,118
53,119
2,120
1,121
17,121
2,122
58,125
83,125
92,125
34,126
45,126
2,128
21,128
65,130
3,132
8,132
93,133
80,134
12,135
64,135
30,137
65,138
45,139
82,141
3,142
89,142
5,143
41,144
68,144
89,144
4,145
3,146
25,146
18,149
5,150
4,151
39,151
45,151
17,154
54,160
11,161
31,161
25,165
73,165
12,166
3,172
1,173
5,173
2,174
78,174
1,175
39,175
2,176
1,177
22,177
68,177
2,178
5,178
42,178
4,179
14,179
54,179
3,181
47,181
48,181
88,181
5,182
4,183
42,183
45,184
90,185
10,186
99,186
50,187
98,188
55,190
50,191
1,192
42,192
1,193
16,193
78,194
2,195
54,196
2,197
45,197
15,198
1,200
9,200
14,200
3,201
73,201
5,203
2,204
4,204
27,204
3,205
4,206
63,207
5,208
70,210
8,211
17,212
59,212
13,214
96,214
44,215
3,217
18,217
20,217
43,217
4,218
61,218
68,218
3,219
5,220
50,220
56,220
4,221
64,222
22,223
37,223
80,223
83,223
63,224
88,224
5,225
56,225
3,227
5,228
87,228
4,229
84,229
19,230
3,232
22,232
5,233
7,233
44,233
4,234
31,234
67,236
1,237
2,238
1,239
3,239
42,239
91,239
2,240
4,240
7,240
31,240
46,240
1,241
3,241
22,241
41,241
66,241
5,242
38,242
2,243
4,243
89,243
5,244
62,244
21,245
63,245
48,246
98,247
75,248
83,248
26,250
36,251
90,251
78,252
81,252
60,253
79,254
17,257
100,258
61,258
96,259
48,264
74,266
96,267
57,268
88,268
49,269
49,271
71,272
99,272
24,273
50,273
95,274
22,276
86,277
68,278
88,278
3,279
7,279
4,280
5,281
9,281
95,281
35,282
83,283
86,284
27,285
5,286
80,286
99,286
70,288
59,289
1,290
24,290
71,290
4,291
99,291
3,293
79,293
1,294
28,294
41,294
100,295
2,297
11,297
61,297
2,299
13,299
95,300
87,302
97,302
1,303
9,303
32,303
36,303
2,304
56,304
44,306
37,308
46,308
65,311
49,313
96,314
60,315
49,316
9,317
90,317
3,318
59,318
4,319
60,320
7,321
23,321
1,322
39,322
43,322
2,323
5,323
4,324
58,324
3,325
29,325
5,326
74,326
1,328
1,329
2,330
97,331
2,332
17,333
40,333
56,333
79,333
68,334
23,335
68,335
3,337
59,337
57,338
66,339
5,340
44,340
5,342
31,344
34,345
44,346
45,346
30,347
43,347
52,347
69,347
4,348
4,349
28,350
31,350
3,351
48,351
27,353
12,354
71,355
28,356
74,357
29,358
14,359
89,360
91,360
16,361
18,362
44,362
61,362
62,363
89,363
70,366
83,366
3,367
5,368
57,368
79,368
4,369
54,369
88,369
1,370
5,370
4,371
31,372
7,374
11,374
87,374
3,375
62,376
100,377
74,379
26,380
32,388
84,388
90,389
3,391
48,391
4,393
32,394
5,395
61,395
5,396
49,396
57,396
72,396
1,397
4,397
44,397
14,398
100,399
3,399
81,400
1,401
41,401
47,402
25,403
51,403
2,404
61,404
71,407
2,409
90,409
1,410
9,410
86,411
2,413
3,413
5,414
5,415
4,416
9,417
4,419
3,420
53,420
91,420
97,421
38,422
86,422
58,424
14,425
98,425
13,426
88,426
36,428
18,430
32,430
4,431
23,433
25,433
48,433
36,434
71,434
93,434
11,435
83,435
28,437
13,439
9,440
94,440
99,443
66,444
67,445
84,445
36,446
94,446
59,447
89,447
89,448
3,449
6,449
70,451
4,453
6,454
37,454
90,457
32,458
58,459
79,459
3,460
63,460
4,461
5,462
71,462
31,464
5,465
7,465
10,466
68,466
16,467
34,468
39,468
65,469
51,470
40,471
84,472
87,475
98,476
57,477
57,478
70,479
81,479
80,481
83,481
80,482
8,483
39,483
47,484
95,485
3,486
5,487
79,487
5,488
4,489
3,490
83,491
4,492
33,492
63,492
96,492
27,493
97,494
1,496
18,497
52,497
2,498
23,498
1,500
53,500
57,500
1,501
63,501
2,505
2,506
6,507
31,507
53,507
68,507
52,508
1,509
30,509
61,509
94,509
27,510
2,511
1,512
1,513
78,513
2,515
6,515
2,516
12,516
89,516
94,518
50,520
9,522
94,523
56,525
40,526
49,526
56,526
53,529
6,531
93,531
43,532
64,534
100,535
34,535
100,537
43,537
3,539
5,541
10,541
4,542
3,544
5,545
88,545
4,546
65,546
41,547
49,547
9,548
60,548
38,550
76,550
23,551
70,552
37,553
80,553
66,555
80,555
43,558
76,561
24,563
34,563
44,563
52,564
77,565
87,565
34,566
24,567
63,567
62,569
45,570
37,571
80,571
86,571
100,572
21,572
51,573
24,574
69,575
13,580
25,580
77,580
25,581
36,581
51,581
63,581
99,582
9,583
47,583
60,583
3,585
62,586
4,587
27,587
83,587
88,587
1,588
4,588
77,588
86,588
94,588
14,589
50,589
56,589
5,590
32,591
2,592
1,593
1,594
97,594
2,595
5,595
19,595
59,595
3,597
86,597
2,598
12,600
17,600
78,601
33,603
7,604
39,607
8,609
49,609
84,609
63,611
7,612
68,612
81,612
6,613
86,614
80,615
40,616
66,617
93,620
35,621
62,622
42,624
78,626
16,627
75,628
49,631
82,631
97,631
40,632
46,632
59,632
65,632
50,637
48,638
62,639
11,643
62,645
36,646
50,647
17,648
93,648
15,649
40,649
77,649
88,652
8,653
92,653
62,654
80,661
17,665
21,665
37,665
68,665
82,665
1,666
1,667
31,667
2,669
71,669
1,670
2,672
2,673
10,674
17,674
43,674
75,674
39,675
53,675
77,675
97,675
56,677
31,678
34,678
57,679
62,679
80,679
94,680
71,681
8,682
22,683
78,683
65,687
68,689
59,690
66,691
77,691
83,692
100,693
43,693
14,695
6,696
11,696
92,696
88,699
4,700
29,702
56,702
11,704
80,704
84,704
87,705
61,706
67,707
59,708
56,709
82,713
26,715
16,716
15,717
87,718
91,718
98,720
3,722
22,723
4,724
26,724
99,724
4,727
99,727
5,728
58,728
17,729
3,730
33,730
64,730
99,730
5,731
79,731
99,733
19,738
48,738
23,739
24,743
64,743
90,744
99,744
52,747
25,749
89,752
10,753
1,754
62,754
92,754
2,755
41,755
53,755
1,756
65,758
1,759
67,759
2,760
2,761
30,761
36,761
26,762
49,763
33,767
82,768
45,769
11,770
31,770
94,770
86,771
1,773
1,774
55,774
11,776
20,776
94,778
2,779
26,779
34,779
33,780
2,781
1,782
60,782
88,782
56,783
87,784
2,785
19,785
23,786
61,786
86,786
45,787
57,787
7,788
27,789
32,789
36,789
61,789
68,789
90,790
77,791
84,791
84,792
80,793
98,794
15,796
13,797
42,797
57,797
1,799
31,799
79,799
2,800
1,801
3,801
42,801
1,802
44,802
2,805
35,806
42,806
2,808
12,809
36,809
95,809
43,810
61,810
70,810
82,810
3,811
23,812
90,812
22,813
36,814
87,815
11,818
33,818
47,821
85,822
89,823
53,825
16,828
30,828
49,829
7,830
36,831
51,831
77,833
69,834
35,835
26,836
10,838
96,838
87,846
53,848
65,849
72,849
75,849
78,849
22,850
13,851
96,851
62,852
83,854
90,854
57,855
52,856
57,857
59,858
55,861
62,861
11,862
13,862
29,862
49,863
7,865
10,865
31,866
70,867
15,870
73,870
100,872
9,874
69,875
65,878
94,878
73,879
88,879
72,880
73,882
39,883
75,883
6,884
37,884
58,884
47,885
71,885
40,891
38,892
48,892
13,893
79,894
23,896
26,897
87,897
21,899
69,899
98,900
74,903
78,903
92,904
41,909
81,909
34,910
45,912
66,912
1,914
2,915
51,915
58,916
44,918
1,919
89,920
90,922
98,922
1,923
2,924
2,926
34,926
34,928
59,929
59,931
95,931
79,932
80,933
88,933
48,934
82,934
90,934
7,935
86,936
60,939
91,940
74,941
10,943
38,943
80,944
84,946
29,947
3,948
8,948
96,948
4,949
5,950
41,950
64,950
5,951
3,953
19,953
85,953
92,953
1,954
4,954
2,956
14,956
1,957
1,958
32,959
80,959
100,962
2,962
40,962
45,962
95,964
2,965
16,967
40,968
43,969
55,970
1,971
89,971
94,971
95,973
13,975
56,977
82,978
2,980
92,980
94,980
1,982
37,982
92,983
2,985
1,986
34,986
95,986
2,987
12,987
56,988
96,988
32,989
28,990
54,990
49,991
54,991
57,991
63,991
67,991
81,991
44,992
91,992
16,993
13,995
25,995
86,997
67,998
86,998
77,999
1,1000
1,1001
82,1001
2,1002
100,1003
82,1003
100,1004
1,1004
2,1005
34,1005
2,1006
80,1007
28,1008
31,1008
91,1008
40,1010
14,1013
13,1014
14,1014
42,1014
41,1015
68,1016
38,1017
61,1017
1,1018
95,1022
2,1023
33,1023
12,1024
1,1025
31,1025
88,1025
2,1026
19,1028
1,1029
2,1032
64,1032
56,1035
96,1036
1,1041
1,1042
45,1042
10,1044
20,1045
56,1045
50,1046
2,1047
2,1048
47,1048
9,1049
18,1050
32,1050
1,1051
16,1051
99,1051
2,1053
1,1054
52,1054
71,1054
92,1054
2,1055
14,1055
36,1055
97,1055
1,1056
1,1057
70,1057
2,1058
52,1058
10,1059
95,1059
11,1060
18,1062
2,1063
27,1063
62,1063
15,1064
16,1065
89,1065
16,1066
41,1067
17,1069
96,1069
3,1070
96,1071
56,1072
26,1073
1,1074
27,1074
4,1075
35,1075
93,1075
1,1076
5,1077
89,1077
39,1078
2,1079
3,1079
5,1081
2,1082
4,1082
1,1084
2,1086
25,1086
43,1087
66,1087
38,1088
57,1089
65,1089
38,1090
80,1090
1,1092
20,1092
2,1093
53,1093
26,1094
60,1094
1,1095
14,1095
16,1095
100,1097
16,1097
21,1097
30,1097
1,1098
3,1098
2,1099
2,1100
32,1100
45,1100
66,1100
4,1101
33,1101
81,1101
98,1101
99,1101
5,1103
100,1104
73,1104
89,1105
39,1106
96,1106
50,1107
1,1110
4,1110
92,1110
97,1110
1,1112
3,1113
2,1114
1,1115
5,1115
2,1117
44,1117
89,1117
2,1118
52,1118
27,1119
80,1119
33,1120
41,1120
65,1120
64,1123
37,1125
99,1125
62,1127
74,1127
30,1128
46,1129
96,1130
77,1131
93,1131
51,1133
30,1134
64,1136
3,1139
4,1140
5,1141
15,1141
81,1141
3,1142
39,1142
4,1143
5,1144
6,1146
80,1147
74,1149
87,1149
86,1150
88,1152
70,1154
47,1155
97,1157
73,1158
8,1159
46,1159
94,1160
16,1161
78,1161
95,1162
60,1163
11,1164
91,1164
84,1165
82,1169
45,1172
49,1173
95,1175
62,1177
35,1178
38,1178
63,1178
99,1178
68,1179
69,1179
95,1179
3,1181
46,1181
88,1181
33,1182
13,1183
2,1184
5,1185
4,1186
27,1186
16,1187
3,1188
4,1189
85,1189
5,1190
61,1190
77,1192
6,1194
93,1194
20,1195
58,1195
95,1195
13,1196
90,1196
10,1198
81,1198
93,1198
76,1200
1,1201
3,1201
50,1201
1,1202
4,1202
64,1202
96,1202
3,1203
2,1204
2,1205
5,1205
8,1205
97,1206
1,1207
5,1207
2,1208
4,1208
31,1209
53,1210
79,1210
21,1211
65,1215
84,1219
58,1220
30,1221
76,1222
20,1228
24,1230
34,1230
43,1231
1,1232
2,1233
18,1234
84,1234
1,1235
26,1235
45,1235
86,1238
17,1239
18,1239
51,1240
2,1241
80,1241
26,1242
1,1243
71,1244
2,1245
12,1245
80,1247
42,1248
48,1248
8,1249
45,1251
58,1251
53,1252
45,1253
87,1253
3,1254
29,1254
27,1255
37,1255
39,1255
59,1255
4,1257
4,1258
30,1258
3,1259
14,1261
11,1263
29,1263
58,1263
5,1264
32,1266
61,1266
72,1266
87,1266
52,1267
93,1267
74,1268
88,1268
5,1269
18,1270
22,1272
35,1272
66,1273
72,1273
3,1274
4,1277
56,1277
57,1277
4,1278
56,1278
43,1279
3,1281
52,1281
50,1282
97,1282
16,1284
94,1284
11,1285
82,1286
20,1288
5,1289
18,1289
5,1290
7,1290
39,1290
96,1290
94,1292
25,1294
82,1294
1,1296
18,1296
97,1296
2,1297
26,1297
81,1297
1,1298
2,1299
57,1299
69,1299
1,1304
10,1304
2,1306
45,1307
13,1308
19,1309
65,1311
45,1312
100,1314
30,1314
80,1317
52,1319
65,1321
39,1325
77,1325
92,1325
40,1326
90,1326
40,1327
1,1328
40,1328
55,1328
90,1328
92,1328
1,1329
63,1329
91,1329
2,1330
2,1331
47,1331
83,1331
1,1332
28,1332
52,1333
76,1333
2,1334
3,1335
5,1336
96,1338
4,1339
24,1339
3,1340
23,1340
4,1341
5,1342
44,1343
89,1343
96,1343
27,1344
72,1347
30,1348
73,1348
92,1348
93,1348
40,1349
49,1349
68,1349
78,1350
87,1350
33,1351
94,1351
1,1352
31,1352
46,1352
78,1353
84,1353
1,1355
2,1356
58,1357
2,1358
86,1358
85,1361
11,1362
34,1362
1,1364
48,1364
2,1365
34,1366
89,1366
14,1368
98,1368
16,1369
40,1369
99,1369
84,1370
2,1372
70,1372
82,1372
29,1373
13,1374
2,1375
94,1376
20,1379
20,1380
45,1380
70,1380
78,1380
43,1381
1,1383
51,1383
55,1383
84,1383
1,1384
43,1384
94,1384
2,1385
30,1385
41,1386
2,1387
96,1387
1,1389
77,1389
83,1389
2,1390
1,1391
6,1391
1,1392
66,1392
32,1393
79,1393
100,1394
75,1394
2,1395
2,1397
75,1397
51,1399
3,1400
1,1401
5,1401
2,1402
43,1404
5,1405
61,1405
42,1406
49,1406
28,1407
4,1408
25,1408
75,1408
1,1410
1,1411
33,1411
4,1412
91,1412
2,1413
2,1415
1,1416
3,1416
60,1417
2,1418
60,1418
34,1419
79,1419
2,1421
85,1421
22,1423
88,1423
78,1424
94,1424
15,1426
12,1427
24,1427
93,1427
72,1429
68,1431
8,1432
92,1433
59,1434
73,1434
37,1435
58,1439
31,1440
8,1441
11,1443
20,1443
15,1444
35,1445
47,1446
11,1447
15,1447
10,1449
85,1450
87,1450
24,1451
37,1451
11,1452
37,1452
96,1452
29,1455
92,1458
1,1459
69,1459
1,1460
30,1460
25,1461
75,1462
2,1463
1,1465
99,1466
2,1467
2,1468
41,1468
62,1469
81,1472
22,1474
29,1475
52,1476
35,1477
76,1478
21,1480
100,1482
19,1483
75,1483
40,1484
40,1485
70,1485
48,1486
63,1486
77,1488
91,1488
45,1490
59,1491
100,1493
67,1493
17,1494
14,1495
10,1498
55,1498
19,1499
34,1501
22,1502
55,1503
73,1504
67,1506
78,1506
79,1506
7,1507
78,1507
50,1508
71,1508
100,1509
21,1509
50,1509
8,1510
2,1511
33,1511
65,1511
22,1513
29,1513
3,1514
11,1515
4,1516
83,1517
5,1520
5,1521
25,1522
3,1524
1,1525
4,1525
43,1525
58,1525
2,1526
77,1526
84,1526
94,1526
97,1526
1,1527
61,1528
2,1529
66,1529
70,1529
99,1531
1,1532
79,1532
2,1533
98,1535
3,1539
99,1539
4,1540
67,1540
4,1541
75,1541
3,1543
22,1543
59,1543
5,1544
91,1544
64,1545
96,1545
5,1546
20,1546
59,1546
1,1547
80,1547
97,1547
28,1549
90,1549
44,1552
63,1552
81,1553
82,1554
55,1556
34,1557
77,1557
29,1559
100,1560
17,1560
33,1560
12,1562
81,1562
69,1563
3,1565
13,1565
94,1565
5,1566
95,1566
30,1567
4,1568
13,1568
58,1569
5,1570
19,1570
31,1570
14,1571
4,1574
69,1574
3,1575
99,1577
34,1578
12,1580
64,1581
53,1583
16,1584
66,1584
11,1585
27,1585
35,1586
59,1586
95,1587
75,1588
39,1591
86,1591
31,1592
58,1592
74,1592
100,1593
73,1593
92,1593
66,1594
93,1594
25,1595
53,1596
41,1597
73,1597
49,1599
63,1600
100,1601
98,1604
49,1605
57,1605
55,1606
62,1609
56,1610
77,1610
16,1611
57,1611
64,1612
46,1613
28,1616
85,1616
42,1618
7,1623
86,1623
59,1625
60,1626
32,1629
36,1630
68,1630
61,1631
32,1632
79,1632
91,1633
53,1635
67,1635
24,1637
35,1637
67,1637
19,1640
37,1640
71,1643
100,1644
97,1644
49,1645
96,1645
28,1647
67,1648
41,1650
38,1652
56,1653
72,1653
93,1653
39,1655
84,1655
11,1657
45,1658
35,1659
25,1661
72,1662
98,1664
23,1665
62,1665
76,1665
18,1667
21,1667
28,1668
79,1668
47,1669
59,1669
8,1671
17,1671
76,1672
77,1673
98,1675
99,1675
5,1676
12,1676
28,1678
25,1680
71,1680
58,1681
67,1681
58,1683
79,1684
67,1685
74,1685
44,1688
48,1689
61,1689
14,1690
89,1690
69,1697
27,1698
71,1698
51,1700
64,1700
1,1702
17,1703
1,1705
2,1706
2,1707
63,1707
64,1707
1,1709
34,1709
2,1710
59,1710
77,1710
53,1711
40,1713
55,1713
85,1713
33,1714
46,1714
84,1714
96,1715
90,1716
41,1717
53,1718
56,1720
8,1721
1,1722
3,1722
42,1722
5,1723
8,1723
43,1723
64,1723
1,1724
55,1725
2,1726
19,1726
82,1726
4,1727
5,1728
98,1728
4,1729
59,1729
2,1731
69,1731
85,1731
3,1732
1,1733
2,1734
34,1737
36,1737
66,1737
37,1738
1,1739
60,1739
2,1740
69,1740
1,1741
1,1742
15,1743
12,1744
2,1745
28,1745
46,1745
86,1746
2,1747
79,1747
30,1748
50,1749
80,1750
85,1753
3,1755
5,1756
29,1756
63,1756
65,1756
4,1757
76,1757
81,1757
17,1758
58,1758
3,1759
5,1760
22,1760
41,1761
4,1762
17,1764
10,1765
88,1766
51,1767
32,1768
3,1775
72,1775
81,1775
5,1776
20,1776
36,1776
4,1777
48,1777
80,1777
80,1779
3,1781
55,1782
58,1782
98,1782
5,1783
4,1784
91,1784
16,1785
13,1786
57,1786
91,1787
45,1789
24,1790
84,1790
8,1791
13,1791
19,1793
24,1793
26,1793
44,1794
36,1800
80,1800
15,1801
67,1801
58,1802
76,1802
18,1803
7,1804
13,1804
39,1804
13,1805
45,1805
50,1806
54,1806
96,1807
26,1808
21,1812
98,1812
61,1818
79,1818
87,1819
75,1820
6,1821
33,1821
22,1822
19,1824
59,1824
54,1826
84,1826
91,1827
85,1829
91,1831
94,1831
94,1832
74,1833
42,1834
91,1835
38,1837
75,1837
79,1840
11,1842
58,1842
49,1843
23,1844
44,1844
53,1844
7,1845
64,1846
45,1847
89,1847
73,1849
58,1850
32,1851
46,1855
50,1856
77,1858
96,1858
1,1860
21,1860
40,1860
51,1861
10,1862
81,1862
1,1863
35,1863
2,1864
96,1864
80,1865
71,1867
36,1870
64,1870
82,1870
2,1871
24,1872
1,1874
60,1874
86,1874
2,1876
20,1877
44,1878
1,1879
45,1879
71,1879
53,1881
1,1882
57,1882
30,1883
2,1884
42,1884
56,1884
1,1885
2,1886
2,1889
81,1891
29,1893
38,1893
57,1895
60,1899
52,1900
66,1901
1,1904
88,1904
21,1905
79,1906
31,1907
52,1907
2,1909
12,1909
13,1909
56,1909
13,1910
60,1910
86,1911
1,1912
99,1914
2,1915
1,1916
29,1917
77,1917
31,1918
2,1919
75,1919
3,1920
7,1920
26,1920
100,1921
5,1921
5,1922
50,1923
4,1924
39,1924
4,1925
17,1925
26,1926
45,1926
37,1927
54,1928
71,1930
3,1932
58,1933
44,1936
56,1936
72,1936
73,1936
100,1938
10,1938
11,1938
1,1944
2,1945
55,1945
58,1946
1,1948
1,1949
30,1949
2,1950
23,1952
2,1954
20,1956
76,1956
81,1956
69,1958
27,1960
9,1961
24,1962
30,1962
23,1963
63,1964
1,1965
9,1965
26,1965
58,1965
68,1966
1,1970
94,1970
2,1971
92,1971
23,1973
1,1974
13,1974
70,1974
2,1976
2,1977
31,1977
81,1977
74,1978
10,1980
1,1981
2,1982
65,1982
48,1983
1,1984
41,1984
1,1987
44,1988
38,1989
19,1991
70,1991
2,1992
100,1995
28,1995
77,1995
2,1997
37,1997
97,1997
93,1999
25,2000
70,2000
9,2001
16,2001
1,2003
55,2003
2,2005
39,2005
1,2006
24,2006
1,2007
2,2008
2,2009
96,2012
3,2014
85,2014
94,2015
5,2017
4,2018
74,2018
87,2018
3,2019
40,2020
4,2021
5,2022
27,2022
79,2025
38,2027
20,2028
95,2029
23,2031
82,2033
59,2035
97,2035
78,2036
83,2037
58,2038
30,2040
70,2040
38,2041
78,2041
69,2042
81,2042
34,2043
20,2044
96,2044
1,2046
1,2047
46,2048
96,2048
2,2049
3,2049
24,2049
1,2050
4,2050
13,2050
65,2050
3,2051
90,2052
94,2052
2,2053
5,2053
2,2054
5,2054
53,2054
12,2055
53,2057
4,2058
48,2058
54,2059
6,2060
93,2060
52,2062
63,2062
67,2062
52,2064
91,2064
97,2064
44,2065
39,2068
71,2068
46,2069
68,2071
21,2072
44,2073
65,2073
24,2074
88,2075
3,2076
68,2077
4,2078
30,2078
4,2079
3,2080
48,2080
52,2081
54,2082
5,2083
86,2083
5,2084
56,2084
79,2085
57,2086
62,2087
97,2087
7,2090
17,2090
49,2090
7,2092
63,2093
1,2094
1,2095
6,2096
2,2097
1,2098
65,2098
2,2099
44,2099
2,2100
6,2100
51,2100
98,2100
37,2101
99,2103
23,2106
93,2107
40,2108
32,2109
48,2109
57,2109
9,2111
15,2112
86,2113
1,2114
34,2114
40,2114
27,2115
53,2115
90,2115
1,2116
2,2117
1,2118
51,2118
47,2119
2,2120
2,2121
72,2121
78,2121
71,2122
97,2124
53,2127
89,2128
13,2130
76,2130
30,2131
1,2132
90,2132
1,2133
46,2133
76,2134
2,2135
13,2135
30,2135
54,2135
2,2138
1,2143
9,2143
63,2145
2,2146
60,2147
67,2147
78,2148
47,2150
21,2153
60,2154
65,2154
81,2154
94,2154
59,2156
45,2159
70,2159
86,2159
3,2161
25,2162
93,2163
30,2164
48,2164
3,2166
18,2166
93,2166
4,2167
5,2168
79,2171
47,2173
61,2173
5,2174
27,2174
33,2175
63,2175
3,2176
86,2176
12,2177
64,2177
4,2178
9,2178
74,2178
26,2180
28,2180
3,2181
43,2181
51,2181
29,2182
69,2183
71,2183
5,2184
4,2185
94,2185
5,2186
50,2186
4,2187
6,2187
20,2187
3,2190
38,2190
54,2190
10,2191
71,2191
89,2192
89,2193
21,2194
59,2195
56,2196
84,2197
71,2198
47,2199
3,2200
17,2200
71,2200
34,2202
20,2203
22,2203
19,2204
23,2205
91,2206
92,2206
79,2207
5,2208
4,2209
3,2210
40,2210
96,2210
97,2210
4,2211
5,2212
1,2213
21,2213
100,2214
77,2214
1,2215
15,2216
98,2216
2,2217
1,2218
87,2218
2,2219
14,2219
70,2220
2,2222
86,2222
47,2223
58,2223
79,2223
92,2223
100,2224
90,2224
44,2225
83,2225
1,2226
1,2227
2,2228
26,2228
90,2228
2,2229
53,2229
1,2230
88,2230
4,2231
2,2234
77,2234
8,2235
53,2235
48,2236
90,2236
33,2239
35,2244
86,2246
90,2246
3,2247
13,2248
31,2248
28,2249
32,2249
73,2249
86,2249
4,2250
72,2250
79,2251
38,2252
50,2252
5,2253
4,2254
19,2254
62,2254
71,2254
79,2255
86,2256
5,2257
28,2257
22,2258
33,2258
3,2260
19,2261
29,2261
84,2261
34,2263
89,2263
65,2266
27,2267
58,2267
22,2268
66,2270
94,2273
58,2275
54,2276
74,2276
27,2277
82,2278
28,2279
31,2279
40,2280
1,2281
88,2281
2,2282
87,2282
88,2282
1,2284
62,2284
97,2284
2,2286
63,2286
82,2286
93,2286
73,2287
1,2288
7,2288
8,2288
37,2288
2,2289
86,2289
92,2289
71,2291
88,2291
3,2292
29,2292
4,2293
11,2293
25,2294
3,2296
10,2296
24,2296
4,2297
18,2297
91,2297
11,2298
85,2298
93,2300
68,2301
86,2301
50,2305
67,2305
90,2305
93,2305
5,2306
5,2307
6,2308
27,2308
17,2309
66,2309
33,2312
89,2312
94,2313
91,2314
55,2316
54,2317
22,2318
98,2318
65,2320
44,2321
93,2321
63,2323
47,2324
29,2325
39,2326
74,2326
15,2327
24,2328
54,2329
97,2329
98,2330
46,2331
73,2332
81,2332
1,2333
37,2333
45,2334
99,2334
2,2336
52,2336
47,2337
48,2337
1,2338
8,2339
51,2339
37,2340
2,2341
48,2341
57,2341
55,2342
1,2343
24,2343
2,2344
50,2345
12,2346
85,2347
12,2349
21,2350
26,2350
43,2350
76,2350
17,2352
64,2352
81,2353
35,2354
43,2354
5,2355
27,2355
74,2356
73,2357
89,2357
93,2358
32,2361
25,2362
48,2363
53,2363
21,2367
4,2368
29,2368
79,2368
21,2370
45,2372
18,2374
73,2374
88,2374
1,2375
57,2376
39,2377
53,2377
2,2378
89,2378
1,2379
18,2379
46,2379
14,2380
75,2380
1,2381
61,2381
73,2381
56,2383
61,2383
2,2384
23,2384
36,2384
13,2385
71,2385
6,2386
7,2388
18,2388
89,2388
91,2388
2,2389
18,2389
36,2389
9,2391
52,2392
61,2393
73,2394
8,2396
40,2396
47,2396
85,2396
31,2397
86,2397
75,2398
15,2399
93,2400
13,2401
26,2401
30,2402
33,2402
72,2404
95,2404
76,2405
62,2406
12,2411
87,2412
42,2415
23,2416
38,2417
26,2418
83,2420
91,2420
40,2421
85,2421
1,2422
42,2422
2,2423
1,2425
39,2425
34,2427
41,2427
79,2427
86,2428
13,2429
42,2429
84,2429
94,2429
16,2430
24,2430
2,2431
1,2432
41,2434
2,2435
29,2435
9,2437
86,2439
1,2441
2,2442
41,2443
69,2443
24,2444
1,2445
36,2446
90,2446
2,2447
42,2447
1,2448
2,2449
53,2449
30,2450
68,2450
29,2451
8,2452
28,2452
84,2452
73,2454
18,2455
40,2455
1,2456
2,2457
50,2457
77,2458
83,2458
1,2460
21,2460
23,2461
8,2463
38,2463
45,2463
61,2463
75,2463
1,2465
10,2466
2,2467
8,2467
9,2467
53,2467
92,2467
2,2468
54,2470
56,2470
88,2470
75,2472
62,2473
80,2475
67,2476
14,2477
91,2477
8,2478
8,2480
19,2480
35,2480
14,2481
47,2484
72,2484
22,2485
98,2487
27,2488
28,2488
75,2488
1,2489
3,2490
10,2491
57,2491
91,2491
5,2492
2,2494
5,2494
45,2495
4,2496
1,2497
91,2497
98,2497
2,2498
28,2498
89,2498
1,2499
3,2499
54,2499
2,2500
4,2500
17,2501
60,2501
84,2502
3,2503
28,2503
86,2503
48,2504
57,2504
68,2505
5,2506
53,2506
4,2507
3,2508
4,2512
68,2512
93,2512
54,2513
5,2515
91,2518
58,2520
83,2520
87,2520
65,2523
77,2526
29,2528
49,2528
87,2529
10,2532
18,2533
30,2534
72,2536
88,2537
26,2538
6,2539
28,2539
39,2539
58,2539
32,2540
49,2540
59,2542
1,2543
2,2545
3,2546
86,2547
1,2548
4,2548
5,2549
56,2549
82,2549
89,2549
96,2549
5,2550
3,2551
60,2551
98,2551
2,2552
59,2552
44,2553
4,2554
1,2555
13,2555
71,2555
55,2556
56,2556
2,2557
26,2557
67,2557
96,2557
48,2558
89,2560
74,2563
77,2563
67,2564
94,2564
1,2567
98,2567
2,2568
48,2568
3,2569
25,2569
31,2569
1,2570
70,2570
99,2570
2,2571
83,2571
4,2572
1,2573
48,2573
97,2573
42,2574
4,2575
65,2575
2,2576
3,2576
89,2576
100,2577
69,2577
3,2579
35,2579
5,2580
75,2582
7,2584
100,2586
55,2588
9,2589
14,2589
27,2589
87,2591
10,2592
71,2592
5,2593
9,2593
99,2594
1,2596
56,2596
1,2597
38,2597
87,2597
63,2598
2,2599
99,2599
72,2600
1,2601
35,2601
2,2602
10,2602
94,2602
35,2603
2,2604
15,2604
62,2605
46,2606
55,2608
35,2611
99,2612
69,2614
37,2617
100,2618
82,2618
47,2619
86,2620
56,2621
48,2623
62,2623
9,2626
77,2626
15,2627
75,2627
50,2628
13,2629
97,2633
99,2633
32,2634
62,2638
16,2639
82,2641
58,2643
87,2647
52,2648
62,2648
44,2651
68,2651
3,2652
14,2652
19,2653
1,2654
8,2654
2,2655
36,2656
5,2657
60,2658
1,2659
4,2659
1,2660
28,2660
65,2660
4,2661
55,2661
95,2661
2,2662
3,2662
94,2662
51,2663
62,2663
2,2664
56,2664
41,2665
56,2665
58,2665
68,2665
5,2666
30,2666
76,2666
61,2667
70,2670
51,2673
3,2678
4,2679
5,2681
18,2683
30,2683
16,2684
5,2685
16,2685
23,2686
38,2686
84,2686
7,2687
17,2688
62,2689
4,2690
14,2690
3,2691
29,2692
52,2694
53,2695
31,2696
30,2697
36,2697
3,2698
81,2698
98,2698
4,2699
32,2699
44,2699
79,2699
5,2700
75,2700
4,2701
84,2701
5,2703
43,2703
74,2704
78,2704
3,2705
26,2705
66,2705
25,2708
65,2710
10,2712
52,2712
49,2713
82,2713
87,2713
73,2714
3,2715
83,2716
5,2718
72,2718
95,2718
99,2718
4,2720
1,2721
5,2721
51,2721
3,2722
13,2722
86,2724
99,2724
69,2725
96,2725
4,2727
26,2727
81,2728
96,2730
100,2731
25,2736
21,2738
27,2738
2,2739
61,2740
100,2742
58,2742
82,2743
23,2744
20,2745
8,2746
68,2746
33,2747
54,2747
67,2747
25,2748
46,2748
23,2749
78,2749
91,2749
54,2750
45,2751
67,2751
96,2752
13,2753
48,2753
31,2754
60,2757
62,2758
13,2759
44,2765
58,2765
76,2765
15,2766
32,2766
42,2766
63,2766
1,2768
67,2768
2,2769
27,2769
57,2769
1,2770
69,2770
97,2770
2,2772
1,2773
20,2773
80,2774
11,2775
66,2775
2,2777
57,2777
71,2777
16,2779
80,2779
86,2780
93,2783
47,2786
71,2786
93,2786
36,2787
47,2787
1,2788
72,2788
94,2788
46,2789
2,2790
3,2790
1,2791
4,2791
21,2792
96,2792
1,2793
3,2793
89,2794
98,2794
2,2795
12,2795
22,2795
39,2796
53,2796
2,2797
4,2797
55,2797
34,2798
90,2798
5,2799
21,2799
39,2799
100,2800
5,2800
16,2800
75,2800
91,2800
9,2801
93,2801
46,2803
43,2804
55,2804
73,2805
7,2806
56,2806
32,2807
36,2807
95,2807
67,2808
12,2810
38,2811
54,2811
21,2813
24,2814
17,2815
80,2816
69,2820
94,2822
18,2824
45,2824
54,2824
67,2824
3,2825
26,2825
95,2825
89,2827
4,2828
4,2829
5,2831
3,2833
12,2833
73,2833
5,2834
22,2834
62,2834
71,2838
8,2839
98,2839
7,2840
66,2840
69,2840
46,2842
72,2842
25,2843
13,2845
93,2845
8,2846
78,2846
7,2847
69,2850
43,2852
39,2853
54,2854
1,2855
74,2856
19,2857
53,2857
2,2858
25,2859
64,2859
93,2860
1,2861
2,2862
72,2862
25,2863
33,2863
57,2863
89,2863
1,2865
6,2865
21,2865
49,2866
64,2867
3,2869
2,2870
4,2870
20,2871
5,2872
96,2873
11,2874
97,2874
3,2875
14,2875
66,2875
5,2876
8,2876
4,2877
34,2878
31,2879
7,2881
64,2881
68,2884
87,2884
34,2886
24,2889
34,2889
32,2891
58,2891
3,2892
4,2893
45,2893
96,2893
5,2894
5,2895
3,2897
53,2897
1,2898
2,2899
4,2899
1,2900
35,2900
77,2900
2,2902
79,2902
1,2904
14,2904
2,2905
3,2905
18,2907
42,2908
68,2908
82,2908
21,2910
53,2910
57,2910
86,2913
71,2915
61,2916
81,2916
22,2917
83,2918
97,2920
29,2921
43,2921
65,2922
98,2922
1,2923
19,2923
2,2924
45,2924
1,2925
96,2926
1,2927
43,2930
26,2932
32,2932
96,2932
2,2934
2,2936
62,2937
83,2937
1,2938
32,2938
1,2939
22,2940
97,2943
2,2944
22,2945
90,2946
51,2948
2,2950
95,2950
1,2951
8,2952
50,2952
56,2952
14,2953
2,2954
8,2958
90,2962
91,2966
31,2968
58,2969
75,2971
30,2972
94,2973
27,2977
67,2977
92,2979
45,2980
64,2982
3,2983
68,2983
76,2983
5,2984
4,2985
25,2985
39,2985
5,2986
3,2987
8,2987
67,2987
4,2989
44,2989
61,2989
90,2990
48,2991
95,2991
18,2993
22,2994
6,2995
17,2995
7,2997
94,2997
17,2998
85,3000
3,3001
49,3001
5,3002
64,3002
21,3003
46,3003
69,3003
5,3004
36,3004
52,3004
4,3005
10,3005
33,3005
4,3007
3,3008
81,3008
98,3008
38,3010
18,3012
21,3012
63,3012
69,3013
99,3013
12,3014
22,3014
66,3014
27,3015
33,3015
79,3015
85,3017
17,3018
26,3019
73,3019
59,3021
37,3024
94,3025
3,3028
77,3028
4,3029
18,3030
67,3030
31,3031
3,3032
74,3032
4,3034
1,3035
2,3035
69,3035
5,3036
5,3037
27,3037
2,3038
52,3038
1,3039
19,3039
57,3039
2,3040
56,3040
91,3040
1,3041
48,3041
2,3042
86,3044
6,3046
15,3049
1,3051
9,3052
56,3052
55,3053
6,3054
8,3055
50,3056
54,3056
1,3057
51,3057
66,3057
25,3058
13,3059
3,3060
7,3060
36,3060
2,3062
2,3063
82,3063
83,3063
88,3063
1,3065
2,3067
4,3067
17,3067
79,3067
5,3068
57,3068
16,3069
5,3070
61,3071
4,3072
28,3072
67,3072
1,3074
11,3074
36,3074
43,3074
75,3075
1,3076
91,3076
2,3077
89,3078
3,3079
72,3079
2,3080
39,3082
1,3083
99,3083
2,3084
19,3084
70,3084
81,3084
56,3085
73,3085
76,3085
19,3087
84,3089
99,3089
25,3093
79,3093
99,3094
65,3095
81,3095
86,3097
38,3098
22,3099
53,3099
64,3100
81,3100
20,3101
70,3102
3,3103
97,3105
1,3109
10,3109
2,3110
45,3110
62,3110
97,3111
29,3112
55,3112
1,3113
1,3114
17,3114
2,3115
94,3115
47,3117
59,3117
84,3117
2,3118
56,3118
33,3119
31,3122
38,3124
79,3124
33,3126
25,3127
23,3130
31,3130
1,3131
1,3132
73,3132
2,3134
29,3136
68,3136
78,3136
1,3138
32,3138
29,3140
3,3141
2,3142
47,3142
51,3142
2,3143
48,3143
28,3144
36,3149
12,3151
57,3152
32,3153
27,3155
66,3156
1,3157
28,3157
31,3157
85,3157
1,3158
92,3158
88,3159
3,3162
31,3162
47,3162
51,3162
66,3162
97,3162
32,3163
2,3165
48,3165
1,3166
4,3166
81,3166
2,3167
2,3168
5,3168
84,3168
3,3169
97,3169
14,3170
5,3171
4,3172
93,3172
37,3173
38,3174
98,3174
38,3177
15,3178
80,3178
20,3181
51,3183
3,3184
62,3184
52,3185
4,3186
41,3186
5,3188
49,3188
3,3189
24,3189
65,3189
15,3191
5,3192
4,3193
9,3194
23,3194
10,3195
59,3195
100,3196
67,3197
12,3199
9,3200
90,3202
3,3204
44,3205
4,3207
14,3207
4,3209
43,3209
57,3209
5,3210
18,3210
37,3211
87,3211
3,3212
54,3212
5,3213
15,3213
76,3213
9,3214
77,3217
89,3217
60,3219
82,3221
69,3223
27,3224
64,3224
93,3225
11,3226
63,3228
58,3229
1,3230
54,3230
1,3231
11,3231
82,3231
2,3232
6,3233
1,3234
99,3234
43,3235
68,3236
2,3237
2,3238
19,3238
91,3240
58,3241
87,3242
51,3244
84,3245
81,3247
87,3247
39,3248
61,3249
98,3249
3,3250
20,3250
75,3251
81,3251
82,3251
1,3252
5,3252
39,3252
5,3253
77,3253
4,3254
58,3254
95,3254
2,3255
3,3255
25,3255
4,3256
1,3257
65,3257
1,3258
24,3259
75,3259
2,3260
2,3261
37,3262
70,3262
39,3263
87,3263
50,3264
74,3264
89,3265
34,3268
31,3269
51,3269
57,3269
81,3269
34,3270
55,3270
25,3271
46,3274
92,3274
97,3275
66,3277
86,3278
100,3279
69,3279
87,3279
40,3280
51,3280
71,3280
10,3281
31,3281
40,3281
43,3284
24,3287
9,3288
39,3288
25,3289
40,3289
56,3289
34,3290
53,3290
64,3290
75,3294
23,3295
53,3297
10,3298
15,3299
64,3300
16,3301
32,3301
45,3302
9,3303
24,3303
36,3303
47,3303
55,3303
72,3305
62,3306
3,3309
11,3309
5,3310
8,3310
86,3310
4,3311
7,3312
65,3313
66,3314
71,3314
98,3314
4,3315
3,3316
43,3316
5,3317
35,3317
32,3321
38,3321
61,3321
98,3321
6,3324
52,3326
80,3326
99,3326
29,3327
62,3327
93,3327
20,3328
47,3329
100,3330
58,3332
95,3332
89,3334
42,3336
92,3336
47,3338
40,3339
65,3339
65,3340
1,3341
62,3341
89,3341
2,3342
20,3343
51,3343
69,3343
82,3343
1,3344
34,3344
93,3344
9,3345
11,3345
2,3346
72,3346
1,3349
2,3350
45,3350
79,3350
14,3352
71,3352
26,3354
99,3356
44,3357
86,3358
23,3359
29,3361
96,3361
47,3363
61,3363
3,3364
52,3364
89,3364
4,3365
91,3366
4,3367
38,3367
3,3368
5,3370
14,3370
78,3370
33,3371
63,3372
68,3372
95,3372
5,3374
89,3375
50,3376
45,3377
27,3378
12,3379
43,3381
58,3381
50,3382
53,3383
63,3383
3,3385
4,3387
39,3388
5,3391
41,3391
84,3391
3,3392
91,3393
61,3394
31,3395
5,3396
70,3396
4,3398
12,3400
33,3403
83,3406
17,3407
11,3409
53,3411
44,3413
13,3414
28,3415
56,3415
67,3416
7,3418
43,3419
71,3420
59,3423
62,3423
24,3424
34,3424
15,3425
76,3425
26,3426
39,3428
62,3429
73,3430
3,3431
5,3433
5,3434
10,3434
44,3435
52,3435
27,3436
66,3436
4,3437
20,3437
3,3438
99,3438
19,3440
52,3440
4,3441
17,3441
25,3441
49,3441
10,3442
64,3442
17,3444
29,3445
10,3446
3,3447
50,3447
47,3448
66,3448
21,3449
30,3449
5,3450
59,3450
95,3450
18,3451
34,3451
49,3451
5,3454
71,3454
96,3454
4,3456
12,3457
59,3457
4,3458
3,3460
71,3460
80,3460
39,3462
57,3462
11,3463
21,3463
34,3463
92,3464
32,3465
51,3466
1,3467
43,3467
58,3467
35,3468
2,3469
1,3470
57,3470
71,3470
1,3471
38,3472
82,3473
2,3474
45,3475
9,3476
37,3477
97,3477
16,3478
2,3479
74,3479
55,3480
53,3481
73,3482
98,3482
42,3483
20,3485
48,3485
74,3487
46,3488
59,3488
96,3488
23,3490
25,3491
71,3491
81,3491
86,3492
36,3493
69,3493
75,3493
63,3495
51,3496
72,3498
33,3499
73,3499
9,3501
17,3503
39,3503
50,3503
1,3504
41,3505
3,3507
11,3507
1,3508
4,3509
2,3510
14,3510
70,3510
1,3511
30,3511
2,3512
2,3513
13,3513
63,3514
5,3516
89,3516
3,3517
64,3517
4,3518
47,3518
5,3519
68,3519
55,3521
16,3524
48,3524
40,3525
68,3525
3,3526
80,3526
17,3527
1,3528
1,3529
4,3529
29,3529
62,3530
98,3530
69,3533
5,3534
45,3535
4,3536
10,3536
58,3536
2,3538
5,3539
21,3539
3,3541
2,3542
14,3542
57,3542
93,3542
1,3543
2,3544
63,3544
82,3544
3,3545
90,3545
37,3546
54,3546
60,3546
4,3547
16,3547
43,3547
90,3547
4,3548
52,3548
1,3549
27,3549
3,3550
46,3550
67,3550
45,3551
5,3553
25,3553
1,3554
14,3554
2,3555
2,3556
57,3556
5,3557
82,3557
1,3558
58,3558
19,3559
2,3560
22,3560
58,3560
1,3562
58,3562
73,3562
97,3562
30,3563
53,3564
71,3564
49,3565
97,3565
1,3566
30,3566
24,3567
70,3568
2,3569
44,3569
69,3569
2,3570
1,3571
20,3571
2,3572
9,3574
25,3574
93,3574
100,3575
40,3577
58,3577
26,3579
72,3581
91,3582
86,3583
25,3584
14,3586
38,3586
3,3587
38,3587
94,3588
74,3590
4,3591
5,3592
5,3593
4,3594
51,3594
3,3595
56,3595
23,3597
81,3598
100,3600
62,3600
100,3601
16,3601
17,3601
60,3602
86,3603
31,3604
63,3604
23,3605
90,3605
19,3606
77,3606
24,3607
27,3607
60,3608
17,3609
59,3609
60,3609
68,3609
1,3610
41,3610
1,3611
62,3611
2,3612
31,3612
59,3612
2,3613
1,3614
2,3615
85,3616
14,3620
44,3620
14,3622
73,3623
3,3624
74,3624
42,3625
53,3625
1,3626
1,3627
5,3627
70,3627
84,3627
87,3627
5,3628
57,3628
4,3629
49,3629
83,3629
2,3630
3,3630
52,3630
4,3631
26,3631
55,3631
73,3631
45,3633
1,3634
67,3635
42,3638
72,3638
62,3639
79,3639
44,3640
2,3641
2,3642
19,3642
65,3645
86,3645
74,3646
28,3647
44,3647
60,3648
27,3649
1,3651
68,3652
43,3653
79,3653
15,3654
37,3654
89,3654
2,3655
12,3655
96,3656
22,3657
73,3657
1,3658
85,3658
44,3660
52,3660
80,3660
68,3661
3,3662
5,3663
55,3664
58,3664
5,3665
4,3666
43,3666
1,3667
3,3667
2,3668
70,3668
87,3668
2,3669
45,3669
81,3669
4,3670
19,3670
42,3672
3,3673
4,3675
68,3675
1,3677
4,3677
49,3677
66,3677
1,3678
2,3679
5,3679
24,3679
62,3679
75,3679
2,3681
3,3681
5,3682
1,3683
44,3683
2,3685
36,3685
20,3686
79,3687
58,3691
72,3692
60,3693
88,3693
95,3693
24,3694
58,3696
88,3696
19,3699
85,3699
3,3702
5,3703
5,3704
35,3705
50,3706
52,3706
54,3707
4,3708
4,3709
50,3709
51,3709
87,3710
3,3711
59,3711
39,3712
23,3714
57,3714
11,3716
60,3716
9,3719
44,3719
71,3719
58,3721
5,3722
67,3722
70,3722
25,3723
64,3723
41,3724
90,3725
29,3726
67,3728
80,3729
69,3730
39,3732
53,3733
70,3733
99,3733
33,3734
9,3736
46,3736
50,3736
49,3739
25,3740
48,3741
53,3743
62,3743
14,3744
73,3744
8,3746
38,3747
64,3747
63,3748
1,3749
2,3750
12,3751
49,3751
92,3751
1,3754
64,3754
1,3755
62,3755
2,3758
44,3759
2,3760
66,3761
84,3762
20,3764
44,3764
1,3766
29,3766
1,3767
2,3768
27,3768
1,3769
43,3769
44,3769
3,3770
44,3770
47,3771
93,3771
5,3772
2,3773
4,3773
58,3773
2,3774
5,3774
41,3775
4,3776
37,3776
3,3777
53,3777
25,3780
6,3782
66,3783
87,3783
85,3785
40,3787
12,3788
99,3788
9,3791
22,3791
45,3791
97,3791
63,3793
70,3793
81,3793
35,3794
90,3795
82,3797
23,3798
24,3798
51,3799
22,3800
67,3800
15,3801
84,3802
47,3803
37,3804
87,3805
28,3807
23,3808
28,3808
3,3809
5,3810
15,3810
17,3810
42,3811
70,3811
5,3812
50,3812
4,3813
22,3813
52,3813
3,3814
4,3815
8,3815
22,3815
26,3815
77,3815
20,3818
23,3818
29,3818
66,3818
1,3819
9,3819
78,3819
73,3820
87,3820
89,3820
1,3821
9,3821
20,3821
29,3821
3,3822
76,3822
2,3823
5,3823
7,3823
40,3823
51,3823
20,3824
1,3825
91,3825
5,3827
44,3827
98,3827
80,3828
2,3829
32,3829
79,3830
2,3831
4,3831
8,3831
4,3832
14,3832
3,3833
11,3833
47,3834
61,3834
88,3834
1,3835
2,3836
35,3836
66,3836
37,3837
59,3837
1,3838
24,3838
60,3838
15,3839
1,3840
87,3840
2,3841
54,3841
2,3842
63,3842
100,3843
1,3843
19,3844
93,3844
1,3845
39,3846
62,3846
2,3847
2,3848
46,3848
91,3848
81,3850
95,3851
1,3852
2,3853
21,3853
47,3853
83,3853
1,3854
88,3855
1,3856
85,3858
86,3860
90,3860
2,3861
34,3861
61,3861
45,3862
64,3862
87,3862
1,3863
2,3864
43,3864
71,3864
2,3865
3,3866
24,3866
50,3866
4,3867
26,3867
5,3868
14,3868
3,3869
53,3869
55,3869
87,3869
63,3870
92,3870
52,3871
57,3872
48,3873
4,3874
32,3874
78,3874
23,3875
77,3875
18,3876
22,3876
58,3876
5,3877
100,3878
57,3880
64,3881
14,3882
49,3882
3,3884
98,3884
58,3885
10,3886
57,3886
4,3887
88,3887
4,3888
61,3888
85,3889
26,3890
61,3890
17,3891
10,3892
3,3894
82,3894
5,3896
78,3896
5,3897
55,3902
21,3903
36,3903
45,3903
99,3903
53,3904
79,3904
87,3904
91,3905
17,3906
71,3906
81,3906
98,3908
9,3909
19,3909
48,3912
66,3914
23,3915
45,3915
69,3915
1,3919
37,3919
2,3920
84,3922
54,3924
1,3925
86,3925
2,3928
45,3928
54,3930
59,3930
33,3931
57,3931
79,3932
32,3933
46,3933
12,3934
13,3934
16,3934
1,3935
60,3935
2,3936
10,3936
21,3936
75,3936
35,3937
38,3937
14,3938
83,3938
28,3939
54,3939
1,3941
31,3942
2,3943
70,3945
71,3945
1,3948
2,3949
72,3950
100,3951
87,3952
43,3953
82,3953
1,3954
38,3954
2,3956
50,3957
12,3958
11,3959
50,3960
25,3962
91,3963
62,3965
25,3966
1,3967
36,3968
59,3968
2,3969
93,3970
35,3971
1,3972
3,3972
1,3974
76,3974
95,3974
2,3976
3,3976
44,3976
4,3977
6,3977
63,3977
79,3977
2,3978
63,3978
5,3979
6,3979
25,3979
49,3979
63,3980
36,3981
43,3981
3,3982
45,3982
5,3983
27,3983
4,3984
68,3984
76,3987
17,3988
48,3988
25,3990
58,3993
89,3993
8,3994
34,3994
46,3994
51,3994
27,3995
34,3996
81,3996
59,3997
70,4000
13,4002
98,4002
100,4003
53,4004
74,4004
52,4005
12,4006
20,4007
62,4007
67,4007
8,4008
54,4008
99,4008
36,4010
55,4012
65,4013
22,4014
81,4014
31,4015
26,4016
15,4017
88,4017
14,4018
3,4019
5,4020
19,4020
4,4021
36,4021
3,4023
67,4023
4,4025
12,4025
5,4026
44,4028
52,4029
6,4030
80,4030
59,4031
88,4031
42,4032
44,4032
13,4033
40,4033
40,4035
94,4035
12,4036
31,4036
28,4037
40,4038
29,4039
73,4040
85,4040
46,4041
47,4042
70,4042
21,4044
74,4045
9,4047
13,4047
83,4052
91,4052
22,4053
24,4053
25,4053
3,4055
88,4055
100,4056
70,4056
56,4058
4,4059
77,4059
68,4060
4,4062
66,4062
79,4062
3,4063
8,4063
29,4064
5,4065
8,4065
5,4068
11,4071
98,4071
65,4074
50,4076
62,4076
5,4077
18,4077
77,4077
11,4078
54,4078
18,4079
18,4081
26,4082
1,4083
45,4083
1,4084
67,4084
13,4085
2,4086
2,4087
1,4089
2,4090
38,4090
18,4091
1,4092
66,4092
76,4092
7,4093
47,4093
25,4094
3,4097
97,4097
41,4098
81,4098
47,4099
20,4101
70,4101
4,4102
9,4102
90,4102
30,4103
3,4105
11,4106
38,4106
72,4106
4,4107
11,4107
91,4107
5,4108
46,4108
66,4108
72,4108
5,4109
3,4110
2,4111
79,4111
19,4112
54,4112
65,4112
4,4113
90,4119
11,4121
17,4121
33,4122
23,4123
90,4123
58,4124
88,4124
54,4125
92,4126
95,4128
96,4128
30,4129
34,4132
72,4132
38,4135
1,4136
27,4137
50,4137
25,4138
2,4139
1,4140
3,4140
88,4140
2,4141
5,4141
34,4141
21,4142
38,4144
99,4144
1,4145
86,4145
2,4146
9,4147
1,4148
4,4148
61,4148
94,4148
2,4149
5,4149
1,4150
49,4150
11,4151
23,4151
91,4151
2,4152
4,4152
3,4153
1,4155
2,4156
60,4156
63,4156
64,4156
12,4159
67,4159
12,4160
72,4160
89,4160
60,4161
8,4162
57,4162
81,4162
88,4163
57,4164
73,4164
91,4164
3,4167
58,4168
83,4168
5,4169
56,4170
63,4170
97,4170
5,4171
4,4172
4,4173
89,4173
3,4174
75,4174
84,4174
97,4174
90,4177
10,4178
70,4178
29,4180
8,4186
43,4186
43,4187
62,4189
20,4190
5,4191
89,4192
14,4193
59,4193
73,4193
55,4194
70,4194
7,4196
64,4197
83,4197
93,4198
86,4200
97,4200
26,4201
6,4202
29,4202
3,4203
43,4203
55,4203
5,4204
84,4204
93,4204
30,4205
4,4206
26,4206
78,4206
86,4206
98,4206
5,4207
44,4207
4,4208
68,4208
98,4209
3,4210
15,4213
67,4213
54,4214
28,4215
75,4216
7,4217
10,4217
60,4217
1,4219
14,4219
12,4220
36,4220
65,4220
1,4221
19,4221
2,4222
1,4224
69,4226
81,4226
2,4227
80,4227
2,4228
1,4229
2,4231
31,4231
77,4232
26,4233
48,4233
1,4234
16,4234
48,4235
71,4238
2,4240
50,4240
91,4240
100,4241
1,4241
3,4241
46,4241
2,4243
49,4243
5,4244
4,4245
7,4246
4,4247
5,4250
25,4250
87,4250
100,4252
3,4252
9,4252
40,4252
60,4255
83,4255
88,4256
95,4256
59,4258
93,4261
67,4263
73,4263
100,4264
3,4264
33,4264
71,4264
5,4265
10,4265
23,4265
4,4267
30,4267
65,4267
96,4267
1,4268
3,4268
93,4268
5,4269
1,4270
4,4270
95,4271
2,4273
3,4273
1,4274
4,4274
2,4276
3,4276
5,4277
26,4277
2,4278
5,4279
4,4280
63,4280
98,4280
3,4283
5,4286
75,4286
5,4287
25,4287
7,4291
4,4292
35,4292
1,4293
75,4293
4,4294
1,4295
91,4295
19,4296
73,4296
3,4297
2,4298
18,4298
54,4298
1,4299
2,4300
29,4300
55,4300
84,4300
2,4302
48,4302
24,4303
91,4303
52,4304
54,4304
29,4306
85,4307
76,4308
71,4309
21,4310
98,4310
57,4312
78,4312
30,4313
98,4314
69,4316
90,4316
21,4317
91,4317
93,4318
13,4319
24,4320
71,4320
74,4320
59,4321
64,4321
97,4321
19,4322
28,4323
10,4324
84,4324
1,4325
100,4326
2,4327
32,4327
1,4328
14,4328
85,4328
1,4329
56,4329
66,4329
2,4330
45,4330
50,4330
71,4330
79,4330
95,4330
2,4331
40,4333
55,4333
32,4335
27,4336
22,4337
3,4338
55,4338
85,4338
53,4339
5,4340
21,4340
4,4341
78,4341
5,4342
32,4342
4,4344
54,4344
73,4344
98,4347
47,4348
3,4349
35,4354
68,4354
29,4356
55,4356
82,4356
57,4357
70,4357
89,4357
30,4358
34,4358
44,4360
77,4360
74,4361
93,4361
84,4362
57,4365
92,4365
3,4366
64,4366
5,4367
4,4368
52,4369
4,4370
9,4370
52,4370
22,4371
27,4371
73,4372
3,4375
5,4376
89,4376
3,4377
5,4378
4,4379
85,4379
37,4380
4,4381
20,4381
67,4382
79,4382
5,4383
16,4383
40,4383
51,4384
84,4384
35,4385
3,4387
8,4387
27,4388
59,4388
30,4389
13,4390
14,4391
24,4392
28,4392
36,4392
28,4393
13,4394
45,4398
93,4398
33,4399
8,4401
17,4401
35,4401
20,4402
24,4402
50,4402
50,4405
58,4405
37,4407
84,4407
87,4410
92,4410
94,4410
71,4416
86,4416
1,4417
96,4417
2,4418
60,4418
82,4418
1,4419
31,4419
55,4419
83,4420
10,4421
2,4422
32,4423
31,4424
1,4425
2,4426
100,4427
23,4428
15,4429
22,4431
29,4431
42,4431
83,4431
10,4435
78,4436
21,4437
34,4437
98,4439
45,4440
40,4444
98,4444
78,4445
72,4446
39,4447
52,4447
7,4449
14,4450
39,4451
46,4452
92,4452
29,4453
35,4455
48,4455
48,4457
50,4457
93,4458
33,4460
12,4461
32,4461
72,4461
87,4461
3,4463
5,4464
14,4464
4,4466
14,4466
15,4466
46,4466
3,4467
20,4467
39,4467
15,4472
5,4473
67,4473
81,4473
4,4474
3,4475
48,4475
80,4475
86,4475
1,4476
4,4476
1,4477
3,4477
5,4478
20,4478
2,4479
33,4480
35,4481
94,4481
1,4482
5,4482
2,4483
44,4483
76,4483
2,4484
4,4485
60,4485
44,4488
71,4488
83,4489
32,4490
71,4492
63,4493
93,4495
91,4496
34,4497
60,4498
72,4499
14,4501
43,4501
37,4504
57,4505
87,4507
44,4508
70,4508
77,4510
71,4511
68,4513
69,4513
76,4513
46,4514
96,4516
14,4517
73,4517
48,4518
28,4520
31,4524
34,4524
45,4527
1,4528
47,4529
14,4530
51,4530
21,4531
28,4531
85,4531
63,4533
66,4533
2,4535
77,4535
1,4536
1,4537
61,4537
58,4538
32,4539
33,4539
34,4539
69,4540
99,4541
2,4542
2,4543
30,4543
59,4543
11,4544
97,4544
26,4545
48,4545
78,4546
10,4547
64,4548
43,4549
27,4551
37,4552
86,4553
28,4556
24,4558
1,4559
53,4559
1,4561
64,4561
75,4561
34,4562
100,4563
2,4563
17,4563
49,4564
44,4566
2,4568
1,4571
74,4571
2,4573
32,4573
62,4573
23,4576
40,4576
45,4577
47,4577
13,4578
17,4578
65,4578
90,4579
92,4579
12,4580
46,4580
25,4583
26,4584
63,4585
22,4587
44,4587
38,4588
12,4589
27,4593
91,4597
76,4598
37,4599
35,4601
48,4602
9,4603
46,4603
72,4605
87,4605
10,4606
80,4606
40,4607
71,4612
28,4613
35,4613
33,4614
21,4615
62,4615
67,4615
6,4616
14,4616
15,4621
45,4621
55,4621
3,4622
36,4624
39,4624
4,4625
81,4625
5,4626
59,4627
4,4628
49,4628
5,4630
60,4631
3,4632
53,4638
47,4641
25,4642
56,4642
24,4643
19,4645
22,4648
40,4648
94,4649
14,4650
88,4650
52,4651
13,4652
6,4653
65,4653
30,4654
61,4654
51,4657
83,4657
5,4658
87,4660
27,4662
68,4663
70,4665
8,4667
75,4667
50,4669
61,4669
1,4670
45,4670
88,4670
2,4671
1,4672
1,4675
80,4675
2,4677
92,4677
57,4678
2,4680
63,4680
21,4681
10,4682
35,4683
90,4683
59,4686
66,4686
84,4686
70,4687
41,4688
43,4689
24,4690
33,4690
73,4690
69,4691
24,4692
84,4692
29,4695
1,4699
43,4699
2,4702
31,4702
1,4703
43,4704
34,4705
1,4707
15,4707
56,4707
46,4708
2,4709
2,4711
46,4713
61,4713
84,4713
1,4714
27,4714
66,4714
90,4714
2,4715
66,4715
1,4716
1,4717
72,4717
2,4718
40,4718
51,4720
29,4721
2,4723
13,4723
44,4723
58,4723
75,4726
57,4727
70,4728
45,4729
52,4729
55,4729
99,4729
9,4730
3,4732
4,4733
64,4734
99,4734
6,4736
5,4737
59,4737
96,4737
1,4739
8,4739
4,4740
93,4740
26,4741
3,4742
60,4742
74,4742
5,4744
67,4744
24,4745
1,4746
61,4747
2,4748
45,4748
93,4749
3,4750
57,4750
79,4750
1,4751
5,4752
60,4752
2,4753
5,4753
2,4754
4,4754
44,4754
4,4755
3,4758
19,4758
68,4758
28,4760
1,4763
35,4763
1,4764
2,4765
19,4765
19,4766
53,4767
76,4767
54,4768
77,4768
80,4768
1,4769
12,4770
2,4771
7,4771
2,4773
55,4773
83,4774
30,4775
9,4776
15,4776
30,4778
38,4778
6,4779
86,4779
9,4780
40,4780
86,4781
75,4782
37,4783
39,4785
49,4786
86,4787
94,4787
16,4790
31,4791
32,4792
35,4792
59,4793
70,4793
71,4793
23,4794
62,4794
58,4795
73,4795
86,4795
86,4796
13,4798
30,4798
45,4800
51,4801
88,4803
27,4804
44,4805
52,4805
67,4805
31,4806
74,4806
80,4807
98,4807
88,4809
28,4810
59,4810
95,4811
54,4812
68,4812
72,4812
39,4813
42,4813
73,4814
79,4815
1,4816
2,4820
38,4820
1,4821
8,4821
2,4822
41,4822
58,4822
1,4823
50,4825
56,4825
31,4826
33,4826
2,4827
33,4827
66,4827
15,4828
43,4828
56,4828
33,4832
39,4832
79,4832
1,4833
3,4833
38,4833
70,4834
2,4835
5,4835
27,4835
1,4836
4,4836
10,4837
4,4838
25,4838
91,4838
5,4839
77,4839
40,4840
66,4840
2,4842
3,4842
38,4842
90,4843
1,4845
48,4845
50,4845
2,4846
3,4847
10,4847
87,4847
4,4848
28,4848
61,4848
4,4849
97,4849
5,4850
54,4850
18,4852
19,4854
61,4855
100,4856
3,4856
5,4857
42,4858
53,4858
30,4859
76,4859
1,4860
27,4860
70,4860
3,4861
1,4862
2,4863
5,4863
81,4864
5,4865
38,4865
1,4866
4,4866
2,4867
4,4867
3,4868
2,4869
93,4872
15,4873
75,4873
25,4875
59,4875
36,4877
48,4877
66,4878
33,4879
3,4880
8,4880
5,4881
4,4882
22,4882
3,4884
4,4885
5,4886
64,4886
62,4889
80,4889
31,4890
60,4890
84,4893
93,4893
40,4894
40,4897
94,4898
64,4899
75,4900
87,4901
27,4902
38,4910
67,4911
3,4912
4,4914
12,4914
21,4914
1,4915
5,4915
57,4915
5,4916
51,4916
53,4916
2,4917
1,4918
3,4918
11,4918
78,4918
2,4919
4,4919
1,4920
89,4921
2,4922
29,4922
80,4922
22,4926
24,4926
67,4926
29,4931
22,4932
1,4933
1,4934
100,4935
2,4935
71,4935
1,4936
57,4936
28,4938
2,4939
22,4939
37,4939
78,4939
64,4940
2,4941
55,4942
2,4943
22,4944
84,4944
86,4944
100,4945
86,4946
34,4948
19,4949
35,4951
18,4952
73,4952
67,4953
1,4954
68,4956
61,4957
2,4959
86,4959
2,4961
19,4962
78,4962
1,4963
1,4964
2,4965
80,4966
2,4967
3,4967
5,4968
10,4968
37,4969
91,4969
94,4970
36,4971
37,4972
4,4973
9,4973
76,4973
86,4974
84,4977
1,4978
5,4978
1,4979
18,4979
2,4980
11,4980
58,4980
88,4980
84,4981
3,4982
2,4983
4,4984
41,4985
58,4985
64,4986
83,4986
18,4987
22,4988
80,4988
1,4989
23,4989
2,4990
96,4990
68,4991
77,4991
65,4992
3,4993
38,4993
39,4993
66,4994
5,4995
69,4995
4,4997
29,4997
19,4999
28,4999
77,4999
14,5001
57,5002
90,5002
3,5003
83,5003
23,5004
4,5005
43,5005
1,5007
5,5007
69,5007
98,5007
11,5009
21,5009
44,5009
67,5010
18,5011
30,5011
23,5012
38,5012
56,5012
11,5013
59,5014
84,5015
22,5016
54,5016
72,5016
78,5016
38,5018
3,5021
75,5021
76,5021
92,5021
6,5022
24,5024
31,5024
4,5025
5,5026
3,5027
41,5028
4,5029
20,5029
92,5029
5,5030
9,5031
78,5032
65,5033
67,5033
68,5035
74,5036
23,5038
74,5038
14,5043
53,5045
55,5046
67,5047
88,5047
36,5048
1,5049
47,5049
60,5049
64,5049
2,5050
75,5052
1,5053
78,5054
1,5055
18,5055
61,5055
2,5056
22,5057
67,5057
93,5057
20,5058
37,5058
64,5058
2,5060
42,5061
1,5064
27,5064
2,5065
28,5065
1,5066
78,5066
2,5067
18,5068
1,5069
64,5069
52,5070
88,5070
63,5071
11,5072
27,5072
85,5072
95,5072
2,5073
84,5075
18,5076
21,5077
45,5078
36,5079
16,5082
45,5084
8,5086
74,5086
1,5087
35,5087
2,5088
1,5089
61,5089
2,5090
1,5091
2,5091
2,5092
9,5092
20,5095
54,5095
71,5095
73,5095
87,5095
63,5096
62,5097
89,5097
42,5099
60,5099
7,5100
30,5102
28,5103
46,5103
1,5104
48,5104
54,5104
68,5104
70,5104
79,5104
26,5105
100,5106
11,5107
15,5109
80,5109
14,5110
19,5110
40,5111
91,5112
23,5113
32,5113
76,5115
20,5117
98,5118
1,5119
90,5119
96,5119
2,5120
14,5120
21,5120
42,5120
51,5121
1,5122
1,5123
40,5123
82,5123
63,5124
2,5125
3,5125
29,5125
2,5126
100,5127
22,5127
97,5127
13,5130
1,5132
60,5132
29,5133
48,5134
55,5135
71,5135
71,5142
3,5143
5,5144
43,5144
68,5144
5,5145
16,5145
42,5145
4,5146
88,5146
3,5148
15,5148
95,5148
61,5149
95,5149
4,5150
42,5152
87,5152
30,5153
18,5154
11,5156
41,5156
65,5156
51,5157
67,5157
96,5157
74,5158
51,5161
14,5162
71,5162
83,5162
41,5164
84,5165
26,5166
63,5166
38,5167
61,5168
3,5169
4,5171
23,5171
5,5172
7,5172
9,5172
3,5174
43,5174
41,5175
1,5176
4,5176
5,5177
49,5177
67,5177
84,5177
2,5178
38,5178
98,5178
1,5179
64,5179
61,5180
70,5180
90,5180
35,5181
57,5181
79,5181
2,5182
11,5182
1,5183
84,5183
2,5185
24,5185
40,5185
73,5185
70,5189
26,5190
99,5190
50,5192
15,5193
57,5193
81,5195
38,5196
63,5196
89,5197
22,5201
75,5201
25,5202
57,5203
15,5204
22,5204
99,5204
18,5206
35,5206
62,5207
72,5207
82,5207
12,5208
33,5208
68,5208
17,5209
30,5209
57,5209
79,5211
29,5216
83,5217
12,5219
60,5220
80,5220
29,5221
98,5221
35,5222
14,5223
16,5223
94,5223
77,5225
75,5227
40,5229
43,5229
71,5230
1,5232
77,5232
84,5232
46,5233
15,5234
65,5234
80,5234
2,5235
1,5236
2,5237
1,5238
42,5238
15,5239
2,5240
99,5240
27,5241
42,5242
74,5242
26,5243
1,5244
62,5244
90,5246
64,5247
1,5248
47,5249
91,5250
100,5251
86,5251
2,5252
2,5254
15,5255
49,5255
10,5256
16,5256
74,5256
6,5259
7,5259
1,5260
2,5261
14,5262
25,5262
42,5262
89,5264
69,5266
1,5268
98,5268
1,5271
2,5272
2,5273
1,5275
63,5275
2,5277
4,5279
28,5279
29,5281
75,5281
25,5282
33,5282
51,5283
43,5285
76,5285
11,5286
3,5287
91,5287
4,5288
100,5289
5,5289
60,5289
85,5291
5,5292
71,5292
86,5292
3,5294
75,5294
88,5294
92,5294
4,5295
18,5295
68,5295
22,5296
14,5297
97,5297
46,5298
66,5298
72,5298
95,5298
55,5299
83,5299
85,5299
19,5303
74,5305
53,5306
19,5307
13,5310
28,5310
3,5311
64,5311
66,5311
4,5312
5,5313
28,5315
99,5315
36,5316
81,5316
57,5318
80,5318
38,5319
5,5320
80,5320
98,5320
44,5321
98,5322
44,5323
61,5323
77,5324
1,5325
4,5325
75,5326
78,5326
2,5327
24,5327
54,5327
58,5327
61,5327
26,5328
67,5328
1,5329
1,5330
2,5331
37,5332
3,5333
37,5333
2,5336
76,5337
46,5340
19,5342
40,5342
72,5342
1,5343
25,5343
2,5344
66,5344
96,5345
1,5346
2,5347
59,5347
72,5347
1,5348
46,5348
2,5349
66,5349
7,5350
41,5350
48,5350
3,5352
4,5353
6,5353
90,5353
3,5354
7,5354
94,5354
5,5356
75,5356
36,5357
46,5357
55,5357
4,5358
73,5358
86,5358
23,5359
45,5359
50,5361
58,5362
5,5363
77,5363
40,5364
21,5366
37,5367
66,5367
81,5369
94,5370
85,5371
50,5373
18,5375
1,5379
80,5379
1,5380
71,5380
2,5381
26,5381
28,5381
42,5381
43,5381
61,5382
1,5383
2,5384
2,5385
84,5385
31,5386
52,5386
78,5386
88,5386
46,5387
85,5387
25,5388
16,5389
54,5390
10,5391
17,5391
47,5391
80,5392
83,5393
37,5395
42,5395
68,5396
98,5396
75,5397
47,5398
62,5398
82,5399
91,5399
71,5400
23,5401
94,5403
32,5407
71,5408
69,5409
84,5409
67,5410
59,5411
93,5411
42,5412
56,5414
19,5415
40,5416
13,5419
31,5419
45,5419
93,5419
43,5420
85,5420
34,5421
1,5423
7,5423
86,5423
10,5424
77,5424
81,5424
85,5424
1,5425
2,5426
2,5428
39,5428
9,5429
1,5430
2,5431
32,5432
39,5434
75,5435
7,5436
23,5437
24,5437
25,5437
25,5440
1,5445
62,5445
1,5446
2,5447
37,5447
68,5447
71,5447
2,5448
31,5448
37,5448
1,5449
24,5449
57,5449
2,5450
42,5450
6,5453
79,5454
9,5455
19,5455
77,5455
1,5458
22,5458
31,5458
49,5458
12,5459
94,5459
2,5460
27,5460
38,5460
60,5460
1,5461
34,5461
62,5461
86,5461
29,5463
87,5463
75,5464
91,5464
1,5465
21,5465
43,5465
48,5465
79,5465
17,5466
66,5467
91,5467
99,5467
2,5468
46,5468
73,5468
63,5469
16,5471
48,5471
45,5472
2,5473
3,5474
9,5474
4,5475
24,5475
74,5475
83,5475
94,5476
3,5478
88,5480
1,5481
5,5481
1,5483
3,5483
5,5484
9,5484
41,5484
31,5485
2,5486
4,5487
41,5487
71,5487
91,5487
93,5487
1,5489
2,5490
63,5490
2,5491
3,5491
40,5491
87,5491
36,5494
65,5494
4,5495
10,5497
87,5497
91,5497
3,5501
67,5501
68,5501
61,5505
68,5505
5,5506
31,5506
43,5506
98,5506
99,5506
5,5507
4,5508
32,5510
24,5511
54,5512
32,5515
60,5515
44,5516
94,5517
3,5518
28,5518
5,5519
61,5519
4,5520
77,5520
80,5520
30,5521
42,5521
57,5521
5,5522
87,5522
4,5524
41,5524
3,5525
46,5525
84,5527
35,5528
15,5530
29,5530
41,5530
72,5530
93,5530
18,5531
95,5532
3,5533
4,5534
44,5534
40,5535
54,5535
3,5536
21,5536
31,5536
99,5536
5,5542
8,5542
16,5542
4,5543
5,5544
35,5545
63,5545
81,5545
5,5548
99,5548
24,5551
64,5551
41,5552
64,5552
45,5553
63,5554
1,5555
92,5555
67,5556
90,5557
59,5559
16,5561
36,5561
53,5561
1,5562
88,5562
40,5563
97,5563
2,5564
20,5564
87,5564
74,5565
1,5566
83,5566
28,5568
2,5569
10,5569
2,5570
57,5571
58,5571
97,5574
100,5575
94,5576
59,5577
66,5578
73,5581
80,5581
84,5581
39,5582
78,5583
100,5585
1,5586
15,5586
58,5586
90,5586
1,5587
3,5587
56,5587
2,5588
17,5588
1,5589
5,5589
2,5590
4,5590
3,5591
2,5592
4,5592
65,5592
68,5593
5,5594
45,5594
43,5595
46,5595
18,5596
3,5598
33,5599
80,5599
5,5600
1,5601
43,5601
81,5601
2,5602
4,5602
1,5603
3,5603
1,5604
92,5604
2,5605
29,5605
2,5606
21,5606
67,5606
68,5606
93,5606
4,5607
5,5608
59,5608
72,5608
67,5609
70,5609
48,5610
64,5610
1,5612
80,5612
56,5613
92,5613
1,5614
19,5614
30,5614
2,5615
1,5616
39,5616
40,5616
2,5617
25,5617
43,5617
18,5618
46,5619
40,5620
93,5620
2,5621
7,5622
24,5623
92,5623
24,5624
65,5624
64,5625
83,5625
74,5628
40,5630
10,5631
85,5633
100,5634
44,5634
59,5634
97,5634
41,5635
42,5635
72,5635
97,5636
1,5637
61,5637
33,5638
2,5639
1,5641
83,5641
96,5641
2,5642
1,5643
62,5643
2,5644
61,5644
35,5645
98,5645
38,5647
81,5648
86,5649
31,5650
45,5650
68,5650
91,5650
35,5651
52,5651
89,5651
5,5654
19,5654
77,5655
90,5655
67,5656
80,5656
11,5657
51,5657
74,5657
98,5657
68,5658
66,5659
26,5660
27,5660
82,5660
89,5660
22,5661
56,5662
75,5664
90,5664
74,5669
93,5669
20,5670
25,5670
20,5671
99,5671
39,5673
41,5674
67,5674
74,5675
87,5675
1,5676
19,5676
1,5677
27,5677
85,5678
85,5679
2,5680
40,5680
81,5680
91,5680
97,5680
2,5682
28,5682
1,5683
50,5683
38,5684
10,5685
2,5686
18,5692
72,5692
100,5694
24,5695
3,5696
24,5696
49,5696
70,5696
4,5698
16,5698
94,5698
4,5699
21,5699
3,5700
5,5701
58,5703
5,5704
9,5705
53,5706
66,5708
93,5709
42,5711
48,5711
50,5712
67,5713
3,5714
94,5714
4,5715
34,5715
3,5717
87,5717
10,5719
64,5719
24,5720
5,5721
23,5721
87,5721
17,5722
52,5722
31,5723
5,5724
10,5724
15,5724
26,5724
77,5724
4,5725
65,5725
11,5726
78,5726
1,5727
59,5727
20,5728
79,5728
2,5729
36,5730
1,5731
23,5731
3,5732
51,5732
81,5732
2,5733
98,5733
69,5734
1,5735
4,5735
28,5735
31,5735
62,5735
89,5735
42,5736
94,5736
4,5737
61,5737
62,5737
2,5738
9,5738
5,5739
99,5739
68,5743
5,5744
3,5745
3,5747
32,5747
70,5747
79,5747
4,5748
67,5751
3,5752
35,5753
4,5754
1,5755
5,5755
5,5756
1,5757
32,5758
64,5758
2,5759
57,5759
1,5761
2,5762
2,5763
43,5765
61,5765
64,5765
32,5770
77,5770
9,5771
43,5772
31,5774
32,5774
1,5775
43,5775
2,5777
57,5778
65,5778
1,5779
2,5780
59,5780
70,5780
86,5780
23,5782
31,5782
57,5782
18,5783
35,5784
43,5785
1,5786
2,5787
31,5787
84,5787
90,5788
100,5790
18,5790
40,5791
42,5791
88,5791
20,5792
30,5792
1,5793
9,5793
50,5793
64,5793
1,5794
32,5794
52,5794
69,5794
2,5795
15,5795
1,5796
22,5796
2,5797
67,5797
2,5798
82,5800
92,5801
91,5802
97,5802
9,5803
89,5803
67,5804
3,5805
20,5805
71,5805
83,5806
62,5807
74,5807
2,5808
9,5809
24,5809
26,5810
4,5811
78,5811
92,5811
5,5813
26,5813
4,5814
63,5815
76,5815
5,5816
3,5817
40,5817
62,5817
61,5818
3,5820
71,5820
15,5821
38,5821
10,5823
69,5824
27,5826
48,5828
95,5828
3,5829
34,5829
42,5829
68,5829
70,5829
78,5829
8,5830
37,5830
19,5831
75,5832
52,5834
91,5834
7,5836
63,5836
12,5837
82,5838
54,5839
86,5839
8,5840
1,5841
22,5841
79,5841
1,5843
2,5846
47,5846
32,5847
47,5847
36,5849
1,5850
46,5850
2,5851
17,5851
2,5852
50,5852
63,5852
24,5853
93,5853
57,5855
75,5855
14,5856
32,5856
34,5856
46,5858
42,5859
61,5859
100,5861
100,5862
13,5863
27,5868
58,5868
73,5869
98,5870
88,5872
27,5873
60,5873
7,5874
39,5874
40,5874
56,5876
15,5877
79,5877
58,5878
20,5879
26,5879
55,5879
84,5879
96,5879
15,5880
34,5880
28,5881
16,5882
94,5884
69,5886
86,5886
15,5887
59,5889
77,5890
41,5892
62,5892
59,5895
98,5895
76,5896
89,5897
93,5898
90,5899
48,5901
8,5904
48,5904
57,5904
45,5905
77,5905
7,5906
87,5906
68,5907
90,5909
92,5909
92,5911
47,5914
79,5914
48,5917
75,5917
31,5918
93,5918
16,5921
21,5921
49,5924
41,5925
38,5926
23,5928
74,5929
49,5930
74,5930
68,5933
97,5934
30,5935
96,5935
65,5936
89,5936
3,5937
4,5939
33,5939
4,5940
27,5940
70,5940
59,5941
3,5942
5,5943
22,5943
5,5944
26,5944
51,5944
99,5944
81,5946
66,5947
27,5948
42,5948
3,5950
78,5950
85,5950
5,5951
36,5951
86,5951
100,5953
91,5953
96,5953
4,5954
3,5955
11,5955
45,5955
16,5956
98,5957
4,5958
76,5958
99,5960
5,5962
45,5962
51,5962
100,5963
96,5963
42,5964
53,5965
72,5965
3,5967
4,5968
53,5969
64,5969
43,5970
5,5971
70,5971
14,5972
55,5972
68,5972
5,5973
4,5974
73,5974
97,5974
3,5975
42,5975
85,5977
10,5978
57,5978
11,5979
3,5980
42,5980
4,5981
11,5981
5,5982
29,5982
5,5984
23,5984
4,5985
64,5985
3,5986
98,5987
95,5988
65,5989
34,5990
77,5990
48,5991
29,5992
59,5995
67,5995
15,5997
20,5997
29,5998
45,5998
79,5998
37,5999
36,6000
3,6004
4,6006
5,6007
5,6008
4,6009
33,6009
3,6010
11,6011
59,6011
30,6015
73,6015
47,6016
66,6016
10,6018
60,6018
13,6020
94,6020
31,6021
37,6022
33,6023
16,6024
58,6024
87,6024
8,6025
22,6025
27,6025
62,6025
41,6027
24,6028
85,6028
89,6028
90,6028
75,6029
26,6030
25,6031
92,6032
65,6033
97,6033
95,6034
20,6035
79,6035
92,6035
29,6036
55,6037
36,6038
36,6039
12,6040
46,6040
55,6040
73,6040
86,6040
93,6040
41,6041
74,6041
29,6042
45,6042
74,6042
71,6044
52,6045
1,6047
75,6047
40,6048
1,6049
44,6049
89,6049
2,6051
43,6051
51,6051
68,6051
1,6052
2,6053
20,6053
58,6053
69,6053
52,6055
61,6055
2,6057
17,6057
57,6057
62,6059
99,6060
28,6061
5,6062
20,6062
56,6063
37,6064
39,6065
98,6067
33,6068
59,6069
85,6070
1,6071
2,6073
43,6074
1,6075
24,6075
57,6075
72,6076
2,6077
1,6078
35,6078
55,6078
2,6079
3,6080
25,6081
44,6081
77,6081
12,6083
22,6084
92,6084
69,6086
87,6086
31,6087
92,6090
96,6091
3,6092
19,6092
61,6092
82,6092
88,6092
15,6093
4,6094
76,6094
88,6094
3,6095
27,6095
55,6095
4,6096
5,6097
5,6098
8,6098
80,6098
6,6099
19,6103
28,6103
55,6105
77,6106
87,6106
91,6107
12,6108
83,6108
24,6109
72,6109
33,6111
15,6113
11,6114
82,6114
51,6115
10,6116
99,6117
1,6118
98,6118
9,6119
55,6119
60,6119
85,6120
1,6121
19,6121
92,6121
2,6122
16,6122
1,6123
2,6124
31,6125
58,6126
75,6126
97,6127
2,6128
37,6130
49,6130
11,6133
37,6133
63,6133
16,6134
72,6135
88,6136
77,6137
66,6138
12,6140
24,6142
32,6143
81,6145
85,6145
28,6146
43,6146
100,6148
63,6149
99,6149
51,6152
100,6155
5,6155
81,6156
61,6157
1,6161
1,6162
2,6163
60,6163
1,6164
99,6164
2,6165
60,6165
77,6165
20,6166
34,6166
37,6166
61,6167
95,6167
37,6169
2,6170
17,6170
20,6173
41,6175
95,6175
11,6178
25,6179
90,6179
79,6182
100,6183
96,6184
11,6185
87,6185
1,6187
78,6188
1,6189
4,6190
68,6190
2,6191
2,6192
90,6193
1,6194
2,6196
79,6196
82,6197
89,6197
1,6198
28,6198
1,6199
10,6199
14,6199
51,6200
2,6202
38,6202
75,6202
43,6203
12,6204
56,6204
1,6205
37,6205
88,6205
2,6206
66,6206
2,6207
6,6207
36,6207
41,6209
59,6209
92,6210
48,6211
3,6212
80,6213
43,6214
79,6214
4,6215
85,6218
87,6219
4,6220
95,6220
5,6222
98,6222
5,6223
76,6223
3,6224
48,6224
42,6225
51,6225
52,6226
45,6227
76,6227
14,6228
22,6228
27,6228
73,6229
26,6233
88,6236
62,6238
35,6240
81,6241
73,6242
44,6244
45,6244
14,6247
30,6247
30,6248
44,6249
76,6250
69,6251
98,6251
52,6252
92,6252
23,6253
1,6254
22,6254
2,6255
30,6255
85,6255
5,6256
1,6257
1,6258
29,6259
46,6259
2,6260
40,6260
64,6260
77,6260
28,6261
54,6262
79,6262
82,6262
91,6262
2,6263
24,6263
46,6263
29,6265
92,6267
88,6268
8,6269
15,6271
16,6271
66,6271
14,6272
14,6276
29,6276
74,6276
96,6276
7,6280
48,6280
1,6281
50,6282
2,6283
1,6285
59,6285
86,6285
13,6286
19,6286
56,6286
87,6286
1,6287
87,6287
2,6289
12,6289
71,6289
2,6290
86,6294
7,6297
64,6297
98,6297
52,6300
57,6300
87,6300
48,6302
1,6304
98,6305
6,6306
2,6307
11,6307
1,6308
4,6309
1,6310
40,6310
41,6310
59,6310
62,6310
96,6310
2,6311
14,6311
76,6311
12,6312
78,6312
2,6313
99,6314
12,6316
51,6316
1,6317
64,6317
2,6318
9,6318
1,6319
39,6319
1,6320
85,6320
2,6323
67,6324
2,6325
19,6325
92,6325
18,6328
83,6336
15,6337
62,6338
75,6341
36,6342
55,6342
3,6343
42,6343
5,6344
34,6344
1,6345
4,6345
27,6345
50,6345
3,6346
4,6346
29,6346
96,6346
5,6347
19,6347
24,6348
44,6348
4,6349
9,6349
66,6349
1,6350
26,6351
2,6352
76,6352
1,6353
36,6353
70,6353
2,6355
2,6357
29,6358
78,6358
66,6359
68,6359
1,6360
6,6360
30,6360
36,6360
97,6360
9,6361
2,6362
10,6363
23,6363
1,6364
11,6364
52,6364
83,6366
100,6367
23,6368
2,6369
7,6371
20,6371
75,6371
81,6371
1,6373
4,6373
11,6374
22,6374
45,6374
35,6375
78,6375
84,6375
2,6376
23,6377
99,6377
27,6383
42,6384
3,6385
11,6385
87,6385
5,6386
5,6387
70,6388
4,6389
100,6391
4,6392
25,6396
3,6397
79,6397
80,6397
1,6399
9,6401
2,6402
45,6403
19,6404
56,6404
1,6405
5,6405
87,6405
98,6406
48,6407
1,6409
3,6409
5,6410
9,6410
2,6411
4,6411
2,6412
19,6412
48,6412
65,6412
70,6413
87,6415
37,6416
1,6417
3,6418
2,6419
4,6419
1,6420
51,6420
1,6421
5,6421
72,6421
28,6423
40,6423
67,6423
23,6424
2,6425
2,6426
3,6427
12,6427
4,6428
65,6429
5,6430
66,6430
57,6431
58,6431
78,6431
82,6432
4,6433
4,6434
81,6434
99,6434
5,6435
11,6435
94,6435
3,6436
64,6436
3,6437
60,6437
92,6437
100,6439
4,6439
97,6439
5,6440
10,6440
3,6442
98,6443
4,6444
5,6445
3,6446
4,6447
83,6447
35,6448
38,6448
49,6449
4,6450
3,6452
39,6452
1,6453
5,6454
2,6455
5,6455
68,6455
2,6456
57,6456
1,6458
33,6459
73,6459
86,6459
2,6460
69,6460
94,6460
69,6461
1,6462
10,6462
25,6462
96,6462
2,6463
3,6465
7,6465
5,6466
29,6466
4,6467
98,6467
5,6469
12,6469
3,6470
12,6470
52,6470
4,6471
24,6471
49,6474
28,6475
79,6475
35,6477
50,6477
51,6477
80,6477
11,6479
48,6479
74,6480
1,6481
3,6481
37,6481
3,6482
54,6482
71,6482
5,6483
53,6483
55,6483
4,6484
14,6484
15,6484
1,6485
78,6485
86,6485
2,6486
3,6486
93,6486
48,6487
49,6487
1,6488
2,6489
4,6490
53,6490
77,6490
86,6490
2,6491
5,6491
1,6492
77,6492
2,6493
87,6494
1,6495
2,6496
54,6496
1,6497
2,6498
38,6498
12,6500
53,6503
57,6504
81,6504
82,6504
81,6506
49,6507
50,6508
64,6511
3,6512
95,6512
5,6513
86,6513
5,6514
83,6514
4,6515
21,6515
25,6516
81,6517
4,6518
11,6518
56,6518
3,6520
31,6522
41,6524
91,6526
21,6528
18,6532
60,6532
72,6532
46,6533
83,6534
32,6535
97,6535
95,6537
71,6538
44,6539
6,6541
14,6541
83,6541
30,6542
30,6547
12,6548
36,6548
71,6549
49,6551
58,6551
44,6552
80,6552
83,6552
34,6553
92,6556
7,6558
1,6559
71,6559
17,6560
20,6560
19,6561
68,6561
28,6563
80,6563
2,6564
10,6564
91,6564
1,6565
22,6565
96,6565
2,6566
97,6566
1,6568
6,6568
36,6568
2,6570
12,6570
88,6572
22,6575
64,6576
77,6577
87,6577
1,6578
91,6578
100,6579
12,6579
100,6580
82,6580
27,6581
2,6582
35,6582
88,6582
1,6584
19,6585
1,6586
22,6586
31,6587
95,6587
26,6588
99,6588
2,6589
45,6589
2,6590
24,6591
97,6592
86,6596
80,6597
52,6598
35,6599
10,6600
24,6600
87,6602
51,6603
3,6605
59,6605
99,6605
5,6606
34,6606
89,6606
4,6607
64,6608
73,6608
4,6609
91,6609
74,6610
78,6610
5,6613
3,6614
92,6614
57,6615
94,6617
100,6618
45,6618
55,6618
3,6619
27,6619
98,6619
5,6621
11,6621
17,6621
4,6622
55,6622
81,6622
34,6624
48,6624
5,6625
60,6625
15,6626
92,6627
78,6629
4,6630
3,6631
22,6632
80,6632
15,6633
9,6634
15,6635
35,6635
54,6636
76,6636
85,6636
74,6637
56,6639
35,6640
93,6640
35,6641
4,6643
8,6643
37,6645
67,6646
14,6647
37,6647
32,6648
54,6648
17,6649
41,6649
98,6649
42,6650
68,6653
78,6654
23,6655
55,6655
88,6655
51,6657
63,6658
100,6659
1,6659
73,6659
85,6659
2,6660
9,6661
81,6661
83,6662
1,6663
97,6663
1,6664
3,6664
6,6664
35,6664
4,6665
27,6665
31,6666
3,6668
96,6668
2,6669
52,6669
87,6669
5,6670
44,6670
2,6671
6,6671
4,6672
13,6672
48,6672
5,6674
21,6675
60,6675
22,6676
44,6678
27,6679
37,6679
63,6679
21,6680
50,6681
1,6682
10,6682
27,6682
48,6682
61,6682
76,6682
78,6682
43,6683
82,6684
1,6685
2,6686
6,6686
26,6686
37,6686
38,6686
17,6688
35,6688
63,6688
1,6689
59,6689
65,6690
70,6690
74,6690
2,6692
10,6693
26,6693
70,6695
78,6696
41,6697
27,6698
2,6699
35,6700
85,6701
6,6703
97,6703
22,6705
20,6708
48,6708
27,6709
19,6712
40,6712
68,6712
15,6713
37,6713
60,6713
49,6714
16,6717
35,6717
67,6717
60,6718
32,6719
77,6719
80,6719
100,6720
92,6721
28,6722
70,6722
56,6725
39,6726
45,6727
1,6729
67,6729
74,6729
93,6729
41,6730
14,6731
72,6731
93,6731
38,6732
1,6733
2,6734
83,6735
1,6736
43,6736
26,6737
91,6737
24,6740
32,6740
97,6741
49,6743
2,6744
2,6745
61,6749
16,6750
97,6754
99,6754
33,6755
81,6755
37,6757
65,6757
80,6758
89,6758
13,6759
87,6760
98,6760
7,6761
10,6765
19,6766
66,6766
36,6767
20,6768
88,6768
12,6769
13,6769
44,6769
70,6769
50,6770
86,6770
70,6771
1,6772
16,6772
54,6772
59,6773
71,6774
76,6774
2,6775
1,6777
19,6777
69,6779
1,6780
62,6781
2,6782
7,6782
71,6782
2,6783
99,6783
10,6784
62,6784
77,6784
7,6785
13,6785
58,6785
56,6786
19,6787
74,6787
79,6790
87,6790
44,6793
62,6793
63,6794
1,6796
7,6797
93,6797
61,6799
100,6800
1,6800
3,6801
2,6802
6,6802
31,6802
1,6803
25,6803
66,6803
97,6803
4,6804
76,6804
95,6804
4,6806
11,6806
60,6806
5,6807
59,6809
68,6809
2,6810
5,6810
3,6811
23,6811
72,6812
41,6813
93,6813
95,6813
16,6815
2,6816
48,6817
92,6818
6,6821
26,6821
52,6823
19,6825
78,6825
83,6826
40,6827
52,6827
72,6827
86,6830
56,6832
1,6833
78,6833
2,6834
13,6834
16,6835
48,6835
79,6836
1,6837
22,6838
9,6839
10,6839
2,6840
69,6840
96,6840
1,6841
60,6842
98,6842
2,6844
1,6845
48,6845
94,6845
8,6846
27,6847
80,6847
21,6848
1,6849
10,6850
2,6851
6,6851
24,6851
55,6851
54,6852
2,6853
7,6853
89,6854
1,6855
66,6855
2,6856
14,6856
22,6856
31,6856
47,6857
79,6858
90,6859
38,6861
84,6861
23,6862
47,6863
48,6863
52,6863
11,6866
13,6868
68,6868
56,6869
19,6870
71,6870
63,6872
98,6874
75,6875
28,6876
49,6878
72,6878
87,6879
27,6880
39,6880
96,6880
43,6881
43,6882
47,6882
3,6883
60,6885
48,6887
76,6888
2,6889
57,6892
9,6893
88,6894
91,6894
43,6898
92,6898
94,6898
64,6899
22,6900
36,6900
88,6900
8,6903
80,6903
31,6904
48,6904
68,6904
51,6905
52,6905
80,6905
1,6907
27,6907
32,6907
41,6907
1,6908
17,6908
2,6909
14,6909
22,6909
2,6910
80,6910
1,6911
32,6912
49,6912
81,6912
31,6913
2,6914
36,6915
53,6918
54,6918
94,6918
49,6919
93,6919
3,6920
79,6921
92,6921
1,6922
4,6922
96,6922
2,6923
5,6923
1,6924
4,6924
30,6924
17,6925
98,6925
1,6926
3,6926
2,6927
15,6927
88,6927
2,6928
31,6929
37,6929
97,6929
5,6930
83,6931
20,6932
41,6933
47,6933
10,6934
56,6934
50,6939
11,6940
51,6940
74,6940
19,6941
45,6941
46,6943
96,6944
39,6947
79,6949
40,6953
83,6953
21,6958
28,6961
3,6962
50,6963
87,6963
5,6965
63,6966
5,6967
4,6969
95,6969
4,6970
37,6971
39,6972
3,6973
19,6973
11,6976
36,6977
91,6977
78,6979
86,6979
15,6981
51,6981
53,6981
13,6982
3,6984
7,6985
51,6985
4,6988
62,6988
5,6989
5,6991
77,6991
4,6992
65,6992
58,6993
3,6995
63,6995
60,6996
80,6996
95,6996
38,6997
65,6997
44,6998
48,6999
54,7000
1,7001
57,7001
1,7002
83,7003
81,7004
2,7005
45,7005
69,7006
40,7007
52,7007
97,7008
65,7009
3,7010
61,7011
62,7011
1,7012
2,7013
2,7014
54,7014
86,7015
93,7020
1,7021
24,7022
1,7023
2,7024
2,7025
59,7025
15,7026
1,7028
26,7028
90,7028
98,7028
2,7029
39,7029
25,7031
87,7032
76,7033
82,7033
15,7034
76,7034
3,7035
67,7035
85,7035
100,7036
87,7036
69,7037
4,7040
5,7042
3,7043
5,7044
20,7045
4,7046
35,7046
37,7046
45,7046
63,7046
15,7049
92,7050
34,7051
47,7052
90,7054
57,7056
95,7061
61,7062
21,7065
17,7066
73,7066
22,7069
89,7069
40,7071
12,7073
90,7073
55,7075
65,7077
3,7078
94,7078
24,7079
71,7079
36,7080
76,7081
82,7081
47,7083
9,7084
4,7085
14,7085
5,7086
74,7086
3,7087
7,7089
9,7089
17,7089
63,7089
5,7090
37,7090
95,7090
44,7091
81,7091
62,7092
96,7092
4,7093
12,7094
19,7094
23,7094
97,7094
76,7095
66,7096
57,7097
42,7099
88,7099
91,7100
49,7101
29,7104
60,7104
82,7104
61,7105
29,7107
41,7107
17,7112
20,7113
40,7113
47,7113
45,7114
59,7114
57,7115
97,7116
3,7117
13,7118
42,7120
93,7120
42,7121
8,7122
10,7122
27,7123
43,7123
4,7125
39,7125
1,7126
4,7128
15,7128
57,7128
96,7128
5,7129
61,7129
70,7129
15,7131
3,7132
2,7133
5,7133
35,7133
46,7133
87,7133
1,7134
73,7134
1,7135
22,7135
85,7135
90,7135
2,7136
3,7136
23,7136
26,7136
60,7136
2,7137
68,7137
74,7138
5,7139
12,7139
81,7139
4,7140
9,7140
3,7141
36,7141
64,7141
100,7142
5,7144
26,7144
4,7145
53,7145
20,7150
26,7150
47,7150
67,7151
88,7151
38,7152
41,7153
20,7154
39,7155
31,7158
9,7159
88,7159
3,7161
5,7163
4,7165
42,7166
46,7166
53,7166
77,7166
1,7168
3,7168
57,7169
5,7170
52,7170
2,7171
4,7171
10,7171
1,7172
61,7173
92,7173
60,7174
97,7174
96,7175
1,7176
2,7177
2,7178
1,7179
20,7179
41,7179
100,7180
1,7180
26,7180
2,7182
1,7183
27,7183
2,7184
35,7184
19,7185
64,7185
2,7186
34,7187
39,7187
42,7187
73,7187
64,7188
67,7192
87,7193
92,7193
44,7194
47,7194
34,7195
39,7195
69,7195
100,7197
1,7197
23,7197
2,7198
36,7199
31,7200
69,7201
78,7202
88,7203
22,7204
89,7204
1,7205
39,7205
89,7205
79,7206
3,7207
41,7207
50,7207
1,7209
24,7209
41,7209
2,7210
5,7210
79,7210
94,7210
4,7211
4,7212
3,7213
2,7214
5,7214
58,7214
29,7215
97,7216
21,7217
59,7217
3,7219
4,7220
13,7220
5,7221
71,7221
5,7222
52,7222
8,7223
3,7224
11,7225
1,7226
26,7226
90,7226
2,7227
58,7227
68,7227
1,7228
4,7228
12,7228
69,7228
1,7229
31,7229
44,7229
2,7230
98,7230
73,7231
85,7232
2,7233
71,7233
1,7234
1,7235
49,7235
80,7235
3,7236
13,7236
55,7236
2,7237
2,7238
7,7238
79,7238
1,7239
2,7240
4,7241
60,7241
4,7242
99,7242
15,7243
35,7243
64,7244
57,7246
58,7246
5,7247
41,7248
68,7248
82,7248
24,7249
81,7250
1,7251
5,7251
9,7251
3,7252
18,7252
86,7252
59,7254
36,7256
53,7256
98,7256
33,7257
65,7258
81,7258
80,7259
88,7260
33,7261
75,7261
46,7262
25,7263
27,7263
76,7263
33,7264
76,7266
34,7268
34,7269
87,7271
65,7272
73,7272
96,7273
83,7275
39,7276
67,7276
54,7277
59,7277
37,7279
40,7282
90,7282
78,7283
90,7286
80,7288
82,7288
57,7289
69,7289
1,7293
2,7294
74,7294
96,7294
98,7294
1,7295
67,7295
2,7296
4,7296
10,7296
40,7296
1,7298
34,7298
2,7299
3,7301
50,7301
25,7302
35,7302
5,7303
32,7303
4,7304
84,7306
1,7307
14,7307
1,7308
4,7308
2,7309
3,7309
29,7309
37,7310
57,7310
2,7311
5,7311
1,7316
2,7317
50,7317
21,7318
51,7319
84,7319
15,7320
1,7321
86,7321
2,7323
95,7323
1,7324
93,7324
31,7326
55,7327
1,7328
9,7328
2,7329
10,7329
2,7331
30,7331
37,7331
93,7332
48,7334
57,7334
34,7335
62,7336
15,7338
3,7339
5,7340
31,7340
77,7340
4,7341
81,7341
45,7342
49,7342
4,7345
10,7345
8,7346
5,7348
21,7348
60,7349
3,7350
94,7352
27,7353
8,7354
60,7354
90,7354
85,7355
65,7358
32,7359
25,7360
85,7360
96,7361
74,7362
97,7362
14,7364
10,7365
89,7367
12,7368
28,7368
80,7370
12,7371
88,7371
65,7372
20,7373
65,7376
20,7378
26,7378
83,7378
58,7381
34,7383
67,7384
98,7386
47,7387
45,7390
69,7390
17,7392
77,7392
48,7393
15,7396
58,7396
69,7397
12,7398
21,7398
51,7398
3,7400
4,7401
15,7401
22,7401
47,7401
96,7401
3,7402
57,7402
4,7404
5,7404
32,7404
4,7405
94,7405
17,7406
5,7407
60,7407
96,7407
11,7409
89,7409
57,7410
3,7411
60,7412
80,7412
5,7413
4,7414
44,7414
4,7415
5,7416
3,7418
24,7418
27,7419
66,7419
46,7420
55,7420
15,7422
98,7425
23,7426
16,7427
72,7427
92,7428
13,7432
97,7433
67,7434
24,7435
18,7436
23,7436
32,7436
36,7436
40,7436
54,7436
58,7437
6,7441
60,7443
58,7444
26,7445
28,7445
93,7445
41,7446
71,7446
82,7446
5,7447
65,7447
31,7448
80,7448
89,7448
41,7449
76,7449
81,7449
36,7453
34,7455
33,7456
77,7456
98,7458
3,7460
4,7461
5,7462
4,7463
5,7464
76,7465
3,7466
82,7466
14,7467
62,7467
19,7468
26,7469
41,7469
10,7473
66,7473
38,7474
99,7474
53,7475
91,7475
94,7476
45,7479
47,7479
86,7479
69,7480
97,7481
11,7482
90,7485
92,7487
96,7487
79,7488
6,7489
81,7489
74,7490
91,7491
62,7493
3,7495
4,7496
5,7498
36,7498
93,7498
4,7499
64,7499
3,7500
16,7500
20,7500
5,7501
59,7502
70,7502
36,7504
20,7507
3,7508
20,7508
36,7508
76,7508
78,7508
95,7508
72,7509
4,7510
32,7510
5,7512
4,7513
55,7513
3,7514
32,7515
79,7515
93,7515
5,7516
62,7516
32,7518
11,7520
19,7521
41,7521
60,7523
75,7523
3,7524
4,7525
82,7525
96,7525
3,7526
51,7527
5,7528
54,7528
4,7529
5,7530
46,7530
37,7532
86,7534
64,7535
25,7538
47,7540
91,7540
27,7542
13,7543
58,7543
59,7543
39,7545
25,7546
92,7548
29,7549
52,7550
3,7551
5,7552
56,7552
77,7552
100,7554
88,7554
5,7555
59,7555
4,7557
49,7557
4,7559
98,7559
3,7560
16,7560
50,7560
72,7561
91,7561
90,7563
51,7564
37,7565
47,7566
27,7567
28,7567
77,7571
15,7572
58,7573
63,7573
86,7573
95,7573
97,7575
7,7577
9,7578
75,7578
54,7579
45,7580
1,7581
12,7583
80,7583
1,7584
6,7584
48,7584
65,7584
80,7584
2,7585
2,7586
26,7586
38,7587
31,7589
1,7591
93,7592
8,7593
2,7594
83,7594
94,7594
17,7596
80,7597
21,7600
72,7600
83,7600
1,7602
19,7603
6,7604
2,7605
9,7605
47,7605
67,7605
99,7606
1,7607
38,7607
98,7607
76,7609
1,7611
58,7611
78,7611
2,7612
30,7612
2,7613
57,7613
89,7614
3,7617
5,7619
95,7619
4,7620
24,7620
1,7621
3,7621
4,7622
5,7623
86,7623
29,7624
85,7626
55,7627
92,7627
6,7628
56,7628
65,7629
96,7630
26,7631
78,7632
43,7633
57,7634
59,7634
92,7637
15,7638
19,7638
49,7638
78,7638
7,7639
98,7639
74,7640
85,7640
35,7641
62,7641
21,7642
34,7644
70,7644
68,7645
31,7648
92,7648
72,7649
93,7649
94,7649
48,7650
70,7651
23,7653
21,7654
26,7655
53,7655
64,7655
3,7659
90,7659
26,7660
75,7660
4,7661
4,7662
51,7662
5,7665
33,7665
3,7667
67,7667
4,7669
36,7670
54,7670
5,7671
60,7672
64,7672
81,7672
3,7673
17,7674
37,7674
73,7674
91,7674
4,7675
24,7675
21,7676
3,7677
26,7677
35,7677
88,7677
53,7678
68,7678
24,7679
62,7679
5,7680
4,7681
23,7681
5,7683
75,7683
47,7686
61,7686
65,7687
48,7688
15,7689
1,7690
1,7691
74,7691
88,7692
2,7693
1,7694
2,7695
70,7695
88,7695
2,7696
21,7696
89,7696
28,7697
59,7697
37,7698
10,7699
79,7701
92,7701
3,7702
24,7702
4,7703
5,7704
37,7704
48,7704
5,7705
58,7705
4,7706
91,7706
6,7707
91,7707
3,7708
68,7708
92,7709
36,7710
86,7711
23,7713
96,7713
41,7714
55,7714
12,7715
72,7715
20,7717
49,7719
66,7719
54,7721
22,7724
63,7725
84,7725
26,7727
3,7728
70,7729
4,7730
52,7730
80,7730
98,7730
5,7732
5,7733
11,7733
23,7734
100,7735
3,7735
4,7736
8,7737
87,7739
42,7740
66,7741
38,7742
71,7744
11,7746
97,7746
53,7747
20,7748
64,7748
68,7748
83,7748
80,7749
92,7749
7,7750
47,7750
3,7752
27,7752
35,7753
100,7754
4,7754
96,7755
55,7756
1,7757
5,7757
98,7757
4,7758
3,7759
100,7760
2,7760
54,7760
81,7760
57,7761
1,7762
5,7762
2,7763
95,7763
1,7764
34,7765
63,7765
82,7765
43,7766
2,7767
7,7768
27,7769
55,7769
1,7771
59,7771
65,7772
1,7773
21,7773
2,7774
72,7774
3,7776
5,7777
2,7778
4,7778
4,7779
15,7779
21,7780
38,7780
80,7780
3,7781
17,7781
29,7781
89,7781
1,7782
5,7782
71,7782
2,7783
20,7783
7,7784
44,7784
80,7784
57,7785
62,7785
12,7787
19,7787
28,7787
73,7788
6,7789
8,7790
3,7791
5,7792
43,7792
5,7793
77,7793
26,7794
4,7795
3,7797
4,7798
40,7798
50,7798
64,7798
36,7799
3,7800
4,7801
94,7802
3,7804
47,7804
5,7805
1,7807
1,7808
95,7808
4,7809
79,7809
2,7810
47,7810
74,7810
61,7811
1,7812
92,7812
5,7813
47,7813
2,7815
2,7816
20,7816
50,7816
20,7817
84,7819
88,7819
64,7821
55,7822
6,7823
5,7824
33,7824
75,7826
99,7826
10,7827
77,7827
48,7833
49,7833
84,7833
75,7834
84,7835
98,7835
60,7837
37,7838
41,7841
84,7841
1,7842
2,7843
1,7844
7,7844
28,7844
63,7844
1,7847
53,7847
15,7849
35,7849
2,7850
2,7851
23,7851
1,7852
14,7852
77,7852
70,7856
10,7857
62,7858
2,7859
26,7860
42,7860
54,7860
60,7860
80,7861
1,7862
1,7863
3,7863
2,7864
5,7864
2,7865
5,7865
56,7866
98,7866
52,7870
4,7871
69,7871
66,7872
99,7872
42,7873
4,7874
65,7874
46,7875
100,7876
3,7878
76,7878
83,7879
79,7880
94,7881
15,7882
35,7882
5,7884
56,7884
76,7884
92,7886
77,7887
87,7889
45,7896
51,7896
73,7896
79,7896
27,7897
36,7897
44,7899
45,7899
97,7899
3,7901
88,7901
4,7902
5,7903
15,7904
99,7904
98,7905
5,7906
86,7908
50,7909
3,7910
4,7911
41,7915
64,7915
51,7916
67,7918
15,7919
19,7919
45,7919
67,7919
74,7919
47,7920
1,7921
2,7922
17,7922
1,7924
2,7925
34,7925
74,7926
1,7927
9,7927
14,7928
2,7929
14,7931
62,7931
86,7932
17,7933
23,7934
49,7936
14,7937
55,7937
16,7940
42,7940
47,7940
69,7941
7,7942
58,7944
65,7944
59,7945
9,7946
90,7948
73,7949
57,7950
35,7951
7,7953
53,7953
69,7953
27,7956
72,7956
40,7957
22,7958
80,7958
45,7959
59,7959
6,7960
44,7963
54,7963
28,7964
53,7965
61,7965
88,7966
68,7967
69,7967
87,7967
53,7968
56,7968
59,7968
93,7968
53,7972
64,7973
68,7973
22,7974
49,7974
54,7975
52,7976
60,7976
14,7978
21,7978
57,7978
19,7979
54,7981
87,7984
53,7986
99,7987
19,7988
67,7989
75,7989
44,7990
65,7990
52,7991
82,7992
61,7993
78,7993
21,7995
16,7996
24,7996
17,7997
49,7997
63,7999
21,8000
88,8000
32,8002
35,8002
91,8002
42,8005
28,8008
29,8009
62,8009
45,8011
95,8012
61,8013
45,8014
8,8017
12,8018
33,8018
49,8018
1,8019
91,8021
12,8023
35,8023
58,8024
8,8025
44,8026
19,8027
1,8030
3,8030
5,8031
61,8031
89,8031
5,8032
2,8033
1,8034
14,8034
2,8035
4,8035
2,8036
9,8036
39,8036
55,8036
13,8037
36,8037
42,8037
71,8038
95,8038
4,8039
81,8039
98,8039
24,8040
31,8040
3,8041
59,8041
2,8043
17,8043
99,8044
16,8045
34,8045
79,8045
1,8047
1,8048
32,8048
92,8048
2,8050
26,8051
66,8051
94,8051
2,8052
1,8053
21,8053
100,8054
2,8054
15,8054
76,8055
43,8056
87,8056
93,8057
3,8059
65,8059
86,8059
5,8060
83,8061
4,8063
48,8063
60,8063
4,8064
3,8065
10,8065
27,8065
82,8065
90,8065
5,8068
19,8068
48,8068
7,8069
45,8069
72,8072
41,8073
60,8073
93,8073
40,8074
57,8077
93,8077
31,8078
15,8079
94,8080
6,8081
99,8081
75,8082
92,8083
55,8084
32,8085
1,8088
8,8088
23,8088
57,8089
2,8092
82,8092
1,8093
1,8094
7,8094
24,8095
47,8095
2,8096
2,8097
4,8097
69,8097
80,8097
47,8099
32,8100
61,8104
24,8105
27,8105
41,8105
49,8106
75,8106
37,8107
27,8108
100,8110
20,8110
98,8111
92,8112
72,8114
64,8116
9,8118
26,8119
49,8119
14,8121
29,8121
37,8121
49,8122
74,8122
9,8123
34,8123
56,8123
93,8124
6,8127
3,8129
38,8129
44,8129
100,8130
5,8130
4,8131
5,8132
63,8132
6,8133
12,8133
42,8134
3,8136
4,8137
33,8138
99,8138
68,8139
31,8140
30,8142
47,8142
30,8146
93,8146
98,8147
50,8148
85,8148
98,8148
9,8149
19,8150
55,8150
10,8152
80,8152
9,8155
25,8155
34,8155
96,8157
8,8158
75,8159
73,8161
32,8162
54,8162
71,8163
41,8164
1,8165
50,8165
51,8165
72,8165
1,8167
40,8167
73,8167
2,8168
2,8169
1,8170
7,8170
44,8170
96,8170
2,8171
47,8172
1,8174
92,8174
89,8175
1,8176
2,8178
61,8178
64,8178
57,8179
64,8179
58,8180
71,8180
20,8182
36,8182
22,8183
71,8184
2,8185
44,8185
78,8185
85,8185
1,8187
45,8187
2,8189
22,8191
54,8191
58,8191
50,8192
51,8193
88,8194
60,8195
37,8196
98,8196
1,8198
1,8199
19,8199
22,8199
2,8200
18,8204
76,8204
31,8205
52,8205
81,8206
70,8207
2,8208
3,8209
81,8209
91,8209
1,8212
2,8213
4,8213
52,8213
71,8215
79,8215
3,8216
54,8218
5,8219
5,8220
96,8221
76,8222
4,8223
3,8226
79,8226
4,8228
97,8229
5,8231
4,8232
27,8233
3,8234
29,8234
5,8235
55,8235
25,8236
26,8237
100,8238
34,8238
47,8238
100,8239
97,8239
80,8240
92,8240
1,8241
2,8242
12,8242
36,8243
55,8243
57,8243
1,8244
1,8245
92,8246
100,8247
2,8247
21,8247
90,8247
2,8248
3,8249
8,8249
29,8249
33,8249
4,8250
5,8252
33,8254
70,8254
94,8254
82,8255
91,8256
11,8257
13,8257
42,8257
3,8258
25,8258
47,8258
58,8258
77,8258
1,8259
4,8259
5,8260
34,8261
25,8262
60,8262
79,8264
18,8265
31,8265
92,8265
23,8266
78,8266
96,8266
29,8267
25,8268
82,8268
13,8269
63,8271
25,8272
10,8273
27,8273
45,8273
24,8274
76,8274
80,8275
43,8276
56,8276
64,8282
77,8283
15,8284
73,8285
46,8289
65,8289
66,8289
17,8292
58,8292
25,8296
15,8297
60,8298
12,8299
41,8299
66,8301
84,8301
62,8304
3,8305
11,8305
50,8306
82,8306
5,8308
55,8309
77,8309
5,8310
45,8310
73,8310
4,8311
67,8311
4,8312
56,8312
42,8313
3,8314
91,8314
34,8318
82,8318
74,8319
23,8320
47,8320
92,8320
94,8320
70,8321
85,8321
1,8322
72,8324
71,8326
2,8327
17,8327
1,8329
41,8329
13,8330
24,8330
1,8331
21,8331
5,8332
53,8332
22,8334
59,8334
82,8334
100,8336
2,8336
99,8336
52,8337
2,8338
54,8338
23,8343
41,8343
42,8343
75,8347
37,8348
59,8349
82,8349
12,8350
25,8350
13,8351
15,8351
93,8354
47,8356
90,8357
24,8359
14,8361
41,8361
3,8364
82,8366
5,8367
63,8367
4,8368
13,8369
23,8369
75,8370
5,8372
23,8372
65,8373
1,8374
60,8375
81,8375
1,8376
3,8376
4,8377
28,8377
40,8377
76,8377
42,8378
98,8378
2,8379
29,8379
69,8379
75,8380
58,8381
70,8381
2,8382
59,8382
100,8383
1,8383
9,8383
66,8383
96,8383
2,8384
97,8386
70,8388
93,8388
22,8389
70,8391
10,8392
71,8392
73,8393
46,8394
60,8394
32,8395
87,8397
49,8398
76,8398
88,8399
25,8400
70,8400
67,8401
65,8402
64,8404
88,8407
10,8408
50,8408
33,8411
74,8411
23,8412
54,8412
62,8412
1,8413
18,8413
72,8413
2,8414
6,8414
1,8417
2,8418
13,8418
1,8419
53,8419
64,8419
28,8420
37,8420
2,8421
16,8422
37,8423
84,8423
26,8425
26,8426
1,8430
52,8430
61,8431
21,8432
74,8432
92,8432
2,8433
6,8433
1,8434
91,8434
30,8436
9,8438
16,8438
65,8438
70,8439
11,8441
24,8441
54,8441
1,8442
6,8442
2,8443
87,8443
39,8444
64,8445
97,8445
2,8446
63,8446
91,8446
94,8446
14,8447
12,8448
53,8450
43,8451
56,8452
77,8452
7,8453
92,8453
99,8454
74,8455
79,8455
100,8457
78,8457
96,8457
53,8458
65,8458
78,8459
78,8461
9,8462
18,8462
22,8464
89,8464
70,8465
7,8466
50,8468
28,8469
67,8469
47,8470
14,8471
30,8471
40,8471
47,8471
93,8471
19,8472
76,8472
87,8476
97,8476
58,8477
50,8478
3,8479
18,8480
5,8481
4,8482
39,8483
3,8484
72,8486
84,8486
90,8486
4,8487
6,8488
36,8488
66,8488
5,8491
48,8491
72,8491
76,8491
73,8492
82,8492
70,8493
70,8494
39,8496
17,8497
42,8498
26,8499
49,8501
86,8501
44,8502
99,8503
6,8504
20,8504
64,8505
1,8506
9,8506
79,8506
1,8507
2,8508
38,8509
57,8509
1,8510
18,8510
99,8513
2,8514
93,8514
14,8515
3,8516
70,8516
86,8516
2,8517
4,8517
5,8519
3,8520
4,8521
16,8521
5,8522
43,8522
50,8523
60,8523
22,8524
10,8526
20,8529
34,8529
47,8529
28,8531
44,8533
83,8533
19,8534
67,8534
72,8534
44,8535
62,8535
17,8536
56,8536
17,8537
61,8538
40,8539
81,8539
60,8542
54,8543
57,8545
65,8545
29,8546
99,8546
16,8547
49,8548
55,8548
77,8548
79,8550
12,8551
61,8551
12,8552
13,8553
45,8553
100,8554
65,8554
56,8555
88,8556
22,8557
61,8557
57,8559
30,8560
67,8560
55,8561
66,8561
79,8561
33,8562
86,8562
95,8562
29,8564
12,8565
10,8566
21,8573
36,8573
85,8573
48,8574
76,8574
13,8575
93,8576
84,8577
63,8582
70,8582
71,8585
96,8585
1,8586
32,8586
40,8586
50,8586
87,8587
28,8588
1,8589
68,8589
2,8590
18,8590
2,8591
33,8591
74,8591
1,8593
46,8593
79,8593
69,8594
2,8595
19,8595
61,8596
70,8596
17,8597
22,8598
64,8598
33,8603
15,8604
75,8607
15,8608
41,8608
80,8608
49,8609
28,8610
48,8610
88,8611
9,8612
3,8613
88,8613
96,8613
4,8614
13,8614
45,8615
73,8615
3,8616
1,8617
17,8617
67,8617
5,8618
13,8618
5,8620
4,8621
1,8622
76,8622
58,8623
59,8623
50,8624
69,8625
29,8626
32,8626
2,8627
1,8629
2,8630
44,8630
46,8630
11,8631
2,8633
42,8633
49,8634
18,8637
55,8637
10,8638
26,8638
64,8638
37,8639
25,8640
28,8642
29,8642
65,8643
68,8643
46,8645
75,8645
36,8649
100,8650
61,8651
77,8651
94,8651
89,8653
94,8653
44,8654
45,8654
3,8655
22,8655
53,8655
4,8656
19,8656
41,8656
45,8656
5,8657
85,8657
38,8658
45,8658
47,8660
70,8660
32,8661
5,8664
61,8664
85,8664
3,8665
17,8665
25,8665
65,8666
4,8667
56,8667
40,8668
41,8668
43,8668
12,8669
45,8670
60,8671
81,8671
27,8673
74,8674
2,8675
38,8675
37,8677
29,8678
21,8679
3,8680
35,8680
34,8681
66,8682
40,8686
75,8688
87,8688
9,8689
43,8689
85,8690
94,8693
74,8694
60,8695
44,8696
73,8696
90,8697
23,8698
13,8704
42,8704
88,8706
18,8707
64,8707
88,8708
3,8711
7,8711
5,8712
33,8712
4,8713
12,8713
1,8714
40,8714
41,8714
53,8714
2,8715
17,8715
48,8715
1,8716
3,8716
2,8717
1,8718
4,8718
49,8718
54,8719
51,8720
53,8720
31,8721
5,8722
89,8722
10,8723
2,8724
14,8724
22,8724
27,8724
54,8724
57,8726
75,8726
58,8728
71,8729
29,8731
82,8732
93,8732
55,8733
27,8734
30,8739
70,8739
85,8741
50,8742
16,8743
73,8744
94,8744
17,8745
23,8745
25,8747
89,8747
8,8748
3,8749
37,8749
81,8752
4,8753
25,8753
24,8754
3,8755
47,8755
5,8756
4,8759
35,8759
5,8760
33,8760
72,8762
56,8766
62,8769
26,8770
23,8773
22,8774
28,8774
60,8774
99,8774
47,8776
68,8777
84,8777
25,8779
54,8779
7,8780
10,8780
99,8781
44,8782
1,8783
65,8783
81,8783
48,8784
49,8786
87,8788
16,8789
2,8790
74,8791
37,8792
1,8793
12,8793
95,8793
1,8794
2,8795
2,8796
36,8796
29,8797
85,8798
38,8799
99,8801
62,8803
35,8806
26,8807
100,8808
76,8808
1,8809
1,8810
3,8811
6,8811
16,8811
58,8811
4,8812
31,8812
2,8813
5,8813
40,8813
3,8814
95,8815
1,8816
41,8816
92,8816
2,8817
4,8818
2,8819
5,8819
83,8819
88,8819
56,8820
65,8820
66,8823
98,8825
58,8827
88,8827
10,8828
56,8828
37,8829
16,8831
41,8833
64,8833
46,8835
69,8836
58,8838
86,8838
32,8839
82,8839
89,8842
50,8843
92,8844
75,8845
90,8845
80,8846
65,8848
81,8848
15,8849
85,8849
11,8851
81,8854
85,8855
86,8856
11,8859
52,8859
71,8860
19,8863
97,8864
71,8866
61,8867
92,8867
51,8868
80,8869
48,8870
85,8872
2,8874
22,8874
78,8874
36,8875
21,8877
25,8877
39,8878
44,8879
39,8880
71,8881
85,8881
32,8883
50,8883
95,8884
60,8885
29,8886
5,8887
14,8887
61,8887
68,8888
3,8889
11,8892
4,8894
8,8894
23,8894
83,8894
33,8895
3,8896
16,8896
20,8896
57,8896
5,8897
75,8898
5,8899
4,8901
81,8901
8,8902
30,8902
76,8904
1,8905
57,8905
1,8906
2,8907
87,8908
3,8909
84,8909
93,8910
2,8911
1,8912
65,8912
2,8913
7,8913
32,8914
67,8914
25,8915
33,8915
92,8915
82,8917
87,8917
51,8918
63,8920
68,8920
49,8921
66,8923
79,8923
46,8924
38,8925
52,8925
91,8925
62,8926
99,8926
100,8929
48,8929
38,8931
54,8932
74,8934
18,8935
1,8936
6,8936
68,8936
2,8937
69,8937
73,8937
1,8938
92,8938
3,8939
100,8940
2,8940
67,8940
72,8942
1,8943
5,8943
22,8943
90,8943
2,8944
5,8944
63,8944
89,8944
4,8945
14,8945
27,8946
4,8947
3,8948
3,8951
15,8952
68,8953
5,8955
78,8955
13,8957
45,8958
4,8959
70,8959
73,8961
41,8963
89,8963
5,8964
54,8964
81,8964
67,8965
3,8966
53,8967
55,8967
78,8967
43,8969
4,8970
19,8970
61,8971
33,8972
3,8974
51,8974
84,8974
4,8975
26,8975
29,8976
40,8977
46,8977
3,8979
96,8979
100,8980
30,8980
48,8980
5,8981
60,8981
48,8982
91,8983
66,8985
98,8985
16,8986
31,8986
83,8986
1,8987
4,8987
56,8987
2,8988
1,8989
5,8989
13,8989
62,8989
1,8990
97,8990
48,8991
2,8992
27,8992
2,8993
21,8994
46,8994
62,8994
4,8995
19,8995
54,8996
93,8996
10,8997
61,8997
55,8999
72,8999
80,9000
26,9002
95,9002
61,9003
37,9005
61,9005
11,9006
64,9007
3,9008
41,9009
51,9011
96,9011
68,9012
4,9013
31,9013
45,9013
82,9014
4,9015
30,9015
35,9015
69,9015
39,9016
60,9016
74,9016
6,9017
74,9017
84,9017
5,9019
54,9020
85,9020
95,9020
5,9021
70,9022
3,9024
30,9024
79,9027
52,9031
13,9032
49,9032
56,9032
76,9032
3,9036
14,9036
4,9037
5,9038
56,9038
5,9040
47,9040
71,9041
76,9041
96,9041
4,9042
79,9042
84,9042
3,9043
96,9043
21,9044
90,9044
15,9045
67,9046
26,9047
98,9048
29,9049
11,9050
99,9050
85,9059
78,9060
98,9060
64,9061
31,9062
94,9064
73,9065
82,9065
60,9066
89,9066
40,9067
36,9068
9,9069
23,9070
64,9070
22,9071
89,9071
10,9076
19,9079
76,9082
77,9082
16,9084
69,9084
88,9084
79,9087
94,9087
56,9089
1,9091
6,9091
56,9091
57,9091
39,9092
64,9092
66,9092
1,9093
3,9093
59,9093
2,9094
4,9094
76,9094
87,9094
51,9096
1,9097
2,9098
5,9098
26,9098
2,9099
43,9100
3,9102
68,9103
5,9107
83,9108
4,9109
48,9112
77,9113
43,9115
1,9116
27,9116
1,9117
16,9117
2,9118
100,9119
1,9120
28,9120
2,9121
2,9123
19,9124
39,9124
3,9125
60,9125
10,9126
64,9126
40,9127
5,9128
4,9129
58,9129
3,9130
53,9130
5,9131
44,9131
45,9132
69,9132
91,9132
1,9133
2,9134
1,9135
4,9135
7,9135
23,9136
2,9137
25,9137
1,9140
21,9141
30,9141
2,9142
61,9142
1,9143
84,9143
1,9144
52,9144
24,9145
2,9146
1,9147
39,9147
76,9147
100,9148
69,9148
95,9148
2,9150
59,9151
100,9152
2,9154
70,9154
4,9157
93,9157
57,9160
99,9160
64,9165
32,9169
43,9170
91,9172
99,9173
37,9175
100,9176
93,9180
50,9183
11,9184
33,9184
61,9184
88,9186
92,9188
29,9189
71,9189
94,9193
95,9194
29,9196
6,9197
60,9197
33,9198
68,9198
55,9199
62,9199
45,9200
48,9201
71,9201
93,9202
44,9204
55,9204
64,9205
66,9208
76,9208
91,9210
82,9211
92,9211
47,9214
93,9218
90,9220
79,9222
89,9222
65,9223
36,9224
91,9224
15,9226
52,9226
47,9227
48,9227
89,9230
21,9231
49,9231
40,9233
86,9233
91,9233
41,9234
93,9234
75,9235
90,9235
1,9237
26,9237
80,9237
1,9238
2,9239
36,9239
50,9240
1,9243
51,9245
85,9245
2,9246
2,9247
35,9247
99,9248
65,9249
100,9250
1,9250
30,9251
61,9252
9,9253
39,9253
16,9254
27,9254
35,9255
75,9255
33,9257
53,9258
9,9259
11,9261
14,9261
31,9261
73,9261
92,9261
63,9263
42,9265
8,9268
58,9269
40,9270
88,9271
60,9272
42,9273
1,9274
76,9275
68,9277
82,9277
91,9277
1,9278
95,9278
18,9280
1,9281
2,9282
2,9283
21,9283
1,9284
11,9285
2,9286
15,9286
56,9289
1,9291
2,9292
27,9292
8,9293
22,9293
24,9293
89,9294
1,9296
94,9296
62,9298
1,9299
2,9300
38,9300
2,9301
98,9301
62,9302
1,9304
60,9304
92,9304
59,9306
66,9306
2,9309
16,9309
80,9309
90,9309
94,9309
1,9310
35,9310
2,9311
25,9312
32,9312
1,9313
72,9314
2,9315
28,9315
38,9316
43,9316
68,9316
5,9317
7,9318
15,9319
49,9319
24,9320
93,9320
64,9321
12,9322
50,9324
90,9324
21,9325
75,9325
86,9325
89,9327
24,9328
34,9328
97,9328
10,9329
46,9329
64,9329
13,9330
17,9330
44,9330
95,9332
97,9332
73,9334
80,9335
33,9336
44,9336
31,9338
62,9339
34,9340
56,9341
85,9341
3,9342
66,9342
5,9343
97,9343
5,9344
4,9346
73,9346
84,9347
8,9348
54,9348
33,9349
4,9350
43,9350
73,9350
96,9350
3,9351
46,9351
85,9353
61,9354
70,9355
19,9356
64,9358
3,9361
8,9361
27,9361
40,9361
70,9361
82,9362
84,9362
86,9362
75,9363
81,9363
4,9364
17,9364
4,9365
26,9365
41,9365
18,9366
1,9367
5,9367
75,9367
85,9367
87,9367
5,9369
19,9369
6,9370
46,9370
84,9370
1,9371
3,9371
51,9371
2,9372
56,9372
78,9372
39,9373
46,9373
2,9374
18,9374
75,9374
1,9375
25,9375
58,9375
8,9376
72,9376
87,9376
14,9377
37,9377
82,9377
2,9380
49,9380
88,9380
25,9382
41,9383
13,9384
20,9385
31,9385
68,9386
39,9387
86,9387
89,9391
10,9392
69,9395
81,9397
6,9398
33,9399
44,9399
17,9400
53,9402
1,9403
2,9404
52,9404
1,9406
30,9406
80,9406
1,9407
32,9407
2,9409
71,9409
2,9410
42,9411
83,9411
18,9412
29,9412
48,9412
59,9412
49,9413
89,9413
14,9416
58,9416
85,9417
78,9418
82,9418
94,9419
79,9420
17,9421
7,9424
88,9424
17,9425
75,9427
54,9428
65,9433
80,9433
10,9434
1,9436
22,9436
39,9436
2,9438
19,9438
32,9439
74,9440
1,9441
44,9441
7,9442
12,9442
16,9442
1,9443
8,9444
54,9445
69,9445
83,9445
60,9446
2,9447
2,9448
87,9451
100,9453
95,9453
98,9453
10,9454
45,9454
80,9454
41,9455
54,9456
55,9456
3,9457
20,9457
73,9458
4,9461
63,9461
86,9461
5,9462
79,9462
14,9463
45,9463
72,9464
76,9464
91,9464
4,9465
69,9465
10,9466
25,9466
70,9466
98,9466
5,9468
99,9468
3,9469
78,9469
88,9471
95,9472
100,9473
10,9475
7,9478
36,9479
40,9479
43,9479
87,9479
13,9480
1,9482
32,9482
7,9483
2,9485
10,9485
30,9485
22,9486
90,9486
1,9487
69,9487
58,9488
38,9489
88,9490
1,9491
2,9492
6,9492
92,9492
2,9494
57,9494
3,9495
19,9495
75,9497
1,9499
96,9499
1,9500
3,9500
4,9501
36,9501
2,9502
5,9502
19,9502
80,9502
1,9503
24,9503
2,9504
5,9504
2,9505
4,9505
54,9505
72,9505
82,9505
37,9506
19,9507
52,9507
3,9508
23,9508
43,9508
45,9508
53,9509
64,9509
16,9511
59,9511
97,9511
32,9512
43,9512
74,9512
1,9513
89,9513
2,9517
22,9517
1,9519
2,9520
41,9520
79,9521
33,9522
34,9522
92,9522
1,9523
79,9523
2,9524
84,9524
50,9525
1,9526
1,9527
78,9527
25,9528
94,9528
36,9529
66,9531
2,9532
1,9533
80,9533
91,9533
2,9534
2,9536
3,9537
4,9538
29,9538
39,9539
4,9540
5,9541
33,9542
5,9543
26,9543
3,9544
12,9546
30,9546
34,9546
70,9547
84,9548
91,9548
7,9549
88,9549
23,9550
29,9551
27,9552
47,9553
29,9554
40,9555
13,9556
3,9557
21,9557
83,9557
79,9558
60,9559
4,9560
5,9561
49,9561
4,9563
70,9563
97,9563
5,9565
3,9566
14,9568
3,9569
43,9569
10,9570
85,9570
5,9571
72,9572
16,9573
4,9574
75,9575
3,9576
77,9576
90,9577
5,9579
4,9580
18,9580
54,9580
67,9580
82,9581
47,9582
16,9585
30,9585
30,9586
55,9588
16,9589
1,9592
84,9593
40,9594
73,9594
93,9594
57,9595
27,9596
2,9597
19,9597
86,9597
87,9597
1,9598
60,9598
86,9598
99,9598
1,9599
15,9599
68,9599
2,9600
84,9600
2,9601
9,9601
2,9602
80,9603
8,9604
34,9604
64,9605
77,9605
96,9605
49,9608
79,9608
60,9609
34,9611
75,9612
90,9613
98,9614
96,9615
11,9616
70,9616
97,9616
11,9617
3,9618
4,9618
38,9618
5,9619
74,9620
4,9621
96,9621
3,9622
6,9622
40,9623
57,9625
72,9625
4,9626
59,9626
5,9627
95,9627
30,9628
74,9628
3,9629
33,9629
71,9629
81,9629
4,9630
16,9630
31,9630
89,9630
4,9631
21,9631
93,9631
96,9631
4,9632
57,9634
5,9635
3,9636
76,9636
25,9638
94,9638
5,9639
17,9639
56,9639
90,9639
47,9640
1,9641
17,9642
41,9642
42,9643
57,9644
81,9644
88,9644
12,9647
38,9648
48,9648
16,9649
85,9649
29,9650
38,9650
93,9651
14,9652
20,9652
6,9653
24,9653
52,9653
64,9654
80,9656
64,9657
32,9659
17,9661
65,9661
48,9663
72,9664
99,9664
81,9665
25,9666
74,9667
76,9667
77,9667
86,9667
61,9668
37,9670
3,9671
19,9671
80,9672
38,9673
70,9673
5,9674
4,9675
57,9675
51,9676
4,9677
3,9678
59,9678
5,9680
68,9680
60,9681
18,9682
22,9683
99,9685
41,9686
82,9686
52,9687
7,9688
75,9688
23,9691
32,9692
1,9693
53,9693
1,9694
39,9694
46,9694
2,9695
1,9696
6,9697
57,9697
66,9697
69,9697
2,9699
8,9699
29,9699
2,9702
12,9702
83,9706
94,9706
99,9706
36,9707
89,9708
49,9709
67,9709
69,9710
22,9711
56,9711
1,9712
1,9713
39,9713
50,9713
77,9713
37,9714
89,9714
2,9715
2,9716
47,9716
78,9717
1,9718
73,9718
2,9719
52,9719
92,9719
27,9720
78,9722
1,9723
13,9723
6,9724
9,9724
84,9724
88,9724
22,9725
81,9726
83,9726
3,9728
90,9728
78,9729
4,9730
57,9730
4,9731
53,9731
3,9732
39,9732
83,9732
5,9733
5,9734
5,9736
47,9736
81,9736
14,9739
49,9739
29,9741
3,9743
15,9744
39,9744
4,9745
85,9746
30,9747
36,9747
50,9747
4,9748
59,9749
13,9750
40,9750
55,9750
5,9751
47,9751
16,9752
51,9752
81,9752
94,9753
5,9755
30,9755
82,9755
35,9756
3,9757
20,9757
35,9757
19,9759
98,9760
66,9761
86,9761
1,9763
2,9764
55,9764
34,9766
1,9767
1,9768
51,9768
2,9769
100,9770
2,9770
27,9771
60,9772
22,9773
32,9774
52,9775
24,9776
26,9779
32,9780
49,9780
58,9780
77,9780
97,9780
16,9781
53,9781
34,9782
28,9784
91,9785
48,9787
23,9789
27,9789
3,9792
14,9793
49,9793
77,9793
4,9794
24,9795
3,9797
82,9797
5,9798
5,9803
4,9804
16,9805
76,9805
77,9805
83,9805
14,9807
15,9807
64,9807
16,9808
69,9808
79,9809
29,9810
35,9810
1,9812
76,9812
44,9813
71,9813
86,9813
98,9814
1,9815
55,9815
2,9816
24,9817
26,9817
84,9817
1,9818
2,9820
41,9820
22,9821
35,9821
44,9822
76,9823
2,9825
65,9825
96,9825
1,9826
2,9827
68,9827
82,9827
1,9829
53,9830
2,9831
1,9832
91,9832
2,9834
1,9835
62,9835
67,9835
91,9835
16,9836
95,9836
28,9837
85,9839
53,9842
72,9843
18,9844
58,9844
61,9844
84,9844
78,9845
48,9848
73,9849
92,9850
7,9851
75,9851
45,9852
68,9852
13,9854
12,9855
56,9855
87,9855
93,9855
12,9856
59,9858
43,9859
14,9860
10,9861
22,9861
34,9861
48,9861
88,9861
1,9863
1,9864
39,9864
2,9865
18,9865
44,9865
2,9867
46,9867
1,9868
34,9868
49,9869
62,9869
2,9870
97,9871
55,9874
9,9875
24,9875
35,9876
44,9876
12,9878
54,9881
76,9881
87,9882
90,9882
81,9883
89,9883
40,9884
48,9884
59,9884
53,9885
19,9886
45,9890
14,9891
55,9891
39,9893
52,9893
21,9894
98,9896
87,9898
75,9899
76,9900
20,9903
46,9903
26,9904
62,9904
12,9905
47,9905
94,9905
53,9906
29,9908
10,9909
12,9909
36,9909
65,9909
85,9911
11,9914
83,9916
1,9917
6,9917
11,9917
86,9917
58,9918
2,9920
1,9921
1,9923
38,9923
2,9924
2,9925
10,9925
41,9925
35,9926
64,9927
95,9927
97,9927
70,9928
13,9929
53,9929
77,9929
31,9930
3,9932
4,9933
4,9934
25,9934
34,9934
96,9935
5,9937
16,9938
3,9939
7,9939
75,9939
58,9940
5,9941
65,9941
69,9941
23,9943
93,9943
15,9946
36,9946
95,9948
9,9949
92,9949
1,9950
2,9951
1,9953
39,9953
20,9954
1,9955
7,9956
93,9956
55,9957
2,9960
30,9960
3,9961
88,9961
46,9962
2,9963
52,9963
39,9965
89,9965
4,9966
12,9967
68,9969
82,9969
3,9970
51,9970
65,9970
34,9971
5,9972
79,9972
4,9973
52,9973
5,9974
9,9975
56,9975
12,9976
70,9977
15,9978
31,9978
78,9978
43,9979
69,9979
17,9980
47,9980
71,9981
72,9981
81,9983
36,9984
74,9984
3,9985
7,9985
4,9986
50,9986
63,9986
18,9987
26,9987
43,9987
5,9988
3,9989
28,9989
76,9989
4,9990
35,9990
96,9990
5,9991
60,9991
8,9992
36,9992
56,9992
24,9993
56,9994
20,9995
41,9995
72,9995
77,9995
28,9996
1,9997
