1,2
22,2
31,3
58,4
46,5
34,7
55,7
29,8
7,9
1,11
9,11
46,11
2,12
13,12
1,13
57,13
6,14
32,14
29,15
16,16
15,17
56,18
2,20
22,20
56,20
19,21
41,21
40,22
1,23
44,23
45,23
2,24
25,24
23,27
29,27
40,27
56,28
3,29
26,29
51,29
52,30
48,31
41,32
17,34
7,35
19,35
21,36
34,36
41,38
28,39
39,39
30,40
60,43
30,43
49,43
18,45
26,46
3,48
35,49
25,50
43,50
57,53
42,54
4,55
26,56
55,56
11,57
56,57
12,58
21,58
17,60
28,60
31,60
30,64
37,64
21,65
12,66
41,67
42,67
27,69
54,69
28,71
28,72
2,73
43,74
44,74
34,75
37,75
7,76
15,76
37,76
38,76
47,78
4,79
47,79
17,81
1,85
1,86
31,86
57,86
35,87
34,88
2,89
2,90
49,90
1,91
13,91
57,91
2,92
19,92
33,92
50,92
29,93
38,94
46,94
47,94
12,95
39,96
48,96
27,97
5,99
4,100
45,100
47,100
52,102
10,103
44,103
43,105
44,106
36,107
39,107
52,107
9,108
17,109
18,110
57,110
4,111
9,111
16,111
25,111
19,113
49,114
50,115
46,116
44,117
51,118
59,120
14,121
51,122
6,123
26,123
58,123
43,124
48,124
58,124
25,126
60,127
4,127
40,127
35,128
38,128
60,129
3,129
15,130
54,132
9,134
11,134
56,134
36,135
40,136
15,139
10,140
22,141
3,144
31,144
55,144
57,145
5,147
34,147
19,149
48,149
17,150
28,150
18,152
27,152
29,152
6,154
27,154
29,155
3,158
20,158
23,158
37,158
30,159
57,159
6,162
49,162
33,163
45,163
46,163
1,165
22,165
31,165
1,166
8,166
11,166
23,167
56,167
2,168
47,168
1,169
48,169
2,170
12,170
2,172
55,172
10,173
50,173
34,174
28,175
4,176
15,176
38,176
55,176
3,178
12,179
17,180
46,180
34,181
1,182
8,182
39,182
22,183
54,183
1,184
8,184
2,185
4,185
2,186
37,186
1,188
44,188
2,189
50,189
57,189
31,191
8,192
19,192
56,192
30,195
23,197
18,200
25,200
41,200
36,203
24,204
42,206
54,207
15,209
30,209
4,214
46,214
34,215
35,216
31,217
4,218
39,218
7,219
25,219
32,220
40,220
45,220
19,221
42,221
60,222
40,222
33,224
40,224
13,225
11,226
44,226
58,226
36,228
43,228
41,229
18,230
29,230
58,230
25,231
40,231
53,231
32,232
55,232
9,233
35,233
50,235
30,236
33,237
17,238
28,240
48,242
7,243
42,243
10,244
28,246
41,246
48,246
42,247
44,247
47,247
57,247
3,248
8,248
17,248
48,248
58,248
18,249
19,251
35,251
12,253
49,253
36,254
58,254
7,259
25,259
54,259
16,260
48,260
33,261
36,261
42,261
36,262
49,262
25,264
6,265
57,265
60,269
30,269
31,269
57,269
9,270
37,270
53,271
14,272
23,273
40,273
60,274
15,275
17,277
24,278
60,279
27,279
19,280
26,280
36,280
13,281
14,281
47,281
48,281
58,281
2,282
25,282
8,283
24,284
37,284
47,284
17,287
53,289
28,290
39,290
17,293
32,293
17,294
15,295
19,295
41,296
20,297
60,300
52,300
12,301
27,302
23,303
48,303
50,303
60,304
42,304
5,306
23,307
57,307
28,308
15,310
19,310
9,311
30,311
42,311
50,311
40,312
9,313
23,313
23,315
33,315
13,316
25,316
56,316
8,317
34,317
37,317
56,317
29,318
44,318
13,319
46,319
50,319
56,319
15,320
28,320
35,320
29,321
39,321
58,321
54,322
6,327
19,328
13,329
10,330
19,330
53,330
49,332
33,334
49,335
18,339
47,339
15,340
53,341
21,342
11,343
20,343
38,344
6,345
5,346
19,347
40,347
43,347
1,348
45,348
5,349
14,349
22,349
37,349
1,350
30,350
6,351
54,351
2,352
23,353
44,353
2,354
31,354
37,354
7,356
17,356
18,356
1,357
40,357
50,357
2,359
5,363
6,363
28,364
51,365
12,366
34,366
60,367
60,368
39,368
33,369
35,369
20,370
40,370
41,370
42,371
45,371
51,371
7,372
26,372
34,372
39,372
15,374
32,374
44,374
52,374
15,377
45,377
13,378
52,378
15,379
45,379
4,380
15,380
50,381
36,383
8,384
25,386
45,386
53,386
30,387
57,387
5,389
31,389
41,389
60,390
48,390
36,391
53,391
13,392
40,392
44,392
20,394
6,396
13,397
49,397
35,398
21,399
7,400
10,400
27,401
32,401
36,401
16,403
42,403
25,404
37,404
50,405
16,406
18,406
23,407
26,408
55,408
18,409
45,410
21,412
24,412
36,413
48,413
36,414
55,414
9,415
29,415
43,415
1,416
27,416
2,417
9,417
21,417
27,417
54,417
9,418
26,418
33,418
1,419
36,419
58,420
40,422
14,423
50,423
2,424
11,424
24,424
1,425
60,426
2,426
24,427
47,428
60,430
57,431
31,432
40,432
26,433
3,435
24,435
46,435
47,435
56,437
58,441
4,444
8,445
30,445
5,446
12,447
14,448
60,449
36,449
40,449
4,451
19,451
31,451
37,451
14,452
15,452
30,453
26,454
20,455
7,456
8,456
55,456
11,458
32,460
54,461
12,462
32,462
37,463
54,464
21,466
23,466
43,467
47,467
55,468
59,468
1,473
31,473
2,474
27,474
1,475
51,475
2,476
1,477
48,477
2,478
56,478
9,480
31,480
1,481
13,481
30,481
49,482
58,483
58,485
12,486
36,486
59,487
16,489
29,489
30,489
19,491
48,492
7,493
22,494
52,497
60,499
1,499
7,499
21,500
2,501
18,501
33,501
39,501
1,502
14,502
19,502
14,503
27,503
40,503
51,504
2,505
46,505
10,506
33,506
50,506
10,509
1,510
39,511
52,511
2,512
43,512
21,515
6,516
8,516
35,518
56,519
4,520
18,521
59,523
18,524
47,524
59,524
40,525
14,528
9,530
20,530
37,530
14,531
42,531
11,532
26,532
33,532
9,533
34,533
34,534
59,535
4,537
16,537
42,538
45,538
44,540
46,540
58,540
52,541
56,541
18,543
3,544
17,544
17,545
24,545
25,546
46,548
19,549
29,550
12,552
55,552
51,553
25,554
17,555
50,555
53,555
9,556
30,557
27,558
28,558
5,560
7,561
31,563
33,563
41,564
32,565
41,569
49,570
9,571
38,571
54,571
9,572
47,573
49,573
54,573
33,574
36,574
56,574
22,575
56,575
44,577
20,578
7,579
8,581
1,582
26,583
2,587
1,588
33,588
1,589
2,590
13,590
2,591
47,591
54,592
3,594
48,594
27,595
55,595
24,596
35,596
4,597
59,598
15,600
27,601
32,601
33,603
39,604
53,605
50,606
16,607
37,607
37,608
1,609
29,609
46,609
51,609
2,610
39,611
58,611
1,612
9,612
29,612
32,613
35,614
1,615
22,615
2,616
4,617
2,618
23,618
29,618
12,619
40,620
50,620
47,621
8,622
21,622
38,622
23,623
41,623
37,624
19,625
27,625
34,625
29,626
52,626
1,627
55,627
1,628
13,628
21,628
2,629
8,629
27,629
2,630
55,630
3,631
5,632
49,632
1,633
7,634
41,634
2,635
44,635
18,637
3,639
29,640
45,641
59,643
16,644
42,644
1,646
15,647
6,649
7,649
1,650
17,650
57,650
2,652
8,652
16,652
23,653
40,655
57,655
41,656
2,660
56,660
1,662
55,662
2,663
30,663
36,664
36,665
38,665
59,665
24,666
48,667
19,668
27,668
14,670
36,670
7,671
4,673
13,673
40,673
46,673
18,674
59,674
3,675
16,675
44,675
50,675
53,675
4,676
38,676
5,677
34,678
37,679
50,679
18,682
15,684
11,686
37,689
8,690
6,691
11,691
42,691
45,691
58,691
24,692
44,692
14,693
14,694
28,694
37,695
34,697
1,698
14,698
35,698
37,698
21,699
3,700
23,700
1,701
57,702
21,703
2,704
18,704
1,705
14,705
53,705
16,706
24,707
2,708
22,708
42,708
2,711
16,711
6,712
20,713
38,714
42,714
55,714
1,716
2,717
35,717
1,718
10,718
2,719
1,720
5,720
1,721
2,721
28,722
56,722
39,725
59,725
25,727
19,728
25,728
46,728
60,729
44,730
58,730
32,731
51,731
28,732
51,732
48,734
29,735
35,735
27,736
47,737
54,737
59,737
26,738
28,738
33,739
49,739
20,742
23,744
31,744
5,745
58,745
20,746
25,746
45,747
41,748
3,749
24,750
58,750
17,751
50,751
23,752
37,752
25,753
51,754
58,754
4,755
44,756
51,756
40,757
30,759
30,760
35,762
18,763
31,763
55,763
52,765
22,766
5,767
11,768
17,768
56,769
11,770
16,772
28,772
57,772
10,776
1,778
29,778
22,779
18,780
34,780
46,782
60,784
26,784
16,786
23,787
40,787
13,789
33,789
22,790
49,790
29,792
16,793
27,793
18,795
31,795
2,798
53,798
22,799
32,799
47,799
9,802
6,803
36,803
20,804
40,804
33,808
38,809
55,809
35,810
11,811
24,811
46,811
7,812
25,813
51,813
14,814
18,814
29,814
35,814
14,816
22,819
21,820
25,820
6,821
40,824
58,824
21,826
26,827
45,828
10,829
24,829
36,829
21,830
51,832
7,834
25,836
26,836
1,838
52,838
1,839
17,839
2,840
6,840
51,840
1,841
7,841
2,843
55,843
2,844
6,844
7,844
57,844
13,845
28,847
44,847
54,847
14,848
15,848
17,848
44,848
24,849
32,849
42,850
49,850
23,851
60,852
31,854
35,858
8,859
29,862
26,863
8,864
48,870
27,872
31,873
35,874
36,874
50,875
29,876
53,876
6,877
13,877
14,877
17,878
34,879
24,881
29,881
40,882
14,884
58,884
35,885
17,886
48,887
51,887
24,888
29,888
41,888
28,889
14,890
35,890
1,891
4,891
30,891
36,891
1,892
12,892
21,893
37,893
2,895
1,896
30,896
2,897
13,897
18,898
2,899
26,899
40,899
5,900
42,900
37,901
18,904
36,906
42,906
14,907
4,908
4,909
34,909
55,909
7,910
23,911
43,911
17,913
10,915
11,915
25,915
30,915
17,917
56,917
12,918
17,918
35,919
45,919
22,921
40,922
21,923
12,924
6,925
11,925
18,925
15,927
17,927
37,928
6,929
40,929
56,930
44,931
10,933
28,933
33,933
12,934
8,935
6,936
10,936
20,936
44,936
48,936
26,938
38,938
15,940
5,941
52,942
13,943
24,943
38,943
11,944
55,945
29,946
54,946
12,947
40,947
52,947
54,951
28,953
9,955
18,955
20,955
58,955
23,956
5,957
19,960
42,960
11,962
45,965
46,965
50,967
54,968
28,969
30,969
7,972
14,972
59,972
21,974
46,974
54,974
59,974
39,976
41,977
30,978
24,979
30,982
32,983
58,983
49,985
25,986
23,988
25,988
32,988
17,990
22,990
9,991
27,992
31,993
8,995
32,996
35,996
12,997
18,997
37,997
8,998
29,998
45,998
58,998
24,1001
9,1002
55,1002
21,1003
5,1004
8,1004
40,1005
43,1007
42,1009
25,1011
27,1012
35,1012
40,1013
13,1014
3,1017
7,1017
13,1018
32,1022
35,1022
11,1023
1,1024
28,1025
29,1025
1,1026
5,1026
27,1026
2,1027
2,1029
25,1029
49,1029
54,1029
10,1030
11,1030
1,1031
54,1031
2,1032
35,1032
5,1034
51,1034
37,1037
28,1039
38,1039
3,1040
24,1041
33,1041
37,1041
26,1042
28,1042
5,1044
57,1045
41,1046
29,1047
27,1048
54,1048
26,1049
9,1052
15,1053
24,1053
58,1053
4,1056
20,1059
3,1060
15,1060
30,1060
33,1061
6,1062
17,1062
18,1062
34,1064
50,1064
42,1066
56,1066
35,1067
10,1069
16,1069
58,1069
6,1070
9,1070
16,1072
36,1072
45,1073
18,1074
35,1074
5,1075
48,1075
24,1077
11,1078
28,1078
3,1079
17,1079
36,1079
57,1079
53,1080
26,1082
50,1083
16,1086
40,1086
51,1086
10,1087
45,1087
56,1088
3,1090
59,1090
60,1091
40,1091
54,1091
3,1092
7,1092
10,1092
47,1092
10,1093
49,1094
1,1096
1,1097
2,1098
46,1098
55,1098
58,1098
10,1102
17,1102
24,1102
40,1102
50,1102
1,1103
8,1103
55,1103
2,1105
6,1105
46,1107
20,1108
17,1109
2,1110
49,1111
25,1112
47,1112
10,1115
18,1116
57,1116
59,1118
57,1119
4,1120
6,1120
28,1120
38,1122
36,1123
54,1123
54,1126
39,1129
10,1130
20,1130
23,1130
57,1131
24,1133
53,1133
25,1134
59,1134
3,1135
51,1135
36,1136
47,1136
3,1137
29,1137
43,1137
27,1138
32,1138
10,1139
57,1140
17,1141
35,1143
45,1144
3,1146
36,1146
52,1146
15,1148
42,1148
6,1149
40,1149
48,1152
38,1153
11,1157
1,1159
4,1159
6,1160
45,1161
1,1163
26,1163
43,1163
2,1165
32,1165
2,1167
6,1167
19,1167
21,1167
52,1167
1,1168
40,1168
2,1169
25,1169
28,1170
10,1171
51,1171
41,1172
16,1173
3,1174
22,1174
9,1175
35,1175
18,1178
35,1180
38,1181
41,1181
17,1182
37,1183
34,1185
54,1186
8,1187
47,1187
32,1190
21,1192
43,1192
18,1193
20,1193
53,1194
53,1195
12,1196
34,1196
8,1197
5,1198
10,1198
14,1198
24,1199
46,1199
39,1200
56,1201
19,1202
45,1202
15,1203
43,1203
6,1204
6,1205
26,1205
44,1209
19,1213
36,1213
48,1213
53,1214
36,1215
54,1217
4,1218
11,1219
44,1220
13,1221
4,1222
32,1222
50,1223
42,1225
52,1225
7,1226
29,1226
39,1227
23,1229
52,1229
46,1232
19,1233
24,1234
39,1234
34,1235
11,1236
47,1236
29,1237
58,1237
30,1238
3,1239
16,1245
41,1245
44,1247
54,1247
47,1248
8,1250
59,1250
8,1251
60,1252
6,1253
59,1253
12,1254
16,1255
27,1255
39,1255
52,1256
27,1257
38,1258
7,1259
20,1259
46,1259
60,1260
1,1260
23,1260
22,1261
46,1263
21,1264
40,1264
26,1265
2,1266
19,1266
58,1267
1,1268
4,1270
49,1271
6,1272
19,1272
3,1273
3,1275
9,1275
59,1275
1,1276
37,1276
6,1277
42,1277
2,1278
11,1279
2,1280
8,1281
32,1281
22,1282
54,1282
7,1283
22,1284
45,1284
30,1286
35,1287
10,1288
35,1288
42,1288
55,1289
42,1290
44,1290
31,1292
40,1292
50,1292
56,1293
12,1294
21,1295
42,1295
51,1295
55,1295
23,1296
34,1296
37,1296
4,1298
29,1298
37,1299
5,1301
43,1301
29,1302
46,1303
7,1305
5,1306
13,1307
15,1307
51,1307
55,1307
24,1308
18,1309
45,1309
58,1309
59,1310
12,1311
20,1311
27,1311
31,1312
32,1312
35,1312
38,1312
39,1313
58,1313
5,1316
33,1316
21,1320
7,1321
31,1321
41,1321
18,1323
37,1323
39,1323
47,1325
32,1328
57,1328
35,1329
19,1330
53,1330
22,1332
56,1333
9,1334
10,1334
3,1335
10,1335
23,1335
19,1336
35,1339
8,1341
43,1341
5,1342
13,1342
27,1343
14,1346
25,1346
36,1346
46,1346
51,1347
18,1348
20,1351
16,1353
48,1353
11,1354
53,1355
55,1356
4,1358
8,1360
43,1360
14,1361
24,1361
20,1362
48,1362
23,1363
1,1364
46,1364
48,1364
42,1365
1,1366
3,1366
2,1367
59,1367
2,1368
56,1369
1,1370
9,1371
2,1372
47,1372
1,1373
2,1375
22,1375
31,1375
34,1375
37,1375
48,1376
48,1377
58,1377
1,1378
2,1379
22,1379
47,1379
27,1381
35,1381
43,1382
59,1382
1,1383
41,1383
2,1384
54,1384
56,1385
51,1386
52,1387
28,1391
34,1392
47,1392
20,1395
22,1395
38,1395
3,1397
21,1397
57,1397
46,1398
30,1399
57,1402
1,1403
31,1403
58,1403
2,1404
34,1404
40,1404
1,1405
2,1406
32,1406
41,1406
51,1406
36,1407
53,1407
1,1410
46,1410
50,1410
52,1410
2,1411
45,1415
15,1416
13,1417
17,1417
42,1417
9,1418
11,1418
13,1418
56,1419
19,1420
21,1420
43,1420
29,1421
44,1423
42,1424
44,1424
27,1433
31,1433
50,1433
53,1433
6,1435
52,1435
8,1436
10,1436
36,1436
57,1436
58,1436
16,1438
57,1438
11,1441
21,1441
17,1442
33,1442
37,1442
49,1443
6,1444
8,1445
31,1445
30,1446
60,1447
31,1447
27,1448
16,1449
9,1451
30,1451
59,1451
40,1454
22,1455
32,1455
5,1456
38,1456
50,1458
34,1459
10,1460
11,1460
24,1460
50,1461
56,1461
37,1462
35,1465
17,1466
46,1466
56,1466
25,1468
55,1469
3,1470
7,1470
10,1470
27,1471
42,1471
56,1472
32,1473
40,1473
48,1474
48,1475
3,1476
11,1477
36,1477
27,1478
50,1480
14,1481
40,1481
24,1484
31,1485
12,1486
20,1486
1,1488
6,1488
37,1488
1,1489
2,1490
34,1490
1,1491
15,1492
36,1492
57,1492
39,1493
58,1493
1,1494
2,1494
49,1494
45,1495
2,1496
7,1501
13,1501
27,1503
41,1504
42,1504
33,1507
6,1509
43,1509
35,1510
40,1510
50,1510
9,1511
36,1511
48,1511
7,1512
28,1512
42,1512
4,1513
9,1513
36,1513
1,1514
52,1514
11,1516
58,1517
46,1518
15,1519
49,1521
38,1522
45,1522
31,1524
37,1525
58,1525
8,1526
18,1526
42,1526
25,1528
39,1531
12,1534
13,1534
46,1535
47,1537
43,1538
10,1539
4,1541
5,1542
54,1542
58,1542
59,1543
30,1545
45,1545
11,1546
42,1546
53,1546
54,1546
31,1549
34,1549
37,1550
38,1550
52,1553
6,1554
40,1554
39,1556
31,1557
36,1557
34,1559
9,1560
13,1560
32,1560
1,1562
10,1562
44,1562
52,1562
16,1563
33,1563
39,1563
6,1564
31,1564
59,1564
43,1565
49,1565
3,1566
7,1566
8,1566
1,1567
2,1568
1,1570
2,1571
13,1571
26,1571
47,1571
56,1571
36,1572
56,1572
52,1573
2,1574
27,1575
43,1576
18,1577
47,1578
52,1578
52,1580
26,1581
41,1581
35,1582
43,1582
31,1584
51,1584
51,1585
17,1586
23,1586
60,1588
50,1588
8,1590
29,1592
23,1593
32,1595
10,1597
43,1597
59,1597
6,1598
22,1598
9,1600
11,1600
12,1600
14,1600
54,1601
12,1603
28,1603
31,1603
37,1604
54,1604
56,1604
57,1604
60,1607
46,1607
56,1607
5,1608
6,1609
12,1609
27,1609
42,1609
56,1609
42,1613
20,1614
6,1616
60,1617
19,1618
57,1619
8,1621
11,1622
33,1622
53,1624
19,1626
40,1626
15,1627
1,1629
5,1629
2,1631
9,1631
52,1631
22,1632
35,1632
1,1633
8,1633
35,1634
25,1635
1,1636
15,1636
43,1637
49,1637
47,1638
2,1639
2,1640
57,1640
24,1641
45,1642
41,1643
49,1644
24,1645
55,1645
34,1646
57,1646
18,1647
1,1648
55,1648
2,1649
30,1649
56,1649
1,1650
15,1651
41,1651
47,1651
1,1652
4,1652
54,1652
56,1652
1,1654
15,1654
2,1656
3,1656
21,1656
29,1657
15,1658
38,1658
2,1661
51,1661
25,1662
41,1664
24,1665
27,1665
56,1665
31,1666
46,1666
41,1667
56,1667
5,1668
30,1668
34,1669
59,1671
8,1673
44,1674
11,1676
53,1676
1,1678
5,1682
45,1682
59,1682
2,1683
17,1683
31,1683
28,1684
35,1684
19,1685
1,1686
23,1686
27,1686
39,1686
41,1687
51,1687
2,1688
27,1688
1,1689
13,1689
2,1690
5,1692
36,1692
55,1693
26,1694
25,1695
11,1698
60,1700
10,1700
7,1702
15,1702
30,1702
12,1704
56,1705
33,1706
58,1707
28,1708
51,1708
57,1708
45,1709
20,1710
56,1710
21,1711
22,1711
39,1711
15,1713
21,1713
35,1713
56,1713
58,1713
10,1714
25,1714
36,1714
55,1714
55,1715
1,1716
12,1716
16,1716
1,1717
2,1718
46,1718
55,1718
60,1719
2,1719
18,1719
41,1719
53,1719
59,1719
1,1720
30,1720
7,1721
16,1721
51,1721
2,1722
25,1723
6,1725
46,1727
4,1728
31,1728
38,1729
1,1733
42,1733
36,1734
39,1734
40,1734
40,1735
1,1737
58,1737
59,1737
2,1739
46,1739
6,1740
9,1740
18,1740
26,1740
1,1741
6,1741
26,1742
45,1742
52,1742
2,1744
18,1744
2,1745
3,1745
26,1745
24,1746
34,1746
13,1748
18,1749
29,1750
43,1751
33,1752
51,1752
57,1752
17,1753
26,1753
18,1754
40,1754
38,1755
1,1757
45,1757
54,1757
33,1758
48,1759
1,1760
2,1763
14,1763
4,1764
11,1764
27,1765
52,1765
54,1765
27,1766
1,1767
28,1767
60,1768
2,1768
4,1768
2,1769
10,1770
40,1770
25,1771
5,1772
53,1773
52,1774
4,1775
56,1777
59,1777
8,1780
1,1781
39,1781
1,1782
25,1782
28,1783
2,1784
40,1784
2,1785
37,1785
9,1786
1,1788
57,1788
46,1789
2,1790
47,1790
27,1791
27,1792
23,1794
25,1794
45,1794
30,1795
49,1795
48,1796
50,1796
21,1797
51,1797
39,1798
57,1798
3,1799
14,1799
54,1799
56,1800
19,1801
14,1802
25,1802
54,1803
52,1804
60,1806
17,1806
45,1806
54,1806
15,1807
8,1809
38,1809
48,1809
33,1810
29,1811
48,1811
55,1813
28,1816
56,1816
6,1817
10,1817
17,1817
27,1817
35,1817
39,1818
49,1818
44,1819
47,1821
51,1822
48,1823
49,1824
1,1825
54,1825
58,1827
8,1828
12,1828
5,1829
3,1830
8,1830
28,1830
34,1830
17,1831
26,1832
43,1833
21,1834
36,1834
24,1837
47,1837
17,1838
20,1838
41,1838
4,1839
11,1839
39,1839
7,1840
60,1841
31,1843
52,1843
54,1843
4,1844
32,1844
49,1844
27,1845
36,1847
23,1848
27,1850
30,1850
28,1854
50,1854
8,1855
46,1857
34,1858
29,1860
38,1860
20,1861
44,1861
39,1863
45,1863
15,1865
59,1865
11,1866
13,1866
14,1867
49,1867
52,1867
5,1868
26,1868
29,1868
54,1868
54,1869
16,1870
25,1871
27,1872
52,1872
8,1873
45,1873
33,1874
34,1874
7,1876
9,1876
51,1876
6,1877
4,1878
16,1880
16,1881
20,1883
29,1884
39,1888
53,1888
4,1889
34,1889
1,1890
47,1890
4,1891
39,1891
9,1892
16,1892
34,1892
1,1893
2,1894
14,1894
19,1894
1,1895
37,1895
12,1896
60,1897
1,1897
2,1898
20,1898
36,1898
28,1899
2,1902
39,1902
57,1902
15,1903
43,1903
52,1903
33,1904
12,1905
39,1905
4,1906
49,1906
40,1907
46,1907
19,1909
22,1909
4,1910
27,1910
15,1913
26,1913
9,1915
46,1915
26,1918
12,1920
55,1920
58,1921
37,1923
42,1923
10,1924
1,1925
19,1926
37,1926
47,1926
48,1926
2,1927
9,1927
45,1927
1,1928
1,1930
39,1930
2,1931
4,1931
48,1934
59,1934
2,1936
12,1937
21,1938
27,1938
19,1939
21,1939
21,1941
47,1941
1,1942
21,1942
30,1942
13,1943
39,1943
21,1944
39,1944
1,1945
37,1945
42,1945
7,1946
19,1946
59,1946
2,1947
38,1947
1,1948
7,1948
51,1948
58,1948
30,1949
42,1949
60,1950
2,1950
43,1950
2,1951
24,1951
37,1952
57,1952
18,1953
56,1953
27,1958
42,1959
38,1960
50,1960
47,1961
58,1961
20,1962
46,1962
23,1963
8,1964
50,1964
18,1965
24,1965
47,1965
7,1966
20,1967
34,1967
46,1967
53,1967
18,1968
56,1968
55,1969
10,1970
13,1970
36,1971
20,1972
56,1973
11,1974
33,1974
51,1975
55,1975
2,1977
33,1977
36,1978
8,1979
3,1980
18,1980
46,1980
16,1981
21,1981
40,1981
52,1981
33,1984
15,1985
50,1986
19,1987
53,1987
41,1988
12,1991
22,1998
28,1999
1,2000
1,2001
8,2001
50,2001
2,2002
25,2002
40,2002
48,2002
1,2004
51,2004
32,2005
53,2005
40,2007
20,2009
59,2009
2,2010
20,2010
22,2010
2,2011
3,2011
17,2011
40,2011
13,2013
15,2013
50,2013
59,2013
5,2014
8,2014
46,2015
57,2015
6,2016
48,2016
12,2017
29,2017
52,2017
36,2018
44,2018
41,2019
25,2022
15,2024
21,2024
24,2024
34,2024
45,2024
38,2025
41,2025
15,2026
17,2026
31,2026
39,2027
31,2029
50,2029
23,2030
21,2034
53,2034
42,2035
45,2035
45,2037
9,2039
43,2039
40,2040
45,2040
52,2041
8,2042
19,2042
45,2042
16,2043
11,2044
45,2044
35,2045
11,2047
35,2047
57,2047
27,2049
34,2049
58,2050
16,2051
27,2051
40,2052
9,2053
36,2053
59,2054
41,2055
18,2057
58,2057
49,2058
4,2059
8,2063
10,2063
18,2064
45,2064
58,2064
8,2066
6,2067
23,2067
30,2067
34,2067
44,2067
40,2068
45,2069
47,2069
25,2070
23,2071
24,2072
32,2072
39,2072
41,2072
23,2073
44,2073
47,2074
11,2075
34,2076
15,2078
39,2078
4,2079
46,2079
3,2081
13,2083
19,2085
8,2086
33,2089
41,2090
52,2090
54,2090
7,2093
52,2093
3,2094
39,2094
53,2094
53,2095
50,2096
53,2096
16,2097
58,2097
6,2098
46,2098
8,2099
6,2101
51,2101
47,2102
25,2103
50,2103
18,2104
39,2104
40,2104
27,2106
1,2108
12,2108
6,2109
17,2111
23,2111
51,2111
53,2112
1,2113
53,2113
60,2114
27,2114
2,2115
1,2116
3,2116
36,2117
40,2117
56,2117
44,2118
2,2119
32,2119
45,2120
21,2122
25,2122
42,2122
20,2123
35,2123
25,2124
42,2124
45,2124
50,2124
2,2125
15,2125
26,2125
45,2125
3,2126
6,2126
58,2126
8,2128
15,2129
50,2129
33,2130
6,2131
16,2133
38,2134
51,2134
4,2135
10,2135
46,2135
22,2136
33,2139
25,2140
41,2140
44,2140
56,2140
60,2141
45,2141
24,2142
41,2143
51,2143
11,2145
47,2145
1,2146
42,2146
16,2149
42,2149
1,2151
16,2151
2,2152
12,2152
6,2153
25,2153
26,2153
1,2154
24,2154
36,2154
55,2154
1,2155
6,2155
14,2155
33,2155
2,2156
35,2158
2,2159
22,2160
36,2161
1,2163
1,2164
21,2166
50,2166
2,2167
5,2167
49,2167
57,2167
3,2168
10,2168
47,2168
35,2169
42,2170
1,2171
15,2171
2,2172
53,2172
2,2173
46,2173
58,2173
28,2176
3,2177
33,2177
1,2178
44,2179
2,2180
50,2180
60,2181
1,2181
2,2182
54,2182
1,2183
2,2185
32,2186
21,2187
26,2187
29,2190
49,2193
54,2193
25,2194
35,2195
50,2196
4,2197
40,2197
53,2197
48,2199
49,2200
40,2201
42,2203
24,2204
35,2204
43,2204
6,2205
55,2205
8,2207
8,2209
22,2209
44,2210
11,2211
60,2212
20,2214
43,2214
48,2217
33,2218
15,2219
23,2219
33,2219
14,2222
35,2222
38,2222
8,2223
19,2223
36,2223
13,2225
42,2229
33,2230
46,2230
47,2231
30,2232
47,2232
1,2233
35,2233
1,2234
18,2234
2,2235
9,2235
2,2237
8,2237
1,2238
27,2239
2,2241
37,2241
17,2243
34,2243
22,2244
8,2248
40,2248
30,2250
31,2250
43,2251
51,2251
26,2252
20,2253
33,2253
1,2254
2,2255
1,2259
2,2260
25,2260
57,2260
1,2261
14,2261
40,2262
48,2262
27,2263
19,2264
48,2264
2,2265
40,2265
6,2267
35,2267
37,2267
49,2267
40,2270
11,2271
55,2271
49,2272
41,2273
5,2274
15,2275
59,2275
22,2276
24,2276
49,2276
50,2276
7,2277
13,2277
60,2279
49,2283
6,2284
35,2285
58,2285
32,2286
38,2286
21,2287
54,2289
44,2290
27,2291
32,2291
16,2292
24,2292
33,2292
24,2293
60,2296
13,2296
53,2296
56,2296
10,2297
12,2298
22,2298
3,2300
16,2300
17,2301
52,2301
55,2302
36,2303
37,2303
24,2305
40,2305
17,2306
29,2306
38,2306
1,2308
30,2308
2,2309
56,2309
35,2310
52,2310
1,2311
9,2311
10,2311
45,2311
2,2312
24,2314
22,2315
35,2315
50,2315
1,2317
26,2317
55,2317
2,2318
1,2319
20,2319
39,2319
57,2319
25,2320
55,2320
46,2321
47,2321
2,2322
11,2322
60,2323
35,2323
60,2324
1,2324
1,2325
5,2325
2,2326
4,2326
2,2327
6,2327
57,2327
37,2331
46,2331
29,2334
31,2334
3,2335
25,2335
26,2335
14,2336
18,2337
10,2339
41,2339
45,2339
22,2340
36,2342
37,2343
41,2343
21,2345
30,2345
36,2345
37,2345
17,2346
55,2346
30,2347
60,2348
37,2348
57,2348
33,2349
39,2349
55,2349
10,2353
22,2355
19,2356
33,2357
6,2359
8,2359
56,2359
28,2360
29,2360
16,2361
32,2361
38,2362
45,2362
42,2368
32,2369
44,2369
57,2369
6,2370
20,2370
6,2372
16,2372
9,2373
19,2373
36,2373
31,2374
30,2375
21,2376
48,2378
10,2379
59,2379
16,2380
53,2380
8,2382
18,2382
4,2383
41,2383
46,2384
11,2385
51,2385
53,2385
56,2385
40,2387
9,2388
26,2388
28,2388
6,2389
11,2392
41,2392
21,2393
23,2395
31,2395
40,2395
30,2396
50,2396
9,2397
34,2398
46,2398
60,2399
42,2399
54,2399
25,2402
55,2402
7,2404
10,2404
42,2405
59,2406
44,2409
45,2411
7,2412
11,2413
7,2414
3,2415
16,2415
47,2415
1,2418
3,2418
13,2418
27,2418
34,2418
23,2419
1,2420
27,2420
35,2420
38,2422
1,2425
25,2425
4,2426
2,2427
11,2428
46,2428
60,2429
2,2429
34,2429
41,2429
1,2430
2,2431
38,2431
16,2432
35,2432
58,2432
13,2433
1,2435
4,2435
20,2435
12,2436
54,2436
59,2436
2,2437
18,2437
27,2438
1,2439
23,2439
26,2439
44,2439
2,2440
1,2441
12,2441
13,2441
14,2441
48,2441
25,2442
3,2443
9,2443
2,2444
48,2444
5,2445
16,2448
49,2448
42,2449
50,2449
10,2450
44,2451
35,2455
23,2456
14,2457
21,2459
47,2459
50,2459
60,2460
22,2461
22,2462
38,2462
31,2463
50,2464
9,2465
43,2465
19,2466
32,2467
52,2467
55,2468
28,2469
55,2469
19,2470
24,2470
56,2470
28,2471
58,2471
23,2473
1,2474
32,2474
1,2475
49,2476
54,2476
2,2477
24,2478
1,2479
17,2479
28,2479
19,2481
48,2481
2,2482
35,2482
2,2483
6,2483
20,2483
57,2484
9,2487
45,2488
11,2489
16,2490
42,2493
28,2494
60,2495
40,2495
44,2495
35,2496
7,2497
54,2497
38,2498
56,2498
17,2499
31,2499
13,2500
56,2501
6,2502
31,2502
44,2502
25,2506
43,2506
21,2508
30,2508
4,2509
6,2510
40,2510
57,2511
17,2512
59,2512
56,2513
12,2515
31,2515
49,2515
51,2515
9,2516
16,2516
56,2518
11,2519
47,2520
34,2521
10,2522
44,2522
46,2522
38,2523
9,2524
11,2524
38,2526
49,2526
26,2527
55,2527
8,2530
5,2531
53,2531
16,2532
17,2533
24,2535
35,2535
13,2537
26,2537
22,2538
24,2539
55,2539
58,2540
36,2541
43,2542
24,2543
1,2544
14,2545
25,2545
5,2546
41,2547
45,2547
1,2548
2,2549
1,2551
41,2551
47,2551
2,2552
47,2552
49,2552
27,2553
2,2554
33,2554
50,2554
29,2555
32,2555
34,2556
54,2558
12,2559
31,2562
42,2562
57,2563
59,2563
45,2564
21,2566
44,2566
21,2567
30,2567
41,2567
52,2567
21,2568
41,2569
57,2569
58,2569
24,2571
18,2573
9,2576
11,2576
3,2577
47,2577
17,2578
35,2578
40,2578
3,2579
41,2580
13,2581
34,2581
6,2583
21,2583
47,2583
13,2585
20,2585
54,2586
10,2589
47,2589
29,2590
45,2591
32,2592
7,2593
56,2593
34,2595
36,2595
43,2595
28,2596
30,2596
48,2596
13,2597
36,2597
11,2599
46,2599
52,2599
27,2601
15,2602
26,2603
30,2603
59,2603
1,2605
40,2605
49,2605
2,2606
24,2606
7,2607
55,2607
1,2608
29,2609
48,2610
2,2611
39,2611
31,2612
32,2612
1,2613
53,2613
2,2614
52,2614
1,2617
1,2618
47,2618
2,2619
34,2620
1,2621
2,2622
57,2622
59,2622
11,2623
21,2623
30,2623
2,2624
1,2625
16,2625
1,2626
2,2627
41,2627
56,2627
2,2628
33,2628
45,2628
1,2630
25,2630
45,2630
2,2631
4,2631
29,2631
4,2632
20,2632
26,2632
33,2635
15,2636
26,2636
35,2636
60,2637
26,2637
54,2637
23,2639
40,2642
60,2643
14,2643
59,2643
3,2644
19,2646
13,2648
31,2648
54,2648
60,2649
48,2649
18,2650
54,2650
42,2652
31,2654
58,2656
16,2657
31,2658
59,2658
59,2659
4,2660
50,2660
3,2661
40,2661
19,2663
30,2665
51,2665
42,2666
1,2667
2,2668
1,2669
1,2670
57,2670
2,2671
56,2673
3,2674
21,2674
43,2675
3,2676
58,2679
2,2680
25,2680
35,2680
34,2681
49,2681
1,2683
52,2683
1,2684
4,2684
50,2684
3,2685
53,2685
9,2686
18,2686
36,2686
39,2686
2,2687
33,2687
53,2687
56,2687
34,2688
2,2689
21,2689
33,2689
1,2690
2,2691
56,2692
10,2694
19,2694
25,2694
22,2696
36,2696
51,2696
54,2696
30,2697
3,2698
27,2699
33,2699
40,2699
17,2700
27,2700
1,2701
17,2703
36,2703
1,2705
29,2705
42,2706
56,2707
5,2708
39,2709
17,2710
7,2711
1,2712
21,2712
2,2714
29,2715
54,2715
60,2716
11,2716
14,2716
50,2716
54,2716
25,2717
1,2718
3,2718
24,2718
50,2719
2,2720
41,2720
45,2720
2,2721
16,2721
47,2721
34,2724
11,2726
13,2726
19,2726
22,2726
37,2726
8,2727
28,2727
21,2729
33,2729
23,2730
60,2733
23,2733
48,2733
19,2734
4,2736
34,2736
45,2739
28,2740
20,2741
6,2742
30,2742
39,2742
21,2746
24,2747
45,2750
15,2752
57,2752
17,2756
51,2756
30,2757
29,2758
21,2759
12,2760
55,2760
56,2760
16,2761
17,2762
45,2762
17,2766
26,2767
57,2768
6,2769
54,2769
9,2771
15,2772
21,2773
27,2774
51,2774
58,2774
42,2775
2,2776
23,2776
54,2776
8,2778
13,2779
9,2781
19,2782
20,2783
5,2785
39,2785
35,2786
28,2787
50,2787
51,2788
6,2789
12,2789
57,2790
41,2791
33,2792
53,2794
31,2795
57,2796
50,2798
44,2800
60,2801
25,2801
30,2801
8,2802
9,2802
31,2804
38,2804
57,2804
9,2805
58,2806
9,2808
1,2809
49,2809
56,2809
2,2810
1,2811
15,2811
1,2812
53,2812
2,2813
39,2813
4,2814
52,2814
2,2815
18,2815
23,2816
37,2816
43,2816
32,2818
36,2818
53,2818
35,2821
38,2824
53,2825
15,2826
35,2827
54,2827
29,2828
42,2829
24,2831
39,2832
42,2832
17,2833
31,2833
19,2834
32,2834
5,2836
19,2837
10,2839
44,2839
22,2840
55,2841
9,2843
44,2843
1,2845
33,2845
37,2845
2,2846
4,2846
43,2846
1,2847
20,2848
51,2848
1,2850
2,2851
2,2852
48,2855
15,2857
31,2857
29,2858
46,2858
58,2858
19,2859
49,2861
52,2861
7,2863
46,2863
58,2863
41,2865
44,2865
10,2869
25,2869
55,2870
28,2873
52,2873
43,2874
57,2874
49,2875
28,2877
32,2877
7,2878
44,2878
17,2880
44,2880
8,2881
21,2884
33,2884
57,2884
7,2886
32,2886
49,2887
3,2888
15,2888
3,2890
10,2890
17,2890
12,2891
22,2892
25,2893
60,2895
60,2897
9,2898
11,2902
12,2902
35,2902
37,2902
40,2902
31,2903
60,2904
25,2904
17,2905
31,2905
6,2906
60,2907
9,2908
13,2908
24,2909
30,2909
41,2910
14,2912
25,2912
3,2914
11,2914
33,2914
39,2914
12,2915
3,2918
19,2918
5,2919
8,2920
17,2920
35,2920
43,2921
27,2922
28,2922
22,2923
38,2924
42,2924
44,2924
36,2926
47,2926
56,2926
6,2927
28,2927
10,2928
42,2929
29,2930
22,2931
33,2931
40,2932
12,2933
31,2934
35,2934
53,2934
54,2935
57,2935
25,2937
39,2937
17,2939
34,2939
50,2939
53,2939
9,2940
24,2940
31,2940
51,2940
30,2941
18,2943
27,2943
4,2944
57,2945
24,2946
51,2946
19,2947
40,2948
46,2948
22,2949
60,2951
17,2951
15,2952
20,2952
17,2955
46,2955
39,2956
6,2957
50,2957
1,2958
2,2959
41,2959
16,2960
1,2964
29,2967
36,2967
39,2967
22,2968
29,2968
52,2968
32,2969
41,2969
35,2970
2,2971
31,2971
9,2972
1,2974
45,2974
2,2975
18,2976
49,2977
9,2979
22,2980
58,2981
39,2982
54,2982
24,2983
6,2985
52,2985
3,2988
18,2989
45,2990
43,2992
32,2993
58,2993
41,2994
49,2994
54,2998
7,3000
17,3000
18,3003
58,3003
14,3006
27,3006
39,3006
53,3006
17,3009
50,3009
12,3012
18,3012
26,3012
25,3016
10,3017
31,3021
46,3021
3,3022
18,3022
19,3022
44,3022
45,3022
48,3022
10,3023
10,3024
59,3025
31,3026
33,3026
38,3027
54,3027
11,3029
53,3029
7,3030
27,3030
5,3031
16,3031
33,3032
44,3032
45,3032
6,3033
54,3034
32,3035
41,3035
6,3036
7,3036
31,3036
20,3037
11,3038
1,3039
59,3040
13,3042
34,3043
36,3045
47,3045
1,3046
44,3046
19,3047
1,3048
33,3048
2,3050
44,3051
52,3051
2,3053
3,3053
1,3054
20,3054
29,3054
2,3056
21,3057
59,3057
13,3059
27,3061
41,3061
13,3062
29,3062
24,3063
40,3063
18,3065
60,3066
54,3066
1,3067
1,3068
2,3069
15,3070
27,3070
57,3070
2,3072
1,3073
12,3073
2,3074
31,3075
36,3075
46,3075
19,3076
26,3076
34,3076
50,3078
48,3079
2,3082
23,3082
31,3082
42,3084
9,3085
39,3085
43,3085
17,3086
33,3087
34,3087
41,3087
29,3089
40,3089
27,3091
54,3091
1,3092
16,3093
48,3093
2,3094
13,3094
36,3095
40,3095
54,3095
8,3097
33,3097
43,3097
46,3097
1,3098
2,3099
1,3100
2,3101
23,3102
25,3102
35,3102
19,3103
54,3103
3,3104
15,3106
43,3106
27,3112
19,3113
37,3113
34,3114
21,3115
45,3116
9,3118
21,3118
37,3118
24,3119
38,3119
14,3122
50,3122
36,3123
20,3124
21,3124
7,3125
22,3125
24,3125
33,3126
44,3126
48,3126
27,3130
31,3130
35,3130
44,3130
30,3134
47,3135
8,3136
30,3136
53,3136
57,3139
48,3140
1,3141
45,3141
27,3144
39,3144
53,3144
24,3145
56,3145
19,3146
46,3146
2,3147
31,3148
14,3149
17,3151
4,3153
50,3154
16,3156
40,3156
50,3156
10,3159
34,3161
18,3164
39,3164
28,3165
45,3165
54,3165
3,3168
26,3168
59,3168
1,3169
16,3169
1,3170
8,3170
12,3170
2,3171
10,3171
15,3171
2,3172
48,3172
33,3173
9,3174
40,3174
1,3175
27,3175
2,3176
21,3176
32,3176
41,3177
10,3178
31,3178
56,3178
38,3180
55,3180
50,3181
26,3182
31,3183
9,3184
19,3184
48,3184
26,3185
54,3185
26,3187
39,3188
54,3188
59,3188
45,3189
47,3189
38,3190
48,3190
36,3192
47,3192
48,3192
58,3192
1,3196
15,3196
33,3196
36,3196
48,3196
2,3197
11,3197
1,3199
45,3199
55,3199
2,3202
1,3203
2,3204
18,3204
60,3207
26,3207
44,3207
16,3208
3,3209
14,3209
27,3209
35,3209
25,3210
58,3214
29,3215
31,3218
23,3219
50,3219
13,3221
17,3222
25,3222
28,3222
57,3222
18,3223
24,3223
30,3223
51,3223
37,3225
8,3226
57,3226
37,3227
6,3229
24,3229
16,3230
21,3231
47,3233
52,3233
32,3235
38,3235
30,3236
14,3237
19,3237
35,3237
47,3238
8,3239
36,3240
30,3241
40,3241
12,3242
15,3242
26,3243
46,3243
52,3243
44,3244
4,3247
12,3247
58,3247
10,3248
44,3248
55,3251
27,3252
13,3253
56,3253
3,3255
30,3255
33,3255
60,3256
53,3256
16,3258
39,3258
10,3259
15,3259
31,3262
53,3262
53,3264
47,3265
40,3266
6,3268
49,3269
18,3270
31,3270
57,3270
9,3271
38,3271
39,3271
58,3272
4,3273
29,3274
41,3275
22,3276
32,3276
50,3277
23,3279
6,3280
9,3280
15,3280
38,3282
52,3283
47,3284
18,3285
20,3285
26,3285
14,3286
23,3286
14,3287
58,3287
1,3288
34,3288
28,3289
1,3290
2,3291
57,3292
2,3294
17,3294
37,3294
7,3295
17,3295
53,3295
1,3296
14,3296
48,3296
2,3297
52,3298
53,3299
55,3299
22,3300
57,3301
52,3302
23,3303
30,3303
18,3304
21,3305
58,3305
22,3307
37,3307
52,3307
6,3310
27,3310
38,3310
25,3311
43,3311
18,3313
19,3313
20,3314
53,3314
3,3316
4,3316
6,3316
44,3316
33,3317
55,3317
5,3318
1,3319
2,3320
40,3321
1,3322
8,3325
31,3325
2,3326
16,3326
3,3327
9,3327
24,3328
36,3328
49,3328
24,3329
35,3329
17,3330
52,3330
1,3331
7,3331
43,3331
16,3332
2,3333
28,3339
26,3342
51,3342
1,3344
42,3344
2,3345
2,3347
1,3348
22,3348
2,3349
20,3349
12,3351
1,3352
2,3353
7,3354
54,3354
12,3357
40,3358
20,3359
33,3359
16,3360
44,3360
14,3364
20,3364
13,3365
31,3365
44,3365
57,3365
19,3369
35,3369
59,3370
10,3371
45,3371
25,3372
40,3372
40,3373
56,3373
39,3374
21,3375
13,3376
4,3377
52,3378
23,3379
12,3381
31,3381
53,3382
7,3383
19,3383
52,3385
21,3386
24,3386
47,3386
55,3386
32,3388
1,3391
34,3392
1,3393
26,3393
2,3394
7,3394
52,3394
13,3395
32,3395
45,3395
1,3396
2,3397
2,3398
15,3398
16,3398
50,3398
1,3399
2,3400
26,3400
27,3400
54,3400
28,3401
31,3402
49,3402
1,3403
11,3403
43,3403
2,3404
44,3405
57,3405
7,3406
43,3406
6,3407
15,3407
32,3407
41,3408
54,3408
1,3409
21,3410
24,3410
13,3411
33,3411
36,3411
53,3411
2,3412
6,3412
36,3413
4,3416
50,3416
49,3420
16,3421
56,3421
58,3421
8,3424
22,3424
53,3424
58,3424
8,3425
18,3425
16,3426
4,3427
14,3427
26,3427
36,3427
5,3428
14,3428
24,3429
39,3430
3,3434
22,3434
38,3434
37,3435
60,3436
3,3436
50,3438
34,3439
36,3439
3,3443
36,3443
6,3444
5,3445
8,3445
4,3446
5,3447
45,3449
34,3450
18,3452
23,3454
28,3454
50,3454
16,3455
28,3456
37,3456
56,3456
18,3457
40,3457
3,3458
19,3458
35,3458
5,3459
30,3459
16,3460
56,3460
59,3461
22,3462
35,3462
13,3463
16,3465
40,3466
45,3466
30,3467
27,3468
54,3468
31,3469
34,3469
42,3469
50,3469
27,3470
49,3470
7,3471
28,3471
5,3472
37,3472
3,3474
10,3474
56,3474
30,3475
48,3475
19,3476
37,3476
34,3477
39,3477
4,3479
5,3479
50,3479
37,3480
20,3481
29,3482
57,3482
32,3483
51,3483
56,3484
60,3485
25,3485
33,3485
1,3487
6,3487
1,3489
58,3489
3,3491
25,3491
26,3491
2,3492
53,3492
59,3492
26,3493
1,3494
19,3495
23,3497
2,3498
6,3499
2,3500
35,3500
59,3500
10,3502
17,3502
21,3502
49,3502
23,3503
38,3503
56,3504
8,3505
24,3506
43,3507
55,3507
8,3508
41,3510
50,3510
6,3511
12,3511
21,3511
22,3511
17,3512
28,3512
23,3514
41,3514
53,3515
5,3520
9,3520
23,3520
36,3521
5,3522
40,3522
9,3523
1,3525
46,3525
58,3525
7,3526
47,3526
4,3527
36,3527
57,3527
3,3528
11,3528
15,3528
13,3530
48,3530
58,3530
29,3533
58,3533
23,3534
14,3535
1,3537
2,3538
11,3538
51,3538
26,3539
33,3539
5,3540
14,3540
1,3542
3,3542
54,3542
2,3543
43,3543
47,3543
2,3544
28,3544
34,3544
4,3545
14,3545
1,3546
49,3546
57,3546
60,3547
46,3547
53,3547
60,3548
1,3548
15,3548
46,3548
10,3549
23,3549
39,3549
44,3549
48,3549
5,3550
36,3550
42,3550
40,3551
49,3551
2,3552
2,3553
11,3553
37,3553
43,3553
46,3553
1,3554
2,3555
44,3555
42,3556
57,3557
7,3559
24,3559
38,3559
7,3560
56,3561
24,3563
30,3563
7,3565
32,3565
40,3565
18,3567
11,3568
54,3568
1,3569
18,3569
50,3569
54,3569
2,3570
1,3571
2,3573
31,3574
1,3575
18,3575
44,3575
48,3575
39,3576
2,3577
53,3577
19,3578
60,3580
27,3580
41,3580
52,3580
14,3581
20,3581
38,3581
29,3582
29,3583
23,3584
56,3585
13,3586
26,3586
5,3587
22,3587
42,3588
2,3589
19,3590
16,3591
44,3591
57,3591
37,3593
33,3594
33,3595
1,3597
16,3597
22,3597
23,3597
56,3598
26,3599
47,3601
2,3602
1,3603
7,3604
18,3605
34,3605
2,3606
1,3607
42,3607
44,3607
2,3608
40,3609
8,3610
24,3611
15,3612
49,3612
59,3613
48,3614
15,3616
29,3616
48,3616
50,3616
56,3616
31,3617
52,3618
40,3619
52,3620
32,3621
50,3621
33,3622
4,3624
40,3625
30,3626
32,3627
39,3627
10,3628
17,3628
3,3629
30,3630
14,3631
22,3631
24,3632
52,3632
27,3633
35,3633
12,3636
31,3636
38,3637
45,3637
10,3639
16,3639
27,3640
35,3640
1,3641
1,3642
9,3642
34,3642
43,3642
24,3643
27,3643
2,3645
41,3645
46,3645
2,3646
25,3646
34,3646
36,3646
38,3646
55,3646
19,3647
35,3647
3,3648
10,3648
39,3648
40,3648
1,3649
43,3649
2,3650
9,3650
33,3652
49,3652
50,3653
45,3654
18,3655
4,3656
37,3659
3,3660
19,3660
38,3661
14,3662
10,3663
32,3663
24,3665
27,3665
46,3666
20,3668
26,3668
31,3668
54,3668
47,3671
8,3672
13,3672
12,3673
34,3673
48,3678
3,3679
13,3680
18,3680
47,3681
51,3682
3,3683
46,3683
16,3684
42,3686
49,3686
8,3687
40,3687
43,3689
8,3690
15,3690
33,3690
42,3690
54,3690
3,3693
39,3693
33,3694
41,3696
21,3698
23,3699
26,3699
31,3699
37,3699
57,3702
44,3703
47,3703
40,3704
12,3706
46,3706
58,3706
37,3708
47,3709
36,3712
8,3713
43,3713
59,3713
60,3714
17,3715
34,3716
36,3716
51,3716
59,3716
13,3717
60,3718
1,3718
59,3718
25,3719
33,3719
38,3719
22,3720
14,3721
11,3722
26,3722
45,3722
5,3723
26,3723
2,3724
39,3724
1,3725
2,3726
1,3727
2,3728
9,3728
27,3729
7,3730
56,3730
3,3731
1,3732
38,3732
1,3733
32,3733
20,3734
2,3736
22,3736
29,3736
1,3737
12,3737
50,3738
31,3739
34,3739
29,3740
2,3741
48,3742
50,3742
2,3743
13,3743
6,3744
36,3744
57,3744
19,3745
26,3745
30,3745
21,3746
47,3746
39,3747
11,3749
54,3750
8,3754
6,3755
45,3755
17,3757
41,3757
49,3757
23,3758
48,3758
53,3758
33,3759
10,3761
36,3761
56,3761
23,3763
41,3763
51,3763
27,3765
3,3766
9,3766
20,3767
33,3767
38,3767
60,3768
1,3769
1,3770
2,3771
10,3771
14,3771
18,3771
29,3771
54,3771
1,3772
38,3772
2,3773
8,3776
24,3776
36,3776
2,3777
55,3777
11,3779
43,3779
13,3780
43,3780
60,3782
55,3782
14,3783
5,3784
34,3784
23,3785
54,3785
18,3786
55,3787
11,3788
17,3788
41,3790
40,3794
8,3795
9,3796
36,3796
45,3796
50,3796
48,3797
44,3799
28,3800
52,3800
44,3801
46,3801
42,3802
43,3802
32,3804
7,3805
15,3806
26,3807
46,3807
59,3808
6,3809
7,3809
22,3809
44,3810
27,3812
22,3815
1,3816
1,3819
3,3819
30,3819
47,3819
2,3820
48,3820
35,3821
37,3821
4,3823
5,3823
2,3824
30,3824
34,3824
50,3824
45,3825
41,3826
48,3826
1,3827
2,3828
47,3828
49,3828
6,3829
27,3830
19,3831
28,3831
50,3831
18,3832
25,3832
3,3833
17,3833
16,3834
35,3835
3,3837
45,3838
3,3839
46,3839
8,3840
32,3840
6,3844
9,3844
30,3844
46,3844
9,3846
46,3847
53,3847
44,3849
51,3851
42,3852
40,3854
5,3856
8,3858
11,3858
33,3860
57,3860
20,3861
39,3862
20,3863
39,3863
12,3865
23,3865
33,3866
35,3866
52,3866
53,3867
18,3868
4,3869
9,3869
44,3869
23,3870
18,3872
37,3872
52,3872
56,3872
60,3873
6,3873
35,3873
58,3873
34,3875
49,3875
52,3875
16,3877
29,3877
3,3879
50,3880
59,3880
52,3881
1,3884
9,3884
1,3885
2,3886
35,3886
1,3887
9,3887
18,3887
21,3887
2,3888
50,3888
2,3889
19,3890
40,3890
41,3890
52,3890
7,3892
32,3892
45,3892
59,3892
43,3893
38,3894
25,3895
10,3899
17,3899
12,3901
18,3901
37,3901
3,3902
37,3902
55,3902
9,3904
32,3904
7,3906
27,3906
3,3907
37,3907
12,3908
13,3908
6,3909
47,3909
20,3912
10,3913
45,3913
12,3914
13,3914
1,3916
1,3917
38,3917
43,3917
2,3918
34,3918
1,3919
6,3919
2,3920
15,3920
45,3920
2,3922
18,3922
30,3923
14,3924
32,3924
43,3924
8,3925
10,3925
42,3925
16,3926
33,3928
54,3928
21,3929
47,3929
10,3930
58,3931
7,3932
6,3933
22,3934
51,3935
35,3936
58,3936
6,3937
27,3937
40,3937
41,3937
35,3938
36,3938
53,3938
58,3938
31,3939
16,3940
14,3941
34,3941
31,3942
16,3943
4,3944
12,3945
26,3945
33,3945
3,3946
35,3947
12,3948
40,3949
31,3950
1,3953
5,3953
54,3953
2,3954
53,3954
1,3955
37,3955
51,3956
1,3957
11,3957
26,3958
34,3958
2,3959
48,3959
2,3960
44,3960
29,3961
27,3963
50,3964
6,3966
24,3966
46,3966
12,3967
18,3967
57,3968
60,3969
32,3970
40,3970
15,3971
18,3971
57,3972
40,3973
31,3974
35,3974
59,3974
37,3975
5,3976
45,3976
52,3976
32,3977
48,3977
28,3978
49,3979
54,3979
18,3981
33,3984
56,3987
32,3988
56,3988
43,3989
1,3990
9,3990
12,3990
29,3990
53,3990
1,3991
40,3992
23,3993
41,3993
2,3995
24,3995
53,3995
5,3996
10,3996
31,3996
1,3997
51,3997
2,3998
27,3998
2,3999
16,4002
59,4002
27,4003
46,4003
8,4004
53,4004
16,4005
23,4005
37,4006
45,4006
14,4008
35,4008
46,4009
50,4009
3,4011
18,4011
30,4011
33,4012
11,4013
28,4013
52,4013
60,4014
20,4014
39,4014
40,4014
9,4015
32,4018
45,4018
30,4019
37,4019
10,4020
54,4020
58,4020
17,4021
41,4022
54,4022
34,4023
44,4023
49,4023
53,4024
59,4024
27,4025
23,4028
51,4028
51,4029
4,4030
6,4030
23,4030
60,4031
3,4031
45,4031
34,4032
58,4034
59,4034
10,4035
36,4035
10,4036
9,4037
43,4037
59,4037
12,4038
24,4038
42,4038
1,4039
4,4042
7,4043
1,4045
9,4045
15,4045
37,4045
2,4046
27,4046
2,4047
59,4047
1,4048
23,4048
54,4048
2,4049
47,4051
48,4051
22,4052
24,4052
25,4052
42,4052
34,4053
29,4054
36,4054
38,4055
22,4056
23,4056
59,4056
24,4058
60,4059
5,4059
6,4059
26,4059
27,4059
42,4059
19,4060
21,4060
44,4060
36,4064
25,4065
3,4066
22,4068
36,4068
27,4070
29,4070
16,4071
40,4071
53,4071
35,4076
41,4076
44,4077
46,4077
38,4078
54,4078
43,4081
44,4082
22,4083
42,4084
53,4084
1,4085
1,4086
19,4086
41,4086
2,4087
14,4087
24,4087
28,4087
36,4087
35,4088
10,4089
2,4090
23,4090
56,4090
1,4092
20,4092
21,4092
7,4093
25,4093
57,4093
15,4094
29,4094
42,4094
2,4095
30,4095
11,4097
32,4097
9,4100
5,4103
39,4104
27,4105
34,4106
54,4106
1,4107
25,4107
34,4107
48,4107
1,4108
2,4109
56,4109
48,4110
53,4110
1,4111
33,4111
47,4111
53,4112
1,4113
48,4113
59,4113
2,4114
30,4114
2,4116
41,4117
41,4118
15,4119
19,4119
55,4119
27,4121
34,4122
33,4124
37,4124
57,4124
9,4125
10,4125
27,4125
41,4125
51,4125
26,4126
35,4126
10,4127
21,4127
40,4128
30,4130
39,4130
23,4131
13,4132
39,4133
6,4134
58,4135
39,4136
20,4138
27,4139
53,4139
25,4141
43,4141
48,4141
54,4141
41,4142
47,4142
52,4143
58,4143
47,4144
57,4145
44,4149
45,4150
47,4150
17,4151
19,4152
39,4152
56,4152
21,4154
38,4154
39,4154
12,4155
9,4157
50,4158
8,4159
3,4160
50,4161
46,4162
59,4164
24,4165
22,4168
47,4168
59,4168
5,4169
10,4169
52,4169
4,4170
40,4170
48,4170
60,4171
11,4171
27,4171
49,4172
49,4173
26,4174
12,4175
4,4176
38,4176
5,4177
4,4178
16,4178
21,4178
24,4178
15,4179
20,4179
24,4179
50,4179
43,4180
49,4180
23,4181
15,4182
47,4182
4,4184
32,4185
43,4185
46,4188
56,4188
32,4189
58,4190
27,4194
31,4194
41,4195
28,4196
4,4197
3,4198
39,4198
19,4199
25,4199
41,4200
8,4201
43,4201
46,4201
50,4201
21,4203
54,4203
31,4204
43,4204
15,4206
34,4206
13,4207
28,4207
40,4207
57,4207
40,4209
29,4210
1,4211
2,4212
8,4212
45,4212
1,4213
15,4213
60,4214
1,4214
29,4214
2,4215
2,4217
57,4218
38,4219
42,4219
53,4219
41,4220
43,4220
58,4220
33,4221
29,4222
43,4222
54,4222
15,4223
24,4223
11,4224
49,4225
58,4225
25,4226
7,4227
29,4230
56,4230
32,4232
7,4233
4,4235
10,4235
1,4237
25,4239
58,4239
60,4240
1,4241
7,4241
6,4243
20,4243
29,4243
31,4243
35,4244
2,4245
20,4245
32,4245
36,4245
25,4246
2,4247
3,4247
5,4247
44,4248
1,4250
60,4251
19,4251
51,4252
60,4253
2,4253
16,4253
24,4253
48,4253
58,4253
51,4254
10,4257
25,4258
11,4259
14,4259
60,4260
53,4260
60,4262
7,4262
45,4262
20,4263
60,4265
4,4265
16,4265
6,4267
46,4268
16,4270
17,4271
20,4275
5,4276
18,4276
1,4278
2,4279
15,4279
37,4279
46,4279
59,4279
1,4280
53,4280
1,4281
2,4283
1,4284
45,4285
7,4286
47,4287
28,4288
45,4288
2,4290
51,4291
33,4292
8,4296
40,4297
58,4297
21,4298
43,4298
8,4299
44,4299
11,4300
51,4300
4,4301
25,4301
14,4302
18,4302
55,4302
38,4303
56,4305
22,4306
28,4306
8,4307
15,4307
28,4307
42,4307
48,4307
1,4308
52,4308
20,4309
24,4309
1,4311
2,4312
20,4312
43,4312
25,4313
36,4313
24,4314
1,4315
36,4315
48,4315
49,4315
54,4315
2,4316
5,4316
8,4316
58,4316
10,4317
2,4318
10,4319
26,4323
47,4323
47,4324
6,4326
14,4327
30,4327
54,4327
53,4328
43,4329
50,4329
54,4329
9,4330
23,4330
19,4331
5,4332
16,4332
24,4332
23,4333
13,4334
45,4334
26,4335
50,4335
60,4336
50,4336
24,4337
35,4337
43,4337
14,4338
52,4339
30,4340
32,4340
42,4341
58,4341
34,4342
46,4343
8,4346
2,4347
7,4347
12,4348
13,4348
18,4349
13,4350
6,4353
32,4353
5,4354
18,4354
19,4354
51,4354
55,4356
17,4357
32,4358
49,4358
8,4359
27,4359
44,4360
48,4360
3,4362
12,4363
19,4363
17,4364
38,4364
51,4364
8,4365
14,4367
44,4367
49,4367
53,4367
14,4368
52,4368
44,4369
39,4370
15,4373
21,4373
38,4375
21,4376
31,4376
47,4376
57,4376
30,4377
11,4379
57,4381
31,4382
51,4382
54,4382
1,4383
3,4383
32,4383
1,4384
39,4384
2,4385
29,4386
40,4386
33,4388
34,4388
49,4388
2,4389
7,4389
45,4389
1,4390
9,4390
2,4391
26,4391
54,4391
26,4392
9,4393
15,4393
16,4393
19,4393
35,4395
44,4396
36,4397
48,4397
21,4398
49,4398
26,4400
28,4400
57,4400
18,4401
58,4401
19,4402
27,4402
29,4402
17,4403
59,4404
8,4405
56,4406
27,4407
30,4407
25,4408
7,4409
21,4409
39,4409
5,4410
60,4412
8,4412
29,4413
58,4413
25,4414
31,4414
47,4414
15,4416
41,4416
46,4416
27,4419
50,4420
15,4421
37,4421
22,4422
41,4422
6,4424
28,4424
27,4426
10,4427
30,4427
9,4428
3,4429
26,4429
49,4429
32,4431
40,4432
46,4432
37,4433
53,4433
43,4434
17,4435
36,4438
31,4439
57,4439
17,4440
45,4441
41,4442
28,4443
29,4445
7,4446
23,4448
60,4450
35,4451
16,4452
32,4453
55,4453
45,4454
19,4455
30,4455
22,4456
6,4459
17,4459
59,4460
3,4461
15,4462
33,4462
40,4463
49,4463
37,4466
50,4466
15,4467
32,4467
7,4470
25,4470
52,4472
59,4472
11,4473
1,4474
1,4476
44,4476
49,4476
56,4476
2,4477
2,4478
10,4478
41,4478
1,4479
2,4480
15,4480
27,4481
59,4481
42,4484
4,4485
40,4486
49,4487
58,4487
30,4488
41,4488
17,4489
49,4490
26,4491
3,4492
24,4492
44,4492
56,4494
7,4495
44,4495
27,4496
28,4496
5,4497
6,4498
22,4500
32,4500
44,4500
18,4501
39,4501
40,4502
19,4503
33,4503
39,4503
55,4503
51,4504
50,4505
36,4507
3,4508
41,4508
35,4509
21,4510
20,4511
42,4512
40,4513
43,4513
1,4514
27,4514
39,4514
1,4515
15,4515
23,4515
31,4515
59,4515
2,4517
53,4518
1,4519
7,4522
18,4522
4,4523
47,4523
2,4524
17,4524
22,4524
7,4525
28,4525
50,4526
2,4527
7,4527
3,4528
57,4532
33,4533
23,4536
6,4540
8,4542
50,4542
7,4543
11,4543
16,4544
17,4544
56,4545
22,4546
50,4546
22,4547
27,4547
28,4549
43,4549
36,4550
9,4551
26,4551
27,4551
55,4551
59,4551
31,4552
49,4553
12,4554
17,4554
40,4554
44,4556
57,4556
47,4557
40,4558
15,4560
26,4563
15,4564
33,4564
24,4565
5,4566
29,4566
1,4567
17,4567
48,4567
57,4567
60,4570
3,4570
32,4570
4,4571
19,4571
47,4571
53,4571
30,4572
49,4573
47,4574
43,4577
34,4578
23,4579
47,4579
50,4579
10,4581
21,4581
37,4581
57,4582
47,4583
3,4584
5,4584
50,4584
25,4585
49,4585
13,4586
29,4586
16,4587
49,4588
26,4589
27,4589
47,4589
57,4589
52,4591
24,4592
52,4593
58,4596
40,4597
19,4599
38,4599
60,4601
7,4602
1,4603
41,4603
1,4604
35,4607
17,4609
2,4610
7,4611
1,4612
2,4613
60,4614
2,4614
35,4614
44,4614
22,4615
54,4616
55,4617
40,4619
57,4620
21,4621
23,4621
8,4622
19,4622
29,4622
31,4622
47,4622
52,4625
29,4626
42,4626
58,4626
57,4627
24,4628
29,4628
1,4629
28,4629
43,4629
48,4629
13,4631
46,4633
25,4635
33,4635
37,4635
12,4636
21,4637
23,4638
37,4638
58,4639
60,4640
10,4640
47,4640
2,4641
15,4642
29,4642
39,4642
26,4643
30,4644
4,4647
20,4647
37,4647
56,4647
35,4648
50,4648
1,4649
19,4649
1,4650
4,4650
11,4650
2,4652
45,4652
2,4653
7,4653
21,4653
59,4653
33,4654
50,4654
59,4654
1,4655
2,4657
43,4657
52,4657
2,4658
9,4658
44,4658
56,4660
42,4661
8,4663
51,4663
24,4664
12,4666
44,4666
25,4671
44,4671
3,4672
5,4672
31,4674
41,4674
3,4675
23,4675
45,4675
46,4676
59,4676
11,4677
34,4677
54,4677
9,4678
3,4681
52,4681
21,4682
44,4682
44,4684
54,4684
50,4685
53,4685
26,4687
44,4687
8,4688
12,4688
32,4688
26,4691
28,4693
1,4697
17,4697
4,4698
30,4698
6,4699
1,4701
8,4701
2,4703
39,4704
2,4705
1,4707
4,4707
18,4708
59,4708
2,4709
28,4711
47,4711
31,4712
38,4712
12,4713
35,4715
49,4715
12,4717
18,4719
60,4721
1,4721
44,4721
60,4722
2,4723
43,4723
1,4725
27,4725
55,4725
2,4726
41,4726
1,4727
29,4727
2,4728
33,4728
36,4729
46,4730
1,4731
35,4731
3,4732
47,4732
1,4734
46,4734
43,4735
44,4735
2,4736
7,4736
2,4737
41,4738
48,4738
24,4739
40,4740
53,4740
37,4741
17,4742
25,4742
29,4742
33,4742
40,4742
46,4742
56,4742
1,4743
29,4743
2,4744
8,4745
39,4746
43,4746
10,4747
35,4747
37,4747
41,4747
51,4748
58,4748
1,4751
24,4751
39,4751
1,4752
9,4752
34,4752
53,4752
2,4753
45,4753
52,4753
48,4754
1,4756
22,4756
45,4756
2,4757
13,4757
25,4760
49,4762
26,4763
55,4763
38,4764
2,4765
54,4765
9,4766
48,4766
14,4767
18,4767
54,4767
44,4768
47,4768
12,4769
37,4769
15,4770
36,4771
41,4771
36,4772
21,4775
51,4775
46,4776
47,4777
49,4779
1,4780
2,4781
8,4781
1,4782
44,4782
55,4782
33,4783
44,4783
41,4784
59,4784
1,4785
56,4785
60,4786
2,4786
48,4786
2,4789
41,4791
45,4791
55,4792
36,4793
2,4794
52,4795
7,4797
16,4797
15,4798
13,4799
41,4799
53,4800
31,4802
7,4803
15,4804
33,4805
13,4806
4,4807
33,4807
9,4808
25,4808
51,4808
4,4809
39,4810
46,4810
27,4811
11,4813
35,4813
39,4815
12,4817
31,4818
28,4819
50,4820
1,4821
13,4821
30,4821
49,4821
52,4821
2,4822
44,4824
45,4825
1,4826
1,4827
4,4827
24,4827
28,4827
29,4828
52,4828
56,4828
7,4830
15,4830
4,4831
22,4831
2,4832
31,4832
32,4832
2,4833
17,4833
32,4834
14,4835
27,4837
56,4838
6,4843
43,4843
51,4843
6,4844
54,4846
8,4847
45,4847
15,4848
50,4848
29,4851
9,4853
16,4853
16,4854
35,4854
22,4855
27,4855
3,4857
3,4858
6,4858
19,4858
30,4859
32,4859
59,4860
3,4863
33,4863
39,4864
7,4867
26,4867
58,4867
60,4869
38,4869
44,4869
25,4870
43,4870
1,4871
2,4873
22,4873
43,4873
59,4873
1,4874
14,4874
2,4875
36,4875
48,4875
1,4876
2,4877
11,4882
12,4883
53,4883
15,4884
37,4884
54,4887
15,4888
19,4888
47,4888
13,4889
17,4889
8,4890
15,4890
21,4890
36,4893
35,4894
8,4895
40,4896
20,4897
30,4897
54,4897
44,4898
53,4898
25,4899
27,4899
28,4899
43,4899
55,4900
15,4901
24,4901
35,4902
59,4902
56,4903
4,4904
20,4904
35,4904
46,4905
55,4905
58,4906
52,4907
16,4908
36,4908
43,4909
9,4910
31,4911
10,4912
10,4914
54,4914
15,4915
25,4915
26,4915
28,4915
13,4916
9,4917
12,4917
35,4917
42,4917
46,4917
42,4920
5,4922
19,4923
42,4923
5,4925
13,4926
28,4926
46,4928
22,4929
50,4929
17,4930
35,4931
55,4932
34,4934
18,4935
24,4935
52,4936
35,4937
7,4938
59,4942
11,4943
7,4945
6,4946
47,4946
17,4951
17,4952
23,4954
14,4956
38,4956
47,4956
1,4957
35,4957
1,4959
2,4961
10,4961
31,4961
57,4962
2,4963
1,4964
27,4964
58,4964
2,4965
29,4967
46,4967
51,4967
55,4967
37,4968
18,4969
32,4969
34,4970
4,4971
16,4971
17,4971
21,4971
33,4971
4,4972
38,4972
4,4974
16,4975
5,4976
8,4976
15,4976
6,4977
27,4977
40,4977
26,4978
29,4979
31,4979
53,4979
58,4981
1,4982
33,4982
38,4982
9,4983
11,4985
11,4989
7,4990
24,4992
42,4992
39,4993
45,4993
53,4993
48,4994
4,4995
14,4995
41,4995
34,4997
13,4998
16,4999
60,5001
5,5003
36,5003
42,5003
58,5003
46,5004
1,5005
1,5006
8,5006
10,5006
22,5007
52,5007
18,5008
2,5009
30,5009
45,5009
4,5010
24,5010
54,5010
2,5011
28,5011
45,5011
17,5012
54,5012
1,5013
16,5013
2,5014
37,5014
42,5014
57,5014
13,5015
39,5015
22,5016
40,5016
58,5016
53,5017
11,5019
9,5020
17,5023
58,5025
10,5026
14,5027
53,5028
9,5030
58,5031
13,5032
15,5033
49,5034
55,5035
27,5036
19,5037
40,5037
46,5037
9,5038
18,5039
31,5039
42,5040
28,5042
29,5042
47,5042
12,5043
20,5043
9,5045
41,5045
17,5046
49,5046
9,5047
19,5047
36,5047
51,5048
25,5049
36,5050
6,5051
8,5051
17,5051
26,5051
38,5052
39,5052
25,5053
32,5053
42,5053
60,5055
23,5055
33,5055
10,5057
20,5057
42,5059
46,5063
1,5069
29,5069
58,5069
42,5070
2,5071
53,5071
16,5072
55,5073
25,5074
27,5074
45,5074
49,5074
53,5074
54,5076
53,5077
1,5078
3,5078
11,5078
1,5079
17,5079
47,5079
2,5080
2,5081
36,5081
57,5081
14,5082
60,5083
15,5085
22,5085
37,5089
54,5089
38,5091
39,5091
38,5093
25,5094
33,5094
15,5095
16,5096
58,5097
60,5098
22,5098
43,5098
10,5099
27,5099
32,5099
58,5100
48,5103
7,5104
15,5104
46,5104
7,5106
54,5106
60,5107
6,5107
26,5107
14,5108
30,5109
33,5110
54,5111
7,5112
12,5112
26,5112
48,5112
59,5112
16,5113
33,5115
44,5115
3,5122
51,5123
52,5123
4,5125
12,5126
40,5129
38,5130
45,5131
52,5132
26,5133
18,5134
46,5134
26,5135
47,5136
15,5137
57,5138
39,5140
47,5140
56,5140
31,5141
24,5142
4,5143
24,5145
34,5148
21,5149
19,5150
25,5151
29,5151
45,5151
30,5152
1,5156
1,5158
2,5159
37,5159
38,5159
46,5159
2,5160
35,5160
1,5161
24,5161
2,5162
14,5162
23,5162
17,5163
41,5163
10,5166
28,5168
49,5169
27,5170
43,5172
48,5172
58,5172
14,5173
24,5173
29,5175
31,5176
3,5177
7,5178
18,5178
26,5178
38,5178
18,5179
40,5180
35,5181
36,5181
31,5184
15,5186
51,5186
30,5189
57,5190
8,5192
10,5192
20,5194
22,5194
25,5194
27,5194
38,5195
57,5196
23,5197
44,5197
55,5198
1,5201
4,5201
34,5202
2,5203
7,5203
24,5203
1,5204
24,5204
17,5205
34,5205
55,5205
8,5206
55,5206
12,5208
36,5208
2,5209
29,5209
1,5210
20,5210
2,5212
38,5213
60,5215
56,5215
60,5216
41,5219
59,5219
31,5220
58,5222
43,5223
7,5224
29,5224
43,5224
17,5225
59,5225
44,5227
53,5228
4,5229
42,5229
53,5231
37,5234
45,5234
26,5237
16,5241
25,5241
55,5241
56,5241
4,5244
6,5244
9,5244
24,5244
35,5245
42,5245
48,5245
9,5246
34,5246
32,5247
4,5248
22,5248
27,5250
47,5251
43,5252
55,5252
14,5254
26,5254
52,5254
19,5255
34,5255
23,5256
40,5256
58,5259
14,5260
23,5260
26,5262
22,5263
29,5263
4,5264
22,5265
33,5265
11,5266
18,5267
39,5267
47,5267
50,5267
54,5267
1,5268
1,5269
7,5269
59,5269
2,5270
7,5270
52,5270
1,5272
7,5272
15,5272
25,5273
2,5275
2,5276
23,5276
24,5276
31,5277
32,5277
8,5278
11,5278
29,5278
38,5279
9,5280
48,5280
21,5281
20,5282
1,5283
47,5283
55,5283
9,5285
51,5285
56,5285
2,5286
2,5287
27,5287
1,5288
20,5288
27,5289
38,5290
1,5292
31,5292
56,5292
19,5294
22,5294
2,5296
29,5296
11,5297
19,5297
2,5298
29,5298
57,5298
30,5300
43,5300
9,5301
32,5301
36,5301
60,5302
41,5302
43,5303
11,5307
29,5307
23,5308
51,5308
59,5309
55,5310
16,5312
22,5314
1,5315
28,5315
2,5317
25,5317
23,5318
30,5318
36,5319
1,5320
14,5320
2,5321
1,5322
11,5322
36,5322
50,5322
2,5323
6,5325
20,5325
49,5326
29,5327
22,5329
31,5329
3,5330
11,5330
48,5330
35,5331
5,5332
21,5333
14,5336
21,5336
49,5338
33,5339
28,5340
56,5340
33,5342
53,5342
55,5342
40,5345
44,5345
4,5349
36,5349
46,5350
27,5352
47,5352
53,5352
50,5353
55,5353
32,5354
12,5355
18,5355
27,5355
36,5355
56,5355
48,5356
56,5356
27,5357
32,5359
20,5363
30,5363
15,5366
46,5366
26,5369
1,5370
7,5371
50,5371
1,5372
29,5372
2,5373
16,5373
29,5374
47,5374
55,5374
26,5375
54,5375
1,5376
14,5376
4,5377
39,5377
44,5377
2,5378
8,5378
2,5379
6,5379
58,5381
39,5383
49,5383
7,5385
17,5386
20,5386
29,5389
25,5390
20,5391
6,5392
24,5393
3,5395
9,5396
31,5398
10,5399
52,5399
5,5400
33,5402
3,5403
51,5403
1,5404
22,5405
2,5406
32,5406
1,5407
33,5407
1,5408
2,5409
17,5409
31,5409
2,5410
32,5410
47,5412
52,5412
2,5414
16,5414
23,5414
10,5415
47,5415
3,5416
21,5416
8,5420
20,5420
15,5421
22,5421
49,5422
40,5423
41,5423
46,5423
1,5425
8,5425
24,5425
42,5425
54,5425
1,5426
56,5426
1,5427
2,5428
47,5428
2,5429
20,5430
1,5431
6,5431
42,5431
2,5432
48,5432
33,5433
44,5433
37,5434
60,5436
13,5437
25,5437
17,5438
45,5438
55,5438
28,5440
30,5440
49,5440
8,5441
17,5442
22,5442
23,5442
29,5442
33,5442
8,5443
22,5445
28,5445
24,5446
43,5446
35,5447
41,5447
13,5448
52,5449
4,5450
9,5453
18,5453
15,5454
9,5455
13,5455
22,5455
19,5457
13,5458
4,5459
5,5460
15,5460
28,5462
13,5463
49,5463
9,5464
15,5464
37,5464
60,5465
28,5465
16,5466
1,5467
38,5467
22,5468
14,5469
35,5469
9,5471
32,5471
34,5471
19,5472
59,5472
11,5473
21,5474
22,5474
27,5474
35,5474
9,5475
10,5475
49,5475
38,5476
13,5477
52,5478
19,5480
42,5480
41,5481
36,5482
53,5482
54,5483
38,5484
22,5486
42,5486
14,5488
29,5490
49,5491
53,5491
33,5492
21,5493
33,5495
15,5496
38,5496
22,5497
32,5497
54,5498
15,5503
12,5504
17,5504
49,5504
53,5504
46,5505
55,5507
3,5508
9,5508
17,5508
44,5509
21,5510
54,5510
11,5512
49,5514
27,5516
21,5517
39,5517
38,5518
30,5519
46,5520
10,5521
22,5521
39,5521
45,5521
51,5522
52,5522
22,5523
37,5523
10,5524
57,5524
2,5525
19,5526
16,5528
32,5528
14,5531
43,5534
21,5535
52,5535
55,5535
6,5541
7,5545
39,5547
40,5547
19,5548
24,5548
26,5548
30,5548
15,5549
36,5549
35,5551
29,5554
51,5554
56,5554
49,5555
56,5555
32,5556
3,5557
15,5557
22,5558
11,5559
20,5559
50,5559
54,5559
47,5560
31,5561
10,5562
25,5563
5,5564
16,5565
38,5565
3,5567
30,5567
36,5569
42,5569
27,5571
54,5572
58,5572
33,5573
15,5574
16,5578
59,5578
28,5579
18,5580
58,5581
39,5583
12,5586
19,5586
50,5586
39,5589
44,5589
46,5590
10,5592
37,5593
41,5593
11,5594
47,5594
23,5595
29,5595
41,5595
45,5595
21,5596
27,5596
31,5596
36,5597
30,5598
22,5600
42,5600
48,5600
24,5602
30,5602
44,5602
39,5605
39,5606
22,5607
3,5609
22,5609
10,5613
15,5615
24,5615
48,5619
58,5620
59,5620
48,5621
56,5623
31,5624
11,5625
55,5626
45,5627
15,5629
35,5630
59,5631
26,5632
26,5634
40,5635
41,5636
20,5638
29,5638
47,5638
50,5640
23,5641
42,5641
43,5641
36,5643
52,5643
51,5645
13,5646
7,5647
24,5648
29,5648
36,5648
58,5648
8,5650
33,5651
37,5651
2,5654
54,5654
7,5655
12,5655
48,5655
13,5658
19,5658
45,5658
24,5659
6,5661
27,5661
52,5661
25,5663
43,5663
17,5664
33,5665
56,5665
36,5666
45,5667
26,5668
13,5670
58,5670
8,5672
15,5672
32,5674
23,5675
42,5675
44,5676
9,5678
22,5678
47,5678
16,5680
49,5681
15,5683
34,5683
56,5683
60,5684
10,5684
14,5684
54,5686
44,5688
18,5689
4,5691
38,5692
9,5694
45,5694
54,5694
15,5695
48,5699
27,5700
30,5700
36,5700
57,5700
1,5702
54,5706
50,5708
19,5709
7,5711
15,5712
57,5713
53,5715
23,5717
49,5717
52,5717
15,5719
29,5719
25,5720
57,5720
16,5721
40,5723
48,5723
14,5724
59,5724
39,5725
57,5725
4,5727
55,5727
49,5728
50,5728
31,5729
9,5730
46,5731
47,5731
41,5732
50,5733
43,5735
58,5736
14,5738
8,5739
11,5739
48,5739
58,5740
27,5742
15,5744
35,5746
4,5747
51,5747
1,5748
50,5748
1,5749
2,5752
28,5752
49,5752
22,5753
40,5753
1,5754
2,5755
47,5755
60,5756
36,5756
51,5757
57,5757
60,5758
2,5758
40,5758
1,5761
26,5761
8,5762
11,5762
23,5762
6,5763
51,5764
46,5766
3,5767
56,5767
8,5768
1,5769
3,5769
58,5769
2,5770
9,5770
14,5770
1,5771
8,5771
31,5771
2,5772
27,5772
1,5773
9,5774
39,5774
58,5776
59,5777
2,5778
44,5778
27,5783
48,5784
14,5787
53,5787
6,5788
18,5788
32,5788
18,5789
42,5789
14,5790
41,5791
51,5792
56,5793
43,5794
18,5795
3,5799
36,5799
48,5799
52,5799
58,5800
33,5801
53,5801
1,5803
50,5803
2,5805
12,5805
43,5805
1,5806
30,5806
52,5807
54,5808
23,5809
19,5810
1,5811
59,5811
38,5812
2,5813
45,5813
15,5814
16,5814
13,5815
40,5815
8,5816
54,5816
2,5817
3,5817
32,5817
50,5817
4,5819
32,5819
58,5819
55,5821
9,5822
27,5823
11,5824
15,5824
46,5824
21,5825
57,5825
42,5826
51,5826
7,5827
38,5827
1,5829
1,5830
8,5831
29,5831
50,5831
27,5832
12,5834
56,5834
32,5835
33,5835
18,5836
33,5836
40,5836
2,5837
55,5839
58,5839
55,5840
2,5841
17,5842
60,5844
1,5844
58,5844
1,5845
33,5845
58,5845
6,5846
34,5846
39,5846
46,5846
45,5847
26,5848
2,5851
29,5851
16,5852
50,5852
7,5855
17,5857
52,5857
13,5859
1,5860
1,5861
10,5861
20,5861
52,5861
10,5862
7,5865
28,5865
59,5865
2,5866
57,5866
52,5868
32,5869
2,5870
37,5870
1,5871
37,5871
2,5872
20,5874
50,5874
28,5875
22,5876
3,5877
13,5877
4,5881
31,5881
47,5883
44,5884
57,5886
36,5888
31,5890
12,5891
35,5891
59,5891
39,5892
59,5892
60,5893
10,5893
14,5895
59,5895
33,5896
43,5896
45,5896
18,5897
22,5897
49,5897
32,5898
44,5898
42,5899
44,5899
40,5901
3,5904
25,5904
36,5904
6,5906
36,5906
46,5906
47,5908
6,5911
35,5912
20,5914
4,5915
25,5915
45,5916
20,5917
47,5917
6,5918
39,5918
13,5919
15,5919
24,5919
36,5919
1,5920
32,5920
26,5922
10,5923
1,5925
23,5925
2,5926
31,5926
48,5926
59,5926
11,5927
1,5928
30,5928
2,5929
12,5929
2,5930
15,5930
37,5930
1,5931
16,5931
2,5932
1,5934
3,5934
56,5934
2,5936
11,5936
48,5936
1,5937
2,5939
57,5939
13,5940
23,5940
13,5941
21,5942
9,5944
29,5944
51,5944
20,5945
30,5945
18,5946
24,5946
47,5946
10,5947
23,5948
39,5948
35,5949
55,5950
7,5951
16,5951
1,5953
11,5953
2,5955
17,5955
52,5956
15,5957
28,5957
54,5958
1,5959
53,5959
2,5960
7,5960
9,5960
34,5961
14,5962
42,5962
57,5962
14,5963
39,5964
50,5964
39,5965
54,5966
28,5967
39,5967
44,5967
1,5968
60,5969
2,5969
40,5970
49,5971
32,5972
33,5972
40,5972
42,5973
39,5974
48,5976
50,5977
31,5978
37,5978
21,5979
44,5979
6,5980
54,5981
1,5983
59,5984
17,5985
36,5985
51,5987
37,5988
30,5989
52,5992
14,5993
26,5993
29,5995
32,5995
17,5997
17,6000
55,6000
43,6001
45,6001
46,6001
48,6001
40,6002
42,6002
55,6002
47,6003
49,6003
35,6004
42,6004
56,6004
58,6004
60,6005
10,6007
42,6009
56,6010
41,6012
36,6014
53,6016
52,6019
45,6020
29,6021
28,6022
55,6023
5,6025
39,6025
4,6026
21,6026
49,6026
16,6027
44,6028
46,6028
17,6029
26,6029
32,6029
1,6030
33,6030
38,6030
58,6030
2,6031
29,6031
43,6031
1,6032
19,6032
30,6032
59,6033
1,6034
49,6035
2,6036
34,6036
56,6036
2,6037
8,6037
41,6037
51,6037
60,6038
7,6038
21,6040
48,6042
55,6042
5,6043
11,6043
7,6044
7,6045
1,6046
43,6046
50,6046
11,6047
55,6047
41,6049
48,6049
1,6050
55,6050
2,6052
40,6052
46,6052
25,6053
1,6054
17,6054
41,6054
2,6055
17,6055
50,6055
2,6056
48,6056
22,6058
39,6058
16,6059
1,6060
29,6060
47,6060
53,6060
2,6061
30,6062
42,6062
1,6063
7,6063
25,6063
44,6063
29,6064
2,6065
22,6066
1,6068
11,6068
2,6070
36,6070
51,6070
58,6070
2,6071
21,6071
35,6071
27,6072
11,6073
42,6073
53,6073
31,6074
12,6076
34,6076
16,6079
33,6081
15,6082
42,6082
48,6084
54,6086
18,6088
22,6090
9,6091
37,6092
11,6094
58,6094
58,6095
16,6096
18,6099
34,6099
23,6100
55,6101
5,6102
16,6102
26,6106
39,6106
39,6108
52,6108
5,6109
17,6109
27,6110
28,6112
10,6113
12,6114
7,6115
19,6118
33,6118
3,6121
23,6121
5,6122
33,6122
56,6122
19,6123
58,6123
52,6124
21,6125
24,6125
19,6126
20,6126
28,6127
49,6127
33,6130
26,6132
49,6133
21,6134
23,6134
34,6134
31,6137
48,6138
30,6139
44,6140
37,6141
46,6141
47,6143
30,6144
24,6145
1,6146
37,6146
1,6147
33,6147
40,6147
2,6148
7,6148
1,6149
27,6149
9,6151
11,6151
2,6152
20,6152
59,6152
2,6153
11,6156
47,6156
26,6158
46,6158
15,6159
40,6159
43,6160
53,6160
45,6161
20,6162
29,6164
47,6164
52,6164
29,6165
41,6165
37,6166
59,6166
8,6168
29,6168
58,6170
23,6171
38,6174
60,6175
4,6175
15,6176
16,6177
20,6177
48,6178
1,6179
37,6179
46,6179
37,6180
42,6181
11,6182
27,6182
52,6182
2,6183
9,6184
9,6185
1,6186
41,6186
31,6187
41,6187
45,6187
1,6188
11,6188
29,6188
40,6188
2,6189
16,6189
34,6189
44,6189
52,6189
2,6190
32,6190
58,6192
6,6193
12,6193
15,6194
27,6194
27,6195
40,6196
41,6197
12,6198
21,6200
5,6203
41,6203
44,6203
57,6204
8,6205
35,6206
59,6206
19,6209
35,6209
38,6209
28,6211
57,6211
43,6212
16,6213
36,6213
48,6213
15,6214
56,6215
30,6216
13,6217
18,6217
41,6217
9,6218
45,6218
43,6219
3,6220
15,6220
16,6221
20,6221
18,6223
38,6223
15,6225
23,6225
38,6225
15,6227
22,6228
13,6229
8,6230
6,6233
26,6233
46,6233
9,6236
14,6237
51,6237
54,6238
3,6239
42,6239
30,6241
12,6244
25,6244
45,6244
5,6246
30,6246
41,6246
44,6246
56,6247
16,6248
27,6248
36,6249
46,6250
40,6252
43,6252
9,6253
52,6253
7,6255
11,6255
13,6255
29,6257
49,6258
55,6258
56,6258
4,6259
53,6260
57,6262
30,6263
44,6264
8,6265
12,6265
1,6266
22,6266
1,6267
35,6267
36,6267
2,6268
26,6268
28,6268
43,6268
60,6269
40,6269
1,6270
2,6271
38,6271
10,6273
2,6274
22,6274
39,6274
4,6275
17,6275
46,6275
56,6276
54,6277
49,6278
33,6279
23,6280
7,6282
17,6282
7,6283
32,6283
18,6284
31,6284
26,6285
33,6285
9,6286
7,6287
9,6287
15,6287
18,6287
15,6288
29,6288
3,6289
34,6289
1,6290
4,6292
13,6292
42,6292
2,6294
60,6295
37,6295
58,6295
1,6296
23,6296
39,6298
53,6298
16,6299
18,6299
44,6299
51,6299
52,6299
8,6300
36,6300
9,6301
2,6303
58,6304
24,6306
37,6306
1,6307
41,6307
58,6308
2,6309
55,6310
3,6311
25,6311
26,6312
53,6314
7,6317
21,6318
56,6318
29,6320
19,6321
40,6321
34,6323
43,6325
13,6328
48,6329
54,6329
23,6330
41,6330
47,6331
49,6331
43,6332
21,6337
36,6337
5,6338
12,6339
11,6340
31,6340
6,6341
22,6341
35,6342
41,6342
56,6342
10,6343
4,6344
5,6345
9,6349
18,6349
19,6349
23,6351
13,6352
34,6352
39,6354
7,6355
12,6355
25,6355
42,6355
10,6358
7,6359
23,6359
1,6365
31,6365
35,6365
46,6365
50,6365
12,6366
16,6366
51,6366
1,6367
60,6368
2,6368
2,6369
31,6369
60,6370
12,6370
20,6370
1,6371
14,6371
18,6373
23,6373
27,6373
35,6373
2,6374
39,6374
45,6374
48,6375
53,6375
33,6376
35,6379
38,6379
14,6382
8,6387
47,6387
6,6388
8,6388
40,6388
49,6388
39,6389
16,6392
10,6393
27,6395
36,6396
50,6396
55,6397
34,6398
56,6403
8,6404
52,6404
1,6405
4,6405
2,6406
1,6408
2,6409
17,6409
7,6410
21,6410
29,6410
1,6412
2,6413
57,6413
15,6414
18,6414
57,6417
20,6418
27,6418
23,6420
6,6423
8,6423
12,6424
60,6425
1,6425
40,6425
59,6425
1,6426
42,6426
57,6426
2,6428
44,6428
57,6428
9,6429
5,6431
21,6431
54,6431
15,6432
1,6433
42,6435
2,6436
2,6438
21,6438
12,6440
7,6441
30,6442
45,6442
27,6444
47,6444
50,6445
58,6446
44,6449
46,6451
47,6451
46,6452
57,6452
56,6456
37,6459
54,6459
20,6460
40,6462
55,6463
31,6464
13,6465
54,6465
1,6466
5,6466
39,6466
13,6467
17,6467
32,6467
2,6468
3,6468
9,6469
1,6471
37,6472
1,6473
4,6473
31,6473
43,6473
2,6474
35,6474
2,6475
48,6475
49,6476
17,6477
39,6478
23,6479
25,6481
38,6481
7,6482
27,6485
37,6485
45,6485
8,6488
13,6488
36,6488
37,6488
57,6488
45,6489
16,6490
27,6491
44,6491
1,6492
39,6493
2,6495
7,6495
11,6495
1,6496
46,6497
2,6498
34,6498
20,6499
22,6499
1,6500
5,6500
9,6500
2,6501
18,6501
21,6501
51,6501
29,6502
46,6503
50,6503
58,6504
14,6506
37,6506
48,6506
59,6506
45,6508
5,6509
8,6509
36,6509
40,6509
43,6510
46,6511
17,6512
4,6513
36,6515
50,6515
16,6516
18,6517
21,6517
23,6517
53,6517
7,6518
18,6518
49,6518
45,6520
51,6520
60,6521
3,6522
26,6522
55,6522
4,6524
25,6524
27,6524
36,6524
44,6524
3,6525
18,6525
40,6527
41,6527
57,6527
5,6531
21,6531
27,6531
53,6531
21,6533
4,6536
21,6537
22,6537
51,6537
1,6538
43,6538
50,6539
1,6540
20,6540
24,6540
41,6540
2,6541
4,6541
2,6542
30,6542
29,6544
38,6544
54,6544
1,6545
23,6545
24,6545
28,6545
2,6546
39,6547
55,6547
8,6549
26,6549
15,6551
53,6551
20,6552
22,6554
54,6556
54,6557
22,6558
27,6560
33,6561
21,6563
33,6564
55,6565
16,6566
22,6566
54,6566
19,6567
49,6567
25,6568
37,6569
38,6569
25,6570
5,6572
33,6573
60,6574
8,6575
25,6575
40,6575
53,6576
26,6577
43,6577
6,6578
19,6578
23,6579
35,6579
3,6581
31,6583
34,6586
51,6586
49,6588
3,6589
47,6589
12,6590
38,6590
59,6590
1,6591
53,6592
2,6594
32,6595
9,6596
10,6596
18,6596
12,6598
24,6598
36,6598
1,6599
36,6599
57,6599
52,6600
2,6601
1,6602
12,6602
30,6602
32,6602
42,6602
42,6604
22,6605
23,6605
59,6605
2,6607
16,6607
22,6607
7,6609
54,6610
59,6611
5,6612
30,6614
43,6614
41,6616
51,6618
50,6619
34,6620
56,6620
8,6621
22,6621
38,6621
47,6621
52,6621
22,6622
19,6623
10,6627
17,6627
18,6627
59,6627
34,6629
35,6629
41,6629
35,6630
6,6631
15,6632
46,6633
48,6633
10,6635
54,6638
8,6639
13,6639
16,6639
60,6642
45,6642
49,6642
6,6643
29,6644
47,6644
50,6647
20,6648
55,6648
58,6649
14,6650
60,6651
14,6651
42,6652
1,6653
47,6653
58,6653
15,6654
43,6654
33,6655
57,6656
8,6658
27,6658
20,6660
34,6660
23,6661
52,6662
53,6662
23,6663
6,6664
13,6665
34,6666
1,6667
37,6667
27,6668
6,6669
47,6671
9,6672
46,6673
27,6674
23,6675
45,6677
49,6677
56,6678
16,6682
6,6684
24,6685
35,6686
16,6687
18,6687
44,6687
55,6687
54,6688
43,6690
45,6691
52,6692
11,6695
14,6695
33,6695
9,6696
53,6696
10,6697
1,6698
2,6700
5,6700
31,6700
37,6701
56,6701
17,6703
1,6704
13,6704
54,6704
2,6705
31,6705
47,6705
54,6706
1,6707
55,6707
11,6710
2,6712
18,6712
27,6712
28,6713
21,6716
22,6718
53,6718
46,6721
29,6724
55,6724
34,6725
40,6725
56,6725
1,6726
11,6726
30,6726
34,6726
45,6726
15,6727
17,6727
21,6727
51,6727
44,6728
8,6729
38,6729
44,6729
13,6730
25,6730
1,6734
2,6735
1,6736
2,6737
27,6738
2,6740
12,6740
17,6740
30,6740
31,6740
14,6741
13,6742
16,6743
27,6743
50,6743
42,6744
4,6745
35,6746
41,6747
48,6748
57,6749
21,6750
55,6750
5,6751
53,6752
35,6753
55,6753
18,6754
8,6755
58,6757
8,6761
51,6761
20,6762
45,6763
28,6764
52,6764
4,6765
18,6769
27,6769
50,6769
17,6770
37,6770
3,6772
10,6772
21,6772
30,6772
33,6772
58,6773
11,6774
16,6776
1,6777
20,6777
37,6777
29,6779
41,6779
2,6780
30,6780
36,6780
46,6780
1,6781
37,6781
2,6782
20,6782
31,6782
38,6782
1,6783
58,6783
2,6784
40,6784
60,6785
17,6785
47,6786
59,6786
32,6788
45,6788
21,6790
43,6790
11,6791
17,6792
47,6792
5,6793
19,6793
24,6793
40,6793
47,6793
55,6793
58,6793
14,6794
20,6794
34,6795
25,6797
18,6798
38,6798
60,6799
54,6799
26,6800
24,6801
42,6802
25,6804
36,6805
58,6805
53,6806
9,6807
47,6807
37,6810
20,6811
22,6811
21,6812
48,6812
39,6813
44,6814
14,6815
20,6816
27,6816
32,6816
23,6817
54,6817
33,6818
48,6818
50,6818
17,6819
44,6819
48,6819
11,6820
1,6822
7,6822
12,6822
22,6822
37,6822
36,6824
44,6824
60,6825
31,6825
41,6825
49,6825
19,6826
31,6826
18,6827
5,6828
44,6829
37,6831
59,6832
57,6834
21,6835
19,6836
32,6836
49,6837
12,6838
17,6838
27,6840
14,6841
43,6841
52,6841
9,6842
29,6842
60,6843
24,6843
12,6844
22,6845
43,6845
44,6847
38,6849
17,6851
39,6852
44,6853
3,6855
5,6856
28,6856
33,6856
28,6857
39,6857
46,6858
52,6858
4,6860
7,6860
50,6860
5,6861
36,6861
20,6862
48,6862
14,6863
23,6863
37,6863
19,6864
51,6864
16,6865
58,6865
3,6867
18,6869
56,6871
28,6872
35,6872
48,6872
55,6875
30,6876
7,6877
33,6878
13,6880
16,6880
45,6880
34,6881
10,6882
50,6884
50,6885
6,6886
8,6886
40,6886
47,6887
49,6887
51,6887
55,6887
26,6888
9,6889
28,6891
35,6891
51,6891
51,6892
3,6893
28,6893
32,6893
56,6893
58,6893
34,6894
5,6895
54,6896
38,6897
54,6897
16,6899
22,6899
17,6904
7,6907
27,6907
9,6910
46,6910
4,6912
6,6912
52,6912
11,6913
58,6913
16,6914
43,6917
37,6919
18,6920
27,6922
37,6923
51,6923
39,6924
46,6924
40,6925
4,6926
22,6927
49,6927
51,6927
22,6928
51,6928
3,6930
21,6930
47,6930
6,6931
47,6931
1,6932
12,6932
51,6932
1,6936
2,6937
55,6937
2,6938
30,6938
41,6938
1,6939
3,6939
21,6939
32,6939
46,6939
2,6940
9,6940
31,6942
15,6943
34,6943
35,6943
41,6943
4,6944
11,6944
48,6944
11,6945
53,6945
17,6946
41,6946
9,6947
19,6947
51,6947
38,6948
29,6949
31,6949
55,6949
59,6950
3,6951
38,6952
35,6953
27,6954
58,6954
1,6955
43,6955
2,6956
29,6956
38,6956
1,6957
11,6957
42,6957
45,6957
44,6959
4,6960
21,6960
41,6960
58,6960
1,6961
35,6961
42,6961
2,6963
29,6963
43,6963
2,6964
30,6965
36,6966
24,6967
20,6969
19,6970
29,6970
35,6971
36,6971
10,6972
14,6974
44,6974
20,6977
11,6978
51,6978
9,6979
20,6979
21,6979
57,6979
1,6980
1,6981
11,6981
20,6981
29,6981
2,6982
42,6982
55,6982
58,6982
38,6983
2,6984
11,6984
26,6986
1,6987
49,6987
2,6988
24,6988
31,6988
58,6988
57,6990
21,6991
31,6991
8,6992
52,6992
9,6993
18,6993
24,6995
58,6996
16,6998
20,6998
28,6998
18,7000
24,7001
8,7002
14,7002
12,7003
49,7003
58,7003
24,7004
48,7004
2,7005
32,7006
10,7008
15,7008
11,7009
19,7009
55,7010
16,7012
39,7013
43,7014
28,7015
38,7015
51,7017
51,7018
55,7018
29,7019
50,7019
8,7020
19,7020
30,7022
39,7022
27,7024
8,7025
11,7025
57,7027
60,7028
17,7029
8,7030
37,7030
42,7031
44,7031
50,7032
13,7033
9,7034
16,7034
22,7034
40,7034
54,7034
4,7035
17,7035
24,7035
26,7035
11,7036
29,7036
59,7036
21,7037
52,7039
42,7040
10,7041
32,7042
14,7043
22,7046
14,7052
54,7053
6,7054
20,7054
43,7054
17,7055
47,7055
36,7056
54,7056
15,7057
14,7058
54,7060
57,7060
38,7061
4,7062
59,7062
42,7063
48,7063
27,7064
56,7064
25,7065
59,7065
30,7066
35,7066
50,7066
5,7069
10,7069
60,7070
7,7073
12,7075
35,7077
25,7078
12,7079
31,7079
41,7079
11,7080
38,7081
46,7081
39,7082
14,7083
37,7083
38,7083
43,7086
23,7087
37,7087
34,7088
46,7088
1,7090
30,7090
22,7091
57,7091
2,7092
8,7092
48,7092
1,7093
40,7093
15,7094
14,7095
21,7095
50,7096
2,7097
25,7097
1,7098
6,7099
50,7099
2,7100
14,7100
42,7100
7,7101
43,7102
48,7102
30,7103
25,7104
26,7104
43,7104
11,7105
22,7105
46,7105
32,7107
12,7109
17,7109
27,7109
59,7112
43,7113
57,7113
1,7114
8,7114
28,7114
32,7114
1,7115
5,7115
33,7115
19,7117
6,7118
46,7118
2,7120
16,7120
37,7120
55,7120
1,7121
2,7122
3,7123
35,7123
46,7123
37,7125
2,7127
35,7127
21,7128
35,7129
27,7130
51,7131
56,7131
21,7133
23,7133
10,7134
18,7134
47,7135
28,7136
59,7136
35,7137
48,7137
9,7138
3,7139
14,7139
18,7139
23,7139
29,7139
26,7141
32,7141
55,7143
4,7144
37,7145
5,7146
19,7146
23,7146
47,7146
8,7148
14,7149
15,7149
9,7152
38,7153
15,7155
25,7155
55,7156
14,7158
22,7158
51,7162
2,7163
7,7165
47,7165
58,7165
13,7166
34,7168
42,7169
40,7172
15,7173
49,7173
54,7174
55,7174
3,7176
31,7176
40,7177
60,7178
17,7179
14,7180
33,7181
15,7182
6,7183
49,7183
4,7184
57,7184
25,7186
33,7186
46,7186
8,7187
12,7187
26,7187
28,7187
9,7188
38,7188
53,7188
47,7189
54,7189
8,7191
21,7191
37,7191
42,7191
6,7192
18,7194
31,7194
32,7194
4,7196
49,7196
27,7197
50,7197
56,7197
16,7199
35,7200
17,7201
32,7201
44,7202
35,7203
52,7203
56,7203
37,7205
45,7207
27,7208
13,7209
44,7210
51,7210
36,7211
49,7212
27,7213
16,7215
18,7215
35,7215
34,7217
28,7218
34,7218
15,7219
17,7219
35,7219
59,7219
26,7220
31,7220
33,7221
56,7222
4,7224
9,7225
15,7225
25,7225
16,7226
46,7228
5,7231
22,7231
55,7231
20,7232
13,7234
60,7236
31,7236
49,7236
52,7236
3,7237
56,7238
10,7239
24,7241
45,7241
43,7242
31,7243
57,7245
6,7246
9,7246
4,7249
21,7250
56,7250
60,7251
55,7251
57,7252
45,7253
46,7255
3,7256
25,7258
51,7258
57,7261
5,7262
6,7262
57,7264
48,7266
59,7266
19,7270
15,7271
42,7272
59,7273
4,7274
9,7275
41,7275
24,7277
51,7277
24,7278
30,7278
53,7278
20,7279
38,7281
21,7282
41,7283
43,7283
29,7284
44,7284
54,7284
20,7285
34,7286
55,7286
7,7288
57,7288
39,7289
49,7289
8,7290
40,7290
46,7290
7,7292
55,7292
21,7294
36,7294
37,7294
42,7294
52,7294
36,7295
5,7299
39,7301
44,7301
16,7302
46,7302
8,7303
3,7304
37,7304
54,7304
6,7305
17,7306
5,7308
60,7309
16,7310
15,7315
20,7315
53,7317
55,7317
56,7317
8,7318
13,7318
8,7320
54,7320
31,7321
42,7321
57,7321
21,7322
49,7322
55,7322
17,7323
21,7323
1,7324
23,7324
30,7324
56,7324
17,7325
43,7325
13,7327
31,7327
33,7328
37,7329
30,7331
8,7332
5,7333
12,7333
57,7334
22,7335
43,7336
53,7336
21,7337
27,7337
50,7339
20,7341
37,7343
17,7344
16,7345
38,7345
32,7347
17,7348
41,7348
18,7349
9,7350
13,7351
35,7351
55,7351
29,7352
45,7352
3,7356
8,7356
39,7356
32,7357
36,7357
47,7359
1,7360
26,7361
28,7361
5,7363
6,7363
10,7363
30,7363
51,7363
57,7363
6,7365
13,7365
26,7366
19,7367
43,7367
11,7369
23,7370
49,7370
10,7371
53,7371
30,7372
51,7372
21,7374
24,7374
46,7374
46,7375
23,7377
42,7377
51,7379
30,7380
34,7380
9,7382
24,7382
27,7382
56,7382
30,7383
27,7386
20,7387
29,7387
51,7387
3,7388
9,7388
18,7388
40,7389
44,7389
9,7391
14,7392
50,7392
58,7392
37,7393
47,7393
31,7394
32,7396
10,7399
52,7399
53,7399
60,7400
32,7400
1,7401
29,7401
41,7401
1,7403
20,7403
2,7404
48,7404
33,7405
4,7406
1,7409
3,7409
34,7410
53,7411
2,7412
25,7412
2,7414
1,7415
5,7415
2,7416
56,7416
1,7417
42,7417
54,7417
2,7418
55,7418
56,7418
59,7418
1,7419
6,7419
2,7421
33,7421
10,7422
55,7424
10,7425
14,7425
22,7427
33,7428
55,7428
22,7429
40,7429
45,7429
59,7431
3,7432
55,7432
8,7434
32,7435
37,7435
38,7435
26,7436
29,7438
59,7439
3,7440
21,7440
27,7441
26,7442
49,7442
19,7444
33,7444
5,7445
27,7445
30,7445
18,7446
57,7446
1,7448
24,7448
1,7449
2,7450
38,7451
1,7452
12,7452
49,7452
2,7453
11,7453
55,7453
2,7454
9,7457
21,7457
1,7458
21,7458
1,7459
42,7460
60,7461
2,7461
5,7461
8,7461
32,7461
41,7464
1,7465
4,7465
39,7465
15,7466
48,7467
52,7467
2,7468
29,7468
39,7468
22,7469
2,7470
31,7470
50,7470
56,7472
4,7475
54,7475
41,7477
3,7478
10,7478
39,7478
50,7478
52,7479
13,7480
14,7481
1,7483
23,7484
1,7485
56,7486
2,7487
37,7487
15,7488
2,7489
1,7490
36,7490
2,7491
5,7491
17,7492
52,7493
33,7494
14,7495
47,7496
47,7502
13,7503
45,7503
31,7504
14,7506
44,7506
16,7507
54,7507
60,7508
51,7510
10,7512
20,7513
48,7514
49,7514
29,7515
8,7516
59,7517
47,7518
30,7519
34,7519
49,7519
22,7521
37,7521
37,7522
53,7522
13,7523
21,7523
53,7523
33,7525
26,7526
36,7526
50,7526
14,7527
25,7528
30,7528
41,7530
36,7532
34,7533
33,7534
53,7534
20,7535
24,7536
11,7537
19,7538
20,7538
22,7541
24,7541
49,7541
39,7542
57,7542
13,7543
20,7543
33,7543
21,7544
35,7545
50,7547
51,7547
38,7549
30,7550
1,7551
43,7551
2,7553
1,7555
34,7555
51,7555
28,7556
17,7557
21,7557
60,7558
1,7558
2,7559
2,7560
22,7560
51,7565
28,7566
59,7567
40,7568
50,7569
17,7570
27,7571
51,7572
11,7576
24,7576
9,7577
44,7578
17,7579
47,7580
10,7582
29,7582
46,7582
10,7584
14,7588
18,7588
50,7588
15,7589
12,7591
47,7592
3,7593
27,7593
29,7593
46,7593
52,7595
60,7598
31,7598
42,7598
26,7599
50,7599
33,7600
35,7600
53,7600
25,7603
39,7603
26,7604
43,7604
3,7606
17,7606
49,7606
7,7607
54,7607
12,7608
45,7609
40,7611
19,7612
50,7612
15,7614
39,7614
4,7616
27,7616
43,7616
50,7616
25,7617
46,7617
8,7618
28,7618
28,7619
31,7619
47,7619
8,7621
50,7621
6,7622
31,7622
34,7622
46,7623
17,7624
53,7625
50,7630
23,7633
41,7634
12,7636
39,7636
32,7639
38,7639
48,7639
59,7639
7,7640
11,7640
49,7640
16,7642
56,7642
59,7642
56,7643
20,7644
53,7644
3,7645
13,7646
27,7647
44,7648
1,7649
5,7649
9,7649
1,7650
7,7650
12,7650
25,7650
35,7650
25,7651
3,7652
10,7652
21,7652
2,7653
55,7653
2,7654
53,7654
54,7654
1,7655
41,7657
2,7659
26,7660
6,7661
28,7661
33,7662
39,7664
45,7664
51,7664
52,7664
17,7666
39,7666
10,7667
42,7668
23,7669
8,7670
48,7670
30,7671
34,7671
14,7673
55,7674
3,7675
19,7675
20,7675
4,7676
30,7677
43,7678
48,7679
3,7680
12,7680
39,7681
30,7682
30,7683
50,7684
26,7687
41,7687
3,7688
51,7688
58,7688
14,7689
18,7690
49,7690
29,7692
28,7693
4,7694
41,7695
48,7695
51,7695
10,7696
48,7697
60,7698
43,7699
41,7700
27,7701
3,7702
30,7704
20,7705
34,7705
41,7705
53,7705
11,7706
22,7706
59,7706
55,7708
7,7709
15,7709
22,7709
45,7709
25,7711
46,7713
1,7715
13,7715
17,7715
1,7716
23,7717
12,7718
2,7719
10,7719
12,7720
1,7721
5,7721
42,7721
2,7722
15,7722
9,7723
57,7724
9,7725
30,7725
48,7725
2,7726
3,7726
31,7726
57,7726
4,7727
10,7727
16,7727
52,7728
55,7729
8,7730
28,7730
50,7730
1,7731
31,7731
32,7731
10,7732
14,7732
44,7732
1,7733
53,7734
44,7735
2,7736
21,7736
10,7737
9,7738
42,7738
13,7739
2,7740
32,7740
13,7741
1,7743
3,7743
34,7743
40,7743
9,7745
53,7745
2,7746
4,7747
52,7747
59,7747
36,7748
45,7750
53,7753
54,7754
59,7755
15,7756
24,7757
17,7759
5,7761
46,7762
8,7763
21,7763
37,7764
56,7765
13,7766
55,7766
22,7767
37,7769
50,7769
31,7770
47,7770
49,7770
32,7771
42,7771
44,7771
48,7772
7,7773
40,7773
58,7773
45,7775
23,7778
12,7779
35,7780
56,7780
8,7781
53,7781
4,7782
12,7782
48,7783
21,7784
22,7784
8,7786
44,7787
26,7788
48,7788
57,7788
53,7789
52,7790
18,7791
23,7791
57,7791
25,7792
16,7794
47,7795
54,7795
56,7795
34,7796
52,7796
7,7797
40,7797
21,7798
45,7798
47,7798
15,7801
27,7802
46,7802
7,7803
38,7806
48,7810
14,7811
3,7812
12,7812
19,7812
27,7813
35,7813
20,7814
5,7815
37,7815
5,7817
43,7818
59,7818
25,7819
14,7820
18,7821
35,7822
24,7824
45,7824
46,7824
19,7825
40,7825
36,7826
57,7826
26,7827
16,7828
28,7828
30,7828
5,7829
43,7829
45,7829
32,7830
36,7831
10,7832
12,7832
59,7832
12,7835
26,7835
28,7839
15,7840
26,7841
37,7841
19,7842
12,7843
20,7844
56,7844
12,7845
14,7845
53,7846
15,7849
55,7849
32,7850
50,7850
7,7851
18,7852
36,7854
40,7854
9,7855
19,7855
33,7857
46,7859
49,7859
51,7859
41,7861
2,7862
48,7862
37,7864
54,7865
25,7866
58,7866
35,7867
7,7869
8,7869
14,7869
44,7871
6,7872
44,7872
34,7874
34,7875
25,7876
26,7876
37,7876
51,7876
56,7878
22,7880
60,7882
19,7882
22,7882
25,7883
32,7883
43,7883
44,7883
16,7884
11,7886
21,7886
24,7886
26,7887
45,7887
40,7889
20,7892
54,7892
56,7892
37,7893
16,7894
48,7894
54,7896
56,7896
40,7897
18,7898
39,7900
11,7901
25,7902
29,7902
7,7903
25,7903
56,7904
51,7905
15,7907
36,7907
41,7907
10,7910
13,7910
3,7911
5,7911
16,7912
20,7912
22,7912
27,7912
40,7912
57,7912
31,7913
4,7915
27,7915
6,7916
10,7917
8,7918
12,7918
14,7918
14,7920
53,7920
60,7921
5,7922
8,7922
41,7922
29,7923
35,7923
24,7925
29,7925
40,7925
41,7925
6,7926
47,7926
16,7929
48,7931
49,7932
20,7934
25,7934
35,7934
25,7935
3,7936
41,7936
54,7936
58,7938
26,7939
42,7940
44,7941
55,7941
44,7942
37,7944
20,7946
59,7947
57,7948
44,7951
46,7951
17,7953
42,7953
45,7953
59,7953
13,7956
27,7956
10,7957
18,7957
34,7958
11,7959
34,7959
30,7960
31,7960
52,7961
12,7962
27,7962
9,7963
32,7964
37,7964
39,7964
11,7965
8,7966
25,7966
60,7967
33,7968
21,7969
50,7971
35,7973
41,7974
55,7974
24,7975
27,7975
40,7975
49,7976
20,7977
51,7977
6,7980
32,7981
18,7982
30,7982
46,7982
50,7982
30,7983
47,7984
16,7987
13,7988
48,7988
52,7988
3,7990
59,7990
4,7992
11,7993
26,7993
16,7994
25,7994
7,7996
40,7996
29,7998
52,7998
43,7999
7,8001
46,8001
13,8002
40,8002
22,8003
48,8003
1,8004
5,8004
20,8005
42,8005
44,8005
24,8007
55,8007
1,8008
2,8009
3,8009
2,8010
54,8010
39,8011
56,8011
52,8015
54,8015
44,8016
52,8016
54,8016
2,8017
5,8017
54,8017
7,8018
11,8018
42,8018
16,8019
22,8019
48,8020
53,8021
1,8022
18,8022
28,8023
2,8024
60,8025
45,8025
56,8025
3,8026
25,8026
31,8026
39,8026
52,8026
56,8028
17,8029
31,8029
47,8029
59,8030
1,8031
32,8031
60,8032
42,8032
60,8033
3,8033
19,8033
1,8034
13,8034
23,8035
26,8035
2,8036
41,8036
45,8036
2,8037
24,8037
58,8037
38,8038
1,8039
48,8039
2,8040
7,8042
13,8042
55,8042
4,8043
34,8043
35,8044
25,8046
28,8046
27,8047
44,8047
13,8048
60,8049
38,8056
8,8057
44,8057
34,8058
41,8058
49,8058
27,8059
43,8059
44,8059
8,8061
20,8061
22,8061
52,8062
2,8063
56,8063
32,8064
57,8064
16,8067
19,8068
37,8068
23,8069
24,8070
42,8071
1,8072
14,8072
46,8072
1,8073
2,8074
25,8074
1,8075
2,8077
21,8077
52,8077
2,8078
5,8078
52,8079
54,8080
22,8083
14,8084
18,8084
44,8084
2,8085
17,8085
35,8085
41,8087
54,8089
15,8091
8,8095
21,8095
37,8095
49,8095
17,8097
51,8097
52,8097
60,8098
17,8098
42,8098
56,8098
40,8099
59,8099
55,8100
14,8104
34,8104
37,8106
51,8106
4,8112
6,8112
36,8112
7,8115
36,8115
10,8116
49,8122
58,8122
7,8123
38,8123
54,8123
3,8124
52,8124
7,8125
11,8127
4,8128
14,8128
45,8128
26,8129
43,8129
46,8131
47,8133
18,8135
25,8135
25,8136
56,8138
20,8139
46,8139
1,8140
23,8140
1,8141
7,8141
33,8141
2,8142
29,8144
49,8144
60,8145
2,8145
25,8145
39,8145
57,8145
44,8146
1,8148
4,8148
48,8148
5,8149
31,8150
58,8150
12,8151
45,8152
2,8153
7,8153
14,8154
33,8154
36,8155
23,8157
1,8158
21,8158
48,8159
2,8160
21,8160
37,8160
38,8160
35,8161
39,8161
52,8161
1,8162
15,8162
34,8162
43,8162
1,8163
2,8164
43,8164
51,8165
58,8165
2,8166
18,8169
38,8169
10,8170
41,8170
54,8171
4,8172
42,8172
12,8174
8,8176
8,8177
10,8177
10,8178
3,8179
34,8179
52,8179
3,8181
18,8185
27,8186
12,8187
21,8188
45,8188
19,8193
10,8195
21,8195
14,8196
15,8196
28,8196
47,8198
50,8199
32,8200
36,8200
49,8201
21,8202
40,8202
19,8203
52,8203
46,8204
34,8206
18,8207
24,8207
8,8208
42,8208
17,8209
18,8209
19,8210
12,8211
29,8211
31,8211
16,8212
23,8212
4,8215
30,8216
26,8217
40,8217
52,8218
23,8220
35,8220
7,8223
19,8224
24,8224
33,8224
29,8225
39,8227
5,8228
7,8228
32,8228
42,8228
50,8228
56,8228
4,8229
14,8229
30,8229
33,8229
37,8229
44,8229
8,8233
46,8233
48,8233
40,8235
45,8235
21,8236
19,8237
43,8237
42,8239
1,8240
24,8240
27,8240
1,8241
35,8241
17,8242
2,8244
1,8246
2,8247
2,8248
20,8248
24,8248
4,8249
8,8249
35,8250
60,8251
59,8251
49,8252
19,8253
10,8256
43,8258
17,8259
39,8261
8,8262
58,8262
15,8265
60,8266
60,8267
13,8268
43,8269
43,8270
32,8271
3,8272
36,8273
47,8273
22,8274
28,8274
37,8275
40,8275
52,8275
10,8276
13,8276
26,8277
48,8277
31,8278
20,8279
40,8280
56,8280
21,8281
5,8282
33,8283
9,8284
10,8284
29,8284
35,8285
54,8285
37,8286
19,8287
45,8287
54,8287
55,8287
11,8288
28,8289
29,8289
32,8289
27,8290
48,8290
55,8293
33,8294
41,8294
26,8295
54,8295
4,8296
38,8296
35,8297
9,8298
44,8299
23,8300
24,8300
50,8300
5,8301
12,8301
26,8301
23,8302
24,8302
26,8304
40,8305
25,8306
23,8307
29,8307
40,8307
30,8308
25,8309
50,8309
10,8311
49,8311
30,8312
40,8312
55,8312
13,8313
27,8313
24,8314
30,8314
53,8315
3,8316
19,8317
27,8317
36,8317
40,8317
1,8319
16,8319
36,8319
2,8320
60,8321
1,8321
41,8321
2,8322
1,8323
48,8324
6,8325
2,8326
36,8327
39,8327
53,8327
16,8328
28,8331
38,8331
48,8331
59,8331
45,8332
48,8332
25,8333
38,8333
28,8334
33,8334
48,8336
46,8337
57,8337
16,8338
57,8338
12,8339
47,8343
32,8344
48,8344
12,8345
22,8345
57,8346
49,8347
1,8348
4,8349
14,8349
19,8349
15,8350
37,8350
7,8352
12,8353
37,8356
53,8359
37,8360
58,8360
11,8362
25,8362
58,8366
14,8367
24,8367
29,8367
36,8368
56,8369
17,8371
27,8371
29,8371
45,8372
59,8373
60,8375
43,8375
48,8376
1,8378
11,8378
1,8379
24,8379
6,8380
14,8380
2,8382
51,8382
60,8383
2,8384
21,8384
46,8384
1,8385
2,8386
8,8386
59,8387
10,8388
17,8388
49,8388
19,8389
26,8389
58,8391
37,8392
4,8394
14,8394
54,8394
3,8396
6,8396
15,8396
55,8397
58,8397
43,8398
56,8398
24,8399
28,8399
12,8400
18,8400
28,8400
29,8401
49,8401
41,8403
55,8404
35,8405
24,8406
29,8407
20,8408
22,8408
57,8408
54,8409
4,8410
30,8410
48,8410
53,8410
60,8411
1,8411
26,8411
6,8412
31,8412
2,8413
1,8414
39,8414
2,8415
1,8416
39,8416
10,8419
2,8420
29,8421
56,8423
36,8424
22,8425
12,8426
17,8427
50,8427
51,8429
28,8431
32,8432
19,8433
33,8433
35,8433
7,8434
51,8434
41,8435
5,8436
17,8437
19,8437
35,8437
48,8437
45,8439
59,8439
8,8441
60,8443
23,8443
15,8446
29,8446
12,8447
32,8447
40,8447
47,8448
11,8450
16,8450
58,8450
5,8451
39,8451
43,8451
17,8452
30,8452
28,8453
57,8455
10,8456
26,8459
20,8460
43,8460
47,8462
13,8463
24,8465
27,8466
14,8467
35,8468
29,8469
32,8469
59,8469
45,8470
12,8471
42,8471
9,8472
22,8473
58,8473
23,8474
32,8474
30,8476
21,8477
24,8477
36,8477
52,8479
32,8480
18,8484
52,8484
15,8485
13,8486
60,8487
42,8487
48,8487
6,8488
32,8490
7,8491
56,8491
21,8492
47,8492
37,8493
47,8493
54,8493
55,8493
28,8495
47,8495
54,8495
41,8496
5,8498
60,8500
7,8500
20,8500
44,8500
50,8502
58,8502
59,8503
27,8504
46,8504
10,8505
20,8505
32,8505
36,8505
30,8507
40,8507
29,8508
38,8509
38,8513
59,8513
45,8514
47,8514
51,8514
52,8514
10,8515
32,8516
52,8516
30,8517
31,8517
7,8518
22,8518
24,8518
51,8518
29,8519
39,8519
47,8519
42,8521
30,8522
41,8522
13,8527
21,8529
26,8529
18,8530
1,8532
10,8532
25,8532
28,8532
33,8532
25,8533
49,8534
2,8536
7,8536
24,8536
31,8536
41,8536
48,8536
1,8537
2,8538
29,8538
35,8538
59,8538
60,8539
1,8539
34,8539
1,8540
27,8540
53,8540
2,8541
12,8542
41,8542
44,8542
23,8543
52,8543
35,8544
6,8546
26,8546
48,8547
48,8549
52,8549
53,8549
27,8550
9,8551
55,8551
49,8553
42,8554
35,8555
37,8555
12,8556
55,8556
39,8558
44,8558
58,8558
44,8559
3,8562
1,8564
22,8564
37,8564
59,8564
1,8565
2,8566
22,8566
23,8566
56,8566
2,8567
40,8568
1,8569
12,8569
33,8569
46,8569
49,8570
2,8574
11,8574
14,8574
50,8574
42,8575
47,8575
10,8577
25,8577
52,8578
57,8578
17,8579
52,8579
8,8581
31,8581
9,8583
47,8583
3,8585
4,8586
26,8586
35,8586
3,8587
8,8587
30,8587
49,8588
54,8588
20,8589
40,8589
41,8589
8,8591
5,8592
23,8593
19,8594
32,8595
56,8595
39,8596
53,8596
39,8598
53,8598
3,8600
23,8601
4,8602
5,8603
48,8603
26,8604
46,8604
56,8604
6,8605
4,8606
43,8607
22,8609
2,8610
29,8610
48,8610
8,8611
3,8612
3,8613
13,8613
32,8614
32,8615
55,8615
12,8620
12,8621
56,8621
41,8622
21,8623
30,8623
49,8623
12,8624
30,8624
47,8624
34,8625
6,8626
11,8627
37,8627
6,8630
29,8631
20,8633
51,8634
49,8635
13,8636
38,8636
3,8637
53,8637
3,8639
24,8639
23,8640
24,8640
11,8641
38,8641
14,8642
25,8643
42,8643
57,8644
13,8646
17,8647
38,8647
25,8649
32,8649
43,8649
7,8650
55,8651
59,8651
58,8653
14,8654
25,8655
38,8655
45,8656
42,8657
50,8659
39,8660
45,8660
24,8661
13,8662
46,8662
33,8663
6,8665
50,8665
27,8667
51,8672
7,8673
29,8673
33,8673
44,8673
15,8675
30,8676
38,8676
16,8677
31,8678
3,8679
8,8679
17,8680
53,8681
58,8681
20,8682
34,8682
35,8682
26,8683
1,8684
6,8684
18,8684
2,8686
44,8686
1,8687
26,8687
50,8687
11,8688
46,8689
1,8691
57,8692
59,8692
2,8693
27,8693
2,8695
15,8695
51,8695
28,8696
39,8696
43,8697
18,8698
1,8699
51,8699
2,8701
38,8701
50,8701
7,8702
10,8702
44,8703
23,8704
32,8704
1,8705
14,8705
55,8705
2,8709
23,8709
1,8710
24,8710
42,8710
15,8711
23,8712
42,8712
49,8712
50,8714
2,8715
21,8715
28,8715
2,8717
18,8717
59,8717
14,8718
20,8718
29,8718
6,8720
1,8721
28,8721
2,8722
6,8722
11,8722
35,8722
18,8723
1,8724
54,8724
26,8726
35,8729
2,8730
9,8730
14,8731
26,8732
53,8732
7,8733
1,8735
2,8736
55,8736
9,8737
21,8737
50,8737
19,8739
26,8739
39,8740
56,8740
8,8742
23,8742
55,8743
59,8744
40,8745
53,8745
6,8747
26,8749
60,8750
33,8750
9,8751
40,8753
22,8754
57,8754
26,8758
23,8759
39,8760
15,8762
56,8762
9,8765
15,8765
22,8765
43,8765
15,8767
30,8767
23,8768
1,8769
11,8770
15,8770
2,8771
1,8772
7,8772
1,8773
11,8774
34,8774
46,8776
57,8777
15,8778
20,8779
33,8779
17,8780
2,8781
22,8781
40,8781
45,8782
2,8783
6,8786
14,8786
37,8786
42,8787
57,8787
10,8792
42,8792
8,8793
26,8793
42,8795
52,8795
19,8796
28,8797
46,8797
15,8799
23,8799
23,8800
30,8800
28,8802
39,8805
42,8805
3,8806
7,8806
14,8807
56,8807
21,8808
15,8809
25,8811
38,8811
27,8812
7,8813
40,8814
8,8815
48,8815
56,8815
59,8820
33,8821
39,8821
6,8822
20,8822
14,8823
54,8823
5,8824
48,8826
1,8827
3,8827
30,8827
42,8827
33,8828
28,8829
39,8830
8,8834
30,8834
42,8835
50,8836
45,8837
24,8838
43,8838
15,8840
31,8840
59,8841
13,8842
56,8842
39,8843
51,8844
53,8844
23,8845
5,8846
34,8847
42,8847
19,8848
44,8849
58,8850
42,8852
48,8852
52,8852
11,8853
27,8853
48,8853
49,8854
16,8855
30,8855
50,8855
33,8856
43,8856
45,8856
51,8856
11,8857
16,8859
35,8859
1,8860
5,8860
16,8860
1,8861
25,8861
50,8861
2,8862
14,8863
33,8863
34,8863
1,8864
43,8865
58,8865
20,8868
43,8869
58,8870
54,8871
2,8872
5,8872
14,8872
39,8872
12,8873
29,8873
2,8874
6,8875
6,8876
32,8876
58,8876
24,8877
44,8877
18,8878
37,8879
56,8880
13,8881
16,8881
37,8881
47,8882
30,8883
13,8884
46,8884
31,8885
33,8885
54,8885
42,8886
59,8886
3,8889
25,8889
57,8891
13,8892
49,8892
6,8895
19,8895
52,8895
6,8897
10,8897
16,8899
17,8899
55,8899
4,8900
6,8903
44,8903
11,8904
15,8905
21,8905
1,8906
2,8907
30,8907
60,8908
1,8908
13,8908
2,8909
47,8909
15,8910
1,8911
55,8911
2,8912
44,8912
7,8913
43,8913
34,8917
9,8918
31,8918
12,8920
19,8921
22,8921
25,8921
27,8921
51,8923
25,8924
55,8925
12,8927
4,8930
40,8930
9,8931
21,8931
38,8931
16,8932
24,8932
55,8932
15,8934
53,8935
12,8936
9,8937
10,8939
45,8939
47,8939
57,8939
21,8940
10,8941
14,8941
28,8944
38,8944
2,8945
31,8945
37,8946
6,8949
46,8950
9,8951
43,8951
14,8952
14,8953
59,8953
19,8955
36,8955
37,8955
6,8956
10,8957
11,8960
32,8960
38,8960
35,8962
55,8962
35,8963
47,8963
10,8964
49,8966
5,8967
10,8967
40,8967
44,8967
32,8969
1,8971
59,8971
1,8972
58,8972
2,8973
30,8974
38,8974
2,8976
1,8977
37,8977
2,8979
13,8979
27,8979
34,8979
9,8980
12,8980
24,8980
27,8980
43,8981
57,8983
50,8984
38,8985
45,8985
55,8985
40,8986
44,8986
24,8987
12,8988
35,8988
46,8988
3,8989
7,8991
17,8991
47,8991
12,8992
6,8993
15,8993
52,8993
54,8993
7,8994
14,8994
41,8994
42,8994
11,8996
17,8996
53,8996
55,8997
43,8999
35,9002
33,9003
34,9004
3,9005
50,9007
59,9007
5,9008
31,9011
42,9011
59,9011
19,9012
13,9013
22,9013
30,9013
43,9013
5,9014
51,9014
13,9015
50,9015
53,9015
22,9016
32,9016
9,9017
14,9022
59,9022
17,9023
5,9024
10,9024
34,9024
56,9026
16,9027
40,9027
6,9028
29,9028
38,9028
17,9029
45,9029
59,9029
30,9030
48,9030
60,9031
17,9031
18,9031
40,9033
48,9033
37,9034
20,9035
60,9036
47,9036
3,9037
8,9037
43,9037
13,9039
19,9039
22,9041
9,9042
22,9042
14,9044
49,9046
54,9046
4,9047
18,9047
35,9048
38,9048
49,9049
11,9051
12,9051
32,9051
17,9052
28,9052
23,9053
25,9053
23,9054
38,9055
18,9056
16,9057
22,9057
57,9057
29,9058
47,9060
11,9061
16,9062
26,9063
7,9065
37,9065
53,9066
11,9067
33,9067
51,9067
17,9069
7,9070
3,9074
44,9074
4,9076
51,9076
60,9077
27,9078
20,9079
30,9079
43,9079
57,9079
25,9080
46,9080
24,9081
26,9083
47,9084
46,9086
25,9087
35,9087
36,9087
15,9088
54,9088
13,9091
48,9091
54,9093
57,9095
23,9096
13,9097
20,9097
4,9098
50,9098
13,9099
50,9099
9,9101
25,9101
40,9101
45,9101
1,9102
14,9104
54,9105
8,9107
28,9107
38,9107
1,9108
15,9108
31,9108
45,9108
52,9108
2,9109
1,9110
2,9114
3,9114
30,9114
58,9114
1,9115
19,9115
57,9115
50,9116
6,9117
43,9118
2,9119
28,9122
45,9122
53,9122
25,9123
26,9123
48,9123
49,9125
17,9126
19,9127
32,9127
1,9128
2,9129
30,9129
1,9130
2,9131
40,9131
37,9133
18,9134
40,9134
1,9135
12,9135
31,9135
50,9135
56,9135
2,9136
46,9137
49,9138
55,9139
60,9140
13,9140
28,9141
41,9141
12,9142
13,9142
30,9143
20,9144
58,9144
39,9145
7,9146
13,9146
51,9148
28,9149
30,9149
36,9149
53,9149
15,9150
10,9151
17,9151
46,9151
28,9155
44,9155
21,9157
22,9157
10,9158
37,9158
34,9159
39,9161
48,9161
57,9161
13,9162
20,9162
60,9163
50,9164
55,9164
4,9165
12,9166
7,9167
33,9168
43,9169
18,9171
26,9171
30,9171
22,9172
56,9173
33,9174
54,9174
48,9175
2,9178
19,9178
39,9178
59,9178
13,9179
59,9179
59,9180
34,9181
21,9182
53,9183
3,9184
4,9184
49,9185
28,9186
42,9192
31,9193
4,9194
10,9195
38,9200
8,9201
43,9202
46,9204
32,9206
17,9207
12,9208
25,9209
11,9210
34,9210
60,9211
42,9211
3,9212
9,9212
53,9213
11,9214
18,9215
25,9215
34,9215
4,9216
37,9216
47,9216
20,9218
16,9220
13,9221
47,9222
58,9222
52,9224
53,9225
50,9226
49,9227
60,9228
15,9229
46,9232
23,9233
38,9233
32,9234
45,9234
35,9236
33,9239
4,9240
28,9240
57,9243
59,9245
4,9246
59,9246
30,9248
37,9248
57,9249
20,9250
15,9252
39,9252
44,9253
60,9255
56,9257
37,9259
60,9262
43,9262
26,9264
50,9264
10,9265
30,9266
41,9266
53,9266
11,9267
26,9269
59,9272
30,9275
54,9276
39,9277
40,9277
43,9277
23,9279
41,9279
10,9282
24,9282
38,9285
28,9286
17,9288
4,9289
36,9289
42,9290
6,9291
46,9293
57,9293
30,9296
59,9298
23,9299
42,9299
47,9300
5,9301
13,9301
28,9301
33,9303
44,9304
46,9304
21,9305
33,9305
53,9305
23,9306
9,9307
47,9307
5,9308
8,9308
42,9308
44,9308
4,9309
16,9309
53,9311
14,9313
4,9314
1,9316
6,9317
59,9318
2,9319
10,9319
21,9320
7,9321
1,9322
15,9322
2,9324
27,9324
49,9324
1,9325
54,9325
2,9326
56,9328
10,9329
29,9330
57,9332
8,9333
16,9333
35,9334
37,9336
34,9337
39,9337
41,9337
44,9337
22,9341
40,9341
38,9342
10,9343
24,9343
39,9344
40,9344
49,9344
58,9345
13,9346
16,9346
43,9346
49,9348
58,9349
20,9350
53,9351
33,9352
23,9353
39,9353
54,9354
31,9355
32,9355
2,9356
32,9356
56,9357
23,9359
60,9361
36,9361
49,9361
24,9362
38,9362
30,9364
56,9365
7,9366
11,9366
36,9366
41,9366
16,9367
6,9368
45,9369
48,9370
6,9374
27,9375
18,9376
42,9376
50,9376
15,9380
22,9380
23,9380
34,9381
5,9382
18,9383
53,9384
18,9385
19,9385
59,9386
3,9387
4,9388
26,9390
29,9390
54,9391
27,9393
54,9393
36,9394
48,9394
34,9396
56,9396
30,9397
11,9398
4,9399
8,9401
16,9401
10,9402
53,9402
35,9403
3,9404
8,9404
31,9404
27,9405
27,9406
39,9406
33,9407
9,9408
39,9408
60,9409
43,9409
36,9410
49,9410
21,9412
3,9413
45,9413
52,9413
32,9414
38,9414
40,9414
28,9415
42,9415
51,9415
22,9416
5,9417
17,9417
49,9417
48,9418
46,9419
6,9420
6,9422
21,9422
31,9424
20,9426
38,9426
46,9426
11,9429
43,9431
47,9431
17,9433
19,9434
29,9434
40,9434
49,9434
51,9434
7,9435
31,9436
25,9437
47,9437
24,9439
36,9439
10,9441
32,9441
33,9442
25,9443
39,9443
48,9443
45,9444
52,9444
24,9445
1,9446
54,9447
28,9448
9,9450
17,9450
60,9452
60,9453
17,9455
46,9455
48,9456
4,9457
7,9457
42,9460
29,9461
32,9461
51,9461
29,9462
35,9462
21,9463
29,9463
58,9464
49,9466
30,9467
33,9468
58,9468
13,9469
36,9469
12,9470
26,9471
59,9471
17,9472
6,9473
14,9475
54,9475
14,9476
57,9477
1,9478
1,9479
17,9479
2,9482
19,9483
1,9484
3,9484
11,9484
21,9484
43,9484
49,9484
2,9485
21,9485
2,9487
45,9487
17,9488
37,9488
40,9488
46,9490
49,9490
43,9491
21,9492
51,9492
18,9493
50,9493
51,9493
42,9494
44,9496
10,9498
23,9498
40,9498
4,9499
27,9499
54,9500
38,9501
55,9502
27,9503
60,9504
25,9504
7,9505
45,9505
30,9508
45,9508
51,9509
40,9510
25,9512
31,9512
35,9512
30,9513
42,9514
11,9517
20,9517
13,9519
6,9520
16,9522
40,9522
11,9526
56,9526
31,9527
43,9529
33,9530
58,9530
49,9531
50,9531
10,9532
18,9533
32,9534
8,9535
23,9535
15,9536
23,9536
19,9537
26,9537
20,9538
34,9538
51,9538
33,9539
40,9540
10,9541
20,9541
60,9542
10,9542
31,9542
50,9542
13,9544
33,9545
20,9547
5,9548
10,9549
25,9550
45,9550
31,9551
38,9551
32,9553
38,9553
29,9554
29,9557
23,9558
13,9559
49,9559
7,9563
17,9563
52,9565
30,9566
52,9566
40,9567
40,9568
21,9570
24,9571
37,9571
44,9572
8,9573
45,9573
49,9573
7,9575
37,9575
39,9577
36,9578
52,9578
12,9579
49,9579
51,9579
54,9579
4,9581
7,9581
15,9582
16,9582
59,9583
42,9585
3,9586
13,9586
58,9588
1,9590
41,9590
2,9591
44,9591
1,9592
47,9592
2,9593
28,9593
1,9594
2,9595
25,9595
51,9596
58,9596
59,9596
23,9597
14,9598
13,9599
20,9599
59,9599
10,9600
10,9601
33,9601
13,9602
2,9603
16,9603
53,9603
4,9604
7,9605
9,9607
17,9608
59,9608
43,9609
44,9609
54,9609
33,9610
5,9614
46,9614
34,9616
32,9617
57,9617
45,9618
7,9619
44,9620
14,9622
30,9622
35,9624
47,9624
5,9625
12,9625
6,9627
29,9628
32,9628
59,9628
1,9629
47,9630
54,9631
55,9631
2,9632
12,9633
52,9633
1,9634
42,9634
1,9635
6,9635
14,9635
18,9635
22,9635
58,9635
2,9636
2,9637
18,9637
38,9637
19,9638
34,9638
54,9639
44,9640
50,9642
21,9643
34,9644
41,9644
37,9645
32,9646
33,9646
45,9646
59,9646
11,9647
31,9650
10,9652
30,9652
33,9652
56,9652
8,9653
43,9653
57,9653
22,9654
52,9654
60,9657
27,9657
30,9657
39,9657
5,9658
24,9658
11,9659
22,9659
48,9659
29,9661
45,9661
51,9662
53,9662
11,9663
44,9663
54,9666
23,9667
24,9667
36,9667
24,9668
51,9668
22,9669
47,9671
58,9671
21,9672
25,9674
36,9675
19,9676
22,9676
38,9677
39,9678
45,9678
28,9679
28,9680
45,9680
41,9681
44,9681
52,9681
40,9682
17,9684
21,9684
33,9684
40,9684
59,9684
39,9685
50,9690
60,9692
49,9692
36,9693
6,9694
8,9694
11,9695
52,9695
42,9696
25,9697
39,9697
56,9698
23,9699
59,9700
43,9701
57,9702
15,9704
37,9704
7,9705
16,9705
17,9707
45,9707
30,9708
31,9708
8,9710
15,9710
36,9710
18,9711
17,9713
8,9715
1,9716
40,9716
20,9717
54,9717
24,9719
34,9719
3,9721
4,9722
26,9722
39,9722
44,9724
1,9725
5,9725
8,9725
33,9725
38,9725
52,9725
3,9726
19,9726
24,9727
2,9728
51,9729
36,9730
28,9731
48,9731
25,9732
43,9732
50,9732
15,9733
22,9733
24,9733
1,9734
16,9734
19,9734
37,9734
2,9735
55,9735
40,9736
45,9736
48,9736
1,9737
9,9737
2,9738
7,9738
1,9739
25,9739
35,9742
41,9742
53,9742
10,9744
27,9745
27,9746
29,9746
50,9746
53,9747
31,9749
1,9750
44,9750
4,9751
5,9751
42,9751
2,9752
19,9752
24,9752
56,9752
1,9755
2,9756
35,9758
1,9759
2,9760
32,9760
44,9761
9,9762
13,9763
34,9763
50,9763
60,9764
3,9764
25,9764
33,9764
30,9765
49,9765
13,9767
26,9767
14,9768
17,9769
25,9769
35,9769
56,9769
5,9771
8,9771
12,9771
45,9771
17,9772
47,9773
40,9775
45,9775
14,9776
23,9777
43,9777
55,9778
15,9779
39,9779
53,9779
36,9780
58,9780
18,9781
40,9781
49,9781
11,9782
25,9784
32,9786
15,9787
16,9787
23,9788
40,9788
58,9788
1,9789
8,9789
10,9789
41,9789
45,9789
1,9791
11,9791
39,9791
2,9792
45,9792
9,9793
7,9795
3,9796
16,9796
57,9796
2,9797
19,9797
41,9797
31,9798
1,9799
21,9799
2,9800
8,9802
17,9803
48,9803
53,9803
1,9804
13,9805
31,9805
29,9808
14,9809
34,9810
34,9811
31,9812
49,9812
37,9813
35,9814
57,9815
59,9815
15,9816
48,9816
10,9818
28,9818
39,9818
43,9819
14,9820
36,9820
22,9821
32,9821
44,9821
18,9822
36,9822
38,9822
45,9822
54,9822
11,9824
23,9824
8,9825
11,9825
32,9825
60,9827
14,9827
54,9827
27,9829
38,9830
31,9832
50,9833
15,9836
34,9836
17,9837
20,9837
25,9837
29,9837
14,9839
27,9840
20,9841
6,9842
1,9843
50,9843
1,9844
37,9846
38,9847
2,9848
12,9849
26,9849
10,9850
1,9851
39,9851
55,9851
2,9852
51,9852
20,9854
40,9854
45,9854
2,9855
20,9856
28,9857
31,9857
51,9857
27,9858
55,9858
12,9859
35,9860
41,9861
43,9862
15,9863
22,9863
9,9864
26,9864
3,9865
23,9865
1,9866
2,9867
21,9867
23,9867
25,9867
1,9868
40,9869
50,9870
55,9870
30,9871
29,9872
57,9872
1,9873
41,9873
2,9874
7,9874
2,9875
59,9876
34,9877
42,9877
22,9878
32,9878
8,9879
42,9879
10,9881
42,9881
58,9881
47,9882
60,9883
11,9884
12,9884
54,9884
41,9888
54,9888
9,9890
21,9890
29,9890
1,9891
32,9892
19,9894
9,9896
44,9896
47,9897
43,9898
53,9898
4,9899
53,9900
43,9901
8,9902
48,9903
38,9904
40,9906
57,9908
22,9909
3,9912
39,9913
46,9913
6,9914
16,9915
25,9915
59,9916
43,9917
37,9918
43,9918
14,9920
52,9920
20,9921
12,9922
17,9922
58,9924
60,9926
10,9927
14,9927
18,9927
22,9927
28,9927
42,9928
48,9928
14,9929
19,9929
8,9930
15,9930
7,9931
12,9931
26,9932
32,9932
3,9933
25,9933
25,9935
6,9937
11,9937
40,9938
18,9939
26,9939
3,9942
9,9942
47,9942
11,9943
53,9943
55,9943
37,9945
14,9946
46,9947
22,9948
33,9949
15,9950
4,9951
46,9951
7,9952
44,9952
4,9953
5,9953
32,9953
36,9953
9,9956
19,9957
30,9957
38,9957
56,9957
38,9958
26,9959
52,9960
17,9961
7,9963
31,9965
18,9966
36,9967
26,9968
3,9969
42,9969
40,9970
55,9971
44,9972
46,9973
50,9973
6,9974
27,9975
7,9976
15,9978
28,9979
10,9980
46,9981
51,9981
39,9982
32,9983
21,9987
30,9987
57,9987
49,9988
51,9991
59,9991
46,9992
32,9993
43,9993
10,9994
15,9994
34,9994
15,9995
34,9995
36,9995
4,9996
33,9996
3,9997
34,9999
