14,5
34,6
24,8
8,10
14,10
55,10
9,11
43,11
19,12
7,13
24,13
9,15
34,16
3,19
45,19
12,20
4,21
14,21
24,21
4,24
5,25
58,25
3,26
5,27
41,27
41,28
17,31
25,31
54,32
1,38
2,39
39,39
48,39
55,40
1,41
24,41
2,43
1,44
2,45
3,46
20,46
11,48
24,48
39,50
1,51
4,51
1,52
20,54
21,55
2,56
23,56
51,56
2,57
3,57
6,57
26,57
1,59
4,62
28,63
2,64
1,66
5,66
5,67
54,67
15,68
1,69
2,70
3,70
2,71
22,71
42,71
46,71
54,71
1,72
22,73
2,74
38,77
27,78
1,79
53,79
1,80
26,80
34,80
22,81
55,82
2,83
18,83
2,84
20,84
1,86
2,88
45,89
53,89
57,89
38,92
56,92
54,93
47,96
57,97
9,98
26,98
31,98
40,99
60,100
3,103
4,104
5,105
5,106
9,106
1,107
4,107
40,107
1,108
3,109
49,109
46,110
2,111
38,111
1,112
27,112
3,113
50,113
5,114
4,115
22,115
49,115
54,115
2,116
22,117
4,119
6,119
53,121
3,123
5,124
2,125
46,125
17,126
29,126
38,126
42,128
60,133
30,135
23,136
52,138
28,144
51,144
29,148
52,150
51,152
55,152
1,153
1,154
59,154
2,155
2,156
30,156
1,157
35,158
2,160
1,161
2,162
1,163
1,164
11,164
2,165
2,166
1,169
3,169
2,170
1,171
4,172
45,172
17,173
2,174
44,174
1,176
5,176
3,177
18,177
4,178
2,180
5,180
12,180
33,180
21,181
48,181
30,183
10,186
54,186
54,187
1,188
1,189
21,189
46,189
25,191
50,191
55,194
2,195
1,197
2,198
2,200
46,204
37,212
60,213
50,214
37,215
45,215
17,219
50,219
30,223
1,227
29,227
1,228
2,230
3,230
9,230
55,230
39,231
1,232
5,232
2,233
5,233
2,234
4,236
48,236
17,237
3,238
12,238
17,238
4,239
47,241
49,242
48,246
1,250
56,252
2,253
1,254
1,255
55,258
3,259
47,259
2,260
2,261
5,261
33,262
38,262
4,263
4,264
3,265
5,266
44,267
60,269
34,273
50,274
17,275
33,277
30,279
46,280
26,281
29,282
18,291
55,292
53,293
55,296
1,297
3,298
4,299
6,299
1,300
3,300
5,301
2,302
39,302
2,303
4,303
41,303
56,304
1,305
2,306
5,307
43,307
54,307
44,311
32,315
28,317
31,317
56,318
44,320
8,324
29,324
35,324
19,325
7,326
57,326
49,327
30,328
39,328
38,329
7,332
41,333
25,336
28,337
9,338
10,338
17,340
9,341
58,343
28,345
24,348
48,348
19,350
59,351
26,353
25,358
27,358
38,359
57,361
54,363
29,364
26,370
49,370
33,371
11,373
24,377
57,377
1,380
41,380
1,381
48,381
54,381
2,382
7,383
1,384
31,384
2,385
52,385
24,386
46,386
2,387
3,387
5,388
25,388
4,395
4,396
5,397
50,397
51,398
3,399
35,399
38,399
14,400
59,400
32,403
56,403
30,404
59,404
55,406
16,407
58,408
30,410
51,410
56,410
15,411
17,412
18,413
18,414
3,417
14,417
4,418
5,419
22,419
38,420
5,422
46,422
4,423
52,424
3,425
1,426
21,426
2,429
1,431
30,432
54,432
7,433
21,433
52,433
1,436
3,437
20,437
39,437
2,438
21,438
2,439
33,439
21,440
26,440
30,440
5,441
34,441
4,443
24,443
42,443
48,443
29,444
28,447
57,447
7,448
5,449
3,450
20,450
4,451
59,453
1,454
51,455
1,456
29,456
2,457
1,458
31,458
2,459
2,460
33,461
32,462
22,463
44,468
18,470
16,472
35,472
21,473
28,473
42,481
30,483
48,485
37,489
54,495
1,498
3,499
43,499
2,500
4,500
1,501
3,501
56,502
1,504
7,505
26,505
2,506
4,506
54,506
5,507
2,510
50,510
5,511
44,511
1,513
1,514
2,516
2,519
1,520
15,520
50,520
53,521
33,522
2,523
11,523
3,524
5,526
50,526
4,527
3,528
5,530
23,530
4,531
41,531
53,535
36,536
9,538
33,538
50,541
42,543
12,544
41,545
44,545
52,546
13,548
60,551
25,551
21,553
32,553
59,553
55,555
34,556
41,556
1,559
1,560
3,560
2,561
4,561
20,561
2,564
1,565
10,565
50,565
2,566
5,566
5,567
48,569
3,570
4,571
1,575
35,577
49,580
39,582
15,586
21,586
52,589
10,590
23,590
39,591
21,592
54,596
51,597
14,598
44,598
21,600
56,604
17,607
21,609
9,610
6,611
45,611
36,622
27,623
43,632
43,634
53,634
1,636
47,637
38,638
19,640
59,642
47,643
3,644
37,644
28,645
5,646
4,647
4,648
58,648
5,649
21,649
33,649
3,650
41,650
10,656
51,656
13,658
44,660
24,663
32,663
3,664
4,666
6,666
8,666
16,667
3,668
4,669
5,671
25,671
40,672
57,672
26,673
53,673
5,675
1,676
7,676
15,676
1,677
53,678
2,679
32,679
36,679
1,680
2,681
6,681
35,681
59,681
2,682
26,684
3,685
5,686
18,686
1,687
4,687
53,687
1,688
41,688
51,688
4,689
2,690
7,690
9,690
2,691
46,691
5,692
1,693
3,693
2,694
3,694
45,694
53,694
44,695
4,696
44,696
5,697
37,697
31,699
36,699
4,700
39,700
16,701
41,701
44,701
3,702
52,702
1,703
5,703
45,703
2,704
18,704
1,706
1,707
46,707
2,708
2,709
20,712
22,712
5,713
51,713
41,717
3,720
41,722
51,723
8,725
11,725
3,727
4,728
30,729
5,731
3,732
47,732
49,733
5,734
4,735
32,736
49,736
58,740
50,744
3,745
5,750
18,750
33,750
1,751
4,751
1,752
5,752
29,752
2,753
3,753
1,754
4,754
2,755
2,757
29,761
30,761
33,762
54,766
18,767
52,767
7,768
53,772
38,773
51,773
41,784
12,789
21,792
23,796
36,797
14,801
20,801
24,801
38,806
59,808
45,815
18,817
37,817
32,818
1,820
52,821
2,822
1,825
58,826
54,829
46,830
2,831
42,831
53,831
28,832
1,833
48,834
56,834
5,836
2,838
1,840
7,840
56,840
2,841
19,841
42,841
1,842
1,844
31,844
60,846
2,846
26,848
2,849
32,861
18,862
51,862
42,863
25,864
57,864
38,865
51,865
14,868
33,870
15,871
56,872
1,875
1,876
2,877
3,878
2,879
4,879
25,879
1,880
11,880
2,881
4,881
6,881
14,882
21,882
5,883
5,884
3,885
6,885
37,885
40,886
11,892
46,892
32,894
41,894
14,896
33,898
44,898
46,899
59,899
3,901
52,901
15,902
5,903
18,903
5,904
4,907
21,907
42,907
3,910
38,910
28,911
4,912
10,912
16,912
33,916
17,917
57,917
29,918
30,919
57,921
3,923
22,924
4,925
33,925
5,926
3,927
18,927
41,927
5,928
48,928
60,931
4,931
27,933
40,934
3,939
15,940
36,941
4,942
33,943
5,944
37,944
53,944
2,945
5,945
9,945
14,947
4,948
5,949
3,950
27,951
43,951
6,953
22,954
17,955
41,955
28,956
52,961
19,962
22,962
3,963
22,963
23,964
4,965
1,966
30,966
1,967
3,967
5,968
2,969
5,969
4,970
60,971
37,972
2,974
17,975
1,976
16,976
2,977
51,977
12,980
13,980
42,980
30,984
40,985
39,987
6,989
47,990
1,991
1,992
27,993
2,994
2,995
1,998
44,998
60,999
2,1000
28,1003
56,1004
11,1005
34,1011
40,1014
7,1015
51,1016
51,1017
49,1018
7,1020
12,1022
17,1023
39,1025
43,1027
54,1027
21,1029
22,1029
36,1031
31,1033
21,1035
47,1035
53,1035
19,1036
22,1040
39,1042
1,1045
17,1046
39,1046
1,1047
2,1048
57,1048
2,1049
49,1049
60,1053
49,1054
34,1055
23,1056
1,1057
35,1057
48,1057
20,1058
44,1058
1,1059
2,1060
13,1061
28,1063
51,1065
44,1066
52,1066
3,1067
15,1067
33,1067
4,1068
31,1068
5,1070
45,1072
42,1073
3,1074
43,1074
5,1075
4,1076
36,1076
25,1077
54,1078
38,1079
39,1079
47,1080
58,1080
60,1082
11,1087
44,1087
20,1099
21,1101
45,1103
30,1105
3,1107
5,1109
6,1111
18,1111
5,1112
4,1113
16,1113
38,1115
3,1116
36,1117
9,1120
4,1121
7,1122
6,1123
57,1123
13,1125
41,1126
17,1128
3,1130
4,1131
49,1131
5,1132
31,1132
59,1132
5,1133
3,1134
1,1136
34,1136
39,1136
1,1137
37,1137
43,1138
2,1139
48,1139
2,1140
4,1140
1,1143
2,1145
35,1149
1,1152
30,1152
2,1154
32,1154
1,1155
2,1157
40,1157
1,1158
25,1158
35,1158
43,1158
2,1160
43,1163
36,1165
18,1168
53,1170
3,1172
32,1172
4,1173
5,1175
55,1175
4,1176
3,1177
5,1179
1,1180
9,1181
56,1181
3,1183
30,1183
3,1186
9,1186
59,1187
58,1188
4,1189
28,1190
31,1190
3,1191
5,1192
4,1194
5,1196
36,1196
41,1196
15,1197
45,1197
30,1202
1,1203
27,1204
57,1205
1,1208
53,1208
2,1209
2,1211
11,1211
10,1213
1,1214
37,1214
49,1214
2,1215
24,1216
49,1216
32,1217
3,1218
9,1218
4,1219
50,1219
5,1220
54,1222
29,1224
4,1227
5,1228
25,1228
29,1228
46,1229
3,1230
37,1230
47,1232
1,1234
1,1235
2,1236
35,1237
55,1237
1,1238
13,1238
43,1238
16,1239
2,1240
13,1240
2,1241
27,1241
24,1246
50,1248
7,1251
1,1253
2,1254
1,1256
39,1256
52,1257
53,1259
30,1260
44,1260
1,1262
2,1264
2,1265
60,1266
39,1266
9,1268
17,1268
16,1271
55,1274
20,1275
50,1278
13,1280
34,1280
49,1280
18,1282
44,1288
34,1291
57,1293
51,1294
1,1295
20,1295
1,1296
8,1296
8,1299
54,1299
2,1302
57,1302
2,1303
1,1305
2,1306
13,1307
27,1307
15,1308
40,1308
37,1310
52,1311
39,1315
43,1315
49,1315
52,1316
55,1316
29,1318
23,1319
37,1320
36,1325
52,1325
32,1326
25,1327
20,1328
21,1328
25,1329
57,1330
30,1332
18,1335
53,1339
44,1343
57,1343
49,1344
5,1346
14,1346
38,1346
1,1349
3,1349
5,1350
18,1350
59,1350
4,1351
5,1352
4,1353
49,1353
56,1353
48,1354
59,1354
3,1355
3,1356
5,1357
4,1360
5,1362
50,1362
4,1363
3,1365
12,1365
35,1365
22,1368
24,1368
1,1371
20,1372
26,1373
6,1378
33,1378
34,1379
45,1379
1,1381
31,1381
1,1382
2,1383
2,1384
8,1384
21,1385
47,1385
60,1386
1,1386
45,1386
47,1386
2,1388
12,1388
34,1389
54,1398
14,1405
19,1410
56,1411
7,1412
1,1417
49,1417
2,1418
59,1418
55,1420
1,1421
3,1423
2,1424
26,1425
39,1426
1,1427
2,1428
3,1432
44,1432
5,1433
4,1434
18,1434
1,1435
27,1435
3,1436
1,1438
5,1438
2,1439
4,1439
2,1440
37,1440
1,1441
11,1442
24,1442
42,1442
2,1443
23,1444
6,1445
11,1445
42,1448
60,1449
50,1450
2,1451
12,1452
49,1455
58,1456
34,1458
8,1461
55,1464
18,1466
28,1466
1,1467
36,1469
13,1470
38,1470
1,1471
2,1472
34,1473
10,1474
1,1476
2,1478
2,1479
40,1480
52,1480
47,1482
3,1483
29,1483
35,1483
5,1488
52,1488
33,1489
5,1490
36,1490
4,1491
3,1492
4,1493
28,1493
21,1494
51,1496
13,1502
42,1502
11,1503
51,1503
10,1504
26,1506
60,1511
24,1511
25,1514
55,1514
3,1518
4,1519
4,1524
15,1524
5,1525
9,1525
36,1525
50,1525
3,1527
12,1527
5,1528
55,1531
18,1535
16,1541
23,1547
1,1549
2,1550
15,1550
1,1551
10,1554
40,1556
1,1557
32,1557
2,1558
25,1558
59,1559
2,1561
35,1562
29,1564
15,1566
20,1566
53,1566
46,1572
57,1575
50,1577
59,1583
22,1585
51,1585
34,1586
30,1588
10,1589
12,1590
22,1592
26,1592
11,1594
49,1596
3,1597
4,1598
5,1599
3,1601
26,1601
4,1602
30,1602
5,1603
55,1603
7,1604
26,1604
37,1609
34,1611
45,1614
44,1615
14,1619
22,1619
35,1623
55,1623
50,1625
53,1625
17,1626
48,1627
3,1629
12,1630
4,1632
51,1634
4,1635
12,1635
10,1636
5,1638
33,1642
18,1643
5,1644
11,1644
3,1645
33,1646
38,1648
1,1649
29,1649
2,1651
1,1652
8,1652
1,1654
23,1654
2,1655
2,1657
8,1657
47,1657
54,1657
1,1658
2,1659
58,1659
1,1660
22,1660
1,1661
49,1661
2,1662
2,1663
30,1663
42,1664
38,1665
43,1666
32,1667
1,1668
2,1670
48,1670
56,1670
1,1671
2,1673
27,1673
28,1674
1,1675
9,1675
37,1675
51,1675
45,1677
1,1678
2,1678
9,1679
8,1682
59,1682
9,1685
17,1687
50,1688
3,1689
14,1689
4,1690
39,1690
4,1691
3,1692
10,1692
1,1693
5,1693
23,1693
5,1694
1,1697
18,1697
59,1697
2,1699
43,1700
2,1701
37,1702
1,1704
2,1705
48,1706
3,1711
9,1711
20,1711
5,1712
4,1713
5,1714
48,1714
43,1715
27,1721
55,1721
4,1722
3,1724
32,1724
33,1724
35,1724
48,1728
32,1729
3,1730
27,1730
56,1730
4,1731
5,1732
19,1732
49,1733
55,1733
17,1734
33,1734
5,1736
37,1737
48,1738
52,1739
47,1741
4,1742
3,1743
7,1747
16,1749
30,1752
9,1759
33,1759
21,1762
12,1763
40,1763
33,1764
3,1768
55,1768
5,1769
11,1769
1,1772
1,1773
4,1773
3,1775
8,1775
2,1776
4,1776
24,1776
1,1777
2,1778
5,1778
21,1779
29,1779
32,1779
37,1779
2,1780
10,1780
28,1780
51,1783
29,1786
25,1794
13,1800
52,1801
23,1805
17,1806
13,1808
46,1808
24,1809
43,1809
52,1810
53,1811
1,1812
34,1813
1,1815
49,1815
2,1816
1,1817
32,1819
55,1820
2,1822
36,1822
24,1823
2,1825
47,1826
52,1827
38,1831
31,1835
47,1835
50,1835
31,1841
17,1842
35,1845
59,1845
17,1846
37,1846
40,1846
10,1847
28,1847
8,1848
55,1848
40,1851
54,1853
15,1856
3,1858
4,1860
9,1860
22,1862
40,1864
43,1864
4,1865
1,1866
3,1866
12,1870
2,1871
12,1871
17,1871
5,1872
1,1873
5,1873
2,1874
32,1874
26,1875
41,1875
46,1876
1,1877
29,1877
2,1878
47,1880
11,1881
12,1882
15,1883
12,1884
58,1886
34,1887
48,1887
22,1888
35,1888
1,1889
39,1889
2,1891
38,1892
39,1892
1,1893
3,1893
19,1893
35,1894
12,1895
1,1896
4,1896
4,1897
2,1898
3,1898
2,1899
1,1900
5,1900
10,1900
1,1901
5,1901
2,1902
7,1902
22,1902
1,1903
41,1903
42,1903
42,1904
55,1904
2,1905
58,1905
2,1906
20,1907
11,1910
46,1912
54,1915
28,1918
60,1919
12,1922
6,1923
7,1923
12,1925
50,1928
52,1928
30,1933
59,1938
46,1940
3,1941
4,1943
3,1944
49,1944
5,1945
17,1948
46,1948
8,1949
19,1950
5,1951
4,1953
35,1953
51,1955
10,1959
1,1960
2,1961
50,1962
1,1963
14,1964
20,1966
14,1967
3,1968
4,1969
2,1970
5,1970
5,1971
21,1971
31,1971
1,1972
4,1972
2,1973
3,1973
21,1974
58,1974
23,1975
5,1976
58,1976
57,1977
37,1978
42,1979
10,1980
24,1980
36,1986
29,1997
44,1997
3,2000
45,2000
4,2001
38,2001
35,2003
3,2004
49,2005
53,2005
5,2006
14,2009
4,2011
5,2013
24,2013
42,2015
14,2016
3,2018
8,2021
56,2023
21,2030
40,2033
27,2038
34,2040
18,2043
22,2043
60,2044
51,2045
57,2046
48,2047
49,2048
3,2049
13,2050
35,2051
55,2051
43,2053
8,2055
41,2055
46,2057
24,2059
25,2061
38,2062
19,2066
20,2070
29,2070
52,2070
52,2071
4,2073
44,2079
18,2082
36,2083
58,2089
28,2090
42,2092
53,2093
8,2095
40,2095
3,2098
18,2100
5,2101
4,2102
3,2104
7,2104
60,2106
5,2106
25,2106
57,2106
1,2107
4,2107
14,2108
1,2109
10,2109
2,2111
7,2111
1,2112
16,2112
2,2116
4,2116
2,2118
31,2118
7,2119
9,2120
34,2120
33,2121
11,2122
15,2125
60,2129
1,2130
2,2131
26,2131
1,2132
2,2133
3,2133
17,2133
49,2133
1,2134
33,2134
2,2135
17,2135
4,2136
25,2136
44,2136
3,2138
48,2138
22,2139
17,2140
6,2141
4,2142
48,2142
27,2144
5,2145
5,2146
3,2147
4,2148
13,2149
5,2150
3,2151
5,2152
26,2152
4,2154
15,2154
26,2154
1,2155
59,2155
2,2159
39,2159
1,2161
7,2162
24,2163
32,2163
2,2164
29,2164
1,2165
2,2166
59,2166
27,2167
15,2169
7,2170
14,2171
30,2171
45,2172
30,2173
47,2175
16,2179
25,2179
13,2180
50,2181
51,2181
32,2182
25,2185
35,2186
52,2193
59,2201
54,2202
48,2205
53,2213
34,2214
11,2215
15,2216
5,2220
1,2222
21,2224
2,2225
1,2226
2,2227
1,2228
2,2229
57,2229
30,2230
51,2231
39,2233
1,2235
39,2235
2,2237
3,2237
4,2240
44,2240
1,2241
3,2241
5,2242
18,2243
20,2243
1,2244
2,2245
5,2245
2,2246
4,2246
55,2246
25,2247
30,2247
36,2249
47,2250
41,2251
46,2252
21,2253
12,2254
16,2256
32,2258
3,2259
34,2259
5,2260
57,2262
17,2264
58,2265
5,2266
40,2266
4,2267
20,2267
27,2267
4,2268
11,2270
49,2270
3,2272
59,2274
3,2275
1,2277
2,2279
4,2279
12,2279
32,2279
55,2279
4,2280
1,2281
5,2281
50,2281
2,2282
5,2282
3,2283
1,2284
51,2286
2,2287
43,2288
12,2289
3,2293
19,2293
48,2294
8,2296
45,2298
55,2298
54,2299
4,2301
37,2301
33,2302
14,2303
4,2304
3,2305
1,2306
5,2306
54,2306
2,2307
5,2307
33,2307
1,2308
2,2309
55,2309
1,2310
41,2310
2,2311
35,2312
17,2314
16,2316
1,2320
14,2320
43,2320
2,2322
12,2322
1,2323
1,2324
22,2324
45,2325
13,2327
2,2328
60,2329
2,2329
18,2337
21,2337
41,2337
13,2341
30,2341
37,2343
33,2345
43,2346
49,2346
25,2349
28,2350
13,2351
19,2351
54,2352
11,2355
17,2356
22,2357
56,2358
7,2360
11,2360
32,2362
53,2363
35,2366
59,2366
32,2368
21,2371
48,2372
34,2373
49,2373
36,2377
11,2383
21,2383
54,2383
41,2386
43,2389
50,2389
25,2397
27,2400
42,2400
49,2406
28,2410
44,2415
12,2416
57,2417
26,2419
27,2419
37,2420
17,2421
54,2421
34,2424
59,2428
20,2430
51,2430
30,2436
22,2442
45,2442
39,2443
54,2444
23,2445
36,2446
2,2450
52,2451
33,2456
59,2456
41,2457
41,2460
13,2462
41,2464
32,2466
47,2468
3,2470
4,2471
3,2472
4,2473
18,2473
5,2475
22,2476
5,2478
7,2478
53,2478
1,2479
18,2480
36,2480
58,2481
8,2482
38,2483
2,2484
41,2484
1,2486
13,2486
53,2486
46,2487
49,2489
2,2490
8,2490
11,2490
1,2491
3,2491
21,2491
4,2492
40,2492
5,2493
50,2494
2,2495
5,2495
60,2496
1,2496
3,2496
34,2496
48,2497
2,2498
18,2498
1,2499
13,2499
60,2501
2,2501
4,2501
13,2501
46,2501
1,2502
2,2503
54,2503
1,2504
47,2504
28,2505
37,2505
55,2505
3,2507
5,2508
4,2509
20,2509
2,2511
4,2511
1,2512
3,2512
1,2513
5,2514
2,2515
2,2516
10,2519
23,2519
8,2528
10,2528
60,2529
38,2529
37,2532
50,2538
45,2539
51,2540
52,2540
54,2542
10,2543
36,2545
12,2550
52,2550
19,2551
28,2552
9,2553
25,2554
23,2559
50,2559
8,2562
34,2564
1,2568
2,2569
1,2571
43,2571
45,2571
1,2573
2,2575
2,2576
44,2576
12,2579
52,2581
17,2584
32,2585
58,2591
45,2592
32,2593
1,2595
14,2597
42,2597
47,2597
26,2603
32,2603
27,2609
49,2611
50,2612
36,2617
9,2618
30,2619
36,2619
8,2623
10,2623
3,2624
24,2625
58,2626
5,2627
5,2628
4,2629
4,2631
3,2632
14,2635
10,2636
43,2636
53,2636
32,2637
35,2638
11,2639
43,2640
3,2645
5,2646
4,2647
18,2647
34,2647
46,2647
4,2648
3,2651
12,2651
30,2651
43,2651
37,2652
5,2653
58,2656
27,2657
28,2658
24,2665
47,2665
15,2670
17,2671
58,2672
3,2675
34,2675
34,2676
43,2676
5,2677
17,2677
5,2678
27,2678
4,2679
4,2680
34,2681
42,2681
50,2682
3,2683
24,2687
20,2688
28,2688
32,2688
36,2690
30,2692
14,2693
3,2697
10,2697
5,2698
22,2698
25,2699
4,2700
3,2701
9,2702
4,2704
20,2704
39,2704
5,2706
58,2706
17,2707
33,2707
48,2708
3,2718
49,2718
30,2719
18,2720
24,2724
53,2724
40,2725
4,2726
10,2726
27,2726
5,2727
4,2730
32,2730
14,2733
55,2733
58,2733
5,2734
28,2734
60,2736
52,2738
3,2739
23,2739
54,2739
1,2741
2,2742
1,2743
28,2743
54,2744
1,2745
60,2746
2,2746
2,2749
43,2749
56,2751
1,2752
1,2753
2,2754
14,2754
1,2755
2,2756
1,2758
2,2758
11,2760
52,2760
33,2764
12,2770
52,2770
7,2772
44,2773
59,2773
18,2775
15,2777
36,2777
29,2778
15,2781
27,2785
45,2786
28,2788
48,2788
29,2790
41,2791
12,2793
52,2793
8,2795
24,2796
58,2797
24,2798
44,2798
15,2800
48,2800
48,2801
32,2804
42,2805
59,2805
38,2806
60,2807
31,2809
13,2811
9,2812
19,2812
37,2812
47,2814
55,2815
38,2816
19,2818
13,2820
16,2820
1,2822
1,2823
12,2823
40,2823
2,2824
1,2826
2,2828
21,2828
2,2829
20,2830
57,2830
42,2833
55,2834
40,2836
47,2836
52,2836
19,2837
28,2838
45,2842
53,2847
56,2847
7,2848
45,2848
24,2849
28,2849
53,2850
30,2852
35,2854
52,2854
48,2856
56,2856
19,2860
51,2862
32,2864
46,2867
39,2868
14,2870
15,2871
12,2877
1,2878
9,2878
36,2878
2,2879
28,2879
1,2881
1,2884
35,2885
2,2886
24,2886
2,2890
25,2893
10,2895
11,2895
35,2896
47,2896
53,2896
32,2897
59,2897
14,2898
34,2903
9,2904
34,2904
3,2905
22,2905
5,2906
43,2907
4,2908
49,2908
53,2908
4,2911
34,2911
12,2912
3,2913
6,2913
56,2914
5,2916
54,2916
50,2917
44,2918
11,2920
3,2921
23,2921
51,2921
4,2922
42,2922
54,2924
7,2925
28,2925
50,2925
17,2926
26,2926
4,2927
3,2928
7,2928
18,2928
5,2929
14,2929
21,2929
57,2929
5,2930
43,2931
15,2932
3,2935
25,2935
23,2936
14,2937
48,2941
59,2942
30,2943
41,2949
46,2949
3,2950
5,2951
23,2951
5,2952
19,2952
22,2952
4,2954
4,2955
3,2956
42,2956
21,2959
3,2961
12,2961
21,2961
4,2964
3,2965
44,2966
5,2967
49,2967
12,2968
5,2970
26,2970
4,2971
50,2971
12,2976
58,2977
7,2978
38,2978
9,2979
32,2980
8,2981
59,2987
57,2988
27,2990
60,2993
9,2993
57,2993
38,2994
43,2994
25,2995
32,2995
59,2997
19,2998
30,3001
40,3002
60,3003
6,3003
33,3003
13,3004
25,3005
59,3005
37,3008
23,3009
32,3009
54,3010
10,3013
53,3013
16,3016
6,3017
27,3018
50,3019
1,3020
10,3020
26,3020
26,3021
1,3022
14,3022
3,3023
37,3023
56,3023
5,3024
2,3025
4,3025
9,3026
37,3026
4,3027
1,3029
39,3029
59,3029
16,3030
2,3031
25,3031
2,3032
3,3032
5,3033
56,3033
2,3035
22,3038
1,3039
11,3040
1,3041
2,3042
22,3042
34,3042
54,3042
1,3044
60,3045
2,3045
2,3046
51,3046
57,3049
18,3051
34,3051
15,3054
43,3054
10,3055
30,3057
1,3059
38,3059
2,3060
1,3061
26,3061
52,3061
2,3062
1,3063
14,3063
2,3064
7,3064
57,3064
20,3066
45,3066
35,3067
45,3067
48,3067
37,3069
44,3071
20,3072
25,3074
41,3075
21,3076
19,3079
24,3082
47,3087
17,3089
30,3089
12,3090
7,3092
6,3097
45,3098
11,3099
39,3100
46,3101
51,3101
30,3102
40,3104
60,3105
34,3105
1,3106
13,3106
2,3108
1,3109
1,3111
28,3112
2,3113
41,3113
51,3115
2,3116
41,3116
32,3121
27,3123
53,3123
8,3124
32,3124
33,3126
7,3127
31,3127
35,3127
38,3127
22,3129
55,3129
48,3130
47,3132
19,3134
60,3135
28,3136
7,3139
31,3140
48,3140
7,3141
35,3141
36,3142
48,3147
49,3149
49,3150
55,3151
59,3154
49,3155
60,3157
3,3157
4,3158
7,3158
5,3159
4,3160
5,3161
12,3161
55,3161
3,3162
47,3164
1,3165
28,3167
35,3167
2,3169
1,3170
2,3172
1,3173
49,3174
8,3175
2,3176
25,3179
15,3181
3,3182
23,3182
46,3182
25,3183
58,3184
15,3185
37,3185
38,3185
29,3190
50,3190
39,3196
45,3196
21,3197
12,3198
30,3198
37,3198
41,3200
6,3202
25,3203
51,3205
1,3207
48,3207
1,3209
24,3209
2,3213
26,3213
58,3213
1,3214
25,3214
60,3216
48,3217
2,3218
2,3219
32,3219
26,3220
7,3221
12,3228
41,3228
22,3232
42,3233
15,3237
53,3238
10,3241
17,3241
36,3245
38,3245
40,3247
54,3248
55,3249
14,3251
1,3252
43,3252
1,3253
35,3253
48,3253
2,3254
1,3258
11,3258
56,3258
2,3259
45,3259
2,3260
26,3265
41,3265
33,3266
51,3267
3,3268
4,3269
47,3271
4,3272
1,3273
5,3273
2,3274
3,3274
5,3275
1,3276
3,3276
1,3277
5,3277
57,3277
4,3278
2,3280
3,3280
27,3281
2,3282
4,3282
41,3284
5,3286
9,3289
16,3289
3,3292
5,3293
5,3294
1,3295
4,3295
3,3296
57,3297
1,3298
4,3299
12,3303
18,3303
2,3305
19,3305
1,3306
58,3306
2,3307
2,3309
45,3309
25,3311
1,3315
36,3317
7,3318
23,3318
47,3318
1,3319
29,3319
2,3320
32,3320
30,3321
32,3321
50,3321
2,3322
42,3324
1,3325
2,3326
16,3326
36,3326
37,3326
27,3327
47,3329
35,3331
48,3331
15,3332
55,3332
18,3333
46,3333
50,3334
41,3336
30,3337
5,3342
15,3344
28,3346
43,3346
57,3346
19,3347
42,3347
21,3349
26,3349
31,3349
20,3352
53,3353
35,3359
36,3359
53,3359
57,3360
15,3361
43,3363
13,3366
18,3366
40,3369
16,3372
55,3374
59,3374
59,3375
19,3376
32,3377
18,3378
46,3379
29,3381
33,3381
9,3382
42,3383
56,3388
55,3389
43,3390
44,3390
14,3393
20,3394
30,3395
37,3395
37,3396
54,3396
34,3397
57,3397
41,3398
44,3398
27,3399
38,3400
28,3405
56,3405
30,3408
48,3409
39,3410
1,3412
1,3413
24,3413
40,3413
47,3413
52,3415
13,3417
2,3421
1,3422
2,3423
40,3423
56,3423
2,3424
1,3425
16,3425
51,3425
37,3426
42,3426
2,3427
38,3427
1,3428
1,3431
2,3432
41,3432
19,3434
41,3434
2,3437
13,3437
45,3438
59,3438
25,3439
60,3440
27,3441
28,3441
16,3444
35,3445
20,3446
22,3446
11,3447
38,3447
56,3450
4,3451
1,3452
20,3453
1,3454
3,3454
41,3454
5,3455
17,3455
39,3455
50,3455
2,3456
2,3457
4,3458
43,3458
4,3459
36,3459
13,3460
26,3462
5,3463
1,3464
3,3464
14,3464
2,3465
25,3465
34,3465
46,3465
48,3467
52,3467
8,3469
44,3470
27,3473
55,3474
16,3477
27,3477
11,3478
38,3480
3,3482
5,3483
4,3486
40,3486
4,3487
24,3489
5,3490
3,3491
60,3494
19,3494
38,3494
56,3494
16,3497
38,3497
52,3497
58,3499
19,3500
27,3501
44,3501
35,3502
38,3503
3,3504
5,3505
9,3506
17,3507
18,3508
40,3508
53,3511
5,3512
58,3512
38,3513
4,3515
1,3516
3,3516
4,3517
22,3518
1,3521
2,3522
25,3523
2,3524
28,3524
1,3525
16,3525
43,3525
50,3526
2,3529
3,3533
60,3534
35,3534
55,3534
4,3535
20,3535
3,3537
5,3538
47,3539
5,3540
4,3541
30,3541
54,3542
51,3543
52,3543
56,3545
1,3546
7,3549
1,3550
2,3552
5,3553
2,3554
31,3554
1,3555
39,3556
2,3557
1,3559
31,3562
2,3563
42,3564
27,3568
59,3570
16,3571
22,3573
16,3575
43,3575
35,3576
31,3577
57,3579
46,3581
48,3582
29,3584
7,3585
20,3586
41,3586
29,3589
43,3589
55,3589
5,3591
11,3591
17,3592
37,3592
42,3594
1,3598
29,3599
33,3599
3,3601
4,3602
3,3603
5,3604
22,3604
5,3605
4,3607
18,3607
28,3612
53,3612
22,3615
26,3616
35,3618
3,3619
1,3620
5,3620
28,3621
1,3622
50,3623
2,3624
2,3625
4,3625
14,3625
1,3626
5,3626
2,3627
4,3627
16,3628
42,3628
55,3628
3,3629
49,3630
53,3630
23,3631
57,3632
1,3633
1,3634
2,3635
9,3635
13,3635
2,3637
1,3638
31,3638
2,3641
20,3641
12,3643
57,3645
59,3645
49,3649
7,3650
54,3651
3,3654
4,3655
12,3656
27,3656
36,3657
30,3659
1,3660
29,3660
5,3661
2,3662
15,3662
27,3662
4,3663
1,3665
5,3665
3,3666
43,3666
1,3668
17,3668
44,3669
2,3673
34,3674
2,3675
20,3675
15,3678
31,3678
46,3679
14,3680
13,3681
12,3682
6,3683
28,3684
37,3686
40,3686
34,3687
1,3688
7,3688
3,3689
21,3690
2,3691
5,3692
34,3692
1,3693
50,3693
1,3694
10,3694
19,3694
56,3694
4,3696
4,3697
38,3697
58,3697
3,3698
2,3699
5,3701
28,3701
36,3701
21,3702
2,3703
54,3704
7,3705
34,3708
14,3709
39,3710
42,3712
49,3715
10,3718
48,3718
17,3720
33,3722
20,3723
35,3725
44,3729
14,3731
17,3731
43,3731
19,3732
36,3733
58,3733
37,3734
57,3736
47,3739
49,3740
1,3741
2,3742
52,3742
1,3743
2,3745
1,3746
2,3747
38,3747
37,3749
25,3750
53,3750
1,3751
1,3752
20,3753
45,3753
2,3754
35,3756
2,3757
22,3757
15,3758
1,3759
19,3760
20,3761
2,3763
39,3764
58,3766
8,3767
26,3767
58,3767
60,3768
11,3773
45,3773
51,3773
35,3777
19,3778
8,3779
45,3780
39,3784
60,3793
10,3793
24,3793
51,3793
9,3794
19,3797
1,3799
28,3799
54,3800
2,3801
26,3801
43,3801
1,3802
20,3802
40,3802
2,3803
24,3803
17,3805
34,3805
24,3807
36,3808
46,3808
58,3808
1,3809
2,3810
10,3811
6,3813
10,3813
45,3816
16,3819
40,3819
14,3820
25,3820
28,3820
12,3822
17,3822
21,3823
40,3823
56,3823
11,3826
14,3826
1,3827
13,3827
26,3827
2,3828
33,3828
1,3830
15,3832
20,3832
43,3832
1,3833
13,3833
36,3833
55,3834
2,3835
32,3835
10,3836
54,3836
2,3837
3,3838
4,3840
29,3840
3,3841
6,3841
5,3842
47,3842
5,3844
4,3845
3,3847
1,3848
4,3849
2,3852
18,3852
1,3853
5,3853
1,3854
2,3855
2,3856
4,3856
5,3857
50,3857
37,3859
3,3860
50,3861
1,3864
2,3867
1,3868
54,3869
1,3870
11,3870
44,3870
2,3872
30,3873
6,3874
2,3878
3,3880
5,3882
4,3883
40,3885
19,3886
5,3887
4,3889
27,3891
3,3892
56,3894
10,3896
58,3897
28,3900
28,3901
14,3902
17,3902
1,3903
1,3904
34,3909
2,3911
1,3912
6,3912
51,3913
56,3913
2,3915
2,3916
16,3916
54,3916
6,3918
7,3921
1,3927
36,3929
2,3930
8,3931
14,3931
1,3932
52,3934
2,3935
12,3936
22,3936
40,3936
1,3937
2,3939
11,3939
15,3941
33,3941
50,3941
33,3942
2,3943
7,3943
56,3943
57,3943
43,3945
49,3947
23,3949
36,3953
24,3954
36,3955
56,3955
45,3956
53,3957
37,3959
1,3960
38,3961
2,3963
1,3964
2,3965
1,3966
7,3967
30,3967
3,3968
15,3970
4,3971
38,3971
5,3976
2,3977
3,3977
4,3978
57,3978
1,3979
5,3979
34,3979
1,3980
45,3980
56,3980
2,3981
31,3981
7,3982
2,3983
1,3984
8,3984
2,3985
7,3986
29,3988
37,3990
37,3994
38,3995
13,3997
59,3997
39,4002
46,4002
51,4003
35,4006
1,4008
2,4010
57,4010
1,4012
31,4012
40,4013
43,4013
2,4015
22,4016
43,4017
1,4020
27,4020
2,4021
44,4023
23,4025
42,4026
23,4032
31,4033
42,4037
14,4040
1,4043
42,4043
2,4044
1,4047
1,4050
19,4050
2,4053
3,4053
2,4054
4,4055
21,4056
27,4056
5,4057
22,4059
48,4059
4,4066
11,4069
5,4072
25,4072
55,4072
3,4073
47,4073
24,4074
55,4074
60,4081
49,4081
4,4083
44,4086
57,4092
56,4093
1,4094
1,4095
20,4095
2,4096
33,4096
1,4097
2,4098
2,4099
36,4099
33,4100
44,4102
41,4103
43,4103
60,4105
38,4107
37,4109
40,4110
53,4118
3,4119
4,4120
5,4121
16,4121
1,4122
16,4122
1,4123
3,4123
2,4124
27,4124
2,4125
5,4125
4,4126
21,4126
1,4127
54,4127
32,4128
38,4130
17,4131
22,4131
2,4132
27,4134
17,4135
39,4138
6,4140
37,4141
1,4143
13,4143
59,4143
12,4144
57,4144
7,4145
6,4146
3,4147
4,4148
21,4148
5,4149
37,4150
3,4151
4,4152
20,4152
5,4153
14,4153
26,4157
14,4159
50,4160
26,4163
33,4165
54,4166
39,4167
46,4167
7,4168
25,4171
54,4171
22,4173
28,4173
28,4174
48,4174
1,4175
32,4175
40,4177
7,4178
35,4178
56,4178
8,4180
39,4180
12,4182
30,4182
1,4183
3,4183
4,4184
4,4185
2,4186
5,4186
2,4187
5,4188
3,4189
6,4189
40,4189
50,4189
1,4190
16,4191
2,4192
1,4194
39,4194
2,4195
1,4196
3,4196
1,4197
5,4197
4,4198
44,4198
2,4199
4,4200
2,4201
45,4201
38,4202
5,4203
3,4204
3,4208
5,4209
4,4212
1,4213
2,4215
1,4216
5,4216
2,4217
3,4217
1,4218
4,4219
58,4219
2,4220
1,4221
6,4221
60,4222
23,4222
1,4223
43,4223
2,4226
1,4227
18,4228
2,4231
14,4231
7,4235
39,4235
2,4236
3,4236
20,4236
1,4237
2,4238
5,4238
1,4239
5,4239
4,4242
25,4242
36,4242
2,4243
3,4243
31,4244
22,4245
1,4246
4,4246
23,4246
57,4246
2,4248
21,4249
18,4250
42,4250
36,4254
39,4255
49,4255
55,4257
59,4257
27,4258
39,4258
16,4261
39,4261
59,4261
23,4263
19,4264
24,4264
23,4265
30,4268
29,4269
51,4271
22,4272
8,4274
39,4277
1,4278
1,4280
6,4280
3,4281
30,4281
35,4281
60,4283
40,4284
5,4285
18,4285
2,4286
1,4287
1,4288
4,4288
5,4289
46,4289
2,4290
6,4290
2,4291
3,4292
4,4294
48,4301
22,4304
1,4305
1,4306
2,4308
2,4309
60,4310
1,4310
2,4311
7,4312
42,4312
49,4313
36,4314
52,4315
48,4316
52,4317
3,4318
48,4319
5,4321
13,4321
4,4322
3,4323
40,4323
45,4323
5,4326
39,4327
49,4327
4,4330
13,4332
12,4334
35,4334
42,4334
25,4341
51,4342
54,4342
46,4343
7,4345
26,4345
3,4349
48,4349
5,4351
28,4351
42,4351
4,4352
14,4353
23,4353
38,4353
4,4354
5,4355
31,4358
3,4359
31,4359
3,4362
38,4362
5,4364
4,4365
38,4366
1,4367
5,4367
59,4367
60,4368
10,4368
4,4369
1,4370
3,4370
40,4370
50,4370
6,4371
33,4371
42,4372
3,4373
2,4374
5,4374
46,4374
2,4375
56,4375
4,4376
32,4376
1,4377
29,4378
5,4379
29,4380
42,4380
4,4381
39,4381
2,4383
3,4386
16,4386
17,4386
25,4387
36,4388
41,4388
25,4389
3,4391
9,4391
5,4392
11,4392
4,4393
3,4394
4,4396
1,4397
33,4397
49,4397
14,4398
1,4399
1,4400
2,4401
47,4402
5,4403
20,4403
2,4404
1,4405
2,4406
22,4407
54,4407
23,4410
38,4412
27,4414
47,4416
58,4418
52,4419
22,4420
6,4421
3,4423
4,4424
35,4425
3,4427
5,4429
38,4430
37,4432
4,4433
5,4434
56,4436
17,4439
6,4440
41,4440
7,4441
49,4441
43,4442
16,4445
45,4446
8,4448
50,4449
1,4450
8,4450
1,4452
2,4453
29,4453
1,4454
58,4454
2,4455
2,4456
24,4457
52,4457
47,4458
1,4460
35,4460
20,4461
2,4462
28,4462
30,4463
1,4464
20,4465
2,4466
46,4466
55,4466
11,4467
48,4468
59,4468
38,4469
1,4471
2,4473
18,4475
35,4477
38,4481
42,4481
30,4483
60,4485
30,4485
15,4486
6,4487
50,4491
46,4493
13,4494
9,4497
22,4497
3,4499
4,4500
48,4500
5,4502
4,4503
3,4505
34,4505
5,4507
33,4508
24,4513
57,4514
20,4519
16,4521
26,4523
3,4524
4,4525
58,4525
42,4526
4,4527
5,4528
3,4529
22,4529
5,4530
23,4531
1,4532
12,4532
60,4534
2,4534
48,4534
1,4536
2,4538
1,4539
2,4540
34,4540
46,4541
3,4542
4,4543
46,4543
5,4544
7,4544
24,4545
3,4546
27,4546
5,4547
48,4547
4,4548
44,4548
60,4550
22,4551
29,4552
34,4556
43,4556
51,4559
34,4561
58,4561
25,4564
35,4567
10,4569
34,4571
45,4573
3,4574
4,4576
25,4576
16,4577
22,4577
5,4578
4,4579
59,4579
1,4580
3,4580
13,4580
2,4581
5,4581
25,4581
1,4582
15,4582
44,4582
36,4583
1,4584
2,4585
26,4586
2,4589
1,4591
20,4591
1,4595
2,4597
2,4598
24,4599
53,4599
1,4601
2,4602
9,4603
49,4603
58,4605
29,4607
29,4609
18,4610
43,4610
18,4611
39,4611
49,4611
26,4613
13,4616
20,4619
33,4619
24,4622
51,4624
10,4626
26,4628
28,4628
1,4630
21,4630
36,4631
59,4631
2,4632
26,4632
1,4635
54,4635
2,4636
24,4636
38,4636
1,4637
59,4637
10,4638
2,4639
27,4639
31,4639
13,4641
36,4641
3,4643
41,4645
4,4646
5,4647
20,4647
60,4648
4,4649
38,4649
1,4651
5,4651
3,4652
11,4653
2,4654
1,4655
1,4656
32,4656
2,4658
58,4658
2,4661
11,4662
43,4662
48,4667
55,4667
10,4669
26,4673
34,4674
54,4675
34,4683
42,4683
60,4684
21,4684
24,4684
44,4686
3,4689
5,4690
4,4691
23,4691
4,4692
31,4692
56,4693
3,4694
5,4696
38,4703
14,4704
22,4706
21,4707
57,4710
9,4712
26,4713
1,4714
26,4714
2,4715
39,4715
21,4717
1,4718
2,4719
1,4722
48,4722
16,4723
2,4724
32,4724
51,4725
59,4726
25,4729
11,4730
42,4730
13,4731
46,4731
36,4732
1,4734
3,4737
9,4738
5,4739
4,4740
4,4741
2,4742
5,4742
29,4742
39,4742
1,4743
3,4743
50,4744
2,4745
3,4746
58,4746
43,4747
1,4748
2,4750
50,4751
17,4753
14,4754
3,4757
11,4757
5,4758
21,4759
29,4759
35,4760
41,4760
4,4762
12,4762
41,4762
5,4763
59,4764
3,4766
33,4770
37,4770
2,4771
42,4771
4,4772
32,4772
52,4772
7,4774
17,4774
31,4776
3,4781
5,4782
14,4782
4,4783
35,4783
4,4784
56,4786
3,4787
36,4787
54,4787
5,4789
7,4790
6,4791
28,4792
29,4794
43,4794
18,4800
19,4801
6,4803
12,4808
60,4809
26,4811
32,4811
31,4815
43,4815
28,4817
22,4818
45,4825
56,4828
32,4831
39,4831
3,4834
20,4835
4,4836
47,4836
4,4837
5,4838
48,4838
3,4839
21,4839
5,4840
21,4840
39,4842
25,4843
10,4844
30,4845
54,4845
21,4846
6,4848
28,4852
6,4854
21,4854
3,4855
4,4856
51,4856
5,4859
4,4860
5,4865
7,4865
6,4866
3,4867
58,4867
25,4868
10,4870
37,4871
54,4871
19,4873
1,4874
2,4875
44,4875
50,4875
26,4876
1,4877
2,4878
25,4878
1,4879
32,4880
2,4883
37,4883
18,4886
35,4886
17,4887
33,4887
56,4888
6,4890
56,4890
30,4891
9,4892
1,4894
52,4896
1,4898
2,4899
32,4900
36,4900
45,4900
2,4901
48,4902
1,4903
57,4905
2,4906
27,4914
57,4916
14,4919
20,4919
24,4920
31,4921
20,4922
56,4924
19,4925
43,4926
11,4927
3,4928
4,4930
52,4930
4,4931
5,4933
35,4933
40,4933
41,4933
59,4933
5,4934
8,4934
46,4934
3,4935
37,4936
20,4940
51,4940
60,4941
34,4942
14,4946
16,4949
21,4951
11,4952
24,4952
25,4953
36,4954
12,4955
52,4955
37,4957
17,4958
55,4958
17,4959
27,4959
20,4962
17,4964
32,4964
49,4964
39,4966
41,4967
54,4969
14,4970
16,4970
52,4971
37,4975
47,4977
49,4977
17,4978
60,4980
9,4980
60,4981
55,4981
40,4984
36,4987
45,4987
21,4992
10,4994
51,4994
39,4995
44,4995
29,4999
15,5000
29,5000
1,5002
10,5002
17,5003
1,5004
2,5005
3,5006
1,5007
2,5008
2,5009
12,5010
44,5011
28,5012
32,5013
7,5014
53,5019
24,5020
40,5020
1,5023
12,5023
7,5024
47,5024
2,5025
12,5025
1,5026
2,5027
1,5028
30,5028
2,5029
35,5029
54,5036
22,5037
35,5038
44,5038
42,5044
7,5046
19,5046
39,5047
5,5050
40,5055
10,5061
32,5061
27,5062
44,5062
21,5065
47,5067
16,5069
49,5069
46,5073
17,5077
41,5077
51,5078
48,5080
50,5080
29,5081
32,5081
54,5082
25,5083
35,5085
53,5090
18,5091
48,5091
40,5092
60,5094
40,5095
3,5099
22,5100
60,5102
4,5102
5,5104
5,5105
3,5106
6,5106
17,5107
38,5107
4,5108
17,5108
3,5109
6,5109
31,5111
4,5113
5,5114
5,5115
3,5116
4,5117
18,5123
32,5123
40,5124
5,5126
37,5126
39,5126
10,5128
60,5129
9,5131
15,5131
56,5132
58,5132
1,5133
1,5137
30,5137
56,5137
18,5139
2,5142
2,5143
1,5144
32,5144
2,5145
16,5146
26,5146
8,5148
3,5151
21,5151
46,5151
58,5151
55,5152
5,5153
4,5154
5,5154
4,5156
5,5157
55,5159
1,5161
2,5162
41,5162
60,5163
46,5163
1,5164
2,5165
3,5166
51,5166
1,5167
4,5167
2,5172
47,5172
10,5181
11,5182
30,5182
22,5183
60,5186
39,5186
50,5186
15,5191
33,5192
17,5193
3,5194
17,5194
23,5194
58,5194
4,5195
3,5196
45,5198
45,5200
5,5201
4,5204
34,5204
5,5205
39,5205
56,5205
22,5213
54,5214
40,5215
59,5215
31,5217
32,5217
20,5218
29,5220
38,5220
1,5222
45,5222
1,5224
2,5225
51,5226
49,5227
1,5228
2,5230
27,5230
31,5230
52,5231
2,5233
36,5240
1,5243
1,5244
2,5245
29,5246
36,5246
2,5247
55,5247
28,5248
39,5248
1,5249
2,5250
5,5255
56,5255
26,5256
43,5257
29,5259
42,5260
14,5261
53,5261
34,5262
46,5262
14,5263
24,5265
3,5266
8,5267
25,5268
55,5269
59,5269
4,5272
3,5273
5,5274
49,5274
33,5275
5,5276
56,5276
1,5278
1,5281
4,5281
43,5281
56,5281
2,5282
2,5283
1,5284
2,5286
43,5286
26,5288
25,5290
11,5292
42,5293
50,5294
53,5294
18,5295
58,5295
15,5296
49,5296
52,5298
60,5300
25,5300
22,5302
48,5303
7,5304
15,5308
11,5309
17,5310
47,5310
3,5312
5,5313
4,5314
54,5315
3,5316
4,5317
34,5317
5,5318
45,5318
43,5321
25,5323
49,5323
48,5324
24,5325
43,5325
38,5326
55,5327
32,5328
18,5329
21,5330
6,5332
11,5333
29,5333
36,5333
48,5333
1,5334
1,5335
3,5335
2,5338
52,5338
4,5339
1,5340
10,5340
57,5340
2,5341
2,5342
5,5342
14,5345
33,5345
4,5347
52,5348
3,5349
12,5350
27,5350
5,5351
30,5352
15,5355
49,5356
42,5358
32,5359
9,5360
49,5363
1,5364
2,5365
1,5366
19,5366
49,5367
34,5369
52,5369
6,5370
2,5372
10,5372
1,5373
20,5373
13,5374
2,5376
3,5376
51,5376
5,5377
50,5378
10,5379
4,5380
30,5380
5,5381
12,5381
60,5382
3,5382
4,5383
3,5384
5,5385
4,5386
53,5386
12,5387
5,5388
31,5388
48,5388
46,5389
3,5390
29,5390
4,5392
33,5392
47,5395
53,5400
31,5404
28,5405
31,5410
33,5412
23,5414
38,5414
45,5414
29,5415
3,5416
44,5416
13,5417
9,5418
5,5420
5,5421
4,5422
4,5423
3,5424
12,5425
28,5425
11,5426
28,5426
29,5430
55,5430
60,5434
21,5435
53,5436
52,5437
27,5438
30,5438
40,5439
10,5440
34,5440
36,5440
48,5442
1,5443
28,5443
1,5445
3,5445
5,5446
2,5447
5,5447
23,5447
4,5448
56,5448
3,5449
27,5449
52,5449
2,5450
4,5450
25,5450
10,5451
21,5451
51,5451
53,5451
1,5452
17,5452
21,5452
2,5453
46,5453
42,5455
39,5456
32,5458
37,5458
44,5469
50,5472
44,5474
27,5475
27,5476
30,5477
36,5477
18,5479
60,5481
37,5481
51,5483
45,5485
58,5486
48,5488
45,5490
51,5491
53,5493
3,5495
27,5496
10,5498
59,5498
35,5499
36,5499
56,5506
13,5507
12,5508
55,5509
35,5510
29,5511
19,5514
11,5515
34,5515
40,5516
28,5520
13,5523
32,5523
20,5524
1,5526
2,5527
21,5527
48,5529
1,5530
20,5530
36,5530
2,5532
1,5533
2,5534
33,5535
22,5538
29,5538
13,5544
11,5546
19,5549
3,5550
20,5551
4,5554
7,5555
60,5556
6,5556
4,5557
5,5558
3,5560
15,5561
48,5561
59,5562
1,5563
24,5563
27,5563
5,5564
2,5565
1,5566
45,5566
2,5569
26,5570
1,5571
9,5571
20,5571
2,5572
47,5575
42,5576
3,5580
4,5581
5,5582
17,5583
1,5584
44,5584
2,5585
13,5586
60,5587
1,5587
3,5588
15,5588
34,5588
8,5589
5,5590
4,5593
14,5593
6,5594
2,5595
1,5597
7,5597
2,5598
11,5598
54,5598
30,5600
22,5602
57,5602
1,5604
3,5605
1,5606
5,5606
31,5606
55,5606
16,5607
2,5608
4,5608
33,5608
1,5609
3,5609
55,5609
33,5610
2,5611
5,5611
2,5612
4,5612
30,5612
31,5616
18,5622
40,5626
58,5626
17,5627
25,5628
18,5629
13,5633
29,5636
41,5638
50,5640
42,5641
10,5643
14,5644
15,5646
16,5648
36,5651
14,5652
22,5653
43,5653
17,5654
14,5656
44,5658
44,5659
14,5660
30,5664
3,5667
7,5667
4,5669
47,5669
5,5670
21,5670
3,5671
17,5672
18,5672
25,5672
26,5672
55,5672
4,5676
5,5678
28,5679
60,5680
34,5683
38,5683
20,5685
31,5686
13,5687
24,5687
32,5687
55,5687
1,5688
17,5689
2,5692
25,5692
42,5695
1,5696
2,5700
1,5701
2,5702
12,5706
7,5707
18,5708
59,5708
4,5710
34,5710
27,5711
29,5712
38,5713
11,5715
43,5716
20,5717
35,5718
60,5720
45,5721
21,5724
29,5724
22,5728
33,5739
48,5740
12,5741
34,5743
19,5744
40,5745
45,5745
6,5747
45,5748
23,5750
18,5753
49,5753
59,5754
42,5756
22,5757
58,5758
8,5760
49,5762
54,5764
6,5768
22,5770
38,5770
42,5770
1,5771
45,5771
54,5771
1,5772
2,5774
24,5774
43,5774
59,5774
2,5776
47,5776
10,5777
44,5777
1,5780
2,5781
8,5781
47,5782
59,5783
3,5786
4,5787
11,5787
23,5787
46,5787
3,5788
4,5789
30,5789
34,5790
1,5791
25,5791
2,5793
17,5793
5,5794
19,5794
53,5794
5,5795
1,5796
24,5796
39,5798
37,5799
51,5799
49,5800
2,5801
1,5802
2,5807
56,5807
18,5808
36,5808
3,5809
20,5809
4,5811
34,5812
55,5813
3,5815
4,5816
12,5817
5,5818
34,5818
5,5820
10,5822
51,5824
57,5824
50,5828
18,5831
16,5836
5,5840
59,5840
49,5841
37,5845
60,5846
36,5848
30,5852
33,5852
25,5855
3,5860
5,5862
5,5863
4,5865
56,5866
4,5867
3,5868
53,5868
16,5869
41,5870
57,5870
44,5875
48,5876
18,5877
3,5878
18,5878
4,5879
5,5880
4,5881
48,5882
5,5884
45,5884
3,5885
1,5890
52,5890
1,5891
43,5891
2,5892
1,5893
2,5894
32,5896
24,5897
2,5899
31,5899
42,5902
23,5903
12,5905
9,5907
41,5909
7,5910
32,5913
23,5915
59,5916
17,5918
38,5921
1,5922
2,5923
54,5923
36,5925
1,5926
3,5927
4,5928
5,5930
43,5930
2,5931
3,5931
1,5934
29,5934
5,5935
4,5936
2,5938
11,5938
29,5939
58,5942
14,5943
42,5943
57,5945
24,5946
2,5947
21,5949
10,5950
5,5958
3,5960
53,5960
4,5961
40,5961
56,5962
52,5963
4,5964
5,5966
3,5967
5,5970
1,5971
9,5971
2,5972
26,5972
1,5973
52,5973
1,5974
6,5976
2,5978
9,5978
13,5979
2,5981
58,5981
59,5981
35,5982
18,5985
53,5988
10,5989
22,5990
23,5991
26,5992
47,5992
55,5994
39,5996
43,5997
8,6002
7,6006
17,6008
44,6009
56,6010
13,6019
28,6019
3,6020
4,6021
19,6022
28,6022
48,6022
4,6024
5,6026
16,6026
46,6026
26,6027
6,6029
5,6032
3,6035
21,6036
50,6036
41,6037
45,6040
33,6041
37,6041
50,6044
21,6045
1,6046
6,6046
58,6046
2,6047
1,6049
40,6051
2,6053
1,6054
2,6055
37,6055
8,6056
47,6056
26,6058
20,6062
51,6065
10,6073
16,6074
41,6076
17,6077
26,6080
24,6081
34,6082
58,6082
15,6083
1,6085
53,6085
2,6087
1,6089
2,6091
20,6091
40,6093
44,6093
1,6095
49,6095
2,6096
1,6097
3,6097
15,6097
1,6099
21,6100
2,6101
4,6101
2,6102
5,6102
1,6103
5,6104
2,6105
3,6105
4,6107
9,6108
22,6109
11,6110
1,6111
30,6111
46,6111
18,6112
23,6112
2,6115
1,6117
16,6117
2,6121
24,6121
1,6122
2,6123
42,6123
47,6123
3,6125
6,6125
5,6126
36,6126
41,6126
4,6127
4,6128
45,6128
50,6128
5,6131
23,6131
18,6132
36,6132
3,6133
44,6133
37,6134
49,6134
17,6135
49,6135
40,6136
10,6137
29,6137
58,6137
22,6145
11,6146
14,6146
8,6147
1,6148
10,6150
6,6152
38,6153
49,6157
21,6158
60,6159
57,6160
13,6161
28,6161
45,6164
46,6164
40,6168
1,6173
3,6173
2,6175
47,6175
1,6177
1,6178
4,6178
21,6178
39,6178
2,6179
32,6179
36,6180
3,6181
7,6181
5,6182
44,6182
2,6183
4,6184
26,6184
39,6185
49,6185
53,6185
11,6186
56,6186
12,6187
19,6187
39,6187
1,6188
2,6189
5,6189
25,6189
1,6190
30,6190
47,6190
16,6191
2,6192
1,6193
60,6194
2,6194
24,6194
40,6194
23,6196
38,6196
24,6197
55,6197
60,6200
38,6201
1,6202
22,6202
1,6206
2,6208
1,6210
56,6210
5,6212
52,6212
2,6213
2,6214
41,6216
60,6217
29,6217
34,6217
22,6221
33,6224
14,6225
46,6228
53,6232
28,6233
57,6234
28,6235
31,6236
54,6236
19,6237
21,6239
31,6240
1,6241
1,6242
8,6242
2,6243
53,6243
2,6244
24,6246
1,6247
17,6247
2,6250
3,6251
10,6252
57,6252
5,6253
13,6253
27,6253
4,6254
20,6254
4,6255
11,6255
6,6256
59,6256
3,6257
8,6257
22,6257
37,6258
28,6259
5,6260
57,6261
29,6263
9,6266
60,6267
24,6269
38,6269
3,6270
18,6270
43,6271
33,6272
60,6276
4,6280
10,6280
20,6280
14,6283
15,6285
34,6285
36,6287
28,6288
42,6288
14,6289
1,6290
3,6290
5,6291
34,6291
2,6293
4,6293
7,6293
23,6294
1,6295
5,6295
58,6295
1,6296
21,6296
2,6298
2,6299
35,6299
58,6300
7,6302
11,6303
15,6305
54,6307
48,6310
13,6311
57,6312
52,6314
1,6319
2,6322
27,6322
1,6323
1,6324
3,6326
2,6329
12,6329
17,6329
2,6334
1,6337
14,6337
1,6340
28,6341
2,6342
58,6343
1,6344
2,6345
2,6346
55,6346
19,6349
20,6353
38,6353
14,6356
41,6358
42,6359
54,6359
56,6361
2,6362
3,6362
54,6362
4,6363
42,6364
43,6365
17,6366
5,6367
51,6367
5,6368
3,6369
4,6370
50,6370
30,6372
41,6372
22,6375
37,6376
44,6376
19,6377
33,6377
12,6381
37,6383
25,6384
7,6391
10,6391
40,6391
45,6394
13,6395
38,6402
46,6403
9,6404
32,6405
7,6406
39,6409
10,6411
24,6411
43,6412
31,6414
25,6417
3,6418
42,6418
43,6418
59,6419
5,6421
3,6422
50,6422
4,6423
8,6423
51,6423
20,6425
7,6427
33,6428
1,6431
6,6431
14,6431
7,6432
10,6432
2,6434
13,6434
52,6434
3,6435
10,6436
21,6436
1,6437
5,6438
2,6439
4,6439
1,6440
57,6441
2,6442
31,6442
60,6443
42,6443
38,6446
29,6449
52,6449
26,6451
49,6455
28,6457
57,6458
50,6459
35,6467
28,6468
56,6469
26,6472
28,6472
45,6473
34,6474
3,6475
27,6476
14,6477
12,6478
17,6478
60,6479
49,6479
54,6479
37,6480
26,6482
42,6483
49,6484
53,6484
18,6490
34,6490
55,6491
21,6493
34,6495
35,6497
45,6501
47,6504
14,6506
17,6507
57,6507
25,6508
16,6510
28,6511
59,6512
22,6515
58,6515
23,6516
10,6519
11,6520
26,6523
1,6525
40,6525
1,6527
47,6527
50,6529
2,6531
2,6532
30,6533
1,6534
24,6534
39,6534
2,6535
32,6537
41,6538
27,6539
24,6540
43,6540
20,6542
51,6542
53,6548
27,6550
24,6552
46,6553
24,6559
44,6560
9,6562
24,6562
17,6564
21,6564
15,6565
9,6569
48,6569
51,6571
31,6572
34,6572
50,6575
28,6579
46,6579
49,6582
49,6583
32,6584
41,6584
39,6590
10,6591
12,6591
60,6593
27,6596
17,6600
53,6602
57,6603
20,6605
46,6606
58,6608
33,6610
4,6612
47,6612
42,6613
7,6615
19,6615
6,6616
10,6616
50,6616
14,6619
12,6620
41,6620
43,6624
22,6625
47,6628
48,6630
54,6632
57,6636
35,6637
41,6638
60,6640
28,6640
1,6641
22,6641
2,6642
1,6643
3,6643
1,6644
4,6644
11,6644
2,6645
5,6647
33,6647
2,6648
5,6648
10,6648
3,6650
20,6650
4,6652
27,6654
23,6659
37,6662
41,6665
41,6666
13,6668
3,6674
47,6674
2,6676
5,6676
30,6677
38,6677
4,6679
4,6680
3,6681
6,6681
5,6682
30,6682
9,6683
41,6685
45,6686
20,6695
34,6695
45,6696
3,6698
31,6698
4,6699
15,6699
4,6700
6,6700
5,6701
58,6701
5,6702
53,6702
54,6702
3,6703
19,6703
50,6703
23,6708
26,6708
1,6709
17,6709
15,6710
2,6711
1,6712
1,6713
2,6714
2,6715
50,6715
57,6724
35,6725
23,6726
36,6727
11,6728
32,6730
51,6735
55,6735
34,6737
48,6737
1,6738
38,6738
2,6739
14,6741
55,6742
1,6743
3,6743
4,6744
2,6745
5,6745
33,6745
1,6747
2,6749
6,6749
4,6750
3,6751
5,6752
39,6752
18,6753
30,6754
37,6754
3,6755
4,6756
7,6756
30,6756
33,6756
4,6757
52,6757
5,6758
8,6758
3,6759
37,6759
5,6763
51,6763
29,6767
22,6768
60,6771
16,6771
21,6772
55,6772
37,6774
60,6775
53,6777
3,6778
35,6780
4,6782
57,6782
7,6784
27,6784
5,6785
50,6787
5,6788
3,6789
29,6790
41,6791
17,6793
7,6794
37,6794
17,6795
24,6795
1,6796
4,6796
2,6797
42,6797
23,6800
36,6800
1,6801
30,6802
1,6803
29,6804
2,6805
50,6805
2,6808
42,6810
16,6811
28,6811
20,6820
40,6820
59,6820
7,6821
19,6823
58,6824
55,6826
39,6828
39,6833
53,6834
55,6835
3,6845
4,6846
3,6847
60,6848
28,6848
5,6849
4,6850
5,6851
3,6852
41,6853
7,6854
5,6855
31,6855
32,6855
49,6855
59,6855
27,6856
4,6857
26,6857
4,6859
5,6860
3,6861
30,6865
14,6867
31,6867
20,6868
1,6872
16,6872
2,6873
57,6873
1,6874
43,6875
1,6876
1,6877
27,6877
56,6879
2,6880
3,6880
55,6881
2,6882
5,6882
32,6882
59,6882
16,6883
4,6884
13,6884
3,6885
21,6885
27,6887
4,6888
12,6888
5,6889
34,6889
7,6894
3,6896
4,6898
18,6898
23,6901
45,6902
4,6903
5,6904
3,6905
26,6907
5,6909
8,6909
14,6910
57,6910
3,6912
53,6912
3,6913
4,6914
53,6914
4,6916
14,6916
5,6917
38,6918
5,6921
56,6922
17,6925
3,6926
19,6926
23,6928
3,6930
4,6931
21,6931
5,6932
5,6933
14,6935
3,6936
23,6936
25,6936
54,6936
56,6936
4,6938
44,6941
53,6942
44,6943
15,6945
3,6948
17,6950
26,6953
44,6954
5,6955
16,6955
5,6956
34,6956
41,6956
4,6957
40,6958
4,6961
3,6962
20,6965
48,6965
28,6968
56,6968
18,6969
23,6969
48,6969
51,6970
11,6971
21,6972
36,6972
37,6973
22,6974
60,6978
58,6980
3,6981
4,6982
19,6982
4,6983
5,6984
5,6985
3,6986
9,6986
30,6986
56,6986
43,6988
55,6988
24,6991
49,6991
55,6993
54,6994
56,6995
40,7000
19,7001
35,7003
54,7003
21,7004
39,7007
55,7007
18,7008
59,7008
16,7010
36,7010
14,7011
37,7011
46,7014
55,7015
60,7016
13,7020
31,7020
40,7021
51,7022
12,7026
32,7026
39,7030
36,7031
6,7035
28,7035
37,7036
24,7038
34,7038
12,7041
44,7041
32,7042
39,7043
56,7043
33,7047
40,7047
7,7049
56,7050
3,7051
12,7051
43,7051
32,7052
16,7053
25,7053
40,7054
15,7055
56,7056
14,7057
45,7060
56,7061
16,7063
17,7064
18,7064
32,7064
14,7069
16,7069
32,7069
40,7070
3,7071
24,7072
4,7073
30,7073
36,7073
3,7075
4,7076
25,7076
49,7078
19,7079
5,7080
5,7081
44,7083
23,7084
58,7087
36,7088
20,7089
28,7089
26,7091
1,7100
2,7101
1,7103
1,7104
55,7104
2,7105
11,7107
9,7108
3,7110
55,7110
2,7111
4,7111
1,7112
2,7113
1,7114
4,7114
8,7114
2,7115
21,7115
42,7115
5,7116
1,7117
5,7117
2,7120
52,7120
3,7123
3,7125
7,7125
4,7127
4,7128
20,7129
35,7130
5,7131
1,7132
14,7133
24,7133
26,7133
2,7134
5,7134
3,7135
40,7135
1,7136
52,7136
27,7138
1,7139
2,7141
36,7141
37,7141
45,7141
2,7142
7,7142
10,7142
25,7142
49,7142
57,7144
47,7146
9,7148
40,7148
36,7149
34,7150
36,7152
38,7152
59,7153
46,7156
1,7159
12,7159
15,7161
51,7162
1,7163
2,7164
30,7164
2,7165
1,7167
2,7168
30,7171
37,7175
59,7176
11,7179
22,7183
40,7187
21,7188
36,7188
41,7189
47,7189
52,7189
60,7190
33,7190
55,7190
17,7191
26,7191
1,7192
45,7192
3,7193
4,7195
43,7196
4,7197
58,7199
1,7200
3,7200
2,7201
5,7201
5,7202
43,7202
1,7204
60,7205
2,7206
58,7208
35,7209
2,7210
34,7210
32,7212
58,7214
39,7215
15,7218
37,7219
45,7224
9,7228
9,7229
20,7232
3,7233
5,7236
5,7237
20,7237
4,7238
49,7238
58,7238
3,7239
4,7240
9,7241
57,7241
28,7242
49,7245
43,7247
22,7251
10,7252
47,7255
2,7257
41,7259
22,7260
40,7261
33,7265
18,7267
15,7269
50,7269
24,7270
1,7274
2,7275
52,7276
1,7278
2,7279
1,7281
2,7282
33,7282
37,7284
40,7287
52,7287
9,7288
48,7288
47,7291
53,7297
10,7301
8,7302
47,7303
20,7309
8,7311
1,7313
2,7314
1,7315
2,7316
1,7317
2,7319
15,7319
53,7320
36,7321
42,7322
10,7323
15,7323
14,7326
20,7326
18,7330
29,7333
59,7334
38,7339
36,7341
46,7342
55,7342
22,7345
30,7347
23,7348
45,7349
32,7350
20,7351
39,7353
3,7354
26,7354
4,7355
44,7355
5,7356
9,7356
19,7356
55,7356
44,7359
3,7360
4,7361
5,7362
44,7362
49,7363
27,7365
1,7366
39,7366
2,7367
1,7368
1,7369
16,7369
2,7370
16,7371
33,7371
51,7372
2,7373
3,7373
4,7374
52,7374
48,7375
4,7377
37,7377
5,7379
3,7380
57,7380
5,7382
3,7384
5,7385
37,7385
4,7387
16,7387
4,7388
51,7388
5,7389
28,7389
44,7390
3,7391
49,7391
14,7392
58,7392
4,7395
3,7396
7,7396
46,7396
4,7397
46,7397
56,7397
4,7398
13,7398
59,7398
7,7399
20,7400
3,7401
5,7403
5,7404
55,7406
15,7407
38,7408
10,7409
20,7409
27,7411
10,7414
49,7414
10,7415
26,7415
28,7417
11,7420
22,7424
59,7426
19,7429
9,7431
41,7434
15,7435
19,7436
14,7440
52,7440
9,7441
7,7443
38,7448
27,7449
44,7451
44,7452
27,7454
36,7456
56,7462
3,7466
14,7467
25,7467
21,7468
21,7469
48,7471
5,7472
4,7473
14,7473
16,7473
27,7473
3,7475
52,7475
25,7476
35,7477
41,7479
4,7480
23,7480
5,7481
60,7483
18,7483
36,7483
26,7484
50,7484
10,7487
12,7487
26,7487
38,7487
28,7490
8,7492
29,7493
54,7493
1,7496
60,7497
2,7497
52,7498
1,7499
2,7501
3,7501
1,7502
5,7502
4,7503
2,7504
26,7505
12,7506
49,7506
36,7507
1,7508
3,7509
4,7511
58,7511
2,7512
5,7512
20,7512
39,7512
1,7514
1,7515
2,7516
19,7516
2,7518
53,7521
36,7525
56,7526
58,7530
12,7531
13,7532
32,7532
15,7535
32,7537
54,7537
6,7538
16,7539
21,7539
13,7541
39,7541
14,7543
28,7543
1,7547
1,7548
47,7548
2,7549
9,7550
2,7551
54,7551
1,7552
2,7554
23,7554
3,7557
4,7558
26,7558
4,7559
45,7559
5,7560
4,7561
22,7561
8,7563
12,7564
3,7565
5,7567
9,7567
15,7567
21,7567
33,7569
33,7570
18,7571
34,7572
1,7575
1,7576
2,7577
27,7577
2,7578
57,7578
60,7579
3,7579
1,7580
4,7580
2,7581
13,7581
23,7582
28,7582
4,7583
5,7584
5,7585
56,7585
3,7587
58,7589
35,7595
23,7597
1,7599
22,7601
1,7602
37,7602
41,7602
58,7602
2,7603
50,7603
1,7604
38,7605
45,7605
2,7606
2,7608
10,7611
30,7611
3,7612
12,7612
19,7612
4,7614
4,7615
33,7616
23,7617
3,7618
14,7619
43,7620
5,7621
10,7623
5,7624
7,7625
1,7628
27,7629
2,7630
1,7631
23,7631
50,7631
56,7633
1,7635
35,7636
2,7637
2,7638
42,7638
57,7639
9,7640
38,7642
9,7643
50,7646
3,7647
4,7648
1,7649
5,7649
2,7650
3,7651
38,7651
1,7653
38,7653
4,7654
1,7655
5,7655
10,7655
5,7656
2,7657
10,7657
52,7657
53,7658
2,7659
23,7663
38,7668
18,7671
56,7673
25,7675
11,7678
24,7678
28,7680
49,7681
1,7682
1,7684
37,7685
2,7686
2,7687
1,7688
44,7688
2,7689
34,7693
46,7698
58,7701
36,7702
44,7704
57,7705
15,7707
60,7710
55,7710
51,7712
6,7713
1,7714
22,7715
3,7716
2,7717
4,7717
31,7717
3,7718
1,7719
33,7719
39,7719
4,7720
1,7721
2,7722
10,7722
5,7723
54,7724
5,7726
2,7727
36,7728
22,7730
28,7730
24,7731
1,7734
1,7736
2,7737
25,7738
41,7738
1,7739
6,7739
57,7739
18,7740
2,7741
40,7741
46,7741
51,7741
2,7742
1,7743
1,7744
27,7744
21,7745
2,7746
1,7747
2,7748
2,7749
11,7749
53,7750
3,7752
20,7752
5,7754
13,7754
46,7754
54,7754
4,7756
3,7758
1,7759
59,7759
2,7760
5,7760
1,7761
4,7761
1,7762
2,7763
6,7766
2,7767
48,7768
47,7769
53,7776
44,7780
29,7784
57,7784
52,7785
38,7787
46,7790
10,7791
15,7792
26,7792
34,7792
13,7793
31,7793
50,7795
56,7795
32,7796
37,7796
43,7796
9,7798
12,7799
15,7799
28,7799
3,7800
5,7801
10,7801
52,7802
44,7803
56,7803
1,7804
4,7805
1,7806
4,7806
30,7806
8,7807
8,7808
57,7808
2,7809
3,7809
54,7809
1,7810
5,7810
43,7810
2,7811
38,7811
53,7811
2,7812
15,7813
17,7813
28,7815
9,7820
57,7820
53,7821
10,7823
48,7824
12,7827
42,7827
21,7832
8,7838
3,7839
4,7840
27,7840
5,7842
4,7843
59,7844
3,7845
5,7846
30,7846
59,7847
50,7850
57,7850
5,7856
29,7856
1,7857
15,7857
27,7857
3,7858
5,7859
45,7859
1,7861
2,7863
4,7863
24,7863
36,7863
57,7863
13,7865
49,7865
2,7866
3,7866
1,7867
5,7867
2,7868
22,7869
4,7870
1,7873
20,7873
2,7874
1,7875
27,7875
2,7876
1,7877
2,7879
10,7879
3,7880
5,7881
4,7884
13,7884
15,7886
17,7888
5,7889
43,7889
33,7890
25,7891
54,7891
4,7892
22,7892
32,7892
59,7892
3,7894
40,7894
31,7895
42,7898
14,7900
1,7901
32,7901
39,7901
1,7903
27,7903
43,7903
2,7905
2,7908
1,7910
8,7911
47,7911
2,7912
6,7913
40,7914
41,7914
58,7915
28,7916
5,7918
23,7919
60,7921
8,7922
21,7922
31,7923
20,7927
11,7930
15,7930
49,7930
53,7931
26,7932
29,7933
1,7934
26,7936
2,7937
56,7937
1,7938
21,7938
43,7940
2,7941
43,7943
1,7944
50,7946
59,7946
2,7947
41,7948
1,7954
1,7955
34,7956
48,7958
50,7958
18,7961
47,7961
2,7962
10,7962
2,7965
19,7968
1,7970
4,7970
16,7970
19,7971
2,7972
1,7973
3,7975
1,7977
23,7977
2,7978
54,7980
1,7981
10,7981
2,7984
51,7984
2,7985
57,7985
22,7986
59,7987
12,7988
17,7988
28,7994
10,7996
55,7998
10,8000
21,8001
35,8004
42,8005
47,8008
52,8009
47,8017
31,8019
32,8022
47,8022
57,8023
17,8025
29,8029
50,8029
51,8029
24,8031
18,8036
53,8039
19,8041
23,8041
22,8042
24,8042
30,8043
44,8047
54,8049
19,8050
33,8050
36,8052
10,8056
45,8057
28,8061
44,8064
32,8065
32,8069
27,8070
20,8072
34,8073
26,8075
40,8075
22,8077
58,8077
24,8079
23,8081
43,8082
49,8084
30,8085
59,8085
34,8086
23,8090
1,8092
2,8092
2,8093
1,8094
15,8094
1,8095
2,8096
2,8098
25,8100
32,8101
42,8101
54,8101
19,8102
22,8102
6,8103
31,8104
38,8105
36,8108
37,8108
45,8108
57,8111
3,8114
15,8114
40,8114
44,8114
4,8116
24,8116
40,8117
34,8118
32,8119
44,8119
5,8121
4,8122
11,8122
23,8123
51,8123
34,8125
3,8127
12,8128
25,8129
26,8129
29,8129
32,8129
25,8130
5,8131
16,8131
28,8134
57,8134
59,8134
47,8140
39,8145
33,8147
52,8147
35,8149
10,8152
22,8152
57,8152
22,8154
29,8154
36,8155
7,8160
55,8161
19,8162
43,8162
3,8164
50,8164
55,8164
5,8165
7,8165
58,8165
4,8166
4,8167
51,8171
37,8172
5,8173
3,8174
23,8174
24,8176
55,8177
18,8179
47,8184
48,8185
41,8191
31,8196
4,8197
37,8198
41,8198
20,8199
11,8200
29,8200
50,8201
3,8207
43,8207
35,8209
4,8210
10,8210
51,8210
3,8211
15,8213
36,8213
4,8214
15,8214
5,8215
12,8215
41,8216
5,8218
35,8218
14,8221
3,8222
4,8223
56,8223
4,8226
51,8226
34,8227
5,8228
3,8229
5,8230
42,8232
34,8237
6,8239
49,8240
13,8241
12,8242
53,8242
25,8250
52,8251
32,8253
3,8256
4,8257
59,8257
37,8258
4,8259
5,8260
32,8260
52,8261
42,8262
5,8264
23,8264
4,8265
3,8266
11,8270
8,8273
11,8273
8,8274
11,8274
9,8275
28,8275
9,8277
19,8281
48,8284
39,8285
3,8286
4,8287
37,8287
52,8287
14,8288
5,8289
54,8289
9,8290
24,8290
51,8292
34,8294
56,8294
4,8296
9,8296
8,8297
23,8297
5,8300
45,8300
9,8301
6,8302
3,8303
54,8303
55,8303
18,8306
26,8306
1,8309
1,8311
55,8311
2,8313
1,8317
45,8317
27,8318
3,8319
4,8320
20,8320
2,8321
2,8323
18,8324
9,8325
3,8326
5,8327
4,8328
38,8328
5,8329
3,8331
4,8331
4,8332
20,8334
51,8334
32,8335
33,8335
54,8335
5,8337
3,8338
12,8338
5,8339
4,8340
16,8345
60,8347
49,8348
44,8353
44,8354
23,8355
50,8355
3,8356
4,8357
9,8360
7,8362
4,8363
3,8367
5,8369
58,8370
5,8372
47,8373
34,8379
8,8381
33,8381
43,8381
53,8391
13,8393
27,8393
33,8394
42,8394
46,8395
16,8396
52,8396
9,8398
20,8398
46,8398
15,8399
1,8400
2,8402
1,8404
40,8404
1,8407
2,8408
30,8408
39,8410
2,8413
59,8413
55,8424
28,8426
45,8426
52,8427
23,8428
27,8428
30,8428
31,8428
33,8428
35,8429
23,8430
36,8431
7,8432
19,8432
10,8435
22,8436
3,8437
4,8438
49,8441
33,8442
56,8442
60,8443
14,8443
5,8446
4,8447
17,8448
28,8448
43,8448
3,8449
37,8450
49,8451
5,8452
53,8452
35,8453
1,8455
1,8457
34,8458
2,8460
27,8460
2,8461
21,8461
23,8461
1,8462
2,8463
21,8464
53,8464
57,8464
9,8466
37,8470
40,8471
24,8472
43,8474
55,8477
1,8478
17,8478
28,8478
22,8479
35,8479
55,8481
1,8483
41,8483
2,8484
38,8484
2,8488
53,8488
1,8489
32,8489
12,8490
34,8490
7,8491
2,8492
1,8493
2,8496
1,8497
29,8498
12,8499
1,8500
50,8502
53,8503
31,8504
60,8505
2,8507
47,8508
40,8509
2,8510
58,8511
28,8512
10,8513
9,8515
31,8515
60,8517
21,8519
59,8521
59,8522
52,8524
1,8525
51,8525
2,8526
58,8526
1,8527
2,8528
1,8529
2,8530
1,8531
19,8531
31,8531
1,8533
51,8533
2,8534
9,8534
8,8535
1,8536
39,8536
2,8539
16,8539
2,8540
11,8540
14,8542
57,8542
8,8543
40,8543
1,8545
23,8545
2,8546
1,8547
25,8547
31,8547
2,8549
6,8549
53,8550
1,8551
2,8553
43,8553
3,8555
56,8556
4,8558
3,8559
5,8562
1,8565
5,8565
1,8566
4,8566
47,8566
2,8568
2,8569
37,8569
45,8571
26,8572
1,8573
2,8574
56,8577
39,8580
34,8581
42,8582
1,8587
54,8589
19,8590
13,8591
44,8594
6,8596
18,8602
4,8603
8,8607
8,8608
49,8608
14,8612
17,8612
44,8613
60,8617
33,8617
44,8617
6,8622
18,8622
1,8625
18,8625
19,8625
41,8625
2,8626
30,8626
35,8626
1,8628
9,8628
3,8629
1,8630
5,8630
2,8631
2,8632
5,8632
40,8636
51,8637
4,8638
4,8639
3,8640
12,8640
36,8640
31,8641
39,8642
23,8647
37,8647
7,8653
38,8653
42,8653
49,8656
33,8659
3,8665
51,8666
21,8667
9,8668
5,8670
25,8670
4,8671
4,8672
34,8672
5,8674
3,8675
37,8678
37,8680
7,8681
41,8683
12,8686
16,8687
1,8693
2,8694
1,8695
2,8696
1,8697
41,8699
8,8700
2,8701
58,8702
28,8706
43,8707
37,8708
42,8710
2,8714
55,8717
48,8718
13,8720
32,8720
6,8722
59,8722
37,8725
12,8726
46,8728
30,8729
22,8732
33,8732
38,8735
17,8736
3,8741
3,8742
5,8742
39,8743
22,8744
59,8744
26,8745
4,8746
17,8746
50,8746
59,8746
5,8747
59,8747
3,8748
4,8749
29,8753
32,8753
53,8753
48,8754
37,8755
22,8756
26,8756
58,8761
38,8762
41,8762
8,8764
35,8764
21,8771
26,8772
31,8772
17,8773
32,8773
53,8777
55,8777
14,8781
13,8783
39,8783
18,8787
20,8789
59,8789
50,8792
1,8794
2,8795
1,8796
51,8796
2,8797
5,8800
19,8800
1,8801
54,8801
2,8803
26,8803
29,8806
11,8807
41,8810
36,8811
48,8811
56,8811
17,8814
19,8815
56,8816
23,8819
58,8825
17,8830
37,8830
39,8833
3,8834
9,8834
5,8835
6,8835
5,8836
18,8836
4,8837
6,8837
48,8837
54,8837
54,8838
3,8839
4,8840
21,8840
25,8849
40,8849
30,8850
31,8852
43,8852
57,8852
41,8853
1,8856
1,8858
3,8858
36,8858
4,8859
5,8860
59,8860
2,8861
1,8862
2,8864
4,8864
2,8865
46,8865
18,8867
33,8867
3,8870
23,8870
52,8870
45,8871
5,8873
39,8874
8,8875
58,8876
45,8879
13,8880
43,8880
3,8882
55,8885
7,8888
11,8888
11,8891
3,8892
1,8893
4,8894
60,8896
5,8896
9,8897
26,8898
5,8899
1,8901
1,8902
2,8903
9,8903
3,8904
2,8905
4,8906
1,8909
43,8909
46,8912
36,8913
2,8914
15,8914
10,8918
48,8918
49,8919
21,8929
43,8929
30,8930
56,8930
12,8932
39,8932
21,8934
36,8934
28,8935
18,8936
6,8937
43,8944
13,8945
44,8947
1,8949
3,8949
11,8949
4,8950
1,8951
8,8951
49,8951
2,8952
5,8953
4,8954
5,8954
2,8957
1,8958
5,8958
2,8959
34,8960
3,8961
1,8963
3,8963
1,8964
4,8964
2,8965
5,8965
26,8965
2,8966
5,8966
30,8966
58,8966
1,8967
4,8967
2,8968
1,8969
24,8969
1,8970
2,8971
1,8972
2,8973
19,8974
26,8974
28,8974
2,8975
1,8976
46,8976
1,8977
30,8977
2,8978
3,8978
49,8978
1,8979
2,8981
37,8981
42,8982
2,8983
1,8987
1,8988
31,8988
48,8988
2,8989
1,8992
3,8993
2,8994
42,8994
2,8995
4,8995
51,8997
26,8998
20,9000
22,9000
40,9001
5,9003
33,9004
54,9005
5,9008
12,9009
40,9010
3,9011
46,9012
4,9013
58,9013
6,9014
57,9016
7,9017
15,9018
34,9018
50,9018
44,9020
37,9025
7,9027
11,9027
53,9031
31,9032
16,9034
13,9036
55,9036
38,9039
29,9041
46,9041
35,9042
42,9043
59,9043
34,9046
48,9048
3,9049
5,9050
4,9051
28,9051
29,9051
43,9051
4,9052
5,9054
3,9056
14,9062
60,9063
58,9065
16,9066
39,9066
3,9067
4,9068
22,9069
45,9069
37,9070
5,9071
5,9072
7,9072
4,9073
56,9073
3,9074
55,9074
23,9075
40,9075
30,9076
19,9077
45,9077
40,9080
48,9082
15,9083
6,9086
39,9088
41,9088
3,9090
5,9092
13,9092
51,9092
4,9093
4,9094
16,9094
40,9095
51,9095
5,9096
5,9098
29,9098
34,9099
52,9101
3,9103
30,9104
6,9105
22,9106
56,9107
8,9108
3,9109
5,9110
14,9110
13,9111
16,9111
28,9111
4,9112
46,9112
10,9115
3,9116
57,9116
4,9117
9,9117
5,9118
16,9118
32,9118
29,9119
26,9121
48,9121
51,9124
50,9125
34,9127
34,9129
29,9132
3,9133
39,9133
4,9136
31,9137
10,9139
23,9139
56,9139
4,9140
5,9142
24,9142
44,9144
3,9145
50,9145
54,9145
5,9148
50,9149
53,9151
49,9152
5,9154
42,9154
1,9155
1,9156
57,9157
35,9158
2,9159
7,9159
38,9160
1,9161
32,9161
2,9162
2,9163
33,9163
25,9165
10,9166
26,9168
29,9168
21,9169
26,9171
1,9172
16,9172
8,9175
1,9177
50,9178
2,9179
2,9181
3,9181
29,9181
4,9182
1,9183
23,9183
2,9184
5,9185
42,9185
5,9187
14,9187
3,9188
21,9188
40,9189
4,9190
3,9194
5,9195
52,9195
4,9196
55,9196
3,9197
14,9197
4,9198
5,9199
47,9200
16,9203
16,9205
37,9205
37,9206
6,9207
45,9211
28,9216
13,9217
23,9217
57,9218
50,9219
22,9223
35,9223
48,9224
59,9228
45,9232
55,9232
14,9234
46,9239
43,9241
15,9242
1,9243
1,9244
37,9244
2,9246
1,9247
2,9248
19,9248
21,9248
2,9249
10,9253
24,9255
1,9259
44,9259
59,9260
2,9261
28,9261
1,9262
3,9262
4,9263
4,9264
58,9264
1,9265
5,9265
2,9266
44,9266
3,9267
2,9268
23,9268
52,9268
14,9269
27,9270
1,9272
5,9272
1,9273
5,9273
2,9275
3,9275
11,9275
1,9276
54,9277
2,9278
23,9278
31,9278
2,9280
34,9281
4,9283
47,9285
59,9285
6,9292
28,9292
55,9292
53,9294
23,9295
17,9297
22,9298
60,9299
11,9301
42,9301
1,9302
13,9302
25,9302
31,9302
2,9304
6,9304
1,9305
25,9305
35,9305
48,9306
1,9307
2,9308
11,9308
60,9310
2,9310
3,9310
33,9311
51,9311
48,9313
52,9313
3,9314
6,9314
27,9314
10,9315
4,9316
60,9317
3,9318
13,9318
45,9318
41,9319
5,9320
5,9324
28,9324
53,9324
4,9326
35,9326
46,9326
11,9327
18,9329
33,9329
27,9331
47,9331
51,9332
26,9336
58,9337
28,9338
18,9345
48,9345
60,9347
47,9347
33,9355
53,9355
55,9355
37,9359
31,9360
32,9360
37,9361
11,9363
50,9363
31,9364
59,9364
8,9365
38,9366
47,9367
9,9368
43,9369
3,9372
15,9372
26,9372
4,9373
53,9373
3,9374
5,9375
35,9375
1,9376
2,9377
1,9378
43,9378
1,9379
5,9379
36,9379
56,9379
2,9380
2,9381
4,9381
23,9384
42,9385
50,9386
52,9388
8,9394
17,9395
40,9396
59,9396
11,9397
41,9397
1,9398
22,9398
58,9401
38,9403
3,9405
30,9407
59,9407
47,9408
54,9408
40,9409
48,9410
14,9411
11,9412
60,9415
36,9418
24,9422
13,9424
15,9424
3,9427
58,9427
5,9429
29,9429
4,9431
8,9431
4,9432
8,9432
34,9432
5,9436
3,9437
6,9439
27,9440
7,9443
57,9443
12,9444
49,9446
33,9447
13,9448
3,9449
26,9451
1,9452
46,9452
32,9453
1,9454
5,9454
2,9455
4,9455
2,9456
1,9458
2,9459
3,9460
4,9461
5,9462
41,9465
21,9466
38,9472
56,9473
39,9475
10,9476
34,9476
16,9478
46,9478
13,9479
40,9479
26,9481
43,9482
24,9485
15,9488
41,9488
19,9492
41,9492
59,9492
55,9495
22,9498
40,9504
48,9504
28,9506
54,9507
18,9508
20,9511
19,9512
49,9512
45,9513
53,9518
29,9520
42,9520
3,9522
45,9523
24,9524
5,9525
38,9525
4,9526
28,9526
4,9527
13,9527
5,9528
29,9528
42,9529
33,9530
7,9531
3,9533
1,9535
2,9536
36,9536
1,9537
2,9538
35,9539
35,9544
1,9545
38,9545
56,9545
11,9546
2,9547
32,9547
18,9548
55,9549
43,9551
8,9552
55,9553
11,9556
56,9556
51,9557
8,9560
60,9564
30,9564
42,9565
20,9568
3,9569
46,9569
4,9570
17,9572
43,9572
4,9573
28,9573
3,9575
5,9576
5,9577
25,9578
39,9579
17,9580
22,9580
3,9582
46,9582
57,9582
4,9583
5,9584
1,9585
4,9585
12,9585
1,9586
5,9586
27,9586
3,9588
38,9590
2,9591
18,9592
1,9593
19,9593
13,9594
2,9595
2,9596
28,9597
38,9598
59,9598
13,9600
40,9600
51,9602
1,9603
21,9603
1,9605
39,9605
2,9606
18,9606
2,9608
60,9609
33,9609
1,9610
54,9610
2,9611
47,9612
43,9619
44,9619
49,9625
24,9627
22,9628
30,9629
45,9629
1,9632
38,9634
9,9636
1,9637
53,9637
2,9638
19,9638
23,9638
51,9638
1,9639
15,9639
2,9641
2,9645
50,9645
60,9649
10,9651
51,9651
58,9655
24,9656
31,9657
51,9658
52,9660
59,9660
49,9662
44,9663
30,9669
46,9671
21,9672
17,9679
16,9680
40,9681
21,9683
7,9684
43,9689
58,9689
33,9691
30,9692
32,9692
12,9693
40,9693
54,9698
38,9699
48,9704
37,9705
38,9709
58,9710
28,9714
3,9718
39,9719
5,9720
12,9720
57,9720
12,9723
56,9724
25,9726
4,9727
3,9728
29,9729
36,9729
15,9730
21,9730
55,9732
4,9733
14,9733
5,9736
1,9740
2,9741
1,9742
13,9744
41,9744
2,9745
47,9745
1,9746
11,9746
18,9746
2,9748
17,9751
47,9751
6,9753
22,9756
45,9756
3,9760
31,9760
4,9761
4,9762
3,9764
33,9764
23,9766
60,9767
5,9771
5,9772
3,9773
5,9774
38,9774
1,9776
28,9776
31,9776
2,9777
1,9778
1,9779
4,9779
2,9780
22,9780
26,9780
1,9781
3,9781
60,9783
4,9783
21,9783
9,9784
2,9785
5,9785
1,9786
1,9787
2,9788
38,9789
19,9791
1,9792
16,9792
2,9793
3,9793
13,9793
22,9793
2,9794
53,9794
17,9795
46,9795
47,9795
9,9797
4,9798
16,9799
4,9800
31,9800
3,9802
5,9803
17,9803
32,9805
47,9805
5,9806
27,9807
8,9808
23,9810
1,9811
30,9811
11,9812
2,9813
1,9814
1,9815
27,9816
40,9818
48,9818
59,9819
2,9822
22,9823
25,9825
2,9828
39,9828
6,9832
28,9833
53,9835
3,9836
26,9836
26,9838
27,9838
52,9838
58,9838
5,9839
30,9839
4,9840
55,9840
34,9841
15,9842
57,9842
3,9843
5,9844
59,9844
4,9846
24,9847
22,9849
42,9851
53,9852
3,9856
4,9857
5,9859
30,9859
4,9860
17,9860
20,9860
3,9861
18,9861
5,9862
37,9865
52,9865
60,9867
33,9871
53,9874
15,9875
50,9875
18,9877
38,9878
6,9883
34,9883
15,9884
24,9884
58,9885
28,9886
1,9887
8,9887
32,9887
54,9887
1,9888
2,9889
2,9890
44,9890
48,9891
1,9893
3,9893
5,9895
4,9897
44,9898
54,9898
3,9899
21,9899
2,9900
34,9900
4,9901
59,9901
5,9902
21,9902
53,9902
5,9904
32,9904
54,9904
38,9906
6,9911
52,9912
42,9913
37,9914
38,9915
35,9919
8,9924
28,9925
30,9928
3,9929
55,9930
44,9931
50,9931
4,9932
4,9934
3,9938
19,9938
29,9938
5,9940
20,9940
60,9941
1,9941
5,9941
28,9941
14,9943
1,9944
46,9944
2,9945
10,9945
3,9947
4,9948
39,9948
40,9948
2,9949
5,9949
1,9950
3,9950
47,9950
2,9952
16,9953
36,9955
4,9956
22,9956
58,9956
5,9957
5,9959
34,9959
3,9960
4,9961
43,9961
4,9962
5,9963
3,9964
6,9965
18,9965
47,9968
5,9969
38,9970
15,9972
55,9973
56,9978
6,9981
34,9985
27,9988
32,9989
3,9990
57,9990
41,9991
45,9991
5,9992
35,9992
5,9993
4,9994
4,9995
34,9995
