14,1
23,2
2,3
5,3
9,4
17,5
27,5
32,6
31,7
36,7
36,10
41,10
47,10
45,11
7,12
21,13
36,14
10,16
25,16
26,16
32,16
60,18
32,18
37,19
43,21
46,21
17,25
14,27
37,27
9,28
10,28
21,28
27,28
22,29
23,29
6,30
20,30
45,30
16,32
46,32
13,34
24,35
38,35
58,36
22,38
39,38
42,39
43,39
49,39
42,40
54,40
19,42
42,42
12,43
23,43
44,44
48,45
44,46
32,47
48,47
11,48
21,48
27,48
46,48
42,49
21,50
23,51
36,51
44,52
37,53
20,56
30,56
47,57
10,58
31,58
36,58
39,59
28,63
60,65
7,65
9,67
10,67
11,67
11,70
12,71
55,71
58,71
30,72
39,73
45,73
3,74
59,74
30,75
39,75
40,75
12,76
26,76
8,77
15,77
25,78
27,79
50,79
3,82
34,83
30,84
34,84
35,84
46,84
15,86
17,86
18,87
46,89
33,90
24,93
23,94
22,95
24,95
49,95
4,96
40,96
2,98
10,98
50,98
4,99
18,99
44,101
25,102
5,103
18,103
28,103
12,105
8,106
14,106
42,107
58,107
56,108
34,109
35,109
59,109
55,110
25,112
41,112
19,113
17,114
60,115
44,115
35,116
51,116
1,117
26,117
30,117
7,118
4,119
28,119
32,120
39,121
23,124
29,124
4,126
33,126
18,128
28,128
50,128
21,129
24,129
11,130
16,131
23,131
19,133
9,136
15,138
31,138
20,139
27,141
49,141
58,141
42,142
55,142
8,143
34,143
48,143
18,144
26,145
38,145
26,146
32,146
45,147
35,148
54,149
28,151
7,152
19,153
24,153
33,153
41,154
55,155
8,156
14,156
45,156
44,157
25,159
31,159
19,161
31,163
55,163
1,164
2,165
30,166
38,166
39,166
42,167
50,167
1,168
9,168
4,169
12,169
1,170
1,171
13,171
43,172
44,172
50,172
2,173
2,174
52,174
54,174
28,175
8,176
31,176
56,176
1,177
37,177
2,178
1,179
1,180
38,180
46,180
2,181
2,182
22,182
52,182
9,185
22,185
25,186
26,186
35,186
17,187
43,187
8,188
32,188
47,188
7,190
8,191
59,191
60,195
16,198
34,198
15,201
24,201
42,202
24,203
30,203
15,206
58,206
7,207
60,208
29,210
33,211
41,213
52,213
13,215
20,215
37,217
49,220
4,221
9,221
10,221
10,223
32,223
34,223
5,225
59,226
20,227
5,229
32,229
6,230
23,230
44,230
55,231
15,232
55,232
9,234
44,234
48,234
27,235
1,237
1,238
22,238
38,238
56,238
2,241
1,243
11,243
32,243
23,245
39,245
53,245
21,247
2,248
21,248
28,248
32,248
59,248
2,251
12,251
21,252
47,252
28,254
38,254
41,254
7,255
11,255
5,256
59,257
21,259
35,259
58,260
20,261
34,261
5,262
5,265
20,266
55,266
31,267
49,267
12,268
45,268
6,269
44,270
5,271
57,271
3,272
36,272
13,273
21,274
33,274
1,275
13,275
2,276
42,276
47,276
1,277
6,277
22,277
34,278
49,278
54,278
1,279
13,279
2,280
13,280
60,281
2,281
12,281
24,281
38,283
44,284
28,285
49,285
31,288
13,289
23,289
17,292
16,293
50,294
28,295
43,295
47,295
6,296
2,297
3,297
10,300
28,300
54,301
4,302
20,302
23,302
40,303
39,304
23,306
58,306
29,308
55,308
25,309
40,309
31,311
12,312
57,312
28,315
21,316
33,316
49,316
3,317
28,317
46,317
32,319
55,320
14,321
43,322
7,324
28,324
31,325
47,325
4,327
20,327
37,327
42,327
54,327
47,329
18,331
34,331
50,331
8,333
13,333
7,334
52,334
55,334
59,336
5,337
23,339
38,339
31,340
22,341
43,341
49,341
56,342
59,342
35,346
52,347
58,347
10,348
11,348
24,349
28,349
40,349
49,351
20,352
1,354
28,354
34,354
46,354
1,355
2,356
56,356
57,356
1,357
10,357
36,357
29,358
19,359
21,359
51,359
51,361
33,362
38,362
2,363
2,364
27,364
19,365
8,367
31,367
41,367
13,368
57,368
50,369
33,370
36,370
8,371
40,371
52,371
24,372
25,372
49,372
47,374
20,375
12,376
46,377
54,377
25,379
44,379
14,380
51,380
10,382
48,382
1,383
1,384
9,384
16,385
18,385
2,386
41,386
1,387
2,389
7,389
24,390
2,392
23,392
34,392
51,392
5,393
15,394
17,394
27,394
59,394
48,395
37,398
47,398
50,398
58,398
6,399
9,399
30,399
39,400
46,400
42,401
50,402
39,403
11,404
13,404
20,406
8,407
15,407
52,407
30,408
49,410
6,412
14,412
34,412
9,413
20,415
22,415
1,417
29,417
37,417
52,417
4,418
8,418
39,418
55,418
1,419
51,420
17,421
2,422
51,422
56,422
34,423
2,424
60,425
20,425
1,426
28,426
2,428
26,428
47,428
6,429
17,429
19,429
4,431
11,431
34,433
40,434
47,435
51,435
13,436
60,437
34,437
15,438
24,438
45,438
13,439
19,439
18,440
17,441
19,442
38,442
23,443
55,443
15,444
41,445
39,448
9,449
46,449
59,450
12,453
38,453
26,454
39,454
19,456
37,456
31,458
38,458
57,458
28,460
7,461
33,463
37,463
48,463
28,464
43,464
54,464
5,466
25,466
17,467
28,468
56,468
20,469
47,469
57,469
53,470
55,470
28,471
31,471
52,471
15,473
17,474
34,475
9,476
50,476
5,477
39,477
24,478
9,480
59,482
10,483
11,484
10,485
27,485
7,487
29,487
39,489
26,490
32,491
47,491
6,493
57,493
26,494
6,495
47,495
38,497
51,497
16,498
10,499
15,499
17,499
29,499
32,499
39,500
36,501
7,503
50,503
27,508
35,508
16,509
53,510
40,511
5,513
41,514
22,515
42,516
57,517
29,518
5,519
10,519
12,520
23,520
35,520
23,525
44,525
48,525
24,526
23,528
27,528
41,529
55,529
4,532
21,532
10,534
24,534
42,535
13,536
20,536
47,536
44,538
18,539
41,539
54,539
23,540
46,540
12,541
55,542
30,543
50,543
5,545
32,545
45,549
35,550
9,551
25,551
51,551
35,552
11,554
17,555
9,556
22,556
31,557
32,558
60,560
4,560
60,562
43,563
22,564
43,565
48,565
55,565
48,568
57,568
38,569
45,570
53,573
23,574
27,574
37,575
44,575
58,578
35,579
57,579
17,580
27,580
36,582
10,584
41,584
36,585
40,585
41,585
30,586
33,586
31,587
35,587
21,588
41,588
25,589
38,589
15,590
31,593
50,594
60,595
11,596
14,597
5,598
11,598
44,599
57,599
24,600
41,600
39,601
49,602
58,604
13,605
40,605
56,605
16,606
59,607
21,609
33,609
34,610
52,610
4,612
56,612
5,615
10,616
11,617
59,617
24,619
28,619
4,620
12,622
29,622
1,623
37,623
1,624
24,624
26,624
34,624
40,624
43,624
44,625
50,625
2,626
1,627
34,627
53,627
2,628
21,628
44,629
18,630
42,630
19,631
31,631
5,632
11,632
24,632
33,632
36,634
53,634
27,635
2,636
37,637
51,637
9,639
12,640
37,640
48,640
57,640
19,641
1,642
17,642
47,643
1,644
2,647
2,648
10,648
33,648
45,649
1,652
10,652
5,653
25,653
28,653
17,654
28,654
14,655
22,655
58,655
2,657
27,657
42,657
1,659
30,659
34,659
41,659
2,660
19,660
45,660
32,662
7,663
27,663
45,663
32,664
29,666
56,666
60,669
14,669
41,669
8,671
22,671
23,671
35,671
55,674
48,677
12,678
14,679
27,680
53,680
41,681
8,682
16,682
5,683
12,683
30,684
52,684
24,686
60,687
49,687
54,687
1,688
13,688
18,688
60,689
39,689
48,689
7,690
13,690
15,691
9,692
44,693
6,694
28,694
31,694
6,695
56,695
60,696
38,696
1,697
33,697
48,697
24,698
49,698
60,699
2,699
56,699
1,701
23,701
29,701
7,702
15,702
16,702
56,702
2,703
1,704
26,704
2,705
19,705
58,705
15,706
25,708
49,708
47,709
4,710
21,711
25,711
45,712
37,714
50,714
51,714
52,714
12,716
6,717
52,717
16,718
19,719
18,722
34,722
17,723
55,724
23,725
26,728
9,729
46,730
20,731
44,732
6,733
55,735
32,738
42,738
47,738
53,738
26,739
30,739
20,741
44,741
15,743
39,743
4,744
30,744
42,744
8,745
27,745
40,745
9,746
40,746
55,746
27,749
49,749
56,749
1,752
42,752
56,752
2,753
54,753
30,754
9,755
52,756
55,756
17,759
5,762
18,763
23,764
29,764
34,764
39,764
56,764
1,765
24,765
1,766
3,766
11,766
28,766
2,767
2,768
13,768
29,768
22,769
26,769
50,769
58,769
1,770
12,770
24,770
31,770
37,772
1,773
51,773
2,774
5,775
54,775
2,777
39,777
1,778
11,778
28,778
40,778
49,778
59,778
2,779
5,780
18,780
40,780
44,780
12,781
24,781
15,783
22,784
41,784
48,785
6,786
22,786
53,786
22,787
22,790
7,792
49,794
58,799
37,801
49,802
57,802
24,803
10,804
9,806
20,806
23,808
20,809
29,809
37,810
22,811
27,811
34,812
7,814
60,815
33,815
50,817
17,819
40,819
46,819
5,820
7,821
51,821
7,823
9,824
54,824
11,825
29,825
9,826
18,827
49,829
5,831
60,832
34,833
54,834
23,837
6,838
21,839
27,839
42,841
10,842
15,842
17,842
48,842
21,844
56,844
14,845
34,845
43,845
27,846
50,847
24,848
37,848
5,850
19,850
21,850
33,850
16,852
28,852
46,853
39,854
44,854
3,856
24,856
45,857
14,858
52,858
10,860
60,861
53,862
20,864
58,864
10,865
8,867
19,870
43,870
50,870
43,871
24,874
35,874
41,874
19,875
47,875
52,876
19,879
48,879
31,880
45,880
16,881
49,881
16,882
36,882
5,883
34,883
17,884
19,884
25,884
31,884
49,884
37,885
30,886
37,886
29,887
4,889
46,890
59,891
12,892
44,894
26,895
51,895
7,898
19,898
34,901
31,903
53,903
38,905
13,907
42,907
23,908
33,909
5,910
26,913
54,914
18,915
23,915
18,916
20,916
58,916
41,917
26,918
4,919
39,920
43,920
44,920
1,922
59,924
2,925
4,925
1,926
16,926
40,926
1,927
21,927
36,927
55,927
2,928
11,928
19,928
25,928
59,928
7,929
6,930
13,930
20,931
40,932
2,933
46,933
53,933
32,935
39,935
57,935
59,935
44,936
57,936
41,937
13,939
20,939
27,939
14,940
41,940
40,941
37,942
8,943
25,945
36,946
60,947
54,947
42,948
21,950
59,951
48,952
60,953
26,954
4,955
23,955
44,956
6,957
48,957
20,958
58,960
13,961
29,961
50,961
54,961
31,962
46,962
48,963
58,964
60,966
8,966
13,966
3,967
33,967
12,970
21,970
18,971
24,971
32,972
52,972
25,973
7,974
39,974
49,975
14,977
60,978
34,978
3,979
9,979
50,979
3,981
10,983
13,983
50,983
55,983
21,984
2,987
44,988
51,990
39,991
30,992
39,993
6,994
1,995
40,995
1,996
57,996
23,997
30,997
2,998
30,998
34,998
2,999
22,999
24,999
28,999
30,999
1,1000
15,1000
55,1000
2,1001
39,1001
56,1001
3,1002
29,1002
14,1005
32,1005
45,1005
51,1006
18,1007
3,1009
60,1010
31,1010
47,1011
56,1011
13,1012
19,1013
45,1013
52,1013
23,1015
32,1015
34,1015
28,1016
4,1018
17,1018
32,1018
10,1020
59,1020
6,1021
10,1023
6,1024
18,1026
13,1028
56,1028
50,1029
53,1029
1,1031
22,1031
6,1032
1,1033
3,1033
34,1033
52,1033
16,1034
54,1034
2,1037
18,1037
1,1038
2,1039
10,1039
6,1040
33,1040
2,1041
13,1043
16,1043
3,1044
5,1048
39,1048
59,1048
1,1049
34,1049
11,1051
23,1051
55,1051
31,1055
26,1056
31,1056
28,1057
37,1058
38,1058
1,1060
50,1060
11,1061
12,1062
31,1062
1,1064
57,1064
48,1065
2,1066
1,1067
2,1068
35,1068
38,1068
8,1069
2,1071
28,1071
22,1072
32,1072
49,1072
51,1072
9,1076
23,1076
27,1076
1,1079
43,1079
1,1080
2,1081
28,1081
2,1082
47,1082
1,1083
2,1084
12,1087
18,1088
37,1093
17,1095
24,1095
43,1095
27,1097
38,1097
37,1099
37,1100
15,1101
17,1101
4,1102
52,1102
1,1104
29,1104
35,1104
11,1106
26,1106
3,1107
3,1108
48,1108
16,1109
22,1109
32,1109
14,1111
15,1111
27,1111
30,1111
31,1111
60,1112
20,1113
38,1113
12,1117
41,1117
30,1119
40,1119
19,1120
12,1121
18,1122
44,1122
43,1123
54,1124
6,1125
19,1125
26,1125
52,1126
58,1126
34,1127
52,1128
46,1129
1,1130
46,1130
20,1131
2,1132
14,1132
1,1133
26,1133
2,1134
1,1137
8,1137
13,1137
15,1137
17,1137
19,1137
23,1137
2,1138
14,1139
56,1139
43,1140
57,1140
19,1141
1,1142
37,1142
24,1143
50,1143
37,1145
41,1145
48,1146
1,1147
49,1147
2,1148
55,1148
1,1149
16,1149
27,1149
48,1149
3,1150
17,1150
32,1150
33,1150
47,1151
50,1151
2,1152
27,1152
17,1153
49,1153
1,1154
46,1154
2,1155
22,1155
48,1155
53,1155
48,1159
8,1160
48,1160
49,1160
10,1161
53,1163
54,1164
44,1165
15,1166
26,1166
36,1166
25,1167
58,1167
49,1168
35,1169
9,1170
29,1170
46,1170
40,1172
49,1172
19,1173
53,1173
23,1174
29,1174
42,1175
17,1176
4,1178
9,1178
44,1178
7,1179
14,1179
35,1179
52,1181
35,1183
51,1184
46,1185
19,1186
39,1189
8,1190
52,1190
26,1191
49,1191
48,1192
19,1193
30,1195
34,1196
27,1199
50,1199
7,1202
53,1202
4,1203
41,1204
35,1207
17,1208
20,1208
28,1209
57,1209
56,1210
18,1211
28,1212
19,1213
30,1214
8,1215
9,1215
11,1215
35,1215
55,1215
3,1216
7,1216
34,1217
41,1221
25,1224
51,1225
39,1226
55,1227
60,1234
10,1234
12,1235
31,1237
37,1239
6,1240
7,1240
19,1240
33,1240
48,1242
26,1244
16,1245
31,1247
24,1248
49,1248
50,1249
58,1249
18,1251
34,1252
53,1252
60,1253
16,1254
31,1255
55,1255
42,1256
11,1257
60,1259
36,1259
28,1260
54,1261
35,1263
51,1263
26,1264
51,1265
41,1266
15,1267
15,1271
34,1271
46,1271
53,1271
20,1272
54,1272
45,1273
59,1273
6,1274
9,1274
36,1275
5,1276
9,1276
13,1278
13,1279
26,1280
20,1281
48,1281
59,1281
21,1282
36,1282
38,1282
49,1284
55,1284
6,1286
13,1287
6,1288
55,1288
55,1289
3,1290
49,1290
4,1291
14,1292
11,1293
37,1293
41,1293
51,1293
28,1294
57,1294
44,1297
45,1297
37,1298
25,1299
5,1300
49,1300
15,1301
41,1301
10,1302
14,1302
55,1302
17,1303
43,1303
14,1304
11,1305
17,1305
31,1305
34,1305
12,1306
34,1306
57,1306
25,1307
14,1308
37,1308
14,1309
48,1309
2,1311
33,1311
35,1311
50,1311
56,1311
47,1312
49,1312
21,1313
24,1313
43,1313
48,1316
41,1319
1,1320
9,1320
17,1320
26,1320
2,1321
37,1321
1,1322
6,1322
1,1323
11,1323
33,1323
2,1324
22,1324
11,1325
50,1325
51,1325
2,1326
15,1326
16,1326
40,1326
45,1326
46,1330
6,1331
44,1332
6,1334
48,1334
1,1335
15,1335
45,1335
32,1336
1,1337
6,1338
2,1339
25,1339
43,1339
16,1340
31,1340
1,1342
12,1342
47,1342
56,1342
60,1343
2,1343
39,1343
2,1344
17,1345
20,1345
21,1345
30,1345
44,1348
49,1348
21,1350
26,1350
29,1350
10,1351
38,1351
10,1352
17,1354
39,1354
16,1355
20,1355
18,1356
59,1357
7,1358
29,1358
48,1358
41,1361
47,1361
1,1362
3,1362
15,1362
40,1365
2,1366
57,1366
1,1367
44,1367
48,1369
16,1370
36,1370
11,1372
49,1372
1,1373
31,1373
38,1373
50,1373
37,1375
46,1375
54,1375
56,1375
2,1377
32,1377
2,1378
8,1378
28,1378
54,1378
53,1379
40,1380
22,1382
44,1383
55,1383
40,1384
44,1385
55,1385
25,1386
10,1387
23,1389
49,1392
32,1393
43,1393
53,1394
16,1395
14,1396
14,1397
51,1397
57,1397
60,1401
1,1402
34,1402
43,1402
1,1403
39,1403
49,1405
2,1406
16,1406
30,1406
35,1406
37,1406
13,1407
1,1408
2,1409
2,1410
2,1411
9,1411
15,1412
28,1412
4,1413
37,1415
17,1416
35,1417
43,1417
56,1417
60,1418
33,1419
8,1420
25,1421
34,1421
12,1422
25,1422
50,1422
9,1423
22,1424
50,1424
36,1425
12,1426
5,1427
44,1429
53,1429
30,1430
46,1430
50,1430
19,1431
45,1431
32,1433
1,1435
3,1435
9,1435
25,1435
31,1436
34,1436
1,1437
38,1437
59,1437
2,1438
41,1438
44,1439
2,1440
5,1443
39,1443
1,1444
57,1445
2,1446
56,1446
45,1447
47,1447
57,1447
40,1448
1,1449
36,1450
43,1450
2,1451
39,1453
1,1455
5,1455
1,1456
7,1456
48,1456
26,1457
53,1457
55,1459
7,1460
9,1460
54,1460
2,1462
10,1463
59,1463
15,1464
45,1464
35,1465
60,1466
2,1467
28,1468
48,1468
10,1469
42,1469
48,1469
14,1470
23,1470
58,1471
8,1472
41,1473
49,1473
55,1473
36,1474
11,1475
28,1476
39,1476
6,1477
41,1477
16,1478
22,1478
54,1478
34,1479
28,1480
33,1482
17,1483
19,1483
48,1483
6,1484
10,1485
28,1486
15,1487
32,1487
34,1487
54,1487
48,1488
9,1489
36,1489
53,1489
38,1490
36,1491
10,1492
13,1492
8,1493
25,1493
28,1493
14,1496
40,1496
49,1496
47,1497
35,1498
45,1498
22,1499
38,1501
50,1501
12,1502
13,1502
26,1502
36,1502
44,1502
23,1504
42,1504
46,1504
54,1504
32,1505
39,1505
37,1508
22,1510
29,1510
8,1511
19,1512
10,1513
45,1513
55,1513
26,1514
49,1515
58,1517
42,1518
2,1519
37,1519
51,1519
26,1520
34,1520
49,1520
60,1521
38,1521
38,1522
47,1522
49,1522
4,1523
14,1523
26,1523
16,1526
52,1526
3,1527
8,1527
40,1527
6,1528
56,1528
53,1529
16,1532
34,1532
35,1533
11,1534
12,1535
15,1536
48,1537
14,1539
45,1539
49,1539
58,1541
8,1543
26,1543
56,1544
58,1545
42,1546
43,1546
54,1546
15,1549
59,1549
6,1550
17,1550
24,1550
29,1550
54,1550
31,1551
34,1551
27,1552
57,1552
3,1553
50,1554
15,1555
24,1555
53,1555
5,1557
34,1558
42,1559
1,1560
2,1561
1,1562
18,1562
37,1562
2,1563
25,1563
25,1564
30,1564
47,1564
1,1566
44,1566
48,1566
35,1567
2,1568
7,1568
1,1571
31,1571
38,1571
13,1573
45,1573
55,1574
40,1575
41,1575
5,1579
47,1579
33,1580
43,1580
52,1580
3,1581
13,1581
28,1581
50,1584
53,1584
58,1584
60,1585
27,1585
28,1585
56,1585
20,1586
35,1587
3,1588
25,1590
34,1590
21,1591
26,1591
52,1591
25,1593
12,1594
30,1594
6,1597
56,1597
14,1598
42,1599
45,1599
5,1600
43,1600
26,1601
19,1605
60,1606
25,1606
54,1608
15,1609
38,1609
60,1610
38,1611
1,1614
25,1614
27,1614
30,1614
17,1616
24,1617
47,1618
48,1618
56,1618
21,1619
17,1621
19,1624
20,1627
25,1627
51,1628
9,1630
43,1631
25,1633
39,1635
40,1635
1,1637
2,1637
39,1637
16,1638
18,1638
27,1638
56,1638
2,1639
9,1639
12,1639
1,1640
19,1640
41,1641
5,1642
58,1642
28,1643
1,1644
6,1644
19,1644
2,1645
28,1645
2,1647
24,1647
33,1648
11,1649
51,1649
26,1650
30,1650
52,1651
59,1651
44,1652
50,1652
51,1652
5,1653
18,1654
43,1654
45,1654
56,1655
3,1656
33,1656
37,1656
50,1657
34,1658
36,1658
12,1661
27,1662
49,1662
56,1662
39,1663
48,1664
57,1664
60,1665
19,1665
13,1667
49,1667
11,1668
50,1668
39,1669
47,1669
4,1670
44,1670
13,1671
14,1672
42,1674
56,1674
1,1676
2,1678
10,1678
28,1678
1,1679
24,1679
1,1680
29,1680
45,1680
60,1681
2,1681
55,1681
2,1682
16,1683
57,1683
38,1684
40,1686
60,1687
17,1687
39,1687
40,1687
53,1688
5,1690
52,1690
15,1693
40,1694
47,1694
6,1695
60,1696
16,1696
15,1697
25,1697
31,1697
36,1697
55,1697
42,1698
1,1700
10,1700
52,1700
1,1702
30,1702
53,1704
2,1706
13,1706
2,1707
8,1707
1,1708
13,1708
19,1708
39,1708
2,1710
25,1710
35,1710
26,1711
9,1712
33,1712
42,1713
35,1715
39,1716
48,1716
49,1716
39,1717
48,1719
12,1720
33,1720
5,1721
23,1721
56,1721
47,1722
8,1725
45,1725
53,1725
45,1726
8,1727
23,1727
26,1728
29,1728
45,1729
54,1730
11,1731
40,1733
45,1733
12,1737
35,1737
3,1738
13,1738
21,1738
57,1738
15,1739
31,1739
15,1740
29,1740
45,1740
10,1741
55,1746
60,1747
2,1747
49,1747
57,1749
5,1750
25,1752
36,1752
58,1752
57,1753
58,1753
44,1755
9,1756
29,1756
44,1756
45,1758
20,1759
22,1760
38,1760
4,1761
26,1763
8,1764
15,1765
22,1765
37,1765
54,1765
9,1766
52,1766
3,1767
7,1767
13,1769
37,1769
41,1769
4,1770
12,1773
21,1774
43,1774
5,1775
14,1775
29,1775
29,1776
54,1777
58,1778
47,1779
1,1781
1,1782
2,1783
9,1783
12,1783
2,1784
1,1785
55,1785
2,1787
18,1787
38,1788
50,1788
55,1789
44,1790
28,1791
41,1791
1,1792
44,1792
2,1793
1,1794
30,1794
44,1794
2,1795
48,1795
36,1796
60,1797
1,1797
6,1797
37,1797
38,1797
2,1798
14,1799
46,1800
6,1802
8,1802
19,1802
29,1804
14,1805
52,1805
10,1806
14,1806
19,1806
26,1806
47,1806
5,1807
10,1807
18,1807
26,1807
40,1807
34,1809
26,1810
37,1810
35,1811
45,1811
57,1811
27,1812
39,1812
10,1813
16,1814
23,1817
36,1818
48,1818
59,1818
56,1819
59,1821
22,1822
4,1824
25,1825
45,1826
48,1826
56,1826
12,1827
42,1829
10,1830
39,1831
56,1832
38,1833
41,1833
49,1833
54,1834
14,1835
33,1835
27,1836
53,1838
33,1839
21,1840
23,1842
45,1843
49,1843
47,1844
23,1845
60,1846
34,1847
59,1848
30,1850
55,1850
46,1851
13,1852
39,1853
28,1856
13,1858
24,1858
24,1859
5,1860
48,1861
41,1862
3,1864
27,1865
38,1865
6,1868
15,1868
3,1869
10,1869
30,1869
46,1871
13,1873
24,1873
59,1874
12,1875
3,1877
39,1878
55,1879
52,1882
13,1883
33,1883
55,1885
59,1885
6,1887
13,1887
5,1889
50,1889
59,1889
60,1892
51,1893
37,1896
58,1896
6,1897
51,1897
3,1898
21,1898
54,1898
50,1899
23,1900
37,1901
59,1901
55,1902
25,1905
1,1906
26,1906
1,1907
9,1907
29,1907
38,1907
2,1908
1,1909
11,1909
3,1910
2,1911
57,1911
47,1912
31,1913
5,1914
2,1915
38,1915
30,1916
7,1917
23,1917
31,1917
7,1919
44,1919
28,1920
4,1921
27,1921
36,1921
8,1922
14,1922
8,1923
40,1923
39,1924
7,1925
25,1925
56,1926
51,1928
60,1929
46,1930
59,1931
1,1934
3,1934
2,1935
52,1935
1,1936
16,1936
31,1936
32,1936
1,1937
14,1937
11,1938
44,1938
43,1939
2,1942
2,1943
24,1943
56,1943
19,1944
55,1944
22,1945
43,1945
51,1945
16,1946
38,1946
54,1946
1,1947
22,1947
53,1947
1,1948
2,1949
32,1949
2,1950
1,1951
7,1951
44,1951
43,1952
2,1954
10,1954
35,1956
22,1959
37,1961
47,1961
54,1963
39,1965
27,1966
17,1967
41,1967
51,1967
8,1968
39,1968
55,1968
28,1972
8,1975
17,1975
49,1975
22,1976
60,1979
2,1980
32,1980
26,1984
53,1984
41,1985
4,1986
14,1986
22,1986
35,1986
40,1987
17,1988
48,1989
8,1990
24,1990
1,1991
59,1991
2,1993
5,1993
32,1993
58,1994
3,1995
24,1995
1,1996
10,1996
29,1996
25,1997
46,1997
48,1997
54,1997
58,1998
37,1999
1,2000
2,2001
31,2001
2,2002
34,2002
44,2002
6,2003
55,2003
9,2005
56,2006
33,2007
35,2009
16,2011
34,2011
13,2012
56,2012
45,2014
59,2015
26,2016
19,2017
56,2017
4,2018
5,2018
35,2019
54,2019
15,2023
14,2024
44,2025
32,2026
49,2028
60,2029
35,2029
42,2030
14,2032
48,2032
19,2033
6,2036
13,2036
20,2036
34,2037
23,2039
34,2039
52,2039
60,2042
10,2042
14,2043
23,2044
43,2044
40,2045
8,2046
38,2047
3,2048
1,2049
6,2050
18,2050
14,2051
2,2052
52,2052
4,2054
51,2054
47,2055
11,2056
38,2057
56,2057
3,2059
12,2059
16,2059
26,2060
1,2061
2,2062
48,2062
1,2063
52,2063
2,2064
22,2064
46,2064
50,2065
1,2067
2,2068
33,2068
3,2069
23,2069
30,2071
14,2072
14,2074
4,2076
21,2076
58,2076
33,2077
50,2077
22,2078
60,2079
8,2079
23,2079
39,2081
11,2083
12,2083
18,2083
48,2083
13,2084
14,2084
23,2087
30,2087
42,2087
22,2088
56,2089
46,2090
15,2091
16,2091
28,2091
24,2093
56,2094
59,2094
39,2095
40,2096
9,2098
41,2098
21,2099
53,2100
43,2101
1,2102
1,2103
29,2103
2,2104
2,2105
8,2105
60,2106
1,2106
38,2106
2,2109
8,2109
3,2111
29,2111
53,2111
25,2113
30,2114
13,2115
58,2118
55,2119
52,2120
12,2122
29,2122
37,2124
33,2125
41,2125
9,2127
26,2128
38,2128
48,2128
33,2129
46,2129
38,2130
46,2131
37,2132
15,2133
47,2133
30,2137
47,2138
1,2139
7,2139
25,2139
58,2141
1,2142
28,2142
3,2143
2,2145
11,2146
1,2147
46,2147
2,2148
29,2149
2,2150
39,2151
46,2152
59,2152
15,2153
18,2153
38,2153
57,2154
39,2155
55,2155
17,2156
32,2156
34,2156
38,2156
47,2156
52,2157
57,2157
10,2158
54,2159
48,2160
45,2161
5,2162
49,2163
25,2165
35,2165
42,2165
1,2166
1,2168
10,2168
52,2168
2,2169
33,2169
59,2169
1,2170
30,2171
15,2174
22,2175
47,2176
52,2176
2,2177
15,2177
2,2178
53,2180
22,2181
51,2181
19,2182
33,2182
6,2184
35,2184
36,2184
1,2185
55,2185
4,2186
22,2186
57,2187
12,2189
26,2189
45,2189
8,2190
4,2191
13,2191
24,2192
25,2194
51,2194
13,2197
35,2197
39,2197
4,2199
24,2199
28,2200
34,2200
10,2202
25,2202
39,2202
43,2202
17,2203
37,2205
46,2205
52,2207
33,2209
19,2211
44,2213
52,2215
7,2216
24,2216
44,2216
44,2217
43,2218
4,2219
10,2219
16,2219
41,2219
13,2220
24,2220
8,2221
26,2222
44,2224
14,2225
37,2227
48,2227
52,2228
45,2230
46,2230
59,2230
18,2233
37,2233
41,2233
51,2233
25,2235
48,2235
10,2236
26,2237
4,2238
20,2239
25,2239
60,2241
18,2241
23,2242
49,2243
12,2244
24,2245
40,2247
57,2247
59,2248
57,2249
45,2250
32,2251
37,2251
56,2251
12,2256
37,2256
19,2257
35,2257
8,2259
23,2261
4,2265
51,2265
57,2265
49,2266
1,2267
55,2267
2,2268
30,2268
12,2270
41,2270
1,2272
24,2272
2,2273
12,2274
1,2276
11,2276
55,2276
2,2277
24,2277
53,2278
24,2279
40,2279
57,2280
13,2281
48,2282
8,2284
53,2284
14,2286
15,2286
42,2286
10,2287
4,2288
39,2289
47,2289
17,2290
23,2292
26,2292
25,2295
9,2296
10,2296
33,2296
59,2296
36,2299
56,2299
21,2300
50,2305
50,2307
60,2309
24,2309
12,2310
18,2311
38,2311
57,2311
18,2312
26,2312
52,2312
23,2314
27,2314
11,2315
33,2315
1,2316
15,2316
56,2316
29,2317
48,2318
13,2320
55,2320
11,2321
18,2321
2,2322
13,2323
5,2325
30,2325
28,2326
34,2326
38,2327
8,2328
18,2328
59,2328
5,2329
18,2329
6,2330
12,2330
3,2331
33,2331
55,2333
27,2334
13,2338
51,2340
21,2344
38,2344
54,2345
21,2347
29,2347
21,2348
35,2348
11,2351
22,2351
25,2351
28,2351
33,2353
11,2355
25,2357
22,2358
45,2358
59,2360
16,2361
14,2362
21,2362
1,2364
1,2365
2,2367
22,2368
30,2368
1,2369
5,2369
16,2370
46,2370
57,2370
2,2371
29,2372
5,2373
2,2374
54,2374
39,2375
23,2376
24,2376
36,2376
15,2377
35,2377
55,2377
58,2377
25,2378
26,2378
9,2380
12,2380
42,2380
49,2380
12,2381
21,2383
45,2384
4,2385
36,2388
41,2388
24,2389
10,2390
13,2390
27,2390
27,2391
7,2392
3,2393
9,2394
32,2394
47,2394
18,2395
39,2397
40,2397
5,2398
3,2399
24,2400
31,2400
5,2402
17,2402
45,2402
7,2403
4,2404
52,2404
35,2405
42,2405
6,2406
23,2406
21,2407
39,2408
13,2409
15,2409
29,2409
44,2410
53,2412
32,2414
44,2414
39,2415
56,2415
47,2417
53,2418
60,2421
57,2421
22,2422
36,2422
27,2423
30,2423
35,2423
35,2424
43,2424
60,2425
52,2425
53,2425
48,2426
19,2427
21,2427
34,2428
56,2428
16,2429
15,2430
39,2431
40,2431
18,2432
29,2432
33,2432
1,2433
1,2435
3,2435
22,2435
57,2435
58,2435
2,2436
41,2437
1,2439
52,2439
15,2440
19,2440
29,2441
44,2442
5,2443
29,2443
2,2445
2,2446
50,2446
58,2447
53,2448
34,2451
33,2452
54,2452
32,2456
55,2457
14,2458
8,2459
49,2460
57,2460
16,2462
9,2463
56,2463
7,2464
1,2465
19,2465
42,2465
2,2466
18,2466
49,2466
19,2467
60,2468
4,2468
24,2468
1,2469
2,2470
1,2471
24,2471
27,2471
54,2471
19,2472
2,2473
34,2474
56,2474
27,2475
58,2475
14,2476
16,2476
22,2476
24,2476
31,2476
40,2476
44,2476
20,2478
52,2478
6,2479
1,2481
23,2481
2,2483
33,2483
45,2483
1,2485
23,2485
37,2485
39,2485
20,2486
2,2487
35,2487
57,2487
1,2488
20,2488
39,2488
2,2489
4,2489
19,2489
23,2489
3,2490
12,2491
14,2491
29,2491
39,2491
5,2492
49,2493
14,2494
50,2495
4,2496
25,2496
47,2496
24,2500
16,2503
22,2503
37,2504
1,2505
44,2505
29,2506
43,2506
1,2507
2,2508
2,2509
1,2510
23,2510
57,2510
2,2511
56,2511
53,2512
54,2512
16,2513
44,2513
41,2514
14,2516
35,2516
5,2517
19,2517
13,2521
16,2521
1,2522
10,2522
20,2522
58,2522
9,2523
53,2523
4,2524
16,2524
59,2524
41,2526
33,2527
31,2528
53,2528
24,2530
5,2534
53,2535
22,2536
23,2538
39,2538
12,2540
37,2540
54,2540
12,2541
21,2541
30,2541
47,2542
22,2545
36,2545
14,2546
52,2547
4,2551
28,2551
36,2551
42,2551
45,2551
23,2555
16,2557
30,2559
9,2562
25,2562
7,2563
47,2563
39,2564
29,2567
22,2568
28,2568
42,2569
53,2569
28,2570
54,2570
37,2572
56,2572
4,2573
59,2573
35,2574
46,2575
56,2575
38,2576
47,2576
25,2577
29,2578
33,2578
45,2578
48,2578
53,2578
58,2578
32,2579
49,2579
36,2582
31,2583
36,2584
52,2584
28,2585
33,2585
55,2585
29,2586
30,2586
41,2587
44,2587
38,2588
57,2588
5,2589
34,2589
43,2589
56,2593
11,2594
50,2594
9,2597
18,2600
53,2600
25,2602
54,2602
13,2603
15,2604
55,2607
51,2608
57,2608
26,2610
60,2611
32,2612
60,2613
14,2613
59,2613
42,2614
15,2615
15,2616
29,2616
47,2617
48,2617
30,2618
48,2618
56,2618
56,2619
35,2621
4,2622
42,2623
14,2624
37,2625
24,2626
1,2627
27,2628
22,2629
39,2629
60,2630
1,2630
40,2630
43,2631
2,2634
2,2635
39,2635
3,2636
42,2637
1,2638
3,2638
9,2641
24,2641
53,2641
57,2641
2,2642
35,2643
55,2643
13,2644
29,2644
49,2644
56,2644
5,2645
54,2645
20,2646
45,2647
12,2648
31,2648
14,2650
45,2651
8,2652
16,2652
17,2654
1,2655
27,2655
37,2655
44,2655
2,2656
51,2656
1,2657
43,2658
48,2658
2,2659
9,2659
35,2659
1,2660
4,2660
2,2661
21,2661
22,2661
29,2661
22,2662
58,2662
59,2662
4,2665
19,2667
45,2667
16,2668
23,2668
35,2668
18,2670
8,2671
48,2671
18,2672
32,2673
49,2674
53,2676
59,2676
1,2677
2,2679
31,2679
44,2679
45,2682
1,2685
44,2685
2,2686
11,2686
1,2687
5,2687
40,2687
2,2688
15,2688
16,2688
51,2689
16,2690
59,2692
35,2693
1,2694
31,2694
51,2694
2,2696
52,2696
59,2696
1,2698
24,2698
25,2698
1,2699
13,2699
32,2699
57,2700
5,2701
13,2702
36,2702
48,2702
50,2702
51,2702
55,2703
2,2704
2,2705
43,2705
26,2706
14,2707
33,2707
47,2707
13,2708
35,2710
40,2710
50,2711
52,2711
43,2712
14,2713
25,2713
28,2713
32,2713
31,2714
53,2714
51,2715
56,2715
29,2717
33,2717
50,2717
10,2719
33,2719
55,2720
12,2721
36,2721
28,2722
19,2723
33,2725
46,2729
38,2730
29,2731
38,2732
47,2732
9,2733
17,2733
42,2733
18,2734
49,2734
50,2734
45,2735
49,2735
25,2736
35,2736
46,2736
10,2737
15,2737
13,2738
45,2738
36,2741
18,2742
19,2742
44,2742
41,2743
60,2744
54,2744
17,2745
23,2745
13,2747
15,2747
51,2747
6,2748
33,2748
34,2751
22,2752
52,2754
58,2755
1,2756
2,2756
46,2757
6,2759
10,2760
17,2760
59,2761
46,2762
48,2762
5,2763
31,2763
10,2764
28,2765
41,2765
28,2766
60,2768
16,2769
45,2769
4,2770
9,2770
44,2770
51,2770
42,2771
47,2771
13,2772
16,2772
37,2772
27,2773
47,2774
48,2774
24,2775
39,2775
21,2776
60,2778
40,2778
29,2779
48,2779
57,2780
43,2781
1,2782
43,2782
44,2782
15,2783
38,2783
39,2784
54,2784
10,2785
17,2785
3,2788
23,2788
21,2789
5,2791
60,2792
8,2793
39,2793
21,2794
48,2794
60,2798
1,2798
19,2798
45,2798
2,2799
1,2800
2,2801
1,2802
1,2803
2,2803
41,2804
31,2805
40,2805
52,2805
16,2806
45,2806
21,2808
52,2808
13,2809
14,2809
31,2809
34,2809
36,2809
11,2810
14,2810
33,2810
1,2812
17,2812
28,2814
3,2815
5,2815
37,2815
2,2816
33,2816
1,2817
39,2818
2,2819
22,2820
26,2823
34,2823
49,2823
1,2824
26,2824
6,2825
12,2825
25,2825
49,2825
19,2826
59,2826
18,2827
25,2827
56,2827
35,2830
2,2832
27,2832
41,2832
13,2834
40,2834
51,2834
21,2835
25,2835
40,2835
33,2836
3,2838
19,2838
18,2840
40,2840
44,2840
13,2842
28,2842
9,2843
31,2843
40,2843
49,2843
56,2843
9,2845
17,2845
22,2847
48,2850
59,2850
1,2851
55,2851
1,2852
2,2853
1,2854
32,2854
2,2855
28,2855
52,2855
2,2856
15,2856
36,2856
48,2856
16,2857
5,2858
15,2858
41,2858
22,2859
29,2859
37,2859
15,2862
42,2862
27,2863
22,2864
38,2866
3,2867
6,2868
15,2868
3,2870
19,2870
13,2872
42,2872
54,2872
13,2875
6,2877
9,2877
46,2877
38,2878
48,2878
35,2879
38,2879
13,2885
17,2886
39,2886
37,2888
21,2890
51,2890
32,2891
60,2893
37,2893
56,2893
59,2894
59,2895
28,2896
47,2896
33,2898
49,2899
42,2901
15,2903
17,2905
27,2905
58,2905
1,2906
10,2906
59,2906
28,2907
2,2909
13,2910
1,2911
22,2911
13,2912
23,2912
2,2913
1,2914
34,2914
38,2914
2,2915
21,2916
1,2917
32,2917
5,2918
44,2918
51,2918
51,2919
2,2921
59,2921
1,2922
12,2922
32,2922
53,2922
2,2923
1,2925
2,2926
29,2926
54,2927
8,2928
16,2929
26,2929
59,2929
16,2931
17,2931
24,2931
6,2932
21,2933
47,2935
24,2936
41,2936
60,2937
39,2937
24,2938
11,2940
4,2941
24,2945
20,2946
28,2946
30,2947
15,2948
12,2949
52,2949
3,2950
20,2950
38,2950
50,2950
59,2950
44,2951
55,2951
37,2952
54,2952
59,2954
20,2956
23,2956
43,2956
50,2956
29,2957
51,2957
12,2960
51,2960
55,2961
17,2963
20,2965
1,2966
12,2966
2,2967
1,2968
3,2968
32,2970
2,2971
39,2971
1,2972
46,2972
2,2973
26,2973
35,2975
38,2975
51,2976
57,2977
58,2977
49,2979
1,2980
1,2981
2,2983
40,2984
55,2984
56,2984
2,2985
1,2986
15,2986
18,2986
26,2986
29,2987
48,2987
2,2988
3,2989
58,2989
9,2990
21,2990
1,2991
12,2991
1,2992
34,2992
39,2992
56,2992
2,2994
13,2994
14,2995
48,2995
46,2998
2,2999
14,2999
1,3000
42,3000
45,3001
14,3002
16,3002
19,3002
60,3003
32,3003
59,3003
2,3004
33,3006
24,3008
19,3009
24,3012
37,3012
13,3014
15,3014
28,3014
11,3015
17,3015
44,3015
19,3016
54,3016
15,3017
18,3017
15,3019
53,3019
12,3020
34,3020
34,3021
9,3022
19,3022
40,3022
41,3022
21,3023
13,3025
51,3026
45,3027
57,3027
59,3027
31,3028
39,3028
43,3029
27,3030
20,3032
54,3032
23,3033
9,3035
30,3035
60,3036
17,3036
40,3036
54,3036
20,3038
48,3041
5,3042
33,3042
34,3042
11,3043
31,3043
52,3043
59,3043
3,3044
58,3044
40,3047
33,3049
42,3050
44,3050
54,3051
26,3052
37,3052
29,3054
55,3054
12,3056
56,3056
5,3057
17,3057
52,3060
21,3061
40,3061
37,3062
16,3064
19,3064
30,3064
38,3065
48,3066
22,3067
48,3067
19,3068
23,3068
41,3068
44,3068
25,3069
8,3070
16,3072
51,3072
8,3074
28,3074
55,3074
46,3075
50,3075
58,3075
21,3081
37,3082
50,3082
56,3082
35,3084
38,3084
46,3084
23,3086
37,3086
52,3086
32,3087
10,3090
59,3090
11,3091
38,3091
49,3092
52,3093
58,3093
3,3094
14,3094
44,3094
51,3094
35,3096
55,3097
31,3100
46,3100
13,3102
46,3102
59,3102
18,3103
3,3105
13,3105
39,3105
9,3106
50,3106
20,3107
8,3108
40,3108
60,3109
20,3109
26,3110
30,3110
8,3112
13,3112
57,3112
13,3113
1,3115
1,3116
20,3116
51,3116
54,3117
2,3118
35,3118
1,3119
2,3122
9,3122
28,3122
2,3123
41,3123
6,3124
15,3124
41,3124
53,3125
27,3126
43,3127
32,3128
60,3129
13,3129
7,3130
27,3130
44,3130
57,3130
17,3131
37,3132
20,3133
52,3133
9,3134
41,3136
53,3136
44,3137
8,3140
20,3140
30,3140
52,3140
30,3141
10,3143
59,3143
54,3145
1,3146
45,3146
2,3147
12,3147
1,3148
57,3148
1,3149
39,3150
58,3150
2,3151
6,3151
24,3151
2,3152
7,3152
36,3152
9,3153
20,3153
58,3153
5,3154
46,3154
54,3155
10,3156
19,3156
43,3158
8,3160
40,3160
6,3161
48,3161
22,3165
44,3165
55,3166
13,3168
16,3168
26,3169
36,3169
55,3169
60,3171
18,3171
43,3172
13,3173
25,3173
41,3173
52,3173
5,3175
28,3175
3,3177
17,3177
50,3178
6,3179
44,3179
53,3179
60,3180
15,3180
36,3180
1,3182
14,3182
35,3182
57,3182
2,3183
15,3183
17,3183
23,3184
32,3185
15,3186
1,3187
47,3187
2,3188
34,3189
54,3189
57,3189
1,3190
8,3190
13,3190
2,3191
15,3192
21,3194
26,3195
3,3196
31,3197
8,3198
34,3198
46,3198
21,3203
49,3203
6,3204
5,3205
30,3205
3,3206
37,3208
46,3209
50,3210
16,3211
25,3211
19,3213
59,3214
1,3215
20,3215
53,3215
1,3216
20,3216
19,3217
54,3217
59,3217
2,3218
10,3218
14,3218
1,3219
42,3219
30,3220
51,3220
2,3221
20,3221
2,3222
29,3222
39,3224
22,3225
26,3225
43,3225
59,3225
12,3226
33,3226
30,3227
57,3227
58,3228
10,3229
44,3230
45,3230
3,3231
49,3231
34,3232
40,3232
8,3233
10,3233
4,3234
18,3234
22,3234
39,3234
52,3234
34,3235
13,3236
17,3236
24,3236
33,3236
8,3238
31,3238
50,3238
16,3239
30,3239
55,3239
40,3240
27,3241
31,3241
40,3241
4,3242
22,3245
36,3245
48,3246
36,3247
9,3248
4,3251
31,3251
39,3252
22,3254
37,3254
47,3254
60,3256
22,3257
49,3257
53,3257
56,3257
1,3258
36,3259
41,3259
45,3259
1,3260
8,3260
32,3260
43,3260
60,3262
11,3262
36,3262
53,3262
2,3263
16,3264
41,3264
1,3266
7,3266
37,3266
58,3266
25,3267
28,3267
37,3269
38,3269
8,3270
21,3270
2,3271
19,3271
2,3272
14,3272
39,3273
58,3274
59,3275
12,3276
34,3277
45,3277
52,3277
1,3278
10,3278
21,3278
7,3279
45,3279
1,3280
8,3281
31,3281
32,3281
2,3282
54,3283
1,3284
13,3284
43,3284
49,3285
2,3286
26,3288
2,3289
31,3289
37,3291
45,3291
53,3291
8,3292
24,3292
30,3292
45,3292
8,3293
29,3293
35,3293
43,3293
44,3294
36,3295
55,3296
18,3298
16,3301
46,3301
51,3301
38,3302
19,3303
49,3303
30,3304
49,3305
53,3306
24,3307
9,3309
17,3309
15,3310
45,3310
57,3311
54,3314
60,3315
10,3315
32,3318
36,3319
51,3321
41,3322
29,3326
9,3327
8,3329
45,3330
43,3332
13,3335
40,3335
21,3337
24,3337
25,3338
28,3338
43,3338
49,3339
39,3340
26,3341
27,3341
44,3341
51,3345
34,3346
40,3346
15,3348
57,3348
60,3352
51,3355
34,3358
48,3358
55,3358
9,3359
33,3359
26,3361
47,3361
13,3362
59,3362
39,3363
25,3365
27,3365
6,3367
20,3367
34,3368
49,3368
55,3368
22,3370
30,3376
32,3377
40,3377
40,3378
14,3380
19,3380
13,3381
24,3381
55,3381
57,3381
14,3382
42,3384
45,3384
40,3386
13,3387
19,3387
28,3388
41,3388
19,3389
43,3389
40,3390
53,3390
54,3390
47,3393
7,3395
46,3395
33,3397
10,3398
23,3398
56,3398
27,3399
28,3405
38,3405
47,3406
37,3408
46,3408
33,3409
52,3409
4,3410
15,3410
22,3412
21,3413
28,3414
37,3414
50,3418
54,3418
58,3418
18,3420
44,3421
1,3422
45,3422
13,3423
39,3423
21,3424
31,3424
49,3424
33,3425
51,3425
45,3426
57,3426
29,3429
50,3429
3,3431
1,3434
4,3434
13,3434
42,3434
2,3435
9,3435
23,3435
54,3436
1,3437
12,3437
1,3438
7,3438
52,3438
53,3438
11,3439
47,3439
3,3440
22,3440
2,3441
8,3441
7,3442
2,3443
37,3443
43,3444
29,3445
9,3446
23,3446
37,3446
24,3447
41,3447
49,3447
57,3447
1,3448
2,3450
11,3450
1,3451
22,3451
27,3451
12,3452
2,3454
33,3455
1,3456
13,3456
2,3457
47,3457
1,3458
3,3459
27,3459
2,3460
43,3460
29,3461
31,3461
18,3462
47,3462
25,3463
57,3463
47,3464
1,3465
24,3465
42,3465
57,3465
2,3466
58,3466
9,3467
22,3467
43,3467
46,3467
55,3467
1,3468
51,3468
30,3469
31,3469
43,3469
49,3469
39,3470
2,3471
3,3473
11,3473
20,3474
16,3475
23,3477
3,3478
56,3482
29,3483
34,3483
53,3483
10,3485
44,3485
22,3487
60,3489
29,3489
56,3489
8,3490
35,3490
3,3491
44,3492
4,3493
21,3496
31,3496
44,3498
24,3500
43,3501
30,3504
1,3506
53,3506
1,3509
42,3511
50,3512
8,3513
42,3513
2,3515
6,3515
1,3516
20,3516
45,3518
7,3519
39,3519
59,3519
60,3520
2,3520
2,3521
22,3521
15,3523
22,3523
26,3523
50,3523
14,3526
30,3526
51,3526
17,3527
21,3527
31,3527
9,3528
11,3528
19,3528
29,3528
37,3529
41,3529
58,3530
11,3531
45,3532
40,3535
21,3537
41,3538
1,3539
49,3540
2,3541
7,3542
52,3542
1,3544
59,3544
1,3545
3,3545
15,3546
23,3546
7,3547
16,3547
2,3548
2,3550
41,3550
51,3550
14,3551
24,3551
28,3551
7,3552
41,3552
50,3552
47,3553
14,3556
11,3557
21,3557
35,3557
51,3560
10,3561
34,3561
48,3561
11,3562
31,3562
34,3562
37,3562
11,3563
51,3563
22,3564
33,3564
54,3564
13,3565
60,3566
39,3567
12,3568
28,3568
39,3568
56,3568
46,3569
19,3571
34,3571
36,3571
11,3573
21,3573
23,3574
40,3579
41,3579
47,3579
12,3580
58,3580
21,3581
19,3582
16,3583
34,3584
30,3585
9,3586
4,3587
9,3587
44,3588
12,3589
19,3589
4,3592
13,3593
14,3593
37,3593
11,3594
43,3594
47,3594
59,3594
25,3596
39,3596
44,3596
11,3597
8,3599
54,3599
32,3600
45,3600
3,3602
19,3602
44,3603
47,3604
56,3606
37,3607
49,3607
56,3607
34,3608
17,3609
41,3609
50,3609
31,3610
14,3612
49,3612
45,3613
58,3615
34,3616
54,3616
27,3617
17,3621
35,3623
53,3623
46,3624
6,3625
44,3625
18,3626
32,3626
10,3627
47,3628
29,3629
60,3630
11,3630
58,3630
32,3631
38,3632
41,3634
59,3635
16,3636
46,3637
55,3637
1,3639
34,3639
49,3639
56,3639
1,3640
6,3640
2,3641
6,3641
9,3642
1,3644
15,3644
47,3645
51,3645
2,3646
51,3648
37,3649
2,3650
5,3650
22,3650
31,3655
43,3657
14,3659
40,3659
7,3660
28,3660
35,3662
40,3662
53,3662
58,3662
17,3663
43,3665
21,3667
40,3667
55,3668
9,3669
40,3669
19,3670
30,3670
9,3673
44,3674
46,3674
29,3676
57,3676
55,3680
53,3681
54,3681
13,3682
19,3683
6,3684
25,3684
42,3684
45,3684
2,3685
53,3685
26,3686
9,3688
16,3689
60,3690
21,3690
36,3691
38,3693
3,3696
22,3697
8,3699
46,3699
49,3700
36,3701
30,3703
59,3703
44,3705
10,3706
36,3706
38,3706
35,3709
40,3709
50,3710
11,3712
36,3713
21,3714
36,3714
27,3715
33,3715
57,3716
3,3717
4,3717
30,3717
45,3717
60,3718
17,3718
24,3720
48,3720
50,3720
24,3721
40,3722
44,3724
2,3725
56,3725
1,3726
55,3726
12,3727
2,3730
19,3730
26,3730
41,3731
32,3732
1,3733
1,3734
6,3735
16,3735
38,3735
51,3735
2,3736
16,3736
2,3737
34,3737
11,3738
23,3738
45,3738
17,3740
15,3742
23,3742
44,3743
50,3743
51,3743
28,3744
15,3746
32,3747
3,3748
24,3749
36,3749
57,3749
37,3750
15,3751
16,3752
60,3753
16,3753
60,3754
42,3754
9,3755
29,3757
39,3757
1,3758
11,3758
1,3759
18,3759
2,3760
2,3761
16,3762
24,3762
1,3764
2,3765
3,3765
42,3765
53,3765
56,3765
12,3766
48,3767
16,3769
40,3769
50,3770
46,3771
17,3772
44,3774
5,3775
15,3775
36,3775
1,3776
23,3776
2,3777
16,3777
55,3777
1,3778
4,3778
31,3778
59,3778
21,3780
2,3781
40,3781
1,3782
52,3782
5,3784
12,3784
20,3784
24,3784
33,3785
60,3786
2,3786
36,3786
44,3786
45,3786
56,3786
24,3789
42,3792
9,3793
25,3793
5,3794
24,3794
55,3795
6,3796
52,3796
59,3796
5,3798
19,3798
59,3799
12,3800
51,3802
57,3802
58,3802
41,3804
47,3804
12,3805
50,3805
21,3806
25,3806
29,3807
24,3808
1,3809
1,3810
32,3810
2,3811
14,3811
35,3811
2,3812
24,3812
1,3813
2,3814
18,3814
36,3814
7,3815
29,3815
45,3816
60,3817
13,3817
33,3818
25,3819
33,3819
45,3819
55,3820
37,3821
6,3822
33,3823
50,3823
18,3824
34,3824
7,3825
3,3827
28,3828
34,3829
54,3829
56,3829
55,3830
8,3831
27,3831
31,3831
6,3832
59,3832
1,3833
2,3834
1,3835
59,3835
1,3838
2,3838
51,3838
2,3839
12,3839
13,3839
30,3839
2,3840
40,3840
21,3841
20,3842
5,3843
7,3843
28,3843
54,3843
52,3844
3,3846
55,3846
24,3851
21,3852
35,3853
6,3855
49,3855
55,3855
21,3857
8,3858
50,3858
53,3858
53,3860
33,3863
16,3865
26,3865
43,3865
25,3867
15,3871
45,3871
19,3872
35,3872
38,3872
54,3872
10,3873
46,3874
14,3875
28,3875
29,3875
42,3875
60,3876
8,3877
15,3877
22,3877
27,3878
43,3879
43,3880
25,3882
27,3882
49,3882
56,3884
12,3886
3,3888
15,3888
38,3889
45,3889
57,3889
5,3891
48,3893
36,3895
5,3896
22,3896
54,3896
35,3897
45,3898
20,3900
34,3901
58,3901
25,3903
35,3903
22,3907
57,3907
26,3908
50,3908
30,3909
43,3909
45,3909
18,3910
28,3912
34,3912
8,3914
25,3914
33,3914
6,3916
34,3919
55,3919
23,3920
47,3922
8,3923
52,3923
55,3923
15,3924
25,3925
28,3925
39,3925
1,3926
2,3927
15,3927
1,3928
8,3928
1,3929
32,3929
60,3931
10,3931
2,3933
48,3933
2,3934
37,3935
19,3936
24,3936
45,3936
17,3939
24,3939
31,3939
32,3939
33,3940
46,3941
47,3941
59,3941
54,3943
13,3944
41,3944
53,3945
10,3946
43,3946
8,3948
16,3948
24,3948
47,3948
5,3949
40,3949
48,3949
51,3949
10,3950
20,3950
14,3951
37,3951
40,3951
9,3954
37,3954
4,3955
18,3955
37,3955
50,3955
14,3956
54,3956
57,3956
1,3957
49,3957
1,3958
17,3958
2,3959
2,3961
54,3961
54,3962
59,3962
1,3963
47,3963
2,3964
21,3964
23,3965
31,3967
33,3967
41,3967
41,3968
31,3969
19,3970
30,3970
42,3970
58,3971
51,3972
56,3972
8,3973
13,3976
28,3976
53,3977
1,3978
15,3978
18,3978
18,3979
34,3979
54,3979
58,3979
29,3980
32,3980
20,3987
25,3987
17,3988
15,3989
1,3991
54,3991
15,3992
40,3992
43,3992
14,3993
32,3993
14,3996
42,3996
46,3996
22,3998
13,3999
59,3999
50,4000
52,4000
32,4001
55,4001
42,4002
50,4003
22,4004
54,4004
54,4005
32,4006
60,4007
11,4009
19,4009
24,4009
11,4011
59,4011
25,4013
29,4013
60,4014
6,4014
18,4014
29,4014
34,4014
3,4015
26,4015
30,4017
1,4020
37,4021
59,4021
1,4022
22,4022
26,4022
43,4022
2,4023
1,4024
21,4024
56,4024
2,4025
23,4025
53,4026
40,4027
21,4029
24,4029
53,4029
13,4030
29,4030
54,4031
2,4032
16,4032
41,4033
16,4035
54,4035
48,4036
55,4036
21,4038
34,4038
60,4040
16,4040
53,4041
11,4042
27,4042
23,4043
1,4044
24,4045
23,4046
43,4046
22,4047
44,4049
30,4052
52,4052
2,4053
53,4053
28,4054
41,4054
48,4054
1,4056
7,4056
11,4056
2,4060
29,4060
56,4060
7,4061
1,4062
20,4062
2,4063
57,4063
45,4064
54,4064
4,4066
7,4067
15,4067
54,4068
12,4069
57,4069
3,4071
8,4071
14,4071
24,4072
16,4073
19,4073
41,4073
5,4074
19,4075
27,4075
48,4075
7,4076
23,4077
21,4078
57,4079
26,4080
7,4082
33,4082
42,4083
23,4084
45,4084
10,4085
8,4086
22,4086
21,4088
15,4089
17,4090
52,4092
43,4093
56,4096
24,4098
27,4098
28,4099
26,4100
52,4101
29,4103
21,4104
35,4104
11,4107
59,4107
60,4108
40,4108
51,4108
47,4109
38,4110
50,4110
13,4111
12,4112
3,4113
54,4114
53,4116
31,4117
43,4118
48,4118
3,4120
26,4120
46,4122
34,4123
56,4123
40,4125
23,4126
7,4127
8,4127
21,4127
34,4127
59,4127
5,4128
60,4129
6,4129
21,4129
36,4129
28,4130
40,4133
58,4133
30,4134
54,4134
15,4135
41,4135
51,4135
52,4138
16,4139
30,4139
33,4139
60,4140
10,4140
4,4141
6,4141
27,4142
32,4142
12,4143
9,4144
17,4144
13,4145
41,4149
54,4149
59,4149
22,4150
40,4150
13,4151
27,4151
25,4154
34,4154
33,4156
26,4157
15,4162
23,4162
6,4163
27,4163
37,4164
4,4165
38,4165
35,4167
13,4171
48,4171
41,4172
56,4172
27,4174
10,4175
19,4176
39,4176
34,4177
45,4178
50,4179
1,4180
14,4180
25,4180
27,4180
53,4180
1,4181
15,4181
20,4181
14,4182
54,4182
2,4183
37,4184
40,4184
32,4185
45,4185
9,4186
11,4186
13,4186
28,4186
1,4187
36,4187
2,4188
25,4188
57,4190
56,4191
2,4192
5,4193
17,4193
31,4193
40,4194
22,4196
4,4197
29,4197
18,4198
32,4198
49,4198
26,4199
8,4200
23,4200
54,4204
36,4206
4,4207
13,4207
56,4208
15,4209
23,4209
42,4209
4,4212
56,4212
18,4213
19,4213
22,4213
39,4216
54,4216
60,4217
16,4217
26,4217
1,4219
22,4219
3,4220
30,4220
56,4220
34,4221
41,4224
13,4225
36,4225
26,4226
28,4226
26,4227
28,4229
42,4229
6,4230
22,4230
36,4230
19,4232
41,4232
47,4232
12,4233
13,4233
16,4235
18,4235
43,4238
52,4238
27,4241
11,4242
25,4243
43,4243
18,4244
42,4244
4,4245
15,4246
44,4246
16,4247
28,4247
45,4249
3,4250
46,4250
28,4251
58,4251
60,4252
54,4253
22,4254
58,4254
13,4255
14,4255
15,4256
5,4258
32,4258
43,4258
49,4258
4,4259
20,4259
13,4261
26,4261
6,4262
11,4262
32,4262
35,4262
40,4262
23,4263
30,4264
48,4264
39,4265
14,4271
39,4273
47,4273
2,4275
14,4275
36,4275
15,4277
22,4277
43,4277
1,4278
60,4279
2,4279
55,4279
49,4280
60,4282
13,4282
38,4282
1,4283
51,4284
11,4286
2,4287
48,4287
31,4289
1,4290
32,4291
2,4293
58,4293
1,4295
27,4295
8,4297
44,4297
1,4298
14,4298
2,4299
14,4299
38,4299
57,4299
3,4300
6,4300
46,4300
1,4301
48,4301
58,4301
18,4302
25,4302
56,4303
2,4304
16,4304
29,4304
32,4304
2,4305
3,4305
42,4305
46,4305
35,4307
11,4308
36,4308
24,4309
55,4311
4,4312
28,4314
34,4314
13,4315
3,4316
60,4317
35,4319
16,4320
28,4320
29,4320
31,4320
14,4322
43,4323
53,4323
8,4324
31,4324
54,4324
49,4325
6,4326
8,4326
36,4326
20,4327
43,4327
45,4328
1,4330
5,4331
25,4331
45,4331
46,4332
51,4332
53,4333
59,4333
1,4335
57,4335
2,4336
19,4336
38,4336
2,4337
23,4337
31,4337
1,4339
33,4339
26,4342
35,4342
55,4342
2,4343
29,4343
26,4344
5,4345
22,4345
23,4345
33,4345
52,4347
10,4351
24,4351
25,4351
46,4352
3,4353
19,4355
47,4357
1,4360
18,4360
2,4361
11,4361
1,4362
46,4362
47,4362
49,4362
59,4362
38,4363
42,4363
2,4364
15,4364
58,4364
60,4366
1,4366
55,4366
2,4367
25,4368
46,4369
18,4370
18,4371
28,4371
55,4371
8,4372
35,4372
55,4372
4,4373
55,4373
22,4374
33,4374
47,4374
12,4377
14,4377
15,4377
27,4378
32,4378
20,4379
51,4379
18,4380
27,4380
13,4381
33,4381
35,4381
51,4381
55,4381
43,4382
22,4383
8,4384
53,4384
54,4385
32,4386
55,4386
53,4390
1,4392
47,4393
55,4393
1,4394
5,4394
17,4394
36,4394
2,4395
22,4395
4,4396
34,4396
2,4397
1,4398
6,4398
15,4398
38,4398
2,4401
33,4401
48,4401
56,4401
5,4402
14,4402
43,4402
1,4404
23,4404
1,4405
6,4405
15,4405
2,4406
29,4407
10,4409
31,4409
53,4409
33,4410
1,4411
16,4412
32,4412
39,4412
56,4412
2,4413
51,4414
54,4414
2,4415
5,4415
23,4415
1,4416
59,4416
4,4417
16,4417
31,4417
2,4418
42,4418
1,4419
6,4419
11,4421
10,4422
27,4423
38,4423
36,4424
44,4424
1,4425
55,4425
2,4426
25,4426
2,4427
37,4427
15,4428
40,4429
53,4430
48,4431
59,4431
35,4433
49,4433
10,4434
31,4434
16,4437
51,4438
23,4441
39,4441
22,4442
45,4442
13,4443
15,4443
41,4443
28,4444
51,4445
56,4445
21,4447
17,4449
27,4449
43,4449
12,4450
43,4452
23,4453
34,4454
58,4455
5,4456
3,4458
7,4461
29,4461
23,4463
27,4463
37,4463
45,4463
1,4466
1,4467
42,4467
53,4467
2,4468
18,4468
30,4468
16,4470
51,4470
1,4471
18,4472
28,4472
2,4473
3,4473
15,4473
48,4474
31,4477
2,4478
27,4478
1,4479
53,4479
53,4480
2,4481
1,4482
1,4483
42,4483
2,4484
6,4484
59,4484
2,4485
13,4487
60,4488
19,4488
25,4488
30,4489
49,4489
58,4489
59,4489
4,4491
25,4491
59,4491
24,4493
51,4494
20,4495
45,4495
49,4495
52,4495
34,4497
44,4497
58,4499
21,4500
39,4500
36,4501
7,4502
30,4502
7,4503
11,4503
40,4503
43,4504
54,4504
34,4505
28,4509
14,4510
37,4510
18,4511
45,4512
26,4513
39,4514
51,4514
6,4515
30,4516
54,4516
1,4517
37,4517
2,4518
8,4518
48,4518
22,4520
1,4521
35,4521
35,4522
7,4523
37,4523
51,4523
2,4524
1,4525
7,4525
2,4526
24,4526
30,4526
55,4526
33,4527
49,4528
24,4529
42,4529
23,4530
47,4530
10,4531
36,4531
10,4532
13,4533
47,4536
6,4539
29,4541
51,4542
19,4543
5,4544
46,4544
22,4545
20,4546
57,4546
6,4547
25,4547
39,4547
22,4548
28,4548
59,4548
15,4549
21,4550
32,4550
35,4551
57,4551
29,4553
9,4556
9,4558
30,4559
49,4559
22,4561
30,4561
5,4562
7,4562
46,4564
56,4564
4,4567
18,4570
15,4571
38,4572
37,4573
21,4574
53,4574
17,4575
22,4575
5,4579
48,4579
17,4580
18,4580
39,4580
22,4581
42,4581
16,4582
31,4582
25,4583
53,4584
60,4585
10,4585
48,4585
20,4587
58,4588
46,4589
54,4589
58,4589
7,4590
49,4590
9,4593
12,4594
1,4597
46,4597
2,4598
5,4599
47,4599
1,4600
2,4601
4,4603
1,4604
34,4604
27,4605
55,4605
2,4607
37,4609
1,4610
18,4610
56,4610
1,4611
8,4613
17,4613
38,4614
2,4615
50,4615
1,4616
27,4616
2,4617
2,4619
10,4619
1,4620
30,4620
16,4621
55,4621
42,4622
23,4623
29,4623
32,4623
28,4624
41,4624
60,4625
49,4625
6,4626
47,4628
36,4629
60,4631
42,4631
51,4631
55,4631
16,4632
47,4632
30,4634
30,4635
48,4636
27,4637
48,4637
12,4638
9,4640
43,4640
54,4640
18,4641
42,4643
16,4645
42,4646
17,4648
15,4649
44,4649
23,4652
3,4653
22,4653
47,4653
55,4654
59,4654
57,4656
33,4657
20,4658
25,4658
28,4658
4,4659
10,4659
21,4659
39,4659
41,4659
47,4659
7,4660
11,4662
12,4664
20,4664
49,4664
58,4665
16,4667
37,4667
28,4669
40,4670
9,4672
57,4672
18,4673
24,4673
12,4674
16,4677
55,4678
39,4679
22,4680
55,4681
26,4682
55,4686
52,4687
26,4688
52,4688
32,4689
33,4689
22,4690
31,4692
17,4693
27,4695
27,4696
42,4696
1,4697
23,4697
42,4697
19,4698
38,4698
40,4698
1,4699
29,4699
2,4704
42,4705
51,4705
40,4706
1,4707
4,4707
32,4707
58,4707
2,4708
14,4708
16,4708
2,4709
25,4709
29,4709
55,4710
41,4711
6,4712
11,4712
9,4713
28,4713
14,4714
33,4714
51,4714
53,4714
48,4715
19,4716
45,4716
53,4716
27,4719
4,4720
31,4721
34,4723
39,4723
28,4724
24,4725
30,4725
41,4726
46,4726
17,4728
29,4728
39,4728
32,4729
36,4729
13,4730
55,4731
23,4732
34,4732
47,4732
10,4734
58,4734
33,4735
41,4738
6,4739
18,4739
34,4739
15,4740
22,4740
27,4740
47,4740
31,4741
3,4743
41,4743
26,4744
36,4746
53,4746
47,4747
3,4748
46,4748
4,4750
8,4750
20,4752
38,4753
47,4753
3,4754
10,4754
23,4754
7,4755
12,4756
31,4758
48,4758
14,4760
35,4761
23,4762
58,4762
18,4763
17,4764
31,4764
39,4764
48,4766
8,4767
22,4767
32,4767
35,4768
7,4771
41,4771
39,4772
39,4773
10,4774
3,4775
51,4775
27,4776
23,4779
49,4779
54,4779
21,4780
37,4780
19,4781
35,4781
13,4782
52,4782
23,4783
34,4783
49,4783
60,4784
6,4784
39,4784
13,4785
24,4785
27,4785
28,4785
16,4786
59,4786
15,4787
15,4788
52,4788
4,4789
45,4790
8,4791
11,4791
41,4791
15,4793
53,4794
5,4797
34,4797
3,4798
43,4798
7,4799
60,4800
35,4800
3,4801
36,4802
44,4802
50,4803
1,4804
4,4808
25,4809
33,4809
5,4810
6,4812
45,4812
56,4812
14,4813
29,4815
43,4815
51,4815
52,4815
21,4817
22,4817
58,4817
41,4818
1,4821
9,4821
30,4821
55,4821
49,4822
55,4822
2,4823
14,4823
25,4823
1,4824
14,4824
55,4824
1,4825
17,4826
46,4826
2,4827
57,4827
7,4828
6,4829
2,4831
16,4833
21,4833
7,4834
11,4834
45,4834
28,4835
37,4835
57,4835
8,4836
19,4836
20,4836
10,4837
49,4837
54,4837
55,4838
7,4839
34,4839
53,4839
5,4840
7,4840
30,4842
41,4844
43,4844
52,4844
1,4845
19,4845
27,4845
2,4846
31,4846
1,4848
24,4848
1,4849
3,4849
18,4849
31,4849
46,4849
2,4850
59,4851
2,4852
25,4854
29,4854
26,4855
37,4855
1,4856
18,4856
39,4856
1,4857
5,4857
41,4858
7,4859
19,4860
43,4861
51,4861
2,4863
14,4863
29,4864
53,4864
2,4865
18,4865
32,4866
1,4867
2,4868
18,4869
26,4869
19,4871
3,4872
9,4873
44,4874
5,4875
26,4875
15,4876
38,4876
55,4876
5,4877
28,4877
16,4879
21,4880
46,4880
54,4880
58,4880
5,4881
14,4886
24,4886
36,4887
47,4887
58,4888
24,4889
11,4891
24,4892
45,4892
39,4893
40,4895
22,4896
4,4897
9,4897
11,4897
18,4897
52,4898
6,4899
41,4900
14,4901
19,4901
25,4901
21,4902
44,4903
33,4904
58,4905
24,4906
59,4907
34,4908
43,4909
56,4909
9,4911
46,4911
56,4913
23,4915
41,4915
40,4918
21,4919
60,4921
4,4921
14,4922
17,4924
25,4924
1,4926
2,4928
11,4928
1,4929
4,4929
47,4929
50,4929
1,4930
2,4931
2,4932
48,4932
1,4933
53,4934
43,4936
47,4936
40,4937
50,4937
46,4939
13,4941
43,4941
33,4942
17,4944
15,4946
20,4946
20,4947
57,4947
26,4948
55,4948
20,4949
53,4949
15,4952
45,4953
47,4953
17,4954
54,4954
22,4955
1,4956
1,4957
12,4957
30,4958
55,4958
2,4959
6,4959
53,4959
6,4960
25,4960
2,4961
1,4962
25,4962
2,4964
28,4964
2,4965
32,4965
33,4966
34,4966
14,4968
46,4968
56,4968
25,4969
59,4969
25,4973
33,4973
41,4973
55,4974
37,4975
58,4975
8,4976
17,4976
5,4977
33,4977
27,4979
40,4979
5,4981
13,4982
29,4982
31,4982
37,4982
46,4982
40,4984
43,4984
57,4984
60,4985
25,4985
50,4987
60,4988
27,4988
45,4988
13,4989
55,4991
9,4992
28,4992
40,4992
46,4993
59,4994
31,4996
50,4996
51,4996
28,5001
60,5002
13,5004
20,5004
36,5004
58,5004
4,5005
35,5005
53,5005
49,5006
52,5007
33,5008
53,5009
22,5012
31,5012
43,5012
52,5015
34,5016
1,5017
12,5017
1,5018
55,5018
16,5019
2,5020
5,5020
43,5020
35,5021
23,5022
50,5022
5,5023
6,5023
1,5026
27,5026
37,5026
42,5026
54,5026
2,5027
8,5027
25,5027
26,5028
28,5028
57,5028
9,5030
46,5030
50,5031
2,5032
31,5035
20,5038
56,5038
29,5039
17,5040
2,5041
8,5041
45,5041
58,5042
35,5044
3,5046
30,5046
7,5047
12,5047
44,5047
38,5048
18,5049
25,5050
35,5050
41,5050
1,5051
41,5051
23,5052
2,5053
18,5053
36,5053
59,5053
40,5054
49,5054
1,5055
2,5056
54,5056
1,5057
25,5057
2,5058
46,5058
14,5061
18,5061
4,5062
8,5062
58,5062
60,5063
33,5064
44,5064
40,5066
4,5067
12,5067
51,5067
18,5068
42,5068
1,5069
43,5069
52,5069
2,5070
55,5070
9,5072
13,5072
31,5072
36,5072
1,5073
28,5074
56,5074
2,5075
38,5075
1,5076
27,5076
59,5076
2,5077
22,5078
26,5078
46,5078
10,5079
12,5081
24,5084
24,5085
30,5086
10,5088
12,5088
44,5088
23,5089
39,5090
32,5093
3,5095
38,5097
57,5097
16,5098
51,5098
9,5099
24,5100
25,5100
37,5100
43,5100
26,5101
33,5103
55,5103
1,5105
2,5106
20,5106
41,5106
54,5106
1,5107
1,5110
11,5110
21,5110
33,5110
41,5110
2,5111
10,5111
12,5111
56,5111
57,5111
2,5113
31,5115
41,5115
37,5116
51,5116
44,5117
10,5118
20,5118
9,5120
13,5120
53,5120
8,5122
8,5124
33,5124
41,5125
1,5126
29,5126
41,5126
29,5127
1,5128
19,5128
25,5128
53,5130
2,5132
6,5132
56,5132
50,5133
10,5134
29,5134
34,5134
2,5137
33,5137
17,5138
45,5138
1,5139
45,5140
2,5141
16,5141
52,5141
54,5142
56,5143
59,5144
11,5145
23,5145
7,5146
17,5148
40,5148
23,5149
39,5149
44,5150
53,5151
4,5152
31,5153
30,5154
25,5155
32,5156
41,5156
49,5157
34,5160
38,5162
30,5163
36,5163
52,5163
24,5164
39,5164
30,5165
31,5165
45,5165
55,5165
59,5166
17,5169
27,5169
33,5171
56,5171
21,5172
54,5172
22,5173
34,5173
35,5174
18,5175
30,5178
32,5178
46,5178
21,5179
38,5179
46,5179
7,5182
4,5183
40,5184
43,5184
48,5185
53,5186
60,5187
9,5188
13,5188
42,5189
45,5191
57,5191
46,5192
57,5192
54,5193
35,5194
1,5195
2,5196
20,5196
21,5196
42,5196
1,5197
1,5198
10,5198
52,5198
2,5199
51,5199
34,5200
23,5201
26,5202
2,5203
31,5204
34,5204
40,5204
56,5204
31,5205
57,5205
38,5206
60,5207
33,5207
39,5207
18,5208
8,5209
18,5209
34,5209
47,5210
55,5210
54,5211
8,5212
32,5212
39,5212
32,5217
15,5218
13,5220
23,5220
44,5220
48,5220
55,5220
10,5221
59,5221
27,5222
6,5223
48,5224
53,5224
45,5225
47,5226
15,5230
31,5230
10,5232
25,5232
1,5235
32,5235
30,5236
31,5236
48,5236
54,5236
35,5238
5,5239
14,5239
1,5240
2,5240
3,5241
17,5241
34,5242
7,5243
26,5243
51,5243
1,5244
11,5244
1,5245
15,5247
2,5248
24,5249
35,5249
2,5250
33,5250
19,5251
13,5252
10,5253
13,5253
24,5253
30,5253
44,5253
45,5253
48,5253
14,5254
30,5254
33,5255
28,5256
49,5256
42,5257
23,5258
30,5258
37,5258
60,5259
13,5259
28,5260
18,5261
34,5261
18,5263
22,5263
18,5264
41,5264
28,5265
29,5265
54,5265
23,5266
58,5267
19,5268
36,5269
16,5271
20,5271
41,5272
4,5273
32,5273
4,5274
33,5275
41,5275
25,5276
30,5281
31,5281
50,5281
60,5282
3,5282
55,5283
1,5284
47,5285
1,5286
2,5287
25,5287
1,5288
23,5290
60,5291
2,5291
4,5292
14,5293
2,5294
37,5295
46,5295
16,5296
56,5296
54,5297
9,5298
51,5299
59,5299
13,5302
53,5302
24,5303
26,5304
50,5304
53,5304
60,5306
10,5306
5,5308
9,5308
53,5308
15,5309
17,5309
34,5310
48,5310
9,5311
12,5312
14,5312
33,5312
58,5312
16,5314
22,5315
34,5315
6,5316
26,5318
3,5320
41,5320
54,5321
7,5322
10,5323
35,5323
19,5324
59,5324
51,5326
3,5327
4,5327
25,5327
31,5328
8,5329
20,5329
48,5330
5,5331
21,5332
26,5333
33,5333
59,5333
24,5334
56,5334
47,5337
14,5338
17,5338
27,5338
28,5339
33,5341
40,5341
3,5342
9,5342
1,5343
30,5344
39,5346
32,5347
46,5347
48,5347
11,5348
22,5349
26,5349
45,5350
20,5352
45,5352
1,5353
32,5353
2,5355
40,5355
51,5355
1,5356
17,5356
39,5356
2,5357
11,5357
38,5357
1,5358
24,5358
34,5358
37,5358
2,5359
18,5362
4,5365
38,5365
35,5366
52,5366
3,5367
56,5368
4,5369
33,5369
42,5370
22,5371
44,5371
48,5372
35,5373
39,5375
30,5376
45,5376
52,5378
1,5379
48,5380
46,5381
30,5383
16,5384
40,5384
15,5385
55,5385
31,5387
22,5390
33,5392
7,5393
6,5395
24,5395
49,5398
54,5398
3,5399
5,5400
11,5400
22,5402
1,5403
16,5403
36,5403
44,5403
1,5404
50,5404
9,5406
54,5406
59,5406
2,5407
8,5407
44,5407
2,5408
48,5408
1,5409
17,5409
36,5409
2,5410
44,5410
28,5411
60,5412
38,5412
20,5414
52,5415
20,5417
35,5418
39,5418
56,5418
60,5419
23,5419
39,5419
5,5420
13,5420
30,5420
35,5421
39,5421
47,5427
53,5428
41,5430
10,5431
18,5431
24,5431
15,5432
25,5432
49,5432
11,5435
37,5435
54,5435
41,5436
45,5436
30,5439
4,5440
15,5440
43,5440
17,5441
37,5442
31,5443
33,5443
51,5443
24,5447
51,5447
53,5447
38,5448
45,5448
6,5449
11,5450
44,5450
58,5450
50,5451
8,5457
11,5457
25,5457
29,5457
35,5457
55,5457
58,5457
51,5458
43,5459
15,5460
9,5463
45,5465
50,5465
51,5466
23,5467
27,5468
19,5471
35,5472
49,5474
32,5475
37,5475
8,5476
21,5476
22,5476
42,5477
6,5478
42,5478
35,5479
51,5479
23,5481
33,5481
41,5481
46,5481
53,5481
12,5482
38,5482
15,5483
30,5483
33,5483
45,5483
56,5483
52,5485
56,5485
15,5486
29,5487
9,5488
14,5489
41,5489
49,5490
3,5491
18,5491
23,5491
42,5493
39,5494
40,5494
58,5496
13,5497
23,5499
44,5499
19,5500
51,5500
27,5502
25,5503
36,5503
3,5504
13,5504
60,5505
13,5505
26,5505
22,5506
4,5507
11,5507
37,5507
16,5508
40,5509
18,5510
34,5510
53,5511
42,5512
58,5512
29,5513
39,5514
44,5514
10,5515
41,5515
9,5516
42,5516
17,5517
31,5517
14,5519
37,5520
21,5521
5,5524
46,5525
20,5527
53,5529
28,5530
55,5532
6,5536
10,5536
11,5537
15,5538
18,5538
43,5538
14,5541
37,5541
44,5541
13,5542
57,5542
13,5543
25,5545
52,5545
4,5546
10,5546
40,5547
45,5547
3,5548
10,5548
26,5548
29,5549
59,5550
8,5551
1,5552
19,5554
3,5555
7,5555
8,5555
9,5555
26,5557
60,5559
21,5559
16,5561
56,5561
32,5562
53,5562
32,5564
27,5565
56,5566
36,5567
22,5568
23,5568
51,5569
50,5570
56,5570
11,5571
44,5572
15,5573
29,5573
52,5573
60,5574
8,5574
26,5576
35,5576
40,5577
49,5577
2,5578
14,5578
23,5579
44,5579
59,5579
49,5580
26,5581
34,5583
43,5583
19,5585
32,5585
21,5586
5,5590
9,5590
11,5590
14,5592
20,5592
52,5593
29,5594
59,5595
23,5597
10,5599
4,5600
21,5600
28,5600
40,5600
60,5603
40,5604
4,5605
11,5605
35,5605
26,5606
37,5609
42,5609
48,5609
49,5609
40,5610
42,5610
48,5613
15,5614
21,5617
17,5618
28,5618
33,5619
45,5620
50,5621
44,5622
6,5623
40,5623
52,5624
10,5625
28,5625
19,5626
12,5628
49,5629
60,5631
38,5631
16,5632
23,5634
37,5634
28,5635
27,5636
33,5636
44,5637
19,5638
42,5639
12,5641
10,5644
26,5644
44,5645
54,5647
37,5650
43,5650
4,5651
8,5651
37,5651
39,5653
46,5653
17,5654
43,5654
15,5655
42,5655
20,5656
32,5656
6,5657
15,5657
24,5657
43,5657
13,5660
4,5661
19,5662
47,5662
40,5666
16,5667
13,5671
14,5671
32,5671
45,5671
37,5672
58,5673
3,5674
7,5675
54,5677
10,5678
31,5678
52,5678
23,5679
11,5680
11,5684
20,5686
27,5687
32,5687
47,5687
55,5689
7,5691
23,5691
41,5692
21,5694
9,5695
26,5695
57,5695
22,5696
55,5696
20,5698
13,5699
42,5699
44,5699
52,5700
57,5700
1,5701
2,5701
15,5701
43,5701
20,5702
23,5702
35,5702
53,5703
1,5704
30,5704
2,5706
1,5707
34,5707
2,5708
2,5709
19,5709
29,5712
40,5712
28,5713
48,5715
6,5717
12,5717
47,5717
9,5718
7,5720
26,5720
10,5722
13,5722
47,5722
58,5723
13,5725
29,5725
21,5731
26,5732
49,5732
6,5733
3,5735
46,5736
6,5738
23,5739
44,5740
9,5741
46,5742
6,5743
17,5745
46,5745
25,5748
35,5748
56,5748
11,5749
18,5749
42,5749
3,5750
26,5750
44,5751
49,5751
34,5752
40,5752
58,5752
54,5753
22,5756
58,5756
8,5757
44,5757
47,5757
55,5758
60,5759
17,5759
33,5759
13,5760
17,5760
21,5760
33,5760
33,5763
44,5763
1,5765
23,5765
6,5766
51,5767
23,5769
25,5769
38,5769
46,5770
39,5772
42,5773
25,5774
41,5774
31,5775
46,5775
29,5776
55,5776
44,5780
37,5782
59,5782
20,5784
35,5784
1,5785
56,5785
43,5788
58,5788
40,5789
34,5790
3,5794
26,5794
38,5794
14,5796
12,5797
46,5797
9,5798
25,5798
37,5798
26,5799
29,5801
33,5801
27,5802
38,5802
5,5804
31,5804
32,5804
33,5804
18,5806
50,5806
54,5806
1,5807
19,5807
20,5807
2,5808
28,5809
38,5809
51,5809
46,5810
50,5810
6,5813
16,5813
31,5813
36,5813
37,5813
12,5814
1,5815
12,5815
8,5816
13,5817
40,5817
58,5817
47,5818
2,5819
60,5820
1,5820
31,5820
2,5821
11,5821
33,5824
13,5825
38,5825
50,5826
52,5826
3,5831
21,5831
41,5831
6,5832
19,5832
25,5835
33,5835
5,5836
47,5837
50,5837
33,5838
38,5839
48,5840
25,5841
58,5841
60,5843
21,5843
4,5844
25,5844
31,5844
4,5845
17,5845
40,5845
13,5846
9,5847
1,5848
1,5849
14,5849
21,5849
2,5850
25,5850
2,5851
18,5851
1,5852
14,5852
53,5852
2,5853
14,5853
6,5854
26,5855
13,5856
30,5856
60,5857
35,5859
8,5860
32,5861
23,5863
33,5863
40,5863
12,5865
55,5865
5,5868
21,5868
49,5868
51,5868
23,5869
34,5870
1,5871
25,5871
1,5872
8,5872
2,5873
54,5873
15,5875
28,5875
3,5877
1,5878
15,5878
20,5879
24,5879
2,5880
49,5880
53,5880
2,5881
55,5881
13,5884
18,5884
37,5886
30,5887
15,5888
54,5888
9,5889
36,5889
54,5889
13,5890
44,5890
58,5890
57,5891
13,5893
37,5893
45,5893
44,5894
25,5897
5,5899
54,5899
38,5900
14,5901
48,5901
20,5903
7,5905
55,5905
27,5906
49,5906
33,5907
36,5907
12,5908
28,5908
49,5908
11,5909
49,5909
59,5910
14,5911
36,5912
41,5913
49,5914
59,5914
10,5915
31,5915
51,5915
10,5916
5,5917
49,5917
25,5918
31,5918
35,5918
3,5919
28,5919
29,5920
52,5922
40,5924
45,5924
55,5925
4,5926
42,5929
46,5929
19,5930
35,5934
27,5935
44,5935
21,5936
48,5936
50,5937
1,5938
13,5938
59,5938
60,5939
53,5939
29,5940
22,5943
59,5943
34,5944
41,5944
42,5944
2,5945
1,5946
3,5947
29,5947
40,5947
2,5948
20,5948
55,5948
1,5949
13,5949
2,5950
34,5950
16,5952
24,5952
59,5953
53,5954
40,5955
28,5956
55,5956
9,5957
11,5958
10,5959
22,5960
35,5961
39,5963
53,5964
60,5965
29,5965
48,5966
28,5968
36,5968
49,5968
8,5972
56,5972
58,5972
59,5973
25,5975
48,5975
56,5976
4,5977
58,5977
34,5979
9,5980
32,5980
16,5981
32,5981
56,5982
20,5983
15,5984
23,5984
49,5984
22,5985
49,5985
43,5986
31,5988
44,5988
53,5988
22,5992
38,5993
48,5993
51,5993
14,5994
23,5995
31,5995
2,5996
7,5996
1,5997
56,5997
32,5998
51,5998
28,5999
48,6001
32,6002
49,6002
59,6002
25,6004
13,6005
8,6006
27,6007
29,6007
1,6008
45,6008
56,6008
2,6009
1,6010
17,6010
34,6010
55,6011
25,6012
51,6013
27,6014
33,6014
2,6015
44,6015
1,6016
10,6016
19,6017
24,6017
56,6017
2,6019
50,6019
30,6020
1,6023
24,6023
1,6024
53,6024
56,6024
57,6024
2,6025
7,6026
21,6026
41,6026
1,6028
6,6030
47,6030
2,6031
2,6032
5,6035
10,6035
29,6038
43,6038
35,6039
36,6039
40,6039
3,6040
59,6040
24,6041
43,6041
6,6042
25,6043
19,6044
41,6048
46,6048
44,6049
37,6050
59,6053
29,6054
52,6054
56,6054
6,6055
1,6056
15,6057
36,6058
2,6059
7,6059
1,6060
1,6061
36,6061
10,6063
47,6063
54,6063
4,6064
28,6064
2,6065
30,6065
38,6065
2,6067
17,6067
44,6068
8,6070
13,6071
18,6071
9,6072
33,6072
46,6072
35,6073
51,6074
16,6076
18,6076
21,6076
22,6076
31,6076
42,6077
4,6078
15,6080
17,6082
52,6083
57,6083
54,6084
28,6085
32,6085
42,6085
8,6086
41,6086
50,6088
43,6089
2,6090
23,6091
26,6091
14,6092
19,6092
23,6092
38,6092
14,6093
16,6093
19,6093
23,6093
7,6095
59,6096
30,6099
8,6100
11,6101
14,6102
20,6102
21,6103
29,6103
30,6103
59,6104
49,6105
23,6107
1,6108
11,6108
21,6108
10,6109
5,6110
35,6112
49,6113
44,6114
18,6116
58,6116
44,6117
25,6118
22,6119
47,6119
11,6120
23,6120
48,6120
49,6120
7,6121
34,6122
34,6123
48,6123
18,6124
27,6126
59,6126
17,6127
21,6129
54,6131
7,6132
15,6133
49,6133
19,6135
23,6135
50,6135
13,6136
17,6137
40,6137
48,6137
1,6139
11,6139
20,6139
31,6139
39,6139
59,6139
1,6140
18,6141
39,6141
50,6141
2,6142
28,6143
45,6144
3,6145
36,6145
60,6146
2,6146
1,6148
17,6148
45,6148
2,6149
43,6149
37,6151
11,6152
20,6152
25,6153
30,6153
20,6155
36,6155
47,6155
13,6157
10,6158
25,6158
41,6159
16,6160
20,6161
39,6162
54,6162
25,6163
3,6164
12,6164
20,6164
35,6164
24,6166
60,6170
38,6170
45,6170
10,6171
27,6173
31,6173
9,6174
52,6174
46,6175
7,6178
13,6178
45,6178
9,6179
27,6179
33,6179
8,6180
57,6180
10,6181
24,6181
17,6182
25,6184
25,6185
36,6185
55,6185
59,6185
36,6186
43,6188
21,6189
28,6189
40,6189
3,6190
13,6190
52,6190
14,6191
46,6192
60,6193
9,6193
13,6194
17,6194
48,6194
33,6195
46,6195
25,6197
27,6197
16,6198
48,6199
22,6201
9,6203
12,6203
51,6205
15,6207
11,6211
34,6211
1,6212
24,6212
30,6212
1,6213
21,6213
35,6213
38,6213
2,6214
8,6214
14,6214
18,6215
37,6215
50,6215
1,6217
12,6217
40,6217
45,6218
14,6221
20,6221
51,6221
46,6222
58,6222
2,6224
26,6224
41,6225
26,6226
36,6226
2,6228
20,6228
48,6228
6,6229
35,6229
27,6230
25,6231
57,6231
22,6232
28,6232
36,6232
60,6233
12,6233
58,6233
6,6234
52,6234
1,6235
11,6235
47,6235
1,6236
22,6236
36,6236
48,6236
2,6237
44,6237
2,6238
16,6238
38,6238
39,6238
1,6239
10,6239
38,6240
48,6240
54,6240
47,6241
2,6242
8,6242
10,6242
48,6242
51,6242
55,6242
9,6244
15,6244
42,6244
5,6245
15,6245
4,6247
5,6247
32,6247
37,6247
51,6247
60,6249
19,6249
2,6250
5,6251
15,6252
20,6252
3,6253
31,6253
50,6253
35,6255
3,6256
53,6256
33,6259
48,6259
54,6260
1,6261
22,6264
5,6265
23,6265
48,6265
50,6265
7,6268
54,6269
31,6270
56,6270
4,6271
1,6272
22,6273
23,6273
57,6273
22,6274
41,6274
50,6274
1,6276
46,6277
60,6278
5,6278
38,6278
2,6280
28,6280
33,6280
3,6281
33,6283
2,6284
6,6285
11,6285
26,6285
1,6286
4,6286
10,6286
2,6287
17,6287
8,6288
60,6289
6,6289
44,6289
53,6289
45,6290
52,6291
30,6292
29,6295
47,6295
3,6297
19,6297
47,6298
57,6298
22,6299
19,6300
50,6301
4,6302
12,6303
54,6305
13,6306
40,6306
42,6306
47,6306
1,6307
27,6307
60,6308
9,6308
12,6308
40,6308
28,6310
29,6311
1,6312
8,6312
22,6312
32,6312
59,6312
2,6313
2,6314
25,6315
47,6315
1,6316
30,6316
2,6317
48,6318
34,6319
49,6320
54,6321
56,6321
3,6323
26,6323
38,6325
30,6326
10,6329
32,6329
57,6329
18,6331
21,6331
51,6331
7,6332
13,6332
53,6332
12,6333
36,6333
6,6334
3,6335
25,6335
11,6336
42,6336
26,6338
27,6342
35,6343
3,6344
15,6346
47,6347
12,6348
32,6348
38,6349
25,6350
28,6352
1,6353
25,6353
43,6354
60,6355
2,6355
45,6355
1,6356
25,6356
32,6356
1,6357
2,6358
29,6358
40,6359
57,6359
13,6361
59,6362
2,6363
35,6363
53,6364
60,6365
14,6365
27,6365
1,6366
22,6366
1,6367
39,6367
2,6368
29,6368
43,6368
59,6368
33,6370
41,6370
2,6371
15,6371
30,6371
37,6373
1,6376
12,6376
2,6377
34,6377
37,6378
23,6380
6,6381
41,6382
54,6382
30,6385
44,6385
38,6387
51,6387
12,6388
29,6388
16,6390
57,6392
26,6393
35,6394
42,6394
22,6395
40,6395
44,6396
6,6397
53,6398
23,6401
43,6401
13,6404
57,6404
22,6405
45,6405
55,6406
59,6406
59,6408
43,6410
10,6411
25,6412
2,6413
15,6413
31,6413
23,6414
35,6414
49,6414
4,6415
15,6416
57,6416
5,6418
25,6418
31,6418
37,6418
20,6419
31,6419
35,6419
42,6421
48,6421
23,6422
4,6423
53,6423
12,6424
25,6424
35,6424
28,6425
34,6425
10,6427
19,6428
49,6429
39,6430
57,6430
33,6431
27,6432
29,6432
1,6433
45,6433
46,6433
7,6435
24,6435
2,6436
44,6436
48,6436
1,6438
48,6438
43,6439
2,6440
31,6440
33,6440
1,6441
25,6441
34,6441
2,6442
46,6442
2,6443
32,6443
46,6443
56,6444
46,6445
24,6446
57,6446
10,6447
15,6447
13,6448
48,6448
4,6449
24,6449
43,6450
1,6451
36,6451
37,6451
1,6452
2,6453
31,6453
55,6453
12,6455
52,6455
38,6457
1,6458
2,6459
41,6459
46,6459
41,6460
2,6461
36,6461
12,6462
26,6462
34,6462
17,6463
43,6463
11,6466
22,6466
9,6467
38,6467
4,6468
5,6469
6,6472
20,6472
1,6473
44,6473
45,6473
1,6474
39,6474
2,6475
15,6475
17,6475
1,6476
24,6476
19,6477
21,6477
2,6478
10,6478
16,6478
51,6479
52,6480
2,6483
10,6484
11,6485
16,6488
17,6488
47,6488
55,6488
9,6489
21,6490
50,6490
3,6492
53,6492
54,6493
22,6495
41,6495
54,6495
46,6496
33,6498
26,6499
49,6499
5,6500
41,6500
9,6502
23,6505
8,6506
29,6507
59,6507
23,6509
32,6511
42,6512
52,6512
13,6513
58,6513
59,6513
6,6514
30,6514
44,6514
16,6517
55,6517
40,6520
19,6521
32,6522
55,6523
60,6524
5,6524
18,6524
12,6525
20,6525
39,6525
40,6525
44,6525
17,6528
43,6528
50,6529
40,6530
7,6531
25,6532
52,6532
22,6533
36,6535
35,6536
6,6537
26,6537
16,6538
29,6546
56,6546
19,6547
29,6547
6,6548
35,6548
42,6548
49,6548
29,6549
34,6549
39,6550
10,6551
32,6551
17,6552
31,6552
34,6553
55,6553
48,6554
8,6556
40,6556
9,6557
33,6557
52,6558
56,6558
57,6559
24,6563
36,6563
16,6564
56,6565
34,6566
6,6568
15,6569
37,6571
57,6572
13,6573
26,6574
11,6575
16,6575
60,6576
4,6577
9,6577
38,6579
57,6579
18,6580
41,6580
16,6581
40,6581
60,6582
28,6582
35,6584
39,6585
50,6585
19,6586
43,6586
43,6587
53,6587
59,6588
29,6591
53,6591
45,6594
1,6595
13,6595
21,6597
23,6597
48,6597
37,6598
1,6599
21,6600
19,6601
2,6602
59,6602
1,6603
2,6604
21,6604
41,6604
55,6604
9,6605
47,6605
1,6606
51,6606
2,6607
3,6607
46,6608
14,6610
15,6611
30,6611
36,6615
27,6616
48,6617
52,6617
3,6618
22,6619
19,6620
44,6621
47,6621
60,6622
21,6622
40,6622
11,6623
29,6624
31,6625
31,6626
31,6627
1,6628
25,6629
40,6629
1,6630
2,6631
16,6631
23,6631
1,6632
8,6632
58,6632
2,6633
59,6633
60,6634
2,6636
17,6636
32,6636
42,6636
4,6637
22,6637
24,6637
22,6638
24,6638
9,6639
57,6639
16,6640
12,6641
12,6643
19,6643
21,6643
39,6643
14,6645
45,6645
26,6646
45,6647
5,6648
35,6649
41,6650
22,6651
29,6651
36,6651
44,6651
27,6652
19,6654
15,6655
54,6656
40,6657
43,6659
10,6660
11,6660
26,6660
30,6661
45,6662
44,6663
3,6665
52,6665
18,6666
33,6666
24,6669
33,6669
36,6669
24,6670
30,6671
31,6671
43,6671
23,6672
32,6672
33,6673
27,6674
42,6675
1,6676
27,6676
49,6676
57,6676
1,6677
8,6677
48,6677
2,6678
19,6678
57,6678
2,6680
27,6680
37,6681
1,6682
13,6682
2,6683
14,6683
26,6683
56,6684
36,6686
12,6687
13,6688
4,6689
47,6690
60,6691
35,6691
54,6691
1,6692
2,6692
53,6692
1,6693
32,6693
47,6693
52,6693
6,6694
12,6695
56,6695
2,6696
52,6696
58,6697
1,6698
17,6698
25,6698
42,6698
2,6699
13,6699
43,6699
54,6699
17,6700
53,6700
2,6701
28,6701
41,6701
45,6703
37,6704
49,6704
7,6705
43,6705
10,6706
18,6706
35,6707
39,6707
8,6708
47,6708
27,6709
44,6709
6,6710
12,6712
29,6712
14,6713
49,6718
21,6719
52,6719
49,6722
46,6723
36,6725
51,6725
5,6726
57,6728
57,6729
15,6730
41,6730
14,6731
32,6732
8,6733
16,6734
53,6734
56,6734
49,6735
23,6736
14,6737
26,6737
26,6738
26,6740
52,6740
55,6740
10,6741
16,6744
35,6744
27,6745
41,6747
10,6748
23,6748
40,6749
43,6750
35,6752
22,6753
9,6754
18,6754
26,6755
29,6757
46,6757
9,6759
10,6759
25,6760
39,6760
57,6760
13,6761
46,6761
44,6762
50,6762
54,6763
16,6764
2,6765
49,6766
54,6766
25,6767
55,6767
21,6768
25,6768
44,6768
49,6768
6,6769
3,6770
38,6770
31,6771
49,6771
1,6774
53,6774
1,6775
18,6775
39,6775
2,6776
16,6776
29,6777
2,6778
48,6778
5,6779
1,6782
2,6783
3,6783
56,6783
14,6784
26,6784
36,6784
54,6784
23,6785
14,6789
4,6790
23,6790
17,6791
54,6791
38,6792
9,6793
5,6794
20,6797
6,6798
10,6798
19,6798
21,6800
46,6800
57,6800
34,6803
40,6803
11,6804
16,6804
58,6804
13,6805
16,6805
56,6805
18,6806
19,6806
57,6806
24,6808
11,6809
23,6809
28,6810
40,6810
30,6811
33,6812
57,6812
16,6813
11,6816
36,6816
38,6816
1,6818
26,6818
33,6818
1,6819
26,6819
30,6819
2,6820
8,6820
26,6821
2,6822
28,6822
2,6823
19,6823
26,6823
19,6824
21,6824
1,6828
33,6828
22,6829
43,6829
58,6829
60,6830
28,6830
27,6831
32,6831
2,6832
29,6832
46,6832
21,6834
30,6834
11,6835
16,6835
12,6836
15,6836
28,6836
35,6837
52,6837
13,6842
8,6843
32,6843
47,6843
53,6843
7,6845
9,6845
51,6845
48,6846
35,6848
43,6849
57,6849
27,6850
34,6850
37,6850
4,6852
31,6853
50,6853
45,6855
50,6856
52,6856
1,6858
52,6858
2,6860
30,6860
1,6861
41,6861
2,6862
1,6863
25,6863
36,6863
54,6863
2,6864
19,6864
48,6864
29,6866
36,6867
8,6869
2,6870
52,6870
44,6874
21,6875
51,6876
53,6876
4,6877
33,6878
49,6878
59,6881
30,6882
39,6882
45,6882
5,6883
9,6884
19,6885
23,6885
50,6885
18,6887
48,6887
57,6887
10,6888
22,6888
25,6888
32,6888
48,6888
16,6889
29,6889
14,6890
60,6892
33,6892
44,6892
54,6892
29,6894
14,6895
53,6895
45,6896
25,6900
37,6901
45,6902
50,6902
27,6903
44,6903
21,6906
9,6907
57,6907
32,6908
19,6910
37,6911
43,6911
58,6911
13,6912
49,6912
13,6913
41,6913
52,6913
3,6916
17,6916
6,6917
57,6917
19,6918
23,6918
24,6918
5,6919
31,6920
34,6920
39,6925
54,6925
25,6926
28,6926
29,6927
36,6927
41,6927
2,6931
42,6931
27,6933
11,6934
57,6934
20,6935
49,6935
55,6935
40,6937
30,6938
10,6939
17,6939
54,6939
57,6939
24,6940
25,6940
45,6940
47,6940
49,6942
55,6942
35,6943
17,6944
33,6944
14,6945
3,6946
55,6946
3,6947
43,6947
29,6948
46,6948
24,6949
27,6949
37,6949
34,6950
12,6951
45,6951
25,6952
43,6953
51,6954
22,6959
16,6961
29,6961
53,6961
42,6962
43,6962
44,6962
57,6962
48,6963
15,6964
25,6964
47,6964
57,6964
13,6970
24,6977
39,6977
3,6978
59,6978
14,6979
40,6980
52,6980
49,6981
16,6983
26,6983
53,6984
42,6985
22,6987
44,6987
35,6988
54,6988
31,6989
40,6989
60,6991
10,6991
14,6991
52,6991
19,6992
2,6994
6,6994
19,6994
27,6994
28,6994
36,6994
46,6994
6,6995
56,6995
58,6995
54,6996
13,6997
30,6997
31,6998
38,6998
51,6998
9,6999
42,6999
15,7001
9,7002
30,7003
45,7005
21,7006
38,7006
7,7007
50,7007
27,7010
41,7011
23,7012
17,7014
38,7014
47,7014
58,7014
7,7015
52,7015
54,7015
53,7016
60,7020
16,7020
38,7021
43,7021
18,7022
41,7022
47,7022
57,7023
21,7024
53,7024
31,7026
11,7027
16,7028
10,7029
55,7029
44,7031
42,7032
1,7033
2,7034
27,7035
58,7035
1,7036
42,7036
45,7036
49,7036
2,7037
7,7037
42,7037
1,7038
44,7038
54,7038
18,7040
43,7040
2,7041
46,7041
9,7042
24,7042
57,7042
38,7043
37,7045
3,7046
29,7049
8,7052
11,7052
47,7052
40,7053
45,7053
54,7053
36,7055
4,7057
29,7057
34,7057
5,7059
38,7059
4,7060
58,7060
5,7061
11,7062
40,7062
29,7063
6,7064
42,7066
17,7067
44,7067
46,7068
9,7070
27,7071
44,7072
45,7072
41,7073
44,7073
54,7073
31,7074
7,7076
20,7076
20,7078
21,7079
12,7080
42,7083
7,7084
54,7084
51,7086
29,7087
19,7089
23,7089
37,7090
60,7091
11,7091
38,7094
45,7094
19,7095
54,7095
12,7096
51,7098
26,7099
27,7099
53,7099
59,7099
8,7101
11,7102
40,7102
60,7105
3,7105
24,7106
37,7106
58,7106
9,7108
23,7110
4,7111
14,7111
4,7113
12,7113
14,7115
45,7115
3,7116
57,7116
57,7117
34,7119
58,7119
32,7120
3,7121
8,7121
15,7122
24,7123
5,7125
15,7125
27,7125
15,7126
23,7126
49,7127
14,7128
54,7128
36,7129
57,7130
30,7132
4,7133
22,7133
32,7133
14,7137
17,7138
16,7139
18,7139
58,7139
9,7141
6,7142
42,7142
31,7143
49,7145
21,7147
32,7149
11,7150
47,7150
53,7150
59,7150
31,7151
37,7151
44,7152
23,7153
43,7154
26,7155
44,7155
38,7156
3,7158
50,7159
30,7160
17,7162
18,7162
20,7163
46,7163
38,7166
13,7167
35,7170
55,7172
34,7173
10,7174
59,7174
28,7175
13,7176
44,7176
54,7176
46,7178
25,7179
40,7179
14,7180
32,7180
57,7180
6,7181
45,7183
31,7184
39,7184
18,7187
49,7189
18,7190
19,7190
3,7191
37,7191
39,7191
45,7191
48,7192
57,7195
5,7196
29,7196
41,7196
42,7196
17,7197
43,7197
5,7199
28,7199
29,7199
12,7200
29,7200
7,7201
26,7201
47,7201
48,7201
11,7202
15,7202
19,7204
13,7206
18,7206
23,7207
33,7208
40,7208
43,7209
18,7211
27,7211
37,7211
52,7211
59,7211
21,7212
22,7212
58,7213
27,7215
29,7215
27,7219
60,7220
44,7220
48,7220
58,7221
49,7223
28,7225
1,7226
11,7226
13,7226
57,7226
2,7227
29,7227
1,7228
48,7230
55,7233
57,7233
19,7234
1,7235
32,7235
37,7236
2,7238
35,7238
43,7238
51,7238
2,7239
3,7239
26,7242
56,7242
58,7242
45,7243
50,7243
48,7246
18,7247
19,7249
1,7250
56,7250
2,7252
6,7252
29,7252
1,7253
40,7253
46,7254
57,7255
2,7256
3,7256
1,7257
23,7257
41,7257
2,7258
44,7258
38,7260
58,7260
51,7264
27,7266
51,7266
56,7267
16,7271
17,7271
35,7271
43,7271
58,7271
46,7272
47,7272
7,7273
46,7273
54,7273
12,7274
34,7274
1,7277
36,7277
1,7278
2,7279
41,7279
29,7281
2,7282
50,7283
5,7284
16,7284
60,7285
1,7285
33,7286
2,7287
12,7289
31,7289
44,7290
1,7291
35,7291
41,7291
54,7291
1,7292
54,7292
55,7292
2,7293
19,7293
42,7293
57,7294
1,7295
34,7296
2,7298
2,7300
59,7300
6,7302
55,7302
38,7304
43,7305
57,7305
11,7306
28,7306
14,7308
47,7308
29,7309
25,7310
38,7310
4,7311
22,7311
21,7312
35,7312
10,7313
41,7314
60,7317
12,7318
18,7319
37,7319
46,7319
19,7320
20,7320
51,7320
23,7321
38,7321
57,7321
23,7322
34,7322
38,7322
50,7322
45,7323
21,7324
45,7324
49,7324
60,7325
12,7327
14,7327
21,7327
50,7327
47,7328
40,7329
50,7329
28,7330
10,7331
39,7332
46,7333
30,7334
41,7334
57,7335
17,7338
10,7339
8,7340
33,7341
4,7342
30,7342
39,7342
59,7344
9,7345
29,7345
2,7347
15,7348
19,7348
47,7349
4,7351
46,7353
49,7355
9,7356
22,7356
28,7358
23,7359
14,7360
27,7360
4,7362
52,7362
55,7362
10,7363
35,7365
16,7366
18,7369
42,7369
58,7369
38,7371
24,7372
25,7373
36,7374
13,7376
29,7378
30,7379
52,7379
14,7380
37,7380
20,7381
25,7381
31,7381
16,7382
1,7383
22,7383
33,7383
38,7384
45,7384
49,7384
34,7386
56,7388
2,7389
1,7390
9,7391
15,7391
58,7391
2,7392
42,7392
28,7393
36,7393
1,7394
2,7395
55,7395
6,7396
26,7397
15,7398
44,7398
50,7398
13,7399
25,7399
28,7399
59,7399
28,7400
54,7400
15,7401
42,7402
53,7405
59,7405
6,7407
49,7408
21,7409
25,7410
60,7411
1,7413
37,7413
45,7414
50,7414
35,7415
43,7415
44,7415
52,7415
59,7415
43,7416
1,7418
12,7418
21,7418
11,7419
4,7421
8,7421
9,7421
18,7421
41,7421
46,7421
5,7423
58,7423
39,7424
12,7425
14,7425
21,7425
55,7425
6,7427
26,7427
11,7428
15,7428
19,7428
33,7429
35,7430
21,7431
35,7431
36,7431
57,7431
21,7433
26,7434
35,7434
14,7437
52,7437
24,7440
15,7441
12,7442
19,7442
58,7442
1,7445
19,7445
32,7445
27,7446
57,7446
4,7447
23,7447
50,7447
60,7448
1,7448
28,7448
31,7448
6,7449
41,7449
2,7450
26,7450
44,7450
46,7452
37,7453
1,7454
31,7454
2,7455
50,7455
2,7456
30,7456
22,7457
13,7458
42,7458
5,7459
44,7459
45,7459
34,7460
55,7460
9,7461
23,7461
27,7461
16,7462
22,7463
47,7463
9,7464
28,7465
34,7468
21,7469
30,7469
6,7470
39,7470
29,7471
36,7472
43,7474
48,7474
60,7475
18,7475
41,7476
16,7477
49,7479
28,7480
26,7483
9,7484
14,7484
28,7484
1,7485
1,7486
12,7487
53,7487
16,7488
16,7490
23,7490
26,7490
43,7490
31,7491
38,7493
47,7493
4,7494
33,7494
48,7494
4,7495
46,7496
10,7497
18,7497
23,7499
42,7499
51,7499
20,7501
6,7503
12,7504
16,7505
50,7506
23,7507
24,7507
46,7508
1,7509
1,7510
2,7511
8,7511
13,7511
1,7512
52,7512
2,7513
37,7513
2,7514
15,7514
17,7514
22,7514
33,7514
37,7514
20,7515
56,7515
14,7517
28,7517
7,7519
16,7519
18,7519
19,7520
24,7520
27,7520
21,7523
19,7525
6,7526
10,7526
36,7526
22,7527
56,7528
57,7528
47,7529
38,7530
37,7531
49,7531
7,7532
8,7532
21,7532
23,7532
37,7532
22,7535
55,7536
56,7536
43,7537
54,7537
4,7538
27,7538
28,7538
53,7538
57,7539
52,7540
60,7542
33,7544
53,7544
9,7545
14,7546
35,7547
4,7548
49,7548
7,7551
31,7551
4,7553
16,7554
49,7555
48,7559
13,7560
41,7560
46,7560
6,7561
59,7561
34,7563
20,7564
49,7564
50,7564
55,7564
27,7565
60,7566
55,7566
21,7567
44,7568
45,7569
23,7571
44,7571
59,7572
42,7573
48,7573
60,7574
38,7574
57,7574
49,7575
15,7577
4,7578
25,7581
14,7582
19,7583
1,7585
15,7585
2,7587
1,7588
2,7589
12,7589
40,7589
1,7590
2,7591
15,7592
54,7592
37,7593
15,7594
30,7595
60,7596
54,7596
29,7597
57,7597
51,7598
22,7599
26,7600
58,7600
17,7601
42,7601
48,7602
18,7603
26,7603
53,7604
45,7606
49,7606
13,7607
19,7607
27,7608
56,7609
60,7610
13,7611
1,7613
24,7615
42,7615
44,7615
1,7616
26,7616
36,7616
2,7617
2,7618
19,7620
1,7621
27,7621
58,7621
2,7623
26,7625
46,7625
53,7626
27,7628
6,7629
29,7629
30,7629
34,7633
44,7634
48,7635
16,7636
14,7637
51,7637
18,7638
31,7638
23,7639
42,7639
29,7641
36,7641
47,7641
54,7643
38,7646
27,7647
44,7648
57,7649
1,7650
47,7652
7,7653
32,7653
59,7653
60,7654
13,7655
31,7656
45,7657
13,7658
30,7658
5,7660
29,7660
42,7660
60,7661
11,7661
2,7662
55,7663
39,7664
39,7665
42,7665
11,7666
39,7666
20,7667
14,7668
57,7668
52,7671
60,7672
36,7672
4,7675
50,7675
17,7677
36,7677
18,7678
36,7678
50,7679
23,7680
58,7680
38,7681
22,7682
28,7684
50,7685
42,7686
51,7688
15,7690
16,7690
55,7692
29,7693
10,7695
39,7695
55,7695
60,7696
10,7696
37,7696
48,7696
53,7698
13,7699
50,7699
4,7700
18,7701
57,7702
8,7704
48,7705
10,7706
25,7707
34,7709
9,7711
32,7711
40,7711
6,7712
25,7712
60,7713
34,7713
56,7714
10,7716
40,7716
48,7718
4,7719
59,7720
51,7721
42,7724
30,7725
59,7728
8,7730
44,7730
53,7730
5,7731
18,7732
50,7732
41,7733
47,7733
49,7733
29,7734
42,7734
48,7735
17,7736
26,7736
43,7736
7,7737
42,7737
3,7738
6,7738
22,7739
23,7739
42,7739
44,7739
60,7740
36,7740
42,7740
32,7742
56,7742
9,7744
23,7745
40,7745
4,7747
28,7747
15,7749
20,7749
16,7750
48,7750
34,7752
32,7754
44,7754
59,7754
24,7755
38,7755
44,7756
13,7757
35,7757
54,7759
55,7760
20,7762
50,7763
59,7763
36,7764
56,7764
17,7767
36,7767
56,7767
2,7768
51,7768
6,7769
20,7770
55,7771
8,7772
16,7772
17,7772
4,7773
42,7773
60,7774
46,7774
42,7775
46,7775
49,7775
17,7777
48,7777
51,7777
19,7778
35,7779
48,7780
8,7781
16,7781
28,7782
8,7783
15,7783
34,7783
53,7783
58,7783
32,7784
33,7785
6,7786
24,7786
4,7787
56,7787
59,7790
34,7793
15,7794
18,7794
45,7794
4,7796
8,7797
35,7797
16,7798
45,7798
1,7800
1,7801
10,7801
21,7801
2,7802
19,7802
20,7802
1,7803
9,7803
20,7804
55,7804
58,7804
51,7805
4,7807
22,7807
2,7808
56,7808
16,7809
19,7809
26,7809
30,7809
2,7810
53,7810
13,7811
19,7811
3,7812
5,7813
25,7813
36,7814
38,7814
51,7814
54,7814
38,7815
28,7816
45,7817
52,7818
36,7819
10,7820
23,7820
6,7822
60,7823
4,7825
46,7825
27,7826
35,7831
5,7832
19,7833
30,7834
25,7835
42,7835
58,7837
50,7839
18,7841
48,7842
50,7842
6,7843
8,7843
35,7843
23,7844
32,7844
35,7844
8,7845
19,7846
1,7847
57,7847
1,7849
17,7849
31,7849
1,7850
35,7850
39,7850
46,7850
41,7851
2,7852
27,7853
2,7854
26,7855
56,7856
11,7857
14,7860
1,7861
2,7863
57,7863
11,7864
15,7865
25,7865
1,7867
13,7867
1,7868
7,7868
7,7869
46,7870
2,7872
47,7872
2,7873
3,7873
19,7874
1,7875
38,7875
2,7876
9,7876
53,7877
56,7877
14,7878
28,7878
51,7878
6,7879
20,7879
52,7880
55,7881
47,7883
55,7883
12,7884
16,7884
12,7885
11,7887
29,7887
53,7889
31,7890
33,7891
48,7891
56,7891
22,7892
21,7893
41,7893
50,7893
16,7894
26,7894
9,7895
18,7895
42,7897
24,7898
46,7898
20,7899
11,7900
10,7901
13,7901
14,7902
24,7904
25,7905
1,7906
27,7906
48,7906
59,7906
53,7907
2,7908
18,7909
1,7910
5,7910
54,7911
1,7912
11,7913
37,7913
23,7915
40,7915
16,7916
52,7916
59,7916
34,7917
49,7918
31,7919
27,7920
16,7921
42,7921
5,7922
42,7922
34,7923
36,7923
53,7923
2,7927
2,7930
26,7930
4,7932
1,7934
11,7934
43,7934
58,7934
2,7935
1,7936
34,7936
45,7936
54,7937
2,7938
39,7939
1,7940
2,7942
8,7942
37,7942
34,7944
1,7945
29,7945
42,7945
58,7946
1,7948
7,7948
44,7948
51,7948
2,7949
2,7950
31,7951
34,7951
52,7951
3,7952
13,7952
30,7953
9,7954
37,7956
42,7956
52,7956
1,7957
40,7957
2,7958
31,7961
41,7961
24,7962
46,7962
4,7963
23,7963
47,7963
12,7965
1,7966
47,7966
55,7966
49,7967
33,7968
1,7970
2,7971
14,7971
31,7971
4,7972
2,7973
8,7973
4,7974
31,7974
1,7976
23,7976
52,7976
2,7977
11,7977
60,7981
13,7981
46,7981
49,7981
53,7981
6,7982
19,7983
60,7984
51,7984
48,7986
30,7987
54,7987
55,7987
43,7988
53,7991
4,7992
25,7992
23,7993
34,7993
52,7993
23,7994
49,7994
7,7995
59,7996
8,7997
14,7997
45,7998
23,8000
54,8000
16,8001
25,8002
25,8003
42,8003
52,8003
12,8005
28,8005
36,8005
43,8006
8,8009
25,8009
50,8009
49,8010
59,8012
46,8013
49,8013
50,8013
51,8015
56,8015
8,8017
13,8018
26,8018
14,8022
41,8022
44,8022
46,8022
4,8025
18,8025
32,8026
19,8027
27,8028
31,8032
39,8034
37,8035
45,8035
54,8035
27,8036
52,8036
32,8037
44,8037
13,8039
22,8039
45,8039
37,8040
20,8041
11,8043
52,8045
55,8047
7,8048
47,8049
17,8050
27,8052
8,8053
17,8053
14,8055
41,8055
14,8056
41,8057
12,8058
48,8058
10,8059
13,8060
28,8061
37,8061
49,8061
20,8062
25,8062
38,8063
3,8067
11,8067
15,8067
19,8067
55,8067
16,8068
49,8068
46,8070
19,8071
59,8071
54,8072
11,8073
9,8074
44,8074
1,8075
50,8076
28,8081
37,8081
6,8082
24,8084
56,8084
16,8085
57,8085
27,8086
33,8087
42,8087
13,8089
30,8089
46,8089
56,8089
37,8090
48,8090
54,8090
51,8091
11,8092
45,8092
27,8093
4,8095
1,8096
31,8096
2,8097
6,8097
1,8098
7,8098
47,8098
1,8099
49,8099
12,8100
31,8100
2,8103
53,8103
2,8104
37,8105
4,8107
15,8109
22,8109
33,8109
36,8109
59,8109
31,8110
40,8110
37,8111
44,8111
9,8112
51,8112
58,8114
7,8115
7,8117
10,8117
24,8117
8,8118
22,8118
4,8119
19,8119
44,8119
57,8120
1,8121
8,8121
33,8121
1,8122
20,8122
43,8122
2,8123
38,8123
2,8125
12,8125
19,8125
35,8125
1,8126
20,8127
45,8127
11,8129
32,8129
14,8130
2,8131
11,8131
41,8131
38,8132
54,8132
46,8134
16,8135
18,8135
20,8135
25,8135
40,8136
52,8137
32,8138
33,8138
60,8139
6,8139
24,8140
58,8140
1,8143
24,8143
21,8144
2,8145
10,8145
36,8145
57,8145
1,8146
25,8146
4,8147
57,8147
2,8148
57,8149
1,8150
2,8151
53,8152
11,8156
35,8156
31,8157
18,8159
21,8159
30,8159
44,8159
46,8160
60,8162
50,8162
39,8164
4,8167
13,8167
32,8167
36,8167
37,8167
49,8167
33,8169
54,8169
53,8170
9,8172
5,8173
46,8173
25,8174
14,8176
28,8176
25,8178
44,8178
54,8179
17,8180
52,8183
20,8184
25,8185
57,8186
48,8187
3,8188
9,8188
13,8188
18,8188
23,8188
29,8188
59,8189
12,8190
31,8190
22,8191
50,8191
60,8192
37,8192
30,8194
7,8195
25,8195
39,8195
55,8195
20,8196
23,8197
1,8200
27,8200
40,8200
44,8200
43,8202
9,8204
10,8204
34,8204
48,8205
16,8207
39,8207
1,8209
35,8209
1,8210
2,8212
43,8212
45,8212
2,8214
1,8215
12,8216
2,8217
47,8217
57,8218
43,8220
16,8221
38,8223
41,8223
16,8224
25,8224
49,8224
55,8224
27,8225
22,8226
18,8228
19,8229
37,8232
50,8232
54,8233
13,8234
37,8234
47,8235
15,8238
39,8239
3,8240
4,8241
43,8241
44,8243
52,8243
18,8245
49,8247
4,8249
6,8251
3,8252
52,8252
41,8253
45,8253
8,8254
9,8254
37,8254
55,8254
10,8255
20,8255
40,8255
60,8257
3,8258
47,8258
13,8259
16,8259
40,8259
36,8260
47,8260
51,8261
30,8262
47,8262
15,8264
48,8264
39,8265
5,8266
11,8266
37,8266
49,8267
33,8269
7,8270
17,8270
50,8270
20,8271
43,8271
9,8275
49,8276
16,8277
56,8278
40,8280
15,8281
53,8281
33,8282
39,8284
11,8285
2,8287
40,8287
39,8288
54,8288
13,8290
13,8291
27,8291
47,8292
12,8294
13,8295
22,8296
24,8297
6,8298
13,8298
52,8298
55,8298
17,8299
33,8301
18,8302
10,8303
34,8304
46,8304
15,8305
27,8305
25,8306
27,8307
5,8308
21,8308
16,8311
28,8311
20,8312
38,8312
3,8313
7,8313
32,8314
38,8315
58,8315
50,8317
27,8319
31,8320
46,8320
51,8321
12,8322
43,8322
28,8323
30,8324
29,8325
30,8325
18,8326
31,8326
4,8327
50,8327
12,8328
15,8328
37,8328
15,8329
58,8335
60,8336
11,8336
49,8336
52,8336
38,8338
9,8339
35,8341
12,8342
28,8345
45,8346
1,8347
1,8348
31,8348
44,8348
2,8349
39,8349
37,8351
10,8352
59,8352
2,8353
20,8353
43,8354
1,8355
4,8355
2,8356
28,8358
58,8358
1,8360
17,8361
40,8362
37,8363
18,8364
24,8365
58,8365
22,8366
29,8367
17,8368
26,8368
43,8370
6,8371
38,8371
18,8372
32,8372
12,8373
23,8374
32,8374
52,8375
14,8377
59,8377
3,8378
7,8379
49,8380
12,8381
31,8381
35,8381
37,8381
24,8382
48,8383
50,8384
60,8385
22,8385
3,8386
24,8386
56,8388
29,8389
60,8391
1,8391
42,8391
43,8391
56,8391
1,8392
25,8392
46,8392
2,8393
1,8394
9,8394
2,8395
5,8397
2,8398
53,8398
55,8399
1,8400
14,8400
22,8400
42,8402
1,8403
6,8403
2,8404
16,8404
37,8404
2,8405
40,8408
1,8409
15,8409
2,8410
32,8410
15,8411
45,8411
3,8412
25,8412
59,8412
7,8414
23,8415
25,8415
30,8417
59,8417
51,8418
36,8420
37,8420
40,8420
49,8420
16,8421
58,8421
1,8422
39,8422
2,8423
42,8424
49,8424
53,8424
1,8425
32,8425
12,8426
20,8426
46,8426
2,8427
54,8427
18,8428
39,8428
42,8428
52,8428
1,8429
40,8429
41,8429
43,8430
58,8431
2,8432
17,8434
23,8435
24,8435
32,8435
54,8435
18,8437
56,8438
6,8439
60,8440
19,8441
33,8441
34,8441
25,8442
56,8442
26,8443
32,8443
59,8443
8,8445
15,8445
21,8446
37,8447
44,8447
5,8448
26,8448
5,8450
15,8452
20,8452
56,8452
58,8452
60,8454
17,8454
4,8455
44,8456
24,8457
34,8457
15,8460
57,8460
17,8461
26,8461
27,8461
44,8462
10,8465
30,8465
25,8466
31,8466
3,8467
26,8468
31,8470
35,8470
27,8471
12,8472
38,8472
26,8473
4,8474
45,8478
52,8478
12,8479
25,8479
53,8479
37,8481
45,8482
17,8488
18,8488
45,8488
38,8489
5,8490
15,8491
41,8491
46,8491
26,8492
44,8492
49,8492
44,8495
12,8496
47,8496
21,8497
40,8497
52,8498
15,8499
47,8499
33,8500
51,8500
50,8501
27,8502
42,8503
49,8503
21,8504
29,8505
34,8505
22,8506
28,8506
40,8508
9,8510
47,8510
60,8511
48,8512
55,8512
17,8513
30,8513
21,8514
48,8514
6,8515
20,8515
34,8516
27,8517
50,8517
51,8517
11,8518
34,8519
38,8519
8,8520
33,8520
52,8520
1,8521
32,8521
39,8521
59,8521
1,8522
13,8522
16,8522
58,8522
2,8523
21,8523
60,8524
47,8526
1,8529
2,8530
34,8530
37,8530
12,8531
26,8531
2,8532
43,8532
1,8533
1,8534
58,8534
48,8535
2,8537
2,8538
6,8539
1,8540
16,8540
11,8541
53,8541
14,8542
52,8543
44,8544
3,8545
48,8545
2,8546
29,8546
50,8546
54,8546
38,8547
51,8547
9,8549
55,8551
49,8554
10,8555
9,8557
44,8558
39,8559
51,8559
41,8560
7,8561
54,8561
29,8563
51,8563
19,8564
51,8564
4,8565
5,8566
49,8568
60,8569
22,8571
50,8571
47,8572
7,8573
60,8574
9,8575
41,8576
13,8580
19,8580
34,8580
15,8583
48,8584
12,8587
16,8588
5,8589
8,8589
33,8589
10,8590
49,8590
16,8593
19,8593
5,8594
8,8594
10,8594
41,8594
42,8594
45,8598
53,8599
30,8600
4,8601
47,8602
29,8603
41,8603
48,8603
24,8604
7,8605
25,8606
40,8606
52,8607
8,8608
4,8609
26,8609
28,8609
29,8609
21,8611
46,8612
49,8612
18,8613
31,8614
60,8616
49,8618
2,8619
49,8619
45,8620
26,8621
48,8621
12,8625
15,8625
43,8625
59,8625
21,8626
50,8627
8,8628
20,8629
33,8629
8,8630
39,8630
31,8632
54,8632
59,8633
42,8634
25,8635
46,8636
47,8637
5,8638
14,8638
23,8639
53,8640
3,8641
48,8642
13,8643
15,8643
37,8643
49,8643
12,8645
38,8645
11,8648
14,8650
6,8651
52,8651
14,8652
51,8652
19,8653
53,8653
5,8654
13,8655
3,8656
51,8656
60,8658
20,8658
24,8658
22,8659
24,8659
58,8660
25,8665
28,8665
29,8668
46,8668
18,8669
22,8670
35,8670
49,8670
31,8673
53,8673
26,8675
60,8676
17,8677
58,8677
7,8679
37,8681
10,8682
30,8685
13,8686
29,8686
52,8687
34,8688
9,8689
24,8690
58,8690
31,8692
9,8693
37,8693
47,8693
1,8700
41,8700
2,8701
14,8701
39,8702
27,8703
56,8704
57,8705
58,8705
1,8706
1,8707
48,8707
1,8708
2,8709
2,8710
21,8710
32,8711
42,8712
53,8713
3,8714
57,8716
31,8718
29,8719
50,8719
48,8721
33,8723
40,8723
6,8725
13,8726
23,8726
35,8726
19,8729
27,8730
60,8731
35,8731
47,8733
6,8735
54,8735
32,8736
47,8736
10,8738
16,8738
27,8741
19,8742
6,8743
43,8744
6,8745
9,8745
12,8746
30,8748
6,8749
34,8749
59,8749
24,8750
38,8751
18,8752
19,8752
45,8752
6,8754
31,8754
35,8754
50,8754
21,8755
46,8756
49,8756
31,8757
52,8757
17,8758
44,8758
52,8758
42,8759
11,8760
40,8760
19,8762
24,8763
49,8763
54,8763
25,8765
20,8769
37,8769
34,8770
27,8771
31,8771
46,8771
29,8773
13,8774
20,8774
21,8774
41,8774
50,8775
21,8777
44,8777
3,8779
44,8783
51,8783
2,8784
55,8786
3,8788
8,8788
21,8790
5,8792
18,8792
42,8792
60,8793
6,8793
13,8793
50,8795
3,8796
27,8797
29,8799
36,8801
50,8801
34,8802
2,8803
14,8804
28,8804
29,8806
58,8806
40,8807
49,8807
53,8807
21,8808
45,8808
10,8809
6,8811
19,8812
15,8814
26,8816
50,8817
16,8818
32,8818
51,8818
42,8820
53,8820
10,8821
13,8824
22,8824
7,8826
49,8827
15,8830
35,8830
54,8830
14,8831
51,8831
17,8832
18,8832
54,8832
42,8833
44,8833
11,8835
12,8835
49,8835
57,8835
13,8837
6,8838
51,8838
51,8840
57,8840
13,8842
15,8842
18,8845
58,8845
42,8847
54,8847
19,8849
31,8849
47,8849
59,8849
23,8850
1,8851
57,8851
2,8852
4,8852
19,8852
30,8852
24,8853
1,8854
6,8855
56,8855
12,8856
45,8856
51,8856
2,8858
58,8858
1,8859
35,8859
52,8859
2,8860
13,8860
30,8860
5,8861
7,8861
49,8861
18,8862
40,8862
44,8863
56,8863
12,8864
26,8864
47,8865
52,8865
7,8866
23,8866
56,8866
40,8867
50,8867
38,8868
47,8870
47,8872
52,8872
39,8873
47,8874
50,8875
14,8876
33,8877
47,8877
50,8877
17,8878
42,8878
14,8879
27,8879
11,8880
54,8880
57,8880
19,8881
28,8881
52,8881
58,8881
18,8884
17,8885
18,8886
19,8886
27,8886
58,8886
20,8889
30,8889
32,8890
40,8890
24,8891
49,8891
60,8892
30,8892
35,8892
42,8892
17,8893
12,8895
60,8896
32,8897
42,8897
25,8898
40,8898
33,8899
56,8899
3,8900
58,8901
14,8902
38,8902
13,8906
33,8906
39,8906
17,8910
26,8910
36,8911
37,8911
16,8912
51,8914
35,8915
38,8916
35,8917
19,8919
26,8919
27,8919
37,8919
4,8920
42,8920
50,8920
12,8921
27,8921
40,8921
29,8922
49,8923
22,8927
48,8927
33,8928
36,8930
5,8931
9,8933
49,8934
29,8935
42,8936
52,8936
1,8937
16,8937
2,8938
28,8938
54,8938
1,8939
58,8940
2,8941
6,8942
9,8942
10,8942
1,8943
32,8943
54,8943
20,8944
25,8944
28,8946
2,8948
29,8948
11,8949
52,8949
14,8952
33,8953
38,8953
40,8953
17,8954
10,8956
14,8956
2,8957
45,8957
43,8959
22,8960
47,8960
57,8961
46,8962
12,8963
28,8963
48,8963
44,8964
56,8965
27,8968
35,8968
26,8969
59,8969
38,8970
5,8971
59,8971
24,8972
34,8972
37,8972
4,8973
20,8973
55,8974
59,8974
17,8976
42,8976
26,8981
58,8981
3,8982
23,8982
46,8982
8,8984
30,8985
52,8985
1,8986
10,8986
43,8986
2,8988
8,8989
22,8989
1,8990
26,8990
46,8990
2,8991
6,8991
14,8992
27,8992
1,8993
6,8993
2,8994
49,8995
34,8996
38,9001
49,9001
28,9002
31,9002
9,9004
22,9005
49,9007
51,9007
40,9008
48,9009
51,9009
55,9009
22,9010
24,9012
33,9012
11,9014
17,9014
29,9014
9,9016
27,9017
25,9018
54,9018
59,9018
4,9019
16,9019
20,9019
54,9019
50,9021
60,9022
39,9023
1,9026
1,9027
10,9027
2,9028
55,9028
1,9029
42,9029
49,9029
58,9029
2,9030
56,9030
2,9031
43,9032
32,9033
60,9034
25,9034
32,9034
45,9034
14,9035
47,9035
48,9035
55,9035
47,9036
6,9037
7,9037
42,9038
57,9038
24,9040
26,9041
10,9042
1,9043
19,9043
34,9043
39,9044
44,9045
56,9045
60,9046
17,9046
21,9046
40,9046
57,9047
59,9047
31,9048
48,9048
12,9050
30,9050
14,9051
28,9051
3,9052
10,9053
20,9053
49,9055
19,9056
45,9057
1,9058
4,9058
19,9058
44,9058
52,9058
1,9059
15,9059
27,9059
54,9059
2,9060
35,9060
1,9061
2,9062
2,9064
1,9065
43,9065
2,9066
3,9066
55,9067
1,9068
2,9069
8,9069
1,9070
19,9070
50,9070
2,9071
14,9071
45,9071
50,9071
52,9074
9,9075
36,9075
16,9078
23,9078
37,9079
19,9080
31,9081
30,9082
32,9083
36,9084
16,9085
5,9087
30,9087
49,9087
3,9089
53,9090
58,9090
42,9091
8,9092
28,9092
16,9093
34,9093
51,9093
15,9094
43,9094
23,9096
23,9097
31,9097
1,9099
38,9099
9,9100
8,9101
48,9101
55,9101
33,9104
52,9104
19,9105
16,9106
28,9107
19,9108
29,9108
45,9109
37,9110
40,9111
54,9111
22,9113
20,9114
34,9114
41,9114
52,9115
30,9116
16,9117
18,9117
37,9118
10,9119
40,9119
46,9120
5,9121
16,9121
51,9121
13,9123
25,9124
38,9125
32,9126
30,9127
21,9128
34,9128
36,9128
10,9131
21,9131
54,9131
23,9132
49,9134
59,9134
59,9135
31,9136
52,9137
9,9138
19,9138
31,9139
32,9140
36,9141
9,9142
50,9144
28,9148
44,9148
39,9149
23,9154
3,9155
55,9155
47,9156
17,9158
26,9160
43,9160
4,9161
11,9161
51,9161
41,9162
49,9162
56,9162
34,9164
18,9165
24,9165
13,9167
24,9167
4,9169
29,9169
54,9170
31,9171
48,9172
28,9174
33,9179
7,9181
22,9181
13,9182
54,9182
2,9183
15,9183
4,9184
60,9186
6,9188
1,9190
53,9190
1,9191
2,9192
17,9192
30,9192
1,9193
41,9193
52,9193
2,9194
2,9195
58,9195
14,9196
4,9200
26,9200
20,9201
9,9202
23,9202
37,9202
3,9204
25,9204
47,9206
26,9207
46,9207
38,9208
32,9209
33,9209
46,9211
14,9212
21,9212
22,9212
5,9213
59,9213
7,9214
9,9214
23,9214
46,9214
31,9215
31,9217
6,9219
49,9219
16,9222
27,9222
15,9224
56,9224
34,9225
23,9226
29,9227
22,9228
43,9228
52,9229
25,9230
31,9230
17,9231
37,9231
47,9231
5,9232
34,9234
30,9235
41,9235
10,9238
4,9239
27,9240
7,9241
31,9241
35,9241
55,9241
23,9242
43,9243
49,9243
35,9244
59,9244
10,9248
25,9249
31,9249
17,9250
23,9250
28,9250
43,9250
5,9251
58,9251
3,9252
33,9254
22,9255
55,9255
30,9256
39,9258
20,9259
39,9259
23,9261
7,9262
40,9263
44,9263
45,9263
32,9264
16,9265
36,9266
27,9267
43,9267
59,9268
17,9269
19,9269
35,9270
48,9270
23,9272
47,9273
17,9275
19,9275
21,9276
17,9279
29,9281
40,9283
54,9283
27,9284
1,9286
24,9287
2,9288
47,9288
49,9288
1,9289
20,9290
22,9290
41,9290
56,9290
1,9291
22,9291
25,9291
58,9291
2,9292
11,9293
2,9294
11,9294
21,9295
24,9295
42,9295
42,9296
5,9297
34,9298
24,9299
36,9299
17,9300
32,9300
16,9301
22,9303
37,9303
39,9303
30,9304
43,9304
41,9305
58,9305
8,9306
53,9306
53,9309
9,9310
29,9310
47,9310
58,9310
38,9312
6,9313
11,9314
11,9315
25,9315
36,9315
27,9316
51,9317
58,9317
55,9319
55,9320
48,9322
10,9323
34,9324
4,9325
41,9325
48,9327
19,9329
31,9330
56,9331
3,9332
17,9332
28,9332
31,9333
32,9333
3,9335
32,9337
7,9338
28,9339
56,9339
37,9340
40,9341
19,9342
48,9342
24,9343
7,9346
27,9347
46,9347
50,9348
26,9349
56,9349
30,9350
40,9352
12,9353
21,9353
28,9353
32,9356
46,9356
7,9357
23,9357
54,9357
22,9358
27,9358
44,9359
15,9360
24,9360
34,9360
47,9360
27,9361
50,9362
54,9362
27,9364
14,9366
33,9366
44,9369
23,9370
43,9370
27,9371
37,9372
53,9372
10,9374
18,9374
45,9374
34,9376
30,9377
3,9378
25,9379
49,9379
22,9382
16,9383
21,9384
17,9386
14,9387
14,9389
40,9389
3,9390
20,9390
33,9390
43,9390
54,9391
11,9392
36,9392
23,9394
4,9395
19,9395
28,9397
17,9399
1,9400
15,9400
20,9402
47,9402
15,9403
17,9404
27,9404
52,9404
45,9406
32,9407
46,9407
10,9410
15,9410
8,9411
25,9411
33,9411
37,9412
29,9413
40,9413
11,9414
26,9415
32,9415
7,9417
50,9420
22,9421
27,9421
43,9422
41,9425
42,9426
8,9427
20,9427
34,9430
56,9431
49,9432
24,9433
28,9433
4,9435
31,9435
37,9437
6,9438
12,9438
25,9438
33,9438
37,9439
48,9439
21,9441
37,9442
1,9443
11,9443
48,9443
29,9444
57,9444
2,9445
4,9445
9,9445
32,9446
1,9447
40,9447
56,9447
3,9449
22,9449
1,9451
2,9452
13,9452
26,9453
38,9453
2,9454
6,9454
25,9456
39,9457
55,9457
15,9458
21,9458
42,9459
59,9460
33,9461
35,9461
41,9462
31,9463
4,9464
17,9464
42,9466
40,9468
48,9468
56,9468
18,9469
37,9472
53,9472
18,9474
5,9476
34,9476
40,9480
35,9482
26,9483
55,9483
28,9484
42,9484
11,9485
25,9487
31,9488
44,9488
52,9488
44,9489
55,9489
44,9490
22,9491
46,9491
41,9492
23,9493
29,9493
50,9493
27,9494
36,9494
4,9496
34,9497
58,9497
10,9498
59,9499
20,9500
8,9501
16,9501
22,9501
51,9501
1,9502
1,9503
40,9503
55,9504
2,9505
1,9506
53,9506
2,9507
7,9507
52,9507
2,9508
3,9509
37,9510
18,9511
3,9512
35,9513
53,9513
1,9514
29,9514
2,9516
8,9516
38,9516
51,9517
11,9518
3,9520
14,9521
41,9521
37,9522
10,9524
59,9525
35,9526
46,9527
20,9530
59,9532
6,9533
17,9533
19,9533
11,9534
57,9535
60,9539
60,9540
21,9540
52,9541
47,9542
37,9543
38,9543
40,9543
52,9543
56,9543
24,9545
35,9545
42,9546
11,9547
26,9547
49,9548
11,9549
34,9550
23,9551
36,9552
28,9553
31,9553
55,9553
17,9554
6,9555
12,9556
14,9556
34,9556
60,9557
35,9558
43,9558
1,9561
60,9562
29,9562
1,9563
17,9563
29,9563
33,9563
37,9563
39,9563
52,9563
54,9563
2,9564
15,9564
14,9565
32,9565
2,9566
1,9567
18,9568
47,9568
2,9569
19,9570
23,9571
33,9572
50,9573
56,9573
48,9575
36,9577
38,9578
9,9579
15,9579
4,9580
39,9581
60,9582
27,9582
31,9582
55,9582
18,9583
22,9584
34,9584
42,9586
15,9589
30,9589
25,9591
33,9592
36,9592
39,9592
15,9593
18,9593
29,9593
46,9593
3,9594
12,9595
54,9595
18,9596
24,9597
3,9598
9,9600
42,9601
16,9602
26,9603
33,9605
44,9605
26,9608
35,9609
53,9610
46,9611
58,9613
59,9614
28,9615
6,9616
29,9616
55,9616
59,9616
60,9619
41,9619
17,9620
22,9620
14,9621
36,9621
38,9622
27,9623
13,9624
30,9624
28,9625
31,9626
34,9626
43,9626
44,9626
15,9628
55,9629
27,9630
16,9631
27,9631
6,9632
4,9633
26,9634
31,9634
49,9636
6,9638
7,9638
14,9638
16,9639
21,9639
44,9639
51,9639
54,9640
7,9641
60,9642
47,9642
42,9643
43,9643
26,9645
47,9646
29,9647
43,9647
59,9647
7,9648
33,9648
43,9648
48,9649
46,9650
14,9652
21,9652
43,9652
20,9653
29,9654
19,9655
20,9655
7,9656
27,9656
23,9657
59,9660
45,9661
11,9663
5,9664
58,9664
9,9666
34,9667
33,9668
41,9668
1,9670
1,9671
33,9671
24,9672
38,9672
56,9672
2,9673
5,9673
11,9673
1,9674
27,9674
2,9675
2,9676
7,9676
56,9677
1,9678
50,9678
2,9679
50,9679
31,9680
40,9681
47,9682
1,9683
8,9683
2,9684
21,9684
10,9685
31,9685
1,9686
7,9686
26,9686
2,9687
11,9687
1,9688
2,9689
1,9691
29,9692
34,9692
4,9693
51,9693
57,9694
2,9695
1,9696
46,9696
2,9697
8,9698
3,9699
14,9699
20,9699
37,9701
7,9702
59,9702
11,9703
39,9703
46,9703
54,9703
58,9704
59,9706
18,9707
16,9710
19,9710
46,9712
40,9714
54,9714
6,9715
33,9715
40,9715
10,9716
60,9717
21,9717
43,9717
53,9717
15,9718
16,9718
51,9719
42,9721
24,9723
37,9723
40,9723
5,9725
7,9725
1,9726
23,9726
51,9726
50,9728
2,9730
3,9730
9,9730
40,9730
49,9731
8,9732
29,9732
1,9733
2,9734
3,9734
35,9734
1,9735
33,9735
11,9736
30,9736
2,9737
12,9737
15,9738
27,9738
33,9738
55,9742
1,9743
28,9743
45,9744
22,9746
25,9746
34,9746
58,9746
3,9748
39,9748
46,9748
7,9750
16,9750
51,9750
24,9751
58,9753
16,9754
18,9754
4,9757
30,9758
53,9758
17,9759
51,9759
15,9760
17,9760
18,9760
47,9761
59,9764
40,9765
10,9767
31,9767
38,9767
9,9768
22,9768
43,9768
55,9770
12,9773
29,9773
60,9774
4,9774
44,9774
5,9775
15,9778
16,9778
41,9782
53,9782
44,9783
48,9783
36,9784
4,9787
11,9787
38,9787
3,9789
58,9791
26,9792
11,9793
25,9794
58,9794
53,9795
41,9796
49,9796
2,9798
38,9798
1,9800
14,9800
23,9800
46,9800
1,9801
7,9801
2,9802
5,9802
16,9803
38,9803
48,9803
21,9804
28,9805
47,9805
2,9806
19,9806
47,9806
55,9806
27,9807
52,9807
11,9808
1,9809
32,9809
2,9811
5,9811
8,9812
17,9812
36,9813
50,9813
25,9814
28,9814
40,9814
52,9814
5,9815
32,9815
5,9816
38,9816
45,9818
52,9819
25,9820
28,9822
34,9824
21,9825
17,9826
20,9826
31,9826
38,9826
51,9826
52,9826
31,9830
55,9830
39,9832
55,9832
4,9835
15,9836
36,9837
49,9837
60,9839
10,9839
17,9840
3,9842
15,9842
44,9843
59,9843
49,9844
60,9845
22,9846
53,9846
16,9847
41,9848
56,9849
22,9850
13,9851
26,9852
29,9853
57,9854
27,9855
53,9856
6,9857
8,9858
30,9859
8,9860
19,9860
29,9860
11,9862
33,9862
39,9864
30,9865
37,9865
12,9866
16,9866
15,9867
23,9867
7,9869
12,9869
54,9869
8,9871
23,9871
37,9871
58,9874
60,9875
35,9875
1,9877
21,9877
32,9877
27,9879
39,9879
60,9880
1,9880
2,9881
1,9882
39,9882
2,9883
3,9883
29,9883
2,9884
11,9885
23,9885
58,9885
59,9885
55,9886
42,9887
6,9888
22,9888
40,9888
45,9888
17,9891
60,9892
10,9892
39,9892
49,9892
53,9893
42,9894
6,9895
22,9895
15,9897
21,9898
45,9898
12,9899
20,9899
55,9899
3,9900
40,9900
53,9900
14,9902
51,9903
21,9904
36,9904
48,9904
37,9905
44,9906
50,9906
35,9907
4,9908
6,9910
29,9910
59,9910
54,9911
27,9913
56,9914
43,9915
28,9916
42,9916
14,9917
50,9917
54,9917
1,9918
2,9919
58,9919
60,9920
4,9920
24,9920
1,9921
48,9921
2,9922
1,9923
39,9923
60,9924
2,9924
28,9924
42,9924
1,9926
9,9926
23,9927
27,9928
41,9928
57,9928
2,9929
23,9929
1,9930
2,9931
19,9931
1,9932
6,9932
13,9932
26,9932
43,9932
12,9933
42,9934
54,9934
11,9935
55,9936
2,9937
35,9937
36,9938
21,9939
3,9940
59,9940
29,9942
59,9942
31,9943
38,9944
19,9947
40,9948
42,9948
43,9949
46,9949
13,9950
17,9950
24,9952
50,9952
21,9954
21,9955
2,9956
26,9956
37,9956
24,9957
36,9957
39,9958
59,9958
43,9959
52,9961
23,9962
15,9963
13,9965
46,9966
5,9968
23,9970
37,9970
44,9970
5,9971
17,9971
58,9975
26,9977
46,9978
51,9979
27,9981
3,9983
1,9984
50,9984
60,9985
14,9985
19,9985
45,9985
49,9985
27,9986
50,9986
25,9987
17,9992
55,9995
24,9996
54,9996
4,9997
7,9998
26,9998
33,9999
