40,4
70,5
42,6
51,7
93,7
68,11
44,12
3,14
29,14
4,15
4,16
76,16
5,17
3,18
47,18
67,18
5,19
64,19
54,20
66,20
84,20
24,21
36,21
56,22
3,23
40,23
88,23
84,25
35,26
49,26
15,27
4,28
64,28
69,29
3,30
11,31
50,31
55,32
82,33
70,34
42,35
80,35
5,36
5,37
8,37
28,37
47,37
4,38
54,39
48,40
83,41
8,45
21,46
92,47
21,48
58,50
23,56
98,56
28,57
94,57
24,58
58,58
61,58
62,59
72,62
74,62
19,64
19,65
51,66
82,66
84,66
74,67
91,68
40,70
92,70
9,71
75,71
83,72
96,72
19,73
34,75
4,76
55,76
88,76
41,77
44,77
61,77
71,77
23,78
97,78
1,79
23,79
97,79
1,80
2,80
82,81
12,82
22,83
30,83
1,84
7,84
39,84
47,84
2,85
10,86
44,86
96,86
1,87
3,87
2,88
4,90
63,90
17,91
3,92
45,92
59,92
96,92
4,93
23,93
55,93
5,95
18,95
5,96
94,96
14,98
52,98
64,99
89,100
85,101
42,103
56,104
63,104
9,105
58,105
59,105
9,106
73,106
80,106
48,107
49,108
53,109
12,112
99,112
49,113
59,116
32,119
82,120
58,121
19,123
15,124
83,124
3,126
9,126
58,126
4,127
48,127
5,128
16,128
59,128
41,129
4,131
23,131
31,131
94,131
19,132
1,133
3,133
10,133
1,135
10,135
2,136
1,137
15,137
24,137
5,138
58,138
66,138
76,138
2,139
66,139
2,140
44,144
62,145
84,145
20,147
84,147
3,149
17,151
84,151
87,151
5,152
22,152
35,152
5,154
15,154
76,154
4,155
1,156
4,156
2,157
3,157
86,157
1,158
76,159
1,160
2,161
53,161
36,162
94,162
2,163
88,163
14,165
36,165
86,166
22,168
83,168
22,169
46,169
76,173
28,174
88,174
72,175
30,177
34,181
64,181
71,181
25,182
56,182
33,184
67,184
1,188
2,188
75,188
1,189
66,189
84,189
2,190
90,190
95,190
99,190
2,191
1,192
46,193
92,193
2,194
22,194
52,194
60,196
33,197
70,198
11,200
75,200
98,200
70,201
93,201
89,203
17,204
79,204
78,205
14,207
91,207
3,208
4,210
70,210
10,211
12,211
28,211
85,211
57,212
70,212
3,213
60,213
5,215
4,216
6,216
5,217
38,217
95,220
19,222
39,226
41,226
64,227
75,228
1,229
9,232
18,232
39,232
96,232
73,233
1,234
14,234
21,235
55,235
74,235
2,236
21,236
27,236
1,237
2,238
81,238
2,240
37,241
87,243
1,246
1,247
87,247
89,247
83,248
2,249
68,249
13,250
43,250
87,250
2,251
20,251
55,251
1,252
42,253
2,254
16,256
67,256
19,257
83,257
20,258
13,260
39,260
46,263
46,264
48,265
66,265
18,266
21,266
45,266
36,270
83,270
87,270
60,271
95,271
34,272
1,273
36,273
1,275
33,275
78,275
41,276
75,278
76,278
2,279
65,279
2,280
20,280
88,280
1,281
2,281
75,281
80,281
2,282
54,284
29,286
50,289
82,289
69,290
8,291
27,292
59,293
59,294
93,294
24,296
49,296
56,298
6,299
13,299
24,300
17,301
3,302
78,302
82,302
97,302
4,303
68,304
90,305
5,306
19,307
31,307
69,307
3,308
21,308
100,309
4,309
5,310
65,311
3,312
1,314
16,314
87,314
8,316
91,316
2,317
83,317
1,318
10,319
24,319
80,319
89,319
91,319
1,320
54,320
2,321
31,321
76,322
76,323
2,324
18,325
59,325
64,328
57,329
77,329
83,330
99,332
52,333
69,336
13,337
17,337
63,337
91,338
44,341
83,342
99,342
99,346
98,347
9,350
69,354
21,355
14,357
70,357
90,357
30,358
38,360
48,360
23,361
92,361
46,362
82,365
1,368
3,369
4,370
5,371
5,372
6,372
20,372
80,372
1,373
20,373
73,373
94,373
2,374
4,374
24,374
62,374
1,375
2,376
3,376
93,376
79,377
22,378
2,379
25,381
30,382
77,385
100,387
16,388
22,388
54,389
66,389
85,389
100,391
18,391
48,391
69,391
54,393
67,394
52,395
31,397
44,397
81,398
98,398
23,399
44,399
57,399
44,400
69,400
93,401
13,402
67,404
68,404
28,405
51,405
66,405
40,407
44,407
36,408
51,409
1,412
12,412
31,413
64,414
80,414
45,415
100,416
1,416
2,417
1,418
63,418
2,419
49,419
67,419
1,420
51,420
2,421
36,421
23,425
7,428
9,428
89,430
62,431
79,431
69,432
39,433
93,433
40,434
64,434
21,441
62,442
84,444
92,445
1,446
11,447
29,447
56,447
79,447
13,449
84,449
2,450
78,450
1,451
45,451
50,451
1,452
2,453
40,455
51,455
65,455
30,456
2,458
99,459
52,460
73,461
6,463
51,463
13,467
32,468
95,469
24,470
14,472
17,472
19,473
58,474
86,474
83,475
22,479
3,480
5,481
22,482
23,483
67,483
4,484
81,485
3,486
4,487
83,487
62,488
88,488
56,489
5,490
40,490
1,493
37,493
74,493
20,495
1,496
2,497
32,498
2,499
85,499
1,500
2,501
15,501
86,501
28,502
36,502
93,502
92,503
95,503
66,505
15,506
21,507
52,508
92,508
3,511
83,511
54,512
59,512
5,514
74,514
17,515
31,515
65,515
71,515
4,516
51,516
60,516
4,517
5,518
41,518
5,519
3,520
53,520
84,520
96,524
35,526
56,526
69,527
71,527
73,527
48,529
62,530
26,531
70,531
44,532
49,533
66,533
86,533
4,534
31,534
38,536
35,538
86,538
15,539
28,539
21,540
14,542
99,543
95,544
88,545
99,545
10,546
10,549
66,549
39,552
48,552
60,553
39,554
96,555
37,556
44,556
24,557
81,557
91,557
1,558
42,558
59,558
1,559
10,559
2,561
2,562
1,566
16,566
89,567
2,568
46,568
14,569
22,570
41,571
19,572
49,572
82,572
20,573
60,575
13,576
48,576
20,577
22,577
67,577
44,578
80,578
1,579
3,579
4,581
26,581
1,582
49,582
2,583
17,583
2,584
14,584
25,584
60,584
5,586
58,586
4,587
40,587
73,587
1,588
3,588
2,589
5,589
12,589
33,592
38,592
89,593
92,593
18,594
18,595
88,596
93,601
80,603
26,604
74,604
20,605
68,606
69,606
26,607
35,609
57,609
60,609
84,609
97,609
3,610
26,610
70,610
5,611
93,611
4,612
66,612
98,613
40,614
67,614
5,615
88,617
3,618
4,619
89,621
99,624
25,625
48,625
84,627
85,628
32,629
1,630
7,630
80,630
97,630
1,631
2,632
1,633
2,634
20,634
36,635
19,636
2,639
6,640
89,640
11,641
76,642
3,644
5,645
96,646
5,648
83,648
4,650
4,651
30,651
27,652
56,652
3,653
52,653
3,654
1,655
4,655
4,656
11,657
63,657
3,658
5,659
61,659
2,660
25,660
96,660
5,661
70,661
1,662
1,663
37,663
41,663
50,663
2,664
96,664
65,665
2,666
16,670
50,670
92,670
98,671
81,673
16,674
21,675
64,677
86,677
88,677
27,678
86,679
86,682
79,685
16,686
71,687
54,688
78,688
64,689
63,690
45,693
40,694
89,694
68,695
16,696
3,697
86,697
5,698
11,698
4,701
41,701
4,702
3,703
53,703
63,703
5,704
65,704
75,704
20,705
41,707
78,707
3,708
36,708
37,708
84,708
4,710
3,711
5,712
19,712
35,712
5,713
15,713
4,716
66,717
77,717
79,718
3,720
53,720
69,720
5,721
56,721
88,723
4,724
35,724
36,724
18,726
18,727
22,727
4,728
3,729
22,730
61,731
5,732
22,732
29,732
79,732
85,732
97,732
77,733
1,734
9,734
1,736
23,736
2,737
1,738
40,738
93,739
2,740
43,740
62,740
88,740
2,743
19,743
25,743
62,743
31,744
77,744
13,747
75,748
3,749
73,749
4,750
91,750
5,751
19,751
50,751
58,751
5,753
89,753
100,754
4,754
3,755
6,755
63,755
18,756
23,756
76,760
85,760
10,761
3,762
41,762
15,764
47,764
5,765
38,765
23,767
35,768
92,768
4,769
17,769
91,769
82,770
5,772
3,773
4,775
6,775
97,776
9,777
34,777
90,777
94,777
63,778
65,778
48,779
78,779
99,780
1,782
15,782
17,782
83,782
99,782
45,783
63,783
2,784
22,784
11,785
1,788
12,788
30,788
91,788
2,789
8,789
75,789
95,790
14,791
76,791
1,792
14,792
8,793
72,794
2,795
40,795
97,797
52,799
73,799
45,801
66,801
91,801
1,802
34,802
2,803
4,804
87,805
1,806
29,806
1,807
6,807
45,807
2,808
55,808
65,811
75,812
2,813
68,813
71,815
77,816
52,818
52,821
20,822
31,822
24,823
100,824
78,824
14,825
3,826
77,826
87,826
49,827
5,828
92,828
4,829
9,829
3,830
15,830
65,830
85,830
89,830
4,831
5,832
82,832
1,834
12,834
46,836
47,836
2,837
1,838
42,838
1,840
34,840
40,840
46,840
18,841
2,842
74,842
100,843
30,843
2,845
23,845
73,848
84,848
87,848
27,849
47,849
72,849
58,850
58,852
63,852
94,852
77,854
83,854
42,855
47,856
86,856
9,858
53,858
99,858
10,860
29,860
45,860
3,861
50,861
4,862
46,862
3,863
20,863
31,863
5,864
77,865
10,866
20,866
38,866
5,867
64,867
85,867
4,869
33,869
83,869
30,872
50,872
32,874
32,875
36,875
60,875
78,875
78,876
27,877
5,879
27,879
1,880
1,881
2,882
46,882
92,882
21,883
1,884
24,884
36,886
85,886
2,887
3,887
2,888
13,888
42,888
97,888
5,889
24,889
75,889
4,890
15,890
75,890
86,890
4,891
6,891
51,891
55,891
80,891
5,892
54,892
85,892
3,893
74,893
58,894
73,896
61,897
77,897
37,898
46,900
55,900
61,900
65,900
68,901
55,903
64,905
43,907
56,908
15,909
40,911
54,911
95,911
67,913
11,914
92,914
75,915
81,916
69,917
79,917
46,918
92,918
95,919
48,921
91,921
16,922
40,922
67,924
29,925
25,926
1,927
32,927
92,927
85,928
34,929
85,929
1,930
75,930
27,931
90,931
2,932
21,932
11,933
1,934
67,934
18,935
21,935
27,935
81,935
46,936
58,936
80,936
2,937
27,937
19,940
66,940
3,941
7,941
4,943
3,944
2,945
31,945
46,945
5,946
5,947
71,947
4,948
50,951
6,952
26,952
78,952
82,953
14,955
73,957
86,957
1,958
32,959
94,960
1,961
88,962
2,963
32,963
35,963
85,963
2,964
70,964
1,965
2,966
23,966
26,967
16,968
65,971
7,972
29,975
1,978
39,978
100,979
21,979
2,981
19,981
58,981
79,981
1,982
74,982
2,983
56,983
77,983
1,984
2,985
51,985
86,985
48,986
39,987
49,988
73,988
58,990
73,991
51,992
58,992
87,992
78,994
36,995
24,996
48,996
40,997
21,1000
91,1001
64,1002
24,1003
80,1003
20,1004
83,1005
20,1006
30,1006
77,1006
33,1007
25,1008
24,1009
52,1009
19,1010
79,1010
40,1015
5,1017
57,1017
76,1017
84,1020
1,1021
95,1022
2,1023
23,1025
36,1025
1,1026
2,1027
1,1028
22,1028
2,1029
21,1029
25,1030
75,1032
87,1032
3,1033
5,1034
6,1034
4,1035
5,1036
9,1036
94,1038
3,1039
4,1040
55,1040
85,1041
63,1042
3,1044
7,1044
68,1044
4,1045
6,1047
93,1047
30,1050
43,1050
4,1051
14,1051
22,1051
5,1052
21,1052
53,1052
71,1052
27,1054
50,1054
97,1054
3,1055
93,1056
5,1057
24,1057
15,1058
1,1059
66,1059
1,1060
37,1060
70,1060
76,1061
34,1062
70,1062
86,1062
57,1063
97,1063
9,1064
92,1065
2,1067
82,1067
1,1068
2,1069
64,1069
2,1070
23,1071
15,1072
36,1072
41,1072
86,1072
5,1073
66,1073
83,1073
80,1074
87,1076
8,1077
37,1078
80,1078
35,1079
82,1079
42,1080
71,1080
77,1080
60,1082
95,1082
37,1083
93,1084
93,1086
30,1087
37,1089
25,1092
1,1094
68,1094
11,1096
2,1097
1,1098
2,1099
1,1101
21,1101
56,1101
2,1105
20,1105
79,1106
74,1107
21,1108
13,1109
24,1110
66,1110
67,1110
93,1110
29,1111
7,1112
56,1114
62,1114
83,1114
91,1114
95,1114
93,1116
7,1117
62,1117
20,1120
54,1120
84,1121
9,1122
70,1122
75,1122
57,1124
67,1124
72,1126
23,1127
26,1128
65,1128
87,1128
71,1129
43,1130
45,1131
53,1132
23,1134
82,1134
13,1135
23,1143
69,1144
52,1145
54,1145
96,1146
53,1147
78,1148
34,1149
67,1149
75,1149
93,1150
23,1153
30,1158
45,1158
64,1159
83,1160
25,1161
13,1162
69,1163
25,1164
17,1165
72,1165
1,1166
51,1167
2,1168
1,1169
2,1170
23,1170
31,1170
59,1170
28,1171
1,1173
2,1174
53,1174
78,1174
38,1175
66,1175
11,1176
87,1176
23,1177
71,1177
73,1178
20,1179
32,1180
1,1181
78,1183
3,1184
90,1185
5,1186
41,1186
45,1186
54,1186
76,1186
86,1186
9,1187
40,1187
63,1187
71,1187
4,1189
10,1189
13,1189
77,1191
75,1192
76,1192
5,1193
64,1193
3,1194
9,1194
4,1195
1,1196
2,1197
72,1198
1,1199
33,1200
7,1201
1,1202
29,1204
2,1205
59,1205
85,1205
2,1206
49,1206
71,1207
21,1208
57,1210
62,1211
3,1212
22,1212
11,1213
39,1213
5,1215
30,1215
35,1215
54,1216
21,1217
4,1218
29,1218
82,1218
3,1219
26,1219
99,1219
60,1220
16,1222
5,1223
4,1224
31,1224
89,1225
38,1226
96,1226
35,1228
12,1235
34,1235
52,1237
6,1239
48,1239
56,1240
9,1241
54,1242
62,1243
20,1244
56,1245
7,1246
82,1246
93,1247
17,1248
64,1249
76,1251
32,1252
56,1258
8,1259
49,1260
52,1260
94,1261
11,1262
86,1262
22,1263
25,1265
2,1266
81,1266
20,1273
65,1273
100,1274
3,1274
71,1275
100,1276
39,1276
99,1277
4,1278
52,1278
5,1279
57,1279
5,1280
46,1280
1,1281
48,1281
78,1281
1,1282
30,1282
2,1283
4,1283
7,1283
1,1284
27,1284
48,1284
3,1285
57,1285
2,1286
2,1287
77,1287
6,1288
19,1288
42,1288
33,1289
14,1291
30,1291
32,1291
38,1291
7,1293
71,1294
75,1294
91,1295
50,1296
96,1297
81,1298
24,1303
36,1303
98,1304
51,1305
68,1305
9,1306
75,1306
40,1308
3,1309
5,1310
27,1310
36,1310
5,1312
49,1312
61,1312
18,1313
4,1314
29,1314
17,1315
4,1316
7,1316
58,1316
88,1316
3,1317
85,1318
38,1321
91,1321
68,1323
1,1324
25,1324
60,1324
3,1325
1,1327
2,1328
4,1328
56,1328
1,1329
5,1329
2,1330
2,1332
4,1332
3,1335
93,1335
5,1336
59,1336
31,1337
43,1337
3,1339
1,1340
12,1340
18,1340
1,1341
4,1341
76,1341
2,1342
1,1343
3,1343
2,1344
63,1344
5,1345
18,1345
56,1345
2,1346
4,1347
5,1349
8,1349
46,1350
43,1352
66,1352
52,1355
17,1356
75,1360
96,1360
18,1363
38,1363
52,1363
15,1364
69,1365
91,1365
38,1366
73,1367
6,1369
29,1369
93,1369
50,1370
71,1371
21,1373
26,1373
98,1375
19,1376
55,1377
77,1380
62,1381
70,1382
22,1384
1,1385
99,1385
79,1388
18,1389
1,1390
38,1390
51,1390
2,1391
95,1395
80,1396
7,1397
32,1397
2,1398
100,1401
7,1401
23,1401
11,1402
67,1403
1,1404
8,1404
99,1404
2,1405
56,1405
16,1406
2,1407
83,1407
45,1408
58,1408
40,1409
37,1412
3,1413
1,1414
64,1414
2,1415
4,1415
6,1415
93,1415
11,1416
1,1417
1,1418
69,1418
2,1419
5,1421
30,1421
2,1422
46,1422
82,1422
4,1423
28,1423
3,1424
8,1424
81,1424
5,1425
8,1425
93,1425
49,1426
52,1427
67,1427
27,1428
66,1430
69,1431
41,1433
52,1435
63,1436
62,1438
39,1439
96,1439
28,1441
51,1441
25,1444
79,1444
43,1445
74,1445
3,1450
64,1450
27,1453
52,1454
87,1454
16,1456
66,1456
97,1456
7,1457
80,1458
45,1459
53,1459
79,1461
20,1462
32,1462
89,1465
24,1466
43,1468
92,1468
48,1469
70,1469
6,1473
27,1473
15,1474
10,1476
82,1477
50,1478
100,1481
45,1481
60,1481
81,1481
60,1482
39,1484
74,1485
39,1486
65,1486
28,1487
24,1488
34,1488
90,1488
94,1488
72,1489
1,1490
88,1490
2,1491
25,1491
3,1493
5,1494
36,1494
1,1495
68,1495
92,1495
1,1496
4,1497
80,1497
36,1498
46,1498
2,1499
4,1500
3,1501
10,1501
5,1502
30,1502
82,1503
3,1504
2,1505
52,1505
4,1506
4,1508
1,1510
3,1510
20,1510
5,1511
74,1511
6,1512
8,1512
12,1512
66,1512
77,1512
94,1512
5,1513
58,1513
1,1514
18,1514
35,1514
53,1514
40,1515
2,1517
31,1517
11,1519
2,1521
28,1521
1,1522
78,1522
21,1524
23,1524
2,1525
22,1526
3,1527
4,1528
3,1529
38,1529
61,1529
5,1530
70,1530
1,1531
4,1531
1,1532
5,1532
89,1532
2,1533
2,1534
33,1534
61,1534
75,1534
80,1534
85,1534
1,1535
9,1535
87,1535
18,1536
95,1536
16,1538
97,1538
33,1539
71,1539
2,1540
75,1540
82,1540
91,1540
9,1541
36,1541
40,1542
40,1543
76,1544
15,1546
43,1550
58,1552
77,1552
79,1553
10,1555
12,1559
39,1559
40,1559
3,1560
4,1561
28,1561
5,1562
25,1562
51,1563
64,1563
1,1564
27,1564
2,1565
5,1565
79,1565
3,1566
94,1566
4,1567
39,1567
47,1570
1,1571
32,1571
58,1571
18,1572
1,1573
45,1573
2,1574
38,1574
2,1578
3,1578
92,1578
5,1579
11,1579
14,1579
87,1579
4,1580
33,1580
59,1580
20,1581
39,1581
5,1582
4,1583
100,1585
3,1585
54,1586
9,1587
55,1587
57,1587
44,1592
3,1593
9,1593
4,1595
33,1595
61,1596
3,1597
87,1597
4,1599
68,1599
19,1601
5,1602
11,1602
18,1602
74,1602
91,1602
21,1604
64,1605
1,1607
5,1607
1,1608
2,1609
87,1609
2,1610
70,1611
1,1612
82,1612
2,1615
1,1617
71,1617
34,1618
39,1618
95,1618
12,1619
71,1619
2,1620
1,1621
3,1622
70,1624
4,1625
4,1626
78,1626
5,1628
83,1628
1,1630
43,1630
5,1631
11,1631
16,1631
39,1633
57,1633
2,1634
70,1634
2,1635
3,1635
31,1635
63,1636
70,1636
24,1637
86,1637
9,1638
98,1638
7,1639
9,1640
45,1643
7,1644
82,1645
99,1647
73,1648
26,1650
85,1652
96,1652
8,1653
71,1654
80,1654
1,1655
82,1655
17,1656
93,1656
50,1659
39,1662
75,1662
42,1663
14,1664
21,1665
5,1667
11,1667
80,1667
87,1669
26,1670
90,1670
13,1672
34,1673
18,1674
34,1676
51,1676
26,1677
65,1677
70,1678
1,1679
16,1679
35,1679
73,1679
21,1680
31,1680
57,1680
88,1681
43,1682
2,1683
74,1684
88,1685
90,1687
3,1688
89,1688
1,1689
1,1690
4,1690
25,1690
100,1691
2,1691
54,1691
2,1692
4,1692
83,1692
3,1693
5,1694
7,1695
42,1695
5,1696
51,1696
85,1697
22,1698
49,1698
58,1698
81,1698
1,1699
24,1699
61,1699
2,1700
1,1701
51,1701
57,1701
2,1702
43,1702
1,1703
99,1703
2,1705
28,1705
7,1706
30,1706
49,1708
74,1708
17,1709
83,1709
85,1709
3,1711
56,1711
99,1712
5,1713
25,1713
4,1714
78,1715
10,1716
1,1717
1,1718
2,1719
94,1719
1,1720
3,1720
2,1722
11,1722
2,1723
4,1723
34,1723
65,1725
91,1725
5,1726
75,1726
1,1727
1,1728
2,1729
46,1729
1,1731
45,1731
2,1732
66,1732
28,1733
2,1734
3,1735
47,1735
58,1735
4,1736
56,1736
3,1737
30,1737
35,1737
5,1738
4,1739
15,1740
94,1740
24,1741
5,1742
3,1744
49,1745
5,1747
4,1748
22,1748
82,1748
5,1749
3,1751
4,1753
36,1754
39,1754
3,1756
9,1757
4,1758
50,1758
4,1759
76,1759
3,1761
5,1762
50,1764
10,1765
93,1765
18,1766
48,1766
62,1767
1,1768
1,1769
80,1769
2,1770
45,1771
5,1772
1,1773
18,1773
11,1774
52,1775
37,1776
73,1776
41,1779
2,1780
3,1780
2,1781
21,1781
52,1781
70,1782
57,1783
91,1784
42,1785
81,1785
3,1786
95,1786
98,1788
61,1789
78,1789
54,1791
50,1792
74,1792
57,1794
14,1795
72,1795
58,1796
78,1796
55,1797
63,1797
77,1799
28,1800
42,1801
63,1801
14,1804
22,1804
32,1808
1,1809
25,1809
57,1809
1,1810
92,1810
2,1811
79,1811
81,1811
83,1811
2,1812
47,1812
33,1813
1,1814
44,1814
47,1815
53,1815
78,1816
35,1819
44,1819
2,1820
29,1820
23,1821
88,1821
75,1824
56,1825
3,1826
51,1826
75,1826
4,1827
4,1828
18,1828
52,1828
56,1828
1,1829
15,1829
50,1829
79,1830
88,1830
3,1831
63,1831
1,1834
5,1834
66,1834
2,1835
75,1835
2,1836
5,1836
83,1836
94,1836
45,1837
15,1838
1,1839
65,1839
10,1841
2,1842
81,1843
8,1844
39,1846
90,1847
3,1848
29,1848
87,1849
5,1850
89,1850
60,1852
4,1853
47,1853
1,1854
26,1854
35,1854
51,1854
82,1854
4,1855
2,1856
3,1856
5,1857
54,1858
1,1859
61,1859
1,1860
56,1860
94,1860
56,1862
2,1863
2,1864
45,1864
83,1865
3,1866
10,1866
56,1868
85,1868
4,1870
61,1870
76,1870
60,1871
95,1871
5,1872
33,1872
4,1873
43,1873
75,1873
5,1874
42,1875
47,1875
3,1876
70,1877
11,1879
53,1879
28,1880
41,1880
14,1881
37,1881
50,1881
9,1883
8,1884
71,1885
33,1887
1,1889
64,1889
1,1890
81,1890
2,1891
2,1892
1,1893
24,1893
2,1894
55,1894
64,1894
6,1895
74,1896
31,1897
88,1897
60,1903
3,1904
15,1904
48,1904
84,1905
89,1905
4,1906
5,1907
15,1907
59,1909
4,1910
25,1910
6,1912
83,1913
3,1914
5,1915
63,1915
74,1915
34,1918
1,1919
24,1919
42,1919
2,1920
14,1920
48,1920
67,1920
1,1921
2,1922
1,1924
83,1924
2,1925
17,1926
38,1929
70,1929
7,1933
73,1933
24,1935
65,1936
4,1938
55,1939
79,1942
26,1944
100,1945
60,1945
29,1946
51,1947
64,1947
77,1948
99,1948
1,1951
23,1951
79,1951
1,1952
3,1952
54,1952
2,1953
5,1953
4,1954
96,1954
1,1955
5,1955
2,1956
3,1956
4,1959
26,1959
49,1959
2,1960
100,1961
60,1961
52,1962
53,1963
44,1965
89,1965
65,1968
98,1968
24,1969
27,1970
29,1970
1,1972
2,1972
76,1972
1,1973
3,1973
69,1974
2,1975
1,1977
5,1977
12,1977
67,1977
2,1978
47,1978
65,1978
47,1979
2,1980
4,1980
89,1980
5,1981
72,1981
81,1981
3,1982
30,1982
64,1982
55,1983
4,1984
9,1985
66,1988
9,1990
67,1990
42,1993
94,1993
99,1994
66,1996
67,1996
84,1996
89,1998
37,1999
57,1999
68,1999
54,2000
85,2004
6,2005
11,2005
90,2007
97,2007
1,2008
59,2008
1,2009
3,2009
2,2010
61,2010
2,2011
85,2011
96,2011
1,2012
4,2012
62,2012
76,2013
2,2014
24,2014
4,2015
68,2015
69,2015
47,2016
3,2018
81,2018
5,2019
56,2019
5,2020
16,2020
97,2020
36,2021
39,2021
80,2021
8,2024
23,2024
27,2024
86,2024
95,2024
26,2026
93,2027
28,2028
72,2028
62,2030
88,2030
14,2031
42,2031
6,2033
55,2034
30,2035
50,2035
97,2036
49,2037
64,2037
83,2037
66,2038
4,2039
49,2040
77,2041
10,2042
14,2042
56,2042
81,2042
20,2046
34,2046
69,2046
29,2048
89,2049
98,2049
94,2050
92,2051
1,2052
2,2053
1,2055
1,2056
16,2057
28,2057
56,2057
2,2058
61,2058
2,2059
80,2059
50,2061
75,2061
85,2061
1,2062
13,2062
23,2062
89,2062
2,2063
54,2063
76,2063
1,2064
1,2067
99,2067
2,2068
22,2068
60,2068
2,2069
3,2070
33,2072
5,2073
68,2074
4,2075
96,2075
27,2077
95,2079
3,2080
80,2080
5,2081
77,2082
79,2082
16,2083
1,2084
4,2084
26,2084
1,2085
86,2085
2,2086
1,2087
30,2088
37,2088
39,2088
49,2088
67,2088
77,2088
80,2088
2,2089
2,2090
29,2090
31,2091
32,2091
69,2091
61,2092
37,2093
98,2093
48,2094
3,2095
50,2095
64,2095
5,2096
51,2096
4,2097
3,2098
15,2098
18,2099
26,2099
38,2099
5,2100
46,2100
4,2102
81,2103
76,2104
90,2105
43,2108
55,2108
65,2109
77,2109
97,2109
46,2110
68,2111
48,2112
100,2113
3,2113
47,2114
4,2115
68,2115
5,2118
6,2119
59,2122
63,2122
31,2123
79,2123
88,2123
92,2123
96,2123
17,2124
20,2124
66,2125
54,2126
5,2127
4,2128
1,2129
3,2129
60,2129
72,2129
84,2129
1,2130
19,2130
2,2131
1,2132
2,2133
79,2133
84,2133
2,2134
35,2134
77,2135
73,2136
86,2136
3,2137
5,2138
8,2138
51,2138
93,2138
4,2139
55,2139
62,2139
68,2140
87,2140
62,2141
4,2142
44,2142
67,2143
91,2143
14,2144
60,2144
3,2146
5,2147
67,2147
86,2148
57,2149
26,2150
41,2153
31,2154
37,2154
57,2154
74,2154
13,2155
22,2155
93,2155
44,2156
69,2157
35,2158
1,2160
1,2161
32,2161
51,2161
87,2161
35,2162
48,2162
49,2162
89,2162
59,2164
98,2166
2,2167
16,2167
24,2167
31,2167
37,2167
61,2167
2,2170
1,2171
30,2171
30,2172
55,2172
84,2172
6,2173
54,2173
13,2174
2,2175
88,2175
18,2177
41,2178
51,2179
86,2179
48,2180
84,2180
50,2182
62,2182
89,2182
46,2183
1,2184
27,2185
2,2186
1,2187
26,2187
69,2187
12,2189
1,2191
7,2191
37,2191
2,2192
2,2193
11,2193
35,2193
61,2194
47,2196
70,2196
38,2197
96,2198
76,2200
48,2201
54,2201
99,2201
41,2202
98,2204
39,2206
59,2207
3,2208
68,2208
4,2209
5,2210
27,2211
82,2211
5,2213
74,2214
3,2215
4,2216
7,2216
23,2217
5,2218
12,2218
1,2219
2,2220
3,2220
74,2220
80,2220
1,2221
5,2221
17,2221
38,2221
4,2222
1,2223
82,2223
100,2224
2,2224
4,2224
4,2225
5,2225
33,2225
95,2225
2,2226
93,2226
3,2227
16,2227
47,2227
96,2228
90,2229
28,2230
1,2231
44,2231
66,2231
23,2232
3,2233
1,2234
5,2234
19,2234
88,2234
2,2235
79,2235
4,2236
2,2237
5,2237
10,2237
97,2237
4,2239
78,2239
3,2240
13,2241
46,2243
33,2244
92,2244
1,2245
47,2245
67,2245
9,2246
18,2248
88,2248
2,2249
68,2249
60,2250
41,2251
74,2252
96,2252
17,2253
19,2253
33,2253
19,2254
41,2254
91,2254
7,2255
25,2255
15,2256
100,2257
87,2260
98,2262
32,2264
35,2264
3,2266
20,2266
73,2266
96,2266
57,2267
4,2268
7,2268
46,2268
3,2269
66,2269
5,2270
7,2270
40,2270
44,2270
82,2270
88,2270
1,2271
4,2271
9,2272
5,2273
29,2274
59,2274
82,2274
55,2276
2,2277
56,2277
62,2277
1,2278
59,2278
2,2279
72,2280
1,2281
2,2282
88,2282
44,2283
97,2283
45,2285
39,2286
91,2286
3,2288
87,2289
4,2290
12,2290
91,2293
99,2293
4,2294
16,2294
32,2295
67,2295
53,2296
98,2296
5,2297
30,2297
3,2298
1,2299
5,2299
2,2300
33,2300
67,2300
17,2301
32,2301
68,2301
92,2301
1,2302
67,2302
29,2303
2,2304
14,2304
92,2304
38,2305
79,2305
1,2306
2,2307
33,2307
22,2308
71,2309
34,2311
76,2311
77,2311
11,2312
29,2312
37,2312
8,2313
14,2315
14,2317
97,2319
28,2320
70,2320
9,2323
64,2324
8,2325
55,2325
51,2327
90,2327
66,2328
10,2330
42,2330
9,2332
27,2332
29,2332
97,2332
38,2334
88,2335
35,2336
71,2339
7,2340
25,2340
79,2342
23,2343
68,2345
69,2345
79,2347
32,2348
78,2348
73,2351
37,2352
16,2353
60,2353
87,2354
54,2357
56,2357
9,2358
17,2358
68,2360
79,2360
30,2361
61,2361
82,2361
93,2363
72,2365
86,2367
86,2371
54,2372
71,2372
92,2375
59,2377
19,2378
48,2378
22,2381
49,2381
69,2381
8,2382
99,2382
3,2383
45,2383
6,2384
5,2385
4,2386
47,2387
64,2387
3,2388
79,2388
26,2389
4,2392
49,2392
5,2393
75,2393
14,2394
46,2397
95,2397
26,2399
30,2399
95,2400
22,2401
3,2403
4,2404
3,2405
41,2405
5,2406
21,2406
4,2407
77,2407
5,2409
17,2409
9,2410
96,2410
91,2411
50,2412
48,2413
22,2417
95,2417
9,2418
40,2418
19,2419
92,2421
9,2422
16,2422
15,2423
61,2423
3,2424
47,2424
75,2425
98,2425
16,2426
19,2426
96,2426
4,2427
90,2427
5,2428
20,2428
28,2428
52,2428
4,2429
43,2429
76,2430
64,2431
5,2432
56,2432
48,2433
88,2433
3,2434
51,2434
75,2434
83,2434
34,2437
39,2437
44,2437
1,2438
1,2439
43,2440
2,2441
1,2442
90,2442
2,2443
78,2445
2,2446
17,2447
16,2448
59,2450
3,2451
4,2452
22,2452
72,2452
46,2453
88,2454
3,2456
27,2456
81,2457
84,2459
5,2462
4,2463
17,2464
5,2465
68,2466
64,2467
37,2469
56,2469
64,2470
33,2471
78,2473
73,2474
79,2475
88,2476
56,2477
9,2480
92,2480
43,2481
71,2481
92,2481
21,2482
93,2483
100,2485
82,2485
35,2486
36,2487
41,2487
55,2488
57,2488
6,2489
11,2489
48,2490
90,2490
12,2491
48,2492
54,2492
57,2493
73,2494
32,2495
17,2497
39,2498
56,2498
58,2498
86,2498
17,2499
45,2499
90,2499
1,2501
2,2502
1,2503
2,2504
30,2505
1,2506
79,2507
85,2509
92,2510
11,2512
46,2512
63,2512
64,2512
92,2512
15,2513
54,2513
2,2514
26,2514
46,2514
64,2514
47,2516
69,2516
62,2517
20,2518
63,2518
40,2520
78,2521
91,2522
50,2525
52,2525
53,2528
66,2528
94,2528
95,2528
78,2529
18,2530
3,2531
9,2531
63,2531
4,2532
30,2532
5,2533
17,2534
58,2534
90,2534
5,2535
18,2535
51,2536
3,2537
4,2538
27,2538
45,2538
56,2538
88,2538
92,2539
21,2543
60,2543
98,2543
85,2544
81,2545
68,2546
19,2548
46,2549
8,2550
20,2550
4,2551
32,2553
1,2555
95,2555
18,2558
1,2559
69,2560
2,2561
1,2562
74,2562
89,2562
12,2565
52,2565
2,2568
2,2570
22,2573
25,2573
60,2576
81,2578
14,2579
43,2579
48,2579
15,2580
51,2584
70,2584
25,2585
61,2585
81,2585
8,2588
2,2589
37,2589
98,2590
87,2591
20,2593
40,2593
44,2593
28,2595
89,2595
100,2597
35,2597
31,2600
35,2600
47,2600
24,2601
34,2601
14,2602
52,2602
54,2602
41,2603
95,2603
53,2604
8,2605
19,2605
35,2605
82,2605
18,2606
87,2607
22,2610
37,2610
45,2610
50,2613
6,2615
29,2615
83,2616
35,2617
97,2617
67,2621
3,2623
5,2624
15,2624
36,2624
1,2625
2,2626
4,2626
61,2626
1,2627
5,2627
36,2627
4,2628
58,2628
2,2629
3,2629
71,2629
82,2629
68,2630
27,2631
92,2631
1,2632
82,2633
11,2634
49,2634
36,2635
45,2635
2,2636
7,2636
42,2636
71,2638
47,2641
44,2642
1,2643
15,2643
2,2645
10,2645
26,2645
48,2645
94,2645
1,2646
1,2647
5,2647
31,2648
61,2649
100,2651
74,2653
2,2655
30,2655
82,2655
2,2656
8,2656
58,2656
86,2656
41,2657
24,2658
73,2658
91,2658
20,2659
65,2659
78,2660
90,2660
13,2661
54,2662
68,2663
49,2664
9,2665
16,2666
3,2667
5,2668
91,2668
4,2669
45,2669
3,2670
9,2674
52,2674
4,2676
69,2676
72,2677
5,2678
67,2680
41,2682
72,2683
77,2684
52,2686
63,2686
100,2690
12,2690
99,2690
36,2691
70,2691
85,2691
92,2691
15,2692
35,2693
3,2694
14,2695
4,2696
16,2696
76,2696
88,2696
3,2698
5,2699
51,2699
55,2700
5,2702
89,2702
4,2705
41,2705
51,2706
65,2706
26,2707
7,2708
7,2712
18,2713
29,2713
84,2713
92,2716
24,2717
20,2718
27,2719
9,2720
17,2721
7,2722
55,2722
36,2723
69,2724
8,2727
4,2730
16,2730
97,2730
27,2731
92,2731
27,2733
37,2733
46,2734
18,2735
19,2735
43,2735
42,2737
88,2737
93,2738
39,2744
1,2745
46,2746
57,2746
1,2748
95,2748
2,2749
14,2749
66,2749
1,2750
2,2751
98,2751
3,2752
9,2752
83,2752
2,2753
4,2753
25,2753
5,2754
28,2754
4,2755
67,2755
3,2756
29,2756
54,2756
11,2757
5,2758
2,2759
50,2759
76,2759
36,2762
39,2763
15,2764
16,2764
78,2765
24,2766
18,2767
47,2767
95,2770
9,2771
30,2773
62,2773
13,2774
36,2775
8,2777
71,2778
56,2780
75,2781
1,2784
2,2785
54,2785
58,2786
1,2787
44,2787
82,2787
85,2787
1,2788
84,2788
2,2790
43,2790
64,2790
36,2791
56,2792
88,2792
65,2793
2,2795
3,2795
5,2796
20,2797
37,2797
12,2798
19,2798
24,2798
5,2799
52,2799
4,2802
44,2802
51,2802
3,2803
9,2804
67,2804
87,2804
4,2805
87,2805
24,2807
38,2808
46,2808
15,2809
3,2811
50,2811
4,2812
59,2812
5,2813
76,2813
1,2814
5,2814
18,2814
2,2815
59,2815
1,2816
33,2816
92,2816
2,2817
10,2817
39,2817
1,2818
3,2818
25,2818
2,2819
43,2819
4,2820
76,2821
36,2823
47,2823
3,2824
94,2824
4,2826
38,2826
33,2828
5,2829
27,2829
38,2829
5,2830
3,2831
54,2833
82,2833
4,2834
11,2834
32,2834
22,2835
3,2839
37,2839
9,2840
5,2841
28,2841
62,2841
70,2841
4,2843
100,2844
4,2844
38,2844
20,2845
57,2845
81,2846
16,2847
77,2847
80,2847
3,2849
5,2850
19,2850
71,2851
73,2851
90,2853
19,2854
94,2854
46,2855
54,2856
88,2859
89,2859
64,2860
43,2862
14,2864
32,2865
60,2865
51,2867
6,2868
14,2868
76,2868
79,2869
11,2870
8,2872
9,2872
79,2872
1,2873
44,2873
45,2873
58,2873
29,2874
2,2875
10,2875
46,2875
1,2876
56,2876
67,2876
3,2878
32,2878
1,2879
52,2879
63,2880
96,2880
4,2881
58,2881
51,2883
2,2884
5,2884
74,2884
100,2885
2,2885
5,2885
65,2885
3,2886
15,2886
51,2887
4,2888
44,2888
99,2888
17,2891
64,2891
82,2891
38,2892
1,2893
1,2894
96,2894
2,2895
59,2895
63,2895
2,2896
43,2896
1,2897
64,2897
2,2898
21,2898
31,2898
59,2898
66,2899
61,2900
81,2900
37,2901
58,2901
11,2905
49,2905
60,2905
3,2906
42,2906
72,2907
73,2908
98,2909
55,2910
5,2911
5,2913
36,2913
77,2913
4,2914
12,2914
61,2914
9,2915
16,2915
3,2916
4,2918
13,2919
23,2919
46,2919
37,2920
61,2921
3,2922
65,2922
5,2923
4,2924
25,2924
44,2924
1,2925
5,2925
36,2925
37,2927
3,2928
4,2929
71,2930
21,2931
86,2931
8,2932
77,2934
26,2935
56,2936
87,2938
1,2940
29,2940
58,2940
47,2941
1,2942
38,2942
2,2943
87,2944
2,2945
1,2946
24,2947
61,2947
93,2947
29,2948
86,2948
2,2952
58,2952
1,2953
17,2953
64,2953
25,2954
3,2955
47,2955
1,2956
5,2956
21,2956
90,2956
2,2957
4,2957
43,2957
87,2957
5,2959
19,2959
23,2959
1,2960
3,2960
4,2961
35,2961
2,2962
2,2964
87,2964
80,2966
1,2967
1,2968
21,2968
60,2968
2,2969
28,2969
72,2969
2,2971
7,2971
12,2971
1,2972
100,2973
2,2973
23,2973
63,2973
28,2974
82,2974
51,2977
91,2978
37,2979
86,2979
23,2980
58,2980
23,2981
17,2985
79,2985
5,2986
19,2986
21,2986
28,2987
22,2990
86,2991
32,2993
30,2995
48,2995
89,2996
88,2997
70,3000
78,3000
8,3001
3,3002
80,3002
2,3003
100,3005
5,3005
5,3006
4,3009
35,3009
4,3011
21,3011
50,3011
1,3012
25,3012
3,3013
28,3013
38,3013
46,3013
2,3014
49,3014
1,3015
53,3016
58,3016
1,3017
87,3017
2,3019
15,3019
24,3019
2,3020
6,3020
64,3020
60,3021
9,3022
54,3023
86,3023
6,3024
82,3025
69,3026
9,3027
40,3027
73,3028
20,3031
42,3035
93,3036
14,3038
37,3038
86,3040
19,3041
69,3041
33,3042
29,3043
92,3044
20,3045
67,3045
68,3045
71,3046
83,3046
18,3047
65,3047
75,3047
94,3048
16,3050
55,3050
41,3051
53,3051
65,3053
40,3054
90,3059
91,3059
49,3061
52,3061
78,3064
33,3065
58,3065
95,3065
25,3066
93,3066
70,3067
93,3067
84,3069
38,3070
6,3071
48,3071
12,3072
60,3073
4,3074
35,3074
61,3074
100,3077
68,3077
61,3078
71,3078
3,3079
53,3080
96,3080
97,3080
4,3081
63,3081
65,3081
4,3082
48,3082
85,3082
94,3083
57,3084
77,3085
97,3085
3,3086
58,3087
5,3088
14,3088
72,3089
53,3091
1,3093
1,3094
5,3094
96,3094
2,3095
1,3096
35,3096
61,3096
83,3096
2,3097
2,3098
86,3098
1,3099
65,3099
1,3100
2,3101
96,3101
2,3102
85,3103
49,3104
89,3104
64,3106
1,3109
77,3109
3,3110
12,3110
26,3110
51,3111
4,3112
8,3112
3,3113
4,3115
55,3115
97,3116
2,3117
5,3119
72,3119
42,3120
43,3120
1,3121
5,3122
27,3122
53,3122
2,3126
6,3126
52,3126
1,3127
35,3127
76,3127
88,3127
41,3128
46,3128
98,3128
11,3129
77,3129
2,3131
38,3131
24,3132
1,3133
9,3133
97,3133
2,3134
17,3134
35,3134
40,3135
2,3137
26,3137
100,3138
9,3138
15,3138
23,3138
55,3138
58,3138
19,3142
32,3142
79,3143
28,3144
9,3146
37,3146
33,3148
13,3149
43,3149
70,3149
6,3150
34,3151
38,3151
94,3152
27,3153
85,3153
3,3154
30,3154
5,3155
59,3156
11,3158
98,3158
28,3159
4,3160
27,3161
77,3162
5,3165
47,3165
3,3166
57,3166
6,3167
91,3167
83,3168
23,3170
4,3172
53,3172
57,3173
73,3173
89,3173
97,3173
33,3175
78,3175
19,3177
22,3181
25,3181
49,3182
11,3183
1,3185
14,3185
85,3185
2,3187
1,3188
12,3188
1,3190
20,3190
2,3192
3,3192
59,3192
2,3193
58,3193
70,3194
53,3195
32,3196
6,3197
24,3197
71,3197
74,3197
11,3198
7,3199
11,3199
12,3199
37,3199
45,3199
80,3199
45,3200
98,3200
18,3201
66,3203
77,3203
40,3206
70,3206
89,3207
3,3208
5,3209
17,3209
81,3209
4,3210
52,3210
88,3210
5,3212
37,3212
77,3212
4,3213
90,3213
3,3214
22,3214
73,3214
51,3216
57,3216
66,3216
94,3216
7,3217
94,3218
76,3219
51,3220
12,3221
75,3221
98,3221
12,3222
56,3223
22,3224
43,3224
52,3224
100,3225
17,3229
32,3229
61,3230
53,3232
36,3233
39,3233
59,3233
63,3233
92,3233
77,3234
95,3235
3,3236
52,3236
62,3236
47,3237
38,3238
41,3238
57,3238
5,3239
4,3240
51,3240
5,3241
8,3241
3,3242
37,3243
4,3244
33,3245
35,3246
48,3246
67,3247
23,3248
14,3249
36,3250
62,3250
29,3251
98,3251
19,3252
82,3252
11,3253
53,3253
45,3254
77,3254
67,3255
47,3259
87,3259
97,3259
30,3260
84,3262
7,3265
22,3266
44,3266
51,3266
36,3267
90,3268
3,3270
92,3270
32,3271
4,3272
3,3273
5,3274
39,3274
4,3275
73,3275
5,3276
33,3277
62,3279
63,3279
95,3280
71,3281
31,3282
81,3282
38,3283
99,3283
89,3285
18,3286
35,3287
43,3287
75,3287
74,3289
8,3290
27,3291
46,3291
95,3291
96,3298
93,3299
100,3300
87,3300
89,3300
9,3301
35,3301
47,3301
87,3301
37,3302
3,3307
71,3307
81,3307
5,3309
47,3310
46,3312
70,3313
4,3314
15,3314
5,3315
36,3315
10,3317
33,3317
4,3318
95,3319
3,3320
10,3321
79,3321
1,3324
41,3324
14,3325
1,3326
57,3327
2,3328
85,3328
8,3329
26,3329
74,3329
98,3330
38,3331
41,3331
57,3331
87,3331
1,3332
35,3332
56,3332
57,3332
49,3333
2,3334
58,3334
100,3335
2,3339
66,3339
92,3339
100,3340
18,3343
33,3343
3,3344
18,3344
4,3345
4,3346
11,3346
14,3346
1,3347
5,3347
1,3349
5,3349
53,3349
2,3350
3,3351
18,3353
57,3353
1,3354
28,3355
95,3355
57,3356
73,3356
2,3357
52,3358
2,3359
35,3359
38,3359
33,3361
18,3362
54,3362
54,3363
17,3365
19,3365
48,3365
3,3366
8,3366
18,3366
30,3366
80,3366
4,3367
12,3367
44,3368
51,3369
93,3371
4,3374
64,3374
98,3374
5,3375
16,3375
32,3375
3,3376
47,3376
28,3377
5,3378
46,3380
83,3381
29,3385
31,3385
36,3385
60,3387
38,3388
17,3394
57,3394
10,3395
26,3396
1,3397
2,3399
71,3399
26,3400
41,3400
65,3403
1,3404
2,3405
96,3405
12,3406
97,3407
1,3408
58,3408
87,3410
2,3413
16,3414
92,3418
88,3419
16,3420
21,3421
44,3421
51,3421
19,3423
3,3426
48,3426
96,3426
5,3427
60,3427
4,3428
67,3428
90,3429
54,3430
68,3430
4,3431
97,3431
3,3434
78,3434
5,3435
44,3435
76,3435
99,3436
9,3438
47,3442
30,3444
56,3445
77,3445
52,3446
54,3447
71,3447
12,3450
46,3451
85,3451
22,3453
76,3454
40,3455
1,3456
40,3457
2,3458
56,3458
1,3459
39,3460
62,3460
81,3460
1,3461
64,3461
2,3462
82,3462
14,3463
68,3464
2,3466
18,3467
32,3467
79,3467
53,3468
60,3469
49,3470
47,3471
16,3472
42,3473
45,3474
3,3475
73,3475
97,3475
4,3476
5,3478
65,3479
5,3481
24,3481
3,3483
44,3483
4,3484
16,3484
42,3485
78,3485
35,3486
33,3488
46,3489
15,3490
23,3493
32,3493
86,3493
91,3493
99,3493
81,3494
62,3495
85,3497
73,3498
14,3499
100,3502
67,3503
81,3505
12,3507
13,3508
22,3509
73,3509
91,3510
10,3512
25,3512
85,3512
6,3514
51,3515
6,3517
69,3517
9,3518
20,3518
40,3518
97,3518
30,3521
29,3523
98,3524
74,3525
77,3525
19,3527
68,3527
97,3528
53,3529
96,3530
88,3531
75,3533
95,3533
98,3534
87,3535
6,3537
8,3537
1,3539
2,3540
86,3542
95,3542
85,3543
1,3544
29,3544
59,3544
71,3544
1,3545
40,3546
50,3547
89,3547
2,3548
21,3548
37,3548
34,3550
2,3552
29,3552
22,3553
3,3554
4,3555
52,3555
5,3557
83,3557
1,3558
3,3558
29,3558
40,3558
1,3560
2,3561
5,3562
22,3562
4,3563
7,3563
54,3563
1,3564
67,3564
8,3566
13,3566
2,3567
80,3567
81,3568
89,3568
2,3569
28,3570
1,3571
63,3571
81,3571
92,3572
1,3573
30,3573
2,3574
1,3576
39,3576
21,3577
2,3579
2,3580
57,3580
80,3580
43,3581
44,3581
50,3583
24,3584
28,3584
64,3585
6,3588
45,3589
39,3590
76,3590
57,3591
39,3593
50,3594
32,3596
75,3597
38,3600
38,3601
64,3601
33,3603
29,3605
17,3606
20,3606
73,3606
56,3607
66,3607
73,3607
20,3610
25,3611
63,3612
94,3612
98,3613
84,3614
10,3615
41,3615
73,3617
72,3620
19,3621
3,3624
28,3624
7,3626
61,3628
97,3628
3,3630
7,3630
86,3630
71,3632
4,3633
84,3633
4,3634
24,3634
37,3634
39,3634
59,3634
71,3634
80,3635
8,3637
5,3638
55,3639
86,3640
5,3641
28,3641
41,3641
3,3642
82,3643
31,3644
35,3644
90,3644
29,3645
18,3647
47,3647
48,3647
54,3647
3,3650
4,3651
3,3652
94,3652
4,3653
70,3653
72,3653
21,3654
5,3655
5,3656
75,3656
49,3659
60,3660
26,3664
58,3664
75,3664
34,3665
41,3665
3,3666
79,3666
83,3666
99,3667
5,3668
15,3668
47,3670
94,3670
4,3672
80,3672
4,3673
5,3676
47,3676
63,3676
80,3676
3,3677
59,3679
1,3682
44,3682
94,3682
1,3683
48,3683
3,3685
5,3685
4,3686
53,3686
2,3687
5,3687
85,3687
54,3688
37,3690
72,3690
1,3691
2,3692
2,3693
5,3694
99,3694
3,3695
87,3695
4,3696
70,3696
85,3697
5,3698
40,3698
45,3698
19,3699
20,3699
51,3701
86,3702
53,3705
9,3706
87,3706
11,3707
54,3707
65,3707
91,3709
96,3709
25,3710
47,3710
52,3710
61,3711
3,3712
71,3716
100,3720
8,3720
1,3721
3,3721
72,3721
14,3722
33,3723
69,3723
85,3723
4,3724
23,3725
80,3725
3,3726
92,3727
3,3728
31,3728
5,3729
5,3730
4,3731
91,3732
49,3734
69,3735
13,3736
55,3736
63,3737
80,3737
3,3738
25,3739
28,3739
61,3740
4,3741
66,3741
1,3743
2,3745
4,3745
7,3745
85,3746
85,3747
90,3747
1,3748
3,3748
61,3748
1,3749
44,3749
2,3750
5,3750
75,3750
2,3751
5,3751
6,3751
32,3751
26,3752
28,3752
43,3754
81,3754
33,3755
50,3757
52,3757
69,3757
88,3758
1,3759
10,3759
85,3759
1,3760
2,3761
1,3762
30,3762
41,3762
2,3763
2,3764
67,3764
7,3765
65,3766
87,3767
59,3769
48,3770
6,3771
85,3772
1,3773
44,3773
99,3773
1,3774
45,3774
63,3774
64,3774
90,3775
17,3776
57,3776
80,3776
2,3779
13,3779
43,3779
60,3780
68,3780
2,3781
52,3781
85,3781
1,3782
2,3783
92,3783
59,3784
1,3785
44,3785
39,3786
91,3786
2,3787
45,3788
76,3788
60,3790
83,3791
23,3792
1,3793
86,3793
2,3795
73,3795
99,3795
36,3796
1,3797
2,3798
20,3798
36,3798
83,3798
3,3800
92,3800
47,3801
30,3802
4,3803
20,3804
88,3804
92,3804
53,3805
4,3806
21,3806
88,3806
100,3809
43,3809
70,3809
3,3811
6,3811
60,3811
46,3812
5,3813
84,3813
5,3814
72,3815
49,3817
68,3817
44,3819
17,3820
52,3820
86,3820
30,3821
1,3823
56,3823
63,3823
2,3824
24,3824
55,3824
83,3824
17,3825
50,3825
1,3826
49,3826
62,3826
8,3827
47,3827
1,3828
70,3828
81,3828
2,3829
2,3830
41,3833
75,3833
70,3834
82,3834
25,3835
83,3835
1,3837
11,3837
1,3838
2,3841
3,3841
46,3841
92,3841
2,3842
5,3842
37,3842
60,3842
5,3843
9,3843
26,3843
30,3843
1,3844
4,3844
52,3844
2,3845
4,3845
52,3845
69,3845
86,3845
100,3846
69,3846
30,3847
1,3849
3,3849
1,3850
14,3850
55,3850
2,3851
33,3851
43,3851
99,3851
1,3852
53,3852
2,3853
2,3854
34,3855
25,3856
42,3856
55,3856
80,3856
17,3857
42,3857
44,3857
62,3857
67,3857
38,3858
3,3860
57,3860
5,3861
5,3862
56,3862
49,3863
75,3863
92,3864
4,3865
88,3865
3,3866
4,3867
40,3867
7,3868
86,3868
3,3870
93,3871
4,3872
28,3872
20,3873
30,3873
97,3874
40,3875
44,3875
5,3876
63,3877
3,3878
92,3878
5,3880
52,3880
4,3881
6,3882
61,3882
74,3882
3,3883
25,3883
4,3884
10,3884
67,3884
27,3885
38,3885
62,3886
31,3888
77,3889
43,3890
96,3890
4,3891
5,3893
90,3893
12,3894
3,3895
5,3896
38,3899
92,3899
86,3901
46,3903
20,3904
23,3904
45,3904
45,3908
47,3910
67,3910
80,3910
56,3911
19,3912
81,3913
54,3914
94,3914
54,3915
95,3915
67,3916
36,3918
11,3919
73,3921
45,3922
82,3924
44,3925
27,3926
63,3926
3,3929
4,3930
34,3930
4,3931
89,3931
71,3932
3,3933
15,3933
5,3934
81,3934
97,3936
5,3937
6,3940
16,3940
32,3941
78,3942
77,3944
52,3945
78,3945
93,3949
22,3950
32,3950
38,3950
99,3950
19,3951
24,3951
76,3952
58,3954
78,3954
88,3954
82,3957
7,3958
26,3960
12,3961
47,3964
35,3965
46,3966
46,3968
53,3969
69,3969
85,3969
33,3970
66,3971
96,3972
74,3976
97,3977
36,3978
30,3979
100,3980
3,3980
5,3981
24,3981
85,3981
4,3984
6,3984
64,3985
4,3986
38,3987
73,3987
86,3987
5,3989
3,3990
89,3990
94,3991
9,3992
76,3992
59,3993
69,3996
29,3997
61,3997
100,3999
56,3999
100,4000
93,4000
12,4002
54,4002
73,4002
46,4003
13,4004
51,4004
78,4004
86,4004
45,4007
86,4007
29,4008
75,4008
84,4008
35,4011
73,4013
27,4014
87,4014
88,4014
73,4015
81,4015
50,4016
60,4016
19,4017
88,4017
94,4017
12,4018
32,4018
88,4019
19,4020
22,4020
53,4020
57,4022
12,4027
46,4031
27,4033
46,4033
86,4033
45,4034
72,4034
72,4035
61,4038
54,4040
64,4043
65,4045
81,4046
95,4047
79,4049
100,4050
50,4051
81,4051
85,4052
78,4054
19,4055
23,4056
32,4056
15,4057
7,4058
96,4059
82,4060
65,4061
30,4063
90,4063
93,4064
7,4065
99,4065
1,4067
4,4067
21,4067
65,4067
1,4068
35,4068
66,4070
32,4071
2,4073
92,4074
14,4075
18,4075
1,4077
2,4078
39,4078
25,4079
2,4080
11,4081
5,4084
38,4084
85,4085
42,4087
37,4088
66,4088
87,4089
94,4089
76,4092
10,4093
63,4094
85,4094
91,4095
68,4096
94,4097
26,4098
27,4100
48,4101
98,4101
80,4103
55,4107
58,4107
25,4109
62,4109
73,4109
16,4110
54,4110
13,4111
77,4113
3,4114
80,4114
4,4115
43,4115
97,4115
5,4116
97,4116
3,4117
32,4117
95,4117
5,4118
18,4118
70,4118
4,4120
98,4122
66,4123
86,4123
3,4124
58,4124
14,4125
18,4125
23,4125
44,4127
13,4128
91,4128
42,4129
98,4129
17,4130
70,4132
13,4135
59,4136
3,4138
5,4139
1,4140
31,4140
2,4141
97,4141
1,4142
57,4142
4,4143
38,4143
43,4143
94,4143
59,4144
61,4144
2,4145
5,4145
20,4146
25,4146
3,4148
58,4148
4,4149
89,4149
1,4150
58,4150
2,4152
2,4153
10,4153
76,4153
72,4154
52,4155
19,4157
13,4159
25,4160
1,4161
15,4161
85,4161
1,4163
25,4163
84,4163
15,4164
2,4165
56,4165
2,4166
36,4166
71,4167
88,4167
18,4168
1,4170
3,4170
2,4171
53,4171
92,4171
47,4172
79,4172
82,4172
100,4173
10,4174
90,4176
41,4177
56,4177
17,4179
5,4180
7,4180
18,4180
44,4182
29,4183
38,4183
50,4183
65,4184
76,4184
74,4185
17,4186
75,4186
76,4186
77,4187
78,4187
76,4188
77,4188
75,4191
6,4192
36,4192
49,4192
3,4193
4,4194
4,4195
65,4195
5,4196
5,4197
85,4197
41,4198
3,4199
22,4199
95,4199
30,4201
41,4201
9,4202
60,4202
36,4203
52,4203
98,4203
67,4204
89,4208
94,4208
49,4210
12,4212
34,4215
53,4215
56,4215
88,4215
48,4217
98,4217
24,4218
33,4219
34,4219
3,4220
24,4220
5,4221
6,4223
85,4223
4,4224
60,4224
4,4225
97,4225
3,4226
56,4226
57,4227
5,4229
25,4229
47,4229
75,4229
32,4231
100,4232
1,4232
26,4232
42,4234
78,4234
1,4235
78,4235
90,4235
2,4236
1,4238
99,4238
2,4239
97,4239
2,4240
57,4241
80,4242
67,4244
3,4245
66,4245
83,4245
71,4247
84,4248
36,4249
34,4250
28,4251
4,4252
58,4252
5,4254
3,4255
35,4255
4,4256
32,4256
66,4256
89,4256
5,4257
44,4257
83,4257
16,4258
71,4258
8,4261
66,4262
1,4263
2,4264
3,4264
5,4265
22,4265
27,4265
22,4266
1,4267
4,4267
2,4268
24,4268
83,4268
1,4269
21,4269
79,4270
4,4271
56,4272
2,4274
5,4274
99,4274
3,4276
100,4277
93,4278
86,4283
25,4285
97,4285
58,4289
10,4290
27,4292
57,4292
62,4292
12,4293
25,4293
48,4294
71,4295
94,4295
96,4295
22,4297
10,4301
15,4302
87,4302
3,4303
4,4305
30,4305
56,4305
83,4305
3,4306
71,4306
4,4307
14,4308
83,4308
85,4308
5,4309
27,4309
93,4309
5,4310
98,4311
43,4312
53,4313
57,4313
7,4316
26,4317
38,4318
64,4319
90,4319
68,4321
68,4322
44,4325
40,4326
26,4329
66,4329
37,4330
44,4330
74,4331
8,4332
65,4332
50,4335
87,4336
31,4337
56,4337
37,4338
74,4339
86,4339
83,4340
71,4341
3,4342
5,4343
5,4344
92,4345
15,4346
47,4346
72,4346
4,4347
61,4348
55,4349
94,4350
9,4351
12,4351
20,4353
78,4353
81,4353
82,4353
24,4354
3,4355
22,4355
24,4355
4,4356
44,4356
30,4358
82,4358
58,4359
53,4361
51,4363
3,4367
4,4368
4,4369
5,4369
18,4369
84,4369
24,4370
64,4370
4,4371
16,4371
34,4372
27,4373
57,4374
92,4374
5,4375
54,4375
3,4376
88,4377
33,4378
59,4378
63,4378
94,4379
21,4380
62,4380
30,4381
74,4381
10,4382
69,4384
69,4387
32,4391
23,4392
46,4395
17,4398
51,4398
73,4398
58,4399
3,4400
52,4400
63,4400
5,4401
5,4404
14,4405
33,4405
95,4405
4,4406
60,4406
4,4407
25,4408
52,4408
89,4408
46,4411
1,4412
71,4412
2,4413
3,4413
30,4413
78,4413
1,4415
2,4416
86,4416
1,4417
57,4417
100,4418
18,4418
67,4419
2,4420
31,4420
84,4421
87,4421
97,4421
16,4422
21,4422
86,4423
53,4424
87,4424
73,4426
99,4427
6,4428
39,4428
73,4428
24,4429
23,4430
66,4430
26,4431
36,4431
87,4431
29,4432
39,4432
64,4432
80,4434
42,4437
14,4439
57,4439
81,4439
83,4439
7,4440
88,4440
13,4444
82,4444
98,4444
24,4445
65,4446
99,4446
62,4448
52,4449
88,4452
17,4454
35,4454
90,4454
47,4455
97,4455
30,4457
82,4457
30,4460
81,4461
61,4462
65,4464
25,4466
30,4468
59,4468
60,4468
16,4469
19,4469
29,4469
69,4469
51,4470
71,4471
20,4474
45,4474
3,4476
34,4476
100,4478
88,4478
5,4479
88,4480
88,4481
4,4482
11,4482
3,4483
65,4483
78,4483
4,4484
30,4484
59,4484
89,4484
5,4485
47,4485
55,4485
3,4486
43,4486
45,4486
91,4486
4,4487
22,4487
3,4488
5,4491
56,4491
61,4491
79,4491
60,4492
63,4493
4,4495
59,4495
70,4495
5,4496
85,4496
44,4497
73,4497
69,4498
45,4499
46,4500
56,4500
59,4500
21,4501
3,4503
16,4503
47,4503
5,4504
29,4504
4,4505
3,4507
55,4507
56,4507
68,4507
98,4507
4,4510
31,4510
5,4511
53,4512
63,4514
82,4515
7,4516
85,4516
88,4516
36,4517
38,4519
47,4519
66,4520
62,4521
66,4521
34,4524
37,4525
80,4525
85,4526
53,4528
94,4528
3,4530
1,4531
5,4531
19,4531
4,4532
6,4532
2,4534
46,4534
1,4535
4,4535
12,4535
2,4536
32,4537
46,4537
100,4539
1,4539
3,4539
5,4540
86,4540
2,4541
36,4542
85,4542
28,4543
3,4544
4,4545
67,4545
11,4548
31,4548
40,4549
50,4549
95,4549
3,4550
39,4550
4,4553
54,4553
5,4554
26,4555
5,4556
13,4557
46,4557
48,4559
18,4560
50,4560
18,4562
75,4562
61,4564
59,4565
68,4565
1,4566
2,4567
1,4568
1,4569
3,4569
42,4569
2,4570
2,4572
89,4572
21,4575
4,4576
94,4576
1,4577
5,4577
83,4577
7,4578
2,4579
4,4579
92,4579
5,4580
1,4581
3,4581
41,4581
79,4581
38,4583
1,4584
58,4584
2,4585
32,4585
37,4585
2,4586
89,4586
90,4586
11,4590
3,4592
95,4592
5,4593
24,4593
1,4594
4,4594
4,4595
48,4595
66,4595
2,4596
3,4597
13,4597
43,4597
1,4598
10,4598
71,4598
99,4598
1,4599
5,4599
56,4599
30,4600
2,4601
2,4602
1,4603
62,4603
64,4603
1,4605
2,4607
40,4607
1,4608
56,4608
94,4608
66,4609
11,4610
2,4611
61,4611
2,4612
11,4612
34,4612
45,4612
25,4613
12,4615
74,4615
20,4616
22,4616
97,4618
7,4619
25,4619
91,4619
61,4623
31,4624
55,4624
59,4624
38,4625
40,4627
63,4627
8,4628
83,4628
41,4629
50,4629
29,4634
66,4634
67,4635
38,4636
64,4636
79,4637
87,4637
14,4638
54,4638
52,4639
100,4641
92,4643
50,4647
59,4647
69,4648
41,4650
97,4651
23,4653
29,4654
66,4655
15,4656
65,4656
43,4657
79,4657
38,4658
55,4658
79,4658
1,4659
2,4660
1,4661
26,4661
1,4662
74,4662
35,4663
41,4664
2,4665
2,4666
68,4666
83,4666
13,4667
15,4667
81,4668
9,4673
10,4675
63,4675
41,4676
75,4676
91,4676
63,4677
77,4677
74,4679
89,4680
58,4681
1,4682
13,4682
97,4682
1,4683
3,4683
2,4684
52,4684
70,4684
89,4686
97,4686
4,4688
2,4689
4,4689
46,4689
1,4690
5,4691
41,4692
47,4692
92,4692
76,4693
62,4694
2,4695
6,4695
46,4698
3,4699
16,4699
87,4699
1,4700
5,4700
58,4700
77,4700
1,4701
14,4701
46,4701
80,4701
2,4702
82,4702
1,4703
40,4703
60,4703
2,4704
85,4705
93,4705
2,4706
32,4706
82,4706
39,4707
84,4707
57,4710
23,4711
94,4711
40,4712
29,4713
76,4715
82,4716
11,4717
64,4717
91,4717
89,4718
9,4719
51,4719
35,4720
65,4721
11,4724
75,4724
96,4725
79,4726
80,4727
12,4728
17,4728
78,4729
43,4730
7,4731
13,4731
24,4732
57,4732
13,4733
54,4733
32,4736
88,4736
57,4738
68,4739
3,4740
61,4742
23,4744
49,4744
52,4745
55,4748
69,4749
1,4750
76,4750
1,4751
2,4751
21,4751
39,4751
2,4753
39,4753
1,4754
20,4754
2,4755
12,4755
2,4756
86,4756
68,4757
36,4758
80,4758
61,4762
72,4766
79,4766
1,4768
35,4768
43,4768
97,4770
1,4771
70,4772
85,4772
2,4773
1,4774
2,4775
52,4775
58,4775
2,4776
9,4777
31,4777
97,4777
33,4778
7,4779
100,4781
35,4783
66,4783
91,4784
11,4785
94,4785
1,4787
35,4787
2,4788
22,4788
47,4788
21,4789
35,4790
39,4790
1,4792
16,4792
2,4793
54,4793
60,4793
100,4794
12,4794
80,4794
1,4796
31,4797
2,4799
32,4799
72,4799
33,4801
50,4802
99,4802
47,4803
53,4805
55,4805
3,4806
75,4808
58,4809
5,4810
78,4810
1,4811
2,4812
40,4812
4,4813
23,4813
32,4813
1,4814
3,4814
1,4815
5,4815
96,4815
2,4816
4,4816
69,4816
95,4816
2,4817
86,4819
22,4820
71,4820
82,4820
26,4821
41,4823
26,4824
72,4826
83,4827
14,4828
48,4830
86,4831
1,4832
24,4832
40,4832
73,4832
92,4832
47,4833
3,4834
35,4834
4,4835
22,4836
1,4837
81,4837
3,4838
37,4838
85,4838
2,4839
5,4839
38,4839
1,4840
5,4840
42,4840
59,4840
94,4841
2,4842
10,4842
99,4842
4,4843
2,4844
90,4846
82,4847
35,4851
79,4854
38,4855
48,4856
92,4856
1,4858
2,4859
12,4860
16,4860
1,4861
64,4861
72,4861
2,4862
65,4862
91,4862
1,4863
39,4863
2,4864
80,4864
36,4867
57,4867
99,4867
65,4868
90,4869
24,4870
64,4870
98,4870
30,4872
57,4874
44,4878
72,4879
3,4882
16,4883
49,4883
30,4884
93,4885
5,4886
32,4886
39,4886
91,4887
96,4887
4,4888
3,4889
79,4889
71,4891
87,4891
1,4892
1,4893
2,4893
5,4893
1,4894
4,4894
23,4894
1,4896
69,4897
86,4897
56,4898
2,4899
3,4899
19,4899
42,4899
85,4899
4,4900
21,4900
5,4901
20,4901
2,4902
12,4902
66,4902
4,4903
53,4903
61,4903
3,4904
68,4904
5,4905
37,4905
83,4905
87,4908
58,4909
15,4910
75,4910
30,4911
36,4911
92,4911
5,4913
53,4913
57,4914
29,4915
45,4915
77,4919
50,4920
3,4921
8,4922
5,4923
28,4924
90,4924
4,4925
67,4925
65,4928
5,4930
4,4931
30,4932
3,4934
26,4934
1,4935
17,4935
66,4938
71,4938
1,4939
34,4939
23,4940
78,4940
2,4941
1,4942
2,4943
4,4943
15,4943
97,4943
16,4945
2,4946
12,4946
97,4946
70,4947
10,4948
48,4948
81,4948
44,4950
6,4952
95,4952
84,4953
64,4954
34,4955
44,4955
61,4956
99,4956
36,4957
3,4958
4,4959
40,4960
88,4960
5,4961
5,4962
3,4963
4,4964
53,4965
65,4965
25,4966
58,4967
1,4968
21,4968
53,4968
2,4969
1,4970
30,4970
2,4972
1,4973
8,4973
96,4974
2,4975
15,4975
9,4976
74,4976
46,4980
96,4981
40,4982
59,4982
22,4983
82,4983
74,4984
91,4984
97,4984
75,4986
79,4988
53,4989
73,4989
67,4990
64,4992
37,4993
92,4993
54,4995
32,4996
47,4996
4,4998
48,4999
33,5002
3,5003
51,5003
51,5004
97,5004
4,5005
17,5005
51,5005
84,5006
8,5007
95,5007
4,5008
72,5008
83,5008
39,5010
51,5010
86,5010
5,5012
5,5016
3,5017
35,5017
74,5019
38,5020
48,5020
82,5020
83,5021
1,5024
18,5024
82,5024
1,5025
2,5027
77,5027
1,5031
43,5031
91,5031
2,5032
98,5033
2,5037
100,5038
47,5038
15,5039
19,5039
98,5039
5,5040
56,5041
22,5043
84,5043
100,5044
6,5044
8,5045
31,5045
49,5045
3,5046
19,5046
37,5046
46,5046
4,5047
4,5049
10,5049
6,5051
27,5052
73,5052
3,5053
63,5054
96,5054
33,5055
43,5056
85,5056
5,5057
78,5058
5,5059
37,5059
39,5060
18,5061
24,5061
80,5063
76,5064
1,5066
14,5066
61,5066
3,5067
5,5068
4,5069
80,5070
9,5071
24,5071
54,5071
4,5072
53,5072
67,5072
5,5074
3,5075
97,5075
1,5076
21,5077
2,5078
48,5078
1,5079
2,5079
37,5080
88,5080
2,5081
59,5082
85,5082
17,5083
25,5083
1,5084
15,5084
47,5085
70,5085
51,5086
58,5086
2,5087
51,5087
5,5088
46,5088
59,5088
65,5088
68,5088
35,5089
91,5090
54,5091
65,5091
73,5091
2,5092
15,5095
44,5095
99,5097
21,5098
35,5098
53,5101
51,5103
36,5104
53,5104
70,5106
22,5107
16,5109
52,5109
96,5109
82,5110
64,5112
77,5114
88,5114
18,5117
80,5118
66,5119
73,5119
62,5121
37,5122
3,5124
35,5124
71,5124
5,5125
15,5125
80,5125
5,5126
49,5126
89,5126
83,5127
95,5127
4,5129
4,5130
61,5131
3,5132
83,5132
28,5134
3,5137
13,5137
4,5138
51,5138
70,5138
91,5138
4,5140
86,5140
5,5141
3,5142
58,5142
5,5143
64,5143
23,5144
21,5145
3,5147
94,5147
4,5148
74,5148
88,5148
5,5149
14,5149
40,5149
30,5151
3,5153
12,5154
5,5155
18,5155
36,5155
43,5155
4,5157
85,5157
34,5158
35,5158
40,5158
54,5158
72,5158
99,5158
91,5159
21,5160
64,5160
76,5161
58,5162
62,5162
81,5162
31,5163
12,5164
52,5164
1,5166
77,5166
2,5167
76,5167
97,5168
88,5169
1,5170
42,5170
27,5171
54,5171
84,5171
1,5172
20,5174
2,5176
2,5178
9,5179
49,5181
61,5181
18,5182
19,5183
53,5183
57,5183
86,5185
77,5187
99,5187
24,5188
45,5189
92,5189
57,5190
87,5190
63,5191
26,5195
54,5196
66,5196
21,5198
82,5199
24,5200
93,5200
25,5201
31,5203
53,5203
39,5204
28,5205
34,5206
16,5208
26,5208
72,5208
1,5210
1,5212
62,5212
2,5213
21,5213
94,5213
2,5214
29,5214
1,5215
80,5215
2,5216
47,5217
76,5217
98,5217
49,5218
84,5220
1,5221
1,5223
2,5224
28,5224
84,5224
2,5225
1,5227
2,5231
16,5231
67,5231
87,5231
89,5231
93,5231
49,5232
74,5234
53,5235
56,5237
64,5237
20,5238
62,5239
1,5241
48,5241
99,5241
11,5242
24,5243
32,5243
1,5244
92,5244
2,5247
19,5247
81,5247
95,5247
2,5248
1,5251
79,5251
2,5252
10,5252
34,5252
82,5252
36,5253
44,5253
4,5255
42,5256
81,5256
94,5256
6,5257
44,5258
14,5259
58,5259
76,5259
2,5260
65,5260
90,5260
89,5261
91,5261
66,5263
11,5265
20,5265
26,5265
56,5265
12,5266
50,5266
1,5267
89,5267
1,5268
10,5268
27,5268
67,5268
20,5269
94,5269
1,5270
94,5270
2,5271
21,5271
60,5271
61,5272
1,5273
2,5274
35,5274
86,5274
28,5277
52,5277
2,5278
72,5278
83,5278
57,5280
76,5280
95,5280
76,5281
38,5284
61,5284
78,5284
68,5285
47,5287
85,5287
55,5288
41,5289
64,5289
46,5290
71,5290
13,5291
19,5292
93,5292
95,5292
1,5293
1,5294
2,5295
57,5295
1,5296
28,5297
2,5298
18,5298
21,5298
68,5300
74,5301
2,5302
14,5302
70,5302
84,5302
22,5303
66,5303
16,5304
75,5304
1,5307
23,5307
98,5308
1,5309
22,5309
2,5310
98,5312
1,5313
60,5313
28,5314
47,5314
2,5315
51,5315
81,5315
93,5315
2,5316
82,5316
33,5317
1,5319
32,5319
3,5323
5,5324
1,5325
2,5325
4,5325
1,5326
3,5326
2,5327
91,5327
1,5328
5,5329
41,5329
4,5330
2,5331
33,5332
34,5332
39,5334
76,5334
35,5337
82,5338
2,5339
83,5339
70,5342
77,5343
50,5344
94,5344
99,5344
12,5345
3,5346
7,5346
78,5346
4,5347
82,5347
5,5348
96,5348
3,5350
4,5351
1,5352
5,5352
54,5352
2,5353
46,5353
59,5354
1,5355
27,5355
2,5356
37,5356
76,5356
92,5356
38,5357
84,5357
19,5358
7,5359
17,5359
73,5359
1,5360
8,5361
94,5362
2,5363
19,5364
23,5364
79,5366
83,5366
90,5366
90,5367
3,5371
25,5371
4,5373
19,5373
5,5376
79,5376
98,5376
17,5377
3,5378
35,5378
4,5379
80,5379
5,5380
1,5381
2,5382
82,5382
8,5383
3,5384
93,5384
20,5385
1,5386
5,5386
69,5386
4,5387
2,5388
1,5389
5,5389
12,5389
2,5390
4,5391
23,5391
3,5392
68,5392
46,5393
62,5393
42,5394
17,5395
24,5402
75,5403
79,5403
84,5403
91,5405
14,5407
68,5407
32,5408
98,5408
69,5411
51,5413
36,5414
71,5414
34,5416
76,5416
13,5417
1,5418
32,5418
2,5419
81,5420
31,5421
10,5422
39,5422
1,5423
16,5423
52,5423
2,5424
47,5424
51,5424
96,5424
16,5425
26,5426
41,5426
86,5426
1,5427
54,5427
82,5427
2,5429
38,5430
64,5431
26,5432
61,5432
81,5432
3,5436
23,5436
34,5436
61,5437
4,5438
77,5438
5,5439
80,5439
78,5441
95,5441
4,5442
25,5442
40,5442
3,5443
5,5444
59,5444
85,5444
87,5444
71,5446
93,5446
79,5447
34,5450
97,5450
1,5453
40,5454
1,5458
23,5458
61,5459
2,5460
1,5461
36,5461
43,5463
2,5464
15,5464
39,5464
2,5467
98,5467
15,5469
33,5469
91,5469
3,5470
17,5470
55,5470
73,5470
94,5470
32,5471
17,5472
5,5473
4,5476
15,5476
76,5476
4,5477
86,5477
12,5478
70,5479
5,5480
27,5480
3,5481
16,5481
59,5481
86,5481
36,5483
49,5488
94,5489
67,5491
22,5492
81,5492
92,5493
95,5493
3,5497
16,5497
26,5497
4,5499
3,5500
40,5505
5,5506
5,5507
50,5507
4,5508
56,5508
36,5509
89,5509
61,5510
73,5510
85,5510
88,5510
63,5512
78,5512
83,5512
89,5513
100,5514
8,5515
20,5515
96,5515
79,5516
71,5518
76,5518
43,5519
14,5520
20,5520
58,5520
80,5520
46,5522
63,5522
74,5522
1,5525
78,5525
9,5526
48,5526
2,5527
38,5528
81,5528
1,5529
2,5530
1,5531
10,5531
22,5531
2,5533
7,5534
30,5534
74,5534
81,5536
21,5537
41,5537
55,5542
91,5542
15,5543
54,5543
57,5543
81,5544
43,5545
14,5546
27,5547
10,5550
63,5551
19,5552
36,5552
41,5552
44,5552
55,5552
68,5552
58,5553
3,5554
59,5554
16,5555
63,5555
10,5556
79,5559
89,5559
88,5560
97,5560
54,5561
20,5563
76,5563
10,5564
23,5564
48,5564
76,5564
41,5565
9,5566
26,5566
63,5566
56,5571
18,5572
10,5574
36,5574
78,5574
55,5576
73,5577
10,5578
44,5578
91,5578
39,5579
37,5583
3,5584
42,5584
4,5585
67,5585
4,5587
72,5588
3,5589
45,5589
5,5590
100,5591
5,5591
54,5592
98,5592
16,5594
45,5594
66,5594
11,5595
90,5595
62,5596
15,5598
61,5598
80,5598
25,5599
11,5601
87,5601
66,5603
22,5605
64,5605
6,5606
38,5606
1,5609
89,5609
95,5609
75,5611
2,5612
69,5612
1,5613
56,5613
52,5614
71,5614
1,5615
44,5615
2,5617
74,5617
2,5619
1,5621
62,5621
77,5621
2,5622
23,5622
43,5622
31,5623
1,5624
1,5625
86,5625
16,5626
2,5627
52,5627
60,5627
62,5627
2,5629
48,5629
76,5631
55,5635
18,5636
65,5636
31,5637
37,5637
38,5638
56,5639
50,5641
75,5641
22,5642
22,5643
62,5644
87,5644
90,5644
93,5644
1,5645
56,5647
1,5648
91,5648
2,5649
31,5649
55,5649
77,5650
49,5651
2,5652
83,5652
1,5654
2,5657
20,5657
18,5659
75,5659
63,5661
95,5664
72,5665
73,5665
67,5666
33,5667
23,5668
78,5674
66,5677
73,5677
34,5681
53,5681
60,5681
22,5685
27,5686
83,5687
47,5688
5,5689
83,5689
87,5694
21,5696
98,5696
14,5697
18,5697
24,5697
29,5697
92,5697
95,5698
3,5699
27,5699
4,5700
90,5701
5,5702
70,5702
5,5705
83,5706
61,5707
100,5710
18,5710
96,5710
45,5711
4,5712
11,5712
3,5714
53,5714
8,5716
33,5717
75,5717
19,5719
62,5719
71,5719
9,5720
64,5720
45,5721
64,5722
9,5725
86,5725
81,5728
89,5730
25,5731
1,5733
25,5734
71,5734
26,5735
57,5735
64,5735
1,5736
18,5736
26,5736
83,5736
2,5737
70,5740
3,5741
10,5741
32,5741
4,5742
15,5742
94,5742
1,5743
5,5743
2,5744
2,5745
4,5746
31,5746
66,5746
3,5747
39,5747
93,5747
5,5748
28,5749
22,5750
42,5750
32,5751
14,5752
15,5752
72,5753
60,5754
93,5754
77,5756
40,5758
58,5759
90,5761
40,5762
83,5762
39,5763
68,5763
79,5763
14,5764
25,5765
32,5767
49,5768
65,5768
27,5770
32,5773
33,5777
23,5779
54,5779
91,5780
57,5781
100,5782
19,5782
29,5785
56,5785
33,5789
82,5789
85,5789
8,5790
86,5790
31,5791
58,5791
5,5792
62,5792
85,5792
79,5793
32,5796
43,5796
11,5797
44,5797
34,5798
91,5798
33,5799
65,5799
40,5800
71,5800
63,5801
66,5801
92,5801
72,5804
56,5805
66,5806
96,5807
44,5808
51,5808
70,5808
93,5811
16,5813
78,5816
75,5817
89,5819
30,5820
15,5822
18,5822
70,5822
1,5823
36,5824
38,5826
54,5826
2,5827
72,5828
82,5828
1,5829
26,5829
45,5829
55,5831
1,5832
2,5833
12,5833
2,5834
16,5834
78,5834
17,5835
33,5835
6,5836
59,5838
71,5838
27,5839
99,5839
88,5841
42,5843
14,5846
57,5846
68,5848
42,5849
1,5850
7,5850
2,5851
68,5851
1,5852
16,5852
18,5852
1,5853
3,5853
36,5853
70,5853
2,5854
5,5854
73,5854
2,5855
5,5855
4,5857
4,5858
70,5858
3,5860
100,5863
10,5863
69,5863
50,5864
45,5865
5,5870
36,5870
39,5871
52,5871
20,5873
37,5873
54,5873
88,5874
3,5876
33,5876
48,5876
4,5878
28,5878
73,5878
3,5879
46,5879
50,5879
100,5880
24,5880
5,5881
4,5883
5,5884
57,5884
98,5884
51,5885
59,5885
70,5885
49,5886
3,5887
4,5888
4,5889
9,5889
5,5890
3,5891
52,5892
9,5895
72,5895
5,5896
8,5898
98,5898
52,5899
91,5899
56,5900
1,5901
57,5902
2,5903
41,5904
1,5905
72,5905
2,5906
76,5906
1,5907
28,5907
94,5907
38,5909
2,5910
48,5911
56,5912
60,5912
74,5913
76,5914
81,5914
1,5915
26,5915
85,5915
1,5917
2,5918
1,5919
96,5920
2,5921
14,5921
62,5921
2,5922
3,5924
97,5924
29,5925
53,5925
93,5925
67,5926
94,5927
74,5928
53,5929
45,5932
3,5934
29,5935
39,5935
33,5936
8,5937
4,5938
27,5938
57,5938
24,5941
4,5943
64,5943
78,5943
5,5946
20,5946
40,5946
3,5947
5,5948
18,5948
28,5948
78,5948
87,5948
11,5949
36,5949
53,5949
55,5951
87,5951
10,5953
18,5957
16,5962
47,5964
71,5965
29,5966
98,5967
9,5968
26,5970
80,5970
20,5974
3,5975
4,5976
62,5978
3,5979
4,5979
5,5980
3,5981
26,5981
5,5983
71,5983
20,5984
62,5987
3,5990
5,5991
73,5991
4,5992
5,5994
27,5994
10,5995
4,5997
32,5997
3,5998
98,5998
65,5999
35,6000
11,6002
82,6003
100,6004
37,6005
68,6005
3,6007
82,6007
4,6009
5,6010
22,6011
4,6012
99,6012
5,6013
3,6015
36,6016
54,6016
54,6018
8,6020
27,6020
1,6022
18,6022
6,6023
19,6024
95,6024
13,6025
70,6025
18,6031
45,6031
63,6031
88,6032
90,6035
18,6036
22,6037
24,6037
27,6037
28,6037
49,6037
19,6038
21,6039
83,6039
1,6040
79,6040
80,6040
22,6041
83,6041
31,6044
11,6045
65,6046
1,6047
59,6048
63,6048
2,6049
10,6049
2,6050
20,6050
9,6051
1,6052
2,6053
11,6055
21,6055
87,6056
94,6056
82,6057
35,6058
73,6058
8,6059
65,6060
21,6061
54,6061
52,6062
75,6063
98,6064
84,6065
1,6068
78,6068
67,6069
77,6069
94,6069
53,6070
1,6071
67,6072
2,6073
37,6073
1,6074
65,6074
2,6075
2,6076
53,6078
70,6078
17,6080
1,6081
65,6081
2,6082
72,6082
25,6083
1,6084
48,6084
55,6084
2,6085
45,6085
1,6087
2,6088
75,6088
81,6089
85,6089
50,6090
23,6091
81,6091
87,6093
40,6094
54,6094
42,6095
71,6095
89,6096
9,6097
28,6097
47,6097
55,6098
92,6098
3,6100
98,6100
3,6101
66,6101
29,6102
75,6103
39,6106
52,6107
60,6107
25,6108
54,6109
5,6110
21,6110
5,6111
22,6111
29,6111
17,6112
94,6112
4,6113
24,6113
93,6113
4,6114
38,6115
67,6115
3,6116
59,6116
22,6117
65,6119
85,6119
17,6120
28,6120
76,6120
15,6123
23,6123
76,6124
86,6128
73,6129
73,6130
46,6132
47,6132
94,6132
37,6134
71,6135
46,6138
38,6139
69,6139
87,6139
92,6140
14,6141
77,6141
56,6143
35,6144
92,6144
50,6147
82,6147
69,6149
71,6150
48,6151
52,6151
17,6153
86,6153
8,6154
49,6154
62,6154
34,6155
57,6155
44,6156
90,6158
37,6159
82,6159
76,6166
32,6167
1,6168
9,6168
18,6168
96,6168
2,6169
39,6169
1,6170
76,6171
2,6172
18,6172
57,6173
33,6175
1,6176
27,6176
95,6176
96,6179
2,6180
8,6181
7,6184
95,6184
27,6185
29,6186
39,6186
86,6186
95,6187
19,6188
6,6190
40,6190
21,6192
82,6192
19,6193
16,6194
59,6195
3,6197
5,6198
33,6198
62,6198
97,6198
5,6199
4,6200
95,6200
100,6201
4,6201
3,6202
94,6202
69,6204
19,6208
23,6208
89,6209
51,6210
74,6211
62,6212
87,6212
78,6213
64,6214
40,6215
85,6215
21,6216
51,6216
26,6217
61,6219
72,6219
76,6219
7,6222
22,6227
34,6228
27,6229
3,6230
28,6231
71,6231
85,6231
9,6232
100,6235
37,6235
4,6236
50,6236
5,6237
5,6239
36,6239
3,6240
4,6241
20,6241
32,6242
1,6244
24,6244
44,6245
84,6246
2,6247
19,6247
1,6248
48,6248
2,6249
75,6250
81,6250
1,6251
88,6251
2,6252
18,6252
72,6252
82,6252
3,6253
12,6253
22,6253
51,6253
5,6254
4,6256
4,6257
21,6257
66,6257
85,6257
5,6258
41,6258
3,6260
80,6262
100,6263
4,6263
87,6263
60,6264
95,6264
85,6266
54,6267
29,6268
14,6272
86,6272
3,6275
57,6276
67,6276
4,6277
17,6277
36,6277
20,6278
29,6278
84,6278
3,6279
51,6279
6,6280
50,6280
4,6281
54,6281
81,6281
5,6284
72,6284
1,6285
2,6286
82,6286
5,6287
25,6287
1,6288
11,6288
22,6288
2,6289
14,6289
92,6289
80,6290
1,6291
80,6292
2,6293
3,6293
4,6295
16,6296
5,6297
5,6298
4,6299
3,6300
21,6300
68,6302
17,6304
41,6304
75,6304
14,6305
72,6307
1,6308
47,6308
78,6308
2,6309
1,6310
39,6310
1,6311
31,6311
88,6311
2,6312
88,6313
2,6314
18,6318
8,6319
3,6320
72,6320
57,6321
88,6321
40,6322
56,6322
4,6324
1,6325
4,6325
10,6325
1,6326
5,6326
2,6327
5,6327
36,6327
2,6328
1,6329
93,6330
3,6331
12,6331
31,6331
41,6331
30,6332
2,6333
58,6333
3,6334
6,6334
76,6334
57,6335
73,6335
98,6336
43,6337
41,6338
5,6339
86,6340
4,6341
4,6342
82,6342
3,6343
5,6345
25,6345
33,6346
3,6348
97,6348
71,6349
82,6349
93,6349
98,6349
53,6350
91,6350
69,6352
20,6354
15,6355
82,6357
25,6358
71,6358
9,6360
69,6360
25,6362
6,6363
35,6365
64,6365
48,6367
98,6367
49,6368
66,6368
78,6372
6,6374
72,6375
80,6376
38,6377
39,6377
64,6377
91,6377
71,6378
24,6379
51,6379
54,6379
65,6384
95,6386
36,6387
51,6388
28,6389
65,6389
75,6391
70,6393
83,6393
87,6393
97,6395
53,6396
66,6396
1,6398
59,6398
29,6399
88,6399
1,6400
2,6401
96,6402
1,6403
2,6404
30,6404
54,6404
2,6406
20,6406
48,6406
72,6406
79,6406
54,6407
75,6407
81,6408
46,6411
18,6412
19,6412
31,6414
75,6414
97,6414
1,6415
10,6416
1,6417
2,6418
45,6418
48,6419
80,6419
1,6420
8,6420
50,6420
69,6420
83,6420
2,6421
3,6422
40,6422
91,6422
56,6423
2,6425
4,6425
16,6425
24,6425
43,6425
58,6425
5,6426
87,6426
70,6427
30,6428
80,6430
88,6430
5,6431
4,6432
3,6433
49,6434
15,6435
89,6436
37,6438
70,6438
16,6439
56,6440
32,6441
58,6441
14,6443
39,6443
43,6445
42,6448
9,6451
3,6456
12,6456
85,6456
96,6456
4,6457
97,6457
5,6458
24,6459
4,6460
49,6461
80,6461
60,6462
1,6463
3,6463
52,6463
2,6465
1,6466
5,6466
48,6466
54,6467
1,6468
74,6468
95,6468
100,6469
70,6469
76,6469
80,6471
2,6473
90,6473
62,6474
58,6475
14,6476
2,6477
50,6477
76,6477
70,6480
14,6481
42,6483
96,6483
3,6486
4,6487
5,6488
39,6488
91,6488
5,6491
24,6491
13,6492
4,6493
3,6494
47,6494
17,6495
51,6496
46,6497
66,6497
69,6497
17,6498
15,6500
25,6500
52,6501
89,6501
17,6502
20,6502
80,6504
51,6506
65,6506
22,6507
95,6508
49,6509
60,6509
42,6511
68,6511
6,6512
7,6512
50,6512
60,6512
20,6515
47,6516
51,6516
21,6517
35,6521
46,6523
18,6524
28,6525
63,6525
19,6526
6,6529
66,6530
19,6532
38,6533
83,6533
57,6534
73,6534
3,6535
9,6535
15,6536
45,6536
76,6536
5,6537
59,6540
70,6540
4,6541
55,6543
22,6544
62,6544
92,6544
4,6545
6,6545
24,6545
45,6545
59,6545
3,6546
23,6546
80,6546
51,6547
5,6548
61,6551
72,6551
93,6551
23,6553
36,6553
3,6554
64,6554
4,6555
5,6556
57,6556
3,6558
86,6558
1,6559
4,6559
96,6559
5,6560
30,6560
2,6561
78,6561
1,6562
1,6563
48,6563
73,6563
14,6564
22,6564
97,6564
82,6565
83,6565
2,6566
48,6566
91,6566
2,6567
1,6570
3,6570
41,6571
69,6572
4,6573
23,6573
2,6574
62,6574
5,6575
97,6575
5,6576
46,6576
4,6577
83,6577
1,6578
38,6578
58,6578
73,6578
76,6579
7,6580
2,6581
3,6581
1,6584
3,6584
56,6584
2,6585
5,6585
52,6586
1,6588
4,6588
68,6589
5,6590
18,6590
84,6592
40,6593
74,6593
4,6594
1,6596
3,6596
84,6596
2,6598
11,6598
13,6598
36,6599
1,6600
43,6600
60,6600
2,6601
20,6601
2,6602
76,6602
98,6602
38,6604
91,6604
94,6605
51,6608
1,6611
2,6612
22,6612
1,6613
76,6613
2,6614
1,6615
38,6616
61,6616
27,6617
2,6618
51,6618
47,6619
49,6619
1,6623
2,6625
31,6626
48,6626
99,6626
1,6627
2,6628
1,6631
52,6631
36,6632
76,6632
10,6635
58,6635
32,6636
60,6637
69,6637
97,6637
24,6638
62,6638
84,6638
2,6640
95,6641
26,6643
42,6645
72,6645
97,6646
56,6649
27,6650
43,6650
77,6651
83,6651
17,6652
34,6652
53,6653
73,6653
8,6654
50,6655
96,6655
64,6656
3,6657
4,6658
91,6658
46,6659
4,6661
68,6661
3,6662
60,6663
82,6665
66,6666
5,6667
71,6667
5,6668
90,6668
88,6669
95,6669
28,6670
33,6671
78,6671
93,6672
62,6673
1,6674
89,6674
97,6674
1,6675
2,6676
3,6676
18,6676
97,6676
10,6677
36,6677
2,6678
31,6678
1,6679
4,6679
2,6680
4,6680
5,6682
2,6683
11,6683
3,6684
5,6685
40,6685
80,6685
1,6687
63,6687
72,6687
2,6688
31,6688
41,6688
66,6688
1,6689
8,6689
61,6689
1,6690
74,6690
76,6690
2,6691
8,6691
83,6691
2,6692
34,6692
42,6692
94,6692
95,6695
87,6696
30,6697
24,6698
28,6698
76,6701
3,6702
7,6702
24,6703
96,6706
97,6706
99,6706
1,6707
1,6708
84,6708
2,6710
1,6711
16,6711
64,6711
2,6712
9,6712
34,6712
61,6712
77,6712
26,6713
39,6713
37,6714
52,6715
53,6715
2,6716
13,6718
86,6718
64,6719
19,6721
36,6721
65,6722
82,6724
40,6728
82,6728
1,6729
72,6729
1,6730
90,6730
91,6730
2,6731
62,6731
2,6732
31,6732
91,6733
1,6734
37,6734
2,6735
44,6740
26,6741
98,6744
72,6746
12,6747
42,6747
3,6749
24,6750
88,6750
95,6752
4,6753
3,6754
100,6755
5,6755
53,6755
69,6755
5,6756
4,6757
42,6759
96,6759
35,6762
3,6763
16,6763
79,6763
46,6764
62,6764
16,6765
23,6766
76,6766
100,6767
5,6767
68,6768
20,6769
32,6769
4,6770
37,6770
64,6770
5,6771
77,6771
3,6772
32,6772
53,6772
12,6773
92,6773
31,6774
4,6775
88,6775
18,6776
35,6779
30,6780
17,6781
52,6781
55,6781
1,6784
5,6784
23,6784
65,6784
80,6784
3,6785
39,6785
4,6786
2,6787
5,6788
32,6791
88,6791
1,6792
5,6792
24,6792
1,6794
2,6795
3,6795
4,6796
14,6797
39,6797
61,6797
2,6798
33,6799
3,6800
78,6800
5,6801
75,6801
61,6802
29,6803
49,6803
96,6803
4,6804
23,6804
37,6804
5,6805
44,6805
4,6806
33,6806
34,6806
1,6807
3,6807
42,6807
97,6807
2,6808
41,6808
58,6808
1,6810
25,6810
97,6810
1,6811
21,6811
78,6811
2,6813
45,6813
2,6814
84,6814
34,6815
66,6816
32,6817
39,6817
87,6818
30,6819
95,6819
33,6820
58,6822
86,6823
76,6824
18,6825
68,6825
36,6826
95,6827
49,6829
85,6829
87,6830
3,6833
42,6833
65,6833
78,6835
5,6836
4,6837
5,6839
33,6840
92,6840
3,6842
1,6843
4,6843
65,6844
2,6845
28,6845
31,6845
1,6846
28,6846
1,6847
45,6847
85,6848
2,6850
2,6852
55,6852
61,6853
86,6854
20,6856
25,6858
86,6858
82,6859
94,6859
1,6860
19,6860
25,6861
21,6862
2,6863
19,6863
1,6865
41,6865
1,6866
8,6866
2,6867
64,6868
2,6869
56,6872
68,6872
100,6873
38,6873
65,6873
19,6875
6,6876
1,6878
97,6878
2,6879
1,6880
2,6881
74,6881
1,6882
2,6884
75,6884
81,6885
47,6886
22,6887
90,6889
3,6891
39,6891
73,6891
45,6892
51,6892
52,6892
95,6892
54,6893
63,6895
75,6895
5,6896
9,6897
5,6898
4,6899
7,6899
63,6899
26,6900
69,6901
9,6903
68,6903
83,6903
4,6904
23,6905
54,6905
98,6905
26,6906
3,6908
38,6908
52,6909
15,6912
20,6912
68,6916
100,6918
3,6918
20,6919
32,6919
88,6919
5,6920
4,6922
91,6922
3,6923
68,6923
82,6923
4,6924
19,6924
5,6925
1,6926
1,6927
6,6928
11,6928
40,6928
71,6928
26,6929
43,6929
85,6929
2,6930
54,6930
58,6931
96,6931
1,6933
2,6933
39,6933
1,6936
2,6937
43,6937
51,6937
62,6939
20,6940
88,6942
50,6944
54,6944
24,6945
72,6946
24,6949
76,6952
10,6955
87,6955
35,6960
36,6960
95,6963
38,6964
44,6964
17,6965
77,6965
3,6969
36,6970
54,6970
4,6971
32,6972
4,6974
23,6974
3,6975
21,6975
5,6976
63,6976
71,6976
5,6977
40,6978
82,6978
70,6979
64,6980
65,6980
66,6985
21,6987
62,6987
1,6989
3,6989
63,6990
84,6990
4,6991
48,6991
77,6991
20,6992
55,6993
2,6994
4,6994
5,6995
12,6995
1,6996
3,6997
5,6998
1,7000
14,7000
44,7000
2,7001
6,7001
2,7002
61,7003
82,7005
29,7008
38,7008
66,7008
34,7009
46,7009
94,7009
35,7011
67,7011
86,7011
9,7014
43,7014
79,7016
87,7017
2,7018
84,7018
3,7019
42,7020
5,7021
4,7022
25,7022
45,7022
3,7025
4,7027
1,7028
5,7028
73,7028
83,7028
72,7029
2,7030
31,7030
35,7030
1,7031
90,7031
55,7032
66,7032
2,7034
16,7034
1,7035
87,7035
21,7036
2,7037
27,7038
80,7039
65,7040
100,7042
59,7043
91,7043
99,7043
64,7044
90,7044
77,7045
27,7047
74,7047
55,7048
99,7048
49,7049
52,7049
28,7051
18,7052
68,7053
26,7054
41,7055
24,7057
35,7057
1,7059
72,7059
1,7060
44,7062
34,7064
82,7064
47,7065
88,7065
27,7066
47,7066
24,7067
61,7067
2,7068
2,7069
70,7069
17,7070
1,7071
15,7071
2,7072
3,7072
21,7072
4,7073
45,7073
47,7073
5,7077
6,7078
10,7078
4,7079
79,7079
89,7079
5,7080
3,7081
10,7081
3,7082
85,7082
93,7082
4,7083
4,7084
12,7084
87,7084
5,7086
58,7086
98,7086
46,7087
5,7088
8,7088
3,7090
35,7090
40,7090
52,7093
56,7093
17,7096
73,7096
92,7096
53,7098
50,7099
88,7099
3,7100
1,7101
1,7102
44,7102
2,7103
61,7103
5,7104
7,7104
59,7104
61,7104
4,7105
86,7106
94,7106
100,7108
2,7108
1,7109
5,7109
82,7109
2,7110
15,7110
33,7113
84,7113
3,7114
10,7114
61,7114
72,7114
4,7115
35,7116
28,7118
1,7121
30,7121
68,7122
76,7122
89,7122
93,7122
1,7125
85,7125
2,7126
25,7126
44,7126
72,7126
12,7127
99,7127
1,7128
16,7128
43,7128
57,7129
29,7130
96,7130
37,7131
89,7131
2,7132
80,7132
2,7133
29,7133
3,7134
20,7134
84,7135
62,7136
95,7136
5,7137
71,7138
67,7139
4,7140
8,7141
42,7142
4,7143
79,7143
58,7144
3,7146
13,7146
5,7147
27,7147
50,7147
95,7148
54,7149
35,7151
67,7151
54,7153
94,7154
1,7155
32,7155
6,7156
61,7158
74,7158
12,7159
26,7159
50,7159
2,7160
40,7161
2,7162
81,7162
92,7163
1,7164
13,7164
44,7164
46,7165
84,7165
2,7166
44,7166
64,7166
1,7169
27,7169
2,7170
38,7171
96,7171
37,7174
73,7178
77,7178
85,7179
21,7180
24,7180
16,7182
43,7182
71,7182
8,7184
18,7186
60,7186
21,7188
26,7189
14,7190
15,7190
10,7191
95,7191
2,7192
78,7192
71,7193
43,7197
56,7197
57,7197
83,7198
45,7199
54,7204
28,7207
23,7208
68,7208
49,7209
25,7210
68,7210
96,7211
42,7212
78,7213
82,7214
83,7214
25,7215
58,7215
29,7216
69,7216
26,7218
54,7218
45,7219
72,7219
49,7220
54,7221
56,7221
59,7221
79,7221
72,7222
45,7225
50,7225
57,7225
92,7226
10,7227
15,7228
22,7228
94,7228
20,7229
84,7229
78,7230
98,7230
37,7234
29,7235
95,7235
8,7237
15,7237
56,7237
3,7238
47,7238
87,7238
5,7239
37,7239
16,7240
4,7241
86,7241
3,7242
72,7242
98,7242
15,7244
98,7244
93,7245
5,7246
60,7247
4,7248
69,7248
9,7249
28,7249
78,7249
79,7249
88,7249
67,7251
6,7252
59,7252
64,7252
1,7253
66,7253
2,7255
76,7255
83,7255
1,7258
1,7259
39,7259
2,7260
2,7262
95,7262
18,7263
64,7263
74,7263
83,7264
81,7265
45,7266
25,7268
15,7270
24,7270
30,7273
35,7274
61,7274
96,7274
11,7277
31,7279
22,7280
7,7281
15,7281
31,7281
79,7281
19,7283
49,7284
35,7285
68,7288
17,7289
95,7289
66,7290
58,7291
98,7291
54,7293
64,7293
99,7295
1,7296
53,7296
38,7298
63,7298
1,7299
19,7299
2,7300
39,7301
11,7303
41,7303
17,7305
64,7305
2,7306
4,7306
24,7306
63,7306
1,7307
2,7308
32,7308
52,7308
63,7308
56,7309
86,7309
93,7310
79,7311
22,7314
3,7315
97,7315
6,7316
19,7317
4,7318
25,7318
39,7318
3,7320
52,7320
80,7320
5,7322
23,7322
5,7323
58,7323
1,7325
4,7326
29,7326
27,7327
29,7327
30,7327
39,7327
95,7327
2,7328
32,7328
9,7329
84,7330
86,7330
1,7332
1,7333
53,7333
95,7333
96,7333
74,7335
2,7336
2,7337
45,7338
65,7340
1,7341
1,7342
2,7343
18,7343
10,7344
30,7344
96,7344
24,7345
97,7345
1,7348
1,7351
67,7351
88,7351
2,7352
71,7352
85,7352
2,7353
55,7355
80,7355
84,7355
57,7357
27,7359
78,7359
18,7360
71,7361
76,7361
42,7362
88,7364
64,7365
77,7365
22,7366
27,7367
88,7367
23,7370
29,7370
35,7370
57,7370
46,7380
64,7380
5,7381
72,7381
90,7382
94,7382
11,7387
37,7388
57,7388
80,7388
71,7390
83,7391
1,7392
2,7393
56,7393
1,7394
6,7394
29,7394
66,7394
2,7395
51,7396
1,7397
98,7397
2,7398
56,7398
94,7398
12,7401
93,7402
98,7402
6,7403
55,7403
59,7403
76,7403
3,7404
44,7404
51,7404
4,7405
71,7405
6,7407
18,7407
31,7407
62,7407
5,7408
42,7408
48,7408
4,7409
5,7410
3,7411
43,7411
45,7411
34,7414
57,7416
90,7416
98,7416
90,7418
38,7419
51,7419
21,7420
1,7421
5,7421
60,7421
63,7421
77,7421
85,7421
90,7421
2,7422
7,7422
28,7422
1,7424
70,7424
1,7425
91,7425
67,7428
2,7429
36,7429
34,7430
2,7431
8,7432
70,7432
48,7436
35,7437
28,7438
76,7441
39,7443
44,7444
51,7444
75,7444
18,7445
46,7446
1,7448
88,7450
67,7451
74,7451
30,7454
70,7455
24,7456
89,7459
87,7461
19,7464
43,7464
90,7464
12,7466
25,7466
94,7467
72,7468
1,7469
18,7469
1,7470
2,7471
2,7472
1,7473
56,7473
80,7473
2,7474
61,7474
13,7475
86,7475
62,7477
64,7478
92,7478
30,7479
46,7479
92,7479
64,7481
16,7482
73,7484
99,7484
16,7485
38,7485
85,7486
57,7487
49,7490
58,7490
15,7492
50,7492
30,7495
42,7495
30,7499
27,7500
58,7500
51,7501
94,7503
24,7504
52,7504
36,7506
37,7506
45,7506
69,7507
85,7507
87,7507
80,7508
72,7509
3,7513
34,7514
15,7515
25,7515
55,7515
64,7515
67,7515
62,7517
41,7518
57,7518
67,7518
23,7519
85,7519
80,7521
26,7523
1,7524
82,7524
21,7525
49,7525
83,7526
1,7527
2,7528
25,7528
1,7530
31,7530
2,7531
61,7533
62,7533
20,7534
69,7534
78,7535
2,7536
3,7539
19,7539
65,7539
4,7540
43,7540
5,7541
20,7541
34,7541
75,7541
5,7542
47,7542
4,7543
1,7544
20,7545
1,7546
58,7547
2,7548
3,7548
42,7548
99,7548
1,7549
78,7550
11,7551
3,7552
49,7552
2,7553
5,7553
45,7553
55,7553
2,7554
4,7554
4,7555
12,7555
1,7556
3,7556
21,7556
93,7556
5,7557
88,7558
2,7559
50,7559
1,7560
2,7561
92,7561
1,7562
6,7563
26,7563
27,7563
35,7565
2,7566
95,7567
2,7569
62,7569
63,7569
3,7570
93,7570
4,7571
44,7571
4,7574
68,7574
73,7574
69,7575
58,7576
63,7576
5,7577
56,7577
91,7579
3,7580
19,7580
68,7580
1,7581
1,7582
76,7582
2,7583
32,7583
84,7583
2,7584
15,7584
44,7584
5,7585
14,7586
6,7587
65,7587
1,7588
70,7588
72,7588
35,7589
55,7589
69,7589
36,7590
32,7591
94,7591
2,7592
33,7593
42,7593
1,7594
96,7594
2,7595
84,7595
16,7597
19,7597
60,7597
1,7598
52,7598
82,7598
97,7598
2,7599
17,7599
3,7600
76,7600
45,7601
1,7602
21,7602
2,7603
7,7604
15,7604
67,7604
65,7605
4,7606
18,7606
54,7606
4,7607
1,7608
2,7610
58,7610
87,7610
92,7610
1,7611
5,7611
31,7611
54,7611
78,7611
2,7612
1,7613
48,7613
64,7613
2,7614
5,7615
54,7615
70,7616
92,7616
3,7617
69,7617
20,7618
27,7618
34,7619
97,7620
24,7621
72,7621
95,7621
15,7622
42,7625
19,7626
63,7626
96,7626
38,7631
16,7632
91,7633
49,7635
12,7636
19,7637
57,7637
50,7638
35,7639
57,7639
1,7642
57,7643
1,7644
11,7644
2,7646
46,7646
76,7648
1,7649
30,7650
2,7651
32,7651
54,7651
60,7651
2,7653
48,7653
80,7653
38,7655
87,7655
97,7655
100,7656
1,7656
1,7660
20,7660
2,7661
40,7661
58,7661
2,7662
12,7663
1,7664
2,7666
61,7667
48,7668
50,7669
51,7671
11,7672
65,7672
21,7677
85,7678
17,7679
52,7679
94,7681
59,7682
95,7682
67,7683
20,7685
33,7685
95,7686
84,7688
34,7690
51,7691
18,7692
72,7692
48,7693
20,7694
60,7696
23,7699
77,7699
6,7700
44,7700
30,7702
68,7702
78,7702
66,7704
71,7705
38,7706
49,7708
83,7708
15,7709
47,7709
42,7710
18,7711
21,7712
33,7712
91,7712
93,7714
50,7715
15,7716
32,7716
20,7718
87,7718
69,7719
75,7721
26,7722
34,7722
61,7722
50,7723
92,7723
58,7724
73,7725
87,7725
53,7726
52,7727
3,7731
5,7732
77,7732
4,7733
50,7733
73,7733
23,7734
39,7734
3,7735
25,7735
5,7737
80,7739
45,7741
4,7743
42,7744
46,7744
10,7745
16,7747
37,7747
68,7747
28,7748
72,7748
80,7748
80,7749
82,7749
95,7751
91,7752
30,7754
75,7754
100,7755
30,7755
99,7755
80,7756
23,7757
86,7757
83,7758
3,7760
4,7761
37,7761
69,7761
30,7762
74,7762
4,7763
5,7764
61,7765
15,7766
1,7768
18,7768
29,7768
3,7769
12,7769
90,7773
5,7774
20,7774
89,7778
93,7778
62,7780
9,7781
25,7782
92,7783
45,7786
9,7788
87,7788
90,7789
99,7789
14,7790
69,7791
46,7793
84,7793
7,7795
15,7795
31,7797
64,7797
88,7797
37,7799
44,7799
38,7800
36,7801
47,7801
63,7802
79,7802
1,7805
28,7805
68,7805
2,7806
1,7807
24,7807
48,7807
81,7807
1,7808
78,7808
2,7809
90,7809
2,7810
8,7810
10,7811
22,7811
51,7811
53,7813
36,7814
79,7814
87,7814
26,7815
31,7815
100,7817
73,7820
53,7821
71,7821
59,7822
67,7822
8,7823
92,7823
25,7824
79,7824
88,7825
18,7827
50,7828
91,7831
78,7832
21,7833
53,7833
9,7835
10,7835
14,7836
38,7836
90,7836
98,7836
65,7838
98,7838
61,7839
3,7840
82,7840
4,7841
5,7842
5,7843
54,7843
3,7844
4,7845
16,7846
32,7846
3,7847
43,7847
56,7847
65,7847
1,7848
5,7848
32,7849
1,7850
67,7850
5,7851
12,7851
31,7851
2,7852
4,7852
22,7853
81,7853
4,7854
8,7854
67,7854
1,7855
95,7855
2,7856
3,7856
22,7856
98,7858
2,7861
10,7863
74,7863
22,7864
32,7864
53,7864
7,7867
51,7868
9,7869
1,7870
36,7870
2,7871
72,7871
45,7872
91,7873
1,7874
66,7874
1,7875
22,7875
45,7876
66,7876
92,7876
2,7877
26,7877
48,7877
2,7879
36,7880
52,7881
97,7881
66,7885
63,7889
28,7890
36,7890
61,7890
69,7890
97,7890
48,7891
49,7893
16,7895
56,7895
10,7896
38,7896
74,7896
70,7897
27,7898
69,7899
28,7900
58,7900
13,7901
100,7903
23,7907
34,7907
35,7907
59,7907
70,7907
88,7910
20,7912
61,7913
45,7914
21,7917
65,7917
3,7918
84,7919
37,7924
4,7925
3,7927
69,7927
94,7927
5,7928
15,7929
4,7930
7,7930
45,7931
5,7932
20,7932
24,7933
1,7934
98,7934
2,7935
33,7935
61,7935
96,7935
69,7937
1,7938
43,7938
89,7938
1,7941
89,7941
2,7942
90,7942
2,7943
57,7944
57,7945
65,7946
35,7948
63,7949
90,7950
1,7951
11,7951
2,7952
16,7952
65,7952
1,7953
60,7953
1,7954
46,7954
35,7955
34,7956
2,7957
98,7957
2,7958
10,7959
24,7959
23,7960
84,7961
69,7963
38,7964
63,7964
37,7966
39,7966
43,7966
24,7968
91,7970
61,7973
95,7973
94,7974
100,7975
48,7975
79,7975
1,7977
26,7977
1,7978
65,7978
71,7979
2,7980
1,7983
2,7984
2,7985
56,7985
85,7986
86,7986
12,7988
72,7989
79,7989
93,7989
7,7990
46,7992
100,7993
28,7993
94,7995
9,7996
11,7997
15,7999
29,8000
51,8002
93,8002
37,8003
84,8003
18,8004
92,8004
91,8005
96,8005
18,8009
17,8010
14,8011
17,8011
71,8014
81,8016
32,8020
98,8020
1,8021
51,8021
77,8022
1,8023
55,8023
96,8024
59,8025
81,8025
33,8026
44,8026
64,8026
36,8027
2,8028
2,8029
48,8029
1,8030
46,8031
61,8032
100,8033
2,8033
66,8033
70,8033
49,8034
97,8034
37,8037
50,8037
43,8038
10,8039
98,8040
55,8041
39,8042
57,8042
96,8042
3,8043
58,8043
75,8044
96,8044
29,8045
21,8049
62,8049
50,8053
46,8054
82,8056
56,8057
91,8058
13,8061
83,8062
3,8065
9,8065
4,8066
9,8066
87,8066
3,8069
81,8069
4,8070
47,8070
56,8073
83,8073
27,8075
88,8075
5,8076
62,8077
5,8078
76,8078
76,8080
20,8082
74,8082
22,8083
54,8084
73,8084
79,8088
76,8089
1,8090
45,8090
74,8090
2,8091
1,8092
46,8092
72,8092
1,8093
32,8093
21,8094
36,8094
12,8095
2,8096
15,8096
50,8096
30,8097
2,8098
15,8098
75,8098
98,8098
84,8099
99,8099
80,8101
64,8102
66,8102
34,8103
73,8103
92,8103
51,8104
93,8104
93,8105
42,8106
88,8106
100,8107
26,8107
7,8108
93,8110
14,8111
22,8111
82,8111
90,8112
14,8113
61,8113
31,8114
90,8117
17,8118
29,8119
85,8119
95,8119
73,8121
91,8121
99,8121
4,8122
42,8125
71,8129
1,8130
61,8130
33,8131
1,8132
17,8132
34,8133
2,8134
17,8134
61,8134
76,8134
2,8135
20,8135
20,8136
88,8136
1,8137
63,8137
23,8138
75,8138
2,8139
96,8139
28,8140
5,8143
21,8143
44,8143
12,8144
37,8145
57,8146
10,8147
38,8149
71,8149
42,8150
12,8151
51,8151
66,8152
80,8153
64,8156
46,8158
92,8158
66,8159
67,8160
54,8162
1,8163
31,8164
64,8164
24,8165
71,8165
17,8166
99,8167
96,8168
58,8169
76,8169
3,8170
97,8170
98,8170
5,8171
12,8171
47,8172
87,8172
4,8173
16,8173
48,8173
87,8173
92,8173
98,8173
14,8174
54,8175
4,8176
10,8176
5,8177
70,8177
3,8179
98,8179
43,8180
23,8183
39,8183
27,8184
65,8184
87,8187
21,8188
90,8189
95,8189
36,8192
60,8193
76,8193
85,8194
73,8195
100,8197
21,8197
57,8197
6,8201
40,8201
72,8202
50,8203
80,8203
76,8204
39,8206
30,8210
72,8214
44,8217
9,8218
39,8218
83,8218
10,8220
15,8221
1,8223
2,8224
67,8224
73,8224
27,8225
1,8226
15,8226
82,8227
1,8229
24,8230
72,8230
2,8231
16,8231
2,8232
7,8232
72,8232
82,8232
24,8233
62,8234
71,8234
41,8235
21,8237
33,8239
40,8241
85,8241
20,8246
74,8247
45,8248
98,8248
97,8249
17,8250
1,8251
2,8252
26,8254
1,8257
24,8257
2,8258
11,8258
44,8258
55,8258
1,8259
23,8259
2,8260
81,8260
98,8260
49,8261
76,8261
86,8261
95,8261
40,8262
88,8262
3,8264
4,8265
13,8265
5,8267
3,8268
31,8268
69,8269
86,8269
27,8270
4,8271
13,8271
74,8271
4,8272
72,8272
5,8273
18,8273
57,8275
9,8276
16,8276
66,8276
32,8278
50,8278
90,8278
37,8279
70,8279
9,8282
33,8282
81,8282
34,8283
27,8284
44,8284
84,8288
92,8289
55,8290
59,8292
94,8294
95,8298
21,8301
41,8301
98,8302
58,8305
75,8305
82,8305
18,8306
83,8307
90,8307
12,8308
67,8309
38,8310
69,8311
3,8312
71,8312
100,8316
12,8317
35,8317
37,8318
41,8319
47,8320
62,8320
3,8321
46,8321
51,8321
51,8322
98,8322
4,8323
17,8323
91,8323
92,8323
4,8325
91,8325
37,8326
56,8326
5,8327
11,8327
12,8328
5,8329
40,8329
2,8330
3,8330
11,8330
55,8330
38,8332
31,8333
98,8335
69,8337
29,8341
60,8341
78,8341
85,8342
48,8343
73,8343
38,8344
68,8344
78,8346
46,8348
32,8350
57,8351
83,8353
13,8354
32,8354
75,8356
63,8357
9,8358
15,8358
49,8358
81,8359
95,8359
54,8360
55,8360
3,8361
32,8361
16,8364
43,8364
70,8365
5,8366
13,8366
20,8366
22,8366
24,8367
4,8368
89,8368
3,8369
4,8370
47,8370
50,8371
5,8372
7,8372
50,8374
21,8375
71,8375
88,8376
49,8377
75,8377
80,8377
91,8377
19,8379
31,8380
1,8381
2,8382
81,8382
1,8383
17,8383
2,8384
30,8384
1,8385
2,8386
12,8386
7,8387
8,8388
32,8388
66,8388
20,8389
51,8390
87,8390
3,8391
21,8391
32,8391
4,8392
11,8393
49,8393
58,8393
5,8394
5,8395
31,8395
53,8396
33,8397
4,8398
68,8399
3,8400
42,8400
67,8400
89,8400
59,8402
60,8402
65,8403
77,8403
84,8404
45,8406
73,8407
7,8408
26,8408
53,8408
57,8409
87,8410
52,8411
96,8411
18,8412
66,8413
3,8418
39,8418
79,8418
4,8421
4,8422
3,8425
49,8425
58,8425
5,8426
20,8426
5,8427
69,8427
22,8428
29,8433
3,8434
39,8434
4,8436
3,8437
36,8437
60,8437
61,8437
5,8438
14,8438
64,8439
68,8439
4,8440
8,8440
37,8440
18,8441
5,8442
83,8444
90,8444
26,8446
36,8446
25,8449
95,8449
59,8450
29,8452
38,8454
84,8454
37,8455
82,8455
86,8455
19,8457
84,8457
89,8458
86,8459
39,8465
1,8466
58,8466
87,8466
2,8467
69,8467
31,8468
33,8468
60,8468
1,8469
81,8469
1,8471
28,8471
64,8471
81,8471
93,8471
18,8473
24,8473
2,8475
54,8475
71,8475
2,8477
85,8479
23,8481
41,8481
10,8482
37,8482
64,8483
85,8483
96,8483
14,8484
74,8485
92,8487
67,8494
84,8498
56,8499
29,8500
46,8500
15,8503
6,8504
21,8505
42,8505
30,8509
58,8509
87,8510
23,8511
27,8511
1,8512
2,8514
74,8515
1,8516
8,8516
1,8517
58,8517
31,8518
34,8518
96,8518
97,8518
54,8519
52,8520
63,8520
37,8521
2,8522
85,8522
7,8525
39,8525
2,8526
6,8526
35,8526
57,8526
97,8526
20,8527
97,8527
87,8528
34,8529
36,8529
41,8531
77,8531
21,8532
8,8533
79,8533
42,8534
80,8534
29,8536
95,8536
3,8537
14,8537
52,8537
27,8538
4,8540
5,8541
93,8541
4,8543
74,8545
85,8545
92,8546
3,8549
5,8550
46,8550
61,8550
85,8551
19,8552
48,8552
19,8554
3,8555
34,8555
5,8556
5,8557
4,8560
15,8560
34,8560
94,8561
4,8563
3,8564
72,8564
52,8565
54,8565
7,8566
92,8566
23,8567
80,8574
36,8577
38,8577
3,8578
38,8579
5,8580
4,8581
9,8581
13,8581
1,8582
20,8582
1,8583
37,8583
73,8583
86,8583
1,8584
4,8584
2,8585
5,8585
48,8585
83,8585
2,8586
3,8586
67,8586
72,8586
1,8587
84,8588
2,8589
62,8589
41,8590
46,8590
24,8592
63,8592
85,8592
36,8594
49,8594
76,8594
97,8594
21,8596
64,8597
3,8598
26,8598
4,8599
85,8599
4,8600
5,8601
94,8601
3,8603
9,8603
28,8603
90,8603
71,8604
5,8605
41,8605
14,8606
10,8608
60,8609
36,8610
97,8612
78,8613
38,8618
67,8618
3,8619
39,8620
40,8620
4,8621
32,8621
100,8622
5,8622
71,8623
72,8623
70,8624
4,8625
33,8625
90,8627
84,8628
18,8629
3,8630
5,8631
89,8631
17,8632
49,8632
1,8633
40,8634
2,8635
1,8636
40,8636
17,8637
87,8637
1,8638
74,8638
2,8639
8,8639
2,8641
80,8641
6,8644
37,8644
55,8645
98,8646
94,8649
39,8651
19,8652
59,8652
75,8652
16,8654
76,8655
56,8656
94,8656
72,8657
95,8657
97,8657
96,8659
57,8660
3,8661
4,8662
88,8662
4,8663
5,8664
60,8664
3,8667
1,8668
5,8669
25,8671
10,8673
70,8673
4,8676
36,8676
25,8677
3,8679
67,8680
77,8680
4,8681
11,8681
27,8682
5,8683
4,8685
5,8686
25,8686
99,8686
90,8688
43,8689
98,8689
3,8691
1,8692
78,8692
51,8693
8,8696
49,8696
2,8697
1,8698
3,8698
19,8698
59,8698
2,8699
25,8699
93,8700
4,8701
5,8702
1,8703
24,8703
88,8703
29,8704
80,8704
2,8705
21,8705
4,8706
60,8706
70,8707
51,8708
3,8709
25,8709
33,8710
5,8711
34,8711
55,8711
12,8712
85,8712
31,8713
79,8713
98,8715
3,8716
95,8716
9,8717
82,8717
1,8719
12,8719
78,8719
1,8721
4,8721
5,8722
54,8723
5,8724
32,8724
87,8724
3,8725
84,8725
96,8725
2,8726
4,8726
42,8726
2,8727
1,8729
2,8730
38,8731
60,8731
99,8732
31,8733
43,8733
90,8734
13,8735
58,8735
15,8736
28,8736
3,8737
6,8737
19,8737
5,8738
4,8739
8,8739
66,8739
22,8740
55,8741
97,8741
20,8742
5,8743
24,8745
11,8746
97,8746
55,8748
3,8749
4,8750
59,8750
100,8751
36,8755
49,8755
95,8755
9,8757
29,8757
49,8758
16,8759
51,8759
25,8760
9,8761
27,8762
22,8764
33,8765
46,8766
50,8766
23,8767
36,8767
3,8768
61,8768
76,8768
51,8769
5,8770
50,8771
4,8772
18,8773
27,8773
1,8774
4,8774
5,8775
53,8775
99,8775
2,8776
42,8776
68,8776
82,8776
11,8777
1,8778
10,8778
55,8778
2,8780
34,8780
3,8781
80,8781
1,8782
3,8782
13,8782
5,8783
70,8783
4,8784
92,8784
3,8785
2,8786
4,8786
5,8787
12,8787
28,8787
63,8788
97,8789
99,8790
59,8793
98,8794
96,8797
88,8798
89,8798
90,8798
27,8799
13,8800
69,8800
18,8801
29,8802
15,8803
78,8803
8,8804
73,8804
23,8806
36,8806
94,8807
28,8808
13,8809
27,8809
9,8810
9,8811
64,8811
36,8816
71,8816
19,8817
49,8817
9,8819
53,8821
16,8823
18,8823
87,8824
94,8824
51,8825
50,8826
14,8828
7,8829
22,8830
49,8830
1,8834
45,8834
97,8834
1,8836
10,8836
2,8837
6,8838
27,8838
66,8840
34,8841
1,8842
2,8844
2,8845
28,8846
97,8849
2,8850
80,8851
4,8854
72,8855
42,8856
84,8858
45,8859
53,8860
6,8862
37,8862
68,8862
8,8864
35,8868
58,8870
86,8872
34,8873
70,8873
16,8875
6,8878
57,8878
23,8879
8,8880
21,8882
18,8883
51,8883
3,8887
45,8888
100,8889
22,8889
66,8889
4,8890
22,8890
43,8890
3,8891
19,8891
53,8891
78,8891
92,8891
5,8892
20,8892
72,8894
72,8895
94,8895
5,8896
20,8896
39,8896
83,8896
4,8897
88,8898
97,8898
93,8900
39,8901
77,8901
1,8902
9,8902
1,8904
71,8904
97,8904
100,8905
2,8906
1,8907
19,8908
43,8909
78,8909
2,8911
99,8911
56,8912
2,8913
3,8913
4,8914
5,8915
5,8916
64,8917
27,8918
4,8919
17,8919
97,8919
3,8920
66,8920
50,8922
59,8922
72,8922
58,8926
39,8928
76,8928
80,8928
53,8929
3,8930
32,8930
5,8931
67,8931
5,8932
59,8932
75,8932
11,8933
4,8935
40,8935
82,8936
42,8937
92,8937
95,8937
99,8938
1,8939
1,8940
4,8941
43,8941
3,8942
14,8942
51,8943
52,8945
3,8946
12,8946
5,8947
16,8947
40,8947
56,8948
16,8949
4,8950
2,8951
5,8951
2,8952
4,8952
62,8952
3,8953
1,8955
2,8956
74,8956
98,8957
93,8958
92,8961
43,8963
3,8964
100,8965
5,8965
53,8965
4,8966
43,8966
52,8966
4,8968
5,8969
68,8969
37,8970
3,8972
30,8973
40,8973
47,8975
16,8976
21,8976
1,8977
2,8978
7,8978
74,8978
1,8980
17,8981
24,8981
2,8982
1,8983
30,8983
2,8984
56,8984
1,8985
80,8985
27,8986
78,8986
2,8987
75,8987
1,8988
45,8989
95,8989
2,8990
9,8990
19,8990
100,8991
1,8991
4,8991
73,8991
78,8991
2,8992
94,8992
51,8993
28,8994
54,8994
1,8996
3,8997
1,8998
38,8998
4,8999
34,8999
76,8999
5,9000
13,9000
52,9000
2,9002
5,9002
62,9002
1,9003
22,9003
89,9003
97,9003
3,9004
2,9005
62,9005
93,9005
100,9006
2,9006
4,9006
16,9007
70,9008
42,9009
91,9009
14,9010
41,9012
2,9013
24,9013
61,9013
35,9014
80,9014
14,9020
55,9020
10,9021
27,9021
82,9024
90,9024
92,9026
28,9027
19,9028
88,9030
7,9031
70,9031
95,9031
32,9033
59,9033
53,9034
98,9039
12,9040
26,9040
36,9041
39,9041
3,9042
85,9042
30,9045
48,9046
4,9047
82,9047
62,9049
4,9050
15,9050
95,9050
5,9051
44,9051
99,9051
5,9052
3,9053
42,9053
46,9053
78,9053
14,9054
41,9054
77,9055
32,9056
71,9056
54,9057
58,9057
92,9058
17,9059
86,9059
15,9060
74,9062
93,9062
30,9063
48,9063
68,9066
53,9067
25,9068
18,9069
51,9069
56,9071
61,9071
54,9072
54,9073
56,9073
95,9075
99,9076
20,9077
33,9079
82,9079
97,9080
34,9081
37,9082
84,9083
8,9084
49,9084
40,9085
60,9085
23,9087
69,9087
38,9088
9,9089
25,9091
16,9093
99,9093
32,9094
23,9095
97,9097
34,9098
92,9099
1,9100
2,9100
2,9101
68,9101
73,9101
1,9102
18,9102
2,9103
1,9104
3,9104
2,9106
45,9106
66,9107
83,9108
15,9110
17,9110
34,9110
1,9112
31,9112
40,9112
18,9113
36,9114
45,9115
1,9116
57,9116
87,9116
2,9117
14,9117
57,9118
1,9119
7,9119
29,9119
2,9120
32,9122
2,9123
18,9123
12,9124
50,9124
73,9124
39,9126
44,9126
84,9126
78,9127
51,9128
84,9128
3,9129
82,9129
4,9130
5,9131
7,9131
70,9131
88,9131
21,9132
95,9132
3,9133
63,9133
5,9135
18,9135
35,9137
48,9137
92,9137
93,9137
4,9138
49,9138
85,9138
1,9139
30,9139
88,9139
100,9140
1,9140
27,9140
67,9141
33,9142
43,9142
2,9144
75,9146
1,9147
11,9147
2,9149
50,9149
2,9150
5,9152
95,9153
51,9154
82,9154
76,9155
1,9158
74,9158
1,9159
2,9160
1,9161
78,9161
2,9162
2,9165
55,9165
34,9166
37,9166
36,9167
67,9168
77,9168
83,9168
9,9169
1,9170
8,9170
78,9170
2,9172
48,9172
34,9173
91,9173
1,9174
1,9176
13,9176
2,9177
33,9179
2,9180
7,9181
72,9181
3,9182
61,9183
69,9183
47,9184
92,9184
5,9185
4,9186
40,9187
82,9187
3,9188
88,9189
4,9190
67,9190
97,9190
5,9191
16,9192
18,9193
30,9193
35,9194
96,9194
18,9195
29,9195
68,9197
18,9199
59,9199
27,9203
29,9204
60,9205
71,9205
25,9206
40,9206
13,9207
97,9209
39,9211
39,9212
46,9213
24,9214
97,9214
1,9216
73,9216
2,9217
1,9219
41,9219
61,9220
1,9221
71,9222
78,9223
97,9223
99,9224
2,9225
2,9226
14,9226
44,9226
43,9227
19,9229
36,9229
70,9229
75,9230
3,9231
64,9231
32,9232
48,9232
4,9233
24,9234
72,9234
5,9235
19,9235
28,9235
36,9235
9,9238
23,9239
4,9241
48,9241
62,9241
3,9242
14,9242
5,9243
42,9244
87,9245
80,9248
84,9248
89,9249
3,9250
24,9250
53,9250
61,9250
89,9251
55,9252
15,9253
40,9253
94,9254
74,9255
69,9256
88,9256
24,9257
41,9257
54,9257
55,9258
97,9258
49,9260
53,9262
30,9264
52,9265
13,9266
1,9268
69,9268
36,9269
92,9269
50,9271
1,9272
79,9272
2,9273
2,9274
1,9275
3,9275
52,9275
2,9276
6,9277
88,9277
30,9278
36,9278
99,9278
4,9279
79,9280
22,9281
76,9281
4,9282
7,9282
57,9284
5,9285
8,9287
85,9287
3,9288
18,9288
26,9288
5,9289
19,9289
61,9289
53,9290
8,9292
1,9294
38,9294
93,9294
1,9296
3,9296
39,9296
63,9296
74,9296
2,9297
5,9297
4,9298
11,9298
2,9299
43,9299
3,9300
4,9302
10,9302
1,9303
79,9303
5,9304
33,9304
83,9304
2,9305
36,9305
95,9305
31,9306
51,9306
1,9307
2,9308
98,9309
1,9310
25,9311
1,9312
84,9312
2,9313
8,9313
2,9314
32,9314
35,9314
62,9314
95,9315
42,9316
51,9316
1,9317
1,9318
7,9318
19,9318
38,9318
2,9319
31,9319
13,9320
89,9321
1,9322
2,9323
15,9323
2,9324
27,9324
17,9325
27,9325
3,9326
9,9326
79,9326
4,9327
44,9327
5,9328
73,9328
16,9329
92,9329
3,9330
62,9330
4,9332
8,9334
17,9334
68,9334
5,9335
73,9335
87,9338
31,9339
55,9339
97,9339
6,9344
41,9344
92,9344
48,9346
50,9346
50,9347
54,9347
77,9349
5,9350
48,9351
94,9351
99,9351
35,9352
8,9355
49,9357
86,9357
87,9357
61,9358
3,9359
5,9360
75,9360
5,9361
49,9361
73,9361
98,9361
50,9362
4,9363
35,9363
4,9364
8,9364
94,9364
3,9365
28,9365
1,9366
13,9366
91,9366
2,9367
35,9367
1,9368
2,9369
87,9369
29,9370
37,9370
71,9370
100,9371
70,9372
1,9373
23,9373
2,9374
6,9374
82,9374
91,9374
6,9376
46,9376
79,9376
27,9377
28,9378
49,9378
37,9379
76,9379
13,9380
72,9380
95,9381
53,9383
96,9385
6,9386
34,9386
13,9387
81,9387
42,9389
49,9389
89,9389
91,9391
94,9391
65,9393
45,9395
93,9396
95,9398
10,9399
26,9399
62,9399
60,9400
16,9401
89,9402
60,9403
39,9404
40,9404
1,9405
37,9405
70,9405
1,9407
88,9407
9,9408
2,9409
1,9410
7,9410
3,9412
9,9412
47,9414
1,9415
4,9416
71,9416
96,9416
2,9417
100,9418
2,9419
3,9420
20,9420
5,9421
10,9421
30,9421
32,9422
1,9423
4,9423
11,9424
63,9424
1,9425
5,9425
61,9425
2,9426
36,9427
2,9428
1,9429
2,9430
59,9431
63,9432
95,9432
59,9433
39,9434
39,9435
58,9436
34,9438
11,9439
73,9440
29,9441
37,9441
53,9441
83,9442
3,9445
4,9446
4,9447
34,9447
67,9447
1,9448
5,9448
25,9448
71,9449
1,9450
3,9450
5,9451
23,9451
2,9453
61,9454
79,9454
81,9454
2,9455
94,9456
1,9457
24,9458
11,9461
31,9461
37,9461
80,9461
2,9462
16,9463
39,9465
40,9469
67,9470
33,9471
65,9471
3,9472
18,9472
23,9472
85,9472
5,9473
29,9473
64,9473
84,9473
4,9474
5,9474
58,9474
67,9474
90,9474
5,9476
60,9476
3,9477
86,9477
93,9477
4,9478
54,9478
74,9478
29,9479
53,9479
75,9479
34,9480
62,9480
71,9480
22,9481
26,9482
39,9485
83,9486
39,9487
85,9487
90,9487
53,9488
70,9490
50,9492
70,9493
79,9497
58,9498
94,9498
56,9500
7,9503
48,9503
54,9504
83,9505
68,9506
31,9507
40,9509
75,9510
96,9510
88,9511
3,9517
97,9518
43,9519
50,9519
98,9519
1,9520
2,9521
5,9521
4,9522
5,9523
8,9523
55,9523
1,9524
3,9524
13,9524
4,9525
87,9525
1,9526
2,9527
59,9527
99,9527
2,9528
16,9528
21,9528
11,9532
8,9533
31,9534
53,9535
56,9535
61,9537
50,9539
62,9540
68,9541
98,9541
42,9542
11,9543
100,9544
47,9545
82,9548
12,9550
35,9552
3,9553
16,9553
32,9553
78,9553
5,9554
26,9554
96,9555
16,9556
42,9557
63,9557
4,9558
22,9558
24,9558
4,9559
76,9559
5,9560
3,9561
17,9561
48,9563
65,9563
22,9565
68,9567
78,9567
94,9567
27,9568
48,9568
93,9569
59,9572
3,9573
25,9573
87,9573
5,9574
29,9574
4,9575
80,9575
4,9576
37,9576
76,9576
3,9577
86,9577
5,9578
87,9578
46,9580
54,9580
64,9581
37,9582
76,9582
44,9583
65,9583
75,9584
17,9585
3,9587
100,9588
4,9588
28,9588
60,9588
78,9588
3,9589
5,9590
35,9590
4,9591
16,9592
65,9592
5,9593
56,9594
53,9595
42,9597
9,9598
17,9600
58,9601
74,9601
3,9602
69,9602
58,9603
50,9607
4,9608
5,9609
44,9610
51,9611
62,9611
93,9611
8,9612
30,9612
93,9612
5,9613
20,9613
23,9613
32,9614
3,9616
12,9616
15,9616
36,9617
4,9618
25,9618
59,9618
69,9618
88,9618
28,9619
35,9619
56,9619
51,9620
22,9622
39,9623
1,9624
53,9624
83,9624
30,9625
1,9626
58,9627
93,9627
97,9627
9,9628
59,9629
2,9630
2,9632
47,9632
10,9633
81,9633
1,9635
2,9636
29,9637
39,9637
69,9637
37,9638
48,9638
73,9638
22,9640
50,9641
79,9641
47,9644
74,9644
77,9644
5,9646
47,9646
45,9647
24,9648
32,9650
50,9650
59,9651
67,9651
84,9652
15,9653
13,9654
15,9654
16,9654
80,9654
68,9655
69,9656
79,9656
64,9658
30,9659
19,9660
46,9660
56,9661
27,9662
77,9662
55,9664
82,9665
3,9668
64,9669
83,9669
4,9670
21,9670
49,9670
75,9670
55,9671
87,9671
89,9671
93,9671
35,9672
52,9672
98,9672
69,9673
5,9674
22,9674
68,9674
17,9676
4,9677
73,9677
96,9677
22,9678
57,9678
77,9678
81,9678
99,9678
5,9679
28,9679
45,9679
3,9680
87,9682
1,9685
74,9685
90,9685
1,9686
17,9686
2,9687
79,9687
33,9688
3,9689
1,9690
51,9691
53,9691
57,9691
2,9692
71,9692
74,9692
4,9693
84,9693
4,9695
7,9695
92,9695
5,9696
11,9696
3,9698
55,9698
61,9698
2,9700
74,9700
11,9701
44,9702
73,9702
80,9702
5,9703
55,9703
90,9704
71,9705
40,9706
91,9707
96,9707
56,9708
63,9708
82,9708
75,9709
99,9709
71,9715
70,9717
51,9718
69,9718
46,9719
57,9719
30,9722
50,9725
6,9726
41,9727
99,9727
24,9730
36,9730
57,9730
95,9730
39,9732
85,9732
1,9733
34,9733
66,9733
27,9734
2,9735
41,9735
57,9735
1,9736
67,9736
66,9737
31,9739
2,9740
3,9740
92,9740
1,9742
32,9742
2,9743
5,9743
44,9743
5,9744
84,9744
4,9745
77,9745
8,9746
15,9747
10,9748
52,9748
3,9749
25,9750
26,9751
4,9752
94,9753
100,9755
64,9755
78,9755
75,9756
46,9758
88,9758
22,9761
35,9761
74,9761
18,9762
95,9764
6,9765
28,9767
51,9767
63,9769
1,9770
77,9772
85,9772
1,9774
69,9774
71,9774
2,9775
91,9775
38,9776
69,9776
1,9777
2,9778
96,9778
27,9779
2,9780
11,9780
17,9781
48,9781
66,9781
49,9782
20,9783
32,9783
46,9783
17,9784
66,9784
49,9786
9,9787
71,9788
19,9789
66,9790
27,9791
79,9791
13,9795
23,9795
47,9795
3,9796
8,9798
14,9798
4,9799
43,9799
68,9799
95,9799
57,9800
3,9802
10,9803
36,9803
4,9804
50,9804
40,9805
5,9806
5,9808
58,9808
31,9811
39,9811
15,9812
35,9812
84,9813
41,9814
61,9814
79,9814
66,9816
79,9816
100,9817
9,9818
82,9819
79,9820
10,9821
20,9821
42,9822
45,9822
58,9822
75,9822
23,9823
69,9823
41,9824
50,9825
70,9825
91,9825
46,9827
47,9827
93,9827
48,9828
54,9832
20,9833
2,9835
31,9835
65,9835
87,9835
99,9835
10,9836
71,9836
100,9837
38,9837
29,9838
49,9838
36,9839
64,9839
76,9839
21,9840
71,9840
40,9841
33,9842
24,9843
69,9843
17,9844
19,9844
3,9848
11,9850
81,9850
94,9850
4,9851
5,9852
7,9852
41,9852
5,9853
21,9853
41,9853
3,9854
30,9854
94,9854
19,9855
95,9855
4,9856
97,9857
31,9858
94,9858
50,9860
62,9860
65,9861
73,9861
37,9864
34,9865
47,9866
89,9866
100,9867
33,9867
63,9867
50,9869
71,9869
65,9870
37,9872
41,9872
1,9873
1,9875
9,9875
46,9875
2,9876
31,9876
88,9876
98,9876
2,9877
1,9878
72,9878
97,9879
83,9880
2,9881
60,9881
94,9881
95,9881
3,9882
37,9882
51,9884
55,9884
1,9886
30,9886
96,9887
8,9889
19,9889
52,9890
93,9891
3,9892
58,9893
9,9894
4,9895
43,9895
5,9896
4,9897
3,9898
17,9898
39,9899
25,9900
5,9901
32,9902
51,9902
59,9903
91,9903
52,9904
56,9905
10,9906
70,9906
99,9906
97,9907
63,9908
48,9909
49,9909
13,9911
22,9911
80,9911
87,9912
98,9912
39,9913
51,9913
67,9913
6,9914
66,9914
68,9914
62,9915
53,9916
57,9916
25,9917
81,9917
90,9917
91,9917
31,9918
61,9919
81,9920
10,9921
81,9922
52,9924
63,9925
41,9926
100,9927
17,9929
81,9930
49,9931
95,9933
94,9934
60,9935
14,9936
33,9937
50,9937
25,9939
29,9939
83,9939
90,9941
46,9942
20,9943
76,9944
88,9944
100,9945
67,9946
72,9946
13,9947
58,9947
95,9947
32,9948
90,9948
92,9948
36,9951
48,9951
14,9952
11,9955
44,9955
84,9955
90,9955
95,9956
78,9958
86,9958
21,9959
45,9959
77,9960
80,9961
20,9962
32,9963
78,9964
88,9964
3,9966
30,9966
44,9966
34,9967
41,9967
50,9967
5,9968
5,9969
88,9969
4,9970
63,9970
40,9972
36,9973
65,9974
69,9974
3,9975
38,9975
83,9975
4,9976
27,9976
51,9976
59,9976
89,9976
92,9976
69,9977
23,9978
16,9979
33,9980
52,9981
87,9982
87,9983
99,9983
100,9986
50,9986
53,9987
57,9988
35,9989
10,9994
61,9995
65,9995
83,9995
77,9996
39,9997
28,9998
69,9998
98,9999
