10,6
48,6
22,14
10,15
21,15
52,15
26,16
40,17
49,19
49,23
57,23
59,24
38,25
55,27
13,28
46,32
11,33
14,33
42,35
59,35
7,37
15,37
20,40
36,42
18,45
44,45
20,48
6,51
9,54
25,54
33,55
12,56
34,58
47,58
3,63
59,63
4,64
36,64
3,67
29,67
5,68
41,69
5,70
12,73
25,75
4,76
23,76
50,76
57,76
43,78
42,79
17,81
28,82
50,82
10,84
12,86
25,87
17,88
43,92
1,93
34,93
48,94
60,96
2,97
39,98
46,98
1,100
2,101
35,101
37,101
1,102
14,102
3,104
2,105
5,106
8,106
4,107
5,108
4,109
52,109
54,109
14,110
13,112
36,115
3,116
34,116
8,117
54,117
16,118
33,120
35,122
4,123
36,124
7,129
3,134
5,136
19,136
24,137
44,138
4,139
4,140
27,140
3,141
15,141
5,142
18,142
27,142
57,142
45,144
46,145
28,146
23,147
25,147
43,148
3,150
5,152
5,154
4,155
4,156
3,157
29,157
33,158
1,160
8,160
1,161
35,162
47,162
2,163
44,163
2,164
3,164
29,164
1,165
5,165
30,165
2,169
4,169
27,169
4,170
18,170
21,170
53,170
3,172
5,175
16,175
18,176
45,178
22,179
31,180
10,182
51,182
5,183
53,184
9,185
25,186
1,187
1,188
43,188
2,189
15,189
1,192
45,192
2,194
54,194
45,195
2,196
18,199
19,200
1,201
1,202
23,202
34,203
2,204
30,204
58,204
2,206
46,208
1,209
2,210
21,210
24,210
36,210
29,211
36,212
22,214
27,215
21,216
18,217
8,218
7,219
49,219
3,220
12,220
58,220
5,221
51,221
1,222
4,222
1,223
2,224
2,225
1,226
4,226
34,227
14,228
2,229
5,229
50,230
3,231
18,232
48,233
57,235
28,240
42,240
11,241
23,241
36,243
50,245
3,247
4,248
4,251
33,251
5,253
16,253
3,254
1,255
5,255
2,256
11,256
15,256
38,256
44,256
1,257
45,257
45,258
2,260
29,260
17,262
1,263
2,264
44,264
47,264
31,265
46,265
21,266
17,268
29,268
17,270
28,274
29,274
25,275
37,277
33,279
37,281
18,282
43,282
30,284
35,287
57,288
19,290
12,291
44,293
18,296
26,296
51,297
56,299
42,300
7,301
47,302
3,303
5,307
6,307
45,307
4,309
5,311
3,313
17,313
4,314
60,315
46,315
14,317
8,319
22,321
58,321
24,322
53,322
58,323
38,329
46,330
38,333
49,334
15,340
35,340
16,344
3,347
5,348
4,349
50,349
5,350
4,352
3,354
57,355
6,356
28,358
2,361
45,363
34,365
60,366
20,366
22,367
29,368
35,370
37,372
38,373
16,374
54,374
53,377
48,378
9,384
8,389
1,390
8,390
36,390
1,391
2,392
2,393
1,395
5,395
56,396
2,397
38,398
3,401
4,402
28,403
3,404
46,404
1,406
15,406
15,407
1,408
4,408
25,408
2,409
2,410
5,410
1,411
5,411
7,412
13,412
2,413
3,413
43,413
4,414
3,415
1,416
5,416
1,417
5,418
2,419
4,420
20,420
46,420
56,420
2,421
1,422
42,422
2,425
10,428
27,430
56,435
37,438
29,441
57,446
50,447
60,450
57,451
23,452
56,452
8,453
19,455
28,457
55,457
30,459
60,460
25,461
27,463
36,463
3,464
1,466
5,466
2,468
4,468
1,469
22,469
36,469
5,470
24,470
1,471
4,471
2,472
3,472
2,473
1,475
2,475
2,476
9,476
40,476
58,476
59,479
1,480
3,482
4,483
2,485
3,485
17,485
1,487
31,487
6,488
26,488
4,489
2,490
5,490
49,490
54,491
30,492
55,492
58,492
6,493
25,493
5,494
50,494
53,495
27,497
9,501
23,501
43,501
24,503
59,505
10,506
14,506
41,506
26,510
34,511
35,511
51,512
41,513
26,516
1,517
15,517
40,517
51,518
1,519
2,521
1,522
55,522
2,523
2,525
21,526
12,527
34,528
30,529
30,531
3,533
4,534
5,536
3,540
14,540
4,542
5,543
14,545
51,546
41,549
15,553
30,553
45,554
14,556
21,557
29,560
30,562
43,563
29,565
49,565
55,567
23,569
19,571
56,578
3,579
44,580
4,581
13,582
52,582
5,583
1,584
5,584
2,585
14,585
46,585
1,586
38,586
1,587
2,588
3,588
2,589
20,589
47,589
37,591
33,592
4,593
17,593
49,593
1,597
13,598
49,600
19,601
22,601
51,601
2,606
1,607
5,608
2,610
27,610
49,610
1,612
2,613
8,616
37,617
9,618
3,620
20,620
36,620
41,620
5,621
4,622
38,623
56,623
49,625
4,627
30,627
5,628
3,629
41,630
1,631
26,634
1,636
2,637
2,639
19,639
31,640
56,640
1,641
50,642
2,643
36,644
12,645
3,646
4,647
3,648
5,649
18,649
32,652
5,653
49,653
56,653
4,654
44,655
48,655
57,657
25,659
5,663
7,664
23,665
55,666
57,669
19,670
28,670
47,670
37,671
39,671
3,678
18,678
23,678
28,678
40,679
4,680
60,681
5,681
3,683
5,686
26,686
4,687
12,690
22,691
14,693
3,695
13,695
4,696
24,696
5,697
6,697
5,698
45,699
51,699
15,700
11,701
3,702
46,703
4,704
16,704
17,706
34,711
24,717
46,720
40,722
54,723
36,724
49,724
33,725
48,726
31,728
53,728
57,734
3,737
50,737
5,738
4,739
4,741
1,742
5,742
28,742
54,742
2,743
3,743
1,745
12,745
2,746
22,746
1,747
2,748
31,748
37,751
52,752
43,753
37,754
20,755
45,759
53,760
25,761
53,762
37,765
32,766
58,767
39,768
48,768
55,768
1,769
2,770
10,770
1,771
16,771
2,773
1,774
2,776
13,777
34,778
49,779
3,781
4,782
40,782
4,784
3,786
5,790
5,791
56,791
50,792
1,796
4,796
51,797
37,799
6,800
1,801
54,801
2,802
36,802
41,802
1,803
9,803
2,804
57,804
2,805
7,807
52,807
53,809
54,812
12,814
44,814
43,818
1,819
1,820
46,820
2,822
1,824
30,826
47,826
2,828
50,828
2,829
59,829
19,831
24,832
45,833
58,833
27,834
27,835
29,835
36,837
33,838
36,838
25,840
27,840
55,840
55,841
26,842
59,845
60,846
25,847
17,848
44,850
47,851
51,851
57,851
55,854
52,858
58,861
20,862
23,864
60,865
29,865
3,867
25,867
48,867
1,868
1,869
4,870
5,872
19,872
48,872
2,874
5,874
3,876
51,877
51,879
1,880
46,880
4,881
56,884
33,885
2,886
56,886
2,887
56,888
10,890
3,893
34,893
5,895
10,895
29,895
43,896
47,896
59,896
51,897
4,898
20,898
54,898
60,899
5,899
27,899
4,900
3,901
32,906
60,908
42,910
17,911
46,912
58,913
60,918
26,920
31,920
15,923
56,925
3,926
6,926
18,927
59,928
31,929
1,931
44,931
7,933
2,934
60,936
1,936
8,936
27,936
7,937
1,938
2,940
50,941
2,945
9,948
13,948
12,950
49,950
57,953
56,955
3,956
37,956
4,958
18,958
5,960
3,963
4,964
1,965
5,965
2,966
11,967
1,969
1,970
40,970
2,971
35,972
17,973
20,973
2,975
47,975
27,978
8,979
26,979
33,979
28,980
59,980
34,982
55,982
1,983
20,983
23,983
2,985
6,985
31,985
1,986
1,987
49,987
2,990
39,990
13,991
21,991
2,992
51,993
53,993
18,996
31,1000
48,1005
3,1006
14,1006
4,1007
4,1008
6,1008
47,1010
3,1011
5,1012
14,1012
31,1013
36,1013
53,1013
5,1014
10,1016
58,1019
27,1023
33,1023
38,1024
12,1025
36,1028
32,1031
50,1032
11,1033
1,1036
9,1036
1,1037
9,1037
2,1039
2,1040
1,1041
57,1042
2,1043
13,1046
46,1046
28,1049
47,1049
43,1052
1,1055
6,1057
46,1057
50,1058
1,1060
3,1061
32,1061
5,1062
51,1062
2,1064
57,1064
4,1065
5,1066
55,1067
9,1068
10,1068
21,1068
1,1069
2,1070
3,1070
28,1070
4,1071
36,1071
45,1071
14,1073
36,1074
2,1075
29,1076
45,1076
29,1077
1,1078
2,1079
17,1079
22,1079
28,1079
1,1081
29,1081
41,1081
2,1082
27,1082
1,1083
37,1083
2,1086
9,1086
20,1087
19,1089
47,1091
57,1093
57,1094
22,1097
36,1099
22,1100
54,1101
28,1116
1,1119
18,1119
34,1119
1,1120
11,1120
20,1120
32,1120
2,1121
2,1122
38,1122
1,1124
15,1126
17,1126
2,1127
27,1128
47,1128
7,1129
57,1129
7,1130
12,1130
45,1130
9,1133
29,1133
13,1136
59,1139
46,1140
58,1140
9,1141
16,1143
11,1145
43,1145
44,1145
3,1147
5,1148
34,1151
21,1152
5,1154
9,1155
4,1156
11,1156
3,1157
4,1158
16,1158
56,1158
1,1165
1,1168
34,1169
41,1170
2,1171
1,1172
2,1173
2,1174
19,1176
16,1178
38,1181
3,1182
10,1182
22,1182
5,1183
14,1184
4,1185
5,1186
3,1187
11,1188
1,1190
1,1191
4,1191
6,1191
2,1192
2,1194
1,1195
2,1196
6,1196
6,1197
29,1203
27,1205
40,1205
55,1207
50,1208
35,1210
3,1211
4,1212
5,1213
55,1213
4,1214
46,1214
3,1215
17,1217
5,1218
26,1218
46,1218
53,1218
44,1219
27,1222
37,1222
14,1223
34,1225
46,1226
54,1226
10,1228
43,1230
33,1236
59,1237
25,1239
34,1239
44,1242
36,1247
42,1247
47,1247
3,1248
8,1248
9,1248
4,1249
26,1249
53,1249
3,1251
19,1251
23,1251
41,1251
5,1252
43,1253
5,1254
39,1254
56,1256
54,1259
4,1262
26,1262
37,1262
3,1266
4,1268
3,1269
47,1269
51,1269
4,1270
39,1271
5,1273
47,1273
5,1274
34,1274
56,1274
1,1275
43,1277
2,1278
38,1279
20,1281
1,1282
2,1283
44,1283
1,1284
3,1286
2,1287
48,1287
22,1288
32,1288
12,1289
29,1289
5,1290
5,1292
12,1293
4,1294
20,1296
6,1297
24,1299
3,1300
39,1303
4,1304
60,1305
37,1305
43,1307
18,1309
7,1311
34,1311
30,1312
60,1315
38,1315
39,1315
45,1315
56,1315
41,1316
55,1320
21,1322
14,1328
23,1328
24,1329
29,1331
47,1331
12,1332
17,1333
40,1336
52,1336
2,1338
20,1340
26,1341
22,1342
33,1342
11,1343
26,1343
54,1343
30,1346
37,1346
10,1347
59,1348
20,1349
37,1353
30,1354
55,1354
2,1355
3,1357
42,1359
53,1359
5,1360
54,1360
11,1361
27,1362
3,1365
4,1365
14,1365
22,1367
1,1368
3,1368
1,1369
2,1370
2,1371
4,1371
36,1371
41,1371
1,1372
5,1372
2,1373
6,1373
12,1376
53,1377
29,1379
41,1380
8,1381
38,1382
59,1383
35,1387
43,1387
59,1387
11,1388
14,1391
1,1395
2,1396
1,1397
32,1397
2,1398
1,1399
2,1401
43,1401
47,1405
21,1406
1,1407
2,1408
2,1409
1,1411
2,1412
30,1412
1,1413
2,1415
7,1417
3,1419
5,1420
28,1421
5,1422
22,1422
14,1423
59,1423
4,1424
4,1427
3,1428
15,1430
18,1430
41,1431
55,1432
26,1433
56,1433
21,1434
22,1434
12,1436
23,1439
33,1439
11,1440
42,1440
14,1441
15,1443
41,1443
17,1445
9,1447
3,1450
27,1455
51,1456
1,1461
35,1462
2,1463
1,1464
2,1465
29,1465
1,1466
13,1467
56,1467
47,1469
37,1471
2,1472
8,1473
9,1473
43,1473
25,1476
36,1476
6,1478
54,1479
1,1480
33,1480
1,1481
33,1481
2,1482
1,1484
2,1486
2,1487
3,1487
5,1488
7,1488
14,1489
4,1491
29,1491
1,1492
4,1492
26,1492
45,1493
13,1494
39,1494
1,1495
3,1495
5,1496
2,1497
48,1497
1,1498
57,1501
2,1502
2,1503
43,1505
3,1511
24,1511
37,1512
6,1515
16,1515
3,1516
23,1517
31,1519
4,1520
32,1520
59,1520
5,1522
4,1523
19,1523
46,1523
3,1524
5,1526
1,1529
1,1530
35,1530
59,1530
2,1531
1,1532
60,1533
3,1533
2,1534
24,1534
2,1535
5,1535
27,1535
5,1536
60,1537
27,1537
60,1538
4,1538
55,1538
4,1540
3,1541
29,1541
49,1542
48,1543
7,1545
17,1545
20,1546
22,1546
24,1546
10,1548
3,1549
6,1549
5,1551
32,1551
5,1552
10,1553
4,1554
43,1554
9,1555
4,1556
3,1558
32,1558
3,1559
11,1559
41,1559
10,1561
8,1563
40,1563
5,1564
52,1564
4,1565
3,1566
1,1567
4,1567
5,1568
34,1568
2,1569
3,1569
1,1571
55,1571
1,1572
5,1572
4,1573
4,1575
43,1575
2,1576
2,1577
5,1577
9,1577
3,1578
57,1578
18,1579
22,1579
21,1582
26,1582
27,1582
3,1584
15,1584
19,1585
23,1585
5,1586
4,1588
50,1589
5,1590
42,1590
3,1591
4,1593
38,1593
29,1598
51,1598
59,1598
51,1599
51,1600
44,1601
7,1603
18,1603
54,1606
3,1607
4,1608
18,1609
4,1612
6,1612
5,1613
3,1618
5,1619
3,1623
49,1623
4,1624
56,1624
3,1625
13,1626
1,1627
19,1627
5,1628
4,1629
2,1630
1,1632
2,1633
5,1633
16,1633
39,1633
49,1633
1,1634
9,1635
41,1635
2,1636
24,1638
33,1640
59,1644
40,1645
21,1648
37,1648
50,1653
6,1654
33,1655
54,1655
57,1656
34,1660
41,1662
20,1664
3,1670
4,1671
5,1672
4,1675
14,1676
5,1678
9,1679
39,1679
42,1679
3,1680
47,1680
45,1686
6,1687
25,1687
55,1687
59,1687
50,1688
1,1690
14,1691
31,1691
1,1692
18,1692
2,1693
33,1693
2,1694
3,1695
1,1697
5,1697
33,1697
2,1698
4,1698
3,1699
4,1700
45,1700
5,1701
19,1702
50,1702
15,1703
13,1706
44,1707
48,1708
1,1709
1,1710
11,1710
2,1711
1,1712
2,1713
20,1713
2,1714
3,1720
23,1722
19,1723
28,1724
48,1725
52,1725
11,1729
14,1729
32,1730
36,1731
46,1734
20,1735
30,1736
1,1739
12,1739
27,1739
36,1739
40,1740
1,1741
2,1743
23,1743
2,1745
1,1746
19,1748
2,1749
16,1750
50,1750
29,1753
53,1754
37,1757
1,1758
1,1759
42,1759
59,1759
6,1762
11,1763
15,1763
2,1766
2,1767
33,1767
3,1768
1,1769
5,1769
8,1769
2,1770
4,1770
19,1770
5,1771
23,1772
40,1773
4,1774
14,1774
3,1776
3,1777
18,1777
5,1778
4,1779
11,1779
1,1780
2,1781
4,1781
55,1781
3,1782
1,1783
5,1783
1,1784
2,1785
2,1786
33,1786
16,1787
25,1787
51,1788
47,1791
16,1794
20,1795
37,1795
43,1796
17,1797
52,1797
6,1798
32,1798
47,1801
25,1802
7,1803
57,1803
49,1806
39,1807
31,1808
26,1809
14,1810
35,1811
32,1812
16,1814
58,1814
22,1818
14,1820
31,1820
22,1821
42,1826
14,1827
59,1828
15,1832
22,1835
42,1836
46,1838
36,1841
48,1841
1,1842
8,1842
1,1844
2,1846
37,1846
48,1846
19,1847
57,1847
1,1848
2,1849
3,1849
27,1849
2,1850
48,1851
4,1852
5,1855
46,1858
4,1859
46,1859
5,1861
3,1863
9,1864
55,1864
36,1867
41,1869
58,1871
50,1872
7,1877
26,1877
12,1878
49,1878
56,1878
23,1880
31,1880
48,1882
59,1883
42,1885
55,1888
31,1889
50,1889
44,1895
1,1898
41,1899
2,1900
38,1900
1,1901
6,1901
2,1902
1,1903
31,1904
2,1905
32,1906
9,1907
59,1908
42,1911
24,1917
34,1917
17,1918
52,1923
18,1924
10,1925
15,1926
24,1929
49,1929
1,1934
44,1934
1,1935
26,1935
54,1936
58,1938
2,1939
2,1940
46,1940
17,1942
1,1943
2,1945
19,1945
45,1945
60,1950
11,1950
55,1954
51,1956
1,1958
42,1958
1,1960
40,1960
2,1962
41,1962
2,1963
16,1963
55,1963
52,1964
35,1965
1,1966
12,1967
32,1967
2,1969
38,1969
34,1970
22,1973
34,1973
3,1974
57,1974
41,1975
5,1976
5,1978
52,1978
4,1981
56,1982
4,1983
11,1983
15,1983
3,1985
12,1985
12,1986
26,1988
35,1988
33,1989
17,1996
31,1997
58,1998
19,2001
29,2002
46,2002
58,2002
39,2004
30,2005
12,2008
30,2014
22,2015
34,2019
19,2021
41,2025
13,2026
11,2028
13,2030
38,2036
47,2037
45,2038
9,2040
17,2040
52,2041
15,2046
42,2048
50,2048
53,2050
3,2054
34,2054
34,2057
14,2059
5,2060
4,2061
57,2061
1,2062
9,2062
4,2063
55,2063
3,2064
20,2064
25,2064
2,2065
5,2065
56,2065
1,2066
60,2068
2,2068
47,2068
1,2069
17,2069
29,2069
54,2069
59,2069
2,2070
1,2071
1,2072
21,2073
54,2074
2,2075
13,2075
1,2076
2,2078
2,2079
14,2079
59,2079
14,2081
30,2085
3,2086
4,2087
4,2088
5,2089
24,2089
44,2090
49,2090
5,2091
48,2092
3,2094
40,2094
44,2094
36,2095
59,2095
51,2096
8,2097
14,2097
3,2099
4,2102
26,2102
44,2102
5,2103
18,2103
5,2105
4,2106
31,2106
52,2106
3,2107
42,2107
32,2108
33,2108
12,2109
8,2112
27,2112
25,2116
1,2118
28,2121
1,2122
47,2124
2,2126
2,2127
32,2127
47,2127
53,2127
54,2127
1,2129
28,2129
2,2132
36,2133
6,2134
45,2135
8,2136
9,2137
1,2141
47,2141
55,2142
1,2145
2,2146
1,2147
2,2148
25,2148
2,2149
14,2152
30,2154
57,2156
33,2159
43,2160
30,2161
45,2163
59,2163
7,2171
23,2173
42,2173
60,2174
6,2178
22,2180
60,2181
3,2182
12,2182
30,2182
5,2183
4,2184
3,2185
17,2185
58,2185
5,2186
21,2186
18,2187
22,2187
2,2188
4,2188
33,2188
30,2189
11,2191
10,2193
53,2194
46,2196
37,2197
33,2198
1,2199
46,2199
51,2199
58,2199
1,2200
2,2201
1,2202
2,2202
1,2204
2,2205
13,2205
35,2211
51,2211
18,2213
15,2215
54,2217
6,2218
47,2221
60,2222
54,2222
36,2224
58,2224
23,2229
48,2231
25,2232
16,2235
55,2235
25,2237
10,2241
41,2241
50,2242
22,2244
3,2246
13,2246
46,2246
1,2247
5,2247
4,2248
54,2248
1,2250
3,2250
4,2250
15,2250
2,2251
3,2251
11,2251
28,2252
7,2253
5,2255
2,2256
21,2256
1,2257
23,2257
3,2259
21,2259
38,2259
2,2260
54,2260
5,2261
5,2267
4,2268
4,2269
15,2269
8,2270
11,2271
3,2272
45,2272
21,2275
59,2279
3,2288
22,2289
5,2290
8,2290
4,2292
11,2292
4,2293
3,2294
5,2295
13,2300
12,2301
54,2303
16,2304
28,2304
6,2306
29,2309
31,2309
42,2313
53,2318
57,2318
3,2319
36,2319
4,2322
3,2324
30,2324
10,2325
4,2327
5,2328
35,2328
5,2330
56,2331
18,2332
13,2334
33,2335
22,2344
3,2346
5,2347
46,2347
4,2348
22,2348
3,2349
4,2352
52,2352
5,2353
14,2357
26,2358
21,2361
13,2362
58,2362
45,2363
6,2367
55,2369
24,2371
3,2373
6,2374
4,2375
14,2375
54,2375
5,2376
1,2378
4,2378
60,2379
2,2379
44,2379
3,2380
5,2381
1,2382
3,2382
39,2382
49,2382
44,2384
2,2386
4,2386
56,2386
1,2387
3,2387
5,2388
51,2388
2,2390
41,2391
4,2392
5,2393
14,2393
18,2393
48,2395
36,2398
33,2399
52,2400
24,2402
55,2407
3,2413
47,2413
58,2413
34,2415
4,2416
11,2416
32,2416
34,2416
5,2417
16,2417
17,2419
4,2421
5,2422
24,2422
3,2423
30,2423
20,2425
25,2427
3,2428
54,2430
4,2431
9,2431
20,2432
5,2433
36,2433
49,2433
26,2434
56,2434
49,2435
58,2435
1,2436
3,2436
5,2437
46,2437
4,2438
43,2438
1,2439
22,2439
2,2441
1,2442
15,2442
2,2443
2,2445
24,2446
30,2452
39,2453
40,2454
30,2457
25,2458
38,2458
35,2467
32,2468
51,2471
26,2472
55,2472
53,2474
8,2476
45,2477
32,2478
57,2479
36,2481
3,2482
26,2483
4,2484
4,2487
56,2487
27,2488
40,2488
5,2490
38,2490
3,2492
5,2493
11,2495
31,2495
39,2503
41,2504
23,2505
35,2512
7,2515
8,2516
3,2517
5,2518
4,2520
55,2521
4,2522
6,2522
5,2523
5,2524
8,2524
3,2525
44,2527
54,2529
27,2530
33,2533
16,2538
32,2538
40,2538
58,2539
7,2542
29,2542
36,2543
20,2544
56,2544
18,2545
26,2547
45,2548
21,2551
22,2551
31,2553
3,2555
40,2555
16,2556
4,2557
4,2560
5,2561
3,2562
5,2563
52,2564
13,2565
47,2565
22,2566
32,2567
1,2569
1,2570
2,2572
41,2572
15,2574
1,2575
22,2575
6,2576
42,2576
2,2577
2,2579
4,2587
57,2587
35,2589
19,2590
50,2590
13,2591
10,2592
12,2593
18,2593
53,2593
13,2600
25,2600
57,2601
1,2604
30,2604
2,2606
3,2607
1,2608
4,2608
3,2609
5,2610
8,2610
30,2610
2,2611
1,2613
12,2613
4,2614
5,2615
2,2616
55,2616
33,2617
53,2620
21,2623
57,2624
44,2625
46,2625
18,2626
29,2627
32,2629
36,2630
12,2632
25,2632
49,2632
28,2634
1,2635
2,2637
45,2638
1,2639
1,2640
2,2641
2,2642
15,2642
30,2642
16,2643
59,2644
58,2645
20,2648
1,2650
3,2652
1,2653
40,2653
1,2655
5,2655
2,2656
5,2656
2,2657
59,2657
4,2658
10,2658
28,2658
1,2659
4,2659
40,2659
2,2660
3,2661
60,2664
9,2664
46,2666
3,2676
55,2677
4,2678
3,2679
48,2679
5,2680
56,2681
4,2682
5,2683
18,2685
54,2686
43,2687
6,2689
12,2689
22,2691
42,2692
26,2693
32,2693
24,2695
34,2695
25,2697
37,2698
4,2704
27,2704
6,2705
51,2705
8,2706
48,2706
17,2711
53,2713
3,2720
1,2721
1,2722
5,2722
4,2724
2,2725
3,2725
2,2726
4,2726
58,2726
1,2729
5,2729
34,2729
20,2730
2,2731
7,2731
55,2731
35,2732
50,2733
37,2734
19,2735
39,2736
1,2737
1,2738
2,2742
45,2743
51,2743
2,2744
26,2744
3,2746
1,2747
2,2748
7,2748
13,2748
37,2750
20,2751
32,2751
19,2753
49,2754
9,2755
4,2757
48,2757
10,2759
17,2762
57,2764
49,2765
6,2767
34,2768
1,2769
2,2771
19,2771
42,2771
1,2772
1,2773
20,2773
54,2773
2,2774
54,2774
2,2775
31,2775
50,2775
13,2776
1,2777
40,2777
9,2779
10,2779
36,2779
57,2779
43,2782
19,2785
2,2786
32,2786
1,2787
52,2787
60,2788
2,2788
1,2789
2,2790
35,2790
26,2793
37,2794
53,2795
60,2798
23,2802
48,2802
3,2804
21,2804
4,2806
3,2807
8,2807
4,2808
5,2809
52,2809
1,2811
15,2812
51,2813
5,2815
48,2815
1,2817
2,2819
5,2819
29,2820
2,2821
15,2821
1,2823
38,2823
55,2823
23,2824
2,2825
17,2825
6,2827
40,2828
43,2831
1,2834
26,2835
55,2835
19,2839
1,2840
2,2841
39,2841
2,2842
60,2843
1,2844
16,2844
38,2846
60,2847
54,2847
59,2847
2,2848
59,2853
3,2861
13,2861
2,2863
5,2863
24,2864
5,2865
32,2867
26,2868
27,2870
46,2870
4,2871
38,2871
1,2872
26,2872
2,2873
3,2873
51,2873
4,2874
12,2874
7,2875
1,2876
40,2876
2,2877
1,2879
32,2879
48,2879
2,2880
57,2880
34,2882
52,2882
32,2889
3,2890
4,2891
1,2892
42,2892
22,2893
57,2893
51,2894
5,2896
46,2896
2,2899
35,2899
48,2899
1,2900
5,2900
3,2901
2,2902
4,2902
1,2904
29,2904
6,2905
19,2905
2,2906
31,2908
7,2912
12,2912
11,2914
13,2914
22,2914
35,2915
6,2916
16,2917
24,2917
12,2918
8,2923
31,2925
3,2926
4,2927
12,2927
22,2927
57,2927
49,2928
3,2930
9,2930
47,2930
5,2931
5,2934
31,2934
4,2935
29,2935
8,2937
45,2937
17,2938
50,2938
51,2939
40,2940
57,2943
29,2944
52,2944
3,2945
24,2945
43,2945
4,2946
54,2946
4,2950
40,2950
3,2951
19,2951
20,2951
44,2951
1,2953
5,2954
2,2955
25,2955
5,2956
1,2957
2,2958
3,2958
6,2958
58,2958
1,2959
36,2959
2,2960
4,2960
15,2960
3,2961
5,2962
6,2964
44,2964
37,2965
5,2968
1,2969
1,2970
16,2970
4,2971
56,2971
2,2972
1,2973
2,2974
29,2974
18,2976
44,2976
2,2977
8,2977
49,2977
3,2981
6,2981
7,2981
8,2983
13,2983
4,2984
51,2984
54,2984
3,2985
20,2986
4,2988
25,2989
5,2990
23,2990
52,2990
8,2991
5,2992
50,2993
36,2994
7,2995
38,2998
44,2998
30,2999
48,2999
13,3000
43,3000
10,3001
9,3002
18,3005
15,3007
26,3007
6,3008
20,3010
32,3013
3,3014
4,3017
11,3017
53,3020
4,3021
12,3021
8,3023
3,3026
60,3027
5,3028
5,3029
42,3029
30,3030
24,3032
40,3033
3,3034
5,3035
4,3036
3,3037
50,3037
5,3038
39,3038
60,3039
4,3039
18,3040
42,3040
31,3041
42,3042
54,3047
44,3049
16,3051
6,3053
8,3053
9,3054
1,3055
60,3056
1,3056
2,3061
23,3061
2,3063
31,3063
1,3064
46,3068
50,3070
2,3071
3,3075
11,3075
52,3075
5,3077
7,3077
5,3078
34,3079
4,3080
52,3080
3,3081
6,3081
60,3082
5,3082
23,3082
4,3083
50,3083
14,3084
14,3087
35,3088
17,3089
14,3094
53,3096
22,3097
31,3098
49,3098
1,3099
1,3100
2,3101
27,3101
2,3102
1,3104
54,3104
45,3105
14,3110
2,3111
11,3111
43,3113
5,3114
54,3114
20,3115
13,3116
36,3116
37,3117
21,3119
28,3119
7,3120
27,3123
34,3124
53,3125
22,3127
5,3128
12,3128
44,3128
9,3130
7,3134
50,3135
15,3136
51,3139
59,3139
31,3140
49,3140
19,3141
45,3141
52,3141
1,3144
54,3144
59,3144
2,3145
1,3146
26,3146
2,3147
50,3147
49,3148
52,3149
1,3151
2,3153
54,3153
58,3153
50,3155
46,3157
40,3158
8,3161
31,3161
13,3166
38,3166
54,3166
23,3167
49,3169
57,3170
43,3171
35,3173
40,3177
1,3179
2,3181
1,3182
32,3182
1,3184
2,3185
2,3186
15,3187
54,3190
7,3191
16,3192
11,3194
38,3196
48,3197
25,3198
16,3199
33,3202
46,3204
1,3205
1,3206
50,3206
19,3208
52,3208
2,3209
57,3209
1,3210
2,3211
30,3212
56,3212
2,3213
18,3213
3,3214
60,3215
1,3215
5,3215
1,3216
4,3216
22,3216
59,3216
28,3217
3,3219
42,3219
4,3220
17,3220
2,3221
5,3222
11,3223
39,3223
2,3224
5,3224
42,3224
53,3225
1,3226
7,3226
2,3227
34,3228
23,3229
54,3229
47,3232
32,3240
6,3241
27,3242
26,3244
50,3244
3,3246
12,3246
46,3249
1,3252
23,3253
47,3253
53,3253
2,3254
40,3256
1,3257
1,3258
2,3259
2,3261
38,3265
45,3265
58,3265
52,3267
11,3269
16,3270
26,3272
56,3272
16,3273
19,3275
26,3278
14,3280
51,3280
33,3282
49,3282
32,3283
28,3286
6,3288
25,3288
50,3290
27,3291
32,3293
44,3293
32,3300
53,3301
53,3304
1,3306
3,3307
41,3307
2,3309
5,3309
1,3310
45,3310
1,3311
39,3311
2,3312
4,3312
10,3312
13,3312
8,3313
23,3313
56,3313
4,3314
21,3314
58,3314
5,3315
2,3316
3,3317
13,3317
15,3317
56,3317
52,3321
12,3323
11,3331
60,3335
34,3336
18,3337
37,3337
19,3340
52,3340
3,3346
4,3346
5,3348
24,3348
47,3348
4,3349
3,3352
56,3352
5,3353
19,3353
59,3353
4,3354
37,3354
23,3360
10,3361
3,3362
4,3364
60,3365
3,3365
6,3366
4,3367
43,3367
5,3368
18,3370
1,3371
15,3371
5,3372
8,3372
2,3373
33,3373
1,3374
1,3375
4,3375
2,3376
60,3377
2,3378
11,3381
39,3384
48,3385
29,3389
34,3389
60,3390
49,3390
54,3390
37,3391
60,3392
14,3392
38,3395
8,3396
1,3398
44,3398
52,3400
2,3401
1,3402
2,3403
1,3404
54,3404
2,3405
50,3405
32,3407
33,3407
41,3408
25,3410
7,3412
13,3412
23,3412
8,3413
15,3413
21,3413
37,3414
59,3414
3,3415
46,3416
52,3416
5,3417
4,3418
5,3419
34,3419
4,3420
3,3421
10,3425
49,3425
23,3432
59,3432
55,3433
33,3435
42,3435
49,3435
2,3440
5,3440
11,3440
32,3442
60,3444
25,3444
40,3444
25,3446
53,3447
24,3448
26,3448
33,3448
48,3448
49,3449
25,3455
48,3455
3,3457
5,3458
14,3458
36,3458
29,3459
38,3462
7,3463
52,3466
4,3467
34,3468
5,3469
3,3470
24,3470
4,3471
58,3472
42,3473
45,3480
58,3480
9,3481
35,3482
11,3483
3,3493
3,3499
49,3500
4,3502
5,3503
5,3504
52,3504
55,3504
3,3505
25,3505
58,3507
50,3510
4,3513
25,3515
14,3516
3,3517
4,3518
10,3518
38,3519
58,3519
3,3521
5,3522
20,3522
5,3523
7,3524
1,3525
12,3525
16,3525
1,3526
2,3527
4,3527
1,3528
7,3528
32,3528
52,3528
2,3529
2,3531
58,3531
3,3534
43,3534
4,3535
60,3536
5,3537
5,3538
4,3539
3,3540
16,3540
58,3541
27,3543
13,3545
20,3545
23,3545
16,3546
19,3547
41,3547
59,3547
25,3553
28,3553
47,3554
3,3555
22,3555
4,3556
4,3557
56,3558
5,3559
38,3559
3,3560
29,3560
5,3563
32,3563
57,3563
37,3564
38,3564
17,3566
13,3569
15,3571
28,3576
1,3579
53,3580
1,3581
33,3582
2,3583
1,3584
2,3585
2,3586
12,3587
38,3588
54,3590
44,3592
47,3592
57,3594
36,3595
15,3596
38,3596
21,3597
14,3598
47,3599
50,3599
54,3599
58,3603
19,3604
31,3604
38,3604
51,3608
28,3613
1,3615
33,3615
2,3616
3,3616
8,3616
45,3616
1,3617
31,3617
5,3618
2,3619
56,3619
1,3620
51,3620
2,3621
4,3622
5,3623
3,3624
4,3625
43,3628
23,3630
29,3631
53,3631
1,3632
20,3632
2,3633
1,3634
3,3635
11,3637
59,3637
2,3638
43,3638
5,3641
5,3642
51,3642
4,3643
1,3644
44,3644
2,3645
1,3646
56,3646
3,3647
1,3648
4,3648
30,3648
2,3649
47,3649
1,3650
2,3651
2,3652
23,3652
36,3652
3,3653
5,3654
24,3654
35,3654
4,3655
17,3655
21,3655
4,3656
1,3659
3,3660
1,3661
5,3661
45,3661
2,3663
18,3665
2,3666
8,3666
2,3667
1,3669
7,3669
2,3670
23,3672
47,3672
24,3677
34,3677
28,3679
48,3679
56,3680
3,3684
4,3686
3,3687
5,3688
29,3688
5,3689
36,3689
4,3690
35,3691
51,3691
28,3692
3,3694
4,3695
44,3695
5,3696
15,3696
3,3697
23,3697
27,3698
35,3698
48,3700
58,3700
6,3701
29,3702
5,3703
29,3705
4,3706
27,3708
38,3708
10,3710
17,3711
33,3714
31,3716
36,3716
53,3717
6,3721
44,3725
16,3728
17,3729
7,3730
51,3732
43,3734
1,3736
9,3737
2,3739
9,3739
1,3740
60,3741
1,3741
2,3742
2,3743
21,3746
22,3746
3,3747
5,3749
5,3750
4,3751
4,3752
18,3755
36,3755
38,3755
3,3756
12,3756
57,3758
24,3760
46,3762
37,3766
9,3767
60,3774
20,3774
32,3775
40,3778
55,3778
48,3782
49,3782
1,3783
1,3784
57,3784
57,3786
38,3787
59,3787
2,3789
50,3789
3,3790
58,3790
2,3792
6,3792
12,3792
47,3792
1,3793
23,3793
11,3796
2,3797
47,3799
2,3800
18,3800
51,3801
36,3802
43,3803
54,3804
54,3806
11,3812
33,3814
44,3814
36,3816
43,3818
53,3818
56,3819
3,3823
4,3824
39,3824
3,3825
50,3825
5,3826
4,3829
16,3829
13,3831
25,3832
5,3833
55,3834
11,3835
33,3836
43,3837
18,3838
51,3839
42,3840
19,3841
25,3842
53,3846
9,3847
48,3850
17,3851
1,3857
2,3861
11,3861
49,3861
18,3862
1,3863
56,3863
2,3864
54,3864
1,3865
53,3865
2,3868
40,3873
51,3874
44,3881
33,3882
54,3882
14,3884
28,3884
35,3884
27,3885
54,3886
19,3887
24,3887
55,3887
5,3888
8,3888
14,3889
2,3890
6,3892
10,3893
15,3894
31,3900
10,3901
30,3901
55,3904
35,3906
19,3907
14,3908
24,3908
50,3910
18,3913
28,3913
13,3915
46,3921
33,3923
19,3928
45,3928
6,3931
16,3931
16,3934
32,3935
13,3936
8,3938
40,3938
1,3940
59,3940
1,3941
12,3943
41,3943
43,3943
2,3945
16,3945
1,3947
41,3947
2,3948
2,3949
3,3949
47,3949
52,3949
30,3950
44,3950
30,3954
44,3955
21,3956
48,3957
31,3958
45,3958
13,3961
41,3961
45,3961
35,3964
44,3964
8,3966
12,3969
17,3970
40,3970
44,3970
1,3971
19,3972
58,3972
24,3973
30,3975
30,3978
3,3979
17,3979
14,3980
18,3980
21,3980
23,3981
38,3981
4,3982
58,3984
4,3985
13,3988
44,3988
5,3989
3,3990
33,3990
15,3991
5,3992
6,3992
42,3992
7,3999
15,3999
3,4003
51,4004
4,4005
5,4007
36,4007
32,4008
3,4009
12,4009
15,4009
46,4009
25,4010
53,4010
4,4011
9,4013
49,4013
5,4014
33,4014
12,4016
41,4016
24,4019
13,4020
33,4022
1,4024
2,4026
7,4029
55,4029
25,4031
1,4033
2,4034
1,4036
38,4036
2,4037
22,4038
24,4038
30,4038
54,4039
39,4041
44,4045
26,4047
13,4048
54,4049
34,4050
40,4053
58,4054
31,4056
12,4058
60,4062
3,4063
50,4063
53,4063
33,4064
5,4067
31,4068
4,4073
3,4074
48,4074
4,4075
5,4076
51,4076
58,4078
18,4080
48,4080
33,4081
36,4082
9,4083
17,4084
17,4092
34,4100
57,4101
31,4102
27,4103
1,4107
2,4108
5,4109
1,4110
59,4110
1,4111
28,4111
56,4111
2,4112
30,4112
34,4112
2,4115
38,4116
5,4120
1,4121
1,4124
2,4126
50,4126
2,4127
1,4128
2,4129
1,4130
26,4130
1,4131
2,4132
3,4132
2,4133
5,4133
17,4133
1,4134
4,4134
30,4135
2,4136
5,4136
3,4137
12,4138
14,4138
4,4139
16,4139
56,4141
49,4145
6,4148
1,4149
53,4149
26,4150
48,4150
50,4151
2,4152
1,4154
6,4154
1,4155
7,4155
25,4155
2,4157
31,4157
2,4158
55,4160
3,4162
35,4164
51,4164
58,4164
12,4165
45,4167
30,4168
52,4172
54,4174
49,4176
23,4179
51,4179
3,4181
20,4183
1,4184
1,4185
55,4185
2,4186
33,4186
2,4187
1,4188
2,4189
41,4189
3,4191
5,4193
4,4194
5,4195
40,4195
4,4196
14,4197
3,4198
58,4200
39,4205
49,4206
51,4206
1,4210
1,4211
3,4212
30,4212
5,4213
4,4214
5,4215
37,4215
2,4216
4,4216
21,4216
3,4217
1,4218
6,4218
9,4219
28,4219
2,4220
22,4220
21,4222
49,4222
50,4222
2,4224
22,4224
15,4230
3,4234
12,4234
40,4234
5,4235
5,4236
4,4237
54,4238
4,4239
50,4240
54,4240
3,4241
10,4241
51,4242
3,4243
5,4245
19,4245
1,4247
4,4247
9,4247
20,4248
58,4248
2,4249
3,4249
5,4251
21,4251
60,4252
1,4253
58,4253
4,4254
1,4255
2,4256
2,4257
54,4259
18,4261
37,4261
40,4261
56,4261
19,4262
17,4263
56,4264
40,4265
31,4268
41,4270
42,4271
1,4272
56,4273
1,4275
37,4275
31,4276
42,4277
2,4281
3,4281
39,4282
2,4283
50,4283
1,4284
4,4285
4,4287
2,4288
5,4288
1,4289
3,4289
1,4290
5,4290
55,4290
2,4291
30,4291
1,4292
11,4292
35,4292
2,4293
15,4294
2,4296
3,4296
26,4297
4,4298
5,4301
54,4301
32,4302
5,4303
12,4303
4,4304
60,4305
14,4305
3,4307
58,4308
17,4311
52,4312
59,4315
10,4316
54,4318
35,4321
30,4326
1,4327
49,4329
1,4333
2,4334
2,4335
37,4335
1,4336
24,4337
2,4338
19,4338
52,4341
32,4342
36,4343
41,4343
21,4348
24,4349
53,4349
36,4352
46,4352
45,4357
46,4358
44,4364
53,4364
58,4364
1,4367
2,4368
18,4369
29,4369
1,4370
58,4370
25,4371
2,4372
1,4374
3,4374
13,4374
15,4374
2,4375
4,4375
4,4376
3,4377
5,4379
36,4380
9,4381
32,4381
44,4381
52,4381
1,4382
32,4382
54,4382
2,4383
5,4383
16,4383
23,4384
34,4384
1,4385
1,4388
14,4388
28,4388
30,4388
2,4389
2,4390
53,4390
55,4394
56,4396
9,4398
28,4399
35,4400
59,4400
60,4402
7,4404
33,4404
31,4406
18,4407
13,4411
9,4414
36,4415
37,4416
41,4417
59,4418
20,4428
7,4430
36,4430
53,4430
3,4431
4,4432
5,4433
13,4433
45,4433
5,4434
30,4434
45,4435
4,4437
49,4437
3,4438
42,4439
38,4440
25,4442
54,4445
5,4447
45,4447
29,4450
5,4455
30,4455
11,4456
17,4456
31,4459
35,4459
51,4460
39,4461
24,4463
52,4463
36,4464
40,4465
7,4467
18,4467
27,4467
3,4468
4,4470
42,4471
5,4472
54,4472
56,4472
35,4473
29,4474
3,4475
4,4476
16,4478
5,4479
17,4479
13,4484
55,4486
60,4489
1,4489
18,4491
1,4492
26,4492
40,4492
2,4493
29,4494
1,4495
11,4497
2,4498
11,4498
7,4499
2,4501
38,4503
40,4503
17,4505
59,4505
6,4506
58,4507
18,4509
8,4510
28,4511
3,4515
26,4515
5,4516
15,4516
4,4517
3,4521
56,4521
4,4524
55,4524
5,4525
4,4527
38,4527
12,4528
18,4529
36,4530
53,4537
40,4538
7,4541
17,4542
19,4542
37,4544
46,4547
58,4547
40,4548
33,4550
1,4551
37,4551
1,4552
2,4555
50,4556
58,4556
2,4557
1,4558
40,4558
54,4558
45,4560
42,4561
2,4563
39,4564
38,4566
46,4566
21,4567
31,4567
1,4569
8,4569
1,4570
2,4571
23,4572
30,4573
1,4575
2,4576
2,4577
17,4579
39,4579
40,4579
11,4580
14,4580
38,4580
30,4581
55,4581
44,4582
48,4582
13,4583
7,4585
23,4586
9,4587
30,4587
34,4588
3,4590
4,4591
17,4591
5,4594
40,4594
5,4599
51,4600
4,4602
3,4603
30,4603
9,4604
12,4605
56,4606
52,4608
21,4609
26,4610
21,4617
52,4617
14,4618
36,4618
41,4620
51,4621
3,4627
11,4629
1,4630
5,4632
10,4632
54,4632
2,4633
13,4633
1,4635
5,4635
1,4636
7,4636
15,4636
17,4636
41,4636
4,4637
2,4638
4,4638
45,4638
2,4639
3,4639
23,4639
48,4641
36,4643
46,4644
40,4645
43,4647
29,4650
55,4650
47,4651
51,4653
27,4654
41,4654
31,4655
12,4657
31,4658
22,4660
24,4660
3,4661
5,4666
5,4667
4,4668
40,4668
3,4669
26,4671
58,4672
51,4673
59,4673
31,4674
4,4675
47,4676
49,4676
49,4678
3,4680
4,4682
44,4683
53,4685
32,4686
59,4687
41,4688
50,4691
4,4692
3,4694
19,4694
5,4696
8,4696
32,4697
44,4697
5,4699
35,4699
22,4702
29,4702
52,4702
52,4704
9,4708
14,4709
33,4710
29,4711
3,4712
60,4713
5,4713
10,4713
32,4714
11,4717
23,4717
54,4719
4,4720
11,4720
18,4720
9,4721
58,4721
43,4722
3,4724
31,4724
41,4724
42,4724
4,4725
9,4725
14,4727
5,4728
27,4732
36,4735
1,4736
3,4736
1,4737
4,4737
2,4739
54,4739
2,4740
4,4740
5,4741
3,4742
1,4743
24,4743
34,4743
2,4744
5,4744
58,4746
31,4749
33,4752
12,4755
24,4758
51,4758
59,4760
57,4761
13,4763
11,4765
1,4766
32,4766
46,4767
19,4768
31,4771
1,4774
1,4775
2,4778
1,4779
2,4781
33,4781
38,4781
57,4782
55,4783
2,4784
21,4785
50,4786
6,4789
25,4791
58,4794
31,4795
51,4795
3,4796
5,4797
4,4799
55,4799
4,4800
33,4800
49,4800
7,4802
5,4803
3,4804
30,4804
54,4806
21,4807
40,4807
34,4809
51,4809
32,4811
40,4813
53,4813
55,4813
1,4816
22,4817
1,4818
51,4818
2,4819
1,4820
2,4821
59,4822
47,4823
2,4824
18,4824
38,4824
11,4825
59,4826
35,4827
12,4831
13,4832
39,4838
42,4842
19,4844
1,4845
6,4845
1,4846
2,4847
3,4847
53,4847
58,4847
60,4848
5,4849
60,4850
2,4850
4,4852
3,4853
12,4853
1,4854
4,4854
2,4857
54,4858
5,4859
49,4859
28,4867
47,4871
29,4872
38,4873
4,4874
32,4876
39,4876
7,4885
24,4887
25,4888
59,4888
39,4890
33,4892
1,4893
37,4893
1,4894
2,4898
13,4898
54,4898
2,4899
1,4900
46,4900
2,4901
8,4902
39,4902
3,4903
20,4903
15,4904
11,4906
18,4906
4,4907
4,4908
3,4909
10,4910
5,4911
5,4913
18,4913
28,4917
3,4919
5,4923
4,4924
14,4924
5,4925
7,4925
21,4925
3,4926
45,4926
2,4927
4,4927
58,4928
51,4929
13,4930
28,4930
1,4931
2,4932
1,4933
20,4933
1,4934
28,4934
56,4934
2,4935
2,4936
37,4936
39,4936
20,4938
45,4943
58,4943
46,4947
19,4948
10,4949
1,4951
1,4953
29,4953
2,4954
2,4955
1,4956
3,4956
2,4957
4,4957
5,4961
9,4962
3,4963
4,4964
5,4965
36,4966
18,4968
56,4968
30,4969
44,4969
1,4971
31,4971
10,4973
18,4973
1,4974
19,4974
47,4975
2,4976
2,4977
35,4977
14,4978
1,4982
2,4983
15,4983
52,4984
56,4984
17,4987
21,4987
60,4988
52,4994
59,4994
44,4995
31,4996
58,4996
36,4998
24,4999
38,5000
46,5000
9,5002
16,5002
3,5003
4,5004
3,5005
4,5006
5,5007
56,5008
59,5008
5,5009
34,5010
1,5013
56,5016
2,5017
28,5018
32,5018
1,5019
38,5020
40,5022
2,5023
11,5023
1,5024
59,5024
7,5025
2,5026
28,5028
18,5036
7,5038
27,5039
16,5041
38,5041
12,5042
38,5042
56,5042
19,5043
41,5043
25,5046
38,5051
52,5051
6,5052
17,5053
55,5055
32,5057
3,5059
4,5060
15,5060
17,5061
3,5062
4,5063
38,5064
5,5065
31,5065
56,5066
13,5067
5,5068
8,5070
14,5071
48,5073
1,5081
1,5082
60,5083
21,5083
2,5084
2,5085
1,5086
60,5087
52,5087
2,5088
54,5089
1,5090
7,5090
1,5091
2,5094
2,5095
1,5097
14,5097
30,5097
2,5099
3,5099
49,5099
52,5099
22,5101
5,5103
59,5103
5,5104
32,5106
4,5107
35,5108
3,5110
36,5111
4,5113
28,5116
22,5121
52,5121
12,5124
40,5124
49,5126
13,5127
17,5127
19,5127
42,5127
52,5128
21,5129
15,5130
41,5132
48,5132
30,5133
16,5137
45,5138
1,5139
51,5140
28,5141
32,5141
34,5141
40,5141
2,5142
4,5144
56,5144
1,5145
1,5146
2,5147
2,5148
35,5151
56,5151
26,5156
19,5160
2,5165
3,5166
4,5167
5,5169
46,5169
4,5170
8,5170
5,5171
38,5172
3,5173
3,5175
4,5176
51,5177
3,5179
15,5179
16,5180
4,5181
5,5182
38,5183
5,5184
50,5188
19,5192
3,5193
30,5193
4,5195
5,5197
40,5197
43,5197
12,5198
23,5199
5,5200
4,5201
23,5201
40,5201
3,5202
35,5203
26,5205
53,5205
10,5207
19,5209
10,5212
9,5214
8,5219
46,5220
1,5222
1,5223
2,5224
59,5224
17,5225
13,5226
1,5228
2,5229
18,5229
57,5229
49,5230
2,5231
16,5231
50,5233
1,5234
10,5235
32,5235
42,5235
13,5236
2,5239
28,5239
1,5241
1,5242
16,5243
2,5245
2,5247
47,5247
12,5248
51,5250
1,5251
19,5251
12,5252
18,5253
2,5255
1,5256
1,5257
2,5259
51,5259
2,5260
12,5261
36,5262
42,5262
27,5264
8,5265
35,5270
42,5270
30,5272
35,5274
8,5276
51,5277
59,5277
1,5279
43,5279
2,5280
1,5281
2,5282
60,5283
29,5283
1,5287
55,5287
2,5289
15,5289
27,5290
58,5291
3,5293
56,5293
4,5294
5,5295
4,5296
7,5296
5,5297
48,5298
19,5300
41,5300
55,5300
3,5302
7,5302
24,5302
36,5304
10,5305
38,5306
8,5308
26,5308
52,5308
7,5309
20,5309
1,5310
1,5311
51,5311
36,5312
52,5312
2,5313
52,5314
2,5315
3,5315
14,5316
1,5317
5,5318
43,5318
4,5319
3,5320
4,5321
41,5322
5,5323
2,5324
40,5325
44,5325
30,5333
33,5333
52,5333
3,5336
37,5336
38,5336
4,5338
5,5340
3,5342
20,5342
5,5343
25,5343
4,5344
22,5351
30,5353
6,5354
33,5354
55,5356
43,5358
1,5360
2,5361
1,5362
55,5367
1,5368
1,5369
36,5370
2,5371
18,5371
2,5372
6,5372
23,5372
44,5372
8,5375
38,5376
26,5381
39,5381
29,5388
39,5389
57,5391
56,5392
33,5395
42,5395
1,5396
55,5396
60,5397
1,5398
2,5399
1,5400
3,5400
13,5400
15,5400
2,5401
4,5401
48,5401
2,5402
11,5402
46,5402
48,5403
3,5404
15,5406
53,5406
5,5407
46,5407
14,5409
26,5409
5,5412
12,5413
1,5414
4,5415
20,5415
21,5415
2,5418
24,5418
1,5420
45,5420
2,5421
1,5422
2,5423
48,5428
59,5429
16,5431
28,5433
56,5434
29,5438
41,5438
14,5440
46,5440
33,5441
12,5442
24,5444
48,5445
8,5447
23,5448
21,5449
13,5452
1,5453
1,5454
33,5454
41,5454
48,5455
2,5456
3,5462
1,5463
4,5463
12,5463
5,5464
2,5465
5,5465
1,5466
4,5466
16,5466
2,5467
3,5468
20,5468
46,5469
6,5470
10,5471
3,5472
19,5472
4,5473
32,5473
51,5473
4,5474
7,5474
5,5475
12,5476
18,5477
27,5479
5,5480
3,5481
53,5481
10,5484
35,5487
54,5487
3,5488
12,5488
43,5488
52,5488
4,5489
38,5489
4,5490
9,5490
23,5492
5,5493
27,5493
3,5495
25,5495
22,5496
58,5496
5,5497
1,5498
47,5498
1,5501
13,5501
38,5501
49,5501
54,5501
2,5502
2,5504
46,5505
51,5505
1,5508
12,5508
16,5510
25,5514
14,5516
2,5517
35,5517
55,5517
40,5521
58,5521
5,5522
16,5522
58,5522
19,5524
18,5529
32,5529
45,5532
13,5534
53,5537
14,5538
38,5539
13,5540
27,5540
36,5541
54,5542
42,5545
24,5547
39,5547
54,5550
24,5551
44,5555
1,5557
2,5559
58,5559
1,5560
3,5560
47,5560
50,5560
1,5561
27,5561
2,5562
4,5562
3,5563
2,5566
5,5566
32,5566
13,5567
49,5567
20,5568
47,5568
4,5569
5,5570
3,5572
5,5574
17,5574
46,5574
4,5575
12,5575
31,5576
45,5577
3,5578
13,5579
17,5580
4,5581
44,5581
7,5582
12,5582
5,5585
45,5585
43,5586
1,5592
34,5592
1,5593
2,5595
47,5595
1,5596
2,5597
6,5597
2,5598
44,5599
46,5599
30,5600
3,5601
43,5601
5,5602
54,5602
5,5603
32,5606
4,5607
3,5609
4,5610
44,5612
5,5613
7,5614
33,5614
50,5615
18,5617
13,5618
37,5618
30,5621
37,5625
54,5625
6,5626
7,5627
3,5629
15,5629
5,5630
7,5630
38,5630
36,5631
4,5632
24,5633
25,5633
60,5634
3,5634
25,5635
5,5636
33,5636
4,5637
27,5639
35,5641
57,5647
60,5648
3,5652
5,5653
48,5653
5,5654
12,5655
4,5656
34,5656
3,5657
4,5658
25,5658
38,5659
14,5660
57,5660
7,5664
21,5667
35,5668
15,5672
27,5673
24,5675
56,5676
39,5677
35,5681
54,5681
29,5682
46,5682
31,5684
37,5685
49,5689
34,5691
46,5694
53,5694
10,5695
22,5695
46,5695
47,5696
13,5704
25,5706
51,5706
21,5711
33,5711
55,5712
45,5720
55,5720
49,5721
48,5723
18,5724
53,5724
29,5725
22,5726
30,5726
41,5727
45,5727
43,5734
1,5735
23,5736
1,5738
2,5739
1,5740
15,5740
60,5742
2,5743
48,5744
2,5747
1,5748
17,5748
2,5749
11,5749
49,5749
1,5750
1,5751
2,5752
26,5753
2,5754
25,5755
51,5755
59,5756
1,5757
49,5758
1,5759
27,5759
48,5762
7,5763
39,5765
2,5768
15,5768
28,5768
36,5768
2,5769
1,5770
7,5770
2,5772
3,5773
32,5776
55,5776
5,5777
59,5777
41,5779
5,5780
49,5780
4,5781
38,5781
3,5782
4,5783
33,5783
42,5785
22,5787
17,5789
57,5789
1,5790
11,5790
2,5791
1,5792
2,5793
1,5794
20,5794
14,5795
20,5795
14,5796
2,5797
14,5799
16,5803
3,5806
4,5807
28,5807
3,5808
4,5809
40,5810
5,5811
53,5811
5,5812
22,5815
1,5817
1,5818
2,5819
2,5822
2,5825
1,5826
3,5826
12,5827
13,5827
5,5829
48,5829
54,5829
4,5830
2,5831
25,5832
3,5833
4,5835
39,5835
60,5836
5,5836
39,5837
22,5838
48,5838
22,5839
20,5841
55,5841
59,5842
11,5845
33,5848
54,5848
44,5854
14,5857
3,5859
4,5860
22,5861
5,5862
3,5863
18,5864
30,5864
24,5865
4,5866
16,5868
19,5869
35,5869
25,5870
5,5872
55,5875
37,5877
20,5881
1,5882
2,5883
6,5884
46,5884
1,5885
1,5886
7,5886
54,5886
58,5886
2,5887
30,5887
2,5888
46,5888
3,5890
47,5890
4,5891
30,5892
5,5894
4,5895
5,5900
9,5900
23,5900
48,5900
3,5904
39,5904
3,5909
56,5909
4,5911
25,5911
60,5912
5,5913
43,5913
5,5914
3,5915
4,5916
41,5916
3,5917
9,5918
20,5918
4,5919
29,5921
3,5922
5,5923
38,5925
4,5927
5,5928
29,5928
53,5928
27,5929
44,5930
6,5932
33,5933
56,5933
60,5934
49,5936
58,5938
52,5939
7,5940
53,5941
51,5942
28,5944
8,5948
1,5954
2,5959
48,5959
31,5960
32,5960
10,5961
12,5962
50,5962
15,5963
14,5964
19,5964
19,5965
39,5965
1,5974
24,5976
18,5977
44,5977
8,5978
2,5980
9,5983
1,5984
2,5985
1,5988
9,5988
16,5988
2,5989
9,5990
52,5990
60,5998
49,6000
57,6000
31,6002
42,6002
31,6004
1,6005
42,6005
45,6005
2,6007
57,6010
36,6011
38,6012
3,6015
1,6016
4,6016
11,6016
13,6016
1,6017
55,6017
60,6020
3,6021
17,6021
9,6022
27,6022
4,6023
8,6023
2,6024
2,6025
5,6025
44,6025
5,6026
11,6030
52,6030
43,6033
49,6033
28,6034
14,6035
58,6038
10,6040
11,6040
3,6041
51,6042
5,6043
4,6045
16,6045
57,6045
5,6046
15,6046
28,6046
3,6047
4,6050
1,6058
9,6058
11,6058
49,6060
6,6061
2,6062
31,6062
53,6062
1,6063
1,6064
7,6064
18,6064
29,6064
39,6065
2,6066
2,6067
17,6067
21,6067
57,6070
36,6071
57,6072
11,6076
34,6077
8,6079
45,6079
41,6082
37,6083
44,6083
27,6084
6,6089
32,6090
31,6091
26,6093
26,6094
48,6097
6,6100
10,6100
19,6101
43,6101
50,6106
29,6107
6,6110
14,6110
44,6116
47,6116
41,6117
38,6120
7,6123
59,6130
54,6131
15,6132
53,6132
1,6133
38,6134
23,6135
2,6136
52,6139
1,6140
34,6141
40,6141
55,6141
2,6142
42,6144
1,6145
6,6145
13,6146
34,6146
44,6147
49,6147
2,6149
35,6149
24,6158
3,6159
1,6161
1,6162
28,6162
2,6163
14,6163
29,6163
2,6165
4,6165
57,6165
1,6166
5,6167
48,6167
2,6169
5,6169
4,6170
3,6171
50,6171
1,6172
3,6177
1,6179
4,6179
23,6179
2,6180
4,6181
29,6182
30,6183
39,6183
2,6184
5,6184
1,6186
3,6186
27,6186
5,6187
2,6188
35,6188
4,6189
48,6190
57,6190
27,6193
51,6193
15,6197
49,6200
31,6201
54,6202
27,6204
1,6206
15,6206
1,6207
2,6208
1,6209
10,6209
42,6209
2,6210
2,6211
21,6215
29,6215
37,6217
54,6217
16,6218
42,6224
7,6225
44,6227
30,6230
9,6233
45,6237
51,6237
33,6241
47,6242
59,6242
25,6244
12,6246
43,6248
15,6249
19,6249
40,6250
55,6250
55,6252
10,6253
3,6255
48,6255
7,6256
15,6257
5,6259
26,6259
44,6259
4,6261
39,6261
49,6261
54,6262
1,6263
25,6264
1,6265
2,6267
8,6267
1,6268
3,6268
33,6268
2,6269
2,6270
39,6270
5,6271
45,6271
57,6271
4,6272
30,6273
50,6274
43,6278
9,6279
17,6280
46,6280
20,6281
58,6282
13,6284
17,6284
23,6285
33,6288
41,6288
43,6288
11,6292
14,6292
3,6293
32,6293
4,6294
27,6294
4,6295
55,6295
17,6296
48,6296
5,6301
5,6302
8,6302
3,6303
8,6303
21,6305
18,6308
34,6319
46,6322
16,6324
10,6325
11,6326
26,6326
45,6327
3,6328
46,6328
26,6329
51,6333
25,6335
13,6336
54,6336
45,6343
51,6345
23,6347
26,6348
32,6353
6,6355
46,6357
16,6360
3,6361
5,6362
20,6362
4,6363
4,6365
5,6366
20,6367
37,6368
47,6369
3,6371
52,6373
20,6376
3,6377
7,6377
51,6377
60,6378
5,6378
27,6379
4,6380
46,6380
53,6380
3,6382
4,6383
25,6383
18,6384
47,6384
60,6385
47,6385
54,6388
4,6390
5,6390
16,6392
3,6393
4,6395
5,6398
21,6398
4,6401
42,6401
51,6401
5,6402
3,6404
24,6404
21,6407
28,6411
2,6412
31,6412
55,6414
1,6415
2,6419
13,6419
1,6420
20,6420
59,6420
2,6421
1,6423
49,6423
25,6424
2,6425
34,6426
37,6427
40,6428
39,6429
12,6430
10,6431
3,6434
43,6436
5,6437
5,6438
59,6439
4,6442
18,6442
3,6446
23,6446
4,6447
31,6448
54,6449
22,6451
9,6454
52,6454
3,6457
45,6457
28,6459
3,6460
41,6462
5,6463
33,6463
4,6464
4,6465
52,6465
58,6466
53,6468
3,6469
5,6471
15,6472
28,6472
14,6473
11,6475
33,6475
36,6475
33,6478
13,6481
1,6482
2,6484
9,6484
1,6485
39,6485
21,6486
14,6487
2,6488
28,6490
1,6492
10,6492
48,6492
2,6494
11,6494
44,6505
54,6505
19,6506
32,6510
36,6510
45,6511
1,6513
35,6513
45,6513
2,6514
1,6515
34,6515
1,6516
36,6517
2,6520
52,6520
58,6520
27,6521
2,6522
17,6526
14,6528
38,6528
60,6530
8,6531
37,6531
12,6532
57,6535
7,6536
37,6536
56,6537
28,6544
33,6546
27,6550
28,6551
23,6552
22,6553
37,6554
1,6555
2,6555
55,6555
1,6556
19,6556
27,6556
46,6557
2,6558
57,6558
2,6559
15,6559
33,6559
1,6560
2,6561
7,6561
46,6562
58,6562
50,6563
13,6565
40,6565
49,6566
55,6566
60,6567
19,6569
48,6575
21,6576
39,6582
46,6583
37,6585
56,6585
40,6586
42,6587
41,6589
38,6590
23,6591
33,6591
6,6592
48,6592
48,6595
1,6598
1,6602
2,6603
12,6604
1,6605
2,6608
46,6609
20,6610
2,6611
3,6612
5,6614
53,6614
1,6615
1,6616
4,6616
15,6616
19,6616
3,6617
2,6618
4,6618
2,6620
34,6621
5,6622
1,6624
52,6624
19,6627
2,6628
12,6631
50,6631
58,6631
52,6632
29,6635
40,6635
3,6640
5,6641
11,6641
37,6641
4,6642
42,6642
3,6643
51,6643
5,6645
40,6645
4,6646
11,6646
26,6646
5,6649
25,6650
56,6650
36,6651
51,6653
60,6654
17,6654
46,6655
33,6657
10,6662
38,6666
12,6667
29,6667
35,6667
35,6668
54,6670
26,6675
57,6675
33,6678
19,6682
8,6684
15,6684
18,6684
9,6685
34,6687
3,6691
31,6692
4,6693
5,6694
12,6695
4,6697
32,6697
37,6697
30,6698
7,6699
21,6699
3,6700
41,6700
5,6701
26,6701
54,6701
23,6703
33,6703
16,6704
21,6705
15,6706
54,6707
32,6708
58,6710
41,6712
11,6715
23,6718
1,6723
1,6724
2,6725
1,6727
54,6727
2,6728
2,6729
50,6729
45,6730
3,6732
5,6734
33,6734
5,6736
11,6737
21,6737
1,6738
4,6738
18,6738
28,6738
36,6738
57,6738
57,6740
1,6741
51,6741
3,6742
59,6742
4,6745
2,6747
34,6747
58,6748
44,6749
1,6750
2,6751
41,6751
2,6756
26,6758
46,6759
25,6760
16,6762
47,6763
3,6765
8,6765
1,6766
2,6767
5,6767
17,6767
1,6768
2,6769
5,6769
18,6769
43,6770
1,6771
42,6771
2,6772
4,6773
4,6774
3,6776
13,6776
18,6776
30,6776
7,6777
15,6779
43,6781
13,6783
34,6783
11,6784
20,6784
58,6784
56,6785
15,6786
23,6786
37,6786
24,6790
29,6793
44,6794
36,6796
21,6800
51,6803
1,6805
54,6805
34,6806
25,6807
2,6809
18,6811
1,6812
49,6812
1,6813
2,6815
38,6815
2,6816
53,6816
1,6817
1,6818
9,6818
52,6819
2,6820
41,6821
1,6822
44,6822
31,6823
2,6824
2,6826
6,6826
12,6827
18,6828
24,6828
34,6830
48,6830
41,6832
38,6833
3,6835
4,6836
4,6837
21,6838
5,6839
3,6840
5,6841
22,6843
50,6844
14,6845
54,6845
56,6847
34,6850
49,6852
35,6853
17,6855
51,6855
35,6861
44,6862
19,6863
28,6865
46,6865
3,6867
27,6868
4,6870
4,6872
3,6875
16,6876
60,6878
5,6878
5,6879
47,6886
52,6886
58,6887
35,6888
60,6889
35,6891
16,6893
40,6893
13,6894
2,6896
18,6898
49,6898
57,6899
23,6904
28,6904
9,6906
23,6908
23,6910
1,6913
1,6915
18,6915
45,6915
51,6916
2,6917
14,6917
47,6917
1,6918
42,6918
30,6919
17,6920
2,6921
21,6921
27,6922
2,6923
28,6927
11,6928
25,6928
10,6929
51,6929
34,6932
43,6932
1,6934
1,6936
29,6936
43,6937
2,6938
14,6938
1,6939
25,6939
60,6940
2,6940
36,6940
2,6943
26,6945
5,6946
22,6947
44,6947
55,6947
1,6948
2,6949
14,6950
48,6950
1,6952
35,6952
50,6952
50,6953
1,6954
2,6958
2,6961
10,6962
20,6964
13,6965
23,6967
22,6969
1,6970
50,6971
1,6972
2,6973
2,6974
13,6974
1,6975
30,6975
52,6975
29,6976
2,6977
31,6978
38,6978
11,6980
12,6980
54,6980
1,6982
1,6985
2,6986
44,6986
56,6986
54,6987
2,6988
8,6988
55,6990
1,6991
46,6991
34,6992
2,6994
27,6996
11,6997
1,7001
2,7004
43,7004
1,7005
52,7005
12,7007
53,7007
23,7009
1,7010
2,7011
33,7011
40,7011
44,7012
2,7013
35,7013
3,7015
28,7015
32,7015
4,7016
5,7017
5,7018
3,7019
26,7019
16,7020
4,7022
59,7025
60,7029
34,7034
32,7037
47,7037
50,7039
14,7041
49,7042
19,7043
36,7046
14,7048
40,7048
59,7048
54,7049
59,7054
60,7059
23,7059
1,7061
2,7062
41,7062
1,7063
1,7065
21,7066
49,7066
2,7067
2,7068
54,7069
42,7070
54,7071
15,7072
37,7072
40,7072
34,7073
13,7077
20,7077
26,7078
21,7083
28,7085
4,7086
42,7086
55,7087
33,7088
60,7089
39,7089
57,7089
56,7090
30,7091
13,7092
12,7093
25,7095
3,7100
41,7100
5,7103
57,7103
56,7104
4,7105
24,7105
4,7107
5,7108
8,7109
13,7109
24,7109
43,7109
3,7110
3,7111
4,7112
5,7113
30,7114
26,7115
41,7116
1,7117
2,7118
5,7119
22,7119
1,7120
3,7120
55,7120
4,7121
2,7123
1,7124
22,7124
36,7124
24,7125
2,7126
17,7127
53,7129
5,7130
19,7130
3,7134
18,7134
38,7138
13,7139
43,7139
52,7140
54,7142
47,7147
27,7148
15,7150
49,7150
51,7151
58,7152
11,7153
40,7157
24,7158
55,7158
48,7161
34,7163
46,7163
13,7167
7,7168
19,7168
46,7168
28,7169
42,7169
52,7169
38,7171
46,7173
58,7173
53,7174
58,7174
17,7176
54,7176
50,7177
1,7179
1,7180
2,7181
1,7182
47,7182
40,7183
50,7183
2,7184
14,7184
2,7185
51,7186
15,7187
41,7187
56,7189
48,7193
33,7194
44,7195
33,7196
14,7197
18,7197
57,7197
54,7198
19,7199
20,7200
45,7200
50,7200
29,7208
60,7209
50,7209
59,7211
60,7213
28,7213
7,7215
17,7217
49,7217
30,7218
27,7222
41,7222
8,7223
30,7223
10,7231
1,7232
2,7233
1,7235
1,7239
56,7239
30,7241
2,7242
30,7243
2,7245
1,7246
18,7246
1,7247
8,7247
2,7248
13,7249
57,7249
2,7251
8,7252
10,7252
7,7253
14,7253
1,7254
2,7255
6,7258
51,7261
58,7262
35,7265
37,7265
54,7266
9,7272
29,7272
34,7276
10,7277
32,7281
36,7281
15,7282
50,7282
53,7283
3,7286
26,7287
18,7290
4,7291
58,7292
37,7293
5,7294
25,7294
35,7294
3,7295
51,7296
33,7297
4,7298
5,7299
14,7300
52,7300
22,7303
39,7303
28,7307
31,7310
56,7310
7,7313
28,7315
58,7317
41,7319
43,7321
19,7322
38,7322
24,7326
20,7331
48,7331
52,7332
32,7337
3,7338
8,7339
37,7339
5,7341
4,7343
30,7343
38,7343
5,7344
35,7346
4,7348
48,7348
3,7349
38,7349
49,7352
60,7354
60,7356
29,7356
30,7356
50,7356
38,7358
59,7359
50,7360
10,7366
18,7369
41,7369
27,7378
3,7380
47,7380
4,7381
5,7383
3,7384
5,7386
14,7386
4,7389
52,7390
50,7391
6,7393
37,7396
32,7397
58,7397
31,7398
23,7403
17,7406
25,7406
29,7406
28,7407
23,7411
28,7412
1,7414
32,7414
52,7414
2,7415
16,7415
21,7416
56,7416
1,7417
9,7417
1,7418
42,7418
45,7419
3,7420
23,7420
26,7420
2,7421
2,7422
4,7422
5,7423
19,7423
45,7423
5,7424
3,7425
4,7426
13,7427
21,7428
51,7429
48,7430
42,7431
3,7434
18,7434
50,7434
29,7445
24,7450
38,7450
3,7453
27,7454
51,7455
4,7456
16,7456
43,7456
25,7457
26,7458
44,7458
3,7459
4,7460
5,7461
5,7464
32,7465
47,7465
15,7466
47,7468
56,7468
47,7470
15,7471
29,7473
32,7473
29,7474
38,7474
54,7474
3,7475
1,7476
24,7476
4,7477
1,7478
5,7478
2,7479
29,7479
50,7479
3,7480
5,7481
4,7482
1,7483
2,7484
9,7484
2,7485
9,7487
27,7488
36,7488
47,7488
17,7492
14,7494
1,7497
15,7497
2,7498
24,7499
1,7500
2,7501
14,7501
1,7502
38,7502
2,7503
40,7503
32,7504
30,7505
17,7506
40,7506
26,7508
36,7509
43,7509
47,7509
13,7510
3,7514
5,7518
55,7519
4,7522
3,7523
4,7524
16,7524
8,7525
33,7525
5,7526
39,7526
55,7527
60,7531
16,7531
25,7532
6,7533
16,7534
18,7535
29,7535
23,7538
25,7538
52,7539
37,7543
40,7543
8,7544
57,7546
33,7549
43,7549
13,7552
39,7556
41,7557
55,7557
60,7558
3,7558
56,7559
5,7560
6,7560
8,7561
1,7562
2,7563
4,7563
3,7564
1,7565
5,7565
2,7566
9,7566
1,7567
4,7567
13,7567
29,7567
56,7567
2,7568
17,7570
53,7571
23,7576
3,7577
41,7578
5,7579
33,7579
1,7580
4,7582
2,7583
5,7583
1,7584
3,7585
1,7586
2,7587
2,7588
8,7588
4,7589
15,7591
17,7591
57,7591
29,7593
35,7594
45,7595
31,7597
3,7599
9,7599
4,7600
5,7601
5,7603
4,7604
14,7604
18,7605
3,7607
39,7608
52,7610
22,7611
1,7612
2,7613
38,7613
1,7614
3,7617
4,7618
1,7619
3,7619
37,7619
5,7620
59,7620
13,7621
2,7622
49,7622
57,7622
2,7623
32,7623
41,7623
4,7624
10,7624
34,7625
52,7626
5,7628
37,7632
49,7632
3,7635
28,7637
48,7637
53,7638
10,7639
16,7641
52,7642
21,7644
20,7649
21,7650
44,7653
60,7654
5,7656
8,7657
17,7657
26,7657
40,7659
56,7659
14,7663
21,7664
38,7664
35,7668
58,7670
12,7673
25,7673
23,7675
1,7678
2,7680
1,7681
1,7682
2,7684
35,7684
2,7685
46,7686
50,7686
19,7687
58,7690
52,7691
39,7692
10,7694
13,7701
14,7701
23,7703
11,7704
52,7704
1,7710
1,7713
11,7713
42,7713
2,7714
1,7715
43,7715
47,7715
26,7716
35,7718
2,7720
8,7721
2,7722
58,7722
13,7724
1,7728
53,7728
1,7729
2,7730
42,7732
1,7733
2,7735
59,7735
2,7736
25,7736
60,7737
21,7737
29,7737
55,7739
59,7740
20,7747
59,7748
57,7749
55,7750
32,7758
1,7759
10,7760
44,7760
52,7761
2,7763
18,7764
1,7765
1,7766
2,7769
3,7769
29,7769
42,7769
55,7769
4,7770
2,7771
5,7771
4,7772
5,7773
28,7773
6,7774
10,7774
28,7775
3,7776
14,7777
37,7777
53,7777
19,7778
14,7780
25,7781
33,7781
36,7782
1,7790
38,7790
41,7791
1,7792
6,7792
2,7794
2,7795
21,7795
45,7795
1,7796
2,7797
12,7799
32,7801
31,7805
51,7806
1,7808
59,7810
2,7813
1,7814
1,7815
2,7816
14,7816
2,7817
41,7817
13,7818
52,7818
60,7820
38,7822
44,7822
31,7824
14,7825
15,7826
51,7826
28,7831
36,7831
60,7834
27,7836
42,7842
1,7844
34,7845
1,7848
2,7850
3,7852
1,7853
5,7853
27,7854
35,7854
2,7855
7,7855
14,7855
39,7855
4,7856
2,7857
5,7857
40,7857
4,7861
23,7861
28,7861
36,7862
53,7862
3,7863
35,7863
51,7864
22,7866
24,7867
21,7868
19,7869
20,7869
1,7870
42,7870
1,7873
2,7875
2,7876
27,7876
1,7879
2,7881
37,7881
41,7881
37,7882
54,7883
60,7884
1,7887
1,7891
38,7892
3,7894
41,7894
4,7895
28,7895
53,7895
2,7896
25,7898
1,7899
5,7899
31,7899
18,7900
3,7901
14,7901
36,7901
52,7901
2,7902
2,7903
4,7903
60,7904
5,7904
38,7909
47,7910
1,7911
48,7911
33,7912
52,7912
45,7913
53,7913
2,7915
58,7915
1,7918
59,7920
1,7922
2,7923
9,7923
25,7923
3,7924
45,7924
5,7925
60,7927
2,7927
5,7928
6,7929
21,7930
29,7930
4,7932
23,7934
4,7936
40,7936
49,7936
3,7937
12,7937
15,7939
1,7942
2,7944
14,7945
1,7946
17,7947
1,7948
16,7948
42,7949
2,7950
2,7951
26,7953
31,7953
54,7953
18,7955
46,7959
48,7959
10,7962
30,7963
14,7964
12,7965
49,7968
7,7971
41,7971
54,7971
47,7973
1,7974
1,7976
26,7976
3,7977
4,7977
17,7977
32,7977
46,7977
4,7978
5,7979
50,7979
5,7980
52,7980
4,7981
3,7982
2,7983
31,7983
2,7984
20,7984
42,7984
1,7987
33,7989
2,7990
20,7990
17,7994
8,7996
34,7997
11,7998
55,7999
30,8001
34,8003
47,8003
28,8005
29,8005
57,8005
59,8006
9,8010
34,8010
11,8012
38,8013
57,8013
17,8015
58,8015
3,8016
5,8017
4,8018
5,8020
6,8020
4,8021
3,8022
39,8023
7,8024
42,8024
44,8024
29,8025
34,8025
10,8029
12,8030
15,8030
38,8031
52,8031
45,8034
41,8036
12,8037
51,8038
6,8039
12,8042
52,8042
44,8046
22,8047
26,8047
32,8047
54,8049
29,8052
28,8055
51,8055
7,8058
50,8065
37,8067
1,8068
29,8068
47,8068
2,8069
1,8071
34,8071
53,8071
2,8072
58,8072
1,8074
2,8075
10,8076
20,8077
34,8077
41,8077
55,8080
26,8081
3,8083
10,8083
39,8083
4,8084
5,8085
28,8086
43,8086
1,8090
2,8091
4,8091
5,8092
1,8094
3,8094
2,8098
31,8098
1,8099
29,8099
2,8101
30,8101
14,8103
14,8106
3,8107
55,8107
6,8108
16,8108
4,8109
12,8110
15,8110
5,8112
5,8113
4,8116
47,8116
3,8118
40,8118
33,8119
27,8120
3,8124
59,8125
11,8128
44,8129
14,8133
34,8134
38,8137
48,8138
42,8139
19,8141
23,8141
26,8141
42,8143
56,8143
56,8146
11,8149
53,8152
19,8153
30,8157
39,8159
22,8162
58,8163
17,8165
27,8165
48,8167
45,8173
51,8173
6,8175
41,8175
44,8177
15,8179
40,8185
31,8186
28,8187
43,8189
15,8190
13,8192
24,8192
3,8198
40,8199
49,8199
5,8201
4,8202
43,8203
44,8204
34,8205
4,8206
22,8207
5,8209
6,8210
3,8211
12,8211
34,8212
33,8214
13,8215
25,8221
27,8221
37,8221
54,8222
52,8223
16,8224
29,8224
27,8226
32,8226
31,8229
60,8233
16,8236
23,8237
34,8237
24,8238
47,8243
11,8245
23,8250
56,8251
1,8252
1,8253
2,8254
3,8254
17,8254
42,8254
4,8255
43,8256
2,8257
48,8257
55,8257
1,8258
5,8258
2,8260
23,8260
5,8261
11,8261
3,8262
42,8262
22,8263
42,8263
4,8264
29,8265
8,8268
54,8268
22,8270
60,8272
57,8273
6,8278
11,8281
51,8281
28,8285
17,8289
41,8289
47,8289
46,8292
22,8293
43,8294
3,8295
26,8295
18,8297
20,8297
4,8298
4,8299
5,8300
31,8300
5,8302
3,8303
25,8306
42,8306
6,8308
39,8308
15,8311
3,8314
11,8314
4,8315
31,8317
5,8318
4,8320
51,8320
21,8321
1,8324
15,8324
3,8325
33,8325
1,8326
5,8326
35,8326
44,8326
48,8326
2,8327
53,8328
41,8330
1,8331
2,8332
19,8334
30,8334
56,8335
16,8336
2,8337
33,8337
40,8339
43,8341
39,8342
40,8345
59,8345
21,8346
20,8348
26,8349
48,8349
54,8359
49,8360
3,8368
46,8368
5,8369
4,8370
10,8370
5,8371
40,8371
3,8372
4,8373
42,8374
34,8376
33,8377
38,8378
40,8381
14,8387
23,8387
1,8388
2,8389
1,8390
12,8391
13,8391
2,8392
1,8394
48,8394
37,8396
13,8397
2,8399
55,8400
1,8401
1,8403
23,8405
2,8406
10,8406
1,8407
2,8408
2,8409
7,8409
25,8409
22,8411
41,8413
48,8415
49,8415
17,8416
30,8417
36,8420
41,8420
2,8428
52,8428
16,8429
33,8430
59,8430
10,8432
29,8434
39,8438
54,8438
1,8439
16,8440
1,8442
2,8443
2,8445
40,8445
1,8446
2,8447
54,8449
1,8451
34,8451
46,8451
1,8453
3,8454
13,8455
2,8456
4,8457
2,8458
15,8458
1,8459
3,8459
2,8462
5,8464
5,8468
7,8468
4,8471
34,8472
4,8474
56,8474
15,8476
26,8477
51,8483
17,8484
26,8485
46,8490
18,8491
31,8493
46,8493
50,8494
9,8495
12,8501
3,8506
6,8507
30,8507
5,8509
4,8510
44,8511
5,8512
23,8512
34,8512
28,8513
24,8514
3,8515
40,8515
12,8518
26,8519
57,8519
4,8520
8,8522
23,8524
49,8524
37,8527
56,8528
21,8531
33,8531
23,8532
48,8534
20,8535
33,8535
3,8539
28,8539
12,8541
17,8541
3,8542
12,8542
4,8546
37,8546
38,8546
42,8546
5,8547
3,8548
5,8549
35,8549
4,8550
60,8553
57,8554
27,8560
52,8560
54,8566
1,8569
3,8569
2,8570
1,8571
5,8571
1,8572
5,8572
2,8573
46,8573
4,8575
3,8576
13,8578
29,8578
2,8579
36,8579
52,8579
17,8580
56,8580
4,8581
18,8582
38,8582
43,8583
60,8584
24,8584
41,8590
47,8590
6,8594
25,8595
44,8599
2,8601
18,8603
48,8604
54,8604
52,8606
56,8606
2,8609
33,8611
24,8612
59,8613
36,8614
47,8616
44,8619
33,8622
34,8622
48,8622
3,8626
53,8628
4,8629
4,8630
5,8631
53,8631
3,8633
25,8633
5,8634
59,8640
11,8642
34,8643
34,8644
13,8645
1,8647
19,8647
26,8647
2,8648
1,8649
1,8650
10,8650
58,8651
2,8652
6,8652
2,8653
22,8654
1,8655
14,8655
2,8656
52,8657
1,8660
40,8660
2,8661
13,8661
32,8661
1,8663
27,8664
35,8664
38,8664
2,8666
37,8666
48,8666
50,8667
3,8669
4,8671
35,8671
5,8672
3,8673
3,8674
34,8675
37,8675
21,8682
3,8683
5,8683
4,8684
58,8685
1,8687
57,8689
2,8690
28,8690
1,8691
1,8692
2,8693
2,8694
24,8695
43,8697
56,8697
23,8699
49,8702
58,8702
30,8703
3,8704
5,8705
43,8707
4,8708
13,8708
30,8708
4,8714
3,8717
28,8718
44,8718
5,8719
10,8723
54,8727
47,8728
1,8730
2,8731
35,8732
6,8733
11,8735
1,8736
58,8737
3,8738
1,8740
2,8741
8,8741
31,8741
36,8741
2,8742
4,8743
5,8744
4,8746
33,8747
3,8748
53,8748
5,8749
52,8751
13,8752
1,8753
59,8753
1,8755
28,8755
2,8757
13,8757
10,8758
1,8759
17,8759
2,8760
7,8760
59,8761
2,8762
32,8762
3,8768
56,8769
12,8770
5,8771
4,8772
47,8773
5,8774
42,8774
4,8776
11,8776
3,8777
44,8782
15,8792
27,8793
24,8794
40,8795
57,8795
15,8799
10,8801
3,8802
6,8802
5,8803
4,8804
3,8805
16,8806
38,8806
5,8807
39,8807
25,8808
4,8810
43,8810
52,8810
59,8810
3,8811
32,8813
33,8813
11,8814
37,8817
57,8817
1,8818
11,8818
59,8819
3,8820
2,8821
4,8821
7,8821
43,8821
4,8823
51,8823
1,8824
1,8826
2,8827
14,8827
2,8828
14,8828
29,8828
1,8829
2,8830
46,8830
1,8832
19,8832
5,8834
36,8834
1,8835
5,8835
2,8836
3,8836
14,8836
25,8837
18,8839
20,8841
22,8841
2,8842
39,8844
27,8849
44,8853
4,8854
38,8855
47,8855
3,8856
29,8857
1,8858
2,8859
5,8859
1,8860
5,8860
2,8861
4,8861
6,8861
3,8862
40,8862
37,8863
1,8864
2,8865
20,8866
30,8866
8,8867
4,8868
32,8868
37,8870
56,8871
18,8872
54,8872
45,8873
55,8874
27,8878
58,8880
50,8884
39,8886
48,8887
32,8888
33,8888
42,8888
17,8893
22,8897
42,8897
10,8901
24,8901
28,8901
41,8903
37,8904
54,8906
25,8915
13,8916
33,8917
11,8918
19,8918
29,8920
9,8922
55,8922
41,8923
31,8924
30,8926
54,8928
34,8929
59,8930
20,8932
28,8932
48,8934
42,8937
32,8938
59,8949
48,8950
46,8953
1,8958
1,8963
2,8968
38,8969
41,8969
1,8971
2,8973
26,8974
2,8975
34,8975
59,8976
8,8977
59,8977
40,8979
6,8984
30,8987
1,8988
14,8988
1,8989
24,8989
35,8990
60,8991
2,8991
42,8993
13,8994
2,8996
19,8997
24,8997
1,8998
2,8999
3,8999
4,9000
5,9001
5,9004
52,9004
1,9005
4,9005
15,9005
46,9005
58,9005
2,9006
8,9006
18,9006
16,9007
32,9007
1,9009
3,9011
14,9012
7,9013
40,9013
2,9014
37,9014
1,9016
2,9019
1,9020
22,9020
9,9021
55,9021
56,9021
1,9023
39,9024
2,9025
57,9025
24,9026
43,9027
2,9028
1,9030
2,9031
3,9033
34,9034
5,9035
4,9037
28,9037
5,9038
3,9044
4,9045
19,9045
49,9045
37,9047
26,9048
50,9050
20,9051
27,9052
36,9052
43,9052
45,9055
24,9058
4,9059
51,9060
24,9062
30,9063
31,9064
16,9065
14,9066
41,9068
48,9068
22,9070
46,9071
17,9073
58,9073
3,9074
35,9074
5,9075
5,9077
4,9078
51,9078
7,9080
3,9081
4,9082
29,9085
1,9090
48,9090
57,9090
2,9091
6,9093
33,9095
1,9097
60,9098
1,9098
8,9098
7,9099
50,9099
2,9100
2,9102
30,9102
48,9103
9,9104
3,9105
5,9106
4,9107
22,9107
4,9108
43,9108
25,9109
12,9113
54,9116
59,9118
5,9121
9,9121
3,9122
17,9123
44,9128
14,9129
31,9132
49,9134
57,9134
51,9135
55,9137
13,9138
11,9139
54,9142
40,9143
16,9149
35,9149
7,9150
26,9150
51,9150
40,9153
41,9157
58,9157
1,9158
52,9158
1,9159
2,9161
2,9162
14,9162
3,9164
34,9164
1,9165
5,9165
33,9165
38,9165
2,9166
4,9166
5,9167
37,9167
4,9168
3,9169
58,9170
26,9173
7,9175
58,9175
44,9176
8,9180
58,9181
29,9184
12,9185
13,9186
30,9191
35,9191
45,9191
6,9193
39,9195
6,9197
18,9197
36,9197
1,9198
33,9198
2,9199
1,9202
9,9203
22,9204
57,9205
1,9206
8,9206
2,9208
14,9208
48,9208
20,9209
37,9209
2,9212
18,9215
47,9216
20,9217
18,9218
39,9218
25,9219
3,9224
5,9225
24,9225
4,9226
5,9227
3,9228
40,9228
15,9230
21,9231
33,9231
4,9235
9,9238
52,9239
9,9240
27,9240
13,9246
27,9248
14,9250
48,9250
3,9251
7,9251
36,9253
49,9253
54,9253
24,9254
23,9258
4,9261
47,9261
5,9262
58,9262
4,9265
3,9267
5,9268
10,9271
58,9273
32,9276
19,9281
58,9282
60,9285
1,9291
2,9292
16,9292
21,9292
39,9292
1,9294
1,9295
2,9296
2,9297
19,9300
12,9301
14,9303
32,9306
46,9312
53,9312
58,9313
26,9314
59,9315
59,9318
3,9319
16,9319
4,9321
13,9321
51,9321
5,9322
50,9322
60,9324
5,9326
40,9326
13,9327
53,9327
3,9328
22,9328
4,9329
3,9330
56,9330
5,9331
4,9332
42,9332
4,9333
15,9333
1,9335
3,9335
49,9335
55,9335
59,9336
2,9337
5,9337
24,9337
1,9338
2,9339
3,9340
1,9341
2,9343
41,9343
5,9348
4,9349
32,9349
5,9351
3,9353
19,9353
4,9354
3,9355
4,9356
10,9357
18,9359
28,9361
1,9364
3,9364
1,9365
4,9365
5,9366
21,9366
46,9366
2,9367
5,9367
2,9368
1,9370
2,9371
3,9371
26,9371
32,9371
36,9371
22,9372
25,9372
35,9372
12,9373
23,9373
5,9374
12,9374
4,9376
35,9376
57,9377
3,9378
56,9378
5,9379
34,9380
46,9380
17,9382
4,9383
9,9384
39,9385
59,9385
10,9389
24,9389
12,9394
14,9394
22,9396
28,9397
28,9402
46,9402
43,9406
37,9407
16,9408
19,9410
20,9410
7,9415
22,9415
43,9415
48,9419
1,9427
2,9428
20,9430
1,9431
6,9432
53,9433
1,9434
11,9434
40,9434
14,9436
2,9439
50,9440
2,9443
54,9443
17,9445
38,9446
27,9451
34,9453
55,9453
12,9455
9,9456
23,9456
47,9458
9,9463
20,9466
56,9466
3,9467
4,9468
3,9469
15,9469
4,9470
7,9470
14,9470
5,9473
18,9473
59,9473
38,9474
49,9475
56,9475
5,9477
17,9477
45,9477
47,9478
22,9479
16,9480
56,9482
23,9483
32,9487
16,9488
14,9489
37,9490
48,9492
42,9494
19,9495
14,9497
51,9498
30,9499
51,9499
3,9500
5,9501
5,9502
6,9502
46,9503
4,9504
28,9504
4,9505
1,9508
3,9508
20,9509
50,9509
3,9512
2,9513
4,9513
2,9514
5,9514
16,9514
1,9515
5,9516
1,9517
2,9518
33,9518
3,9521
5,9522
2,9523
4,9523
22,9524
15,9526
56,9528
59,9528
11,9533
5,9535
43,9540
59,9543
12,9544
60,9546
23,9547
3,9548
4,9549
48,9550
3,9552
4,9553
5,9554
5,9556
23,9559
43,9559
56,9560
27,9562
20,9563
40,9563
47,9564
4,9565
9,9565
48,9565
30,9566
2,9569
14,9570
59,9571
33,9572
18,9577
31,9577
36,9579
38,9579
3,9580
58,9580
5,9581
4,9582
21,9582
36,9582
14,9583
26,9584
3,9585
33,9585
41,9586
5,9587
36,9587
30,9588
21,9589
4,9590
54,9592
11,9596
56,9596
41,9598
52,9598
3,9600
4,9601
5,9602
41,9604
3,9605
5,9606
50,9606
58,9607
4,9608
60,9609
50,9609
34,9611
34,9617
56,9620
3,9621
33,9621
59,9621
39,9622
5,9624
21,9625
5,9626
52,9626
55,9626
57,9626
4,9627
14,9627
27,9627
35,9628
16,9629
4,9630
3,9632
41,9632
42,9633
33,9634
42,9634
52,9634
15,9638
33,9638
42,9639
1,9643
42,9643
22,9644
2,9645
60,9646
14,9646
18,9649
1,9650
2,9651
26,9651
55,9652
58,9653
1,9654
2,9655
28,9655
19,9656
43,9657
49,9658
3,9659
20,9661
4,9662
46,9663
53,9664
26,9665
3,9666
4,9668
8,9669
47,9669
5,9670
35,9670
5,9671
13,9671
12,9674
38,9674
8,9675
9,9675
42,9675
25,9677
24,9679
3,9681
5,9683
46,9683
31,9684
34,9684
59,9688
4,9690
5,9692
4,9693
51,9693
3,9694
58,9694
20,9695
49,9697
1,9698
9,9698
57,9698
2,9699
32,9699
1,9700
18,9700
2,9703
1,9705
14,9705
2,9706
30,9708
32,9708
24,9715
40,9715
21,9716
1,9717
34,9717
56,9717
36,9718
52,9718
2,9719
33,9719
43,9719
1,9720
53,9720
1,9721
2,9722
3,9725
49,9725
2,9726
28,9726
5,9727
28,9727
51,9727
32,9728
5,9730
4,9736
11,9736
4,9737
3,9738
47,9738
36,9740
46,9743
53,9744
58,9744
59,9750
1,9751
35,9751
15,9752
2,9754
52,9755
1,9756
58,9756
22,9757
53,9757
2,9758
1,9759
2,9760
18,9761
58,9761
1,9764
44,9764
36,9768
2,9770
1,9771
6,9771
1,9772
9,9772
37,9772
60,9773
2,9776
2,9777
31,9777
48,9779
57,9782
29,9783
39,9784
59,9784
6,9785
20,9787
39,9787
22,9788
43,9789
20,9795
6,9797
30,9800
11,9803
32,9805
48,9805
1,9807
1,9808
2,9809
40,9809
18,9812
1,9813
21,9813
2,9814
2,9817
16,9817
3,9820
4,9821
5,9823
45,9823
4,9824
18,9826
44,9826
3,9828
22,9832
59,9832
5,9834
11,9836
30,9840
49,9841
54,9841
54,9842
9,9843
39,9847
30,9848
28,9852
9,9854
53,9857
31,9860
3,9862
5,9863
19,9863
18,9864
9,9866
5,9867
24,9867
4,9868
42,9868
4,9869
58,9870
34,9872
40,9872
3,9873
21,9873
9,9874
55,9875
54,9876
10,9877
15,9879
50,9879
56,9879
13,9880
26,9880
39,9880
56,9881
15,9882
50,9884
58,9884
60,9885
44,9887
48,9888
1,9889
25,9889
33,9889
9,9891
49,9891
1,9892
59,9892
2,9893
1,9895
3,9895
45,9895
4,9896
2,9897
3,9897
17,9897
2,9898
4,9899
21,9899
5,9900
14,9902
5,9904
54,9904
16,9908
39,9909
3,9911
4,9912
25,9913
43,9913
33,9914
55,9914
5,9915
37,9915
3,9916
4,9917
5,9918
20,9919
17,9920
27,9921
10,9922
17,9922
5,9926
44,9926
56,9927
58,9932
11,9933
48,9933
54,9933
22,9935
8,9941
11,9941
42,9941
58,9941
12,9942
38,9943
26,9945
38,9945
50,9947
36,9948
39,9949
49,9949
21,9950
5,9951
6,9951
19,9951
38,9951
41,9951
50,9951
49,9954
21,9956
7,9959
22,9959
31,9962
43,9962
43,9963
38,9965
38,9967
19,9968
26,9968
37,9970
19,9971
15,9980
55,9981
13,9984
52,9985
1,9987
58,9991
31,9993
3,9994
4,9995
22,9995
5,9996
27,9996
4,9999
8,9999
31,9999
