13,1
43,1
40,2
47,2
27,5
28,6
47,6
49,6
18,7
25,7
20,9
41,9
30,11
33,11
13,12
35,12
39,13
1,16
37,16
2,17
44,17
1,18
37,18
1,19
23,19
2,22
11,22
42,22
43,22
2,23
6,23
29,23
46,24
10,25
9,26
43,28
18,29
47,30
33,32
37,33
38,34
40,34
19,35
9,36
18,37
8,38
48,39
29,40
40,41
34,42
8,43
14,47
9,48
15,48
16,48
50,50
18,51
25,51
38,51
6,54
19,54
3,58
7,58
13,58
39,58
4,59
44,59
5,61
22,61
3,62
9,62
5,63
27,64
46,64
4,66
9,69
26,70
50,71
8,72
15,76
31,76
12,77
13,77
10,78
50,79
17,79
17,80
3,81
16,82
20,82
11,84
17,84
1,85
12,85
2,86
1,87
23,88
7,89
22,89
5,90
4,91
20,91
32,93
44,93
1,94
4,94
2,95
3,95
13,96
2,97
5,97
35,97
38,101
33,102
35,102
12,105
41,105
18,107
29,107
3,108
31,110
36,110
39,110
5,111
16,111
20,111
27,111
4,112
25,112
28,112
4,113
24,113
5,115
23,115
3,116
21,116
13,118
19,118
49,118
8,119
35,119
21,120
11,122
1,123
42,123
11,124
47,124
13,126
39,127
46,127
47,127
42,128
27,129
8,130
37,130
26,131
45,131
12,133
43,135
46,135
9,136
38,137
42,137
7,138
33,138
26,139
47,140
39,141
8,143
26,143
13,145
21,146
48,146
6,148
26,148
47,149
47,151
47,152
21,153
8,154
40,154
24,155
30,156
41,157
39,158
1,159
38,159
22,160
47,161
29,162
1,164
1,166
9,166
41,166
50,167
18,167
38,167
40,167
33,168
2,171
39,171
27,173
40,173
1,174
46,175
43,176
50,178
2,178
16,178
26,179
49,179
2,181
6,181
11,182
29,184
1,186
9,186
28,186
2,187
3,187
1,188
43,188
1,189
5,189
22,189
2,190
4,190
14,190
5,191
4,192
43,192
19,193
39,193
2,194
3,194
30,194
13,196
6,198
28,198
36,199
47,201
40,204
19,207
28,208
44,210
12,212
1,213
3,213
39,213
2,214
4,214
43,214
1,215
5,215
33,215
2,216
5,216
15,216
1,217
3,217
2,219
40,219
27,221
22,222
4,223
17,223
38,223
19,224
30,226
50,228
47,230
33,231
26,232
31,232
1,233
33,233
13,235
10,237
15,237
26,237
43,237
8,238
19,238
1,239
14,241
30,241
2,244
29,245
1,246
49,246
2,247
40,247
41,247
7,249
2,250
3,250
23,250
1,251
47,251
48,251
4,253
46,253
5,254
30,254
39,254
26,255
48,255
8,256
40,256
1,257
4,257
5,258
14,258
24,258
42,258
43,258
2,259
3,259
10,260
15,260
32,260
1,261
1,263
2,264
43,264
46,265
2,266
38,266
32,267
14,268
35,269
48,269
16,270
36,271
2,274
31,275
46,276
48,277
49,278
12,279
18,279
48,279
29,284
3,286
20,286
5,287
38,288
4,289
32,289
1,290
16,291
24,291
2,292
4,292
31,292
5,294
9,294
27,294
3,295
11,295
1,296
48,296
2,298
1,299
13,299
1,300
7,300
7,301
23,301
2,302
24,302
41,302
46,303
3,306
4,307
14,307
5,309
35,309
43,309
18,310
50,311
3,311
1,312
5,312
12,313
4,314
44,314
49,315
1,318
2,319
33,320
8,321
50,322
1,323
9,323
25,323
15,324
27,324
50,325
2,325
2,326
30,326
48,328
29,330
11,332
36,332
23,333
37,334
49,334
24,336
42,337
42,338
30,339
23,340
12,341
48,341
31,342
36,343
42,343
45,343
6,344
49,346
13,347
32,348
9,349
33,349
50,350
42,352
47,353
19,356
24,357
45,357
1,358
1,359
25,359
2,360
34,360
42,360
26,361
1,362
25,362
41,362
50,363
2,364
35,365
44,365
32,366
47,367
45,368
2,369
17,369
18,369
44,371
14,372
21,374
19,375
35,377
3,381
42,381
7,384
22,384
28,385
19,386
8,388
28,388
33,388
44,388
30,389
43,389
46,392
8,393
13,393
11,394
28,394
17,395
42,395
36,396
49,397
22,398
32,400
36,401
10,403
49,403
34,404
48,407
10,412
27,414
18,418
45,418
44,419
18,422
43,422
6,424
9,426
39,426
22,427
23,428
39,428
12,430
20,430
21,430
32,432
41,433
12,435
25,435
30,435
37,435
8,438
49,438
37,439
6,441
15,441
9,442
17,442
27,442
1,444
22,444
40,445
1,446
30,446
41,446
2,447
39,448
1,449
20,449
25,449
24,450
2,452
2,453
35,453
40,455
14,456
3,458
7,458
13,458
5,459
37,459
47,459
5,460
48,460
4,461
23,461
3,463
6,463
17,464
4,465
46,466
32,467
36,469
6,471
5,472
20,472
24,472
29,472
28,473
6,474
26,474
46,474
15,475
19,476
27,476
24,478
22,479
41,479
6,484
22,484
41,485
12,486
3,487
6,487
26,488
9,491
11,491
46,491
7,492
39,492
1,493
41,493
6,494
43,494
13,495
2,496
1,497
30,497
47,497
15,498
2,499
1,500
44,500
2,501
5,501
47,502
37,503
1,504
47,505
36,508
29,509
43,509
31,510
40,512
46,512
43,517
50,518
23,518
22,521
25,522
15,523
45,524
6,525
40,525
21,527
8,528
9,530
21,530
48,530
9,531
45,532
27,533
37,533
20,535
46,535
19,536
31,536
8,537
12,538
31,539
22,540
48,540
45,543
14,544
46,545
8,546
33,546
15,547
12,548
21,548
49,548
37,549
47,549
10,550
46,550
44,551
18,552
38,552
45,552
43,554
45,557
3,559
23,559
31,559
41,559
30,560
19,562
44,563
6,566
18,566
41,566
45,566
7,568
33,569
48,571
42,572
30,573
24,577
14,579
16,580
41,580
43,581
48,581
26,587
14,588
9,589
34,590
42,590
15,592
22,592
5,593
44,595
19,597
38,600
6,602
38,602
43,607
7,610
34,611
14,612
18,612
27,612
28,612
44,612
35,614
28,615
10,616
50,617
3,617
20,617
37,617
42,620
18,621
14,622
13,624
16,625
17,625
7,627
8,627
11,628
12,628
7,631
46,631
29,632
19,635
9,639
29,642
41,643
46,643
3,644
4,645
33,645
9,646
17,647
18,647
27,647
7,648
15,649
46,649
5,650
31,650
5,652
3,653
8,653
10,653
44,654
28,655
4,656
30,658
35,658
15,662
48,662
2,663
30,663
50,664
15,664
3,667
6,669
22,669
4,670
24,670
50,671
4,671
5,672
3,673
1,674
2,675
5,676
48,676
17,680
41,680
16,682
22,682
25,682
34,682
45,683
1,684
9,685
48,685
2,686
3,687
20,687
1,688
25,688
41,688
26,689
37,689
2,690
16,692
15,694
50,695
14,696
34,697
16,700
45,701
1,702
3,703
16,703
2,704
1,706
43,706
1,708
5,708
6,708
40,709
4,710
2,711
3,711
2,712
7,712
1,713
5,713
49,714
1,715
10,715
21,716
22,716
31,716
4,717
6,720
39,720
13,721
22,721
2,722
50,724
20,724
1,727
10,727
26,727
40,727
2,728
43,728
2,729
35,730
9,732
47,732
49,732
27,733
36,734
46,735
23,736
47,736
6,737
1,738
18,738
40,739
27,740
14,743
3,744
38,744
4,746
29,746
3,747
21,747
44,747
4,748
22,748
5,749
5,750
7,750
17,750
24,753
25,754
45,754
29,755
3,757
10,757
33,757
48,758
25,759
5,760
32,760
35,760
4,761
7,761
14,761
17,761
4,762
32,762
33,764
9,765
33,765
5,766
3,768
11,768
35,768
28,771
30,771
10,772
19,772
23,774
10,776
45,777
46,779
1,783
20,783
19,784
2,785
11,785
42,785
44,785
50,786
8,786
13,786
40,786
2,787
13,787
16,787
49,787
1,788
6,788
25,788
1,789
49,791
2,792
10,792
27,793
2,794
17,795
30,795
36,795
41,796
45,796
29,797
23,799
11,800
13,800
26,802
48,802
3,803
30,803
43,803
13,806
21,807
39,807
50,810
9,810
11,812
19,812
31,812
26,813
20,814
49,816
4,817
23,817
12,818
49,818
30,819
42,819
1,820
6,820
17,820
19,820
2,823
12,823
28,823
1,825
3,825
34,825
1,826
7,826
16,827
34,827
2,828
3,828
2,829
5,829
37,830
5,832
5,833
10,833
45,833
4,834
27,834
4,835
24,835
27,835
3,837
6,839
39,841
15,842
46,842
12,849
18,849
26,849
31,849
15,850
15,851
40,852
47,852
18,854
1,856
3,856
20,857
33,857
1,858
12,858
2,859
29,859
44,859
16,860
28,860
37,860
42,860
44,861
50,862
1,862
1,863
42,864
2,865
23,865
25,865
30,865
39,865
2,866
21,867
25,867
11,868
10,869
32,869
27,874
34,874
43,874
7,875
41,876
4,877
36,877
40,877
18,878
29,883
26,886
1,889
44,889
2,890
1,892
27,892
34,892
2,893
19,894
38,894
1,896
44,896
2,897
3,897
41,898
22,899
38,899
5,900
27,901
45,901
28,902
41,902
1,904
50,905
5,905
2,906
4,906
14,906
22,906
4,907
1,908
3,908
47,908
49,908
31,909
6,910
35,910
1,911
31,912
43,912
2,913
14,913
40,913
28,914
50,915
2,915
15,916
38,918
1,919
18,919
1,920
31,921
2,922
2,923
14,923
1,925
9,925
15,925
43,925
2,926
39,927
36,929
13,931
14,932
24,932
13,933
21,933
37,933
17,935
45,935
15,936
14,938
15,938
19,938
16,940
8,943
8,945
11,946
50,947
26,947
27,947
35,948
30,949
39,953
1,954
12,954
2,955
39,956
1,957
1,958
7,958
30,958
36,958
2,959
26,959
30,959
2,960
7,960
21,960
27,960
30,960
42,961
24,963
12,964
23,965
36,966
19,967
19,968
49,973
43,974
12,975
39,975
22,976
23,978
31,978
14,979
7,980
33,982
35,982
1,983
41,984
48,986
2,987
16,988
1,989
6,989
44,989
1,990
16,990
21,990
39,990
2,991
48,991
22,992
48,992
2,993
19,993
28,993
11,994
8,996
38,996
15,999
23,999
33,1000
45,1000
13,1001
6,1002
12,1004
10,1005
14,1005
22,1007
2,1008
13,1008
32,1008
39,1008
40,1008
41,1008
22,1010
25,1010
19,1011
49,1011
6,1016
31,1016
48,1016
40,1017
27,1018
32,1018
13,1020
15,1020
22,1020
38,1020
19,1021
47,1022
23,1023
3,1024
23,1026
4,1027
43,1027
10,1028
5,1029
4,1032
32,1032
5,1033
3,1036
14,1036
44,1037
1,1038
7,1038
2,1039
1,1040
49,1040
1,1041
50,1042
2,1042
2,1043
12,1044
32,1046
35,1047
27,1048
30,1048
31,1049
43,1050
32,1051
50,1052
7,1052
14,1052
15,1052
37,1052
12,1054
43,1056
30,1058
13,1059
38,1060
3,1061
22,1061
14,1062
43,1068
33,1070
33,1072
6,1073
33,1073
39,1074
26,1075
2,1076
11,1076
46,1077
37,1078
20,1079
44,1079
12,1081
20,1081
4,1082
30,1084
35,1084
1,1085
47,1085
1,1086
26,1087
10,1088
18,1088
2,1089
22,1089
1,1090
8,1091
2,1094
7,1094
13,1095
23,1095
40,1095
46,1095
2,1096
20,1096
25,1096
25,1098
16,1099
15,1100
32,1102
2,1105
6,1105
13,1109
26,1109
3,1112
5,1113
4,1114
6,1114
33,1114
4,1117
41,1117
46,1117
3,1118
16,1118
23,1118
27,1119
45,1119
5,1120
19,1121
2,1122
12,1125
38,1125
34,1127
19,1129
21,1129
42,1129
29,1130
36,1130
15,1133
21,1134
1,1137
12,1138
18,1139
27,1141
29,1141
30,1141
33,1144
19,1146
24,1146
35,1147
4,1148
38,1148
23,1149
41,1149
46,1149
19,1150
27,1150
5,1152
1,1155
46,1155
25,1157
40,1159
34,1164
30,1165
35,1165
46,1165
35,1167
9,1169
46,1169
24,1173
40,1173
41,1175
39,1176
1,1177
7,1177
32,1177
37,1177
1,1178
11,1178
46,1178
13,1179
14,1179
22,1179
2,1180
23,1181
46,1181
13,1182
29,1182
35,1182
2,1183
7,1183
49,1183
12,1185
1,1186
28,1186
2,1188
27,1188
23,1189
22,1190
6,1192
13,1192
22,1192
48,1195
15,1196
24,1196
33,1196
32,1197
45,1197
27,1198
38,1199
39,1199
50,1201
17,1201
23,1202
38,1204
50,1205
23,1207
33,1210
35,1210
15,1211
35,1211
27,1212
49,1214
1,1215
49,1217
3,1218
4,1219
48,1219
2,1220
13,1220
4,1222
1,1223
1,1224
5,1224
5,1225
3,1226
27,1226
2,1227
18,1227
25,1227
48,1227
1,1228
2,1229
21,1229
8,1230
20,1230
46,1231
26,1237
8,1238
9,1240
16,1242
29,1242
30,1242
50,1243
39,1243
17,1245
26,1248
36,1248
41,1249
13,1250
18,1251
21,1251
32,1252
22,1253
20,1254
24,1256
26,1256
36,1256
21,1257
43,1259
28,1260
3,1261
5,1261
5,1262
39,1262
4,1263
33,1264
19,1265
41,1265
1,1266
4,1266
24,1266
3,1267
36,1267
5,1268
1,1269
16,1269
37,1269
43,1270
2,1271
18,1271
46,1272
1,1273
7,1274
16,1274
34,1274
2,1275
25,1275
8,1276
50,1277
4,1277
26,1277
2,1278
8,1279
37,1279
47,1280
49,1280
1,1282
2,1283
1,1284
27,1284
28,1284
30,1285
35,1286
2,1287
18,1287
37,1288
1,1289
7,1289
37,1289
2,1291
18,1294
42,1294
15,1295
28,1295
28,1296
30,1296
44,1296
46,1297
50,1299
32,1300
42,1300
48,1300
13,1301
6,1303
27,1306
33,1307
18,1308
29,1309
5,1311
24,1311
33,1314
41,1314
3,1316
11,1316
50,1318
38,1318
4,1320
12,1320
5,1321
44,1321
7,1322
46,1322
4,1323
26,1323
3,1325
5,1326
25,1328
40,1330
42,1330
1,1331
1,1332
24,1332
2,1334
1,1335
3,1335
20,1335
22,1336
37,1336
36,1337
10,1338
15,1338
4,1339
2,1341
12,1341
2,1342
15,1342
4,1343
5,1344
13,1344
23,1344
28,1344
44,1344
37,1346
14,1347
37,1347
3,1350
30,1350
28,1351
15,1353
20,1356
28,1356
29,1356
5,1357
30,1357
44,1358
35,1359
49,1359
18,1360
50,1361
41,1361
46,1361
45,1362
3,1365
4,1367
9,1367
15,1367
8,1368
17,1368
12,1369
20,1369
24,1369
49,1370
5,1371
16,1371
3,1372
45,1372
5,1373
23,1373
30,1373
25,1374
46,1375
4,1376
3,1378
38,1378
5,1380
14,1380
18,1380
44,1381
40,1382
4,1383
17,1383
4,1384
29,1385
11,1386
5,1387
24,1387
3,1388
15,1388
45,1388
16,1390
40,1390
39,1391
8,1397
31,1397
44,1397
47,1399
13,1400
10,1401
16,1402
22,1403
18,1406
1,1407
2,1410
1,1412
49,1412
11,1413
1,1414
3,1416
6,1416
4,1417
2,1418
27,1418
27,1419
50,1420
2,1421
5,1421
15,1421
3,1422
31,1425
48,1425
5,1429
26,1429
1,1430
4,1430
48,1430
12,1431
1,1432
20,1432
11,1433
1,1436
11,1437
13,1437
2,1438
1,1439
7,1441
24,1441
2,1444
25,1445
33,1446
2,1447
28,1450
12,1451
24,1452
26,1452
32,1452
32,1453
43,1454
44,1454
6,1455
10,1455
26,1455
41,1455
34,1457
9,1458
16,1458
13,1459
20,1459
34,1461
7,1462
21,1462
24,1462
24,1463
35,1463
22,1464
6,1465
13,1465
2,1466
3,1466
4,1467
9,1468
34,1468
16,1469
39,1469
33,1470
5,1471
4,1472
41,1472
5,1473
8,1473
3,1475
24,1475
16,1476
19,1477
26,1477
13,1479
31,1479
42,1480
49,1480
25,1482
32,1482
24,1484
28,1484
32,1486
49,1486
16,1487
27,1489
30,1489
32,1489
33,1493
46,1496
12,1497
31,1498
36,1498
40,1498
27,1499
10,1503
11,1504
13,1504
35,1504
1,1505
33,1505
1,1506
39,1506
13,1507
49,1507
13,1508
2,1509
1,1510
19,1511
2,1512
35,1512
2,1513
1,1514
34,1514
3,1515
19,1515
1,1517
5,1517
15,1517
46,1517
4,1518
2,1520
5,1520
1,1521
4,1521
3,1522
38,1522
20,1523
31,1523
47,1523
2,1524
28,1524
2,1525
42,1527
49,1527
3,1528
40,1528
5,1529
11,1530
23,1530
5,1531
19,1531
40,1531
14,1533
4,1534
3,1535
32,1535
4,1536
35,1536
33,1537
36,1537
45,1537
10,1538
46,1538
20,1539
39,1542
3,1544
22,1545
4,1546
5,1547
5,1548
4,1549
3,1550
14,1552
3,1554
19,1554
41,1555
1,1556
30,1556
31,1556
45,1556
46,1556
2,1557
39,1558
1,1559
47,1559
1,1560
29,1560
2,1561
34,1561
2,1562
1,1563
45,1563
20,1564
2,1567
25,1567
30,1567
1,1568
19,1568
48,1570
34,1571
27,1572
11,1573
30,1574
4,1575
10,1578
44,1578
2,1579
27,1579
45,1579
47,1579
50,1581
15,1581
35,1581
1,1582
32,1583
2,1584
28,1584
26,1585
26,1587
19,1588
1,1589
1,1590
18,1590
2,1591
33,1592
42,1593
28,1594
13,1595
1,1597
7,1597
2,1598
3,1598
5,1598
5,1599
2,1600
18,1600
4,1601
5,1603
20,1603
3,1604
4,1605
3,1606
12,1606
39,1606
46,1606
14,1607
5,1609
49,1609
4,1610
11,1611
15,1613
25,1615
40,1616
48,1616
1,1617
8,1617
8,1618
13,1618
38,1618
1,1619
4,1619
40,1619
1,1620
5,1620
20,1620
36,1620
3,1621
10,1621
12,1621
47,1621
2,1622
27,1622
1,1624
26,1625
2,1626
6,1626
12,1626
25,1626
2,1627
6,1627
47,1627
3,1628
5,1629
17,1629
4,1630
29,1630
4,1631
3,1633
8,1633
17,1633
5,1634
50,1636
32,1636
47,1636
37,1639
24,1640
23,1644
39,1644
12,1646
14,1647
22,1647
41,1651
37,1652
36,1654
32,1655
15,1657
22,1657
37,1657
26,1659
29,1662
15,1670
1,1671
2,1672
19,1672
33,1672
43,1672
29,1673
3,1674
11,1674
5,1675
7,1675
30,1675
5,1676
49,1676
23,1677
43,1677
14,1678
4,1679
23,1679
32,1679
4,1680
8,1680
15,1680
20,1680
1,1681
15,1681
19,1681
24,1681
3,1682
1,1683
18,1683
23,1683
26,1683
2,1684
11,1684
49,1684
19,1685
26,1686
23,1687
35,1687
50,1688
2,1688
8,1688
9,1688
37,1688
1,1689
22,1689
13,1690
24,1690
43,1690
37,1692
6,1694
27,1694
1,1695
6,1695
18,1695
19,1695
21,1695
50,1696
2,1696
2,1698
48,1698
1,1699
2,1700
15,1700
35,1700
21,1701
9,1703
49,1703
41,1704
10,1705
1,1706
14,1707
15,1707
43,1707
9,1708
1,1709
15,1709
24,1709
37,1709
12,1711
46,1711
2,1712
41,1712
50,1713
10,1713
49,1713
1,1715
7,1715
2,1716
2,1717
16,1717
10,1718
38,1718
32,1720
41,1721
44,1721
30,1723
38,1723
44,1727
38,1729
45,1731
11,1733
40,1733
10,1736
27,1737
20,1739
12,1740
25,1740
34,1741
20,1744
14,1745
43,1745
17,1746
23,1747
16,1749
3,1753
6,1753
5,1754
16,1754
23,1754
4,1756
31,1756
49,1756
3,1759
35,1759
43,1761
4,1762
5,1763
38,1764
21,1765
32,1765
36,1765
32,1766
3,1767
14,1767
45,1769
5,1770
4,1772
3,1774
14,1774
18,1774
5,1775
22,1775
23,1775
4,1776
18,1777
19,1779
35,1779
9,1781
23,1781
24,1781
43,1781
45,1781
8,1783
34,1783
40,1783
49,1783
11,1784
26,1784
34,1784
45,1784
10,1785
34,1786
40,1786
18,1787
22,1788
24,1790
48,1790
1,1791
33,1791
27,1792
2,1793
1,1794
37,1794
2,1795
14,1795
25,1795
36,1795
45,1795
1,1796
11,1796
44,1796
46,1796
2,1797
24,1797
11,1801
16,1801
26,1801
12,1804
21,1804
47,1804
48,1805
32,1806
11,1807
13,1807
10,1808
49,1808
12,1809
3,1810
22,1810
36,1810
47,1810
4,1811
37,1812
5,1813
16,1813
4,1814
6,1814
42,1814
3,1816
5,1817
30,1817
48,1817
8,1818
18,1818
9,1821
16,1821
26,1821
31,1822
47,1824
45,1825
40,1826
3,1827
40,1827
8,1828
16,1828
4,1829
17,1830
23,1830
3,1831
12,1831
23,1831
26,1832
44,1832
43,1833
39,1834
49,1834
4,1835
5,1836
17,1836
7,1838
46,1838
5,1839
48,1839
9,1841
33,1841
38,1844
34,1845
35,1845
25,1846
30,1846
6,1848
27,1848
35,1848
45,1848
47,1848
48,1848
3,1850
13,1850
4,1851
32,1851
38,1852
3,1853
5,1854
5,1855
39,1855
48,1855
48,1856
4,1857
33,1857
32,1858
38,1858
44,1858
44,1859
45,1859
19,1860
7,1862
31,1862
45,1863
32,1864
1,1865
41,1867
1,1869
2,1870
50,1871
1,1871
2,1873
35,1873
2,1875
9,1876
17,1876
40,1877
3,1879
4,1881
3,1882
7,1882
49,1882
5,1883
9,1883
23,1884
4,1885
11,1885
5,1886
18,1886
43,1886
49,1886
35,1889
38,1890
1,1891
1,1892
10,1893
2,1894
19,1894
40,1895
1,1896
36,1896
46,1897
2,1898
2,1899
9,1900
49,1900
37,1901
23,1902
37,1908
8,1909
17,1909
30,1909
39,1909
23,1910
40,1910
28,1911
18,1914
23,1915
33,1916
8,1918
29,1920
34,1922
7,1923
30,1924
19,1926
40,1926
37,1927
44,1927
1,1930
21,1930
14,1931
1,1933
2,1934
1,1935
11,1935
2,1936
32,1938
2,1940
37,1940
23,1941
37,1943
7,1946
32,1947
40,1947
11,1948
41,1950
8,1953
15,1953
28,1953
25,1955
39,1955
10,1957
14,1957
6,1959
16,1960
9,1961
3,1963
41,1963
50,1964
1,1964
5,1964
1,1965
4,1965
35,1965
46,1965
1,1966
2,1966
13,1966
44,1966
46,1966
47,1966
50,1968
1,1968
6,1968
39,1969
5,1970
2,1971
4,1971
16,1971
29,1971
2,1972
3,1972
7,1973
36,1973
38,1974
11,1975
48,1978
45,1979
15,1980
10,1984
46,1986
40,1988
10,1990
1,1991
34,1991
45,1991
2,1992
2,1993
30,1993
29,1994
6,1995
17,1996
1,1997
16,1997
14,1998
23,1998
15,1999
20,1999
49,1999
31,2000
7,2002
9,2002
22,2002
1,2003
20,2003
39,2003
18,2004
6,2005
17,2005
28,2006
30,2006
48,2006
2,2007
41,2007
23,2008
2,2009
1,2010
33,2010
2,2011
47,2011
29,2012
1,2013
36,2014
1,2015
14,2015
44,2015
2,2016
15,2018
2,2019
43,2019
17,2020
34,2021
1,2022
31,2022
40,2022
2,2023
44,2024
1,2025
1,2026
31,2026
2,2027
2,2030
30,2035
36,2036
7,2039
3,2040
4,2041
31,2043
41,2043
46,2043
5,2044
10,2044
36,2044
4,2045
33,2045
38,2046
5,2047
27,2047
34,2047
46,2048
3,2049
35,2049
41,2049
3,2051
15,2051
31,2051
40,2051
48,2051
5,2052
4,2053
16,2053
20,2054
25,2054
32,2054
5,2055
21,2056
3,2057
24,2057
32,2057
4,2059
14,2059
22,2059
9,2061
28,2062
40,2062
1,2063
37,2063
1,2064
40,2064
17,2066
18,2067
43,2067
2,2068
40,2068
46,2068
2,2070
1,2072
29,2072
2,2074
9,2075
21,2076
30,2078
22,2079
25,2081
17,2082
8,2087
9,2087
10,2087
18,2087
45,2088
9,2089
2,2090
22,2090
12,2091
1,2093
40,2093
43,2093
46,2093
50,2094
21,2094
42,2094
42,2095
2,2096
3,2096
1,2097
4,2098
9,2098
2,2099
37,2099
10,2100
34,2100
1,2101
2,2102
3,2102
46,2102
5,2103
15,2104
28,2104
23,2105
26,2105
4,2106
5,2108
45,2108
32,2109
15,2111
15,2112
38,2112
42,2112
32,2115
1,2116
43,2116
46,2119
1,2120
14,2121
30,2122
26,2123
2,2125
48,2126
34,2127
2,2128
1,2129
42,2129
3,2130
35,2130
19,2131
23,2131
2,2132
5,2132
4,2133
4,2134
47,2134
14,2135
47,2135
18,2136
5,2137
6,2137
30,2137
3,2138
15,2143
3,2144
5,2145
34,2145
47,2145
4,2146
49,2146
46,2147
4,2148
7,2148
49,2148
3,2149
23,2149
5,2150
36,2150
39,2151
12,2152
1,2154
11,2154
46,2155
50,2157
1,2157
33,2157
2,2158
22,2158
17,2159
2,2160
12,2160
5,2161
1,2163
32,2163
2,2164
31,2164
27,2165
44,2166
38,2167
47,2168
29,2169
15,2170
42,2170
3,2171
37,2171
13,2172
17,2172
1,2173
30,2174
3,2175
10,2175
29,2175
4,2176
5,2177
43,2177
3,2178
46,2178
3,2180
10,2181
27,2182
4,2183
5,2184
1,2186
17,2186
1,2188
46,2190
2,2191
13,2191
2,2192
1,2193
2,2194
23,2194
26,2194
4,2195
20,2198
14,2199
44,2200
45,2201
14,2202
48,2203
45,2204
46,2204
1,2206
43,2206
2,2207
1,2208
12,2208
41,2208
9,2210
44,2211
46,2212
29,2214
9,2215
1,2216
25,2216
40,2216
2,2218
29,2218
8,2219
24,2219
31,2219
2,2220
19,2220
1,2224
7,2225
29,2225
1,2226
3,2226
2,2227
4,2227
2,2228
4,2228
1,2229
5,2229
2,2230
25,2231
1,2232
35,2233
1,2234
2,2234
5,2234
3,2235
15,2237
34,2237
41,2237
13,2238
2,2239
5,2239
39,2239
11,2240
46,2240
1,2241
47,2241
7,2243
20,2243
40,2243
16,2244
2,2245
3,2245
18,2245
2,2246
8,2246
41,2247
4,2248
14,2248
38,2248
4,2249
17,2249
3,2250
15,2250
5,2251
47,2251
5,2252
25,2252
46,2252
14,2253
28,2253
5,2254
22,2256
22,2258
47,2258
50,2259
11,2259
1,2261
28,2261
6,2263
14,2264
27,2264
3,2265
4,2266
2,2267
4,2267
27,2267
5,2268
16,2268
24,2268
43,2268
26,2269
50,2270
1,2270
1,2271
15,2271
3,2273
15,2274
5,2275
31,2275
2,2276
7,2276
33,2277
36,2277
2,2280
22,2280
11,2282
27,2282
33,2282
48,2282
49,2288
29,2289
39,2289
46,2289
44,2290
45,2290
33,2291
32,2292
10,2293
34,2293
30,2294
33,2294
18,2295
49,2295
23,2296
25,2296
40,2298
17,2299
11,2303
37,2303
21,2305
26,2305
36,2305
3,2306
38,2306
4,2307
25,2308
4,2309
37,2310
12,2311
15,2311
5,2312
5,2313
25,2313
19,2314
3,2315
24,2315
7,2316
34,2316
45,2316
41,2317
44,2318
42,2320
43,2321
42,2325
6,2327
11,2327
25,2333
1,2334
14,2334
22,2335
2,2336
22,2336
35,2336
15,2339
17,2339
47,2339
11,2340
1,2342
12,2342
32,2342
1,2343
10,2343
32,2343
27,2344
45,2344
47,2344
2,2345
35,2345
42,2347
2,2348
34,2348
37,2348
39,2350
42,2352
1,2354
28,2354
6,2355
10,2355
12,2357
1,2358
17,2358
2,2359
1,2360
16,2360
29,2360
37,2360
3,2362
31,2362
35,2362
2,2363
4,2363
5,2364
5,2365
4,2366
17,2367
25,2367
2,2368
3,2368
11,2368
29,2369
12,2370
23,2371
47,2371
6,2373
7,2375
23,2375
35,2375
50,2377
25,2378
27,2379
42,2379
14,2381
39,2382
30,2383
1,2384
17,2384
32,2385
1,2386
48,2387
2,2388
23,2388
6,2389
41,2390
6,2391
12,2391
1,2392
29,2392
2,2393
21,2393
28,2393
2,2396
23,2396
41,2397
43,2398
4,2399
11,2399
31,2400
26,2401
39,2401
1,2406
24,2406
26,2406
32,2406
34,2406
1,2407
44,2407
2,2408
36,2408
49,2409
2,2410
1,2411
36,2411
41,2411
2,2412
1,2413
47,2413
1,2414
23,2414
2,2415
40,2415
2,2416
12,2416
38,2416
28,2417
38,2417
42,2417
23,2418
40,2418
46,2418
1,2419
2,2421
49,2421
12,2424
31,2425
42,2426
48,2426
3,2430
8,2430
4,2431
26,2432
28,2432
1,2434
3,2434
22,2434
23,2434
13,2435
5,2436
12,2436
2,2439
1,2440
1,2441
13,2441
29,2441
2,2442
5,2442
2,2444
4,2444
23,2444
19,2445
41,2446
27,2449
43,2449
14,2451
32,2451
36,2451
3,2452
9,2452
12,2452
29,2452
5,2454
26,2454
5,2455
25,2455
4,2456
37,2457
42,2457
4,2459
3,2461
9,2461
15,2461
49,2463
15,2465
7,2467
28,2468
35,2470
40,2472
6,2473
34,2473
43,2473
8,2474
21,2474
22,2474
40,2474
36,2475
36,2477
3,2478
38,2478
43,2478
13,2479
28,2479
17,2480
32,2480
17,2481
9,2484
48,2485
33,2486
6,2487
44,2489
30,2490
35,2490
30,2492
36,2492
49,2493
25,2494
28,2496
31,2496
1,2497
16,2497
47,2497
9,2498
49,2499
3,2500
32,2500
4,2501
26,2502
35,2502
5,2503
5,2504
11,2504
32,2504
3,2505
34,2505
43,2505
4,2506
28,2506
41,2506
28,2507
31,2508
25,2509
26,2510
14,2511
49,2511
14,2512
11,2513
33,2514
1,2515
2,2518
37,2518
1,2519
28,2519
12,2520
2,2521
23,2521
1,2522
7,2522
9,2524
16,2524
21,2524
50,2525
39,2525
47,2525
22,2526
38,2526
2,2527
24,2527
6,2529
14,2529
41,2529
48,2532
38,2534
15,2535
27,2535
42,2536
40,2537
40,2539
22,2541
6,2542
43,2543
48,2543
23,2544
13,2548
12,2550
47,2550
3,2551
34,2551
36,2551
48,2551
9,2552
4,2553
4,2554
30,2554
3,2555
40,2557
47,2557
4,2558
5,2558
6,2558
5,2559
21,2560
16,2561
25,2561
33,2564
36,2564
34,2565
20,2566
22,2568
8,2569
32,2569
38,2569
45,2571
17,2572
32,2574
19,2576
44,2576
12,2578
19,2579
45,2579
24,2581
33,2586
50,2587
9,2587
11,2587
43,2589
19,2590
30,2590
19,2592
25,2592
3,2593
47,2593
10,2594
24,2594
4,2595
4,2596
20,2596
3,2597
29,2597
5,2599
1,2600
5,2601
45,2601
2,2602
1,2604
31,2604
10,2605
44,2606
45,2607
46,2607
2,2608
3,2608
19,2608
1,2609
15,2609
21,2609
28,2609
2,2610
23,2611
34,2611
46,2611
4,2612
8,2612
43,2612
4,2613
29,2613
35,2613
5,2614
38,2614
50,2615
5,2615
3,2616
12,2616
17,2617
16,2620
34,2620
36,2620
43,2621
10,2622
11,2623
1,2626
3,2626
5,2627
20,2627
1,2628
4,2628
37,2628
2,2629
41,2629
4,2630
2,2631
1,2632
5,2633
2,2634
49,2634
8,2635
6,2637
8,2638
3,2639
15,2639
24,2639
30,2639
17,2642
40,2642
6,2644
40,2644
29,2645
30,2648
22,2649
6,2650
21,2650
23,2650
47,2651
3,2652
15,2652
4,2654
8,2654
1,2655
18,2655
5,2656
2,2657
4,2658
23,2658
42,2658
3,2660
1,2661
5,2661
6,2661
2,2662
32,2664
1,2665
2,2667
40,2669
50,2670
6,2670
38,2670
47,2670
44,2672
31,2673
22,2675
7,2676
28,2676
40,2677
11,2678
30,2679
11,2681
28,2683
3,2684
11,2684
27,2684
46,2684
4,2685
25,2685
43,2685
44,2686
5,2687
5,2688
39,2688
42,2688
8,2689
26,2690
4,2691
17,2691
44,2691
50,2692
35,2692
38,2692
3,2695
15,2696
14,2697
16,2697
42,2698
12,2701
27,2702
3,2705
47,2705
11,2706
10,2707
46,2710
7,2711
23,2712
3,2713
15,2714
23,2714
4,2715
39,2717
5,2718
19,2719
22,2720
5,2721
32,2721
26,2722
50,2723
13,2724
4,2725
33,2725
37,2725
32,2726
3,2727
21,2727
23,2727
37,2728
9,2729
28,2730
1,2732
28,2732
32,2733
45,2734
2,2735
24,2735
29,2735
30,2735
9,2736
17,2736
1,2741
3,2741
28,2741
33,2741
5,2743
6,2743
4,2744
29,2744
3,2745
21,2745
1,2746
2,2747
2,2748
4,2748
15,2748
2,2749
5,2751
31,2753
17,2755
23,2757
36,2757
42,2757
44,2759
45,2759
49,2759
9,2760
1,2762
25,2762
42,2765
30,2766
27,2769
21,2771
31,2774
3,2775
6,2775
16,2776
24,2776
25,2777
4,2778
3,2780
32,2780
5,2781
17,2781
22,2782
39,2782
18,2784
5,2785
4,2786
20,2786
20,2788
3,2790
30,2790
29,2791
48,2791
6,2792
5,2793
43,2794
4,2795
5,2798
4,2800
4,2801
3,2802
48,2804
47,2805
31,2806
29,2807
34,2807
17,2808
6,2809
36,2809
33,2810
48,2810
32,2811
38,2811
40,2814
23,2815
24,2815
25,2815
42,2815
45,2815
18,2817
25,2817
28,2817
12,2818
15,2818
11,2819
9,2822
27,2822
31,2822
34,2822
38,2822
6,2823
19,2823
3,2829
30,2829
47,2829
50,2830
15,2830
14,2832
29,2832
33,2832
47,2832
4,2833
21,2833
32,2833
4,2834
12,2835
5,2836
35,2837
5,2838
50,2839
20,2839
3,2840
7,2840
26,2841
48,2841
6,2842
41,2842
19,2843
47,2843
31,2845
27,2846
37,2847
31,2848
46,2848
26,2850
24,2851
14,2852
44,2852
15,2853
40,2854
35,2855
43,2859
21,2861
1,2862
13,2862
13,2864
1,2865
2,2866
1,2867
2,2868
37,2868
46,2868
8,2869
14,2869
29,2869
2,2871
13,2871
26,2871
31,2871
34,2872
11,2874
26,2875
12,2876
27,2877
49,2877
18,2878
37,2878
34,2880
7,2881
14,2882
29,2886
34,2888
16,2889
28,2890
22,2891
24,2891
26,2891
1,2893
1,2894
19,2894
3,2895
24,2895
31,2895
2,2896
43,2896
5,2897
21,2897
2,2898
4,2898
46,2898
48,2898
5,2899
49,2899
21,2900
31,2900
1,2901
4,2901
2,2902
3,2902
33,2902
1,2906
1,2907
15,2907
17,2907
19,2907
39,2907
11,2909
19,2909
2,2910
19,2910
48,2911
2,2912
49,2912
1,2914
50,2915
2,2915
25,2915
31,2916
20,2917
2,2918
20,2919
23,2919
39,2920
33,2923
12,2925
1,2926
26,2927
1,2928
2,2929
10,2929
11,2930
2,2931
46,2931
1,2932
2,2934
10,2934
15,2934
31,2934
3,2935
5,2936
13,2936
4,2937
3,2938
18,2938
50,2939
4,2939
5,2940
11,2940
34,2940
6,2942
29,2942
40,2942
43,2942
40,2943
3,2944
4,2945
32,2945
5,2946
20,2946
50,2949
4,2949
49,2949
1,2950
8,2951
20,2951
31,2952
38,2952
5,2953
3,2954
1,2955
12,2955
2,2960
23,2960
1,2961
1,2962
24,2962
2,2963
2,2965
21,2965
19,2966
23,2966
49,2966
14,2968
42,2968
28,2969
1,2970
1,2971
18,2972
2,2973
15,2973
9,2974
6,2975
2,2976
42,2976
1,2977
16,2977
27,2979
37,2979
15,2980
2,2981
37,2981
43,2981
14,2982
16,2982
29,2986
11,2987
40,2987
21,2988
35,2988
45,2988
32,2989
15,2990
8,2991
20,2991
32,2992
13,2995
15,2995
46,2995
13,2996
30,2996
28,2997
13,2998
20,2998
34,2999
41,2999
15,3000
46,3003
45,3004
22,3008
46,3008
33,3009
42,3009
43,3009
30,3010
45,3010
13,3012
21,3013
45,3014
39,3016
14,3018
15,3018
10,3019
17,3021
20,3022
6,3025
29,3028
47,3028
11,3029
21,3029
32,3029
21,3030
6,3031
45,3031
23,3032
42,3032
8,3033
29,3033
29,3034
11,3036
9,3037
26,3037
8,3038
14,3039
28,3040
22,3041
33,3041
11,3042
7,3043
23,3043
8,3044
11,3045
30,3045
6,3047
29,3048
13,3049
9,3050
18,3051
31,3051
16,3053
38,3055
3,3056
11,3056
5,3057
20,3057
38,3057
13,3058
43,3058
4,3059
20,3059
4,3060
3,3061
12,3061
5,3063
9,3064
20,3064
38,3067
2,3068
31,3068
45,3069
3,3070
25,3070
35,3070
39,3070
36,3071
48,3071
4,3072
5,3073
11,3073
1,3074
4,3074
2,3075
41,3076
1,3077
1,3078
2,3079
20,3079
3,3080
2,3081
22,3081
5,3084
18,3087
26,3089
6,3094
32,3095
1,3096
38,3096
2,3098
46,3098
1,3099
30,3099
2,3100
32,3101
11,3102
38,3102
1,3103
17,3103
26,3103
2,3104
34,3107
49,3107
1,3108
8,3108
3,3111
14,3111
16,3112
17,3112
20,3112
41,3112
4,3113
49,3113
3,3114
38,3115
9,3116
18,3116
45,3116
4,3117
19,3117
18,3118
5,3119
11,3119
27,3119
34,3119
5,3121
30,3122
3,3123
42,3123
8,3126
20,3126
31,3126
45,3127
49,3127
38,3132
3,3136
28,3136
4,3137
24,3137
3,3138
5,3139
5,3140
23,3141
40,3141
4,3143
13,3143
22,3143
37,3144
43,3147
7,3148
9,3152
22,3152
46,3154
47,3154
50,3155
27,3155
5,3158
27,3158
48,3159
24,3160
42,3160
32,3163
13,3165
29,3166
22,3167
26,3167
37,3169
8,3170
29,3170
41,3170
43,3170
1,3171
42,3171
1,3173
9,3173
2,3174
46,3174
12,3175
16,3175
25,3175
47,3175
1,3176
2,3177
20,3177
33,3177
2,3178
14,3180
24,3180
33,3180
12,3182
31,3183
46,3184
31,3185
3,3186
9,3186
4,3187
3,3188
5,3189
18,3190
19,3190
4,3191
27,3192
43,3192
25,3193
44,3193
5,3194
17,3195
2,3196
36,3196
4,3197
42,3197
8,3198
15,3203
22,3203
40,3203
28,3204
11,3205
29,3205
1,3206
5,3206
12,3206
42,3206
1,3208
14,3208
18,3210
29,3210
2,3211
1,3212
2,3212
18,3212
29,3212
13,3213
30,3213
1,3215
20,3215
38,3215
9,3216
42,3218
17,3221
2,3223
48,3223
19,3224
13,3225
42,3226
11,3227
26,3227
37,3230
40,3231
36,3232
37,3235
23,3237
7,3238
26,3238
24,3239
30,3239
29,3241
3,3242
17,3242
1,3244
26,3244
31,3244
1,3245
5,3245
6,3245
4,3246
2,3247
5,3247
26,3247
2,3248
3,3248
16,3248
46,3248
4,3249
15,3249
33,3249
1,3250
2,3251
35,3251
47,3251
3,3257
5,3258
30,3258
24,3259
39,3260
34,3261
5,3262
4,3263
3,3264
29,3264
41,3264
4,3267
41,3267
47,3267
10,3269
16,3269
30,3269
46,3270
15,3271
26,3271
6,3272
47,3272
19,3273
29,3274
27,3275
28,3275
49,3275
1,3276
19,3276
23,3276
43,3276
20,3277
23,3277
6,3279
9,3279
20,3279
36,3279
1,3280
10,3280
38,3280
2,3281
30,3281
25,3283
48,3283
1,3284
21,3285
15,3286
24,3286
2,3287
48,3287
50,3288
2,3289
20,3289
38,3289
11,3290
35,3292
30,3296
7,3298
14,3299
28,3299
38,3300
42,3301
41,3303
9,3304
17,3304
16,3307
43,3309
44,3310
33,3311
17,3313
24,3313
36,3314
47,3316
37,3317
38,3318
45,3319
47,3319
7,3322
14,3323
18,3323
19,3323
42,3324
22,3325
21,3326
12,3327
30,3327
6,3328
32,3328
48,3328
3,3330
4,3331
27,3331
40,3331
42,3331
3,3332
15,3332
38,3332
5,3335
39,3335
9,3337
5,3338
10,3338
4,3339
24,3339
9,3340
14,3340
34,3340
9,3341
6,3342
16,3342
13,3343
28,3345
33,3346
34,3346
13,3348
21,3349
9,3351
28,3352
6,3353
28,3353
30,3353
6,3355
18,3355
1,3356
12,3356
2,3357
1,3358
11,3360
2,3362
39,3362
46,3362
1,3363
35,3363
50,3364
10,3364
2,3366
12,3366
42,3366
24,3367
33,3367
39,3368
3,3369
5,3370
33,3370
4,3372
23,3372
26,3372
39,3372
3,3373
4,3374
20,3374
38,3374
5,3377
11,3377
40,3377
3,3380
5,3381
4,3382
29,3382
4,3383
9,3383
1,3384
3,3384
1,3385
5,3385
6,3386
35,3386
23,3387
29,3387
27,3388
34,3388
26,3390
34,3392
2,3394
15,3394
19,3394
34,3395
19,3398
46,3398
2,3399
1,3400
2,3401
14,3403
16,3403
1,3404
40,3404
2,3405
3,3405
23,3405
34,3405
6,3407
10,3407
17,3408
1,3409
4,3409
7,3409
5,3410
19,3410
29,3412
45,3412
2,3413
5,3413
4,3414
7,3414
50,3415
12,3415
13,3415
17,3415
44,3415
49,3415
1,3416
3,3416
45,3417
2,3418
39,3419
10,3421
20,3422
38,3424
39,3424
36,3425
12,3426
8,3427
38,3427
9,3428
40,3428
30,3430
31,3430
48,3430
37,3431
12,3432
39,3432
23,3433
31,3433
37,3433
15,3437
25,3437
32,3437
46,3438
30,3441
8,3442
33,3442
11,3444
25,3444
3,3445
1,3446
5,3447
25,3447
34,3447
1,3448
18,3448
48,3448
41,3449
46,3449
2,3450
2,3452
6,3452
49,3453
31,3454
1,3455
4,3455
4,3456
5,3457
3,3458
21,3458
25,3458
38,3459
49,3459
2,3460
31,3460
17,3462
36,3462
22,3464
25,3465
8,3467
37,3467
39,3467
26,3468
28,3469
35,3469
27,3470
45,3470
12,3471
19,3473
12,3474
47,3474
49,3474
1,3476
37,3476
1,3477
3,3477
2,3478
21,3478
2,3479
41,3479
13,3480
15,3480
22,3480
1,3481
31,3481
2,3483
27,3484
31,3484
49,3484
40,3485
50,3486
10,3486
38,3487
31,3488
6,3489
14,3489
3,3490
47,3490
4,3491
5,3492
4,3493
6,3493
23,3493
3,3494
5,3495
25,3496
33,3496
15,3497
30,3497
19,3499
22,3500
1,3502
9,3502
11,3502
2,3503
46,3503
11,3504
13,3504
1,3505
49,3505
1,3506
39,3506
22,3508
23,3508
21,3509
15,3510
24,3511
34,3511
2,3512
6,3512
31,3513
2,3514
39,3514
33,3515
3,3516
10,3516
34,3516
24,3517
28,3517
4,3518
14,3518
38,3518
4,3519
25,3521
3,3522
5,3523
38,3523
47,3523
32,3524
40,3524
5,3525
33,3526
6,3528
31,3528
33,3528
34,3528
46,3529
30,3531
33,3532
3,3533
37,3534
50,3536
1,3536
4,3536
21,3536
5,3537
41,3538
2,3539
4,3539
35,3539
42,3539
3,3540
34,3540
1,3541
5,3541
16,3541
1,3542
19,3542
40,3542
2,3543
24,3543
25,3544
2,3545
3,3545
40,3545
42,3546
4,3548
15,3549
4,3550
18,3550
5,3551
19,3551
26,3551
3,3553
5,3554
29,3554
35,3554
18,3555
31,3555
8,3556
49,3556
1,3557
1,3560
41,3560
7,3561
19,3561
2,3562
3,3562
37,3562
1,3564
16,3564
28,3565
42,3565
2,3566
5,3566
2,3567
5,3568
11,3568
4,3570
4,3571
3,3572
1,3573
17,3573
45,3573
1,3574
2,3575
25,3575
43,3575
2,3576
20,3576
28,3576
49,3576
1,3577
11,3577
2,3578
1,3579
47,3579
43,3580
8,3582
11,3582
21,3582
38,3583
25,3585
44,3585
9,3586
10,3586
26,3588
34,3589
42,3591
6,3592
19,3593
32,3593
41,3594
3,3598
4,3599
15,3599
39,3599
31,3600
25,3601
13,3602
4,3603
11,3603
5,3604
7,3604
5,3606
13,3606
28,3606
3,3608
37,3608
8,3609
6,3611
6,3612
10,3613
19,3613
41,3613
45,3615
27,3619
34,3619
50,3621
30,3621
21,3622
29,3622
35,3623
42,3623
17,3624
16,3625
18,3627
24,3627
35,3627
45,3627
27,3629
30,3630
39,3630
25,3633
8,3635
13,3635
23,3636
30,3636
28,3637
8,3639
17,3641
20,3643
29,3644
46,3645
47,3645
9,3646
17,3646
18,3649
31,3652
45,3652
41,3653
46,3653
25,3655
15,3656
40,3656
8,3657
35,3658
25,3659
3,3660
32,3660
40,3660
45,3660
39,3661
42,3661
4,3662
14,3663
25,3664
33,3664
5,3666
37,3666
1,3667
11,3668
5,3669
29,3670
30,3671
35,3671
1,3673
14,3673
2,3674
4,3674
9,3675
46,3676
3,3677
11,3677
27,3677
28,3677
16,3679
1,3680
18,3681
1,3683
12,3683
2,3684
9,3684
27,3684
31,3684
2,3685
28,3687
3,3688
5,3689
4,3690
40,3690
3,3691
2,3692
4,3692
21,3692
33,3692
36,3692
38,3692
46,3694
14,3695
38,3695
5,3696
31,3697
17,3699
44,3699
7,3701
26,3701
41,3702
7,3704
14,3705
21,3706
44,3706
3,3708
19,3708
23,3708
44,3708
16,3709
5,3710
4,3712
17,3712
22,3712
6,3713
44,3713
4,3714
35,3714
42,3714
44,3714
29,3715
17,3716
39,3716
5,3719
9,3719
31,3719
3,3720
37,3721
25,3723
15,3724
18,3727
27,3727
27,3728
26,3729
5,3730
21,3730
14,3731
28,3731
40,3731
37,3732
24,3734
49,3736
43,3737
9,3739
3,3740
4,3741
3,3742
46,3742
8,3743
29,3743
5,3744
9,3744
28,3744
37,3744
18,3745
42,3745
16,3746
34,3746
36,3746
41,3746
4,3747
14,3748
5,3750
40,3750
23,3751
34,3751
35,3751
15,3755
11,3756
3,3758
38,3758
5,3760
4,3761
5,3763
3,3764
30,3764
4,3765
21,3765
45,3765
26,3766
19,3767
49,3769
17,3770
35,3770
36,3770
12,3772
8,3773
38,3773
5,3774
41,3775
49,3776
49,3777
6,3778
7,3780
9,3780
41,3782
44,3783
7,3785
14,3785
31,3786
33,3786
44,3786
8,3790
16,3791
42,3792
40,3793
13,3794
8,3797
33,3799
33,3801
12,3802
22,3802
50,3803
45,3803
46,3805
3,3806
31,3808
46,3808
41,3809
12,3810
33,3810
8,3812
34,3813
44,3813
49,3813
46,3815
23,3817
15,3818
24,3818
5,3819
24,3819
11,3820
46,3821
38,3822
48,3823
7,3826
1,3827
1,3828
23,3828
2,3829
50,3831
2,3831
29,3832
1,3833
21,3833
2,3834
18,3834
41,3834
27,3835
43,3836
9,3837
37,3837
27,3838
19,3839
35,3840
1,3841
3,3842
35,3842
42,3842
1,3843
5,3843
37,3843
5,3844
2,3845
2,3846
22,3846
4,3847
13,3847
3,3848
14,3848
46,3848
1,3849
41,3849
2,3850
15,3850
36,3852
39,3852
4,3853
21,3853
8,3854
14,3855
45,3855
8,3857
10,3857
48,3857
23,3858
8,3860
9,3860
42,3860
17,3864
35,3864
27,3865
40,3867
43,3868
12,3872
16,3872
7,3873
3,3875
24,3875
4,3877
5,3878
7,3879
49,3879
24,3880
3,3881
38,3881
5,3882
30,3882
49,3882
4,3884
26,3884
43,3886
33,3889
21,3890
22,3891
23,3891
31,3891
8,3895
9,3895
45,3895
43,3896
20,3897
20,3898
22,3899
13,3900
16,3900
17,3900
42,3901
41,3903
35,3904
40,3906
43,3906
49,3906
17,3908
6,3909
24,3910
36,3910
9,3911
43,3912
10,3913
49,3913
17,3914
15,3915
41,3915
10,3916
48,3916
20,3917
48,3917
14,3919
18,3919
48,3919
32,3920
29,3924
6,3926
50,3928
10,3929
41,3929
11,3931
18,3931
22,3931
35,3932
18,3933
38,3934
9,3937
8,3939
37,3939
32,3940
43,3940
42,3941
23,3942
41,3943
15,3946
30,3946
9,3948
21,3949
10,3950
26,3950
27,3951
18,3952
39,3952
27,3953
29,3954
28,3956
49,3956
25,3958
1,3960
26,3960
2,3961
1,3962
14,3962
31,3962
1,3964
39,3964
2,3965
15,3965
30,3966
22,3967
32,3967
2,3968
22,3968
1,3969
17,3971
30,3971
41,3972
21,3973
13,3974
31,3974
42,3974
45,3978
47,3978
26,3979
29,3979
49,3980
23,3982
11,3983
19,3983
24,3984
41,3987
25,3988
27,3988
9,3989
16,3990
23,3990
35,3990
40,3992
10,3993
1,3995
3,3995
27,3995
4,3996
37,3996
1,3997
34,3997
2,3998
37,3998
2,3999
31,3999
1,4000
34,4000
8,4001
2,4003
23,4003
33,4003
3,4006
5,4007
25,4007
2,4008
4,4008
32,4008
5,4009
33,4010
12,4011
36,4012
6,4015
47,4016
9,4017
47,4017
14,4018
18,4018
26,4018
13,4020
20,4020
32,4020
31,4022
31,4023
40,4023
9,4025
23,4026
32,4029
25,4030
31,4032
42,4034
3,4036
14,4037
27,4037
29,4037
7,4040
29,4042
40,4042
16,4043
23,4045
32,4048
10,4049
30,4050
10,4051
19,4051
26,4051
48,4052
46,4054
9,4056
32,4058
50,4060
11,4060
29,4061
31,4061
37,4061
25,4062
18,4065
13,4066
43,4067
45,4068
5,4070
40,4072
47,4075
23,4077
45,4077
3,4080
30,4080
33,4080
42,4081
45,4082
41,4089
25,4090
25,4091
36,4091
23,4092
43,4093
11,4094
1,4095
1,4096
17,4098
11,4101
2,4102
30,4102
48,4102
2,4104
42,4104
1,4105
22,4105
45,4105
2,4106
23,4107
22,4108
41,4108
25,4109
36,4109
27,4110
39,4110
27,4111
27,4113
8,4114
15,4114
19,4114
30,4114
25,4116
47,4116
25,4117
38,4120
8,4121
8,4123
9,4124
29,4124
32,4124
10,4125
12,4125
17,4125
22,4125
24,4126
49,4126
8,4127
33,4127
43,4127
47,4127
39,4128
43,4128
12,4129
24,4133
19,4135
26,4137
32,4138
43,4138
48,4138
25,4139
28,4140
31,4140
50,4141
8,4141
11,4141
23,4141
19,4144
47,4148
25,4149
11,4150
29,4150
28,4152
37,4152
29,4154
24,4156
43,4157
14,4158
40,4158
37,4161
26,4163
28,4163
1,4164
19,4164
2,4165
49,4165
32,4166
1,4168
35,4169
16,4170
35,4170
45,4170
38,4171
47,4171
14,4172
20,4172
2,4173
1,4174
39,4174
2,4175
34,4175
48,4175
14,4176
15,4176
34,4176
10,4177
11,4177
26,4177
3,4178
37,4178
4,4179
13,4181
4,4182
17,4183
13,4185
20,4185
32,4186
42,4186
3,4187
5,4188
25,4190
45,4191
5,4193
21,4194
22,4196
12,4198
17,4198
20,4198
21,4198
34,4198
43,4198
1,4199
9,4200
23,4200
6,4201
8,4201
2,4204
3,4205
18,4205
4,4206
1,4207
3,4207
26,4207
35,4207
1,4208
2,4209
2,4210
28,4210
5,4211
4,4212
22,4212
5,4213
22,4214
1,4215
41,4215
1,4216
2,4217
13,4218
44,4219
2,4220
1,4221
2,4222
7,4223
9,4223
14,4223
23,4223
28,4223
43,4223
9,4224
11,4224
39,4224
36,4225
25,4226
38,4227
1,4228
40,4228
2,4229
11,4229
1,4230
20,4230
30,4231
36,4232
1,4233
25,4233
20,4234
19,4235
21,4235
35,4235
36,4236
2,4237
24,4237
2,4238
16,4238
28,4240
6,4243
10,4243
19,4243
33,4244
7,4245
13,4245
3,4248
21,4248
23,4248
4,4250
9,4250
16,4250
15,4251
24,4251
5,4254
12,4254
32,4254
4,4255
5,4256
44,4256
31,4258
29,4259
27,4260
28,4262
3,4264
36,4264
43,4264
17,4265
40,4265
16,4266
10,4268
24,4269
9,4270
34,4270
36,4270
22,4273
12,4274
8,4276
23,4278
15,4279
19,4279
30,4280
49,4281
9,4282
16,4282
26,4282
27,4282
44,4282
16,4283
29,4283
43,4283
45,4283
17,4290
49,4290
17,4291
29,4292
50,4293
3,4293
23,4293
9,4294
20,4295
4,4296
12,4296
34,4296
39,4296
15,4297
5,4298
4,4299
3,4300
18,4300
27,4301
5,4302
27,4304
45,4306
1,4308
36,4308
28,4310
14,4311
28,4311
2,4313
37,4313
32,4314
39,4314
45,4315
1,4316
3,4316
9,4316
23,4316
4,4317
17,4317
28,4317
2,4318
29,4318
4,4319
31,4321
50,4322
5,4322
18,4322
48,4322
3,4323
7,4324
5,4325
22,4325
1,4326
2,4327
7,4327
46,4327
35,4328
18,4329
3,4331
5,4333
18,4333
39,4333
4,4335
35,4335
20,4336
4,4337
3,4338
6,4338
23,4338
5,4339
47,4339
41,4340
35,4341
13,4342
28,4343
2,4344
15,4344
17,4344
43,4344
31,4347
36,4347
40,4347
1,4348
10,4348
14,4348
2,4350
50,4351
12,4351
1,4352
32,4352
1,4357
19,4357
2,4358
25,4358
30,4358
2,4359
36,4361
38,4361
50,4363
12,4363
8,4364
10,4364
13,4364
22,4364
11,4366
16,4366
8,4367
48,4368
27,4369
41,4369
9,4371
9,4373
3,4374
29,4374
32,4374
13,4375
17,4376
5,4377
5,4378
18,4379
5,4380
27,4380
4,4382
36,4382
3,4383
16,4383
8,4384
26,4384
4,4386
20,4386
10,4387
22,4388
32,4388
39,4388
18,4389
44,4389
21,4390
22,4391
1,4392
14,4392
21,4392
39,4392
2,4393
6,4393
1,4394
1,4396
27,4396
47,4396
39,4398
2,4399
29,4399
2,4400
16,4400
27,4400
43,4401
49,4404
14,4408
26,4408
30,4408
20,4410
35,4411
43,4411
29,4414
31,4414
24,4415
32,4415
9,4416
18,4416
47,4416
45,4420
21,4422
43,4422
8,4423
40,4424
3,4425
4,4426
42,4426
17,4427
14,4428
5,4429
8,4431
4,4432
5,4433
42,4433
27,4434
3,4435
12,4435
11,4436
1,4439
28,4439
1,4440
27,4441
45,4441
2,4442
26,4444
1,4445
2,4447
13,4447
28,4447
9,4448
30,4448
2,4449
49,4450
48,4452
15,4455
14,4457
40,4457
31,4458
34,4459
48,4461
8,4462
10,4463
27,4466
40,4466
30,4468
33,4468
46,4468
23,4470
40,4471
41,4471
47,4471
30,4472
38,4473
38,4474
32,4476
3,4478
21,4478
5,4480
8,4480
13,4480
42,4480
5,4481
40,4481
3,4482
5,4482
4,4483
33,4483
4,4484
16,4484
13,4485
3,4486
22,4486
37,4486
21,4489
35,4490
41,4490
46,4490
3,4492
30,4493
5,4494
21,4494
32,4495
40,4495
21,4496
37,4496
49,4496
8,4497
11,4497
36,4497
4,4498
27,4498
47,4498
5,4499
9,4500
25,4500
26,4500
39,4500
45,4500
49,4500
10,4501
4,4502
19,4502
22,4504
23,4504
3,4505
21,4505
47,4505
48,4506
15,4507
24,4511
14,4512
19,4512
36,4512
38,4515
40,4516
34,4518
19,4519
28,4519
48,4521
10,4522
26,4524
31,4526
27,4527
27,4529
1,4530
2,4531
12,4532
46,4532
7,4533
14,4533
9,4534
17,4537
48,4537
1,4538
18,4538
2,4540
14,4540
1,4541
2,4543
11,4543
20,4543
24,4543
34,4543
17,4544
8,4545
36,4545
39,4545
46,4546
7,4549
48,4551
9,4552
7,4553
27,4556
34,4556
8,4561
15,4561
6,4562
27,4562
29,4563
50,4564
37,4564
15,4565
44,4565
14,4566
36,4566
37,4567
22,4570
31,4571
12,4572
14,4572
35,4572
27,4573
43,4573
5,4576
23,4576
8,4577
14,4577
24,4577
17,4579
9,4580
12,4582
44,4582
3,4583
4,4584
3,4585
44,4585
5,4586
10,4586
28,4586
13,4588
4,4589
5,4590
9,4590
23,4595
47,4595
43,4598
17,4599
22,4599
46,4600
39,4601
39,4602
18,4604
10,4605
26,4605
44,4607
13,4608
16,4608
21,4613
28,4613
19,4614
29,4616
47,4616
50,4618
37,4618
1,4619
11,4619
34,4620
1,4621
34,4621
10,4622
36,4622
29,4624
2,4625
24,4625
43,4625
50,4626
17,4626
45,4626
28,4627
29,4627
1,4628
23,4628
36,4628
2,4629
3,4630
42,4630
2,4631
26,4632
10,4635
9,4637
10,4637
24,4637
5,4638
29,4639
7,4640
13,4642
39,4642
29,4645
24,4647
32,4648
50,4650
37,4650
1,4651
17,4651
44,4652
2,4653
1,4654
14,4655
17,4655
22,4656
1,4657
3,4657
10,4657
2,4658
30,4658
2,4659
4,4659
42,4659
14,4660
3,4661
21,4661
46,4661
12,4662
27,4662
4,4663
33,4663
5,4664
5,4665
9,4665
49,4665
3,4667
5,4668
11,4668
5,4670
20,4671
28,4672
4,4673
4,4674
8,4674
48,4674
31,4675
1,4676
3,4677
34,4678
21,4679
43,4679
37,4680
42,4680
49,4681
23,4682
39,4682
32,4683
15,4684
15,4685
34,4685
50,4686
17,4686
16,4691
15,4692
1,4693
33,4693
23,4694
1,4695
9,4695
2,4696
8,4696
11,4696
23,4698
16,4699
2,4700
41,4702
1,4703
18,4703
2,4704
10,4704
19,4704
43,4704
41,4706
20,4708
35,4708
39,4708
40,4709
29,4710
38,4716
48,4718
12,4719
13,4719
8,4721
31,4721
39,4724
3,4726
12,4726
29,4726
4,4728
5,4731
23,4731
5,4732
4,4734
19,4734
10,4735
3,4736
15,4737
31,4737
11,4740
38,4740
30,4741
3,4742
25,4742
35,4742
4,4743
27,4743
5,4744
31,4744
1,4745
25,4745
38,4745
1,4746
3,4746
23,4746
14,4748
23,4748
5,4749
25,4749
49,4749
4,4750
18,4750
20,4750
26,4751
38,4751
45,4751
2,4752
1,4753
15,4753
25,4754
45,4754
7,4755
10,4755
2,4756
46,4756
2,4757
31,4758
9,4759
10,4759
20,4759
17,4760
18,4760
42,4761
45,4761
19,4762
31,4762
35,4762
12,4763
24,4763
6,4766
9,4766
20,4766
31,4766
26,4768
46,4769
28,4770
34,4770
1,4772
18,4772
1,4773
2,4774
2,4775
1,4777
17,4777
2,4778
17,4778
36,4778
19,4780
9,4782
1,4788
13,4789
2,4790
7,4790
38,4790
1,4791
28,4791
2,4792
32,4792
34,4792
16,4793
17,4793
1,4796
38,4796
2,4797
32,4797
37,4797
3,4798
16,4798
5,4799
4,4800
5,4801
45,4801
4,4802
3,4803
3,4804
5,4805
43,4805
10,4806
31,4806
49,4806
4,4807
45,4807
15,4809
16,4809
38,4809
5,4810
25,4811
3,4812
33,4812
4,4813
46,4813
48,4813
48,4815
35,4819
8,4822
34,4823
3,4827
5,4828
39,4828
4,4829
5,4829
21,4829
22,4829
45,4829
49,4829
5,4830
39,4830
4,4832
21,4832
46,4832
32,4834
35,4834
32,4835
3,4836
29,4840
31,4841
9,4846
12,4847
22,4847
42,4847
8,4848
26,4850
35,4852
10,4853
46,4854
7,4855
22,4855
38,4855
1,4857
22,4857
23,4859
41,4859
30,4860
32,4860
2,4861
7,4861
32,4861
47,4861
20,4862
21,4862
40,4862
1,4863
40,4863
5,4864
28,4864
47,4865
2,4867
20,4868
1,4869
41,4869
2,4870
21,4870
37,4870
7,4873
11,4873
32,4873
34,4873
46,4873
16,4874
19,4874
42,4875
24,4877
28,4877
21,4878
35,4879
1,4880
13,4880
35,4880
1,4881
48,4882
2,4883
1,4884
12,4884
36,4884
15,4885
25,4885
49,4885
2,4886
1,4887
45,4887
26,4890
39,4891
40,4891
2,4892
44,4892
31,4893
33,4893
6,4896
31,4896
50,4898
23,4898
18,4899
30,4901
33,4904
16,4906
38,4907
22,4908
10,4909
7,4911
29,4911
8,4913
14,4914
1,4917
1,4918
3,4919
45,4920
2,4921
29,4921
36,4921
1,4922
22,4922
46,4922
2,4923
5,4923
2,4924
5,4926
4,4927
17,4927
33,4927
4,4928
46,4928
3,4929
27,4929
33,4930
31,4932
16,4936
13,4937
35,4937
45,4938
41,4942
20,4943
31,4943
14,4944
20,4945
3,4947
11,4948
14,4948
31,4949
1,4950
7,4950
12,4950
4,4951
1,4952
3,4953
48,4953
2,4954
4,4954
9,4955
36,4955
1,4956
5,4956
2,4957
5,4957
6,4957
18,4958
11,4959
2,4960
32,4962
7,4964
43,4965
6,4966
9,4966
44,4966
17,4967
36,4967
50,4969
3,4969
10,4971
4,4972
38,4972
31,4974
3,4975
9,4975
25,4975
5,4976
4,4979
6,4979
13,4980
29,4980
5,4981
3,4982
48,4984
15,4985
20,4985
36,4985
9,4986
14,4986
15,4986
10,4988
23,4988
40,4988
14,4990
48,4992
3,4993
34,4993
5,4995
39,4995
4,4996
30,4997
26,4998
5,5001
24,5002
4,5004
10,5004
3,5006
18,5008
31,5008
28,5010
26,5013
25,5015
13,5017
13,5018
29,5019
18,5021
25,5023
40,5024
9,5027
31,5027
42,5027
6,5029
20,5029
26,5029
7,5033
43,5034
49,5034
28,5035
40,5035
32,5038
19,5039
43,5039
6,5041
50,5042
18,5042
25,5043
38,5043
42,5043
19,5044
1,5045
16,5046
17,5046
38,5047
45,5047
3,5048
12,5048
14,5049
4,5050
29,5050
48,5050
4,5051
5,5052
43,5054
50,5055
8,5055
13,5055
18,5055
27,5056
29,5057
40,5057
3,5059
15,5059
29,5060
20,5061
40,5061
5,5062
18,5062
26,5062
35,5065
48,5065
28,5066
45,5066
26,5067
35,5067
3,5068
31,5068
48,5068
5,5069
34,5069
5,5070
14,5070
4,5071
45,5071
14,5072
26,5072
1,5073
1,5074
3,5074
20,5074
47,5074
18,5075
2,5076
4,5076
15,5076
1,5077
48,5077
16,5079
24,5079
2,5080
29,5080
2,5081
40,5081
47,5083
43,5084
17,5086
24,5086
29,5087
13,5088
18,5090
22,5090
29,5095
19,5096
6,5097
25,5097
38,5097
49,5099
1,5100
11,5100
2,5101
21,5101
40,5101
1,5102
15,5104
35,5104
40,5104
1,5105
2,5106
9,5106
2,5107
3,5107
17,5107
4,5108
40,5108
15,5109
28,5109
5,5110
3,5111
4,5112
5,5113
15,5113
25,5113
9,5114
3,5118
24,5118
29,5119
33,5119
34,5119
34,5124
18,5126
48,5127
25,5128
21,5129
29,5129
35,5129
3,5131
20,5131
4,5132
44,5132
49,5132
5,5133
49,5133
28,5135
39,5136
22,5138
3,5139
4,5140
14,5141
6,5142
24,5142
37,5143
45,5143
22,5145
49,5145
7,5147
48,5147
32,5149
30,5150
1,5151
5,5151
1,5152
16,5152
2,5155
2,5156
1,5157
43,5157
36,5158
49,5158
20,5159
38,5159
16,5160
38,5160
6,5161
2,5162
31,5162
47,5162
1,5163
14,5164
11,5165
21,5166
1,5168
2,5169
34,5169
13,5170
8,5171
35,5171
1,5172
2,5173
2,5174
39,5175
1,5176
29,5176
41,5176
3,5177
15,5177
29,5178
31,5178
21,5179
1,5180
42,5180
23,5181
2,5183
3,5184
1,5185
5,5185
26,5185
31,5185
34,5185
2,5186
4,5186
33,5186
42,5186
4,5188
17,5188
32,5188
39,5188
3,5189
9,5189
26,5189
5,5190
25,5190
2,5191
14,5191
49,5191
7,5192
29,5192
16,5194
20,5195
50,5196
31,5198
26,5200
24,5202
48,5202
17,5203
7,5205
40,5205
10,5206
15,5207
44,5207
35,5208
35,5209
43,5209
11,5210
43,5210
11,5212
23,5212
11,5213
45,5214
27,5215
26,5217
49,5217
34,5218
24,5220
28,5222
46,5222
29,5223
37,5223
27,5224
29,5224
11,5225
23,5225
7,5226
15,5226
48,5226
47,5230
25,5231
49,5231
31,5235
33,5237
35,5238
7,5239
26,5239
39,5239
44,5240
6,5242
22,5242
19,5243
4,5245
6,5245
18,5246
38,5248
28,5250
11,5251
19,5251
22,5251
23,5253
36,5253
27,5254
24,5255
10,5256
42,5256
5,5258
46,5259
38,5261
35,5262
11,5263
49,5263
42,5265
7,5267
9,5267
14,5267
19,5267
21,5267
16,5269
49,5270
27,5272
3,5273
29,5273
23,5274
38,5275
13,5276
4,5277
29,5277
40,5277
22,5280
23,5280
49,5280
1,5281
5,5281
1,5282
4,5282
8,5282
21,5282
3,5283
29,5283
2,5284
5,5284
1,5285
28,5286
2,5287
38,5287
4,5288
25,5288
2,5289
30,5289
49,5289
39,5291
37,5293
46,5294
17,5297
30,5300
46,5301
41,5302
50,5303
35,5303
44,5304
21,5305
1,5306
2,5307
1,5308
37,5308
43,5308
2,5310
32,5310
1,5311
21,5311
2,5312
27,5312
15,5313
39,5313
40,5314
50,5315
1,5315
18,5315
2,5316
39,5316
21,5317
25,5317
45,5317
49,5319
10,5320
33,5320
8,5321
44,5322
1,5323
14,5323
38,5323
2,5324
2,5326
1,5329
5,5329
2,5330
45,5330
15,5331
17,5335
27,5335
25,5336
13,5339
28,5339
41,5339
45,5339
11,5340
41,5340
15,5341
18,5345
27,5346
21,5348
45,5348
22,5349
14,5350
34,5350
36,5352
3,5353
2,5354
39,5354
34,5356
11,5357
45,5359
16,5360
47,5361
45,5363
39,5364
43,5364
23,5366
32,5369
3,5370
33,5371
8,5372
38,5372
49,5372
44,5373
4,5374
17,5375
32,5376
5,5377
5,5378
7,5378
22,5378
42,5378
48,5380
49,5381
3,5382
50,5383
30,5383
37,5383
10,5385
23,5385
9,5386
28,5386
43,5386
23,5387
41,5387
4,5388
10,5388
22,5388
43,5390
9,5391
19,5392
36,5392
23,5395
34,5395
37,5395
45,5399
24,5401
17,5402
37,5402
44,5402
40,5405
17,5406
7,5407
42,5409
41,5411
28,5413
45,5414
43,5416
2,5418
19,5418
6,5420
11,5420
25,5421
47,5423
27,5424
12,5425
35,5426
8,5428
12,5429
9,5433
18,5433
33,5433
12,5435
41,5435
3,5436
34,5438
25,5439
7,5440
20,5441
27,5442
50,5444
37,5445
26,5447
48,5447
50,5449
8,5450
46,5451
1,5453
36,5454
2,5455
22,5456
41,5456
48,5456
1,5457
2,5458
1,5461
9,5463
2,5465
40,5465
42,5466
49,5467
11,5468
8,5469
28,5469
22,5470
31,5470
49,5471
13,5472
42,5475
4,5476
10,5479
48,5479
34,5482
1,5483
11,5485
39,5485
34,5486
1,5487
37,5487
2,5490
35,5491
2,5492
32,5492
39,5492
43,5492
1,5493
2,5494
29,5495
42,5495
13,5498
31,5498
15,5499
6,5500
29,5503
11,5504
49,5504
50,5507
16,5507
20,5507
2,5508
26,5508
34,5509
3,5515
11,5515
20,5516
26,5516
39,5519
3,5520
3,5523
4,5523
9,5523
40,5526
4,5527
16,5527
21,5527
29,5527
3,5528
5,5529
11,5529
29,5529
34,5529
43,5529
23,5530
27,5530
27,5531
46,5531
1,5532
47,5533
33,5534
5,5535
3,5537
4,5538
30,5539
4,5540
5,5540
3,5541
6,5541
11,5541
24,5541
44,5541
2,5542
5,5542
29,5542
5,5544
18,5545
23,5545
28,5546
21,5548
37,5548
3,5549
5,5550
29,5551
42,5551
4,5553
13,5553
37,5553
5,5554
8,5556
10,5557
45,5557
49,5557
36,5558
40,5558
43,5559
4,5560
6,5561
1,5562
21,5564
3,5565
45,5565
2,5566
21,5566
27,5566
1,5569
17,5569
19,5569
28,5569
44,5569
1,5571
2,5573
50,5574
2,5574
12,5574
23,5574
49,5574
18,5575
1,5576
1,5577
23,5577
47,5577
43,5578
2,5581
2,5582
17,5582
38,5582
39,5582
49,5582
1,5583
40,5583
2,5584
19,5585
22,5585
15,5587
41,5588
3,5590
24,5590
4,5591
12,5591
14,5592
5,5594
18,5595
4,5596
3,5597
18,5597
33,5597
5,5598
20,5600
31,5601
6,5603
12,5603
15,5604
44,5605
46,5605
19,5607
43,5607
48,5608
26,5610
12,5611
34,5612
35,5613
30,5614
11,5615
21,5616
36,5616
41,5616
47,5622
38,5623
43,5625
12,5626
44,5626
49,5626
13,5627
38,5627
3,5628
36,5628
45,5628
27,5629
37,5629
39,5629
48,5629
5,5630
17,5630
5,5631
35,5631
44,5631
4,5632
3,5634
7,5634
28,5634
39,5634
4,5635
4,5636
25,5637
32,5637
43,5638
44,5638
28,5639
1,5641
13,5641
2,5642
16,5643
37,5643
1,5644
40,5644
16,5646
47,5646
18,5647
22,5647
37,5647
45,5647
34,5648
2,5649
7,5649
24,5649
1,5650
2,5651
41,5652
44,5653
26,5654
8,5655
21,5656
10,5658
3,5661
6,5661
7,5662
36,5662
4,5663
8,5665
4,5666
19,5666
18,5667
3,5668
42,5668
50,5669
25,5672
5,5673
48,5673
5,5674
6,5674
44,5675
8,5676
32,5676
45,5676
18,5677
7,5679
36,5681
33,5682
40,5684
7,5685
13,5685
15,5685
48,5685
25,5687
43,5687
44,5690
1,5691
37,5694
49,5698
6,5699
43,5699
17,5703
46,5703
43,5704
15,5706
3,5707
7,5707
42,5709
4,5710
45,5710
30,5711
40,5711
5,5712
42,5712
48,5712
3,5714
5,5715
28,5716
45,5716
4,5718
33,5718
39,5719
42,5720
8,5721
35,5721
41,5722
29,5724
37,5724
47,5724
20,5725
34,5725
40,5725
44,5725
6,5727
36,5727
19,5728
33,5728
26,5730
42,5730
48,5730
38,5731
29,5732
40,5732
23,5733
29,5733
1,5734
1,5736
2,5738
1,5739
2,5741
14,5741
34,5742
44,5742
2,5743
16,5747
33,5747
15,5749
30,5751
31,5752
32,5752
35,5752
33,5756
7,5757
11,5757
31,5757
32,5758
3,5759
5,5760
4,5761
8,5761
10,5761
1,5762
32,5762
4,5763
30,5763
41,5763
2,5764
5,5764
16,5764
18,5764
1,5765
50,5766
2,5766
16,5766
43,5766
1,5767
2,5768
3,5769
18,5769
24,5769
40,5772
7,5773
14,5773
20,5774
46,5774
37,5776
33,5778
48,5778
33,5779
42,5779
46,5779
3,5780
42,5780
5,5781
20,5781
33,5781
40,5781
4,5782
3,5783
9,5784
13,5784
5,5785
29,5785
4,5786
30,5787
25,5788
1,5789
8,5791
48,5793
2,5794
38,5794
48,5795
1,5796
9,5796
2,5797
19,5798
1,5799
46,5799
50,5800
2,5800
20,5800
11,5801
43,5802
39,5805
10,5806
14,5806
35,5806
16,5808
31,5809
8,5810
30,5810
33,5810
34,5810
40,5810
11,5815
28,5815
21,5817
28,5817
30,5817
33,5817
7,5819
10,5819
26,5819
1,5820
28,5820
37,5820
3,5821
13,5822
4,5823
5,5824
2,5825
46,5825
49,5825
1,5826
2,5827
3,5827
22,5827
28,5827
39,5827
40,5827
4,5828
1,5829
5,5829
27,5829
33,5830
38,5830
2,5831
28,5833
17,5835
28,5835
38,5835
11,5837
33,5837
49,5837
13,5838
18,5839
37,5839
1,5840
3,5840
24,5840
9,5841
13,5841
34,5841
1,5842
4,5842
17,5842
25,5842
2,5843
30,5843
41,5843
50,5844
1,5844
4,5844
2,5845
5,5845
3,5846
33,5846
38,5846
5,5847
26,5847
3,5848
2,5849
5,5850
11,5850
5,5853
14,5854
4,5855
5,5855
4,5856
45,5856
3,5857
22,5858
42,5859
28,5860
8,5861
19,5861
30,5861
38,5861
41,5861
7,5864
9,5864
16,5864
29,5864
40,5864
13,5867
29,5868
11,5869
44,5869
50,5870
31,5873
49,5880
16,5883
3,5886
5,5888
39,5888
25,5889
30,5890
3,5891
4,5891
45,5891
29,5892
48,5893
5,5894
9,5894
3,5895
24,5896
32,5897
4,5898
12,5898
50,5900
15,5901
48,5902
28,5904
37,5906
13,5909
21,5909
1,5910
34,5910
9,5911
19,5911
50,5914
2,5914
9,5916
1,5917
24,5917
50,5918
19,5918
50,5919
2,5919
28,5920
1,5921
20,5921
2,5924
25,5924
31,5925
42,5925
10,5928
40,5929
17,5930
1,5931
12,5931
20,5933
44,5933
49,5933
5,5934
25,5935
38,5935
43,5935
1,5936
32,5937
2,5939
23,5941
38,5941
9,5942
11,5942
32,5942
39,5942
2,5943
29,5943
3,5944
1,5945
5,5946
8,5947
4,5948
9,5948
16,5948
37,5948
2,5949
3,5949
37,5949
4,5950
18,5950
23,5950
5,5951
5,5952
12,5954
44,5954
12,5957
16,5959
29,5960
37,5960
1,5961
22,5961
22,5962
3,5963
1,5964
4,5964
2,5966
5,5966
40,5966
49,5966
3,5967
24,5967
27,5967
16,5968
2,5969
40,5969
5,5970
21,5970
41,5970
4,5971
26,5971
1,5972
2,5973
33,5973
35,5973
41,5973
19,5974
50,5975
20,5975
18,5976
33,5976
48,5976
3,5977
22,5977
4,5978
19,5979
5,5980
5,5981
17,5981
20,5982
23,5982
1,5985
38,5985
3,5986
17,5986
44,5986
1,5987
4,5987
2,5988
50,5989
2,5991
1,5992
46,5994
14,5996
15,5997
42,5997
43,5997
2,5998
23,6000
8,6001
47,6001
7,6002
30,6005
47,6005
11,6006
44,6008
3,6009
4,6010
5,6012
7,6012
5,6013
35,6013
3,6015
30,6016
4,6017
48,6018
44,6019
9,6021
31,6021
42,6021
49,6021
20,6023
22,6023
31,6023
36,6024
31,6025
35,6025
17,6026
25,6026
22,6027
38,6027
1,6029
41,6029
2,6030
8,6030
10,6031
12,6032
29,6032
1,6033
13,6034
24,6035
1,6036
2,6037
15,6037
34,6037
36,6037
26,6038
26,6040
3,6042
29,6042
2,6043
6,6043
48,6044
5,6046
14,6046
20,6046
26,6046
4,6047
13,6047
33,6047
43,6047
9,6048
44,6048
9,6049
31,6049
4,6050
7,6050
49,6050
3,6052
12,6052
5,6053
26,6053
40,6053
33,6054
10,6059
44,6061
31,6063
10,6065
13,6067
43,6067
44,6068
19,6069
17,6070
19,6070
42,6072
43,6079
11,6080
20,6082
10,6087
48,6089
48,6093
20,6094
36,6094
42,6094
13,6096
6,6097
27,6099
32,6099
17,6101
40,6101
26,6102
45,6105
7,6107
9,6109
12,6110
21,6110
46,6110
26,6111
47,6111
5,6113
48,6113
17,6114
23,6114
1,6115
45,6115
36,6117
45,6117
7,6118
38,6118
3,6119
6,6119
17,6119
50,6120
5,6120
43,6120
4,6121
4,6123
11,6123
5,6124
23,6124
11,6125
12,6125
38,6125
42,6125
3,6126
9,6126
26,6127
30,6128
39,6128
11,6129
34,6129
24,6131
15,6133
43,6134
16,6135
17,6135
49,6135
4,6136
26,6138
46,6139
26,6141
1,6142
31,6142
15,6145
30,6146
31,6146
27,6147
21,6148
23,6150
8,6151
1,6152
31,6152
9,6153
10,6153
16,6153
23,6153
41,6154
2,6156
35,6156
1,6157
8,6157
27,6157
50,6158
33,6158
1,6160
2,6161
22,6161
2,6162
13,6162
29,6163
22,6166
24,6166
38,6167
46,6169
47,6169
19,6170
33,6173
27,6175
24,6176
25,6177
49,6177
19,6178
28,6178
47,6178
26,6179
27,6179
12,6180
27,6180
18,6181
44,6186
44,6187
10,6189
16,6192
25,6193
28,6193
3,6194
13,6194
4,6196
20,6196
3,6197
11,6197
32,6198
42,6198
35,6200
4,6201
11,6201
5,6202
8,6202
17,6202
1,6203
20,6203
21,6203
5,6204
1,6205
40,6205
48,6205
2,6206
2,6207
50,6208
1,6208
34,6208
2,6209
26,6209
19,6210
6,6213
21,6213
30,6213
47,6213
13,6214
22,6216
46,6216
23,6217
20,6218
36,6218
41,6219
23,6220
49,6222
18,6223
21,6223
25,6224
26,6225
18,6226
35,6226
12,6227
14,6227
14,6229
42,6230
7,6231
24,6231
19,6232
24,6233
16,6235
12,6237
21,6240
18,6241
16,6243
26,6244
40,6245
6,6246
36,6246
28,6247
49,6247
37,6248
26,6249
45,6250
22,6251
33,6251
42,6254
15,6255
48,6255
42,6256
9,6257
23,6258
3,6260
14,6260
16,6261
42,6261
4,6262
27,6262
41,6262
5,6263
10,6263
3,6264
5,6266
3,6267
41,6267
5,6268
4,6269
19,6269
21,6270
35,6270
3,6271
6,6271
43,6271
17,6272
39,6272
4,6273
13,6273
15,6273
3,6274
4,6276
19,6277
24,6277
5,6278
5,6279
44,6280
14,6287
29,6287
30,6287
3,6288
14,6288
5,6289
25,6290
4,6291
13,6291
45,6291
46,6292
3,6293
30,6293
5,6295
11,6295
42,6295
4,6298
37,6301
26,6302
35,6302
6,6307
16,6307
22,6307
50,6308
36,6308
25,6309
31,6309
47,6310
33,6312
31,6313
14,6315
17,6315
40,6315
15,6316
43,6316
7,6317
28,6319
49,6320
11,6321
31,6321
32,6322
45,6323
23,6325
28,6325
48,6325
25,6327
33,6329
42,6329
29,6330
17,6332
40,6332
33,6333
38,6333
25,6334
43,6334
49,6335
23,6338
20,6339
41,6339
1,6340
19,6342
36,6342
46,6342
7,6347
26,6347
34,6348
41,6350
9,6351
27,6352
49,6352
3,6355
32,6355
29,6356
34,6356
4,6357
5,6358
27,6358
5,6359
49,6360
3,6361
20,6361
11,6365
4,6366
21,6366
27,6368
26,6369
34,6369
8,6372
17,6372
43,6373
27,6374
43,6374
15,6375
15,6376
23,6376
38,6377
12,6378
32,6379
9,6381
28,6381
14,6382
35,6383
4,6384
1,6386
37,6386
1,6387
43,6387
10,6388
2,6389
20,6389
2,6390
2,6391
5,6391
37,6391
1,6392
40,6392
46,6392
3,6393
45,6393
2,6394
4,6394
5,6395
11,6395
30,6396
45,6396
21,6397
11,6399
3,6400
14,6400
20,6400
5,6401
34,6401
42,6402
46,6403
4,6404
42,6406
20,6407
32,6408
24,6410
18,6411
42,6411
48,6411
50,6412
33,6413
34,6413
46,6414
25,6418
22,6420
3,6422
28,6422
5,6423
36,6424
4,6425
26,6426
39,6426
50,6427
1,6427
9,6427
5,6428
48,6430
1,6431
3,6431
9,6431
44,6431
2,6432
18,6432
20,6432
2,6433
4,6433
14,6433
15,6434
41,6434
34,6436
1,6438
2,6439
31,6440
23,6441
35,6441
41,6441
43,6443
6,6444
25,6444
23,6447
40,6447
43,6447
17,6450
23,6451
31,6451
49,6452
45,6453
34,6454
47,6457
50,6458
6,6459
40,6459
39,6461
42,6464
12,6465
19,6467
33,6467
3,6468
27,6468
12,6469
25,6469
4,6470
39,6471
5,6472
21,6472
5,6473
6,6473
8,6474
47,6475
3,6478
37,6478
4,6479
15,6479
44,6480
17,6481
20,6481
14,6482
31,6483
38,6484
41,6484
24,6485
40,6485
49,6489
23,6490
18,6491
26,6491
27,6491
33,6491
16,6492
25,6492
38,6492
15,6493
24,6493
36,6493
6,6495
28,6495
33,6495
38,6495
3,6496
4,6497
39,6497
20,6498
3,6499
44,6500
24,6501
41,6501
13,6503
45,6504
4,6505
12,6505
32,6505
1,6506
1,6507
7,6508
18,6508
2,6509
5,6509
1,6510
5,6510
2,6511
2,6512
21,6512
48,6512
14,6513
29,6515
28,6516
32,6516
14,6517
31,6517
3,6519
40,6520
1,6521
4,6521
4,6523
2,6524
3,6524
1,6525
13,6525
39,6525
17,6526
2,6527
5,6527
32,6527
42,6527
20,6528
1,6529
5,6529
21,6530
2,6532
17,6533
38,6533
22,6534
42,6535
20,6537
46,6537
23,6538
36,6538
19,6539
8,6540
31,6540
40,6540
12,6541
20,6542
41,6542
50,6543
42,6543
36,6545
9,6546
15,6553
21,6553
10,6556
33,6556
44,6558
46,6559
34,6561
33,6562
41,6564
44,6564
47,6566
1,6567
24,6567
1,6569
2,6571
25,6571
28,6571
4,6572
33,6572
2,6573
5,6575
1,6576
48,6576
30,6577
2,6578
43,6578
10,6579
24,6583
38,6583
46,6583
18,6584
3,6585
6,6585
4,6586
3,6587
4,6588
10,6588
5,6589
41,6589
50,6590
21,6590
20,6591
5,6592
36,6592
8,6593
31,6593
1,6595
13,6595
16,6595
1,6596
3,6596
12,6596
28,6596
49,6597
2,6598
1,6599
4,6599
5,6600
4,6601
23,6601
14,6603
1,6606
18,6606
3,6607
35,6607
5,6608
8,6608
43,6608
17,6609
13,6610
15,6610
44,6610
50,6611
2,6611
2,6612
1,6613
41,6613
23,6615
16,6617
30,6618
24,6619
48,6619
33,6620
3,6621
13,6621
29,6621
34,6621
4,6622
3,6623
4,6624
18,6624
5,6625
14,6625
22,6625
37,6626
50,6627
5,6628
8,6628
27,6628
13,6630
40,6630
26,6631
18,6633
40,6634
10,6636
16,6637
21,6639
38,6640
47,6640
48,6641
1,6642
1,6644
46,6644
36,6645
38,6645
2,6646
35,6646
1,6647
2,6648
9,6648
30,6648
49,6648
10,6649
33,6649
9,6650
2,6652
40,6652
18,6653
43,6653
11,6655
3,6657
5,6658
39,6658
23,6659
4,6660
32,6661
3,6662
4,6663
30,6663
5,6664
14,6664
23,6664
37,6664
37,6668
11,6669
17,6669
26,6670
11,6671
3,6672
4,6673
12,6674
28,6675
46,6675
4,6681
5,6682
11,6682
48,6682
19,6683
49,6683
3,6684
23,6685
9,6686
43,6686
32,6687
39,6689
5,6691
48,6691
8,6693
9,6695
14,6698
32,6698
50,6700
16,6702
18,6702
25,6702
12,6705
1,6713
38,6713
1,6714
2,6715
10,6715
39,6716
2,6718
48,6718
1,6719
40,6719
2,6720
13,6720
3,6722
4,6724
3,6725
9,6725
10,6725
16,6725
5,6726
33,6726
4,6727
5,6728
2,6729
19,6731
21,6731
26,6733
9,6734
3,6736
11,6737
41,6737
4,6738
27,6739
41,6739
42,6739
3,6740
44,6743
5,6744
15,6746
5,6748
29,6748
4,6749
20,6749
35,6749
6,6750
36,6750
31,6752
19,6753
46,6753
50,6757
23,6757
24,6759
50,6760
44,6762
32,6763
10,6764
20,6765
29,6765
44,6765
36,6766
3,6769
37,6770
5,6772
24,6772
36,6772
41,6773
48,6773
13,6774
19,6774
12,6776
5,6777
1,6778
4,6778
33,6778
4,6779
9,6779
3,6780
1,6782
6,6782
29,6782
32,6782
2,6783
17,6783
42,6783
9,6784
26,6784
1,6785
39,6785
22,6786
2,6788
2,6789
25,6789
42,6789
3,6790
4,6791
17,6792
46,6793
5,6794
24,6794
3,6795
16,6795
36,6795
5,6796
28,6796
4,6797
24,6797
49,6797
30,6798
37,6798
42,6798
15,6799
35,6799
47,6800
22,6801
25,6801
49,6801
17,6802
25,6802
1,6803
12,6803
2,6805
1,6806
2,6807
16,6807
30,6807
22,6808
34,6808
15,6809
1,6810
2,6811
15,6811
38,6811
11,6812
44,6813
22,6817
45,6817
9,6818
31,6818
24,6820
49,6820
31,6822
36,6822
15,6823
7,6827
44,6827
1,6829
23,6829
34,6829
36,6829
21,6831
43,6831
2,6832
32,6832
3,6833
1,6835
7,6835
2,6836
4,6836
40,6836
32,6837
1,6838
44,6838
48,6838
2,6839
19,6839
3,6840
40,6840
5,6841
21,6841
47,6841
5,6842
10,6842
4,6843
44,6843
15,6844
37,6844
31,6845
46,6845
48,6845
3,6846
11,6846
12,6846
42,6846
30,6847
47,6847
1,6849
4,6849
1,6850
5,6850
49,6850
22,6851
2,6853
5,6853
1,6854
4,6854
15,6854
38,6854
44,6854
2,6855
40,6855
39,6856
2,6857
7,6857
13,6857
3,6858
7,6858
9,6858
17,6859
40,6859
1,6860
50,6861
2,6861
31,6862
47,6862
1,6864
46,6864
1,6865
22,6865
43,6865
10,6866
29,6866
15,6867
25,6869
18,6871
21,6871
27,6871
45,6871
9,6872
21,6873
42,6874
2,6875
2,6876
7,6877
35,6877
13,6881
37,6882
14,6883
34,6883
7,6885
16,6886
23,6886
32,6886
14,6889
7,6891
13,6893
22,6894
1,6896
26,6898
47,6901
22,6902
13,6904
22,6904
48,6904
3,6905
5,6906
12,6907
43,6908
4,6909
26,6909
41,6909
21,6910
38,6910
43,6910
46,6910
4,6912
7,6914
5,6915
33,6915
39,6917
3,6918
44,6918
40,6919
2,6920
31,6921
6,6925
27,6927
40,6927
10,6929
38,6929
40,6929
1,6933
30,6933
35,6933
1,6934
10,6934
42,6934
47,6934
2,6935
38,6935
2,6936
8,6936
1,6937
32,6937
2,6938
2,6939
30,6940
41,6946
10,6947
38,6947
31,6950
18,6951
15,6952
5,6954
7,6954
18,6956
10,6957
43,6958
12,6959
16,6959
36,6959
20,6960
11,6961
11,6963
17,6963
30,6963
23,6965
6,6966
45,6966
12,6970
16,6970
27,6970
18,6974
39,6974
41,6975
22,6977
40,6977
29,6979
8,6983
9,6983
49,6983
32,6984
7,6985
10,6985
15,6985
6,6988
13,6988
35,6988
14,6994
27,6994
15,6995
35,6995
40,6995
8,6998
11,6998
1,7001
1,7002
8,7002
45,7002
50,7003
40,7003
2,7004
40,7004
2,7005
4,7005
1,7006
28,7006
3,7007
4,7008
2,7009
22,7009
39,7010
14,7011
35,7011
39,7011
5,7013
44,7013
48,7013
31,7014
5,7015
16,7015
3,7016
7,7016
33,7016
20,7017
35,7017
7,7018
4,7019
43,7019
9,7020
38,7020
15,7022
39,7022
5,7023
13,7024
13,7026
27,7026
16,7029
20,7029
3,7032
5,7034
22,7034
4,7035
17,7035
5,7036
4,7037
3,7038
46,7038
30,7040
7,7041
29,7041
14,7042
36,7044
24,7045
31,7045
37,7045
7,7047
3,7048
39,7048
4,7050
10,7050
4,7052
39,7054
3,7055
4,7055
31,7055
5,7056
26,7057
15,7058
26,7058
31,7058
17,7059
20,7059
5,7061
41,7061
15,7063
33,7063
6,7065
29,7065
47,7066
37,7067
41,7067
47,7067
47,7069
3,7070
7,7070
14,7070
4,7071
10,7071
14,7072
26,7072
11,7073
14,7073
5,7074
19,7074
5,7076
41,7076
14,7078
4,7079
1,7080
40,7080
3,7082
1,7083
18,7083
2,7084
8,7085
33,7085
39,7086
3,7087
39,7087
2,7088
5,7088
1,7089
4,7089
22,7090
38,7090
49,7090
4,7091
2,7092
5,7092
34,7092
3,7093
38,7095
9,7096
27,7096
38,7096
13,7097
27,7097
13,7099
17,7099
37,7099
26,7100
35,7100
9,7102
13,7102
16,7103
48,7103
21,7104
22,7104
19,7105
41,7105
17,7106
44,7106
49,7108
1,7109
6,7110
42,7110
44,7110
1,7111
35,7111
45,7111
16,7112
2,7114
26,7114
19,7116
20,7116
42,7116
2,7117
36,7117
1,7118
2,7119
4,7121
37,7122
45,7124
21,7126
30,7127
37,7130
35,7131
9,7132
11,7132
31,7132
20,7133
34,7133
22,7134
32,7134
7,7135
49,7138
6,7140
14,7144
50,7146
6,7146
49,7146
19,7148
41,7149
10,7152
34,7152
7,7154
29,7154
19,7156
30,7157
3,7158
6,7158
25,7160
4,7161
30,7161
5,7162
4,7163
12,7163
4,7164
5,7164
21,7164
33,7164
20,7165
38,7165
3,7167
44,7168
6,7169
14,7169
6,7171
42,7171
44,7171
34,7172
38,7172
3,7173
19,7173
29,7174
32,7174
5,7175
9,7175
41,7176
5,7178
40,7178
4,7179
29,7179
45,7179
18,7180
11,7181
29,7181
3,7182
33,7183
43,7183
9,7184
18,7185
4,7186
33,7186
46,7190
15,7192
44,7192
35,7193
12,7196
46,7196
12,7202
23,7202
49,7202
1,7204
3,7204
26,7204
2,7206
4,7206
13,7207
1,7208
12,7208
37,7208
42,7208
23,7209
24,7209
2,7210
5,7210
7,7210
44,7210
1,7211
5,7211
12,7211
45,7211
3,7212
7,7212
11,7212
50,7213
2,7213
9,7213
16,7213
24,7213
48,7213
4,7214
43,7215
50,7218
39,7218
44,7218
45,7220
2,7221
16,7221
28,7221
18,7222
4,7223
3,7224
48,7224
4,7225
9,7225
23,7225
44,7225
41,7226
40,7227
1,7228
2,7229
3,7229
25,7229
31,7229
1,7230
45,7230
1,7231
5,7231
4,7232
2,7233
5,7233
2,7234
16,7234
15,7235
22,7240
38,7240
22,7242
38,7243
45,7243
22,7244
24,7244
1,7245
29,7246
37,7246
1,7247
20,7247
22,7247
2,7248
1,7249
49,7249
2,7250
11,7250
17,7250
42,7250
2,7252
1,7253
34,7254
1,7255
42,7255
2,7256
24,7256
27,7256
23,7258
7,7259
33,7259
43,7259
2,7262
1,7263
11,7263
24,7263
31,7263
20,7264
34,7264
37,7264
2,7265
7,7266
12,7266
32,7266
44,7267
15,7268
39,7268
44,7270
46,7271
8,7272
9,7272
22,7272
30,7274
14,7275
18,7275
41,7276
42,7278
12,7279
21,7279
31,7279
38,7279
36,7281
42,7281
9,7282
24,7282
48,7283
20,7285
43,7287
46,7287
50,7291
25,7292
15,7293
18,7293
41,7293
14,7294
26,7294
31,7294
44,7294
45,7295
7,7297
49,7297
3,7298
27,7298
5,7300
13,7300
40,7300
45,7301
27,7302
31,7302
16,7303
4,7304
14,7304
5,7305
3,7306
3,7307
4,7307
7,7307
38,7309
36,7310
21,7311
26,7311
15,7312
34,7313
17,7315
29,7315
30,7316
5,7317
45,7317
27,7319
16,7320
19,7320
24,7323
43,7323
20,7327
28,7327
46,7327
44,7328
31,7329
36,7329
5,7330
10,7331
15,7331
8,7333
20,7334
43,7336
46,7337
1,7341
30,7341
7,7342
34,7342
2,7343
1,7344
31,7344
45,7345
1,7346
6,7346
13,7346
36,7346
38,7346
2,7347
31,7347
41,7347
11,7348
35,7348
36,7348
24,7349
2,7350
11,7352
6,7354
16,7354
27,7354
29,7355
14,7358
34,7358
33,7360
27,7361
40,7361
11,7362
15,7362
18,7362
38,7366
3,7371
12,7371
30,7372
4,7374
21,7375
47,7375
6,7376
45,7376
32,7377
33,7377
2,7379
31,7379
16,7381
30,7384
6,7386
38,7386
12,7388
19,7390
26,7391
43,7393
8,7394
31,7396
45,7396
9,7397
17,7397
42,7397
6,7398
49,7398
38,7402
50,7405
21,7406
25,7408
35,7408
30,7409
45,7409
41,7410
15,7412
25,7412
28,7413
33,7414
43,7416
32,7417
12,7418
36,7418
38,7418
22,7420
31,7420
17,7421
23,7421
1,7424
31,7424
11,7426
2,7427
3,7427
24,7427
15,7429
1,7430
4,7430
36,7430
1,7431
3,7431
13,7431
2,7432
7,7432
13,7432
2,7435
5,7436
22,7436
35,7436
11,7437
5,7438
8,7440
49,7440
9,7441
43,7441
15,7442
16,7442
39,7442
12,7443
38,7443
50,7444
4,7446
26,7447
12,7448
39,7448
1,7450
7,7450
1,7451
14,7451
20,7451
45,7452
48,7452
2,7453
6,7453
8,7453
17,7453
15,7454
38,7454
1,7456
3,7456
8,7457
17,7457
22,7457
5,7458
45,7458
2,7459
4,7459
11,7459
26,7459
2,7460
3,7461
9,7461
30,7461
4,7463
36,7463
5,7464
33,7464
46,7464
30,7466
40,7466
37,7467
17,7468
3,7469
18,7469
4,7470
20,7471
4,7472
46,7472
5,7473
5,7474
34,7474
41,7474
47,7474
1,7475
3,7475
6,7476
1,7477
36,7477
17,7478
2,7479
26,7479
48,7479
1,7480
1,7481
2,7482
9,7482
10,7483
2,7484
32,7484
27,7485
18,7488
40,7490
25,7492
9,7494
35,7494
17,7495
18,7495
20,7495
7,7497
14,7498
21,7498
17,7500
25,7500
43,7500
28,7501
35,7501
28,7502
8,7505
50,7506
1,7506
39,7506
18,7507
26,7507
2,7508
22,7508
50,7510
1,7512
2,7513
15,7513
7,7514
44,7514
1,7515
3,7515
43,7515
2,7516
1,7518
48,7518
1,7519
4,7519
43,7519
2,7521
27,7521
2,7522
4,7522
9,7522
18,7522
43,7522
1,7523
2,7524
3,7524
12,7524
5,7525
8,7525
13,7525
49,7526
5,7527
20,7527
46,7528
17,7529
25,7530
19,7531
18,7532
39,7532
30,7533
1,7535
10,7535
17,7535
48,7535
2,7536
1,7538
19,7538
1,7539
4,7539
21,7539
2,7540
2,7541
41,7541
29,7543
14,7544
7,7545
38,7545
50,7546
29,7546
46,7547
22,7548
1,7551
1,7552
21,7552
41,7553
2,7554
48,7554
1,7557
7,7557
18,7558
46,7558
2,7559
38,7559
2,7560
27,7560
1,7561
35,7561
2,7562
39,7562
10,7563
13,7564
1,7565
31,7565
24,7567
2,7568
40,7570
12,7571
25,7571
1,7573
11,7573
2,7574
8,7578
10,7579
35,7579
41,7579
49,7579
22,7581
3,7582
20,7582
24,7582
16,7583
5,7584
13,7584
20,7584
27,7585
4,7586
42,7586
6,7587
50,7588
1,7589
21,7589
5,7590
18,7591
25,7591
4,7592
44,7592
36,7594
39,7594
24,7595
3,7596
19,7598
23,7599
17,7603
18,7603
16,7605
35,7605
24,7607
3,7608
4,7609
4,7610
3,7611
18,7611
50,7613
5,7614
40,7614
1,7616
2,7617
1,7618
5,7618
12,7618
34,7618
2,7621
23,7621
1,7622
2,7623
39,7625
45,7628
25,7629
41,7629
35,7631
18,7632
40,7632
46,7632
41,7634
10,7635
12,7635
2,7638
25,7639
41,7644
43,7647
12,7648
36,7648
23,7649
7,7650
8,7650
38,7652
48,7652
7,7654
30,7655
33,7655
22,7656
31,7656
25,7658
1,7659
44,7661
41,7665
11,7666
24,7667
9,7668
29,7668
36,7668
48,7668
22,7669
7,7673
37,7673
43,7674
28,7675
12,7676
3,7677
5,7678
5,7679
4,7680
16,7680
14,7681
21,7681
31,7681
4,7682
33,7682
49,7682
3,7683
27,7683
22,7686
50,7688
1,7688
18,7688
1,7689
2,7690
1,7691
15,7691
23,7691
50,7692
2,7693
2,7694
39,7694
43,7694
24,7695
26,7695
42,7695
26,7696
17,7697
20,7698
33,7699
21,7700
32,7700
16,7703
36,7703
8,7704
15,7704
50,7707
48,7707
37,7708
45,7709
29,7710
30,7710
21,7711
35,7712
9,7713
41,7713
42,7714
48,7714
11,7716
27,7716
3,7722
30,7722
1,7723
4,7723
11,7723
18,7723
50,7724
8,7724
1,7726
6,7726
22,7726
39,7726
2,7727
4,7727
2,7728
3,7728
6,7728
22,7728
5,7729
34,7729
5,7730
42,7730
1,7731
14,7731
2,7732
7,7733
16,7736
1,7739
27,7739
42,7739
49,7739
2,7740
6,7740
1,7741
14,7743
39,7743
11,7745
44,7745
1,7746
41,7746
45,7746
2,7747
16,7747
2,7748
24,7750
2,7751
26,7751
35,7753
25,7755
23,7756
33,7756
27,7759
28,7759
39,7759
44,7759
12,7762
25,7762
26,7762
46,7763
49,7765
40,7766
48,7766
19,7768
28,7770
14,7771
24,7771
29,7771
13,7774
26,7774
36,7774
38,7775
41,7775
8,7776
34,7776
33,7780
1,7782
33,7782
1,7783
2,7784
11,7785
2,7786
36,7787
1,7789
17,7789
2,7791
44,7792
16,7793
7,7796
19,7796
37,7796
6,7800
21,7801
26,7801
10,7803
35,7804
1,7805
2,7807
1,7808
1,7809
27,7809
50,7810
2,7810
16,7810
45,7812
2,7813
22,7814
23,7815
12,7816
34,7816
39,7816
15,7820
16,7821
1,7823
2,7824
41,7824
1,7825
14,7825
2,7826
26,7826
1,7827
50,7828
2,7828
48,7828
31,7829
37,7829
40,7829
9,7830
13,7832
21,7832
22,7832
14,7834
48,7834
41,7835
45,7835
3,7836
26,7836
4,7838
44,7838
5,7840
3,7841
5,7842
47,7842
50,7843
11,7843
16,7843
35,7845
38,7845
4,7847
28,7847
44,7847
30,7849
28,7850
15,7851
14,7856
47,7858
18,7861
18,7863
36,7863
3,7865
32,7865
5,7868
43,7868
4,7869
6,7869
5,7870
4,7871
13,7871
33,7871
3,7872
39,7872
14,7873
34,7874
16,7876
15,7879
26,7879
36,7879
17,7882
49,7882
12,7883
27,7883
35,7883
45,7883
12,7884
34,7884
24,7885
50,7886
13,7886
12,7887
25,7888
33,7891
16,7893
48,7893
14,7895
47,7895
8,7896
1,7897
2,7898
34,7898
48,7898
33,7899
35,7899
1,7900
1,7901
16,7902
37,7902
48,7902
2,7904
13,7904
13,7905
17,7906
2,7908
27,7908
19,7909
26,7909
18,7912
6,7913
20,7913
10,7914
28,7914
25,7915
1,7916
6,7916
37,7916
39,7916
43,7916
1,7918
36,7918
18,7919
49,7919
42,7920
18,7922
2,7923
1,7924
12,7925
39,7927
3,7928
21,7928
30,7928
2,7929
13,7929
28,7929
29,7929
41,7929
4,7930
10,7930
33,7930
2,7931
4,7931
48,7931
3,7932
23,7932
43,7933
5,7934
34,7934
16,7935
5,7936
6,7937
6,7938
1,7939
29,7939
32,7939
1,7940
47,7942
2,7943
8,7943
22,7943
32,7945
39,7945
1,7946
12,7946
35,7948
2,7949
26,7949
37,7950
12,7951
37,7951
2,7952
27,7952
35,7952
36,7952
28,7953
11,7954
20,7954
44,7957
14,7958
37,7960
17,7961
44,7961
42,7962
3,7963
22,7963
3,7964
4,7965
41,7965
47,7965
3,7966
33,7966
17,7967
4,7968
5,7969
5,7970
46,7970
47,7970
38,7973
49,7974
18,7977
34,7977
1,7984
22,7984
39,7984
1,7986
20,7987
14,7990
50,7991
2,7991
31,7991
36,7991
47,7991
1,7993
35,7993
2,7994
8,7994
48,7995
2,7997
44,7997
12,8000
12,8002
38,8003
47,8006
10,8007
11,8007
22,8008
39,8009
49,8009
41,8010
14,8011
25,8014
45,8014
36,8015
43,8018
40,8019
47,8019
37,8022
6,8023
11,8023
42,8026
49,8027
45,8028
48,8028
34,8029
22,8030
27,8032
36,8032
3,8033
20,8033
7,8034
46,8034
14,8036
23,8036
4,8039
5,8040
48,8040
17,8041
29,8041
4,8042
6,8043
5,8044
3,8045
7,8045
18,8046
38,8046
16,8047
25,8049
29,8049
43,8049
12,8050
16,8050
26,8050
11,8051
38,8051
18,8052
20,8052
49,8053
15,8056
40,8056
36,8058
8,8059
24,8060
21,8061
8,8063
17,8063
43,8063
49,8068
50,8069
28,8069
40,8072
45,8072
30,8073
9,8074
31,8074
15,8075
11,8077
14,8077
8,8078
20,8082
21,8084
37,8084
12,8085
18,8085
35,8085
36,8087
44,8087
49,8087
44,8088
43,8089
14,8090
41,8090
46,8090
17,8092
41,8093
49,8094
9,8095
46,8096
23,8098
33,8098
44,8099
14,8100
50,8101
29,8101
34,8101
6,8103
47,8104
11,8108
15,8108
21,8108
41,8108
1,8109
2,8110
16,8110
1,8111
14,8111
17,8111
2,8113
13,8113
23,8114
1,8115
2,8116
27,8116
38,8116
40,8117
1,8118
13,8118
26,8118
46,8118
2,8119
33,8120
31,8123
1,8124
1,8125
22,8125
42,8125
2,8126
2,8127
48,8127
14,8128
24,8128
29,8129
39,8129
37,8130
50,8134
22,8134
39,8134
44,8134
39,8135
50,8136
33,8137
50,8140
23,8142
38,8142
32,8149
36,8149
8,8150
11,8150
43,8150
1,8151
6,8152
34,8153
1,8155
20,8156
38,8156
2,8157
28,8158
20,8159
1,8160
2,8161
47,8161
2,8163
1,8164
2,8165
7,8165
1,8166
20,8166
2,8167
41,8168
18,8169
23,8169
21,8170
24,8170
1,8171
2,8172
21,8172
11,8173
1,8174
1,8176
25,8176
39,8176
47,8176
43,8177
2,8178
1,8179
2,8180
2,8182
40,8183
46,8184
13,8187
39,8187
9,8188
24,8188
30,8188
46,8188
34,8190
39,8190
44,8192
14,8194
26,8196
47,8196
3,8197
6,8197
34,8197
5,8200
47,8200
5,8201
46,8201
5,8202
43,8202
4,8203
22,8203
25,8204
31,8204
44,8205
4,8206
49,8206
31,8207
27,8208
3,8209
38,8209
1,8210
39,8210
1,8211
9,8211
45,8211
2,8212
16,8213
5,8215
1,8216
42,8216
2,8217
49,8217
3,8219
4,8220
2,8221
5,8221
3,8222
21,8222
43,8222
8,8223
5,8225
25,8226
22,8227
25,8227
30,8227
44,8227
47,8227
28,8228
4,8229
35,8229
39,8229
6,8230
34,8230
48,8230
31,8231
3,8232
36,8232
43,8232
18,8233
5,8234
26,8234
4,8235
12,8235
22,8235
37,8235
3,8236
34,8236
10,8237
46,8237
5,8238
26,8239
29,8239
4,8240
1,8241
41,8242
2,8243
24,8243
46,8243
1,8244
20,8245
28,8245
1,8247
22,8247
32,8247
2,8248
2,8249
23,8249
18,8250
37,8251
33,8256
7,8258
33,8258
8,8263
39,8263
20,8266
34,8268
18,8270
23,8270
12,8271
40,8271
6,8272
6,8273
10,8274
1,8276
50,8277
20,8277
2,8278
25,8278
27,8278
1,8281
35,8282
1,8283
27,8284
2,8286
2,8287
9,8287
22,8287
25,8287
46,8287
9,8288
14,8292
3,8296
15,8296
5,8297
4,8298
45,8298
48,8298
5,8299
25,8303
1,8304
3,8304
2,8305
4,8305
14,8306
41,8306
25,8307
46,8309
1,8310
2,8311
18,8311
1,8312
7,8312
2,8313
26,8315
34,8317
1,8318
27,8318
1,8319
2,8320
26,8321
32,8321
1,8322
38,8322
43,8322
2,8323
14,8323
37,8323
2,8324
24,8324
41,8325
35,8328
40,8328
50,8329
17,8330
27,8331
40,8331
47,8332
6,8335
20,8335
32,8335
35,8336
10,8341
6,8342
1,8344
11,8345
27,8345
33,8346
8,8347
1,8348
35,8349
8,8350
30,8350
3,8351
9,8352
15,8352
4,8353
43,8353
17,8355
30,8355
37,8355
4,8356
47,8357
2,8358
5,8358
1,8360
17,8361
2,8362
8,8362
2,8363
3,8363
5,8364
9,8364
3,8365
5,8366
7,8366
4,8367
4,8368
22,8368
5,8369
3,8371
42,8372
44,8372
11,8374
24,8374
12,8375
36,8375
3,8376
26,8377
7,8379
26,8379
8,8380
45,8380
17,8381
30,8382
10,8384
22,8385
39,8385
18,8386
24,8386
47,8387
16,8388
26,8389
26,8390
27,8392
38,8392
5,8395
7,8395
3,8396
39,8396
24,8398
17,8400
5,8401
31,8401
8,8402
4,8404
22,8405
5,8407
36,8407
46,8407
3,8408
28,8408
33,8408
49,8409
50,8411
25,8411
32,8411
36,8412
28,8413
47,8413
4,8414
41,8414
11,8415
29,8415
43,8415
30,8416
10,8417
21,8417
50,8420
7,8422
16,8422
12,8423
6,8424
31,8424
7,8425
33,8425
43,8427
45,8428
33,8429
39,8432
47,8433
30,8436
33,8436
24,8438
6,8439
20,8440
48,8440
39,8441
42,8442
3,8443
42,8443
43,8443
5,8444
5,8448
13,8448
4,8449
24,8449
4,8450
16,8450
24,8450
29,8450
3,8452
9,8453
14,8453
17,8454
28,8454
13,8456
37,8456
30,8458
35,8459
40,8461
5,8462
1,8463
2,8464
24,8464
1,8467
2,8468
19,8468
25,8470
1,8471
26,8471
36,8471
42,8471
28,8472
15,8473
8,8474
15,8474
2,8475
1,8476
1,8477
2,8478
28,8478
1,8480
33,8480
2,8481
30,8482
2,8484
17,8485
14,8486
22,8486
23,8487
30,8487
29,8489
47,8491
21,8492
29,8493
20,8494
28,8495
32,8496
31,8497
41,8497
46,8497
47,8498
44,8499
44,8500
15,8501
37,8501
15,8502
28,8502
48,8503
3,8504
4,8505
7,8505
21,8505
32,8505
33,8505
34,8505
5,8506
23,8506
45,8506
35,8507
4,8508
38,8508
22,8509
39,8509
18,8511
30,8511
45,8511
5,8513
29,8513
31,8513
36,8513
45,8513
3,8515
27,8515
3,8516
8,8516
12,8516
47,8516
6,8517
28,8517
46,8517
16,8519
10,8520
20,8520
47,8520
30,8521
42,8522
11,8523
12,8523
20,8525
39,8526
49,8527
3,8529
34,8529
41,8529
4,8530
3,8531
47,8531
4,8532
5,8533
34,8533
5,8534
35,8534
28,8535
41,8535
15,8536
29,8538
32,8539
42,8539
19,8541
7,8545
19,8545
20,8547
47,8549
38,8550
27,8551
30,8553
21,8554
35,8555
48,8555
10,8556
6,8559
30,8559
40,8559
12,8560
7,8561
43,8561
47,8561
29,8562
36,8565
41,8565
31,8566
9,8568
17,8568
30,8568
12,8570
39,8572
39,8573
3,8578
4,8579
1,8580
5,8580
12,8581
39,8581
4,8582
11,8583
27,8583
5,8584
7,8584
8,8584
50,8585
3,8585
22,8587
42,8587
15,8588
48,8590
50,8591
45,8591
14,8592
37,8593
45,8593
3,8594
19,8594
36,8596
40,8596
50,8597
4,8597
14,8597
50,8598
1,8598
5,8598
14,8599
31,8600
39,8600
1,8601
4,8601
48,8601
22,8602
26,8602
2,8603
5,8603
50,8604
3,8604
2,8605
10,8606
1,8609
2,8610
1,8611
31,8611
1,8612
2,8613
10,8613
45,8613
2,8614
1,8615
26,8616
44,8616
31,8617
2,8618
40,8618
42,8618
18,8621
16,8624
30,8625
18,8628
27,8628
46,8628
8,8629
22,8630
30,8630
46,8630
38,8633
43,8633
13,8634
25,8636
50,8637
24,8637
20,8638
40,8639
30,8640
45,8641
9,8644
21,8644
39,8645
24,8649
30,8649
45,8649
46,8649
3,8650
7,8650
27,8650
5,8652
30,8653
45,8653
4,8654
4,8655
7,8655
27,8656
5,8657
25,8657
46,8657
3,8658
24,8659
13,8660
29,8660
35,8662
16,8665
42,8665
20,8666
27,8666
14,8668
16,8670
20,8671
11,8672
44,8672
48,8672
16,8675
20,8675
40,8675
2,8676
42,8678
42,8681
17,8683
42,8683
14,8684
29,8685
6,8686
7,8686
25,8688
50,8689
8,8690
22,8691
30,8691
36,8691
38,8692
46,8693
3,8694
10,8694
19,8694
23,8695
29,8695
41,8696
4,8697
5,8698
20,8698
28,8700
4,8701
43,8701
5,8703
15,8703
27,8703
37,8703
3,8704
6,8705
31,8705
12,8707
29,8708
42,8708
44,8709
9,8710
27,8710
28,8711
35,8711
1,8714
2,8715
1,8716
2,8717
11,8717
25,8717
1,8718
32,8718
2,8719
10,8720
44,8721
32,8722
38,8722
3,8724
50,8726
27,8726
35,8726
4,8727
36,8727
5,8730
19,8730
3,8731
7,8731
20,8732
23,8732
5,8733
16,8733
4,8734
6,8734
36,8735
21,8736
24,8736
22,8737
38,8737
39,8737
3,8739
40,8739
1,8740
2,8741
19,8741
23,8743
1,8744
1,8745
31,8745
39,8745
2,8746
22,8746
35,8746
39,8746
50,8747
2,8747
15,8747
9,8748
3,8751
6,8751
1,8752
4,8752
12,8752
1,8753
4,8754
16,8754
18,8754
44,8754
3,8756
12,8756
25,8756
5,8757
2,8758
5,8759
36,8759
3,8760
31,8760
2,8761
39,8761
50,8762
4,8762
16,8762
1,8763
18,8763
38,8763
4,8764
20,8764
25,8764
2,8765
3,8765
7,8766
29,8766
45,8767
8,8768
5,8769
19,8769
5,8770
6,8770
17,8772
1,8773
1,8774
21,8774
23,8774
14,8776
41,8777
14,8779
36,8781
42,8781
1,8782
31,8782
44,8783
1,8784
2,8786
16,8787
9,8789
34,8789
8,8790
1,8791
2,8792
30,8792
14,8795
44,8795
5,8796
38,8796
49,8796
2,8797
35,8797
17,8803
9,8804
44,8806
15,8807
15,8809
18,8811
44,8812
20,8813
8,8814
28,8816
17,8817
26,8819
28,8819
37,8821
3,8822
26,8822
16,8823
1,8824
4,8825
12,8825
25,8825
38,8825
3,8827
4,8829
1,8830
8,8830
2,8831
20,8831
5,8832
11,8832
33,8832
45,8832
1,8833
5,8833
2,8834
32,8834
2,8835
36,8836
38,8839
49,8840
1,8841
16,8841
2,8842
3,8844
29,8845
1,8846
44,8846
50,8847
5,8848
12,8848
4,8849
14,8849
5,8850
2,8851
43,8851
4,8852
3,8853
1,8854
40,8854
46,8854
2,8855
12,8855
50,8856
8,8856
24,8856
10,8857
39,8857
1,8861
25,8861
27,8861
47,8861
1,8862
9,8862
10,8862
13,8862
20,8862
36,8862
35,8863
2,8865
1,8866
24,8866
45,8867
17,8868
9,8870
28,8871
2,8872
15,8872
50,8873
42,8874
2,8875
3,8875
27,8875
48,8875
5,8876
30,8876
7,8877
1,8878
15,8878
1,8879
15,8879
28,8879
40,8880
2,8882
4,8882
37,8882
47,8882
3,8883
33,8883
9,8884
5,8885
1,8886
4,8886
12,8886
7,8887
49,8887
2,8888
30,8888
2,8889
7,8889
6,8891
38,8891
23,8894
35,8894
11,8897
24,8897
31,8898
43,8898
23,8899
24,8900
6,8901
3,8902
7,8902
5,8903
12,8903
48,8904
4,8905
24,8905
40,8905
3,8906
45,8906
31,8907
5,8908
39,8909
4,8910
5,8912
10,8913
45,8913
48,8913
25,8914
39,8915
11,8917
3,8919
4,8920
32,8920
33,8920
45,8920
47,8920
4,8921
5,8922
3,8923
5,8924
45,8924
3,8925
40,8925
12,8926
4,8927
14,8927
4,8928
3,8931
5,8932
6,8932
13,8932
36,8932
42,8932
43,8932
42,8934
50,8935
5,8935
10,8939
9,8941
21,8941
26,8942
41,8942
25,8943
3,8946
27,8947
36,8947
5,8948
4,8949
27,8949
4,8950
5,8952
36,8955
3,8956
18,8957
47,8959
43,8960
42,8961
25,8962
16,8965
42,8965
45,8965
15,8966
27,8966
31,8967
16,8972
15,8973
7,8975
19,8975
37,8975
39,8975
43,8977
26,8978
22,8979
28,8982
31,8982
27,8983
20,8984
38,8985
19,8986
13,8987
48,8988
9,8991
38,8991
50,8992
16,8992
50,8993
12,8993
16,8994
35,8994
40,8994
8,8995
20,8996
44,8998
42,8999
11,9000
27,9000
1,9001
18,9001
20,9001
23,9001
1,9002
13,9002
27,9002
38,9002
2,9003
2,9004
27,9004
3,9005
7,9008
1,9010
23,9010
38,9010
4,9011
5,9013
3,9014
6,9014
19,9014
28,9014
2,9015
5,9015
41,9015
4,9016
8,9017
4,9018
15,9018
48,9018
45,9019
42,9022
1,9023
11,9023
37,9023
8,9024
12,9025
15,9025
38,9026
42,9026
21,9027
42,9027
1,9028
15,9030
2,9031
19,9031
33,9031
1,9033
32,9033
19,9034
31,9035
36,9035
29,9036
2,9037
30,9038
2,9039
21,9039
32,9039
41,9039
8,9040
26,9040
40,9040
12,9041
47,9043
31,9044
34,9044
46,9045
13,9046
47,9046
48,9046
26,9048
44,9050
30,9054
38,9054
49,9054
14,9056
12,9057
24,9057
19,9061
17,9063
50,9064
12,9064
19,9066
8,9068
23,9069
28,9069
40,9070
34,9071
44,9071
1,9072
3,9072
19,9072
42,9072
11,9073
1,9074
5,9074
2,9075
4,9075
49,9075
4,9076
3,9078
1,9079
5,9079
19,9079
31,9083
44,9083
2,9085
21,9087
32,9088
2,9089
45,9089
31,9090
6,9091
29,9094
13,9095
28,9095
40,9096
25,9097
44,9097
25,9098
28,9098
48,9098
26,9099
34,9100
46,9102
49,9102
16,9103
45,9103
1,9104
1,9105
25,9105
34,9105
48,9105
2,9106
14,9106
1,9107
9,9107
2,9108
43,9108
19,9109
39,9111
2,9112
15,9112
25,9113
3,9116
16,9116
40,9116
11,9117
42,9118
4,9119
49,9120
3,9121
29,9121
5,9122
14,9122
21,9123
43,9123
49,9124
5,9125
28,9125
49,9126
4,9127
38,9127
27,9128
6,9130
16,9135
3,9136
30,9136
5,9137
29,9137
6,9138
34,9139
41,9139
4,9140
13,9140
20,9140
40,9140
17,9141
38,9141
4,9142
37,9142
3,9144
6,9144
27,9144
5,9145
11,9145
43,9145
34,9146
30,9148
32,9148
43,9150
41,9152
16,9153
21,9154
49,9154
11,9155
17,9155
22,9155
32,9156
40,9157
3,9159
7,9159
12,9159
27,9159
23,9160
4,9161
28,9161
3,9162
5,9163
4,9164
22,9164
35,9164
5,9165
37,9166
32,9167
26,9170
15,9175
21,9175
42,9175
8,9176
20,9176
21,9178
31,9178
38,9178
6,9179
12,9179
32,9179
32,9180
23,9183
44,9183
7,9184
39,9184
14,9188
46,9188
9,9190
33,9191
15,9192
1,9193
38,9193
2,9194
32,9194
1,9195
38,9195
1,9197
18,9197
31,9198
2,9199
44,9199
47,9199
2,9200
13,9200
25,9200
40,9200
1,9201
26,9201
46,9201
28,9202
33,9203
13,9205
34,9206
41,9206
18,9207
34,9210
43,9211
6,9212
46,9214
3,9217
31,9217
47,9217
15,9218
5,9219
27,9219
5,9220
6,9220
48,9221
50,9222
4,9222
3,9223
21,9223
49,9223
24,9224
31,9224
18,9225
4,9226
40,9227
11,9228
32,9228
45,9228
46,9228
36,9229
9,9232
28,9233
40,9233
7,9234
12,9235
22,9235
35,9237
41,9237
37,9239
42,9239
40,9240
13,9241
3,9242
36,9242
18,9243
20,9243
11,9245
26,9245
13,9247
4,9248
5,9249
34,9249
1,9250
2,9251
3,9251
6,9251
50,9252
1,9252
2,9253
5,9253
26,9254
30,9254
32,9254
38,9254
47,9255
1,9256
4,9256
25,9256
17,9257
2,9259
12,9261
48,9261
41,9264
43,9264
46,9264
4,9266
15,9266
17,9266
19,9267
47,9267
44,9270
45,9272
22,9273
27,9273
3,9276
7,9277
31,9277
23,9278
26,9278
43,9278
8,9279
43,9280
1,9281
22,9281
1,9282
15,9282
2,9283
27,9284
48,9284
1,9285
41,9285
42,9285
2,9286
26,9286
36,9286
2,9287
29,9287
35,9287
3,9288
8,9288
14,9288
30,9288
5,9289
8,9289
20,9289
21,9289
5,9290
46,9290
31,9291
4,9292
4,9293
7,9293
23,9293
43,9293
3,9294
14,9297
13,9298
46,9298
34,9299
1,9300
2,9301
1,9302
47,9302
15,9303
29,9303
1,9304
41,9305
2,9306
29,9307
2,9308
28,9309
47,9309
21,9311
27,9313
1,9315
22,9315
39,9315
2,9316
11,9316
1,9317
1,9318
16,9318
2,9319
19,9320
31,9320
35,9320
2,9322
41,9322
27,9323
49,9323
32,9324
35,9324
3,9325
16,9325
5,9326
14,9326
18,9326
4,9327
9,9327
15,9327
35,9327
4,9328
5,9329
4,9331
27,9331
42,9332
17,9333
3,9334
33,9336
32,9337
24,9338
10,9339
14,9339
13,9340
33,9340
14,9343
47,9343
3,9344
1,9346
29,9346
1,9347
2,9349
15,9350
30,9351
1,9352
20,9352
22,9352
41,9352
2,9353
29,9353
40,9353
2,9354
1,9356
8,9358
35,9358
32,9362
38,9362
1,9363
42,9363
20,9365
20,9366
50,9368
1,9369
25,9370
2,9371
1,9372
2,9375
6,9375
2,9377
17,9377
10,9379
22,9379
50,9381
31,9382
42,9382
34,9383
49,9383
50,9384
1,9384
1,9385
13,9385
33,9385
9,9386
2,9388
17,9389
13,9391
29,9391
35,9391
2,9392
19,9392
1,9394
43,9394
45,9394
48,9394
13,9395
40,9395
15,9396
33,9396
2,9397
30,9400
36,9400
19,9401
33,9401
41,9401
10,9403
33,9404
16,9405
28,9405
30,9405
3,9406
16,9406
23,9406
26,9406
4,9408
3,9409
7,9409
8,9410
39,9410
5,9411
4,9412
34,9412
37,9412
5,9414
20,9414
14,9415
11,9416
38,9416
45,9417
9,9419
18,9420
27,9420
26,9421
36,9421
40,9421
8,9422
12,9422
31,9422
18,9423
41,9423
10,9424
34,9425
32,9426
29,9427
44,9432
49,9433
22,9434
48,9434
23,9436
37,9436
41,9437
30,9438
35,9442
8,9443
9,9443
23,9443
42,9444
18,9445
21,9445
40,9445
26,9446
46,9446
36,9449
41,9449
1,9450
28,9450
3,9451
19,9451
22,9451
29,9451
1,9453
4,9453
3,9454
11,9454
43,9454
5,9455
50,9456
41,9456
11,9457
38,9457
47,9457
2,9458
3,9458
4,9458
18,9458
41,9458
48,9458
1,9460
2,9461
5,9461
2,9462
40,9462
31,9463
38,9463
48,9464
6,9465
3,9466
27,9466
4,9468
33,9468
34,9468
5,9469
5,9470
3,9471
9,9471
10,9471
4,9474
7,9475
20,9475
44,9476
48,9476
3,9477
11,9477
28,9477
35,9477
5,9478
4,9479
14,9479
48,9479
3,9480
47,9480
4,9481
5,9482
10,9482
39,9482
20,9484
24,9485
40,9485
41,9485
13,9486
43,9486
46,9486
32,9487
29,9488
19,9489
16,9491
42,9491
26,9492
30,9492
22,9493
45,9493
8,9494
10,9495
43,9495
7,9498
14,9500
24,9500
27,9500
31,9500
45,9501
26,9502
34,9503
35,9504
30,9506
36,9507
7,9508
25,9509
12,9510
32,9510
6,9511
50,9513
2,9514
12,9514
11,9516
22,9516
6,9519
46,9519
49,9522
8,9523
11,9523
19,9523
9,9525
33,9527
17,9528
31,9528
47,9529
18,9530
36,9530
11,9531
21,9531
25,9531
28,9532
1,9534
32,9534
2,9535
47,9537
1,9538
19,9538
42,9538
46,9538
36,9539
1,9540
25,9540
30,9540
13,9543
2,9545
38,9546
2,9548
33,9550
6,9551
16,9551
42,9551
35,9552
39,9552
17,9555
17,9556
21,9556
24,9557
39,9557
47,9558
36,9560
1,9561
11,9561
1,9562
27,9563
2,9564
39,9565
2,9566
27,9568
48,9569
1,9571
4,9572
7,9572
26,9572
2,9573
23,9573
21,9574
48,9575
27,9576
12,9577
14,9577
3,9578
4,9579
24,9579
25,9580
39,9580
46,9580
3,9581
1,9583
21,9585
25,9585
31,9585
4,9586
5,9587
25,9587
44,9587
50,9588
1,9588
5,9588
45,9588
13,9589
2,9590
27,9590
39,9590
3,9591
17,9591
32,9591
1,9592
27,9592
29,9592
48,9592
2,9593
4,9593
46,9593
5,9594
6,9594
40,9594
3,9595
2,9596
39,9596
27,9597
44,9597
5,9598
4,9599
8,9601
25,9602
48,9603
33,9604
16,9605
1,9607
35,9607
1,9608
18,9608
34,9608
2,9609
39,9609
1,9610
2,9611
12,9613
19,9613
2,9615
12,9615
32,9615
25,9617
40,9618
45,9618
28,9620
36,9623
49,9623
50,9626
7,9629
45,9629
12,9631
43,9631
16,9632
46,9632
28,9633
23,9635
25,9638
27,9639
26,9640
6,9641
8,9642
34,9642
10,9643
32,9643
7,9645
34,9645
26,9646
28,9650
45,9650
43,9651
8,9652
9,9652
42,9653
39,9655
22,9656
32,9656
33,9658
34,9659
30,9661
18,9662
21,9662
43,9662
41,9663
27,9664
42,9665
40,9666
3,9668
10,9670
47,9670
10,9671
4,9672
34,9672
3,9674
34,9674
47,9674
5,9675
28,9675
5,9676
50,9677
30,9677
20,9678
23,9679
48,9680
4,9681
15,9681
30,9681
8,9682
2,9683
25,9683
29,9683
16,9684
11,9686
36,9686
15,9687
40,9687
31,9689
15,9691
49,9692
39,9695
41,9695
37,9696
26,9700
6,9702
10,9703
3,9704
12,9704
38,9704
46,9704
4,9705
11,9705
49,9705
5,9706
17,9706
22,9706
33,9706
3,9707
18,9708
34,9708
37,9708
4,9710
20,9710
24,9710
46,9710
5,9711
43,9712
19,9714
38,9714
14,9715
16,9715
29,9715
17,9716
48,9718
29,9722
1,9725
25,9725
1,9726
37,9727
41,9727
46,9727
2,9728
1,9729
28,9729
2,9730
11,9730
2,9731
42,9731
1,9733
2,9734
25,9734
7,9735
1,9736
8,9738
2,9739
27,9739
1,9741
25,9742
20,9743
34,9743
10,9744
31,9744
35,9744
3,9746
2,9747
4,9747
5,9747
13,9748
35,9748
4,9749
15,9749
31,9751
4,9752
25,9752
29,9752
3,9753
46,9753
47,9754
5,9756
28,9756
17,9757
27,9757
1,9759
2,9760
3,9760
1,9761
2,9762
18,9762
1,9765
4,9765
25,9765
2,9766
5,9766
22,9766
29,9767
3,9768
4,9770
5,9771
49,9771
19,9773
39,9774
21,9780
2,9781
41,9781
25,9783
44,9784
19,9785
26,9785
44,9787
30,9789
8,9790
41,9792
42,9795
3,9796
10,9796
45,9797
5,9799
22,9799
4,9800
32,9800
22,9801
9,9802
40,9802
49,9802
39,9803
4,9804
41,9804
16,9805
31,9805
30,9807
26,9808
39,9808
40,9810
41,9810
31,9811
3,9812
8,9812
10,9812
28,9812
5,9813
13,9813
9,9814
42,9814
1,9816
1,9817
12,9817
30,9817
37,9817
2,9818
10,9818
41,9818
1,9819
6,9819
2,9820
26,9820
32,9822
36,9822
2,9823
37,9823
30,9824
49,9825
30,9829
16,9830
18,9831
42,9831
10,9832
13,9832
32,9832
9,9834
23,9834
29,9834
29,9837
36,9837
38,9837
1,9839
1,9840
23,9841
43,9841
32,9842
2,9843
1,9844
16,9844
46,9844
48,9844
13,9845
2,9846
16,9846
2,9847
49,9847
30,9849
30,9850
2,9851
32,9851
35,9852
1,9853
2,9854
31,9854
33,9854
1,9856
2,9857
12,9857
7,9858
42,9858
43,9858
44,9858
1,9859
16,9859
44,9859
2,9860
24,9860
43,9862
49,9864
9,9865
19,9868
21,9868
32,9869
48,9869
50,9870
22,9870
29,9871
22,9872
30,9872
9,9873
27,9873
14,9874
23,9875
26,9875
18,9876
26,9876
47,9881
13,9882
20,9882
47,9883
11,9887
14,9888
17,9888
41,9888
50,9890
24,9890
26,9890
8,9892
6,9894
37,9897
30,9900
43,9901
49,9901
33,9905
41,9905
43,9905
42,9906
45,9906
6,9907
26,9907
38,9911
42,9913
43,9915
3,9916
17,9916
38,9916
32,9917
41,9918
5,9919
4,9920
30,9921
4,9922
7,9922
48,9922
3,9923
14,9923
19,9923
24,9925
27,9926
5,9927
34,9927
30,9928
12,9929
7,9933
42,9933
47,9933
45,9936
46,9937
47,9937
14,9938
35,9938
36,9938
29,9939
37,9941
49,9941
3,9942
4,9943
19,9943
39,9943
40,9943
3,9944
45,9944
46,9944
19,9945
45,9945
5,9946
13,9946
5,9949
49,9949
4,9950
38,9950
36,9951
10,9952
26,9952
40,9954
20,9955
23,9955
5,9956
49,9956
16,9957
28,9957
43,9957
23,9958
41,9959
15,9960
34,9960
18,9962
3,9963
7,9963
43,9963
11,9964
5,9965
18,9966
49,9966
31,9967
43,9967
28,9969
21,9971
6,9972
48,9972
4,9973
23,9973
34,9973
49,9973
4,9979
5,9980
3,9981
30,9982
3,9984
26,9984
2,9985
3,9985
5,9985
19,9985
4,9986
6,9987
36,9987
12,9988
31,9988
5,9989
18,9989
38,9989
45,9989
3,9991
4,9993
11,9993
12,9993
8,9994
20,9996
36,9997
9,9998
