25,7
7,8
1,9
1,10
2,11
2,13
1,14
2,15
24,17
3,24
5,26
8,27
2,28
4,28
1,30
2,31
1,34
2,35
1,36
2,40
4,40
1,43
3,43
7,43
5,44
1,45
2,46
2,48
16,49
1,50
4,50
24,50
20,51
2,55
25,61
1,67
21,67
2,68
1,69
25,70
16,70
2,77
1,78
2,79
3,81
9,83
4,84
4,85
8,86
24,87
9,88
5,89
5,90
3,92
15,93
18,93
21,102
6,103
10,111
3,112
20,112
4,114
14,117
5,118
4,119
3,120
5,123
18,128
10,129
6,137
6,138
15,141
9,145
20,147
15,151
6,153
9,158
23,159
10,164
5,166
11,167
25,169
25,172
20,172
22,176
20,177
1,185
13,185
1,186
2,187
3,187
10,188
4,189
2,191
5,191
4,192
1,193
5,194
2,195
3,195
25,197
1,205
7,205
1,206
2,207
1,208
2,210
2,211
25,220
7,227
25,230
21,235
11,237
3,238
12,238
4,241
5,242
5,243
4,244
3,245
24,246
9,253
25,254
3,256
5,258
16,259
5,261
4,263
4,265
3,266
8,269
19,272
10,277
11,277
1,278
3,280
2,281
4,281
1,282
5,282
13,282
1,283
2,285
4,285
3,286
2,288
5,288
1,289
21,289
1,290
6,290
2,292
1,294
2,295
2,296
3,296
4,297
4,298
19,298
3,299
5,301
5,302
6,302
24,302
14,304
21,307
18,313
3,323
6,323
5,324
4,326
14,328
3,329
18,330
5,331
4,333
1,354
1,355
2,356
25,360
2,361
1,362
2,364
1,365
24,366
2,367
1,368
4,368
2,369
16,369
1,370
2,371
1,373
22,373
2,376
1,377
2,378
1,379
2,380
5,381
23,383
25,385
9,386
22,387
23,390
18,398
10,408
1,411
16,411
1,412
2,413
1,416
2,418
2,421
7,422
7,431
15,434
1,436
1,437
2,439
2,440
21,440
1,441
11,443
2,444
20,448
2,452
17,459
10,464
24,467
3,468
4,469
3,470
9,470
5,473
21,473
4,474
5,477
12,478
15,483
1,486
2,487
1,488
2,489
1,491
12,492
2,493
13,502
10,503
3,504
18,504
18,509
1,514
1,515
25,518
2,518
1,519
3,519
19,520
2,521
5,521
2,524
4,524
4,525
24,525
3,527
5,528
25,533
1,541
1,546
21,547
24,547
2,548
1,549
2,551
2,552
8,554
11,567
16,568
10,573
21,584
7,587
8,596
10,596
6,597
25,603
24,603
6,604
3,605
19,605
5,606
21,607
18,608
7,609
4,612
3,615
10,617
5,618
4,619
18,623
22,625
22,630
9,632
17,641
21,646
3,651
5,652
4,653
13,654
14,654
5,655
4,656
3,657
7,657
11,659
1,664
17,666
23,666
1,667
2,669
1,670
2,671
2,672
1,677
16,677
1,679
3,679
4,680
2,682
2,683
1,684
4,684
7,684
3,685
2,686
5,686
5,687
15,691
23,701
17,702
8,704
21,707
9,708
22,714
16,715
3,723
5,724
12,724
5,725
4,726
3,728
4,731
13,733
1,736
16,736
2,737
7,737
1,738
15,738
2,739
1,740
2,741
7,746
23,747
18,754
12,757
15,759
14,764
19,768
15,770
19,777
6,780
14,782
18,787
1,788
1,789
15,791
2,792
1,796
17,796
16,797
2,798
2,799
24,799
1,800
2,801
1,805
9,805
2,808
1,809
2,810
16,815
20,825
3,829
23,830
4,831
4,832
5,834
3,835
6,836
5,837
12,837
1,849
1,850
2,851
18,851
20,851
1,852
2,853
6,854
19,854
2,855
17,857
24,859
10,861
20,862
20,863
25,865
3,865
4,866
15,866
4,867
3,869
5,870
5,871
11,872
8,879
3,887
24,887
4,889
4,893
5,896
3,898
5,899
24,899
17,900
17,906
3,912
19,912
4,913
5,915
5,918
3,921
21,921
24,924
4,926
1,945
2,946
1,947
7,947
2,948
18,948
24,950
1,951
2,952
10,960
10,973
12,975
18,975
1,976
3,976
2,977
4,977
1,978
5,978
1,981
5,981
3,982
4,983
2,985
2,992
15,996
6,999
12,1007
3,1016
15,1016
22,1016
18,1019
4,1020
14,1021
4,1023
10,1023
18,1023
3,1027
5,1028
5,1030
17,1032
24,1039
21,1040
11,1044
12,1047
14,1054
9,1063
2,1064
22,1077
3,1079
5,1081
4,1082
22,1082
3,1083
6,1084
19,1084
4,1085
16,1085
5,1087
8,1092
16,1094
1,1096
1,1097
10,1097
2,1099
1,1100
2,1101
2,1102
5,1102
12,1111
22,1113
25,1118
16,1123
22,1129
3,1132
23,1133
4,1134
5,1136
5,1138
13,1139
4,1142
3,1143
8,1143
25,1145
1,1145
2,1148
1,1149
2,1152
1,1153
2,1154
9,1159
1,1161
1,1162
2,1164
3,1164
4,1165
2,1166
3,1166
3,1167
1,1168
5,1168
5,1170
2,1171
4,1172
3,1173
4,1174
23,1178
4,1180
5,1181
5,1182
3,1183
8,1184
20,1185
23,1187
9,1189
11,1190
11,1197
14,1199
23,1199
25,1200
25,1201
3,1203
4,1204
13,1205
3,1206
10,1206
4,1207
5,1210
5,1212
12,1215
16,1215
3,1221
4,1223
5,1224
6,1224
11,1224
17,1224
4,1226
3,1227
8,1227
5,1228
3,1229
5,1235
12,1242
3,1243
9,1243
10,1243
25,1245
9,1245
4,1247
3,1248
5,1249
4,1250
5,1251
6,1257
24,1262
11,1265
3,1267
5,1269
7,1269
22,1269
4,1270
5,1271
3,1272
4,1273
3,1275
16,1275
4,1276
21,1277
5,1278
22,1278
3,1279
4,1284
21,1284
5,1288
1,1289
1,1290
2,1292
2,1293
1,1294
2,1295
8,1301
10,1302
1,1304
1,1305
20,1305
2,1306
2,1307
6,1307
1,1308
2,1309
3,1312
10,1312
23,1314
24,1315
4,1316
5,1318
11,1319
3,1320
18,1322
4,1323
16,1324
5,1325
20,1325
22,1327
20,1328
8,1329
18,1334
21,1348
15,1356
17,1358
22,1358
9,1361
13,1361
8,1362
7,1368
19,1376
14,1383
9,1384
21,1389
21,1391
23,1391
1,1393
2,1394
6,1394
1,1396
21,1396
1,1397
15,1398
2,1400
2,1401
24,1402
1,1404
3,1407
4,1408
24,1409
4,1410
5,1412
17,1412
19,1413
3,1414
7,1414
5,1415
14,1415
1,1423
3,1423
22,1424
2,1425
1,1427
4,1427
2,1428
3,1428
1,1429
4,1429
2,1430
5,1430
5,1431
1,1435
1,1436
2,1437
2,1439
1,1440
13,1440
25,1441
2,1441
8,1443
8,1445
1,1448
13,1454
15,1458
2,1465
20,1465
3,1470
20,1471
5,1477
5,1478
4,1479
3,1480
23,1480
1,1482
4,1482
1,1483
2,1484
2,1486
1,1487
2,1489
23,1495
3,1500
4,1501
3,1502
5,1503
5,1504
4,1505
1,1506
1,1509
2,1510
12,1510
1,1513
2,1514
2,1515
8,1520
11,1522
14,1524
1,1529
2,1530
1,1532
3,1533
2,1534
15,1534
1,1535
2,1536
4,1536
1,1537
5,1537
1,1538
4,1538
2,1539
3,1541
2,1542
1,1543
5,1543
1,1544
2,1547
12,1550
15,1550
3,1552
4,1553
3,1554
18,1554
12,1555
22,1555
5,1556
2,1557
4,1557
13,1557
5,1558
18,1559
1,1565
22,1566
2,1571
7,1571
1,1574
24,1575
2,1577
1,1580
23,1583
22,1584
9,1585
2,1587
16,1588
24,1593
3,1599
24,1600
4,1601
3,1603
4,1606
5,1608
5,1612
23,1612
16,1613
12,1617
19,1617
25,1621
1,1626
1,1628
1,1629
2,1630
1,1631
9,1633
2,1635
2,1637
21,1639
15,1653
9,1657
3,1659
11,1659
4,1662
5,1663
5,1664
4,1666
17,1666
1,1667
1,1668
2,1669
2,1670
3,1670
1,1671
2,1672
14,1672
13,1674
6,1678
7,1678
9,1680
13,1682
18,1688
3,1690
1,1691
4,1691
7,1694
1,1696
5,1696
2,1697
5,1697
4,1698
1,1699
3,1701
1,1702
2,1703
2,1704
8,1705
15,1708
17,1709
3,1710
4,1713
5,1717
4,1719
5,1721
3,1723
3,1727
23,1728
1,1730
2,1731
4,1732
1,1733
1,1734
2,1735
5,1735
2,1736
4,1737
3,1739
5,1740
7,1741
17,1743
7,1744
24,1749
3,1750
20,1750
7,1752
4,1753
7,1753
4,1754
5,1755
9,1755
15,1756
21,1756
3,1757
24,1757
20,1758
5,1759
3,1763
4,1765
3,1766
13,1767
5,1768
23,1769
1,1770
1,1771
2,1772
1,1773
2,1774
4,1774
2,1776
5,1778
24,1778
6,1782
14,1784
18,1791
3,1793
5,1795
4,1798
3,1799
4,1802
5,1804
23,1812
10,1816
20,1820
18,1830
8,1832
11,1834
10,1837
3,1844
4,1845
25,1847
5,1848
1,1851
5,1852
7,1853
4,1854
6,1854
13,1854
3,1855
21,1859
3,1860
4,1862
10,1862
5,1863
20,1864
3,1866
11,1866
16,1866
5,1867
4,1873
20,1874
13,1881
24,1881
1,1888
11,1888
15,1888
2,1890
1,1891
21,1891
2,1893
14,1893
14,1895
1,1896
25,1898
20,1898
2,1899
1,1902
23,1903
2,1904
1,1905
1,1908
5,1908
2,1910
2,1911
24,1913
15,1922
21,1924
23,1927
18,1928
15,1938
1,1941
1,1946
2,1952
1,1954
2,1957
10,1957
11,1957
2,1960
25,1961
15,1966
10,1971
1,1982
1,1984
9,1984
2,1986
1,1987
2,1988
2,1989
8,1989
1,1996
19,1996
15,1999
3,2001
4,2002
11,2003
4,2005
22,2008
3,2010
23,2010
5,2012
5,2013
4,2018
9,2020
24,2023
19,2024
14,2025
13,2027
3,2031
4,2033
5,2034
15,2035
4,2036
3,2037
14,2039
5,2041
9,2046
1,2058
1,2062
1,2063
2,2064
1,2066
2,2068
2,2069
6,2069
25,2072
24,2073
11,2074
3,2077
4,2078
4,2080
5,2081
5,2082
1,2083
3,2083
2,2084
1,2086
1,2087
8,2087
24,2087
2,2090
2,2091
13,2100
12,2103
18,2108
9,2110
18,2118
25,2119
8,2123
3,2124
13,2124
4,2126
25,2127
1,2127
5,2128
2,2129
1,2130
3,2130
1,2131
2,2132
5,2132
2,2133
4,2134
12,2139
14,2139
1,2143
22,2143
1,2145
3,2146
3,2148
5,2149
4,2150
7,2150
2,2151
2,2153
13,2153
23,2153
1,2154
2,2155
4,2155
3,2157
20,2157
5,2158
18,2174
21,2175
21,2178
16,2179
13,2190
21,2194
23,2195
12,2196
23,2210
10,2217
1,2220
2,2223
1,2225
1,2227
2,2228
14,2228
6,2232
15,2232
14,2238
20,2239
2,2241
3,2244
4,2252
5,2256
4,2257
5,2260
3,2261
18,2261
14,2266
3,2267
18,2267
6,2277
15,2278
6,2284
11,2288
16,2293
15,2295
22,2296
9,2297
8,2299
24,2314
23,2316
10,2318
25,2323
24,2327
1,2333
4,2334
1,2344
2,2345
1,2346
3,2348
2,2349
4,2351
1,2352
2,2353
17,2356
5,2357
10,2357
3,2358
5,2360
4,2361
3,2363
5,2364
4,2366
1,2367
3,2367
2,2368
5,2368
8,2368
1,2369
7,2369
2,2370
4,2372
20,2373
1,2376
2,2380
3,2382
5,2383
12,2383
7,2385
4,2386
5,2387
3,2388
11,2389
4,2391
15,2394
22,2394
23,2402
7,2411
22,2419
24,2426
3,2430
5,2432
5,2433
4,2435
3,2436
4,2438
19,2438
7,2449
10,2451
11,2454
3,2456
13,2456
5,2457
4,2458
22,2458
4,2459
3,2464
5,2465
3,2470
8,2470
5,2472
5,2473
4,2474
3,2476
4,2477
1,2478
2,2479
1,2480
20,2480
2,2481
1,2482
9,2484
2,2485
25,2486
11,2488
9,2491
20,2495
25,2496
3,2496
4,2497
5,2498
5,2499
4,2500
15,2500
3,2501
21,2501
3,2502
4,2503
13,2506
5,2507
1,2508
5,2508
4,2509
13,2509
16,2509
3,2510
2,2511
1,2513
1,2516
2,2517
8,2517
25,2521
2,2522
23,2523
1,2533
7,2536
10,2536
12,2536
1,2537
2,2538
1,2539
2,2542
2,2544
12,2553
24,2557
1,2564
2,2565
1,2566
1,2568
2,2570
7,2570
23,2570
2,2571
14,2573
3,2577
6,2577
19,2578
4,2579
5,2582
5,2583
19,2583
4,2584
3,2585
10,2585
18,2593
25,2594
13,2603
19,2605
20,2606
3,2613
4,2616
6,2618
17,2618
5,2619
1,2620
5,2620
22,2620
1,2621
7,2621
10,2622
2,2623
4,2623
2,2624
1,2625
7,2625
2,2626
3,2626
13,2626
8,2630
12,2631
3,2633
5,2634
6,2634
4,2636
4,2637
5,2639
3,2640
24,2640
7,2646
12,2646
15,2648
3,2657
4,2659
5,2663
15,2663
18,2663
5,2666
4,2667
21,2668
3,2671
6,2671
15,2671
20,2672
1,2679
1,2680
7,2685
2,2687
2,2690
3,2690
4,2691
10,2691
5,2692
4,2693
23,2693
1,2694
5,2695
17,2695
2,2696
3,2696
15,2700
25,2704
3,2711
4,2717
3,2719
5,2720
15,2720
12,2722
5,2724
4,2727
16,2732
18,2734
8,2737
25,2742
8,2742
22,2751
18,2752
1,2755
2,2758
1,2759
11,2759
6,2761
18,2761
1,2763
3,2765
5,2765
2,2768
2,2769
4,2769
5,2772
4,2774
18,2775
5,2778
9,2778
3,2779
15,2779
15,2788
23,2789
3,2792
5,2793
18,2793
4,2795
3,2796
11,2797
5,2800
4,2801
3,2805
13,2808
3,2817
15,2817
10,2819
21,2827
1,2830
1,2832
2,2833
18,2833
22,2834
25,2836
1,2838
2,2842
2,2843
9,2850
7,2858
17,2859
17,2862
8,2863
22,2878
6,2885
14,2887
3,2900
4,2902
5,2904
17,2904
1,2906
5,2907
4,2908
3,2909
1,2911
2,2912
2,2914
15,2915
1,2916
2,2918
3,2918
5,2920
4,2921
4,2922
3,2924
7,2925
5,2928
20,2931
16,2936
9,2943
19,2944
19,2948
12,2949
7,2955
15,2959
3,2960
16,2961
1,2962
2,2963
1,2965
1,2966
2,2967
2,2969
3,2976
5,2977
4,2978
4,2980
3,2981
5,2982
6,2983
17,2988
6,3012
9,3012
21,3012
9,3013
18,3026
16,3028
25,3032
1,3034
1,3035
3,3035
4,3036
4,3038
25,3039
5,3040
2,3041
2,3042
3,3042
1,3044
2,3045
5,3046
22,3053
17,3062
7,3063
7,3072
7,3073
3,3074
4,3075
3,3076
5,3077
5,3078
4,3082
14,3086
1,3088
2,3091
1,3092
15,3094
1,3096
2,3098
2,3102
8,3106
7,3110
13,3110
19,3112
21,3114
3,3115
17,3117
4,3118
5,3120
24,3121
5,3124
21,3125
3,3126
4,3128
10,3135
3,3138
1,3139
5,3139
1,3140
8,3140
2,3141
1,3142
4,3142
2,3143
2,3144
3,3144
12,3146
4,3149
5,3150
15,3151
16,3152
16,3155
1,3157
25,3164
21,3173
10,3174
14,3183
3,3190
5,3191
4,3192
3,3193
5,3195
4,3196
1,3198
2,3200
1,3202
9,3203
1,3204
2,3205
2,3206
22,3211
7,3215
22,3216
7,3218
7,3221
1,3230
2,3231
1,3232
2,3240
8,3242
1,3243
2,3244
24,3247
13,3254
10,3256
17,3267
18,3267
13,3268
1,3269
1,3270
18,3270
2,3272
2,3273
1,3275
2,3280
12,3280
1,3281
3,3281
14,3281
1,3282
4,3282
2,3283
2,3284
4,3285
5,3286
1,3288
5,3288
3,3289
7,3289
2,3290
15,3291
25,3295
8,3301
25,3302
20,3305
17,3317
17,3319
16,3322
1,3323
15,3323
18,3325
24,3325
2,3326
1,3328
15,3328
2,3329
22,3329
1,3330
2,3330
2,3331
21,3331
3,3350
15,3351
4,3352
1,3353
5,3353
1,3354
3,3354
5,3356
9,3356
2,3357
4,3357
1,3358
15,3360
1,3362
18,3363
2,3365
2,3371
18,3380
19,3381
9,3384
12,3384
3,3388
4,3389
4,3390
18,3391
5,3394
5,3395
3,3397
21,3403
23,3404
12,3411
9,3413
17,3419
11,3422
20,3424
6,3425
20,3427
19,3429
24,3433
25,3439
3,3444
22,3448
25,3452
7,3454
22,3454
25,3455
10,3466
1,3469
1,3475
21,3475
2,3479
3,3479
2,3480
5,3483
4,3485
1,3486
3,3486
2,3487
4,3489
5,3490
23,3491
3,3498
5,3500
4,3501
3,3502
5,3505
22,3505
4,3506
14,3513
17,3515
10,3522
1,3534
2,3537
3,3537
5,3538
1,3539
6,3539
2,3540
4,3541
25,3543
1,3544
2,3545
16,3546
3,3547
5,3548
4,3549
1,3550
16,3551
2,3552
1,3553
2,3554
1,3555
2,3557
12,3558
12,3566
20,3568
3,3569
21,3569
4,3570
1,3571
2,3573
5,3574
1,3576
4,3576
7,3576
1,3578
3,3578
5,3579
2,3580
20,3580
12,3584
22,3584
2,3585
18,3585
1,3588
1,3589
2,3590
2,3591
1,3592
18,3592
23,3592
2,3593
3,3595
5,3597
4,3598
12,3600
17,3600
3,3601
18,3601
4,3603
5,3606
12,3607
22,3608
21,3609
7,3612
9,3615
21,3618
19,3620
7,3624
8,3624
16,3629
22,3631
23,3638
9,3641
1,3644
3,3644
1,3645
2,3646
16,3646
4,3647
5,3649
1,3650
4,3650
18,3650
2,3651
3,3651
14,3651
2,3652
5,3652
1,3657
2,3658
11,3658
23,3660
1,3661
1,3663
2,3666
10,3666
2,3667
25,3669
3,3671
4,3672
13,3672
5,3674
22,3677
3,3679
5,3680
4,3682
3,3686
4,3687
3,3688
5,3691
20,3692
5,3693
4,3694
18,3694
3,3702
5,3706
4,3709
4,3711
25,3712
3,3713
6,3714
5,3716
11,3721
9,3726
22,3726
13,3727
12,3730
15,3730
24,3731
1,3741
3,3747
4,3748
4,3750
5,3751
5,3752
3,3753
22,3753
15,3754
11,3756
18,3757
25,3759
14,3778
22,3780
1,3782
18,3782
18,3786
1,3787
2,3787
2,3788
2,3789
2,3791
1,3792
2,3793
7,3793
10,3800
23,3801
25,3805
3,3805
4,3806
7,3806
3,3807
4,3808
24,3809
5,3810
5,3811
8,3813
23,3816
1,3820
1,3821
16,3822
2,3823
8,3823
8,3824
1,3825
7,3825
2,3826
2,3828
15,3841
3,3843
4,3846
11,3846
5,3847
3,3848
5,3852
4,3853
24,3854
20,3859
15,3862
10,3866
3,3871
19,3871
4,3875
5,3876
11,3877
5,3879
3,3880
19,3884
1,3885
4,3885
2,3888
1,3889
1,3890
2,3892
2,3893
7,3896
3,3898
4,3901
3,3902
5,3903
5,3905
4,3906
6,3913
13,3914
3,3915
12,3915
11,3917
25,3918
19,3923
25,3925
7,3928
22,3929
16,3930
15,3932
3,3936
5,3938
4,3939
3,3942
4,3943
17,3943
5,3944
10,3958
3,3960
5,3961
5,3963
4,3964
3,3967
4,3971
13,3979
10,3990
7,3993
13,3998
2,4001
3,4001
5,4002
5,4003
4,4004
3,4005
4,4006
12,4015
3,4019
5,4020
7,4020
4,4021
4,4022
23,4022
5,4023
3,4026
21,4036
20,4038
17,4045
17,4048
15,4051
7,4052
1,4056
1,4057
2,4058
1,4062
2,4064
22,4064
2,4065
20,4065
9,4072
1,4077
7,4079
11,4082
10,4087
19,4090
16,4092
3,4096
5,4097
5,4098
4,4099
8,4099
3,4103
4,4105
18,4115
1,4117
2,4118
22,4120
1,4124
1,4127
6,4127
2,4128
2,4129
24,4139
24,4141
24,4143
8,4147
1,4148
2,4150
1,4153
2,4155
1,4156
2,4158
15,4158
10,4159
20,4161
1,4165
12,4166
1,4168
2,4171
8,4172
11,4173
5,4175
2,4176
18,4177
1,4180
2,4181
24,4186
1,4187
1,4188
2,4189
11,4190
2,4191
18,4191
1,4193
2,4196
24,4198
15,4199
21,4200
4,4205
23,4210
10,4211
16,4214
3,4215
8,4216
5,4218
19,4218
4,4220
3,4223
4,4225
5,4226
21,4227
15,4229
23,4233
7,4242
10,4244
20,4244
1,4245
13,4247
9,4248
2,4250
1,4251
3,4254
1,4255
4,4256
7,4257
10,4257
5,4259
2,4260
2,4262
5,4264
3,4265
4,4266
3,4272
4,4273
4,4274
5,4276
3,4277
22,4277
5,4279
25,4283
3,4291
5,4292
6,4293
17,4293
5,4294
4,4295
4,4296
3,4298
20,4303
3,4315
4,4319
3,4320
4,4320
17,4321
5,4324
20,4324
10,4325
1,4326
13,4326
3,4327
5,4331
2,4332
1,4333
2,4334
1,4337
2,4338
13,4341
1,4342
2,4343
1,4344
2,4345
1,4346
2,4349
20,4355
25,4359
15,4362
17,4369
24,4375
19,4377
7,4380
22,4381
19,4382
11,4384
8,4395
11,4395
3,4397
17,4398
5,4399
24,4399
14,4400
4,4401
4,4402
18,4402
3,4403
5,4404
3,4407
4,4408
5,4409
1,4411
4,4411
5,4414
23,4414
2,4415
3,4416
1,4417
13,4418
1,4420
18,4420
2,4421
2,4422
9,4431
23,4438
7,4441
10,4445
18,4451
1,4452
2,4453
6,4453
1,4454
2,4455
25,4458
1,4458
2,4459
6,4466
22,4466
1,4467
1,4468
2,4470
12,4472
11,4475
1,4476
2,4477
24,4477
2,4479
14,4481
21,4483
9,4486
12,4489
11,4491
3,4495
4,4496
3,4497
5,4498
5,4500
4,4502
23,4506
1,4507
2,4508
1,4510
1,4511
2,4512
1,4513
2,4514
8,4522
21,4527
8,4530
15,4531
19,4531
15,4534
1,4538
1,4539
23,4539
2,4542
1,4544
2,4546
2,4547
21,4548
12,4556
1,4564
10,4564
21,4564
2,4565
18,4566
1,4567
21,4567
1,4568
2,4569
2,4571
14,4576
11,4580
3,4582
4,4583
3,4584
4,4585
19,4585
5,4586
18,4586
5,4587
17,4587
21,4598
23,4599
7,4607
20,4609
3,4612
5,4614
5,4615
11,4615
4,4616
4,4618
3,4619
22,4628
15,4635
9,4637
1,4640
1,4644
12,4647
13,4647
2,4649
1,4650
2,4651
2,4652
17,4655
7,4656
12,4659
10,4662
23,4663
17,4675
15,4686
24,4691
11,4693
11,4698
12,4700
17,4704
24,4706
3,4708
4,4710
1,4712
4,4712
3,4713
2,4714
5,4717
1,4718
5,4718
13,4718
2,4720
1,4724
8,4724
2,4725
22,4725
20,4728
11,4729
3,4740
5,4743
4,4744
3,4745
15,4747
5,4748
4,4751
19,4760
19,4762
21,4764
1,4765
18,4768
2,4769
1,4774
1,4775
2,4777
2,4779
13,4786
20,4787
3,4791
5,4792
23,4792
4,4793
3,4796
4,4797
22,4797
5,4798
19,4800
10,4801
4,4802
8,4804
10,4820
6,4825
21,4825
10,4826
9,4827
19,4827
15,4828
11,4835
3,4836
9,4836
4,4837
5,4839
5,4841
23,4841
4,4842
23,4842
3,4843
23,4847
20,4856
24,4859
16,4860
1,4864
1,4865
2,4866
1,4867
8,4868
2,4869
21,4869
2,4870
25,4874
3,4878
19,4878
5,4879
1,4880
4,4880
1,4881
14,4881
4,4882
3,4887
2,4888
5,4889
2,4893
1,4894
2,4895
24,4898
10,4904
22,4906
18,4908
1,4912
2,4913
1,4914
1,4917
2,4919
7,4919
10,4919
2,4921
3,4921
4,4923
4,4925
7,4926
22,4926
5,4928
9,4928
5,4932
19,4934
3,4936
7,4937
7,4950
22,4950
3,4951
5,4952
8,4954
4,4955
5,4960
1,4961
3,4961
6,4963
2,4964
1,4965
4,4965
14,4965
2,4966
1,4967
2,4969
1,4973
15,4974
10,4975
2,4979
1,4983
1,4984
14,4984
17,4985
2,4986
10,4986
24,4986
2,4988
1,4999
13,5000
2,5001
13,5001
1,5002
2,5004
3,5005
1,5006
2,5007
5,5008
5,5009
4,5010
3,5013
4,5014
8,5014
19,5018
12,5024
22,5027
19,5028
16,5030
11,5031
13,5031
12,5033
1,5035
16,5037
2,5038
1,5039
7,5039
3,5040
18,5040
1,5041
4,5041
2,5042
4,5042
3,5044
2,5045
5,5045
5,5046
9,5046
22,5050
17,5056
17,5057
1,5058
1,5059
2,5061
2,5063
1,5064
2,5066
1,5068
2,5069
1,5072
1,5073
2,5074
21,5076
2,5077
21,5078
14,5079
25,5086
6,5086
8,5099
4,5108
10,5109
13,5109
20,5110
7,5116
3,5145
5,5146
18,5146
5,5148
4,5149
18,5152
1,5153
4,5154
3,5155
3,5160
4,5161
4,5163
14,5164
16,5165
5,5166
3,5167
5,5168
23,5176
22,5177
11,5181
17,5182
14,5190
3,5191
8,5193
20,5193
4,5194
3,5198
4,5201
5,5202
5,5203
6,5205
3,5210
11,5212
12,5212
5,5213
5,5216
1,5217
17,5217
1,5218
4,5218
2,5219
2,5220
1,5221
3,5221
2,5222
4,5224
20,5227
6,5229
18,5231
1,5233
20,5234
2,5237
1,5238
1,5239
2,5240
2,5241
25,5242
15,5245
3,5251
5,5254
8,5254
4,5257
5,5258
19,5258
4,5259
22,5259
3,5260
15,5262
3,5263
4,5264
3,5265
9,5266
5,5268
5,5269
4,5270
11,5270
12,5270
8,5273
12,5276
3,5281
9,5283
4,5284
25,5285
5,5285
3,5287
21,5290
5,5293
4,5294
14,5295
6,5297
11,5302
23,5302
16,5305
13,5307
15,5313
12,5321
18,5326
7,5328
11,5338
13,5338
9,5341
18,5341
20,5345
6,5349
22,5354
5,5357
1,5370
8,5370
2,5371
23,5371
1,5372
2,5374
3,5374
5,5375
6,5376
4,5377
1,5378
4,5378
6,5379
2,5381
5,5381
3,5384
10,5384
17,5388
15,5391
3,5394
8,5394
7,5395
5,5396
2,5399
4,5399
3,5400
5,5402
4,5403
25,5404
20,5408
7,5411
17,5411
14,5412
12,5413
3,5425
8,5429
11,5429
24,5433
24,5441
23,5449
8,5450
1,5454
2,5455
1,5459
8,5459
13,5459
24,5459
1,5463
2,5465
12,5465
12,5467
2,5471
1,5475
23,5477
2,5478
1,5479
2,5480
25,5484
1,5484
9,5484
2,5486
23,5493
3,5496
4,5497
9,5497
17,5497
24,5498
3,5501
5,5502
4,5503
11,5503
1,5504
2,5505
5,5505
1,5506
2,5509
3,5509
13,5512
1,5513
13,5516
2,5517
4,5520
5,5521
20,5521
4,5522
3,5523
5,5525
6,5525
8,5528
20,5533
22,5534
18,5535
16,5539
18,5541
22,5560
18,5561
9,5564
18,5564
24,5567
1,5574
2,5575
1,5576
1,5577
2,5579
2,5580
19,5580
23,5580
7,5582
22,5583
10,5589
1,5593
17,5600
18,5601
23,5601
2,5609
6,5611
3,5612
4,5613
5,5614
3,5617
5,5618
4,5619
16,5622
11,5628
23,5630
1,5634
17,5634
2,5635
3,5635
1,5637
4,5637
1,5638
5,5639
2,5641
3,5641
22,5641
2,5642
4,5642
17,5643
3,5644
11,5645
18,5646
5,5647
6,5647
19,5651
14,5657
12,5658
12,5661
12,5666
8,5669
20,5675
11,5679
23,5693
24,5701
12,5709
1,5714
3,5717
4,5718
14,5718
2,5719
1,5720
4,5720
7,5720
2,5722
5,5722
1,5723
2,5725
5,5725
3,5726
14,5737
3,5740
11,5744
5,5747
1,5750
1,5751
5,5751
2,5752
4,5752
2,5753
3,5753
1,5754
4,5754
5,5755
6,5755
13,5756
2,5757
13,5761
20,5761
10,5762
24,5763
19,5769
14,5775
25,5776
1,5777
15,5778
18,5780
1,5781
2,5782
1,5786
3,5786
2,5788
5,5788
4,5789
16,5789
15,5790
2,5791
3,5792
25,5793
5,5793
4,5794
12,5794
19,5796
11,5807
9,5812
14,5816
16,5819
11,5821
3,5825
5,5826
4,5827
3,5829
10,5831
6,5832
13,5832
4,5833
1,5834
1,5835
5,5836
1,5837
2,5837
2,5838
12,5838
16,5838
1,5840
2,5843
25,5844
1,5844
3,5845
15,5845
1,5846
20,5846
2,5847
1,5848
4,5849
5,5851
2,5852
3,5852
7,5852
2,5854
4,5855
15,5857
5,5859
14,5862
3,5863
5,5864
4,5865
4,5868
5,5869
21,5869
3,5871
20,5871
19,5883
12,5884
23,5894
17,5905
20,5907
11,5914
3,5915
4,5916
3,5917
12,5917
5,5918
1,5920
4,5920
1,5921
2,5922
2,5924
14,5924
1,5925
22,5925
2,5926
5,5926
16,5928
12,5929
8,5931
25,5935
17,5937
1,5939
2,5940
1,5941
1,5942
2,5945
2,5947
2,5949
24,5957
24,5974
3,5988
10,5988
5,5992
5,5993
4,5994
3,5996
4,5997
25,6004
1,6004
2,6008
14,6009
1,6010
1,6011
2,6013
10,6014
11,6014
2,6016
1,6021
4,6021
2,6024
1,6025
2,6026
1,6027
2,6028
18,6034
15,6048
25,6049
21,6058
23,6061
8,6063
13,6063
6,6064
24,6068
16,6070
3,6077
4,6078
4,6080
5,6081
3,6082
5,6083
13,6083
1,6085
1,6086
2,6087
7,6087
1,6088
2,6089
2,6090
3,6090
4,6091
3,6092
4,6093
5,6094
5,6096
23,6097
1,6111
3,6111
13,6111
1,6114
4,6114
21,6114
2,6115
4,6115
3,6116
20,6116
5,6117
18,6117
2,6118
1,6120
5,6120
2,6121
3,6127
4,6128
21,6128
5,6131
4,6133
3,6134
5,6135
3,6136
4,6138
5,6139
12,6142
4,6143
5,6147
3,6150
13,6156
3,6157
13,6157
14,6164
3,6182
4,6183
5,6184
5,6185
10,6186
3,6187
10,6187
4,6190
13,6190
13,6193
11,6201
13,6203
3,6204
22,6205
5,6207
8,6207
14,6207
4,6209
5,6215
24,6215
4,6216
3,6217
16,6233
3,6234
18,6235
5,6237
4,6238
4,6240
16,6240
5,6241
3,6243
6,6244
1,6252
1,6253
2,6257
2,6258
8,6261
1,6262
2,6265
15,6265
15,6267
24,6267
1,6268
1,6270
7,6270
2,6271
1,6272
2,6273
2,6274
1,6281
16,6281
1,6282
2,6284
5,6284
2,6285
1,6288
2,6289
3,6289
13,6291
5,6293
25,6294
4,6294
5,6296
3,6297
4,6298
9,6300
17,6302
19,6307
19,6311
19,6312
13,6314
1,6320
23,6320
3,6322
7,6324
15,6325
5,6328
18,6329
1,6330
10,6330
2,6331
5,6332
21,6333
4,6334
1,6335
2,6336
4,6336
3,6337
2,6339
1,6342
2,6343
1,6344
1,6345
2,6347
2,6348
23,6350
24,6352
25,6353
14,6354
3,6370
5,6371
4,6372
5,6374
3,6375
4,6377
22,6386
21,6396
1,6403
2,6404
1,6405
2,6406
25,6407
1,6407
16,6407
2,6409
3,6414
5,6415
4,6416
10,6416
4,6417
5,6422
10,6422
1,6424
3,6425
25,6427
2,6427
3,6427
1,6429
5,6429
2,6430
4,6430
1,6432
4,6432
2,6433
3,6434
12,6434
1,6437
15,6437
5,6438
21,6440
2,6441
1,6442
23,6442
2,6444
1,6445
2,6448
15,6450
19,6451
1,6452
2,6453
6,6456
7,6460
12,6460
18,6460
1,6462
2,6463
1,6464
2,6465
9,6467
9,6476
20,6477
14,6479
8,6482
3,6483
24,6483
5,6485
5,6486
4,6488
4,6489
3,6491
23,6499
6,6501
12,6502
1,6508
23,6509
2,6511
18,6511
1,6512
3,6512
1,6513
2,6516
2,6517
8,6532
8,6536
17,6543
11,6544
10,6546
21,6547
19,6550
1,6558
24,6559
12,6566
7,6567
1,6568
2,6569
1,6571
1,6572
2,6573
2,6574
17,6577
12,6594
17,6596
24,6603
20,6605
19,6606
13,6609
3,6615
3,6616
4,6617
5,6618
5,6622
4,6623
3,6624
16,6626
19,6626
22,6627
5,6628
10,6629
16,6631
12,6633
7,6634
11,6635
1,6636
13,6650
19,6657
1,6659
2,6661
1,6664
1,6666
2,6667
2,6669
3,6671
4,6674
4,6677
15,6677
5,6678
11,6678
5,6679
3,6680
14,6684
1,6687
19,6690
15,6691
14,6693
1,6703
22,6703
2,6705
1,6706
22,6706
19,6708
2,6709
1,6710
2,6712
11,6713
23,6717
15,6722
18,6731
1,6732
13,6732
2,6733
1,6734
1,6737
2,6739
2,6742
1,6746
1,6748
2,6749
17,6749
12,6750
1,6752
19,6753
2,6754
2,6755
16,6756
25,6757
1,6757
2,6758
19,6759
1,6761
1,6762
2,6763
11,6763
2,6770
19,6770
4,6773
18,6774
7,6779
3,6782
4,6784
4,6786
5,6787
3,6788
5,6790
21,6792
6,6799
16,6799
11,6800
1,6804
1,6805
2,6806
2,6808
3,6813
20,6813
1,6814
4,6814
2,6815
4,6816
5,6817
25,6821
1,6821
5,6821
1,6822
2,6826
20,6826
3,6827
1,6830
18,6830
2,6831
2,6832
16,6832
3,6834
7,6838
4,6840
16,6840
5,6841
11,6843
3,6847
5,6848
4,6849
1,6853
9,6853
1,6854
14,6855
2,6858
3,6859
5,6860
5,6861
6,6861
4,6863
2,6864
1,6866
2,6869
4,6869
3,6870
13,6871
15,6871
7,6876
23,6877
8,6878
3,6882
5,6884
15,6884
4,6885
12,6885
4,6887
3,6889
16,6889
5,6892
3,6893
4,6894
3,6895
4,6896
5,6897
13,6898
1,6899
5,6899
1,6900
2,6901
2,6903
9,6904
1,6906
2,6909
12,6912
1,6918
1,6919
7,6919
2,6920
1,6923
2,6926
2,6927
23,6927
9,6930
23,6933
25,6936
17,6941
6,6943
22,6946
3,6948
4,6949
7,6953
5,6954
3,6955
5,6956
23,6956
12,6957
4,6960
15,6976
21,6988
1,6994
16,6995
1,6996
19,6996
2,6997
24,6997
1,6998
24,6999
2,7000
21,7000
2,7001
6,7001
13,7007
1,7010
24,7012
2,7014
21,7014
1,7017
1,7018
2,7019
12,7019
2,7020
19,7020
1,7025
2,7032
1,7036
1,7037
13,7038
2,7039
22,7040
2,7041
9,7046
1,7051
16,7053
1,7055
2,7056
1,7057
11,7057
2,7058
2,7060
15,7061
18,7061
13,7066
18,7078
11,7079
16,7080
23,7085
1,7086
13,7086
2,7087
24,7087
1,7088
2,7090
1,7091
2,7092
22,7093
18,7094
1,7095
2,7096
1,7097
1,7099
8,7100
2,7105
2,7106
18,7107
6,7108
22,7111
23,7112
12,7117
16,7121
7,7126
25,7138
23,7138
12,7142
21,7142
8,7147
3,7150
1,7152
4,7153
18,7154
5,7155
7,7155
19,7155
4,7156
3,7157
5,7158
6,7160
13,7162
1,7172
2,7173
1,7174
2,7175
1,7176
2,7177
6,7177
3,7191
5,7192
5,7193
6,7193
17,7193
12,7194
21,7194
3,7195
14,7195
8,7196
4,7197
3,7198
4,7199
19,7199
22,7199
16,7200
20,7200
17,7201
22,7203
5,7204
20,7212
22,7214
9,7215
19,7225
11,7230
7,7233
8,7233
17,7235
19,7236
22,7240
6,7246
18,7256
21,7256
12,7257
1,7259
10,7259
2,7260
1,7261
7,7261
21,7264
23,7264
1,7266
2,7267
2,7268
10,7268
20,7270
10,7279
24,7280
24,7281
24,7282
7,7284
1,7285
2,7288
6,7288
17,7288
1,7292
9,7292
1,7293
2,7294
17,7294
2,7295
3,7295
11,7297
5,7298
6,7298
4,7300
5,7301
13,7304
3,7308
4,7309
9,7310
3,7318
1,7319
2,7320
1,7322
1,7323
21,7323
2,7324
2,7325
1,7326
21,7326
2,7327
1,7329
12,7330
22,7330
3,7331
6,7331
4,7332
1,7334
3,7334
4,7335
2,7337
5,7337
2,7338
5,7340
3,7344
15,7344
4,7345
4,7346
3,7347
5,7349
5,7352
13,7352
23,7355
2,7356
16,7357
4,7363
16,7365
10,7378
15,7385
24,7386
3,7389
16,7389
1,7390
1,7392
2,7394
6,7394
25,7395
8,7396
1,7398
2,7399
2,7400
6,7402
7,7410
19,7413
7,7414
3,7417
5,7419
4,7420
3,7422
5,7423
19,7423
4,7424
1,7425
2,7426
3,7429
1,7430
19,7430
4,7431
3,7433
12,7433
2,7434
1,7435
24,7437
2,7438
5,7438
4,7440
11,7440
5,7441
9,7446
17,7458
10,7463
3,7474
4,7475
3,7476
4,7477
5,7479
5,7480
1,7486
1,7487
2,7488
13,7488
2,7489
1,7494
7,7495
2,7496
20,7511
7,7521
11,7528
19,7528
21,7530
3,7535
5,7536
16,7537
4,7538
3,7539
6,7539
4,7540
5,7541
24,7547
20,7548
25,7554
13,7554
11,7571
11,7577
3,7580
5,7586
5,7587
25,7589
4,7589
14,7590
4,7591
3,7593
11,7595
4,7602
16,7604
23,7610
3,7612
4,7616
4,7617
3,7620
5,7622
8,7623
5,7624
14,7638
7,7639
5,7641
1,7642
25,7643
1,7645
2,7647
1,7649
2,7650
17,7651
2,7654
16,7657
19,7660
23,7660
2,7663
14,7664
3,7665
5,7666
21,7666
4,7669
7,7671
4,7672
5,7674
3,7675
11,7675
17,7675
12,7677
16,7681
12,7684
24,7689
1,7697
15,7699
1,7701
13,7703
1,7704
2,7707
1,7712
24,7712
2,7713
2,7715
11,7715
1,7718
1,7719
2,7720
1,7721
2,7722
2,7723
25,7726
1,7727
2,7729
1,7732
2,7733
1,7734
2,7735
9,7735
3,7738
21,7738
25,7741
5,7741
4,7743
4,7744
3,7746
5,7747
21,7747
14,7752
12,7769
3,7786
20,7786
4,7793
12,7793
5,7794
10,7794
16,7794
21,7794
5,7795
3,7796
4,7797
20,7798
1,7799
2,7801
1,7802
18,7802
2,7803
1,7804
2,7805
18,7810
8,7811
3,7820
23,7820
1,7821
4,7821
2,7823
24,7823
5,7824
5,7826
1,7827
14,7827
2,7828
4,7828
1,7830
3,7830
2,7831
1,7835
1,7836
2,7839
1,7841
6,7842
2,7844
2,7845
8,7846
16,7848
7,7853
12,7855
12,7864
16,7864
1,7868
1,7869
13,7870
2,7871
2,7872
1,7873
3,7873
2,7874
4,7875
4,7876
3,7879
17,7881
5,7883
5,7884
11,7886
23,7890
3,7892
4,7893
4,7895
5,7896
3,7897
5,7898
10,7898
3,7906
4,7908
4,7914
15,7916
3,7917
21,7918
5,7920
5,7922
3,7923
6,7923
5,7924
5,7925
4,7927
3,7928
4,7929
3,7932
4,7933
19,7933
11,7935
5,7936
22,7938
4,7939
3,7942
5,7943
9,7944
25,7947
6,7947
3,7951
2,7955
5,7956
19,7956
4,7958
3,7959
4,7960
5,7962
12,7964
15,7965
3,7967
5,7968
4,7969
4,7973
7,7973
5,7974
14,7977
3,7979
10,7980
16,7980
18,7980
7,7985
21,7987
6,7988
17,8000
15,8002
1,8013
2,8014
1,8016
2,8019
1,8024
2,8025
7,8044
13,8046
25,8049
4,8061
10,8064
6,8068
22,8069
12,8076
8,8081
19,8081
8,8088
23,8093
16,8096
7,8105
13,8107
17,8115
9,8118
1,8122
2,8124
1,8127
2,8128
1,8129
2,8131
10,8133
15,8139
10,8144
12,8146
8,8147
8,8148
13,8159
3,8161
4,8164
5,8165
10,8165
18,8166
5,8169
4,8170
3,8171
3,8172
4,8173
4,8175
5,8181
5,8182
3,8184
3,8186
10,8186
4,8189
5,8190
5,8191
3,8192
10,8192
4,8194
22,8196
1,8211
1,8212
2,8214
8,8214
2,8215
1,8216
2,8217
13,8221
6,8232
11,8232
14,8233
2,8237
16,8243
21,8246
15,8252
25,8262
3,8265
16,8267
5,8270
5,8271
4,8272
1,8273
3,8273
4,8274
1,8275
2,8276
1,8277
2,8280
2,8281
15,8288
2,8291
10,8298
7,8299
18,8302
1,8303
2,8305
1,8307
2,8311
1,8313
2,8314
12,8314
7,8324
21,8325
8,8329
4,8335
20,8336
22,8340
16,8342
16,8344
1,8351
7,8352
14,8353
19,8354
17,8355
1,8360
7,8363
1,8365
2,8367
3,8367
2,8368
1,8369
5,8369
6,8370
2,8371
5,8371
4,8373
3,8374
4,8375
22,8375
20,8376
19,8381
24,8383
3,8385
4,8386
4,8388
10,8388
5,8389
3,8390
5,8392
13,8393
25,8395
24,8395
25,8396
15,8401
1,8407
1,8408
7,8409
2,8410
2,8412
1,8413
2,8415
21,8415
1,8416
2,8418
6,8418
1,8420
1,8423
19,8423
8,8424
18,8424
2,8427
2,8428
15,8428
3,8430
5,8431
9,8431
5,8434
1,8437
4,8437
3,8440
1,8441
2,8443
4,8443
1,8446
2,8449
2,8450
19,8450
12,8461
15,8461
13,8478
12,8479
25,8481
1,8483
1,8484
2,8485
2,8487
1,8488
2,8489
24,8498
1,8500
1,8502
10,8503
6,8504
2,8505
9,8508
20,8511
2,8516
1,8517
2,8518
13,8521
22,8524
22,8525
1,8526
2,8529
1,8531
1,8532
2,8534
18,8534
2,8535
23,8544
1,8545
2,8548
13,8549
24,8551
1,8552
1,8554
15,8554
2,8557
2,8558
3,8572
10,8573
4,8574
4,8575
5,8577
3,8580
19,8580
5,8581
3,8584
1,8585
5,8585
1,8586
4,8586
2,8587
5,8587
3,8588
15,8588
4,8589
21,8590
2,8591
1,8592
11,8592
18,8592
2,8593
9,8594
3,8597
5,8598
5,8599
21,8599
4,8600
4,8601
3,8605
3,8609
19,8611
5,8612
7,8615
23,8617
5,8618
4,8619
3,8620
4,8621
8,8622
2,8628
19,8628
20,8628
17,8637
25,8640
7,8645
21,8647
11,8652
3,8657
4,8658
5,8659
5,8662
1,8663
4,8663
3,8664
11,8665
24,8666
6,8669
9,8670
1,8675
1,8676
16,8677
2,8680
2,8681
1,8682
2,8686
7,8686
3,8690
4,8693
21,8694
3,8695
5,8696
4,8698
5,8703
17,8703
3,8713
4,8716
5,8718
4,8720
9,8721
3,8724
5,8726
8,8732
20,8732
7,8741
19,8747
14,8749
25,8751
25,8756
13,8759
6,8761
16,8769
1,8778
20,8778
2,8780
1,8781
1,8783
6,8783
2,8784
2,8785
14,8786
1,8788
16,8788
1,8789
2,8790
2,8791
1,8792
1,8793
2,8793
23,8794
20,8795
19,8798
20,8798
6,8802
1,8806
7,8807
1,8809
23,8811
6,8812
2,8817
2,8819
1,8821
2,8825
3,8830
4,8831
5,8832
5,8834
8,8834
4,8835
22,8836
21,8839
3,8841
3,8842
4,8844
1,8846
18,8846
3,8850
4,8851
1,8853
6,8853
2,8854
5,8854
1,8855
5,8855
7,8858
2,8859
3,8860
2,8861
5,8864
4,8865
4,8866
5,8867
3,8869
18,8872
9,8877
21,8877
8,8883
21,8887
1,8889
2,8890
1,8891
6,8893
1,8894
16,8894
2,8895
3,8896
13,8896
2,8897
4,8899
5,8901
12,8901
4,8904
8,8904
14,8904
3,8905
22,8905
5,8906
20,8910
7,8924
24,8926
10,8927
14,8927
14,8932
6,8936
10,8937
14,8938
23,8950
13,8952
18,8957
19,8963
12,8964
14,8968
1,8971
1,8973
2,8975
2,8976
1,8977
23,8977
2,8979
19,8980
19,8985
14,8986
7,8987
1,8988
1,8990
2,8991
1,8992
2,8994
2,8999
6,8999
21,9008
3,9013
4,9015
3,9019
5,9021
5,9022
4,9023
16,9023
18,9025
19,9030
1,9033
3,9033
1,9034
11,9039
2,9044
1,9045
2,9046
2,9047
22,9049
20,9050
4,9054
6,9058
12,9061
19,9069
22,9070
12,9075
20,9078
25,9087
3,9088
5,9089
4,9091
4,9092
3,9093
5,9094
12,9094
13,9098
19,9099
20,9099
3,9103
4,9104
20,9104
3,9105
5,9106
5,9108
4,9109
6,9109
12,9110
1,9113
2,9114
1,9116
2,9117
1,9118
2,9119
23,9119
12,9120
6,9124
13,9127
8,9128
3,9132
4,9134
4,9135
5,9137
3,9138
13,9140
14,9140
5,9141
3,9143
23,9144
5,9145
4,9146
3,9149
17,9150
18,9150
3,9153
5,9155
4,9156
2,9160
13,9164
21,9170
21,9173
8,9181
7,9184
12,9190
3,9194
4,9195
3,9196
5,9200
5,9202
1,9204
2,9205
4,9206
1,9207
1,9208
2,9210
2,9211
25,9213
25,9218
8,9220
12,9225
1,9233
1,9234
2,9235
2,9236
1,9237
6,9237
2,9238
25,9239
6,9240
8,9241
8,9242
17,9242
14,9243
23,9245
1,9246
24,9249
3,9258
5,9259
5,9263
4,9265
3,9266
21,9266
4,9269
13,9269
18,9270
15,9272
24,9273
17,9274
6,9276
9,9280
20,9284
9,9285
17,9285
3,9288
1,9292
5,9292
2,9293
4,9293
1,9294
1,9295
24,9295
2,9296
4,9296
2,9297
5,9298
14,9298
3,9299
12,9300
3,9301
1,9303
1,9304
2,9305
4,9305
1,9307
20,9307
2,9309
2,9310
5,9310
1,9313
3,9313
15,9313
1,9315
4,9318
2,9320
5,9320
1,9321
2,9323
24,9325
2,9326
13,9329
16,9329
19,9329
24,9333
3,9341
25,9342
4,9342
3,9343
5,9344
5,9346
4,9348
10,9351
3,9356
5,9358
4,9359
3,9360
16,9360
4,9361
5,9363
20,9375
14,9381
23,9381
6,9386
11,9387
2,9389
14,9390
24,9391
19,9394
14,9399
22,9403
1,9410
10,9410
22,9410
1,9411
2,9413
24,9417
2,9423
12,9423
1,9424
2,9425
14,9430
10,9436
23,9438
15,9442
3,9446
4,9448
4,9449
5,9451
5,9452
6,9452
3,9453
25,9455
9,9457
21,9459
21,9461
18,9464
23,9468
10,9469
3,9474
6,9474
5,9475
15,9475
19,9475
4,9477
25,9480
5,9480
4,9481
6,9481
3,9482
23,9482
24,9487
7,9488
10,9489
10,9492
22,9494
3,9496
5,9497
4,9499
8,9499
5,9503
20,9503
4,9504
21,9504
3,9505
17,9505
3,9514
5,9515
23,9518
4,9519
7,9521
3,9522
9,9522
8,9523
4,9524
5,9525
7,9535
22,9539
1,9541
1,9542
2,9544
2,9545
1,9550
2,9551
1,9552
2,9553
1,9554
16,9554
25,9555
12,9557
2,9560
10,9560
1,9561
2,9562
3,9563
5,9564
4,9566
11,9567
3,9568
4,9569
8,9569
24,9570
5,9571
7,9574
1,9579
1,9580
2,9582
24,9582
7,9583
2,9584
24,9585
1,9586
10,9587
2,9588
24,9589
23,9593
23,9596
15,9602
3,9607
4,9608
4,9609
3,9610
5,9612
20,9612
5,9613
21,9614
6,9615
20,9615
23,9621
10,9632
25,9633
6,9637
17,9648
3,9652
4,9654
10,9654
4,9656
5,9657
15,9657
5,9661
3,9663
16,9668
18,9674
25,9676
25,9678
1,9678
1,9680
2,9681
10,9681
13,9683
2,9684
1,9685
2,9686
12,9688
7,9692
15,9692
18,9692
1,9693
1,9696
2,9698
1,9700
2,9701
3,9701
4,9703
8,9703
2,9705
19,9705
2,9706
5,9706
8,9708
5,9709
3,9710
4,9712
5,9712
21,9718
22,9721
5,9730
3,9746
6,9747
4,9748
19,9748
4,9749
3,9750
1,9751
2,9752
7,9752
1,9753
22,9753
2,9754
5,9754
1,9755
2,9757
12,9758
8,9760
5,9761
14,9767
3,9772
16,9772
4,9775
3,9778
5,9779
5,9781
13,9782
4,9783
1,9786
1,9787
2,9788
1,9789
2,9790
2,9791
24,9794
1,9800
2,9801
1,9805
20,9805
1,9808
2,9811
3,9811
6,9811
2,9812
5,9812
5,9815
24,9817
16,9818
11,9820
4,9825
3,9826
4,9828
8,9829
1,9831
14,9832
1,9834
2,9835
1,9836
25,9837
19,9837
2,9843
2,9845
3,9845
4,9852
5,9853
5,9855
3,9857
23,9859
4,9860
3,9865
10,9866
18,9867
5,9868
13,9868
4,9869
3,9870
12,9870
20,9870
3,9874
5,9874
8,9874
9,9876
23,9876
13,9877
17,9877
4,9881
7,9881
20,9883
24,9887
11,9894
24,9899
1,9901
8,9901
7,9903
1,9905
19,9907
2,9909
2,9910
1,9912
2,9913
1,9914
2,9915
16,9916
1,9917
18,9917
2,9918
1,9919
2,9921
14,9921
22,9939
1,9941
10,9941
2,9942
1,9943
1,9947
2,9948
16,9949
2,9951
1,9952
1,9953
2,9958
18,9959
2,9961
20,9965
1,9966
2,9973
21,9981
1,9992
1,9993
2,9995
13,9995
2,9997
1,9998
17,9998
22,9998
