12,1
42,1
47,1
57,1
32,2
34,2
49,3
60,4
53,4
12,7
19,7
23,7
33,7
36,7
45,9
49,9
59,9
48,10
51,12
46,13
50,13
55,13
10,14
1,15
8,15
39,15
51,15
12,16
20,16
58,17
52,18
38,19
56,19
57,19
8,20
53,21
18,25
20,25
21,25
48,26
10,27
32,28
16,29
58,30
41,31
46,31
20,33
50,33
55,34
53,36
30,37
24,38
39,38
22,39
33,39
25,41
50,41
59,41
29,42
31,42
55,42
11,44
12,44
17,44
20,44
26,44
43,44
41,51
49,51
56,52
6,53
5,54
25,54
38,54
6,55
26,57
39,58
40,59
10,60
35,60
15,61
31,61
40,62
55,62
19,63
23,63
48,63
52,63
16,66
51,66
9,67
37,68
39,70
9,71
17,71
45,71
56,71
8,76
52,76
1,77
43,78
50,78
1,79
45,79
2,81
4,81
5,81
18,81
21,81
5,82
1,83
20,83
30,83
2,84
49,84
2,85
16,85
18,85
6,86
47,88
31,89
3,90
35,90
4,91
35,92
47,93
42,95
4,96
33,96
38,96
4,97
45,97
54,97
29,98
15,102
40,102
39,107
60,109
20,109
44,110
8,111
26,111
4,113
40,113
56,113
58,113
20,114
47,114
41,117
52,119
31,120
46,120
9,121
29,121
45,121
5,122
23,123
43,123
60,127
17,128
7,129
26,129
60,130
39,130
52,130
4,131
19,132
45,134
11,135
18,135
47,135
25,136
41,136
48,136
1,138
9,138
28,138
35,138
51,140
2,141
6,141
30,141
40,143
1,144
20,144
43,144
39,145
9,146
44,146
2,147
9,147
1,148
5,148
22,148
30,148
2,150
33,150
55,150
29,152
35,152
38,152
16,154
44,154
10,155
19,155
14,156
16,156
34,156
47,156
57,156
37,157
44,159
51,161
52,162
28,164
44,164
57,164
21,165
27,166
47,166
41,167
28,168
8,169
25,170
22,171
5,173
55,174
3,177
10,177
16,179
46,179
16,182
52,182
36,183
3,184
25,184
23,185
42,186
12,188
41,188
13,190
33,190
29,192
35,192
48,192
4,193
26,193
20,194
38,195
42,196
47,196
29,198
6,199
34,200
52,200
33,201
17,204
23,204
51,204
12,205
23,205
42,205
57,205
3,206
17,206
50,206
31,208
22,209
36,209
57,210
9,212
54,213
60,214
22,215
5,217
38,219
48,220
20,221
25,221
7,224
3,225
22,226
13,229
59,230
8,231
34,231
5,232
17,232
46,233
11,234
24,234
45,234
51,234
22,235
14,237
40,237
6,239
19,239
54,239
23,241
26,241
37,243
25,244
60,246
6,246
36,248
7,249
20,250
40,250
47,250
56,250
30,253
13,254
35,254
53,254
11,255
16,256
1,257
9,257
7,260
49,260
53,261
49,262
35,263
13,264
43,264
23,266
11,267
12,267
34,267
30,268
33,268
29,270
30,271
32,271
17,272
30,272
47,272
54,272
8,273
56,273
27,275
44,275
9,276
11,278
39,278
59,278
49,279
15,280
31,280
28,282
39,283
48,285
1,288
4,288
38,289
1,290
19,290
2,291
7,292
27,292
6,293
13,293
43,293
7,294
10,294
1,295
33,295
2,296
2,297
21,297
7,298
18,298
32,298
30,300
54,300
10,303
28,303
39,303
58,303
21,304
42,304
43,304
55,305
5,306
30,306
21,307
29,307
24,308
36,308
45,311
48,311
7,312
10,312
51,312
54,312
55,312
17,314
29,314
38,315
16,318
1,319
1,321
2,322
45,322
2,323
1,324
7,324
2,325
7,325
30,325
24,326
56,326
3,327
23,328
58,328
5,330
9,332
28,334
16,335
40,335
23,336
1,337
19,337
2,338
8,338
13,338
44,340
58,340
1,341
5,341
1,342
25,344
41,344
2,345
31,345
36,345
11,346
22,347
24,347
41,347
54,347
40,349
42,350
43,350
51,350
2,351
23,353
54,353
21,354
29,354
22,355
45,355
56,355
14,356
22,357
25,357
27,357
56,357
40,358
29,359
20,360
1,362
44,363
45,363
2,364
26,364
6,365
15,365
1,366
36,366
1,367
11,367
36,367
14,369
29,369
2,370
23,373
2,374
7,374
6,378
48,378
5,379
53,381
30,382
43,384
54,385
19,387
29,387
42,387
17,389
39,389
46,389
27,390
55,391
3,392
10,392
16,393
42,393
10,394
54,394
38,397
45,398
53,399
55,400
7,401
17,404
48,404
43,405
5,406
31,406
40,406
48,406
10,408
40,408
47,409
5,410
36,411
50,412
55,413
13,414
41,414
15,415
6,416
43,416
21,417
60,418
26,418
26,419
56,419
43,420
56,421
18,423
57,424
5,426
32,426
4,427
11,427
26,428
44,429
54,429
16,430
38,431
54,432
36,433
56,433
19,435
52,435
2,436
15,436
16,436
28,436
19,438
47,438
49,441
38,442
60,443
42,443
19,445
13,446
23,446
38,446
39,448
25,450
23,451
36,451
45,451
23,452
57,452
11,453
29,453
56,453
39,454
56,454
6,456
20,456
29,456
47,459
20,460
27,461
42,461
51,461
54,461
28,465
10,466
14,466
47,466
28,468
29,468
56,468
25,469
44,470
3,471
6,472
8,473
28,473
54,473
55,473
7,474
2,475
19,475
30,475
16,477
51,477
58,478
42,479
60,480
1,480
33,480
34,481
54,481
1,482
18,482
7,484
36,484
2,485
5,485
29,485
35,485
38,486
41,486
1,488
27,488
35,488
2,490
18,490
2,491
6,491
22,491
10,492
44,492
47,492
52,492
21,496
27,496
8,498
13,498
55,498
56,499
29,500
31,502
55,502
58,502
7,503
24,503
29,504
48,505
34,506
38,508
38,509
55,509
18,510
29,510
16,511
22,511
25,511
35,511
37,511
36,512
7,514
17,514
22,514
31,515
59,516
20,518
24,520
18,521
33,523
39,524
31,526
60,527
35,528
53,528
4,529
22,529
52,529
20,530
25,531
28,531
43,532
46,532
55,532
9,533
16,534
30,534
56,534
22,536
30,537
40,537
23,539
18,540
42,540
53,542
56,543
24,544
33,544
55,546
21,548
38,548
52,549
57,551
25,552
3,553
3,554
1,555
33,555
55,555
1,556
2,557
21,557
26,557
29,557
38,557
29,558
2,559
28,559
58,560
59,560
15,561
17,563
37,563
1,565
2,566
24,569
32,570
10,573
3,575
7,575
28,575
16,579
39,581
11,585
10,586
27,586
48,586
9,587
12,589
41,589
54,589
38,590
39,590
17,591
1,592
1,593
26,593
2,594
24,595
56,595
7,597
24,597
2,598
39,598
1,599
53,599
2,601
56,602
32,605
42,605
4,606
13,607
44,607
11,608
12,608
28,608
22,609
47,609
28,610
29,610
34,610
29,611
41,611
50,611
22,612
38,612
43,612
30,613
9,614
52,615
23,616
31,616
15,617
10,618
44,618
33,619
58,619
19,620
36,620
60,621
53,623
59,623
56,628
35,630
36,631
11,633
8,635
23,635
47,635
51,635
55,635
59,636
41,637
48,637
58,639
25,641
33,642
3,644
19,646
28,646
58,646
47,647
20,648
44,649
47,649
38,650
28,651
9,652
25,653
39,653
58,653
17,655
47,656
56,657
3,658
5,658
15,658
28,658
29,658
30,659
13,662
27,664
36,664
41,664
25,665
49,665
46,667
3,668
11,670
48,673
55,673
56,674
35,676
22,677
45,678
52,678
28,679
55,679
1,680
57,680
1,681
14,682
5,684
11,686
17,686
2,689
1,690
49,691
2,692
12,692
13,692
45,692
47,693
2,694
18,694
49,694
8,695
34,696
1,698
3,699
2,700
27,700
51,700
1,701
46,701
2,702
1,703
8,703
2,704
55,704
8,705
21,705
56,705
23,706
40,706
6,707
23,707
19,710
25,710
27,710
14,713
22,713
28,714
1,715
24,716
35,717
37,717
12,718
21,718
39,718
2,719
21,719
29,719
1,720
33,720
52,720
59,720
2,721
50,722
1,723
15,723
28,724
33,724
2,725
24,725
4,727
9,727
39,727
50,727
19,729
42,729
60,730
17,730
14,731
48,731
16,733
52,733
39,734
57,734
17,735
37,737
56,738
36,739
46,739
4,740
45,741
5,742
36,744
46,744
18,745
19,745
38,745
6,746
38,746
53,747
33,749
47,749
50,749
51,749
45,752
22,753
33,753
45,753
50,753
52,753
21,754
37,754
3,755
22,756
29,757
33,758
55,758
19,759
57,759
30,760
46,760
58,763
3,764
37,768
56,769
39,770
47,772
55,772
18,774
19,774
10,776
58,776
13,777
10,779
53,779
19,780
51,780
15,781
13,784
35,784
39,786
45,786
23,789
5,790
36,790
47,790
48,790
58,792
37,794
55,794
52,795
56,795
3,796
40,796
47,796
39,797
41,797
24,799
51,799
10,800
18,800
16,801
58,801
28,802
50,802
53,803
17,806
24,807
42,807
14,808
25,808
5,809
8,811
30,812
5,813
25,813
44,813
40,814
56,816
11,818
60,819
18,820
6,821
19,821
51,821
12,822
20,822
2,826
8,826
14,826
30,826
47,826
50,826
7,827
34,827
45,827
10,830
24,831
30,831
39,831
11,832
55,833
24,834
47,835
8,836
45,836
7,837
55,837
46,838
38,839
7,840
51,840
3,842
25,844
28,844
47,844
52,844
10,846
33,847
4,848
13,850
36,850
45,850
21,851
15,852
36,852
36,853
34,854
37,854
54,855
59,858
60,859
26,860
11,861
54,861
28,863
15,864
16,864
43,865
59,865
6,866
9,866
11,867
49,868
50,868
57,868
22,869
25,869
1,873
48,873
4,874
3,875
48,875
52,875
55,875
1,876
41,876
50,876
2,877
6,877
34,877
51,877
1,878
2,879
5,879
45,879
2,880
31,881
50,881
57,882
11,884
12,884
1,885
17,885
37,885
42,885
2,886
34,887
1,888
42,888
2,889
38,890
1,891
17,892
44,892
60,894
2,894
31,894
55,896
19,897
8,898
24,898
33,899
9,900
26,900
48,902
1,903
3,903
41,903
28,905
29,905
22,906
19,909
18,910
27,911
16,915
11,917
29,917
16,919
21,919
23,920
47,920
52,920
57,923
41,925
44,925
5,926
10,926
10,927
21,927
23,927
34,927
4,930
19,930
13,931
37,931
25,933
60,935
43,935
16,936
54,936
1,937
54,937
28,938
8,939
33,939
2,940
21,940
24,940
56,940
8,941
57,941
1,942
11,942
12,942
45,942
2,943
30,943
58,943
1,944
21,944
2,945
17,945
34,945
5,946
21,946
19,947
43,947
18,948
52,948
4,952
51,952
56,952
59,954
29,955
44,955
40,956
45,956
58,956
14,958
40,958
58,959
52,960
46,961
21,963
14,964
27,964
7,966
43,966
8,967
13,967
32,968
21,969
42,969
46,969
50,969
9,970
19,970
55,971
56,974
13,977
30,978
45,978
49,978
11,981
45,981
1,983
7,983
50,984
1,986
55,986
10,987
50,987
6,988
2,989
4,990
52,990
1,991
2,992
9,992
39,992
51,992
59,992
54,993
2,994
9,994
40,994
42,995
45,996
51,997
45,998
5,999
39,999
54,999
33,1000
40,1000
47,1001
56,1001
57,1003
28,1006
46,1006
44,1007
20,1008
35,1008
42,1009
47,1009
22,1010
42,1010
12,1013
8,1014
47,1014
37,1016
43,1016
11,1017
44,1018
54,1018
58,1019
21,1020
51,1020
43,1021
35,1022
8,1023
9,1023
10,1023
16,1023
31,1024
44,1025
21,1027
34,1028
43,1028
30,1029
54,1031
55,1031
27,1032
32,1032
17,1033
36,1033
17,1034
25,1034
40,1034
32,1035
46,1035
37,1036
6,1038
4,1039
11,1039
32,1039
1,1040
2,1041
46,1042
50,1042
1,1043
12,1044
59,1044
2,1045
24,1045
31,1045
42,1045
1,1046
49,1046
2,1048
34,1050
8,1051
18,1054
49,1054
36,1055
38,1055
53,1055
55,1055
22,1056
46,1056
5,1057
58,1057
1,1058
2,1059
3,1059
1,1060
7,1060
44,1060
1,1061
21,1061
46,1061
47,1061
9,1062
27,1064
24,1066
46,1066
51,1066
3,1067
33,1070
2,1071
2,1072
58,1073
46,1074
34,1075
55,1077
3,1078
47,1078
44,1080
27,1081
17,1087
40,1087
51,1087
52,1087
38,1088
40,1088
7,1089
13,1089
25,1090
17,1091
54,1091
12,1093
28,1093
47,1093
40,1094
4,1095
20,1096
24,1097
29,1097
56,1101
20,1103
1,1105
42,1105
27,1106
1,1107
14,1107
59,1107
2,1108
11,1108
35,1108
2,1109
16,1109
1,1110
60,1111
37,1111
7,1112
2,1113
9,1113
14,1113
30,1113
42,1116
10,1117
17,1117
5,1118
7,1118
26,1118
37,1118
22,1120
43,1121
6,1123
41,1123
42,1124
13,1125
5,1126
39,1126
25,1127
10,1128
17,1128
37,1128
41,1128
10,1129
36,1129
41,1129
55,1130
1,1132
59,1132
1,1133
28,1133
53,1134
57,1134
2,1135
37,1136
44,1136
1,1137
53,1137
2,1138
10,1138
17,1138
18,1138
47,1139
2,1140
19,1142
33,1143
19,1144
45,1145
28,1146
52,1146
6,1148
28,1148
32,1148
56,1148
48,1149
56,1149
42,1153
13,1154
44,1154
17,1155
31,1155
48,1155
22,1156
39,1156
47,1158
13,1159
18,1159
29,1159
19,1160
59,1160
34,1161
60,1162
40,1162
6,1163
23,1164
48,1166
7,1168
17,1168
25,1168
25,1170
12,1171
14,1171
20,1172
17,1173
37,1173
46,1173
50,1182
57,1182
32,1183
58,1183
31,1186
16,1187
38,1187
56,1189
39,1190
27,1191
7,1192
22,1193
33,1193
37,1194
9,1196
13,1198
35,1199
20,1200
32,1200
46,1200
26,1201
58,1201
27,1202
58,1202
35,1203
11,1204
38,1204
57,1205
60,1206
46,1206
33,1209
20,1211
39,1211
51,1212
22,1213
43,1214
54,1214
14,1215
18,1216
43,1216
10,1217
43,1217
50,1217
58,1218
28,1220
34,1220
41,1221
5,1222
51,1222
13,1223
44,1223
39,1224
46,1224
40,1225
41,1225
53,1225
57,1225
29,1226
24,1227
50,1228
48,1229
3,1230
54,1231
55,1231
27,1232
36,1232
35,1233
50,1233
4,1234
50,1234
43,1235
45,1235
1,1236
8,1236
16,1236
43,1236
4,1237
13,1237
60,1238
1,1238
29,1238
57,1240
42,1241
56,1241
2,1242
7,1242
18,1242
40,1242
2,1243
2,1244
17,1244
1,1245
17,1245
54,1245
2,1246
20,1246
50,1246
24,1247
36,1249
47,1249
43,1250
44,1250
6,1251
15,1251
24,1251
55,1254
6,1256
48,1256
5,1259
24,1259
60,1260
9,1260
6,1262
49,1262
30,1263
15,1264
20,1264
49,1264
6,1265
27,1266
31,1266
42,1267
51,1268
24,1269
25,1269
48,1269
57,1269
25,1271
13,1272
42,1272
33,1273
14,1275
44,1275
3,1276
9,1276
28,1276
32,1276
55,1276
52,1277
20,1278
30,1278
55,1278
52,1279
33,1280
34,1281
43,1281
46,1281
58,1281
47,1283
56,1283
12,1284
51,1284
41,1285
60,1286
23,1286
32,1286
51,1286
40,1287
1,1288
12,1288
31,1288
42,1288
51,1289
1,1290
38,1290
42,1290
43,1290
2,1291
2,1293
4,1293
46,1293
50,1293
59,1293
14,1294
1,1296
2,1297
56,1297
1,1299
12,1299
25,1300
51,1300
7,1301
15,1301
57,1302
5,1304
23,1304
40,1305
44,1305
12,1307
41,1307
25,1309
26,1309
43,1309
58,1309
36,1310
31,1311
49,1312
57,1312
45,1313
1,1315
4,1318
27,1318
46,1318
37,1320
12,1321
56,1322
53,1323
17,1324
19,1324
46,1324
4,1326
57,1326
14,1328
6,1335
19,1335
59,1335
38,1336
59,1337
43,1338
21,1339
31,1340
57,1341
18,1342
25,1342
12,1344
13,1344
34,1344
3,1345
56,1345
15,1347
11,1349
19,1350
46,1350
12,1351
23,1351
53,1351
57,1351
42,1352
36,1353
53,1353
9,1354
24,1354
42,1355
4,1357
34,1357
26,1358
44,1358
37,1360
15,1361
20,1363
50,1364
55,1365
22,1366
48,1367
23,1368
45,1369
36,1370
13,1371
42,1371
27,1372
42,1372
21,1374
23,1374
31,1375
41,1375
50,1375
31,1376
38,1376
59,1376
2,1378
42,1378
10,1380
35,1380
45,1381
53,1381
30,1382
17,1384
31,1384
37,1384
57,1384
40,1385
22,1386
36,1386
47,1386
43,1387
7,1391
42,1391
54,1393
55,1393
13,1394
31,1394
45,1394
18,1395
59,1395
13,1398
13,1399
27,1402
41,1402
42,1403
51,1403
52,1404
17,1406
16,1407
8,1408
18,1408
23,1408
51,1409
22,1410
42,1410
15,1411
40,1412
56,1412
51,1413
40,1414
23,1415
41,1416
3,1417
35,1417
59,1417
7,1418
9,1418
1,1419
5,1419
60,1420
9,1421
1,1422
54,1422
2,1423
18,1423
59,1423
55,1424
1,1425
34,1425
5,1426
33,1426
45,1426
58,1426
60,1427
14,1427
10,1428
6,1429
51,1429
60,1430
7,1430
35,1430
44,1430
54,1430
2,1431
2,1432
30,1432
55,1432
8,1434
33,1435
34,1435
42,1435
55,1436
32,1437
39,1437
8,1438
40,1438
47,1438
55,1438
16,1440
46,1441
6,1442
60,1444
6,1444
8,1444
31,1444
42,1444
48,1444
1,1445
2,1445
42,1445
47,1445
24,1446
4,1448
16,1448
35,1448
37,1448
1,1449
20,1449
28,1449
42,1449
2,1450
16,1450
30,1450
32,1450
19,1451
40,1451
49,1451
2,1452
16,1452
33,1452
45,1452
1,1453
5,1453
20,1453
25,1453
2,1455
5,1455
8,1456
29,1456
1,1457
4,1459
11,1459
13,1459
46,1459
1,1460
26,1460
36,1460
17,1461
54,1461
2,1462
2,1463
15,1463
46,1463
1,1464
43,1464
55,1464
2,1466
29,1469
50,1469
17,1470
55,1470
18,1471
14,1472
37,1473
15,1474
26,1474
44,1474
3,1475
17,1475
33,1475
37,1475
4,1476
36,1477
39,1478
41,1480
4,1481
51,1481
42,1482
10,1483
47,1483
21,1484
31,1484
10,1485
21,1485
11,1486
23,1486
49,1486
50,1486
12,1487
1,1488
22,1488
3,1489
9,1489
2,1490
33,1490
49,1490
1,1491
2,1493
9,1493
15,1493
1,1494
5,1495
7,1495
24,1495
51,1495
2,1496
29,1496
51,1496
3,1497
41,1497
10,1500
17,1502
23,1502
46,1502
22,1503
22,1504
49,1504
58,1504
48,1505
19,1506
46,1506
29,1507
32,1507
11,1508
12,1508
56,1508
50,1509
25,1511
7,1512
44,1512
47,1512
57,1512
29,1513
36,1513
41,1513
50,1513
45,1514
51,1514
41,1515
28,1518
9,1519
38,1519
49,1520
20,1521
44,1521
10,1522
8,1525
18,1525
21,1525
52,1525
54,1526
50,1527
50,1529
22,1530
46,1532
32,1533
14,1534
3,1535
4,1535
5,1536
31,1537
33,1537
41,1537
55,1538
37,1540
27,1541
51,1541
54,1541
53,1543
53,1544
15,1545
19,1545
53,1546
15,1547
30,1547
9,1548
11,1548
20,1549
11,1550
21,1550
43,1551
46,1552
7,1553
28,1554
37,1554
19,1555
6,1556
54,1560
55,1562
41,1563
50,1563
54,1563
18,1565
35,1567
43,1567
52,1567
9,1569
34,1571
37,1572
48,1572
10,1573
20,1575
53,1575
57,1575
4,1576
57,1576
25,1578
3,1579
7,1579
28,1579
35,1579
39,1581
8,1582
14,1584
32,1585
22,1586
28,1586
32,1587
8,1588
13,1589
34,1589
37,1590
55,1591
51,1592
53,1592
17,1593
13,1594
57,1595
1,1598
31,1598
1,1599
17,1599
57,1599
8,1600
54,1600
2,1601
5,1601
9,1602
28,1602
36,1602
51,1603
2,1604
57,1604
3,1605
38,1605
41,1606
1,1607
6,1607
59,1607
2,1609
7,1610
43,1610
19,1611
11,1612
27,1612
37,1613
17,1615
6,1616
38,1616
7,1618
17,1619
39,1619
55,1623
31,1624
51,1626
47,1627
18,1628
43,1628
47,1628
14,1629
15,1629
48,1631
34,1632
49,1632
5,1634
11,1634
41,1635
51,1635
14,1636
4,1637
14,1637
11,1641
16,1641
7,1642
14,1642
24,1645
15,1648
43,1648
6,1649
60,1650
40,1650
15,1651
51,1652
27,1653
5,1654
21,1655
35,1655
33,1656
56,1657
26,1661
32,1661
50,1661
9,1665
37,1665
52,1665
18,1666
52,1668
52,1669
58,1669
29,1670
20,1672
16,1674
25,1674
1,1675
2,1676
35,1676
47,1677
49,1677
54,1677
37,1678
50,1678
15,1679
24,1679
56,1679
5,1680
58,1680
1,1681
4,1681
14,1681
1,1682
5,1682
9,1682
20,1682
7,1683
23,1683
2,1684
51,1684
2,1685
31,1685
50,1685
1,1686
1,1687
17,1687
26,1687
2,1688
24,1688
40,1688
2,1689
49,1690
1,1694
10,1694
46,1695
48,1695
49,1695
2,1696
7,1697
13,1697
52,1697
23,1698
20,1699
10,1700
52,1700
57,1700
28,1702
35,1702
42,1703
47,1703
48,1703
11,1704
18,1704
23,1704
6,1705
25,1706
28,1706
35,1706
14,1707
60,1708
25,1709
42,1709
44,1711
46,1712
53,1713
11,1714
17,1716
34,1720
21,1722
18,1724
4,1725
51,1725
12,1726
13,1726
18,1726
36,1726
23,1727
59,1727
56,1728
15,1729
27,1729
18,1730
27,1730
7,1731
15,1731
40,1731
37,1732
3,1734
1,1736
23,1737
2,1738
52,1738
1,1739
10,1740
37,1741
40,1741
1,1742
4,1742
9,1742
36,1742
53,1742
52,1743
31,1744
2,1745
43,1745
2,1746
22,1746
43,1746
35,1748
60,1749
7,1749
49,1749
7,1750
16,1750
56,1750
46,1751
28,1752
11,1753
29,1753
22,1754
52,1754
55,1754
33,1756
6,1757
19,1757
11,1758
44,1759
25,1760
5,1761
26,1761
31,1761
12,1762
16,1762
46,1762
17,1763
51,1763
18,1764
49,1764
24,1765
33,1765
37,1766
38,1767
1,1768
21,1769
2,1770
8,1770
1,1771
18,1771
2,1772
1,1774
41,1774
17,1776
47,1776
2,1777
9,1778
23,1779
34,1779
47,1780
30,1782
31,1783
26,1784
28,1784
40,1784
56,1784
55,1785
9,1786
37,1787
48,1787
24,1788
54,1788
21,1789
22,1790
48,1790
54,1791
25,1792
42,1793
17,1794
47,1794
5,1795
6,1795
28,1795
38,1795
15,1798
25,1799
4,1800
33,1800
25,1801
58,1802
1,1803
4,1803
45,1804
18,1805
35,1805
49,1806
4,1807
37,1807
42,1807
2,1808
31,1808
39,1809
7,1810
37,1810
1,1811
7,1811
1,1812
40,1812
18,1813
38,1813
2,1814
49,1814
2,1816
4,1818
35,1818
7,1819
40,1822
55,1823
13,1824
38,1825
46,1825
57,1826
24,1827
1,1828
29,1828
34,1828
49,1828
2,1829
12,1829
58,1829
57,1832
1,1833
12,1833
8,1834
11,1834
2,1835
27,1835
36,1835
1,1836
18,1836
5,1838
2,1839
51,1840
14,1841
37,1843
43,1843
51,1844
12,1845
25,1846
42,1846
53,1846
56,1846
35,1847
53,1847
23,1849
17,1850
50,1851
30,1853
23,1854
5,1855
18,1856
40,1856
59,1857
60,1858
30,1858
49,1858
46,1859
32,1860
51,1861
57,1861
31,1863
45,1863
26,1866
8,1869
4,1871
44,1872
55,1872
56,1874
1,1875
2,1876
22,1876
24,1876
44,1876
43,1877
57,1878
1,1879
32,1879
37,1879
40,1879
43,1879
2,1880
33,1880
1,1882
14,1882
2,1883
41,1885
7,1888
12,1889
2,1891
25,1891
34,1892
8,1893
13,1893
17,1893
10,1894
42,1894
14,1895
11,1896
45,1897
51,1897
5,1898
12,1898
52,1898
53,1898
23,1899
42,1899
28,1900
37,1900
51,1900
54,1900
32,1901
46,1902
16,1903
32,1903
43,1905
3,1906
18,1906
4,1908
30,1908
29,1909
51,1911
11,1912
12,1912
17,1912
48,1913
58,1913
59,1913
1,1914
1,1916
39,1916
2,1917
35,1917
2,1918
3,1918
1,1920
6,1920
39,1920
48,1920
2,1921
43,1922
8,1923
22,1923
54,1923
37,1925
48,1925
50,1925
1,1926
52,1926
1,1929
34,1929
2,1930
25,1930
49,1931
1,1933
37,1933
2,1934
58,1934
2,1935
6,1937
14,1937
39,1939
21,1940
4,1941
47,1943
13,1945
55,1945
54,1946
59,1946
7,1947
49,1947
10,1948
34,1949
3,1951
33,1952
39,1952
25,1954
3,1955
34,1955
24,1956
45,1956
52,1956
22,1957
54,1957
2,1958
54,1958
18,1959
51,1959
11,1960
17,1960
47,1961
47,1962
52,1962
55,1962
19,1963
35,1964
46,1964
59,1964
36,1965
38,1966
43,1966
9,1967
13,1967
4,1968
15,1970
3,1971
6,1971
10,1971
14,1971
57,1971
15,1972
16,1972
7,1973
2,1974
55,1975
58,1975
5,1976
56,1978
45,1979
3,1980
36,1980
48,1980
49,1980
28,1981
3,1984
33,1984
38,1985
56,1987
2,1989
3,1989
27,1989
1,1992
3,1992
13,1992
19,1993
1,1994
2,1996
6,1996
25,1998
1,1999
15,1999
49,1999
21,2000
48,2000
2,2001
37,2004
10,2005
11,2005
18,2005
59,2005
2,2006
11,2006
41,2006
26,2007
55,2007
3,2008
10,2008
48,2008
50,2008
11,2009
10,2012
4,2013
12,2013
55,2013
40,2014
7,2015
17,2015
44,2015
34,2016
17,2018
55,2018
17,2019
31,2020
42,2020
37,2022
1,2023
60,2025
5,2026
20,2027
29,2027
24,2028
44,2028
51,2029
19,2033
25,2034
40,2034
58,2034
46,2039
20,2040
28,2040
35,2041
44,2041
3,2042
1,2043
36,2043
1,2044
52,2044
31,2045
35,2045
2,2047
11,2047
11,2048
1,2049
25,2050
2,2051
5,2051
25,2051
10,2052
60,2054
2,2054
22,2054
8,2055
29,2058
50,2058
59,2058
11,2059
22,2059
11,2060
20,2060
59,2060
45,2061
7,2063
21,2063
38,2063
47,2063
39,2065
4,2066
13,2066
57,2067
26,2068
35,2068
38,2068
50,2068
3,2069
56,2069
17,2070
54,2071
52,2073
14,2074
5,2075
22,2075
53,2075
12,2077
11,2078
54,2078
41,2082
42,2082
44,2084
11,2088
44,2088
10,2089
50,2090
56,2090
46,2091
24,2092
59,2092
51,2093
27,2095
49,2096
19,2098
11,2099
14,2099
30,2099
56,2099
16,2100
27,2100
38,2101
4,2104
15,2107
43,2109
6,2110
10,2111
1,2113
10,2113
2,2114
48,2114
1,2115
8,2115
42,2115
37,2116
44,2116
45,2117
51,2118
1,2119
42,2119
2,2120
2,2122
38,2122
47,2122
22,2123
59,2124
60,2125
12,2125
38,2126
16,2127
44,2128
38,2129
13,2131
44,2131
7,2133
14,2133
17,2133
37,2133
28,2134
46,2135
52,2136
15,2137
29,2137
55,2137
30,2140
57,2141
25,2144
45,2144
29,2145
5,2146
25,2146
24,2147
4,2148
51,2148
21,2150
34,2151
57,2151
39,2153
8,2155
30,2156
41,2156
24,2157
58,2157
31,2159
45,2159
22,2160
54,2160
9,2161
21,2161
60,2162
1,2162
10,2162
1,2164
11,2164
22,2164
2,2165
1,2166
4,2166
10,2166
20,2166
2,2167
37,2167
41,2167
2,2168
35,2168
6,2170
10,2170
53,2171
22,2172
23,2172
45,2172
21,2173
1,2174
22,2174
2,2176
37,2176
1,2177
24,2177
33,2177
2,2178
57,2178
1,2179
59,2179
2,2180
50,2180
15,2182
50,2182
32,2183
58,2183
43,2184
6,2185
45,2185
12,2186
16,2186
31,2186
55,2186
25,2188
29,2188
33,2188
9,2192
19,2192
23,2194
1,2195
10,2195
2,2196
29,2196
35,2196
1,2198
3,2198
36,2199
40,2199
2,2200
33,2200
1,2201
18,2202
2,2203
36,2204
14,2205
17,2205
12,2206
18,2206
47,2206
1,2207
32,2207
49,2207
58,2207
1,2208
33,2209
39,2209
30,2210
2,2211
43,2211
31,2212
60,2213
14,2213
40,2213
27,2214
48,2215
2,2216
1,2218
55,2218
2,2219
10,2220
26,2220
2,2222
35,2222
8,2224
54,2224
31,2225
53,2225
34,2226
9,2228
31,2229
20,2230
34,2230
15,2231
47,2231
22,2232
49,2232
59,2233
58,2235
20,2237
31,2237
15,2239
20,2239
24,2239
29,2239
13,2240
23,2240
3,2241
30,2241
48,2243
12,2244
26,2244
51,2244
41,2245
37,2246
52,2247
34,2249
26,2250
7,2252
16,2252
36,2253
52,2253
52,2254
60,2255
29,2256
53,2257
7,2258
12,2258
21,2258
34,2258
39,2258
17,2260
35,2265
21,2266
20,2267
5,2270
28,2270
29,2271
51,2271
36,2272
9,2274
11,2274
38,2274
49,2274
1,2275
47,2276
25,2277
60,2278
12,2279
14,2279
17,2279
5,2282
24,2282
18,2283
37,2283
1,2284
1,2285
28,2285
46,2285
2,2286
10,2286
45,2286
53,2286
2,2288
34,2288
57,2288
1,2289
21,2289
22,2289
2,2290
13,2292
19,2294
9,2295
19,2295
50,2295
19,2296
39,2296
14,2297
35,2297
44,2298
58,2299
30,2300
20,2301
58,2301
59,2301
1,2303
21,2303
21,2304
55,2304
18,2305
10,2306
33,2306
42,2306
45,2309
60,2312
49,2312
56,2312
8,2313
51,2314
4,2316
16,2316
28,2316
58,2317
5,2318
1,2319
5,2319
24,2319
29,2319
30,2319
27,2320
42,2320
3,2322
8,2322
52,2322
53,2322
13,2324
53,2324
43,2325
11,2326
1,2327
45,2327
8,2328
10,2328
42,2328
60,2329
25,2330
2,2331
6,2331
9,2331
2,2332
20,2332
21,2333
28,2333
31,2333
33,2333
59,2333
21,2335
34,2336
1,2337
50,2337
10,2338
46,2338
2,2339
27,2339
42,2339
50,2339
16,2340
37,2340
47,2340
22,2341
48,2341
59,2341
31,2343
60,2344
17,2344
35,2344
60,2346
3,2346
38,2346
45,2346
14,2347
35,2347
40,2347
48,2347
55,2347
59,2347
48,2348
50,2351
47,2353
57,2353
17,2354
41,2354
57,2355
11,2356
38,2356
1,2357
17,2357
15,2358
57,2358
1,2359
11,2360
26,2360
51,2360
2,2361
57,2361
5,2362
15,2362
52,2362
10,2363
30,2364
8,2365
22,2365
2,2366
9,2366
1,2367
14,2367
36,2367
2,2368
21,2369
24,2369
1,2370
24,2370
25,2370
2,2371
1,2372
11,2372
25,2372
46,2372
2,2373
9,2373
53,2373
1,2374
36,2374
2,2375
13,2380
50,2380
15,2381
45,2381
50,2382
52,2384
39,2386
44,2387
29,2388
43,2388
12,2389
28,2390
42,2390
18,2391
38,2392
54,2394
15,2395
43,2395
14,2396
29,2397
41,2397
1,2398
4,2398
1,2399
54,2399
60,2400
2,2400
1,2401
21,2401
58,2401
45,2402
2,2403
49,2403
2,2404
26,2404
27,2404
36,2404
43,2404
8,2406
50,2406
33,2407
47,2409
9,2411
32,2413
49,2414
60,2415
32,2415
55,2417
16,2420
53,2420
21,2423
6,2424
31,2428
41,2428
3,2429
5,2429
50,2431
24,2432
7,2433
9,2433
14,2433
49,2434
55,2435
12,2436
49,2436
58,2437
29,2440
53,2441
33,2443
30,2444
26,2445
58,2445
5,2447
15,2448
42,2448
24,2449
45,2450
43,2451
3,2452
47,2453
55,2453
6,2454
46,2454
6,2455
7,2455
14,2455
54,2455
49,2457
12,2459
32,2459
14,2461
11,2464
47,2465
47,2466
45,2467
14,2468
36,2469
38,2469
56,2472
16,2474
21,2475
28,2475
42,2475
18,2476
11,2477
10,2478
19,2479
23,2481
44,2481
8,2482
36,2482
51,2486
52,2486
55,2487
58,2487
16,2489
48,2489
57,2490
10,2492
16,2497
47,2497
53,2497
7,2498
44,2498
59,2498
3,2499
10,2499
48,2500
14,2501
14,2503
38,2503
39,2505
49,2505
59,2505
1,2506
7,2506
38,2506
36,2507
2,2509
1,2510
2,2511
25,2511
1,2512
5,2512
2,2513
25,2513
12,2515
12,2516
12,2517
4,2518
9,2518
37,2518
43,2520
24,2521
31,2521
7,2522
12,2522
23,2524
55,2524
40,2525
8,2526
17,2526
55,2527
56,2528
58,2529
13,2532
39,2532
44,2532
57,2534
1,2535
24,2535
45,2535
2,2537
20,2537
53,2537
1,2538
10,2538
1,2539
43,2539
44,2539
50,2539
51,2539
2,2540
2,2541
4,2541
33,2542
26,2544
51,2544
3,2546
12,2546
37,2547
28,2548
18,2549
39,2549
43,2549
54,2550
45,2551
51,2551
56,2553
7,2555
14,2555
20,2557
5,2558
54,2558
27,2559
53,2559
3,2561
33,2561
36,2563
42,2563
42,2564
11,2567
38,2568
48,2568
29,2570
58,2570
60,2571
20,2571
23,2571
5,2572
20,2572
55,2572
7,2574
51,2575
11,2578
20,2578
31,2578
23,2579
14,2580
44,2580
56,2580
27,2581
43,2585
39,2587
13,2588
25,2588
53,2588
13,2590
20,2591
33,2591
50,2591
17,2592
23,2593
33,2593
53,2594
36,2595
43,2595
59,2596
18,2597
22,2597
42,2597
51,2598
59,2598
12,2599
33,2600
58,2600
7,2604
16,2604
27,2604
44,2604
17,2606
54,2607
36,2608
44,2608
45,2608
19,2609
44,2609
28,2610
45,2611
20,2612
55,2613
11,2615
20,2616
37,2616
12,2617
57,2617
5,2618
44,2618
23,2620
27,2620
7,2622
28,2622
23,2623
48,2623
58,2623
45,2625
27,2626
35,2626
45,2626
52,2626
26,2627
44,2627
48,2627
29,2628
44,2629
57,2629
23,2631
33,2631
37,2631
50,2631
15,2632
31,2632
54,2633
10,2634
14,2636
54,2636
19,2637
38,2637
13,2638
16,2638
16,2640
22,2640
51,2640
32,2641
4,2642
8,2642
30,2642
52,2643
56,2643
15,2644
42,2644
38,2645
58,2646
30,2648
21,2651
29,2651
21,2652
46,2652
36,2657
50,2658
22,2659
35,2660
42,2660
32,2661
4,2662
23,2662
41,2663
1,2665
8,2665
15,2667
29,2667
39,2667
46,2667
40,2669
55,2670
47,2671
21,2672
52,2672
26,2673
42,2676
52,2677
21,2678
48,2678
40,2679
36,2680
57,2680
55,2681
17,2683
44,2685
25,2687
58,2689
19,2690
35,2690
39,2690
41,2691
11,2692
55,2692
24,2695
50,2695
5,2696
15,2696
45,2696
9,2698
11,2698
5,2700
20,2700
44,2700
33,2701
34,2701
45,2701
18,2702
38,2702
11,2703
9,2706
15,2706
34,2706
36,2706
50,2709
53,2709
24,2710
35,2710
50,2710
7,2711
14,2711
18,2711
9,2712
30,2712
31,2713
4,2715
36,2715
4,2716
7,2716
10,2716
31,2718
22,2719
60,2720
19,2721
3,2723
28,2723
39,2726
52,2726
7,2727
22,2727
39,2727
60,2728
22,2728
23,2729
30,2732
36,2732
40,2732
3,2733
47,2733
25,2734
31,2735
45,2735
20,2736
45,2736
55,2736
29,2737
26,2738
37,2738
29,2739
48,2740
16,2741
38,2741
9,2742
17,2742
3,2743
31,2743
4,2744
41,2744
13,2746
38,2748
52,2748
7,2749
18,2750
43,2750
45,2750
20,2751
45,2752
52,2752
5,2753
52,2753
33,2754
39,2754
6,2758
11,2758
41,2758
9,2760
44,2760
4,2763
26,2763
36,2764
38,2765
52,2766
38,2767
43,2768
12,2769
19,2769
34,2769
10,2771
25,2771
20,2773
60,2774
51,2776
59,2777
22,2778
55,2778
60,2779
10,2779
36,2779
46,2779
29,2781
42,2782
53,2783
4,2784
31,2784
50,2784
10,2786
15,2790
49,2791
19,2792
30,2792
28,2793
53,2793
46,2794
11,2795
31,2796
22,2797
58,2798
27,2801
4,2802
58,2802
28,2803
48,2805
1,2806
46,2806
37,2807
56,2807
24,2808
8,2811
9,2811
5,2812
42,2813
58,2813
6,2814
25,2814
24,2815
36,2816
57,2816
8,2817
53,2817
19,2821
39,2822
40,2822
6,2823
8,2823
39,2825
26,2827
52,2827
25,2832
28,2833
40,2835
41,2835
42,2835
11,2836
13,2837
35,2837
60,2840
6,2840
11,2840
34,2841
12,2842
25,2842
42,2842
21,2843
18,2844
19,2845
56,2845
3,2846
5,2846
60,2847
35,2847
57,2849
32,2850
36,2850
6,2851
50,2851
43,2852
7,2854
42,2854
35,2855
8,2857
35,2859
54,2860
9,2861
50,2863
33,2865
34,2865
38,2865
48,2865
53,2865
58,2867
15,2868
41,2868
45,2868
32,2870
42,2870
5,2871
48,2871
41,2872
54,2873
5,2874
23,2875
60,2876
53,2876
6,2878
10,2879
49,2879
13,2880
46,2880
12,2881
15,2882
41,2882
58,2882
6,2883
19,2883
47,2883
5,2885
22,2885
59,2885
8,2886
35,2887
30,2888
50,2888
14,2889
34,2889
59,2889
59,2891
13,2892
21,2892
31,2893
19,2894
24,2894
36,2894
57,2897
8,2898
9,2898
19,2898
50,2898
25,2899
10,2901
20,2901
18,2902
23,2902
33,2902
58,2903
23,2905
51,2905
24,2906
32,2906
37,2906
14,2907
42,2907
42,2908
5,2910
16,2910
56,2910
18,2912
36,2912
57,2913
46,2915
34,2916
42,2916
7,2917
18,2917
38,2920
23,2922
59,2923
52,2924
53,2924
9,2926
13,2930
41,2930
54,2930
7,2931
48,2932
55,2932
60,2933
31,2933
41,2933
53,2933
46,2934
60,2935
54,2935
1,2936
17,2936
23,2936
52,2936
2,2937
27,2937
1,2938
1,2941
2,2942
2,2943
16,2944
27,2944
4,2947
17,2949
34,2950
43,2951
13,2952
10,2953
24,2953
37,2954
56,2957
2,2958
44,2958
11,2959
16,2959
1,2961
6,2962
56,2962
8,2963
43,2963
2,2964
43,2964
60,2965
16,2965
22,2965
55,2965
11,2967
24,2967
52,2967
1,2968
55,2968
14,2969
59,2970
1,2971
27,2971
2,2972
3,2972
2,2973
14,2973
3,2975
58,2976
59,2977
58,2978
18,2979
38,2979
11,2980
34,2980
6,2981
43,2981
53,2985
58,2986
26,2987
50,2987
1,2988
34,2988
43,2988
1,2990
2,2992
15,2992
35,2992
16,2993
52,2993
2,2994
53,2994
1,2995
4,2995
46,2995
14,2996
44,2996
2,2997
16,2997
18,2999
5,3000
19,3000
22,3001
37,3003
48,3003
35,3004
50,3004
55,3004
35,3005
42,3005
60,3006
2,3006
4,3008
43,3008
37,3010
40,3010
7,3011
40,3012
28,3014
36,3014
55,3014
56,3017
20,3019
3,3020
49,3020
35,3021
4,3022
29,3023
32,3023
58,3025
41,3028
48,3028
38,3029
54,3031
58,3031
45,3032
45,3034
55,3034
7,3037
22,3037
30,3042
45,3042
23,3044
44,3045
15,3046
39,3046
1,3047
33,3049
58,3049
4,3050
36,3050
15,3051
29,3051
33,3051
53,3051
54,3051
51,3052
3,3053
55,3053
32,3056
37,3057
39,3057
44,3059
20,3060
24,3061
51,3062
38,3063
54,3063
59,3064
21,3065
49,3066
31,3067
37,3067
46,3067
8,3068
21,3068
27,3068
16,3069
51,3069
40,3070
48,3071
28,3073
13,3075
9,3077
21,3077
23,3078
46,3078
56,3078
45,3079
36,3081
41,3081
49,3081
9,3083
29,3083
43,3085
6,3086
56,3086
31,3089
35,3090
47,3090
16,3091
51,3091
11,3093
1,3094
45,3094
2,3096
1,3097
1,3098
44,3098
2,3099
21,3099
50,3099
2,3100
18,3100
50,3100
27,3103
43,3103
26,3104
31,3104
11,3105
49,3105
50,3105
50,3106
30,3107
11,3110
44,3110
51,3110
53,3110
3,3111
39,3111
56,3111
3,3112
11,3113
18,3113
43,3113
10,3114
39,3115
40,3116
46,3116
42,3117
7,3118
12,3118
54,3119
58,3120
18,3121
51,3121
49,3123
12,3125
19,3125
29,3127
6,3128
27,3128
36,3128
41,3130
7,3131
19,3131
7,3132
1,3134
10,3134
37,3134
8,3135
2,3137
10,3138
60,3139
1,3139
7,3140
13,3140
24,3140
40,3140
48,3140
2,3141
11,3141
28,3141
43,3141
46,3141
1,3142
10,3142
2,3143
26,3144
28,3145
36,3146
38,3146
1,3147
7,3148
57,3148
6,3150
21,3150
22,3150
24,3150
32,3150
42,3150
2,3151
37,3153
1,3154
2,3155
58,3155
45,3156
18,3157
36,3157
42,3158
22,3159
35,3159
1,3160
42,3160
53,3160
2,3161
56,3162
14,3164
14,3167
14,3168
15,3168
41,3168
47,3170
51,3170
37,3173
8,3174
19,3174
17,3175
45,3176
46,3176
12,3178
24,3178
10,3179
22,3179
49,3179
54,3183
12,3184
39,3184
26,3186
41,3186
57,3186
49,3187
35,3188
57,3188
19,3190
26,3191
45,3192
48,3193
51,3194
6,3195
59,3196
18,3197
24,3197
50,3197
51,3197
56,3197
53,3198
1,3199
1,3200
23,3201
41,3202
51,3202
2,3203
3,3204
1,3205
28,3205
47,3205
6,3207
54,3207
57,3207
12,3208
16,3208
34,3209
51,3209
31,3210
2,3211
34,3211
22,3212
26,3212
2,3213
26,3213
30,3213
55,3213
16,3214
36,3214
41,3214
43,3214
7,3215
40,3215
48,3215
58,3217
16,3221
28,3221
50,3221
9,3222
12,3222
26,3222
40,3222
48,3223
55,3224
17,3226
36,3226
7,3228
17,3228
47,3230
12,3232
18,3233
28,3234
40,3234
1,3235
24,3235
19,3236
57,3236
1,3237
2,3238
7,3240
42,3240
1,3245
2,3246
37,3246
22,3248
44,3248
2,3249
50,3249
6,3250
49,3250
57,3250
28,3251
30,3252
8,3253
16,3254
46,3254
4,3255
6,3257
29,3258
52,3258
9,3260
5,3261
16,3262
53,3263
44,3264
26,3266
60,3269
19,3269
46,3270
30,3272
53,3273
18,3276
11,3277
13,3277
28,3277
9,3280
17,3281
45,3282
48,3282
10,3283
21,3284
50,3286
23,3288
15,3289
49,3289
54,3289
25,3290
33,3290
53,3290
46,3291
30,3292
56,3292
30,3293
57,3293
28,3294
22,3296
3,3298
3,3299
15,3299
18,3299
43,3299
23,3300
8,3301
8,3302
25,3302
50,3302
48,3304
56,3304
10,3305
51,3306
58,3307
10,3308
1,3309
51,3309
1,3310
38,3310
23,3311
27,3311
2,3313
4,3313
5,3313
13,3313
25,3313
20,3315
1,3316
18,3316
21,3316
43,3316
2,3317
13,3318
2,3319
54,3320
7,3322
13,3322
43,3323
26,3324
36,3325
51,3325
5,3326
9,3327
53,3327
14,3328
14,3329
22,3330
24,3331
38,3332
40,3334
53,3334
58,3334
19,3335
27,3335
33,3335
28,3336
45,3336
55,3337
28,3338
21,3339
26,3339
43,3339
50,3339
51,3339
30,3341
23,3344
55,3344
10,3345
29,3346
21,3347
54,3347
16,3349
24,3349
31,3350
34,3350
7,3351
19,3352
50,3352
45,3355
49,3355
21,3356
23,3357
31,3358
20,3360
21,3360
28,3360
60,3362
4,3363
1,3364
2,3365
1,3366
14,3366
50,3366
2,3367
1,3369
5,3369
2,3370
4,3370
11,3370
42,3370
58,3372
46,3373
58,3374
60,3375
4,3376
32,3376
11,3377
13,3377
39,3377
47,3377
56,3378
24,3379
31,3379
32,3379
58,3379
5,3380
12,3380
49,3380
4,3381
10,3384
2,3385
40,3385
54,3386
6,3388
18,3388
52,3388
12,3389
29,3389
46,3389
3,3390
17,3391
29,3392
21,3393
32,3394
23,3396
26,3396
47,3397
33,3398
17,3399
34,3400
9,3401
43,3401
30,3402
15,3403
6,3404
39,3404
58,3404
15,3406
54,3407
3,3408
14,3408
59,3408
8,3409
23,3409
25,3409
53,3409
24,3410
2,3411
13,3412
25,3413
30,3413
58,3414
31,3418
1,3420
43,3420
2,3421
1,3423
17,3423
38,3423
35,3424
1,3425
38,3425
2,3426
5,3426
15,3427
20,3429
58,3431
6,3432
29,3432
2,3433
11,3433
50,3433
53,3433
54,3433
1,3434
28,3434
2,3435
3,3435
1,3436
9,3436
1,3437
2,3438
20,3438
38,3438
10,3439
12,3439
2,3441
3,3442
13,3442
15,3443
16,3443
42,3443
53,3443
46,3445
55,3445
10,3447
50,3449
48,3450
31,3453
52,3453
12,3455
44,3455
49,3455
59,3455
8,3457
53,3457
9,3458
11,3458
23,3458
54,3460
12,3463
37,3463
58,3463
27,3465
32,3465
60,3467
11,3468
29,3468
39,3468
11,3469
42,3469
45,3469
58,3469
6,3470
23,3470
37,3470
27,3471
40,3472
42,3473
41,3474
38,3475
52,3477
29,3478
26,3479
46,3480
47,3480
36,3481
43,3481
56,3481
38,3482
41,3482
1,3484
26,3484
36,3484
9,3485
40,3485
2,3486
43,3486
44,3486
13,3488
42,3488
54,3488
1,3489
2,3490
39,3491
1,3492
3,3492
59,3492
9,3493
22,3493
24,3494
46,3494
55,3494
58,3494
2,3495
12,3495
2,3496
41,3496
17,3497
37,3498
38,3499
21,3500
9,3501
25,3501
18,3502
38,3502
10,3503
50,3503
12,3504
58,3505
37,3506
54,3506
56,3506
32,3508
26,3509
41,3509
30,3512
52,3512
36,3513
3,3514
21,3514
16,3516
45,3519
50,3520
25,3521
46,3521
38,3522
57,3522
19,3523
24,3523
28,3523
31,3523
41,3523
10,3525
19,3525
35,3525
1,3527
1,3528
30,3528
5,3529
50,3529
32,3530
58,3531
2,3532
2,3533
51,3535
1,3536
41,3537
2,3538
44,3539
51,3540
60,3541
9,3542
60,3544
24,3544
33,3544
15,3545
14,3547
33,3547
48,3547
6,3549
38,3551
12,3552
27,3552
44,3552
45,3552
6,3553
17,3553
6,3555
13,3555
39,3557
44,3559
18,3560
4,3561
7,3562
57,3562
58,3562
32,3564
7,3565
8,3565
10,3565
42,3565
38,3566
47,3569
25,3571
34,3571
47,3571
59,3572
27,3573
43,3573
44,3574
57,3574
50,3575
26,3577
55,3577
5,3578
9,3578
13,3578
1,3579
3,3581
20,3582
1,3583
10,3584
48,3584
52,3584
2,3586
1,3587
19,3587
2,3588
18,3588
33,3588
57,3588
9,3589
15,3589
33,3589
2,3590
5,3591
28,3593
25,3594
43,3596
4,3597
43,3597
30,3598
32,3598
31,3600
38,3600
53,3600
47,3601
52,3603
36,3606
37,3606
57,3606
13,3609
17,3609
5,3610
27,3610
30,3611
51,3611
12,3612
4,3613
54,3613
28,3614
42,3614
53,3614
56,3614
8,3615
30,3617
37,3617
50,3617
59,3617
25,3619
58,3619
42,3620
15,3623
54,3623
12,3624
17,3624
25,3624
49,3627
13,3628
54,3631
11,3632
2,3633
5,3634
54,3635
57,3637
28,3638
54,3638
42,3639
29,3640
32,3640
32,3641
3,3642
6,3642
58,3643
3,3646
21,3646
14,3647
5,3648
35,3648
20,3649
21,3649
35,3649
40,3649
58,3649
26,3650
4,3651
1,3652
2,3653
29,3653
39,3654
14,3655
37,3655
59,3655
41,3656
58,3657
60,3658
52,3658
1,3659
12,3659
33,3659
34,3659
46,3659
50,3659
2,3660
18,3660
57,3660
1,3663
4,3663
36,3663
58,3663
39,3664
6,3665
32,3665
41,3665
51,3665
51,3666
55,3666
59,3666
2,3668
33,3668
49,3668
3,3669
44,3670
42,3671
38,3673
13,3674
51,3674
3,3675
19,3676
54,3676
16,3677
52,3677
27,3679
23,3680
52,3680
50,3682
56,3683
45,3684
56,3685
5,3686
29,3686
35,3686
51,3686
34,3687
54,3687
18,3688
35,3688
59,3688
7,3690
32,3690
46,3691
53,3691
10,3693
5,3694
14,3695
26,3695
11,3696
41,3696
28,3697
17,3699
42,3700
48,3701
7,3702
30,3702
35,3702
32,3703
12,3704
41,3704
53,3708
21,3709
41,3710
1,3711
2,3712
1,3713
2,3714
15,3714
60,3715
1,3715
24,3715
2,3716
16,3716
47,3717
26,3718
46,3719
2,3720
22,3720
25,3721
15,3722
47,3722
55,3722
8,3724
36,3727
6,3729
12,3731
17,3731
3,3733
1,3735
34,3735
34,3736
10,3737
14,3737
24,3737
58,3737
2,3738
37,3738
1,3739
17,3739
11,3740
32,3740
7,3741
37,3741
1,3743
43,3743
57,3743
60,3744
2,3744
56,3745
32,3746
2,3747
9,3748
16,3748
32,3748
11,3749
40,3749
44,3749
25,3750
34,3750
1,3751
40,3751
2,3753
4,3753
40,3753
42,3753
49,3753
35,3754
47,3754
1,3756
39,3756
49,3756
18,3757
22,3757
29,3757
36,3758
5,3759
2,3760
1,3761
29,3761
39,3761
19,3763
32,3763
7,3765
38,3765
2,3766
48,3766
1,3768
42,3768
58,3768
3,3769
38,3769
2,3770
50,3770
23,3772
25,3772
34,3772
4,3773
12,3773
44,3773
1,3774
23,3774
54,3774
1,3775
5,3775
27,3775
2,3777
2,3778
43,3779
42,3780
30,3781
39,3782
46,3782
49,3783
32,3784
7,3786
56,3786
18,3787
47,3787
31,3788
55,3788
54,3791
23,3792
42,3792
47,3794
26,3795
28,3795
7,3796
26,3796
33,3796
14,3797
14,3798
9,3800
34,3800
26,3802
33,3802
24,3803
18,3806
19,3807
22,3807
54,3807
28,3809
7,3811
45,3812
13,3815
41,3815
46,3815
14,3817
46,3817
18,3819
21,3819
6,3820
46,3820
15,3821
25,3821
41,3821
52,3821
41,3822
5,3823
12,3823
41,3825
52,3827
11,3828
41,3829
54,3830
27,3832
8,3834
6,3835
50,3835
26,3836
43,3836
15,3837
27,3837
35,3839
17,3840
49,3840
12,3843
3,3844
8,3846
55,3848
43,3849
28,3850
19,3851
32,3851
33,3852
56,3852
16,3853
21,3853
51,3853
27,3855
50,3856
3,3857
23,3857
59,3857
17,3860
3,3862
52,3862
5,3866
33,3866
36,3866
38,3868
54,3868
37,3869
41,3869
54,3869
54,3872
58,3872
26,3874
52,3874
36,3875
58,3875
46,3876
5,3877
39,3877
35,3878
38,3879
48,3880
39,3881
35,3883
23,3885
33,3885
39,3886
26,3887
37,3887
19,3888
46,3890
31,3891
50,3891
21,3893
3,3896
37,3899
30,3901
21,3904
23,3906
59,3907
7,3909
10,3910
41,3911
8,3912
12,3912
15,3913
28,3913
3,3914
59,3914
8,3915
41,3915
39,3916
41,3916
39,3918
49,3919
4,3921
42,3921
52,3922
32,3923
24,3925
21,3927
40,3928
46,3929
59,3929
33,3930
47,3930
17,3931
26,3931
10,3932
12,3932
33,3933
10,3935
5,3936
23,3936
7,3937
48,3937
3,3940
54,3940
9,3943
14,3944
22,3945
13,3946
23,3946
4,3947
57,3947
59,3948
24,3949
55,3949
14,3950
18,3951
60,3953
28,3953
33,3953
5,3957
24,3958
59,3960
37,3962
19,3966
51,3966
10,3967
53,3967
48,3968
58,3969
7,3970
55,3970
53,3971
33,3972
60,3973
1,3973
35,3973
1,3974
8,3974
2,3976
31,3976
47,3976
55,3976
1,3977
23,3979
47,3979
2,3980
8,3980
43,3980
2,3981
37,3982
45,3982
59,3982
60,3983
60,3984
20,3984
26,3985
29,3986
46,3986
60,3987
28,3987
5,3989
21,3989
22,3993
52,3994
57,3998
2,3999
55,3999
58,4000
11,4001
20,4002
3,4003
26,4004
33,4004
34,4004
47,4005
18,4008
38,4009
11,4011
38,4013
18,4014
36,4014
3,4015
32,4015
29,4016
34,4016
39,4016
12,4017
13,4017
16,4017
8,4018
49,4018
3,4019
4,4019
3,4021
28,4021
29,4022
50,4022
9,4023
42,4024
37,4025
53,4025
16,4026
52,4026
11,4028
41,4029
1,4030
15,4030
29,4030
39,4030
7,4031
29,4032
41,4032
17,4034
20,4034
23,4035
2,4036
9,4037
1,4038
32,4038
33,4038
48,4038
1,4039
17,4039
31,4039
59,4039
2,4040
43,4040
2,4041
14,4043
19,4043
16,4044
21,4044
31,4044
56,4044
46,4045
49,4045
6,4046
34,4046
18,4047
29,4048
30,4050
53,4050
24,4052
11,4053
40,4055
28,4058
30,4058
54,4059
3,4060
5,4060
41,4060
41,4061
8,4062
9,4062
15,4063
46,4063
33,4065
51,4065
57,4065
23,4066
21,4067
5,4068
25,4068
29,4068
15,4069
14,4070
34,4070
11,4071
60,4072
43,4072
20,4074
13,4075
18,4077
46,4078
42,4079
47,4079
10,4080
15,4080
56,4080
12,4081
26,4081
38,4081
5,4083
30,4084
53,4084
14,4085
17,4085
40,4088
22,4089
59,4089
28,4090
9,4093
49,4093
60,4094
1,4094
17,4095
44,4095
1,4096
40,4096
2,4097
7,4097
39,4097
41,4097
1,4098
10,4098
18,4099
2,4100
3,4100
5,4100
26,4101
29,4101
2,4102
22,4102
38,4103
46,4103
11,4104
45,4104
1,4106
28,4106
45,4106
1,4107
6,4107
24,4108
49,4108
15,4109
54,4109
25,4110
2,4111
13,4111
17,4111
41,4111
8,4112
53,4112
58,4112
59,4112
2,4113
1,4114
36,4114
47,4114
2,4115
16,4115
2,4118
36,4118
8,4119
57,4119
1,4120
1,4121
2,4122
51,4122
1,4123
31,4123
38,4124
51,4124
11,4125
52,4125
56,4125
2,4126
41,4126
2,4127
5,4127
29,4128
16,4129
36,4129
41,4129
43,4129
4,4130
39,4130
53,4132
47,4134
7,4135
49,4135
55,4135
26,4136
53,4136
59,4136
35,4137
48,4137
59,4137
23,4138
48,4138
14,4140
29,4140
54,4140
41,4141
5,4142
3,4143
22,4143
4,4144
47,4145
1,4146
50,4146
60,4149
33,4149
29,4150
37,4150
29,4152
37,4152
52,4152
4,4153
18,4153
54,4153
13,4154
15,4157
36,4157
48,4158
7,4159
30,4160
50,4160
20,4161
32,4161
42,4161
55,4161
30,4163
21,4164
7,4165
34,4165
22,4166
25,4167
40,4168
19,4169
42,4169
31,4170
43,4170
45,4171
8,4172
58,4172
38,4173
16,4174
19,4175
25,4175
23,4176
57,4177
25,4178
30,4178
13,4179
35,4179
9,4180
33,4180
7,4182
9,4184
57,4184
47,4185
56,4186
5,4189
47,4189
53,4189
59,4189
30,4191
22,4192
25,4192
20,4195
60,4196
21,4196
16,4197
35,4199
24,4200
39,4200
55,4201
6,4202
40,4203
15,4206
32,4206
12,4207
20,4207
21,4207
27,4207
33,4207
54,4208
58,4208
46,4209
50,4209
16,4210
40,4210
59,4210
33,4211
53,4211
4,4212
35,4213
25,4215
27,4215
49,4219
14,4221
16,4221
22,4221
18,4222
37,4222
38,4222
1,4223
42,4224
43,4224
2,4225
34,4225
45,4225
49,4225
1,4226
1,4227
37,4227
2,4228
41,4228
43,4229
45,4229
2,4230
5,4230
23,4230
49,4230
28,4232
50,4232
14,4233
42,4233
25,4234
8,4236
14,4236
10,4237
23,4237
43,4237
54,4237
25,4239
44,4239
47,4239
26,4241
39,4242
1,4243
2,4244
40,4244
1,4245
11,4245
51,4245
22,4246
27,4246
1,4247
5,4247
12,4247
32,4247
2,4248
10,4248
31,4248
32,4248
54,4248
29,4250
53,4250
26,4251
31,4251
2,4252
29,4252
36,4253
40,4253
29,4254
32,4254
51,4257
38,4258
50,4258
60,4259
49,4259
29,4261
40,4261
24,4266
26,4266
31,4266
43,4266
9,4267
55,4268
55,4269
26,4271
47,4271
48,4271
10,4272
41,4272
31,4273
10,4274
12,4274
20,4275
11,4276
41,4276
59,4276
49,4279
52,4279
26,4281
56,4281
18,4282
27,4282
35,4282
18,4283
27,4283
14,4285
40,4287
57,4287
3,4288
7,4288
10,4288
43,4288
36,4289
44,4290
54,4291
41,4292
29,4293
14,4295
11,4296
12,4297
53,4298
30,4299
31,4300
59,4300
46,4301
51,4301
59,4301
43,4302
48,4303
49,4303
52,4304
27,4305
30,4305
33,4305
3,4306
37,4306
16,4307
29,4307
54,4307
23,4309
60,4310
15,4310
4,4311
45,4311
1,4312
12,4312
18,4312
38,4312
54,4312
55,4313
27,4314
2,4315
12,4315
14,4315
11,4316
24,4316
1,4318
45,4318
3,4319
2,4320
31,4320
56,4320
53,4321
1,4323
10,4323
31,4324
22,4325
29,4325
2,4326
11,4328
38,4329
56,4329
45,4330
29,4333
53,4333
23,4335
27,4335
34,4336
1,4337
41,4337
4,4338
35,4340
1,4341
10,4341
34,4341
49,4341
2,4343
56,4344
26,4345
1,4346
29,4346
49,4347
2,4348
12,4348
1,4349
37,4349
2,4350
10,4350
14,4350
33,4350
26,4351
56,4352
57,4353
2,4354
27,4355
39,4355
24,4356
25,4356
36,4357
48,4357
45,4358
7,4359
23,4359
5,4360
32,4360
16,4362
17,4362
26,4362
51,4363
27,4364
37,4364
1,4366
7,4366
14,4366
18,4367
55,4367
2,4369
32,4369
52,4369
56,4370
1,4371
17,4371
45,4371
1,4372
20,4372
42,4376
56,4376
2,4377
27,4377
55,4377
55,4378
10,4379
20,4379
38,4379
2,4380
7,4380
25,4381
27,4382
12,4384
35,4384
42,4384
52,4386
8,4387
9,4388
59,4389
13,4390
40,4391
46,4391
55,4393
7,4394
34,4394
55,4394
29,4395
31,4396
37,4396
5,4397
12,4397
58,4397
53,4398
5,4399
44,4403
60,4404
51,4404
21,4405
25,4405
13,4407
8,4408
9,4409
44,4409
48,4409
59,4409
30,4410
46,4410
12,4411
32,4411
18,4413
23,4414
27,4415
45,4415
55,4416
25,4417
24,4418
18,4419
45,4420
30,4421
15,4422
38,4422
8,4424
11,4424
26,4425
22,4426
35,4427
5,4428
44,4429
14,4430
19,4430
31,4430
44,4432
22,4433
52,4434
15,4436
23,4437
46,4437
5,4439
24,4439
38,4439
30,4442
54,4442
42,4444
52,4445
5,4446
25,4446
37,4446
35,4447
57,4447
1,4451
21,4451
7,4452
1,4453
33,4454
60,4455
3,4455
35,4455
53,4457
36,4459
47,4459
56,4459
41,4460
53,4460
20,4461
2,4462
17,4463
47,4463
56,4463
57,4463
2,4464
19,4464
1,4465
28,4465
37,4465
2,4466
36,4466
42,4466
40,4467
43,4467
54,4467
23,4468
56,4468
19,4470
39,4470
46,4470
7,4471
25,4472
49,4472
52,4473
37,4474
7,4475
32,4475
5,4476
32,4476
36,4477
17,4478
34,4478
7,4479
49,4481
47,4482
17,4484
24,4484
16,4486
55,4486
3,4488
6,4488
19,4489
16,4490
9,4492
14,4492
17,4493
18,4493
31,4493
56,4493
22,4494
49,4494
7,4495
42,4495
44,4496
56,4496
58,4497
47,4498
20,4499
8,4500
43,4500
42,4502
4,4503
11,4505
52,4508
11,4510
38,4510
13,4511
52,4511
20,4512
4,4513
46,4513
10,4514
33,4514
51,4514
31,4516
25,4518
33,4518
45,4519
54,4519
36,4521
38,4522
22,4523
6,4524
22,4525
45,4525
48,4525
45,4526
50,4527
30,4529
51,4529
14,4530
47,4530
44,4531
17,4532
6,4533
29,4533
33,4534
3,4535
56,4535
58,4536
59,4537
41,4538
28,4540
32,4540
49,4540
60,4541
37,4541
31,4543
46,4544
23,4547
54,4547
52,4549
50,4550
28,4551
18,4552
19,4553
50,4553
19,4557
22,4557
40,4557
60,4558
53,4558
60,4560
34,4560
23,4562
45,4563
58,4563
25,4565
4,4566
27,4567
30,4570
21,4573
11,4574
16,4576
36,4576
48,4578
35,4579
31,4580
11,4581
15,4581
45,4582
33,4583
36,4583
53,4583
43,4584
27,4585
54,4585
12,4586
23,4586
8,4587
59,4587
19,4589
9,4592
59,4592
29,4593
50,4593
13,4595
47,4597
33,4600
11,4601
29,4601
41,4601
34,4602
38,4603
56,4606
29,4607
55,4607
14,4609
20,4609
31,4609
4,4610
32,4610
58,4610
28,4612
36,4613
55,4613
3,4614
30,4614
38,4614
55,4614
6,4616
17,4616
43,4616
23,4617
32,4618
38,4618
59,4618
6,4619
25,4621
18,4622
26,4622
11,4623
37,4624
52,4628
12,4629
34,4629
22,4630
41,4630
46,4630
52,4630
55,4633
24,4635
41,4635
42,4635
8,4636
37,4637
57,4637
45,4638
55,4639
7,4640
19,4640
49,4640
56,4640
15,4641
16,4642
23,4643
37,4643
44,4643
4,4644
55,4645
27,4646
48,4647
34,4648
44,4650
32,4651
50,4651
21,4653
52,4653
26,4656
27,4657
52,4657
51,4660
16,4662
1,4664
10,4664
36,4664
1,4665
2,4666
32,4666
48,4666
31,4667
34,4667
1,4668
2,4669
15,4669
43,4672
59,4673
24,4674
43,4674
2,4675
6,4675
23,4676
32,4677
44,4677
12,4679
17,4680
18,4680
51,4680
38,4681
29,4682
52,4682
7,4685
30,4685
2,4686
12,4686
16,4686
17,4686
22,4687
8,4688
35,4688
58,4689
45,4692
26,4693
26,4694
34,4694
52,4698
55,4699
5,4700
10,4700
35,4700
54,4700
39,4702
24,4704
58,4704
1,4707
26,4707
48,4707
1,4708
48,4708
60,4709
3,4709
34,4709
3,4710
2,4711
50,4711
2,4712
8,4712
25,4712
43,4712
54,4712
8,4713
42,4713
6,4714
13,4715
20,4715
30,4715
42,4715
1,4716
23,4716
21,4717
26,4717
2,4718
26,4719
30,4719
33,4719
47,4719
54,4719
4,4720
10,4720
58,4720
24,4721
37,4721
43,4722
45,4722
18,4723
35,4725
49,4726
20,4730
39,4730
52,4730
25,4731
15,4733
59,4734
20,4735
51,4736
16,4738
29,4739
13,4741
10,4742
59,4742
20,4744
2,4745
21,4745
1,4746
10,4746
34,4746
35,4746
2,4747
35,4747
1,4748
23,4748
2,4750
40,4750
41,4750
1,4752
12,4752
2,4753
53,4753
1,4754
38,4754
58,4754
1,4755
11,4755
35,4755
43,4755
2,4757
2,4758
1,4759
19,4759
2,4760
20,4760
31,4760
4,4761
32,4761
9,4762
10,4762
22,4765
32,4766
33,4766
14,4767
50,4768
7,4771
20,4772
33,4772
22,4773
13,4774
35,4774
1,4776
56,4776
59,4776
16,4777
60,4778
1,4778
27,4778
44,4778
2,4779
42,4779
53,4779
2,4781
35,4782
30,4784
60,4786
18,4786
24,4787
39,4787
1,4788
37,4788
38,4788
26,4789
58,4789
44,4790
45,4790
48,4790
3,4791
26,4791
51,4791
26,4792
36,4793
52,4794
2,4795
18,4797
45,4797
25,4798
44,4801
23,4802
12,4803
18,4804
39,4804
1,4807
50,4807
1,4808
7,4809
14,4809
29,4809
45,4809
2,4810
26,4810
1,4811
15,4811
33,4812
2,4813
19,4813
2,4814
59,4814
12,4816
8,4817
54,4817
20,4818
32,4819
58,4819
59,4819
21,4820
55,4821
42,4823
50,4823
45,4824
55,4824
24,4825
41,4825
8,4826
48,4827
29,4828
46,4828
22,4829
29,4829
13,4830
25,4830
23,4831
29,4831
51,4831
55,4831
13,4833
3,4834
22,4835
39,4835
20,4837
46,4837
47,4837
10,4840
4,4842
27,4843
41,4844
42,4844
1,4846
5,4846
47,4846
1,4847
45,4848
2,4849
22,4849
12,4851
30,4851
2,4852
32,4852
51,4853
48,4855
1,4856
27,4856
2,4857
14,4857
53,4857
57,4857
10,4858
45,4860
59,4860
52,4861
23,4863
26,4863
48,4863
1,4865
3,4865
14,4865
2,4866
17,4867
46,4867
58,4867
1,4868
33,4869
34,4869
41,4869
17,4870
36,4871
2,4872
32,4872
34,4872
20,4874
42,4874
60,4875
1,4875
34,4875
2,4876
38,4879
46,4881
29,4882
52,4884
59,4884
22,4885
7,4887
9,4887
24,4887
45,4887
20,4888
39,4888
42,4889
16,4890
33,4891
4,4892
35,4892
10,4893
7,4894
13,4894
20,4896
7,4897
6,4898
9,4900
22,4900
34,4901
51,4901
3,4903
24,4903
8,4906
12,4906
17,4906
41,4908
9,4909
43,4910
34,4911
38,4911
1,4912
1,4913
44,4914
2,4915
23,4915
31,4915
57,4915
2,4916
21,4916
1,4917
2,4918
6,4918
12,4919
22,4920
46,4920
12,4921
22,4922
23,4922
30,4922
42,4923
12,4924
26,4924
7,4926
14,4926
59,4926
32,4927
60,4928
11,4928
24,4930
18,4933
2,4934
10,4934
16,4934
52,4934
47,4935
60,4937
9,4938
19,4938
31,4938
56,4938
59,4938
16,4939
33,4939
11,4940
59,4942
12,4943
28,4943
16,4945
24,4945
6,4946
40,4946
41,4947
10,4949
1,4950
22,4951
55,4951
15,4953
19,4953
43,4953
42,4954
9,4955
18,4955
55,4957
32,4958
14,4959
22,4960
35,4960
43,4960
56,4961
9,4963
43,4963
30,4964
23,4969
26,4970
31,4970
17,4973
52,4973
12,4974
56,4978
42,4980
27,4981
7,4984
13,4984
40,4984
41,4985
17,4986
51,4986
43,4987
52,4988
27,4989
36,4989
7,4990
55,4990
59,4990
7,4991
9,4991
20,4991
27,4993
36,4993
47,4995
15,4996
24,4996
40,4996
29,4997
5,4999
30,5001
34,5001
38,5001
43,5002
7,5003
38,5003
44,5003
43,5004
4,5005
41,5006
13,5008
31,5008
47,5008
50,5008
52,5010
30,5011
8,5013
45,5013
14,5014
16,5014
15,5015
10,5016
34,5018
41,5018
24,5019
51,5019
10,5021
12,5021
18,5021
34,5021
24,5023
10,5024
3,5025
27,5025
41,5027
52,5027
56,5027
22,5028
23,5028
58,5029
44,5030
32,5031
36,5034
29,5036
42,5036
47,5036
3,5037
5,5038
28,5038
35,5041
49,5041
54,5041
34,5042
6,5043
42,5044
46,5044
50,5045
3,5046
8,5048
10,5049
15,5049
16,5049
27,5050
46,5054
8,5055
41,5057
36,5058
14,5059
36,5059
56,5060
39,5062
28,5063
40,5064
54,5064
22,5065
9,5066
7,5068
29,5068
32,5068
42,5068
8,5069
15,5069
52,5070
53,5071
54,5072
4,5073
11,5073
26,5073
51,5073
22,5074
13,5075
31,5075
29,5076
14,5077
19,5077
42,5077
16,5081
10,5083
41,5084
1,5085
4,5085
54,5085
2,5086
15,5086
1,5087
19,5087
1,5088
24,5088
43,5088
21,5089
50,5089
11,5090
13,5091
37,5091
2,5092
29,5094
48,5094
2,5095
8,5095
15,5095
26,5095
39,5095
43,5095
40,5096
33,5097
37,5097
57,5097
18,5098
33,5099
5,5100
9,5100
34,5100
25,5101
15,5102
17,5102
23,5102
28,5102
44,5102
19,5103
46,5103
17,5104
28,5109
42,5109
14,5110
18,5110
45,5110
59,5110
16,5111
45,5111
20,5112
30,5112
31,5112
7,5113
10,5114
45,5114
16,5116
26,5116
27,5116
23,5117
32,5117
58,5117
50,5118
57,5118
47,5119
30,5120
32,5120
8,5122
35,5123
11,5126
12,5126
45,5126
40,5127
46,5129
5,5130
60,5131
29,5131
36,5131
7,5132
17,5132
37,5132
15,5134
30,5134
37,5134
55,5134
20,5135
3,5136
28,5137
41,5137
34,5138
29,5139
55,5139
9,5140
4,5141
24,5141
8,5143
26,5144
10,5146
32,5146
37,5146
51,5146
60,5149
44,5150
50,5151
52,5153
8,5155
10,5155
14,5155
22,5155
38,5155
15,5157
8,5158
29,5159
4,5162
17,5162
56,5162
20,5163
30,5163
58,5163
43,5165
41,5166
47,5169
18,5172
22,5173
50,5173
18,5174
4,5175
7,5175
15,5175
60,5177
15,5178
51,5178
3,5180
53,5180
28,5181
27,5182
13,5184
14,5184
57,5184
51,5185
50,5188
36,5189
10,5190
26,5190
19,5193
21,5194
51,5194
6,5195
53,5196
12,5197
37,5197
42,5199
51,5199
41,5200
46,5200
17,5201
43,5202
1,5203
2,5204
7,5204
3,5205
12,5205
25,5205
44,5206
16,5207
31,5207
47,5207
33,5208
59,5208
31,5209
1,5210
15,5210
17,5210
1,5211
22,5211
47,5211
2,5212
56,5212
13,5213
17,5214
55,5214
21,5215
22,5215
2,5216
34,5216
41,5216
32,5218
60,5219
23,5220
27,5220
59,5222
10,5223
13,5223
8,5225
49,5225
14,5226
31,5226
24,5227
29,5227
31,5227
39,5227
42,5227
19,5228
17,5230
25,5230
55,5231
47,5233
24,5235
24,5236
40,5236
56,5237
13,5238
37,5238
45,5238
20,5239
1,5241
16,5241
22,5241
58,5241
2,5242
23,5242
53,5242
17,5243
18,5243
1,5244
1,5245
6,5245
21,5245
2,5246
31,5246
42,5246
2,5247
30,5247
3,5248
59,5248
19,5249
25,5250
26,5250
3,5251
16,5251
5,5252
37,5252
28,5255
27,5256
8,5257
18,5257
41,5258
45,5260
57,5260
50,5261
52,5261
25,5262
4,5263
18,5263
49,5263
51,5264
40,5265
35,5266
36,5267
7,5270
39,5270
16,5271
22,5271
10,5274
9,5276
24,5276
18,5277
30,5277
4,5279
36,5279
13,5280
29,5280
34,5280
9,5281
26,5281
46,5281
12,5282
51,5282
45,5283
28,5284
58,5284
5,5285
53,5285
36,5287
1,5288
41,5288
2,5289
21,5289
1,5290
42,5290
1,5291
51,5291
5,5292
6,5292
57,5292
59,5292
11,5293
2,5294
12,5296
19,5297
28,5297
33,5297
48,5298
2,5299
10,5300
40,5301
47,5307
57,5307
49,5308
5,5310
13,5310
45,5311
5,5314
35,5314
42,5314
55,5314
7,5316
54,5316
43,5317
13,5318
28,5318
48,5318
51,5320
12,5321
48,5323
13,5325
28,5327
19,5328
58,5328
31,5329
53,5329
11,5330
36,5330
26,5331
53,5331
20,5333
26,5333
31,5334
1,5337
4,5337
37,5338
1,5339
51,5339
57,5339
59,5340
2,5341
1,5342
35,5343
44,5343
2,5344
56,5345
2,5346
4,5347
36,5352
14,5353
24,5355
49,5359
46,5360
53,5360
18,5361
23,5362
50,5362
56,5363
50,5364
20,5365
31,5365
52,5365
55,5365
23,5366
49,5366
15,5367
20,5368
41,5368
27,5370
21,5371
42,5371
32,5373
53,5373
31,5375
46,5375
53,5376
13,5377
53,5380
45,5381
55,5381
58,5381
45,5383
30,5387
44,5387
57,5387
18,5389
33,5389
41,5390
59,5390
30,5391
21,5392
9,5393
28,5393
60,5394
15,5399
33,5400
3,5401
39,5401
50,5401
59,5402
22,5403
50,5404
33,5405
24,5408
6,5409
33,5410
34,5412
4,5413
21,5413
28,5413
47,5413
8,5415
24,5415
1,5416
39,5416
2,5417
22,5417
55,5417
7,5418
22,5418
51,5418
1,5419
48,5420
12,5423
42,5424
30,5425
1,5426
11,5427
52,5427
2,5428
8,5428
39,5429
5,5430
12,5430
37,5430
47,5430
2,5432
30,5432
32,5432
34,5432
41,5432
11,5434
21,5434
38,5434
42,5435
1,5437
36,5437
60,5438
44,5439
51,5439
10,5440
14,5443
39,5445
27,5446
35,5446
32,5447
46,5448
40,5450
32,5451
15,5452
46,5452
4,5453
22,5454
3,5455
53,5456
5,5459
10,5459
13,5459
53,5460
58,5461
7,5462
44,5462
31,5464
9,5465
14,5467
52,5467
11,5468
24,5468
33,5468
10,5469
14,5469
32,5469
54,5469
39,5470
8,5471
52,5473
21,5474
31,5474
28,5475
35,5476
41,5476
44,5477
16,5478
25,5479
50,5480
37,5481
40,5482
56,5482
6,5485
42,5485
46,5486
26,5487
40,5488
12,5489
25,5490
27,5491
43,5491
7,5492
30,5494
10,5495
7,5496
26,5500
38,5500
48,5501
8,5504
37,5504
57,5504
33,5505
41,5505
57,5505
14,5506
27,5506
3,5507
60,5508
27,5508
43,5509
8,5512
20,5514
21,5514
34,5515
59,5516
22,5517
24,5517
57,5517
33,5518
46,5518
23,5519
34,5520
47,5520
50,5520
5,5522
5,5523
15,5524
24,5524
60,5525
44,5525
38,5527
49,5527
17,5529
47,5529
45,5531
19,5532
22,5533
11,5534
16,5535
38,5536
2,5537
48,5537
40,5538
21,5541
47,5541
53,5541
7,5542
29,5544
54,5544
1,5547
39,5548
44,5548
34,5549
1,5550
10,5550
2,5551
41,5551
1,5552
8,5552
2,5554
19,5554
21,5554
2,5555
11,5555
19,5555
3,5556
56,5556
29,5558
38,5558
60,5559
15,5559
51,5559
17,5561
6,5562
60,5563
11,5563
12,5563
43,5563
7,5564
9,5565
17,5566
29,5566
37,5566
5,5567
23,5569
58,5569
10,5570
37,5570
52,5571
7,5573
26,5575
57,5575
55,5577
12,5578
12,5580
52,5580
26,5583
40,5583
23,5585
30,5585
34,5585
5,5589
59,5589
60,5590
42,5590
36,5591
60,5593
5,5593
14,5593
38,5593
17,5596
38,5596
17,5597
37,5597
3,5599
28,5599
44,5599
13,5600
21,5601
57,5601
5,5603
45,5603
11,5605
49,5605
17,5607
15,5610
39,5610
60,5612
8,5612
58,5612
59,5612
44,5613
56,5613
11,5614
18,5614
40,5614
51,5615
20,5616
25,5619
47,5621
59,5621
14,5622
15,5622
21,5622
56,5622
50,5623
26,5624
35,5624
59,5624
24,5626
41,5627
60,5628
10,5629
24,5629
40,5629
1,5630
46,5630
1,5632
13,5632
17,5632
40,5632
2,5633
2,5634
8,5635
11,5635
35,5635
52,5635
7,5636
1,5637
6,5637
36,5637
2,5638
12,5638
40,5638
44,5638
26,5641
27,5642
48,5642
58,5642
39,5644
21,5645
29,5645
46,5646
6,5648
31,5648
20,5649
23,5649
24,5652
28,5653
6,5654
21,5656
30,5657
16,5658
19,5661
51,5661
20,5662
24,5662
29,5663
47,5663
48,5663
44,5665
47,5666
55,5667
53,5668
43,5669
11,5671
32,5672
36,5672
7,5673
14,5673
50,5673
14,5674
11,5675
47,5675
11,5676
36,5676
40,5677
6,5678
14,5678
52,5680
21,5681
9,5684
22,5684
32,5685
14,5686
7,5687
41,5688
4,5689
25,5691
59,5691
13,5692
43,5693
39,5694
59,5694
57,5695
57,5698
46,5699
1,5700
2,5701
54,5701
55,5702
1,5703
9,5703
2,5705
20,5705
1,5706
41,5706
51,5706
60,5707
2,5707
8,5707
21,5707
34,5707
58,5707
14,5708
16,5709
33,5709
53,5709
54,5710
27,5711
20,5712
38,5712
7,5713
15,5713
4,5717
33,5718
3,5720
47,5720
9,5722
7,5723
12,5723
40,5723
10,5725
25,5725
29,5725
19,5727
13,5728
8,5729
26,5729
24,5731
28,5732
33,5732
8,5733
38,5733
21,5734
22,5734
30,5735
60,5736
5,5736
41,5736
47,5737
53,5738
60,5739
50,5739
19,5740
58,5740
13,5741
53,5744
4,5747
19,5747
30,5747
40,5747
17,5748
22,5749
28,5749
11,5750
32,5750
20,5751
24,5752
51,5752
3,5753
36,5754
58,5756
10,5757
12,5758
25,5758
53,5758
38,5759
23,5760
26,5760
35,5760
50,5760
21,5761
28,5761
40,5761
17,5763
48,5764
1,5765
4,5766
47,5767
57,5767
1,5768
16,5768
50,5768
2,5769
1,5770
1,5771
21,5771
38,5771
52,5771
19,5772
2,5773
38,5773
40,5773
2,5774
22,5774
33,5774
44,5775
38,5778
55,5778
30,5780
41,5780
42,5780
12,5781
41,5781
49,5781
1,5782
16,5782
37,5782
1,5783
7,5783
57,5783
2,5785
46,5785
13,5787
2,5788
1,5790
21,5790
39,5790
1,5791
11,5791
35,5791
2,5792
55,5792
1,5793
1,5794
60,5795
40,5795
2,5796
12,5796
16,5796
50,5796
1,5797
32,5797
53,5797
58,5797
24,5798
2,5799
40,5800
2,5801
15,5801
34,5801
39,5801
17,5802
26,5805
33,5805
52,5805
25,5806
33,5806
35,5806
23,5809
32,5809
52,5809
18,5811
60,5813
23,5813
27,5813
46,5813
59,5813
24,5814
8,5815
23,5815
55,5816
44,5817
10,5818
30,5818
32,5819
45,5819
47,5819
50,5819
15,5820
23,5820
25,5820
4,5822
8,5822
37,5822
43,5822
20,5823
47,5823
20,5824
25,5825
55,5826
24,5827
6,5828
23,5830
27,5830
45,5832
21,5833
24,5833
27,5833
57,5834
6,5835
42,5835
54,5836
4,5837
48,5840
60,5843
58,5845
40,5846
53,5847
45,5849
55,5849
19,5851
36,5851
39,5853
47,5853
12,5856
13,5856
57,5856
59,5857
16,5859
12,5860
45,5861
11,5862
24,5862
58,5862
32,5863
43,5863
28,5864
41,5865
23,5866
8,5867
36,5867
27,5868
47,5868
58,5868
16,5870
33,5870
13,5872
17,5872
24,5872
42,5872
29,5873
3,5875
39,5875
27,5876
30,5876
34,5876
54,5876
59,5878
5,5879
11,5879
43,5879
16,5880
59,5882
7,5884
37,5884
49,5884
6,5885
35,5885
60,5887
28,5887
53,5888
37,5889
9,5892
34,5892
9,5896
36,5898
8,5899
15,5899
6,5901
13,5902
52,5903
17,5905
26,5905
44,5906
52,5906
59,5906
1,5907
43,5907
19,5908
52,5908
1,5909
6,5909
43,5909
48,5909
45,5910
2,5911
37,5911
55,5911
1,5913
33,5913
58,5913
2,5914
2,5915
57,5915
48,5916
50,5916
52,5917
8,5918
52,5920
40,5921
44,5921
19,5925
25,5925
33,5925
43,5925
7,5926
28,5929
45,5929
51,5930
33,5931
32,5932
49,5932
34,5934
57,5934
27,5935
50,5935
53,5935
3,5938
10,5938
27,5938
31,5939
4,5941
13,5943
37,5943
43,5943
45,5943
60,5945
37,5948
13,5950
40,5950
58,5950
39,5951
58,5952
4,5953
26,5953
27,5955
1,5957
59,5958
1,5959
30,5959
26,5960
47,5960
2,5961
31,5961
2,5963
38,5963
45,5963
56,5963
46,5964
51,5964
33,5966
2,5967
22,5967
59,5969
1,5970
27,5970
45,5970
50,5970
14,5971
25,5971
44,5971
9,5973
38,5974
2,5975
4,5975
20,5975
59,5976
23,5977
24,5978
8,5980
20,5980
39,5980
8,5981
59,5981
27,5982
40,5983
22,5984
29,5985
54,5985
41,5987
5,5988
35,5988
46,5989
11,5993
43,5993
14,5995
23,5995
42,5996
59,5996
48,5997
1,5998
46,5998
30,6000
39,6002
60,6003
32,6003
59,6004
53,6005
32,6006
22,6008
7,6010
8,6010
17,6011
36,6011
22,6012
46,6013
49,6013
8,6014
33,6014
53,6014
12,6017
41,6017
56,6018
8,6019
11,6019
7,6021
12,6021
27,6021
35,6021
60,6022
18,6022
57,6022
18,6024
46,6024
39,6025
51,6025
58,6025
43,6027
49,6027
3,6028
22,6028
5,6029
11,6029
18,6029
29,6029
5,6032
51,6033
24,6034
27,6035
4,6036
48,6036
7,6038
8,6038
27,6039
6,6040
31,6041
32,6041
36,6042
6,6043
15,6043
34,6044
48,6044
14,6049
16,6051
41,6051
47,6052
5,6053
15,6053
17,6054
47,6054
29,6057
47,6057
36,6058
52,6058
11,6059
19,6059
30,6059
10,6060
12,6060
41,6060
20,6061
27,6061
48,6061
5,6062
25,6062
17,6063
20,6063
1,6064
42,6065
1,6066
47,6066
2,6067
41,6067
57,6067
1,6068
42,6068
51,6068
2,6069
19,6069
33,6069
16,6070
25,6070
48,6070
2,6071
6,6072
19,6072
5,6073
15,6073
13,6074
59,6074
1,6075
30,6075
1,6076
5,6076
56,6076
2,6077
55,6078
2,6079
19,6080
40,6080
1,6082
60,6083
2,6083
7,6083
18,6084
27,6084
39,6085
60,6088
5,6088
37,6088
50,6088
11,6089
50,6089
13,6090
53,6091
51,6092
31,6093
41,6093
5,6094
27,6094
14,6095
58,6095
10,6096
49,6097
9,6098
60,6100
50,6102
11,6103
54,6103
4,6104
29,6106
33,6106
38,6106
7,6107
35,6109
22,6111
3,6113
26,6113
25,6115
49,6116
34,6120
47,6120
3,6121
14,6121
18,6122
23,6122
45,6123
33,6125
43,6125
7,6126
20,6126
26,6126
43,6127
19,6128
28,6128
57,6128
21,6129
46,6129
50,6129
30,6130
39,6131
46,6131
1,6133
27,6133
53,6133
1,6134
10,6135
13,6135
55,6135
42,6136
58,6136
2,6137
20,6137
58,6137
2,6139
3,6139
7,6139
1,6140
14,6140
2,6141
53,6141
40,6142
16,6143
16,6146
7,6148
10,6148
60,6150
19,6150
57,6150
12,6151
43,6153
52,6154
12,6155
54,6155
3,6157
36,6157
42,6157
11,6158
20,6158
8,6159
53,6160
10,6161
23,6161
38,6162
47,6163
52,6163
29,6165
55,6168
43,6169
23,6172
34,6172
23,6173
28,6173
43,6173
7,6174
57,6174
20,6175
31,6176
56,6176
12,6177
13,6177
33,6178
45,6178
11,6180
26,6180
44,6181
5,6182
51,6182
54,6182
11,6183
45,6183
48,6183
37,6184
52,6185
53,6185
9,6186
20,6186
44,6189
36,6190
10,6191
20,6191
15,6192
43,6194
32,6197
58,6197
51,6198
55,6199
9,6200
7,6202
5,6203
7,6203
37,6204
1,6206
2,6207
29,6207
37,6207
48,6207
27,6209
1,6210
6,6210
9,6210
20,6210
30,6210
1,6212
28,6213
7,6214
33,6214
34,6214
2,6215
24,6215
2,6216
22,6216
17,6217
33,6217
58,6217
16,6218
31,6218
57,6218
3,6219
19,6222
39,6222
3,6223
12,6223
24,6223
46,6223
4,6225
11,6225
2,6226
26,6226
43,6226
15,6229
32,6229
50,6229
59,6229
13,6231
40,6231
4,6232
7,6234
12,6236
32,6236
9,6239
21,6239
29,6239
51,6239
3,6241
39,6243
51,6243
29,6244
40,6244
18,6246
10,6247
28,6247
53,6248
56,6248
14,6249
18,6249
53,6249
28,6251
54,6252
21,6255
29,6255
6,6256
36,6257
53,6257
13,6258
1,6260
15,6261
17,6261
57,6261
1,6262
2,6263
13,6263
6,6264
29,6264
41,6264
1,6265
21,6265
30,6265
37,6265
5,6266
21,6266
44,6266
2,6267
2,6268
9,6268
13,6268
45,6268
44,6269
45,6269
32,6270
49,6270
36,6272
60,6273
2,6273
20,6273
56,6273
51,6274
52,6274
56,6274
59,6274
33,6275
18,6279
59,6279
10,6280
40,6281
7,6284
10,6286
28,6287
30,6287
13,6288
53,6288
60,6290
39,6290
12,6293
19,6293
29,6294
11,6295
32,6295
10,6296
47,6296
20,6297
16,6298
24,6298
49,6299
15,6301
1,6302
2,6307
1,6308
48,6308
49,6308
47,6309
1,6310
2,6311
18,6311
43,6311
2,6312
32,6312
41,6312
57,6313
56,6314
23,6315
44,6315
23,6317
36,6317
10,6319
48,6321
49,6321
42,6322
2,6323
5,6323
45,6323
31,6325
48,6325
37,6326
8,6328
25,6328
43,6328
59,6328
24,6329
35,6329
22,6331
41,6331
5,6332
37,6332
23,6333
24,6333
46,6333
53,6337
1,6338
28,6338
20,6342
1,6343
3,6343
27,6343
2,6344
34,6344
16,6345
2,6346
45,6346
1,6347
40,6347
2,6348
31,6349
13,6350
13,6351
26,6351
60,6352
6,6352
28,6352
20,6353
23,6353
20,6354
25,6354
26,6355
45,6355
51,6358
40,6359
45,6359
26,6361
42,6361
46,6361
58,6366
37,6367
57,6367
51,6368
54,6368
3,6370
21,6371
25,6371
28,6371
45,6371
46,6371
9,6372
13,6373
15,6373
59,6374
35,6375
43,6375
56,6378
57,6378
24,6379
39,6379
30,6380
12,6381
36,6381
37,6382
54,6383
6,6386
22,6386
26,6386
39,6387
12,6389
19,6391
38,6392
5,6393
16,6396
28,6397
52,6397
58,6397
15,6398
36,6398
18,6399
33,6402
58,6406
53,6407
48,6408
50,6408
6,6409
3,6412
24,6412
44,6412
46,6412
30,6414
40,6414
41,6415
55,6415
3,6418
12,6418
27,6418
41,6418
54,6418
57,6418
8,6420
6,6421
15,6424
17,6424
46,6424
48,6424
4,6425
59,6425
11,6428
32,6428
34,6428
58,6428
26,6429
9,6430
15,6430
16,6430
55,6430
21,6431
53,6432
12,6433
49,6433
9,6434
48,6435
15,6436
38,6436
46,6437
59,6438
40,6440
52,6440
55,6440
7,6441
11,6441
60,6443
23,6443
44,6443
13,6445
44,6447
46,6448
52,6449
33,6451
60,6453
33,6454
60,6455
20,6455
7,6456
29,6458
10,6460
58,6460
56,6461
28,6465
5,6466
48,6466
1,6467
5,6467
8,6469
20,6469
45,6469
39,6470
49,6470
22,6471
25,6471
31,6471
40,6471
3,6473
57,6473
11,6474
41,6475
20,6477
27,6477
41,6477
3,6479
12,6479
53,6479
38,6480
52,6482
14,6485
33,6486
33,6487
38,6489
18,6490
22,6490
53,6490
6,6491
28,6491
36,6491
30,6492
52,6492
3,6494
15,6495
60,6496
36,6496
21,6500
48,6500
54,6500
60,6501
15,6501
11,6502
40,6502
56,6502
5,6504
34,6504
55,6504
58,6504
27,6505
57,6507
49,6508
26,6509
36,6509
37,6509
56,6509
57,6509
54,6511
8,6513
26,6513
47,6513
29,6514
43,6514
48,6514
48,6516
55,6516
14,6517
28,6517
54,6517
58,6517
17,6519
5,6520
48,6520
14,6522
18,6522
50,6522
33,6523
41,6523
47,6523
48,6523
27,6525
8,6526
17,6526
47,6526
43,6528
43,6529
32,6530
57,6530
14,6531
17,6531
3,6533
22,6534
12,6535
27,6535
43,6535
10,6536
25,6537
43,6537
19,6538
52,6538
1,6541
1,6542
4,6542
31,6542
54,6542
49,6543
2,6544
32,6544
1,6545
2,6547
22,6547
58,6547
59,6547
2,6549
59,6549
10,6551
26,6551
28,6552
53,6552
10,6554
40,6554
26,6555
24,6556
57,6556
14,6557
5,6558
7,6558
1,6559
1,6560
11,6560
24,6560
39,6560
2,6561
10,6561
38,6561
2,6562
12,6562
5,6563
26,6563
52,6563
1,6564
54,6565
2,6566
31,6566
35,6566
23,6567
9,6569
20,6569
26,6569
57,6569
10,6572
40,6573
12,6574
15,6574
48,6574
6,6576
17,6576
53,6576
14,6577
16,6577
51,6578
37,6579
48,6579
51,6580
18,6582
15,6583
45,6583
26,6587
31,6587
51,6587
16,6588
10,6589
23,6589
60,6591
17,6591
40,6591
42,6591
16,6593
24,6593
40,6595
20,6596
5,6597
41,6597
57,6597
19,6598
10,6599
59,6599
11,6600
12,6600
25,6601
14,6602
3,6603
19,6603
28,6603
29,6603
57,6603
37,6604
51,6604
11,6606
14,6607
7,6609
8,6609
13,6609
40,6609
24,6610
11,6612
25,6612
26,6612
54,6612
6,6613
42,6613
13,6616
15,6616
24,6617
12,6621
6,6622
38,6622
44,6623
16,6624
35,6624
33,6626
10,6627
47,6627
55,6628
9,6630
33,6631
47,6631
49,6631
20,6633
22,6634
6,6635
56,6636
6,6637
21,6638
42,6639
32,6640
48,6642
28,6647
38,6647
40,6647
53,6647
22,6648
32,6648
40,6648
57,6648
33,6649
40,6649
44,6649
29,6650
7,6651
27,6651
43,6651
31,6652
12,6654
41,6655
18,6656
42,6657
23,6658
56,6658
13,6659
28,6660
14,6661
20,6661
56,6661
32,6662
38,6662
32,6663
7,6664
48,6664
43,6667
16,6668
51,6668
1,6670
19,6670
25,6670
23,6671
1,6673
32,6673
2,6674
20,6676
26,6676
29,6676
1,6677
44,6677
52,6677
40,6678
47,6678
2,6679
12,6679
33,6679
45,6679
2,6681
31,6681
13,6683
60,6684
17,6684
32,6686
13,6687
28,6689
7,6690
9,6692
14,6695
16,6697
27,6697
15,6698
19,6698
39,6698
42,6699
50,6699
29,6702
39,6702
55,6703
29,6704
17,6705
29,6705
46,6705
56,6705
53,6706
7,6707
35,6709
4,6710
51,6712
54,6712
51,6713
14,6714
29,6714
54,6715
23,6716
58,6716
30,6720
37,6720
48,6720
21,6721
30,6722
35,6722
7,6723
17,6723
44,6725
60,6727
24,6727
15,6728
32,6729
36,6730
48,6731
51,6731
58,6731
11,6735
35,6735
50,6735
13,6738
13,6740
32,6740
9,6741
32,6741
24,6742
33,6743
16,6744
10,6745
19,6745
45,6745
31,6746
35,6746
52,6746
1,6747
12,6747
32,6747
2,6748
5,6749
15,6749
1,6750
5,6750
26,6750
53,6750
1,6751
4,6751
2,6752
26,6752
29,6752
49,6753
2,6754
24,6754
3,6755
13,6755
14,6757
27,6757
31,6757
34,6758
13,6759
22,6759
21,6762
22,6762
12,6763
13,6763
1,6764
38,6764
60,6765
2,6765
34,6765
53,6765
1,6766
7,6766
21,6766
51,6766
4,6767
20,6767
38,6767
47,6767
2,6768
44,6768
50,6768
58,6769
1,6770
11,6771
2,6772
18,6772
51,6772
5,6779
9,6779
1,6780
17,6780
15,6782
30,6782
34,6783
2,6784
22,6784
1,6785
1,6786
17,6786
35,6786
2,6787
2,6790
40,6790
51,6791
26,6792
30,6795
17,6796
49,6796
1,6798
30,6798
52,6798
29,6799
2,6800
48,6801
35,6802
60,6803
1,6803
36,6803
1,6804
31,6805
7,6806
2,6807
26,6807
27,6807
8,6808
13,6808
39,6808
55,6808
2,6810
20,6810
37,6811
41,6812
49,6812
51,6812
1,6813
2,6814
24,6814
32,6814
41,6815
1,6816
58,6816
2,6817
43,6817
17,6818
18,6818
54,6818
1,6819
14,6819
2,6820
16,6820
38,6820
51,6820
18,6822
41,6822
3,6823
11,6824
4,6825
19,6825
23,6825
30,6826
17,6827
53,6827
28,6828
25,6829
8,6830
24,6830
3,6832
44,6832
58,6832
23,6833
38,6834
46,6834
46,6835
56,6835
57,6837
23,6839
1,6841
28,6841
53,6841
2,6842
1,6843
19,6843
34,6843
1,6844
4,6844
8,6844
42,6847
2,6848
2,6851
31,6852
53,6852
4,6853
31,6853
51,6853
59,6853
28,6854
52,6854
15,6855
25,6856
27,6856
35,6856
16,6859
42,6859
60,6861
48,6861
7,6862
13,6862
45,6862
42,6863
5,6865
11,6866
34,6866
47,6866
13,6868
23,6868
26,6868
1,6869
6,6869
19,6869
50,6869
59,6869
2,6870
1,6871
58,6871
34,6873
1,6874
2,6875
5,6875
2,6876
7,6877
16,6877
40,6878
30,6880
43,6880
56,6883
27,6884
59,6884
4,6885
5,6885
8,6886
41,6890
56,6890
59,6894
52,6896
4,6897
52,6897
18,6898
57,6900
29,6901
37,6901
51,6901
59,6902
23,6903
36,6903
24,6904
12,6905
4,6906
8,6906
10,6907
23,6908
35,6908
52,6909
39,6910
51,6910
32,6911
49,6913
26,6916
52,6916
6,6917
50,6917
27,6918
24,6923
49,6923
51,6923
48,6925
43,6927
52,6927
51,6928
55,6928
14,6929
21,6929
27,6929
16,6930
41,6930
51,6930
20,6931
6,6934
20,6934
29,6936
11,6938
16,6938
41,6940
9,6941
51,6942
1,6944
13,6944
1,6945
33,6945
2,6947
21,6948
55,6948
1,6949
8,6949
11,6949
37,6949
2,6950
59,6951
2,6954
35,6954
21,6955
28,6955
41,6955
59,6956
14,6957
49,6958
31,6959
37,6960
21,6961
50,6961
52,6961
25,6962
33,6963
33,6964
41,6964
9,6965
11,6965
29,6966
21,6967
25,6968
30,6968
12,6969
26,6970
4,6971
13,6972
54,6972
20,6973
59,6973
19,6974
57,6974
9,6975
58,6975
22,6977
35,6977
45,6979
28,6980
22,6982
6,6983
38,6985
47,6985
34,6986
39,6986
53,6986
30,6989
58,6991
56,6992
53,6993
37,6996
52,6996
12,6997
36,6997
21,6999
30,6999
40,6999
23,7001
43,7001
22,7002
14,7005
48,7006
50,7006
25,7007
54,7007
57,7008
60,7009
20,7012
45,7012
33,7013
40,7013
28,7015
44,7015
8,7017
32,7017
8,7020
26,7022
46,7022
53,7023
54,7023
14,7024
13,7025
6,7026
35,7026
48,7026
50,7026
46,7027
53,7027
37,7028
43,7028
41,7029
52,7030
16,7031
57,7031
1,7032
29,7032
42,7033
1,7034
2,7035
32,7035
1,7037
2,7038
2,7039
22,7039
24,7039
8,7040
42,7040
59,7040
9,7041
22,7041
26,7041
41,7041
52,7042
4,7043
13,7043
20,7043
20,7044
49,7044
19,7045
26,7045
50,7045
12,7046
57,7046
60,7047
14,7047
30,7047
6,7048
45,7048
29,7049
7,7050
34,7050
6,7051
42,7051
16,7052
37,7052
7,7053
32,7053
5,7054
14,7054
17,7054
23,7054
24,7054
45,7054
4,7055
31,7055
34,7056
41,7056
26,7057
17,7062
21,7062
41,7064
33,7065
29,7067
11,7068
47,7068
53,7069
56,7070
57,7070
39,7071
14,7072
21,7072
43,7073
54,7073
49,7075
51,7075
8,7076
16,7076
46,7076
5,7081
35,7081
21,7082
14,7084
18,7084
33,7084
44,7084
4,7086
30,7086
11,7087
26,7087
42,7087
53,7087
38,7088
47,7088
9,7091
21,7091
45,7093
3,7095
6,7095
4,7096
6,7096
41,7096
48,7096
9,7097
25,7097
15,7099
31,7099
60,7100
49,7100
25,7101
17,7102
24,7102
54,7103
57,7104
23,7105
7,7106
27,7106
39,7106
43,7107
44,7107
36,7108
39,7109
11,7111
29,7111
41,7111
58,7111
6,7114
14,7115
9,7116
25,7117
51,7119
16,7120
39,7120
39,7122
46,7122
41,7123
24,7124
33,7124
6,7125
10,7125
14,7125
22,7125
6,7126
29,7126
4,7127
19,7127
25,7127
21,7128
35,7130
48,7130
32,7132
9,7133
13,7133
24,7133
29,7136
60,7137
5,7138
12,7138
35,7138
10,7139
9,7141
7,7142
29,7142
54,7142
34,7143
24,7144
25,7144
2,7145
25,7145
33,7145
5,7146
54,7146
1,7148
21,7148
43,7148
39,7149
1,7150
2,7151
26,7151
34,7151
57,7151
1,7152
49,7152
2,7153
2,7154
33,7154
31,7158
17,7160
36,7163
34,7165
50,7165
53,7165
40,7167
16,7168
23,7169
42,7169
56,7169
25,7170
54,7170
3,7174
27,7175
42,7175
44,7175
9,7177
13,7177
22,7178
6,7179
8,7179
28,7179
33,7180
16,7181
32,7181
55,7181
56,7181
39,7182
26,7183
60,7184
38,7184
3,7186
10,7187
37,7187
54,7187
33,7188
34,7188
7,7190
8,7190
53,7190
9,7192
36,7192
3,7195
22,7195
15,7199
17,7199
47,7199
2,7201
50,7206
5,7207
23,7207
29,7211
9,7212
47,7212
21,7213
22,7213
27,7213
21,7215
24,7215
4,7219
59,7221
59,7224
36,7225
1,7226
2,7227
34,7228
11,7229
8,7230
24,7230
1,7231
8,7231
2,7232
7,7232
1,7233
2,7234
13,7234
33,7234
41,7234
1,7235
4,7235
2,7236
15,7236
1,7237
45,7238
39,7239
2,7240
51,7241
59,7243
1,7244
23,7244
2,7245
8,7245
13,7245
23,7245
26,7245
9,7246
1,7247
3,7247
14,7247
33,7247
2,7248
4,7248
57,7248
30,7249
3,7250
1,7251
2,7252
50,7252
53,7252
1,7253
2,7254
31,7254
20,7255
5,7256
14,7256
28,7259
18,7260
28,7260
49,7261
17,7262
24,7262
43,7263
34,7264
32,7265
54,7265
3,7266
24,7266
26,7266
38,7266
9,7268
13,7268
24,7268
36,7268
44,7268
10,7270
35,7270
11,7273
53,7275
5,7277
23,7279
5,7280
19,7281
40,7282
56,7282
47,7283
8,7286
14,7287
21,7287
29,7287
45,7287
5,7288
55,7288
11,7289
35,7289
36,7290
39,7290
5,7291
7,7291
53,7291
49,7292
56,7292
3,7296
50,7296
24,7300
33,7300
55,7300
25,7301
19,7302
40,7302
49,7302
4,7303
26,7303
23,7304
39,7310
8,7311
23,7311
33,7311
46,7311
51,7312
46,7313
49,7313
52,7313
18,7314
53,7315
25,7316
47,7316
50,7316
54,7316
58,7318
42,7320
50,7320
58,7320
11,7321
31,7321
33,7322
29,7323
30,7323
10,7324
26,7326
53,7326
18,7327
29,7327
16,7328
40,7329
42,7329
42,7330
41,7331
36,7332
56,7332
47,7333
20,7335
6,7336
15,7337
26,7338
25,7339
36,7339
18,7340
30,7340
34,7340
40,7340
39,7341
14,7344
4,7345
50,7345
10,7347
24,7347
27,7347
39,7347
40,7349
58,7349
44,7350
14,7351
7,7353
18,7353
36,7353
43,7355
50,7358
29,7359
40,7359
11,7360
53,7362
11,7364
43,7365
51,7365
21,7366
23,7366
48,7366
16,7367
17,7367
46,7368
50,7368
55,7368
57,7368
22,7369
38,7369
43,7369
51,7370
57,7370
45,7371
55,7372
18,7373
59,7373
49,7374
56,7374
24,7378
4,7379
44,7379
24,7380
7,7381
10,7381
41,7381
45,7381
39,7383
9,7385
34,7385
46,7386
49,7386
15,7387
54,7389
12,7390
28,7390
29,7390
51,7391
16,7392
50,7392
24,7393
8,7395
46,7395
10,7396
16,7397
36,7397
13,7398
41,7399
57,7400
1,7401
14,7401
1,7402
11,7402
19,7402
41,7402
56,7402
10,7403
57,7403
27,7404
2,7405
2,7406
19,7406
28,7406
38,7406
1,7407
36,7407
3,7409
5,7409
9,7409
60,7410
5,7410
34,7411
2,7412
46,7412
42,7414
7,7416
9,7417
28,7417
24,7418
53,7418
5,7419
44,7420
53,7420
29,7421
15,7423
10,7425
19,7425
28,7425
43,7425
31,7427
36,7427
51,7427
59,7427
21,7433
18,7434
51,7434
53,7435
3,7437
43,7438
54,7438
9,7439
3,7440
9,7440
13,7440
5,7442
51,7442
54,7442
52,7443
34,7444
56,7444
59,7444
22,7445
21,7446
34,7446
43,7446
8,7447
21,7447
20,7448
24,7448
29,7449
11,7450
59,7450
15,7452
45,7452
12,7454
51,7454
13,7456
36,7456
31,7458
13,7459
29,7459
41,7459
55,7459
22,7460
43,7460
4,7461
47,7462
16,7464
9,7465
56,7467
7,7468
25,7468
32,7468
7,7470
50,7470
19,7472
22,7473
22,7475
5,7476
34,7476
56,7476
30,7477
59,7477
48,7481
12,7483
25,7483
52,7483
22,7485
22,7486
20,7488
11,7489
19,7489
45,7490
16,7491
23,7491
16,7492
45,7492
50,7492
9,7493
22,7493
34,7493
16,7494
56,7494
25,7495
32,7496
28,7497
59,7497
21,7498
39,7498
18,7499
21,7499
43,7500
16,7501
51,7503
35,7505
24,7506
55,7507
14,7508
47,7508
15,7510
6,7512
55,7512
47,7513
58,7513
29,7515
44,7515
7,7517
34,7517
48,7517
10,7518
44,7519
32,7520
4,7523
48,7524
17,7525
18,7525
34,7525
36,7525
50,7527
22,7530
43,7530
24,7532
13,7533
51,7533
17,7534
51,7534
59,7534
12,7535
44,7535
52,7535
59,7535
30,7536
40,7536
31,7537
5,7541
10,7541
33,7541
52,7541
33,7542
57,7544
58,7544
36,7545
11,7546
11,7547
17,7548
60,7551
21,7551
51,7554
19,7555
20,7555
53,7555
49,7558
6,7559
27,7559
26,7560
45,7560
25,7561
47,7561
48,7562
1,7569
4,7569
7,7569
8,7569
2,7570
20,7570
44,7570
58,7570
1,7571
21,7571
24,7571
50,7571
14,7572
43,7572
2,7573
16,7573
57,7573
1,7574
26,7574
27,7574
40,7575
2,7576
3,7576
42,7576
55,7576
14,7577
17,7577
31,7577
52,7577
37,7578
52,7578
53,7578
21,7579
28,7579
59,7579
18,7581
57,7581
16,7582
7,7583
26,7584
30,7584
48,7584
13,7585
5,7586
18,7587
21,7587
49,7587
29,7589
41,7589
60,7591
36,7592
15,7593
29,7594
26,7595
46,7595
7,7596
50,7596
53,7596
16,7597
32,7597
19,7598
28,7600
51,7600
53,7600
5,7601
39,7601
11,7602
25,7602
26,7602
18,7605
45,7605
56,7607
49,7608
9,7609
36,7609
6,7610
25,7611
36,7612
15,7613
53,7614
38,7615
10,7616
52,7616
22,7618
50,7618
11,7619
51,7619
5,7622
7,7622
24,7622
21,7623
26,7625
13,7626
33,7629
23,7630
55,7630
39,7631
50,7632
51,7636
28,7637
54,7637
50,7640
41,7642
52,7642
54,7642
14,7644
23,7644
28,7644
29,7644
51,7644
33,7645
12,7647
21,7648
40,7648
17,7649
37,7649
50,7649
36,7650
5,7652
55,7653
4,7654
8,7654
34,7654
11,7655
20,7655
22,7655
47,7655
7,7657
25,7657
29,7657
19,7658
6,7659
51,7659
37,7660
3,7663
4,7665
5,7666
35,7666
22,7667
6,7668
29,7669
3,7670
4,7670
7,7670
51,7670
50,7671
26,7672
38,7673
58,7673
56,7677
44,7678
54,7678
7,7680
9,7680
36,7680
55,7682
55,7683
13,7684
26,7684
15,7685
28,7686
34,7686
38,7686
53,7686
13,7688
43,7688
24,7689
9,7690
24,7691
4,7692
43,7693
54,7694
27,7695
29,7695
30,7695
42,7695
48,7695
36,7696
21,7697
38,7698
50,7698
23,7700
19,7701
8,7703
34,7705
8,7706
46,7706
50,7706
56,7707
9,7708
26,7709
22,7711
25,7711
1,7712
31,7712
9,7713
4,7714
34,7714
52,7714
1,7715
16,7715
19,7715
57,7715
56,7717
2,7718
29,7718
52,7718
1,7720
19,7720
33,7720
35,7721
36,7721
10,7723
41,7723
48,7723
2,7724
3,7724
6,7725
13,7725
2,7726
11,7726
19,7730
21,7730
59,7731
6,7732
39,7734
22,7735
34,7735
1,7736
2,7737
1,7738
1,7739
19,7739
32,7739
2,7740
59,7741
54,7743
58,7743
26,7744
28,7744
2,7746
44,7748
16,7749
17,7749
51,7750
54,7750
48,7751
57,7754
14,7755
47,7755
55,7755
11,7757
54,7757
1,7758
48,7758
59,7758
42,7759
55,7759
8,7760
26,7760
40,7760
56,7760
2,7762
19,7762
34,7762
1,7763
10,7763
32,7763
2,7764
21,7764
36,7765
1,7766
15,7766
18,7766
20,7767
49,7767
2,7768
22,7768
23,7771
32,7771
7,7772
8,7772
15,7772
46,7772
13,7773
18,7775
35,7775
14,7776
37,7777
31,7780
56,7780
4,7781
37,7781
49,7781
55,7781
9,7782
16,7784
16,7785
29,7785
7,7787
38,7789
28,7790
42,7790
48,7790
23,7793
35,7794
17,7795
27,7795
11,7798
14,7798
56,7798
37,7799
30,7800
47,7800
15,7801
37,7801
36,7802
9,7804
34,7805
55,7805
18,7807
43,7808
25,7810
50,7810
59,7811
6,7813
12,7813
13,7814
12,7815
15,7815
37,7815
11,7816
57,7816
5,7818
8,7819
46,7819
26,7822
31,7822
5,7823
25,7823
26,7823
52,7828
41,7830
42,7830
53,7831
6,7833
19,7833
42,7833
56,7835
58,7835
60,7836
24,7836
39,7837
44,7837
52,7837
58,7837
48,7838
5,7839
30,7839
44,7839
7,7842
53,7844
28,7845
37,7846
42,7846
53,7846
1,7847
9,7848
16,7849
29,7849
47,7849
1,7850
24,7850
52,7850
6,7852
34,7852
2,7853
21,7854
1,7855
12,7855
35,7855
2,7856
2,7857
14,7857
11,7860
45,7860
49,7860
1,7861
9,7861
51,7861
16,7862
4,7863
32,7863
47,7863
20,7865
5,7866
40,7867
48,7867
19,7868
31,7868
48,7868
37,7869
60,7871
51,7871
16,7873
27,7873
35,7873
57,7875
50,7876
57,7876
59,7877
30,7878
39,7878
25,7879
38,7879
21,7880
16,7881
34,7881
12,7883
7,7885
9,7886
10,7886
21,7887
29,7889
25,7891
60,7892
3,7892
32,7892
22,7896
53,7896
13,7899
46,7900
22,7904
3,7905
21,7908
13,7909
19,7909
37,7910
20,7911
59,7911
41,7912
44,7912
47,7912
57,7912
29,7913
30,7913
10,7914
11,7914
39,7916
24,7917
38,7919
16,7920
31,7920
26,7921
55,7921
41,7922
41,7923
53,7926
32,7928
23,7929
47,7929
27,7930
37,7933
58,7933
1,7935
13,7935
49,7935
21,7936
26,7936
15,7937
39,7937
16,7938
19,7938
35,7939
44,7939
32,7940
13,7941
24,7942
28,7942
18,7943
60,7944
38,7944
7,7945
22,7945
28,7945
48,7945
1,7948
2,7949
9,7949
58,7949
13,7950
22,7950
47,7950
13,7951
42,7954
1,7955
28,7955
31,7955
46,7956
54,7956
2,7957
1,7958
26,7958
2,7960
48,7961
12,7962
54,7963
18,7965
54,7965
59,7965
8,7966
15,7967
2,7968
24,7968
24,7969
42,7969
15,7971
33,7971
10,7973
19,7973
56,7973
11,7974
23,7974
45,7975
47,7976
49,7976
28,7978
32,7978
18,7980
46,7980
44,7981
10,7984
38,7984
8,7986
43,7987
23,7988
25,7990
10,7992
60,7996
3,7998
15,7998
26,7998
23,7999
28,7999
31,7999
31,8000
53,8000
19,8001
14,8004
23,8004
6,8005
48,8006
52,8006
13,8009
15,8009
32,8009
38,8009
40,8009
25,8010
8,8011
54,8011
16,8012
27,8013
31,8013
43,8013
13,8015
38,8015
49,8015
43,8016
19,8017
55,8017
23,8018
44,8018
48,8018
36,8020
32,8021
12,8022
30,8022
7,8023
50,8024
19,8025
19,8027
33,8027
50,8027
29,8028
30,8029
12,8031
4,8032
47,8032
43,8034
59,8035
23,8038
27,8038
48,8038
29,8039
24,8042
13,8043
38,8046
17,8048
18,8048
52,8049
34,8051
6,8053
20,8053
25,8053
10,8056
53,8056
11,8057
13,8058
4,8060
13,8061
12,8064
25,8065
35,8065
54,8066
5,8070
14,8070
59,8075
24,8076
27,8076
32,8078
47,8079
29,8081
43,8081
9,8082
40,8082
35,8083
5,8084
36,8086
39,8086
8,8087
10,8087
26,8087
6,8088
20,8088
43,8088
26,8089
34,8089
18,8090
33,8090
35,8091
15,8094
43,8094
27,8095
49,8095
48,8097
25,8098
4,8099
24,8103
18,8105
46,8105
48,8105
10,8106
34,8106
21,8107
3,8108
11,8110
13,8110
33,8110
7,8111
28,8112
54,8112
12,8113
23,8113
38,8113
24,8116
3,8118
33,8120
40,8122
51,8122
57,8122
18,8123
25,8123
27,8123
9,8125
51,8125
48,8127
12,8128
10,8131
46,8132
5,8133
23,8134
60,8135
11,8135
52,8135
47,8136
52,8136
20,8137
37,8138
35,8139
3,8140
18,8140
16,8141
55,8141
1,8142
44,8142
46,8148
58,8148
10,8149
40,8150
52,8150
48,8151
6,8152
7,8152
1,8153
35,8155
59,8155
2,8156
23,8157
57,8157
52,8158
30,8159
39,8159
1,8160
39,8160
58,8161
2,8162
41,8162
1,8163
26,8163
2,8164
4,8164
51,8169
30,8170
60,8173
34,8173
53,8174
43,8176
14,8178
55,8179
13,8180
29,8180
32,8180
31,8181
23,8182
9,8183
12,8183
30,8183
39,8183
3,8184
22,8184
31,8185
53,8185
25,8186
31,8188
16,8189
37,8189
3,8190
27,8190
6,8192
28,8192
47,8192
7,8193
49,8193
52,8193
20,8195
1,8196
12,8196
41,8196
7,8198
38,8199
28,8200
15,8201
40,8201
51,8201
1,8204
32,8204
2,8205
9,8205
49,8205
15,8206
42,8206
34,8208
38,8208
1,8209
1,8210
5,8210
42,8211
3,8212
19,8212
13,8214
37,8214
43,8214
45,8214
13,8215
19,8215
42,8215
27,8216
38,8217
2,8218
18,8218
9,8219
2,8220
8,8220
10,8223
11,8223
41,8224
51,8224
16,8225
60,8226
6,8226
30,8226
25,8228
40,8228
7,8229
37,8229
34,8230
41,8231
43,8232
54,8232
58,8232
6,8234
3,8236
20,8236
56,8238
12,8239
34,8239
55,8239
46,8240
11,8241
50,8241
53,8241
3,8242
13,8243
51,8243
35,8244
1,8245
47,8245
1,8249
18,8249
2,8251
58,8252
2,8253
12,8254
32,8254
33,8254
36,8256
3,8257
24,8258
32,8258
3,8260
4,8260
10,8260
41,8260
22,8261
28,8261
43,8261
1,8262
15,8262
2,8263
42,8266
3,8267
13,8267
13,8268
14,8268
30,8268
31,8268
46,8268
33,8271
16,8274
37,8274
4,8275
52,8276
10,8277
22,8278
36,8280
41,8280
60,8281
24,8281
57,8282
58,8283
3,8284
49,8285
52,8286
60,8287
1,8287
1,8288
2,8289
45,8289
10,8290
43,8290
59,8290
16,8291
41,8292
1,8293
37,8293
50,8293
47,8294
59,8294
2,8295
32,8295
50,8295
23,8296
54,8296
57,8296
2,8297
47,8297
16,8298
57,8298
58,8298
8,8299
24,8299
43,8299
10,8300
53,8300
56,8300
6,8302
7,8302
52,8303
59,8303
50,8304
55,8305
5,8306
38,8306
47,8306
26,8307
18,8308
37,8308
58,8309
60,8310
17,8310
34,8310
25,8311
54,8311
60,8313
25,8314
37,8314
19,8315
18,8316
23,8319
53,8319
11,8320
27,8320
56,8320
2,8321
7,8321
53,8321
48,8322
31,8323
13,8326
18,8327
27,8327
12,8328
47,8330
32,8331
49,8331
13,8332
54,8333
36,8334
32,8335
44,8336
30,8338
55,8338
28,8341
52,8341
57,8341
9,8342
21,8343
28,8343
51,8345
13,8346
56,8347
10,8348
5,8349
8,8349
34,8350
3,8351
13,8351
38,8352
14,8353
34,8353
20,8355
21,8355
10,8356
14,8356
46,8356
56,8356
21,8357
26,8360
49,8360
1,8362
21,8362
14,8363
37,8366
26,8367
45,8367
6,8368
56,8369
37,8370
14,8371
27,8371
50,8371
52,8371
20,8372
43,8375
53,8375
18,8376
26,8376
5,8377
45,8377
20,8378
52,8378
54,8378
15,8380
20,8380
4,8381
32,8381
6,8382
38,8382
2,8383
28,8383
31,8383
40,8384
13,8385
40,8385
12,8386
13,8387
12,8388
26,8388
12,8389
38,8389
11,8391
3,8392
45,8392
49,8392
6,8393
15,8393
40,8393
53,8394
31,8397
47,8398
48,8398
51,8398
60,8399
19,8399
49,8399
7,8401
50,8401
14,8402
21,8402
27,8403
34,8403
41,8403
44,8403
7,8404
46,8404
24,8406
41,8406
51,8406
59,8406
30,8407
11,8408
56,8408
15,8409
21,8410
30,8410
20,8411
22,8411
46,8411
23,8414
34,8414
55,8414
7,8415
53,8415
22,8416
31,8416
24,8417
29,8417
9,8418
37,8419
44,8419
14,8421
33,8421
58,8421
4,8422
7,8423
15,8423
21,8423
52,8423
54,8423
39,8424
43,8424
35,8425
41,8425
12,8426
47,8427
51,8427
26,8428
6,8429
22,8429
18,8430
10,8431
42,8432
3,8434
46,8434
57,8434
7,8435
15,8435
54,8435
9,8438
51,8438
15,8439
18,8440
6,8441
41,8441
52,8443
9,8445
51,8445
18,8446
36,8446
38,8446
5,8447
38,8447
39,8447
59,8447
9,8448
8,8449
15,8449
38,8449
20,8450
34,8450
48,8450
35,8451
47,8451
59,8452
25,8454
44,8454
28,8455
23,8457
59,8457
42,8460
34,8462
53,8463
32,8466
19,8470
39,8470
23,8471
6,8472
24,8472
58,8472
15,8473
60,8474
7,8474
10,8474
5,8475
10,8475
47,8475
22,8476
53,8476
47,8477
51,8477
47,8478
58,8478
11,8479
5,8480
60,8481
3,8481
9,8481
23,8481
4,8482
16,8482
44,8482
8,8483
1,8484
54,8484
58,8484
1,8485
2,8486
1,8487
2,8488
6,8488
2,8489
10,8489
30,8489
48,8489
23,8490
16,8492
40,8492
18,8493
51,8494
59,8494
45,8495
55,8495
19,8498
60,8499
7,8499
23,8499
60,8501
11,8501
30,8501
58,8504
7,8505
13,8505
35,8505
60,8506
15,8506
7,8507
25,8507
59,8508
25,8510
34,8511
36,8511
3,8513
38,8513
59,8515
27,8516
45,8516
23,8520
39,8520
28,8521
10,8522
23,8522
35,8523
56,8523
23,8525
25,8525
6,8526
20,8527
29,8527
50,8529
23,8530
54,8532
27,8533
22,8534
12,8535
25,8535
39,8536
57,8537
51,8538
38,8540
53,8540
60,8541
19,8541
32,8543
33,8543
38,8543
7,8545
42,8545
33,8546
42,8546
24,8547
53,8549
16,8550
28,8550
60,8552
19,8556
37,8556
32,8557
44,8557
13,8558
41,8558
15,8559
29,8559
31,8559
21,8561
31,8561
51,8563
7,8564
50,8566
21,8568
44,8568
52,8568
30,8569
53,8571
59,8571
41,8572
26,8573
28,8575
4,8577
27,8577
53,8577
9,8578
30,8578
13,8579
40,8579
17,8580
47,8581
26,8582
8,8583
43,8583
12,8585
40,8585
54,8585
59,8585
42,8586
15,8588
33,8589
51,8589
57,8589
22,8590
46,8590
19,8591
26,8591
45,8592
48,8592
5,8593
19,8593
44,8594
4,8595
58,8595
17,8597
28,8600
44,8600
56,8600
37,8601
51,8601
35,8603
41,8603
24,8605
16,8606
17,8606
8,8607
19,8608
57,8608
30,8609
9,8610
18,8610
10,8611
9,8612
3,8613
30,8613
52,8613
45,8614
56,8614
42,8616
56,8616
43,8617
44,8617
31,8618
60,8622
11,8625
8,8626
30,8626
35,8626
60,8627
21,8627
38,8628
36,8629
50,8630
28,8631
5,8635
21,8638
1,8639
13,8639
26,8640
31,8641
33,8642
1,8643
44,8643
58,8643
6,8644
12,8644
13,8644
2,8645
1,8646
6,8646
44,8646
2,8647
4,8647
29,8647
2,8648
7,8648
8,8648
41,8648
6,8649
7,8650
27,8650
52,8650
31,8651
40,8651
43,8653
29,8654
36,8654
15,8655
5,8656
43,8657
48,8657
31,8658
36,8658
7,8659
43,8659
29,8661
13,8662
7,8664
20,8665
32,8665
6,8666
58,8666
3,8667
56,8667
3,8668
51,8668
52,8669
38,8672
8,8673
14,8673
40,8673
44,8673
24,8674
31,8674
52,8674
1,8675
1,8676
24,8676
48,8676
12,8677
40,8677
2,8678
23,8678
29,8678
34,8678
1,8680
29,8680
30,8680
2,8681
7,8681
13,8681
36,8681
53,8681
38,8682
2,8683
26,8685
23,8686
38,8686
55,8686
56,8688
22,8689
4,8691
54,8691
18,8692
59,8692
6,8693
7,8695
19,8695
55,8695
12,8696
42,8696
48,8697
52,8700
39,8701
5,8702
36,8703
40,8704
48,8705
8,8706
53,8706
30,8707
1,8708
11,8708
44,8709
56,8709
48,8710
15,8711
9,8712
34,8712
14,8714
54,8714
19,8717
31,8717
36,8717
53,8718
57,8718
10,8719
27,8720
34,8720
8,8721
28,8721
42,8721
54,8724
4,8725
16,8726
34,8726
51,8727
25,8728
39,8728
31,8730
46,8730
33,8731
49,8733
1,8736
30,8736
57,8737
10,8738
39,8738
58,8738
14,8739
34,8739
60,8740
2,8740
8,8740
1,8741
24,8741
25,8741
2,8742
7,8742
10,8743
28,8743
1,8744
30,8744
2,8745
59,8745
11,8746
48,8746
4,8747
19,8748
31,8748
54,8748
56,8748
29,8749
55,8749
47,8750
55,8750
39,8752
8,8753
23,8753
35,8755
43,8755
5,8756
25,8756
49,8756
38,8757
59,8757
36,8758
4,8759
9,8759
2,8760
6,8761
24,8761
26,8761
38,8762
44,8763
49,8763
3,8765
12,8765
28,8766
55,8766
50,8767
53,8767
5,8770
22,8770
44,8771
4,8772
33,8772
45,8773
1,8774
37,8774
19,8775
54,8775
2,8776
1,8777
44,8777
46,8777
1,8778
2,8779
3,8779
30,8779
22,8780
6,8781
2,8782
7,8782
20,8782
24,8782
15,8783
21,8783
42,8783
9,8784
60,8785
39,8786
9,8789
21,8789
28,8789
45,8793
49,8793
14,8794
36,8796
59,8796
33,8798
39,8798
32,8802
40,8802
41,8804
3,8805
24,8805
18,8809
7,8810
39,8810
16,8811
27,8811
33,8811
42,8811
34,8812
22,8813
49,8813
56,8813
35,8814
51,8814
8,8815
13,8815
21,8815
22,8816
32,8816
26,8818
41,8818
58,8819
12,8820
29,8820
47,8820
57,8820
14,8821
21,8821
55,8821
26,8822
5,8824
11,8824
26,8824
43,8824
2,8825
4,8825
15,8825
21,8825
4,8826
22,8826
3,8827
8,8827
15,8827
56,8827
11,8828
8,8832
38,8833
1,8835
2,8837
14,8837
1,8839
1,8840
22,8840
39,8840
44,8840
45,8840
59,8840
1,8841
52,8841
2,8842
23,8842
2,8844
8,8844
37,8844
41,8844
52,8844
59,8844
16,8845
40,8845
38,8846
20,8847
32,8847
58,8847
34,8848
38,8848
1,8849
42,8849
44,8849
12,8850
28,8850
45,8850
1,8851
56,8851
22,8852
20,8853
26,8853
27,8853
9,8854
16,8855
2,8856
1,8858
14,8858
6,8859
30,8859
39,8859
2,8860
17,8860
2,8861
3,8862
4,8862
45,8863
55,8863
5,8865
19,8865
23,8865
47,8865
52,8865
60,8866
6,8866
15,8868
24,8869
33,8869
40,8869
10,8870
40,8871
53,8872
40,8873
44,8873
58,8873
45,8876
39,8877
56,8877
54,8878
4,8880
13,8880
45,8880
50,8880
15,8883
21,8884
24,8884
35,8884
11,8885
24,8885
53,8886
34,8888
44,8888
60,8889
21,8890
20,8891
42,8891
41,8895
53,8898
30,8900
10,8901
42,8902
48,8905
7,8906
33,8906
8,8907
38,8908
18,8910
36,8910
49,8910
25,8911
57,8911
24,8912
30,8912
30,8914
30,8916
51,8916
1,8917
51,8917
47,8918
2,8920
1,8921
1,8922
20,8922
45,8922
2,8923
26,8924
51,8924
4,8926
2,8927
28,8928
39,8929
20,8930
38,8930
17,8931
34,8934
13,8935
32,8935
53,8935
29,8936
22,8939
9,8940
45,8940
11,8942
47,8942
22,8943
38,8944
51,8944
54,8944
57,8944
19,8945
32,8945
36,8945
23,8946
31,8946
35,8946
58,8946
41,8948
43,8948
12,8949
23,8949
45,8950
21,8951
43,8951
18,8952
28,8952
30,8953
15,8955
47,8956
53,8956
10,8957
33,8957
56,8959
41,8962
41,8964
45,8965
56,8965
43,8966
24,8967
42,8967
24,8968
30,8968
1,8969
8,8969
21,8969
1,8970
2,8971
6,8972
49,8973
29,8974
5,8975
26,8975
43,8975
48,8975
1,8977
5,8977
2,8978
4,8978
50,8978
56,8978
2,8979
29,8980
37,8980
59,8980
43,8981
55,8981
40,8983
3,8985
25,8985
27,8985
5,8986
41,8987
18,8988
10,8989
19,8989
34,8989
4,8991
40,8992
50,8992
1,8993
28,8994
2,8995
1,8996
40,8996
30,8997
1,8998
55,8998
53,9000
2,9001
59,9004
1,9006
4,9006
2,9007
6,9007
18,9008
54,9008
14,9009
8,9010
54,9010
13,9012
24,9012
16,9013
25,9013
51,9013
27,9014
39,9014
5,9015
6,9015
39,9016
44,9017
5,9018
9,9019
29,9019
38,9019
39,9019
7,9021
8,9023
11,9023
52,9023
27,9024
38,9025
14,9026
28,9026
40,9027
59,9027
37,9029
55,9029
19,9030
50,9030
53,9030
41,9031
39,9032
4,9033
55,9033
21,9035
33,9035
46,9035
20,9036
38,9036
42,9038
33,9039
57,9039
14,9041
8,9042
24,9042
33,9043
41,9043
38,9045
15,9046
16,9047
26,9050
49,9051
56,9051
10,9052
55,9052
45,9053
56,9053
6,9055
28,9056
22,9058
40,9058
44,9058
12,9059
25,9059
34,9059
1,9060
30,9060
5,9061
2,9063
23,9064
33,9065
39,9065
55,9065
11,9066
13,9066
1,9068
1,9069
11,9070
53,9070
2,9073
34,9073
17,9077
32,9077
57,9077
2,9078
24,9078
39,9079
10,9081
38,9081
39,9082
49,9083
12,9085
60,9087
5,9087
37,9087
13,9088
32,9088
34,9088
3,9089
33,9089
49,9089
51,9089
55,9089
20,9090
52,9090
7,9091
20,9092
40,9094
22,9095
28,9095
35,9095
27,9096
32,9096
49,9099
8,9100
18,9100
32,9101
38,9103
17,9104
34,9107
35,9107
20,9109
32,9110
57,9110
40,9111
7,9113
13,9113
28,9113
45,9113
14,9114
29,9114
30,9114
39,9114
51,9114
9,9115
16,9115
22,9116
15,9118
4,9119
44,9120
14,9122
8,9123
12,9124
30,9125
16,9127
33,9129
26,9130
33,9130
37,9130
50,9130
36,9132
58,9132
4,9133
9,9134
55,9134
50,9135
57,9135
57,9137
17,9138
33,9138
1,9141
7,9141
21,9142
2,9143
1,9144
20,9145
39,9145
2,9146
5,9146
13,9146
1,9148
19,9148
38,9148
2,9149
34,9149
24,9150
16,9151
1,9152
11,9152
35,9152
24,9153
42,9153
15,9154
45,9155
39,9156
12,9160
58,9160
23,9163
53,9163
60,9164
39,9164
54,9164
59,9164
35,9165
17,9167
38,9168
54,9168
25,9170
24,9174
32,9174
16,9175
36,9175
12,9176
14,9176
55,9176
40,9179
26,9180
34,9180
11,9181
43,9181
33,9183
54,9184
5,9188
50,9188
10,9191
9,9194
21,9195
23,9195
56,9195
26,9198
43,9198
25,9200
48,9200
48,9202
59,9202
59,9204
7,9205
49,9205
11,9206
48,9206
40,9207
43,9207
24,9208
11,9209
1,9212
15,9212
27,9212
38,9212
50,9212
48,9213
14,9214
38,9214
23,9215
27,9215
52,9215
24,9218
59,9218
43,9219
24,9221
53,9222
41,9223
59,9223
60,9225
45,9225
3,9226
35,9226
17,9229
24,9229
18,9230
27,9230
57,9230
5,9231
22,9231
7,9232
9,9232
25,9232
17,9234
22,9234
16,9236
26,9236
29,9236
53,9236
21,9237
39,9237
15,9238
42,9238
55,9238
42,9239
12,9240
54,9241
8,9242
15,9242
17,9243
26,9245
50,9246
4,9247
46,9247
60,9248
1,9248
28,9248
58,9248
2,9249
33,9249
5,9250
34,9250
17,9251
39,9251
47,9252
1,9253
12,9254
1,9255
7,9255
31,9255
2,9256
55,9256
10,9257
11,9257
30,9258
33,9258
2,9259
27,9259
37,9259
21,9260
17,9261
37,9263
32,9265
22,9267
55,9268
6,9269
3,9270
15,9270
17,9270
18,9271
26,9273
9,9274
30,9276
10,9277
11,9278
22,9278
37,9278
56,9278
16,9279
21,9279
50,9279
20,9280
13,9281
16,9282
17,9283
24,9283
5,9284
22,9284
22,9288
30,9288
16,9291
14,9292
47,9292
17,9293
52,9293
58,9293
10,9294
35,9294
54,9294
43,9295
23,9297
46,9297
50,9297
29,9298
53,9298
55,9298
10,9299
35,9300
43,9300
35,9301
47,9302
20,9304
46,9304
21,9305
57,9306
33,9308
37,9308
56,9309
57,9310
46,9312
13,9313
18,9313
13,9314
11,9315
38,9316
47,9316
49,9317
19,9318
38,9318
17,9319
55,9320
58,9320
29,9321
41,9322
45,9323
53,9323
54,9324
16,9327
35,9327
49,9327
28,9329
31,9330
16,9332
50,9333
1,9334
58,9334
31,9336
34,9337
35,9337
1,9338
22,9338
56,9339
2,9340
1,9341
46,9342
47,9342
51,9342
51,9343
2,9344
3,9344
5,9344
2,9345
3,9345
51,9345
38,9346
24,9347
41,9347
59,9348
41,9349
47,9349
50,9350
51,9351
26,9352
44,9352
21,9353
43,9354
54,9354
58,9354
57,9355
37,9356
59,9357
5,9358
54,9358
27,9359
46,9360
60,9364
12,9364
59,9364
22,9365
38,9365
38,9366
59,9366
22,9367
31,9367
9,9368
24,9368
58,9370
22,9371
36,9371
19,9372
3,9373
21,9373
1,9374
52,9374
6,9377
13,9377
53,9377
41,9378
19,9379
43,9379
45,9380
51,9380
58,9382
45,9383
25,9385
28,9386
11,9388
20,9389
30,9389
50,9389
25,9390
25,9391
34,9391
15,9392
37,9392
49,9392
30,9393
55,9393
20,9394
36,9396
30,9397
58,9397
13,9398
39,9398
4,9399
9,9399
16,9401
38,9402
1,9403
24,9404
13,9408
30,9409
4,9410
5,9410
8,9410
7,9412
31,9412
8,9414
54,9415
29,9416
1,9421
4,9421
7,9422
2,9424
54,9424
1,9425
12,9425
1,9426
52,9426
57,9426
2,9427
16,9428
34,9429
2,9430
60,9431
39,9431
21,9434
17,9435
12,9436
35,9438
3,9439
30,9440
41,9440
29,9445
1,9446
33,9446
32,9447
39,9447
42,9447
2,9448
1,9449
19,9449
46,9449
56,9449
2,9451
43,9451
1,9452
44,9452
2,9453
47,9453
50,9454
9,9455
10,9455
40,9455
46,9455
54,9455
57,9455
60,9456
28,9456
39,9456
24,9457
10,9458
28,9459
9,9462
55,9462
43,9463
56,9463
59,9463
52,9464
55,9464
8,9465
49,9466
5,9467
55,9467
21,9469
36,9470
59,9470
39,9471
4,9473
11,9473
50,9474
31,9476
33,9476
44,9476
29,9478
32,9478
15,9479
45,9479
12,9480
25,9480
57,9480
19,9482
47,9482
51,9483
56,9484
41,9486
52,9486
5,9487
15,9487
18,9487
58,9487
18,9488
29,9488
47,9488
18,9489
9,9490
10,9490
18,9490
49,9490
16,9491
46,9491
10,9492
23,9493
7,9495
15,9495
26,9501
11,9502
17,9503
21,9503
25,9504
18,9505
60,9506
14,9507
22,9507
51,9508
32,9510
16,9512
47,9512
31,9513
31,9515
50,9516
56,9517
10,9518
51,9519
54,9519
13,9520
9,9521
27,9521
35,9522
44,9523
13,9524
22,9525
47,9526
37,9528
20,9529
25,9530
58,9530
10,9531
27,9532
29,9532
31,9534
46,9534
43,9535
54,9536
27,9538
29,9539
33,9539
7,9541
25,9541
31,9541
52,9541
21,9542
30,9543
38,9543
57,9543
21,9545
40,9545
25,9547
31,9547
49,9548
50,9548
23,9549
25,9549
26,9549
10,9550
21,9552
22,9552
52,9554
51,9556
30,9557
38,9558
54,9558
1,9559
25,9560
8,9562
41,9562
40,9564
12,9565
60,9566
27,9567
59,9567
6,9568
18,9568
21,9569
26,9570
42,9570
47,9571
60,9572
9,9572
43,9573
53,9574
26,9575
26,9576
31,9576
5,9577
33,9578
54,9581
38,9582
30,9583
54,9583
6,9584
55,9584
51,9585
36,9586
24,9587
60,9588
7,9588
3,9589
20,9589
42,9589
47,9589
55,9589
3,9590
18,9590
19,9591
23,9591
28,9591
6,9592
19,9592
37,9592
45,9594
55,9594
36,9596
50,9596
57,9596
45,9597
1,9601
29,9601
36,9601
12,9602
11,9604
32,9604
39,9604
37,9605
2,9606
29,9606
30,9606
1,9607
1,9608
32,9608
59,9608
2,9610
10,9610
16,9610
33,9611
30,9612
55,9612
6,9613
9,9613
12,9613
2,9614
13,9615
16,9616
22,9616
38,9616
19,9617
28,9617
38,9617
42,9619
52,9621
3,9622
16,9625
37,9627
21,9629
21,9630
29,9630
19,9631
3,9632
27,9632
36,9632
13,9633
39,9633
30,9634
52,9635
15,9636
52,9636
38,9637
47,9637
54,9637
51,9639
52,9640
43,9641
12,9643
32,9643
6,9644
8,9644
29,9644
56,9645
53,9646
11,9647
16,9647
14,9648
52,9648
7,9652
19,9653
41,9654
9,9655
44,9655
24,9656
25,9656
26,9656
50,9657
6,9658
22,9658
1,9659
6,9660
9,9660
22,9660
20,9661
12,9662
26,9662
2,9663
3,9663
8,9663
1,9664
1,9665
2,9666
3,9668
27,9669
2,9670
25,9670
39,9670
10,9671
12,9673
13,9673
52,9674
47,9676
47,9678
9,9680
27,9680
34,9680
54,9681
4,9683
57,9685
51,9686
54,9686
19,9688
33,9688
54,9688
3,9689
28,9689
48,9690
5,9692
15,9692
46,9694
10,9697
23,9697
55,9697
56,9698
14,9700
9,9701
38,9701
46,9701
9,9705
32,9705
9,9706
60,9707
14,9707
22,9708
47,9708
15,9709
25,9709
35,9709
52,9709
19,9711
27,9711
35,9711
3,9714
9,9715
57,9715
34,9717
4,9718
34,9719
27,9722
5,9724
30,9724
46,9725
56,9725
13,9726
3,9727
50,9728
13,9729
25,9729
50,9729
56,9730
28,9735
36,9736
60,9737
10,9737
17,9737
54,9737
29,9738
38,9739
50,9739
16,9741
22,9741
48,9741
22,9742
41,9743
24,9744
7,9746
26,9746
1,9749
18,9749
1,9750
9,9750
28,9750
2,9751
11,9751
19,9751
37,9751
2,9752
22,9752
1,9753
22,9753
21,9754
35,9754
50,9754
24,9755
50,9755
2,9756
16,9756
28,9756
7,9757
26,9757
16,9758
1,9759
6,9760
42,9760
45,9760
51,9760
1,9761
22,9761
2,9762
53,9762
56,9762
1,9763
51,9763
2,9764
56,9764
2,9765
11,9767
45,9767
27,9768
22,9770
31,9772
44,9774
10,9775
29,9776
57,9776
9,9777
10,9777
49,9777
7,9778
37,9778
8,9779
25,9779
29,9779
49,9779
29,9781
40,9781
47,9781
30,9784
26,9785
36,9785
46,9785
53,9786
40,9789
57,9789
26,9790
57,9790
12,9792
32,9794
33,9794
49,9794
17,9795
32,9795
44,9795
38,9796
7,9797
5,9800
15,9800
51,9802
19,9803
46,9804
11,9805
50,9805
21,9806
24,9806
16,9808
22,9809
4,9810
29,9810
29,9811
49,9811
17,9812
30,9812
39,9813
37,9814
34,9815
42,9816
46,9816
13,9817
15,9817
1,9818
40,9819
6,9822
11,9822
13,9823
14,9823
55,9824
37,9825
55,9827
17,9828
57,9828
30,9829
59,9829
60,9830
4,9830
39,9830
9,9831
48,9831
38,9832
54,9832
47,9833
11,9835
16,9835
57,9835
18,9837
55,9837
3,9838
42,9839
16,9841
41,9842
60,9843
37,9843
46,9843
48,9843
49,9843
55,9843
3,9844
27,9844
39,9844
29,9847
15,9849
6,9851
4,9853
47,9853
4,9854
10,9854
23,9854
21,9856
23,9856
58,9856
60,9859
19,9859
38,9859
59,9859
21,9860
59,9860
39,9861
17,9863
25,9863
47,9864
27,9865
20,9866
27,9866
52,9867
23,9869
30,9869
11,9870
19,9871
6,9874
16,9874
9,9875
18,9876
16,9877
17,9877
43,9877
57,9877
44,9880
43,9881
33,9882
43,9882
8,9883
25,9884
55,9884
20,9886
16,9887
40,9888
33,9890
48,9890
60,9891
60,9892
10,9893
42,9893
48,9893
16,9895
24,9896
23,9897
37,9898
30,9899
34,9900
28,9901
46,9904
14,9905
6,9906
19,9907
23,9907
34,9907
56,9907
60,9908
8,9908
34,9908
21,9909
52,9909
19,9910
40,9910
7,9912
17,9912
27,9912
51,9913
13,9916
29,9918
7,9919
47,9919
36,9920
8,9922
44,9922
41,9923
7,9925
21,9925
38,9925
40,9927
45,9927
54,9927
18,9928
37,9928
48,9928
23,9929
1,9930
1,9931
2,9932
35,9932
51,9932
2,9933
44,9933
39,9934
1,9935
2,9936
8,9936
37,9937
11,9938
3,9939
6,9939
13,9939
18,9939
55,9940
21,9941
20,9942
15,9943
51,9944
42,9946
8,9948
35,9948
4,9949
8,9950
11,9950
46,9950
47,9950
5,9951
30,9951
45,9952
3,9953
27,9954
34,9954
53,9954
25,9955
4,9956
29,9956
53,9956
55,9956
4,9958
8,9958
17,9958
23,9958
27,9959
44,9960
20,9961
14,9962
32,9962
59,9962
5,9963
6,9964
57,9964
40,9965
44,9965
24,9968
20,9970
27,9970
37,9970
5,9972
11,9973
27,9974
7,9975
29,9976
39,9977
46,9977
24,9978
46,9979
32,9981
35,9981
24,9982
45,9982
9,9983
42,9984
51,9986
1,9987
2,9988
1,9989
1,9990
47,9990
2,9991
2,9993
42,9993
11,9994
16,9994
36,9994
26,9995
24,9996
37,9996
44,9996
49,9996
1,9997
16,9997
42,9997
44,9997
2,9998
34,9998
