8,7
22,8
29,8
3,12
5,13
49,13
54,14
4,15
20,15
1,16
3,17
8,17
4,18
51,19
5,20
3,25
22,25
5,28
27,28
32,30
5,31
4,32
3,33
24,33
40,33
24,34
58,34
4,35
46,35
8,37
56,38
56,40
3,42
15,42
1,43
2,44
9,44
5,45
1,46
4,47
16,47
2,48
3,48
4,48
50,49
5,50
4,51
1,52
2,53
57,54
1,58
28,58
2,59
1,60
56,62
1,63
2,65
48,65
57,65
2,67
7,70
37,71
38,71
8,72
12,73
24,77
14,79
3,82
4,83
4,84
52,84
59,85
3,86
1,88
3,88
2,89
53,89
1,90
14,90
51,91
54,91
2,92
5,92
22,92
5,93
35,94
20,95
2,96
37,96
3,97
1,98
58,98
2,99
4,99
15,99
22,99
9,100
60,101
3,101
6,101
12,101
4,103
5,104
32,105
5,106
47,108
54,108
50,112
54,113
3,114
10,114
43,114
4,115
16,115
5,116
5,117
3,119
4,120
16,122
42,123
41,125
10,128
32,129
11,130
35,130
47,132
16,133
30,141
27,143
9,148
11,148
14,150
23,150
32,152
47,152
53,152
44,155
45,157
28,158
18,162
55,164
1,167
2,168
7,168
19,169
22,169
23,169
41,169
1,171
26,172
8,173
18,173
2,175
1,176
57,180
58,181
2,182
30,183
10,186
52,187
59,187
35,188
57,192
56,194
51,197
14,198
1,199
1,200
2,201
41,201
2,202
55,202
35,203
43,203
1,204
2,205
18,205
25,206
9,207
35,207
53,207
7,209
25,209
59,215
28,216
31,219
34,221
39,226
1,227
37,227
47,227
2,228
8,228
12,228
1,229
2,230
1,232
2,233
26,233
35,237
16,241
31,241
19,245
59,246
55,248
44,249
1,250
9,250
12,251
14,253
1,254
19,254
22,254
59,254
2,255
2,256
1,257
22,257
2,258
26,258
32,261
58,262
32,263
51,264
12,266
18,268
46,270
29,271
37,275
43,280
52,282
12,287
15,287
9,288
11,290
47,290
24,294
20,295
32,297
53,297
20,298
37,298
46,298
50,298
24,299
38,300
60,301
25,301
44,305
6,307
53,307
11,312
46,314
29,315
41,317
55,328
48,331
20,333
3,336
5,337
37,337
4,338
5,339
8,339
4,340
3,341
26,342
28,342
18,343
35,343
54,343
34,344
54,345
44,346
7,348
15,352
37,352
43,352
31,355
56,358
40,359
11,360
26,363
50,363
8,364
7,367
1,369
24,369
46,369
2,371
16,372
52,372
9,373
28,373
47,373
6,375
32,376
22,377
1,379
40,379
2,380
1,381
2,384
18,384
23,385
2,391
3,395
59,395
52,396
15,404
19,404
53,404
49,405
55,405
53,406
7,412
57,412
55,413
1,415
3,415
19,415
2,416
4,416
1,420
4,420
1,421
5,421
46,422
34,423
7,424
51,424
2,426
3,427
10,427
23,427
40,427
30,428
2,429
5,429
25,430
50,435
59,436
34,437
60,438
54,443
52,445
52,446
14,448
34,450
14,451
59,451
40,455
56,455
30,456
59,457
45,462
25,465
56,469
32,470
36,472
39,475
14,476
13,477
1,479
47,479
12,480
2,481
1,485
32,485
2,487
8,487
23,487
1,488
39,488
2,489
56,489
1,490
1,491
41,491
47,491
15,493
2,494
52,495
2,496
1,497
49,498
2,499
18,502
18,507
24,507
26,511
56,512
54,513
3,516
21,516
12,517
59,517
5,519
46,519
4,520
5,522
28,522
16,523
4,524
42,525
3,526
15,527
14,529
18,530
40,531
60,532
45,532
7,534
51,534
52,535
1,536
6,536
38,536
59,538
2,539
37,539
28,540
30,543
1,545
35,545
1,546
2,548
33,548
52,548
2,550
39,550
7,554
22,554
17,556
50,557
27,558
28,565
36,566
19,568
38,568
19,569
10,570
22,573
1,574
1,575
8,577
2,578
1,579
10,579
19,580
2,581
48,581
2,582
17,583
46,584
24,585
6,586
16,587
21,587
30,588
36,588
1,591
49,591
3,592
49,592
4,593
52,593
4,594
3,595
5,596
12,596
5,597
20,597
26,597
39,597
2,598
38,598
54,598
1,599
2,601
55,601
1,602
34,602
2,603
40,604
8,606
31,606
37,611
39,613
3,614
18,615
4,616
22,616
24,616
5,617
9,618
4,619
54,619
5,620
51,620
3,621
18,621
48,621
59,624
8,625
27,625
47,629
19,631
3,632
16,633
55,633
60,634
49,634
3,636
31,636
5,637
34,638
5,639
4,641
21,641
6,642
39,645
42,647
23,648
35,648
58,651
4,653
14,653
25,653
3,655
44,655
52,656
21,658
32,660
22,662
37,662
43,663
6,670
22,670
9,673
57,673
47,675
21,678
13,681
31,682
58,682
36,683
21,684
20,685
47,686
57,686
39,688
19,689
59,689
1,693
53,694
1,695
48,696
2,697
1,698
2,699
36,699
6,700
2,702
6,702
30,702
50,702
31,703
59,704
8,705
48,709
50,711
3,713
5,715
4,716
33,716
5,717
50,717
56,717
4,718
3,719
60,721
6,721
31,723
59,723
18,725
23,727
57,727
3,729
4,731
48,731
4,732
3,734
35,734
5,735
7,735
5,736
52,739
52,742
7,746
6,747
25,751
3,753
11,753
5,754
4,755
48,755
21,756
3,757
59,757
5,758
35,758
4,762
45,762
30,763
19,764
51,765
26,768
28,768
33,768
58,769
27,770
54,771
1,772
1,774
27,777
42,777
59,777
2,779
8,781
2,782
16,782
1,783
55,784
2,785
52,787
1,789
26,789
2,790
1,791
2,792
50,792
1,793
7,793
2,794
26,797
1,798
1,799
35,800
2,802
6,802
2,803
1,805
2,806
7,808
3,810
39,811
50,811
5,812
55,812
7,814
19,814
25,814
30,814
4,816
9,819
4,820
5,821
3,822
12,824
25,829
32,834
52,834
27,835
9,838
24,838
25,845
11,848
48,849
39,850
39,855
50,855
47,859
23,863
34,863
60,864
1,864
1,865
58,866
3,867
4,868
11,868
2,870
7,870
1,871
4,872
46,872
2,873
5,874
2,875
5,875
20,875
3,876
30,876
19,877
50,879
41,881
23,884
52,886
34,888
1,889
50,891
50,892
51,896
8,897
26,898
42,898
59,898
20,899
30,902
48,902
17,903
52,903
48,905
57,906
47,911
57,911
13,913
34,913
53,913
40,914
30,917
3,918
34,918
5,919
21,919
28,920
4,921
3,922
34,922
4,925
5,926
6,928
9,928
42,929
1,931
58,934
60,935
44,937
50,937
1,938
19,943
27,943
13,944
50,946
10,947
27,948
6,949
53,949
40,950
11,956
31,958
55,958
60,960
35,960
26,962
34,965
26,967
51,968
55,968
31,969
57,969
26,970
48,971
31,973
31,981
45,981
3,985
4,987
5,988
4,989
5,990
50,990
59,990
3,991
12,992
32,994
47,994
51,997
56,998
60,1003
52,1004
53,1004
43,1007
11,1010
10,1014
37,1016
53,1017
1,1019
38,1020
40,1021
1,1022
36,1022
50,1022
58,1023
2,1024
50,1024
2,1026
41,1026
52,1026
1,1027
21,1027
60,1028
2,1028
42,1029
28,1032
29,1032
29,1034
43,1035
11,1038
21,1039
39,1040
14,1041
6,1043
49,1045
27,1048
13,1049
20,1051
23,1051
51,1052
57,1052
41,1053
42,1053
31,1054
15,1056
13,1057
3,1058
4,1059
4,1062
5,1063
51,1064
3,1066
5,1067
48,1067
29,1070
50,1070
17,1071
14,1072
27,1074
53,1074
60,1077
12,1080
15,1080
3,1082
35,1082
4,1084
8,1084
5,1085
4,1086
5,1087
3,1089
21,1093
55,1094
25,1095
44,1096
3,1098
20,1102
45,1104
34,1107
21,1111
3,1114
4,1115
5,1119
4,1120
24,1120
5,1123
50,1123
1,1125
3,1125
45,1125
2,1127
1,1128
57,1128
19,1129
1,1130
2,1131
39,1131
2,1132
21,1132
21,1133
23,1133
56,1134
31,1139
55,1141
51,1144
10,1145
55,1147
19,1149
37,1149
47,1150
60,1159
44,1160
25,1162
1,1163
27,1163
2,1164
12,1164
52,1165
1,1166
1,1169
49,1169
36,1170
38,1170
2,1171
2,1172
25,1172
16,1175
20,1176
13,1178
48,1178
22,1181
3,1185
33,1185
42,1185
4,1186
4,1187
42,1188
5,1189
11,1189
25,1190
31,1190
45,1191
5,1193
8,1193
3,1194
13,1198
32,1198
17,1199
14,1203
5,1204
3,1209
38,1209
5,1211
53,1215
4,1216
5,1217
4,1218
58,1221
3,1223
14,1223
52,1224
39,1225
37,1226
48,1226
3,1227
43,1227
4,1228
46,1228
11,1229
3,1232
32,1233
4,1234
5,1235
28,1236
29,1236
42,1237
5,1238
50,1238
60,1241
43,1241
52,1241
13,1244
34,1245
33,1250
32,1251
47,1251
47,1256
51,1256
50,1257
3,1258
5,1259
19,1259
48,1259
1,1260
5,1260
4,1261
1,1262
3,1262
29,1264
14,1265
4,1266
9,1266
2,1267
53,1267
1,1268
2,1270
2,1272
26,1272
34,1272
3,1273
3,1274
5,1275
45,1276
4,1277
4,1278
39,1283
3,1285
48,1285
5,1286
10,1286
14,1290
49,1290
37,1292
35,1294
33,1298
45,1299
60,1300
6,1300
11,1300
12,1301
32,1301
56,1302
47,1303
47,1304
50,1309
11,1310
13,1310
49,1311
16,1313
20,1314
44,1314
9,1315
24,1315
52,1315
48,1317
3,1321
6,1321
28,1321
4,1322
36,1322
50,1322
4,1323
31,1325
5,1326
3,1327
5,1328
10,1329
28,1329
20,1330
26,1330
21,1333
27,1333
25,1336
53,1337
44,1339
6,1340
34,1341
34,1343
8,1346
10,1346
58,1348
37,1350
33,1351
1,1352
3,1352
23,1352
2,1353
42,1353
4,1355
1,1358
3,1359
56,1359
5,1360
1,1361
5,1361
13,1361
4,1362
2,1363
14,1363
40,1364
3,1366
13,1366
2,1367
4,1368
5,1369
30,1369
1,1370
4,1370
5,1371
60,1372
1,1372
3,1372
2,1374
12,1374
1,1375
60,1377
2,1377
2,1378
25,1378
31,1381
3,1382
59,1382
4,1383
50,1383
50,1384
5,1385
17,1385
23,1385
1,1386
2,1387
5,1387
1,1388
10,1388
2,1389
4,1389
1,1390
3,1390
2,1391
3,1392
29,1392
55,1394
4,1395
10,1395
54,1395
5,1397
3,1398
16,1398
19,1398
34,1398
51,1398
57,1399
4,1401
5,1403
17,1406
60,1413
58,1413
33,1415
52,1418
7,1419
50,1420
44,1423
24,1424
55,1424
58,1425
6,1426
7,1430
52,1430
38,1431
23,1434
24,1434
54,1434
59,1434
40,1435
40,1438
46,1438
22,1439
51,1439
21,1445
28,1445
19,1446
21,1446
50,1446
18,1451
10,1452
35,1453
44,1454
56,1454
29,1455
28,1457
26,1458
32,1461
2,1463
58,1463
47,1465
8,1467
32,1469
42,1470
12,1473
56,1474
18,1476
38,1476
30,1477
35,1478
40,1484
30,1486
32,1488
28,1493
24,1494
49,1494
21,1495
10,1496
12,1498
44,1498
49,1502
39,1506
36,1507
59,1508
19,1510
42,1510
3,1512
21,1514
16,1515
18,1515
15,1517
55,1522
10,1524
25,1526
57,1526
28,1528
48,1528
24,1535
40,1535
49,1535
53,1535
38,1536
51,1539
57,1539
24,1541
32,1545
31,1548
6,1549
40,1549
3,1552
23,1552
1,1554
44,1555
2,1556
4,1556
23,1556
5,1557
1,1558
4,1559
1,1560
3,1561
56,1561
2,1562
2,1563
53,1563
5,1564
25,1567
29,1567
51,1570
15,1575
16,1575
34,1576
38,1577
3,1582
34,1582
29,1584
4,1585
6,1585
5,1587
20,1587
10,1588
41,1588
5,1590
3,1591
4,1592
20,1592
30,1598
30,1599
2,1601
6,1603
15,1604
39,1604
19,1606
46,1608
33,1610
44,1612
48,1612
37,1614
33,1615
51,1615
53,1615
34,1624
1,1627
2,1628
53,1628
1,1629
17,1629
2,1630
49,1630
1,1631
42,1632
30,1633
2,1634
38,1634
58,1634
35,1636
11,1637
16,1638
35,1640
30,1641
8,1643
28,1643
52,1643
56,1643
3,1646
5,1648
13,1648
4,1649
40,1649
29,1652
4,1654
10,1654
46,1654
27,1655
3,1657
25,1658
51,1659
5,1660
6,1661
31,1663
36,1663
39,1663
1,1667
2,1668
21,1668
6,1669
59,1669
1,1670
28,1671
60,1674
2,1674
46,1675
29,1676
31,1676
1,1677
2,1678
30,1679
14,1682
52,1683
1,1685
1,1687
28,1688
2,1689
2,1690
55,1690
1,1692
24,1693
2,1694
12,1694
9,1695
7,1700
48,1700
7,1702
14,1703
54,1704
58,1704
25,1709
7,1712
24,1714
43,1719
24,1720
59,1733
31,1735
42,1737
27,1741
46,1742
40,1744
38,1748
50,1748
42,1749
38,1751
3,1752
18,1752
34,1752
4,1753
5,1754
46,1755
17,1756
4,1757
46,1757
48,1757
5,1758
37,1758
57,1758
39,1759
56,1760
3,1761
19,1762
20,1763
40,1764
8,1767
46,1770
55,1770
49,1771
55,1771
51,1773
25,1779
22,1789
46,1790
32,1791
45,1791
7,1794
17,1795
56,1799
17,1801
31,1804
10,1812
59,1812
1,1818
38,1818
7,1819
41,1821
1,1822
31,1822
2,1824
2,1825
1,1826
2,1828
10,1830
25,1830
10,1831
59,1833
22,1836
15,1837
58,1838
58,1839
19,1840
13,1842
22,1842
32,1842
31,1844
37,1844
20,1846
26,1850
41,1854
40,1857
1,1859
37,1861
2,1862
1,1863
1,1864
41,1864
2,1865
17,1865
27,1865
30,1865
49,1865
2,1867
32,1869
27,1873
6,1874
15,1876
27,1879
38,1885
56,1885
55,1886
41,1888
14,1890
52,1892
49,1896
18,1898
1,1905
1,1906
9,1906
35,1906
48,1907
58,1907
2,1908
1,1909
2,1910
2,1911
52,1912
20,1915
10,1916
42,1918
12,1920
3,1921
48,1923
57,1923
38,1926
50,1926
49,1929
29,1932
16,1933
1,1934
56,1934
9,1936
2,1937
31,1938
52,1938
17,1939
20,1939
1,1940
2,1941
23,1941
12,1945
44,1945
1,1947
25,1947
2,1948
3,1949
44,1951
5,1952
34,1952
51,1952
5,1955
13,1955
1,1956
1,1957
4,1957
4,1958
12,1958
2,1959
3,1959
2,1960
1,1961
2,1963
41,1966
1,1967
20,1967
1,1970
32,1970
23,1971
2,1972
23,1972
46,1972
2,1973
1,1974
25,1974
2,1976
42,1976
33,1979
7,1982
9,1984
13,1988
3,1990
20,1990
5,1992
45,1993
4,1994
4,1995
56,1995
21,1998
3,2002
41,2002
45,2003
49,2004
5,2005
33,2006
38,2008
44,2013
27,2016
12,2018
18,2018
13,2019
24,2020
3,2021
34,2021
58,2022
5,2023
31,2025
42,2025
28,2026
14,2028
4,2030
8,2030
5,2031
38,2031
4,2033
18,2033
57,2033
25,2034
32,2035
3,2037
39,2037
52,2037
30,2038
37,2038
19,2040
37,2041
1,2042
1,2043
8,2043
2,2044
21,2044
1,2045
37,2045
2,2046
2,2047
23,2047
36,2047
10,2049
1,2050
2,2051
30,2051
1,2053
1,2054
13,2055
30,2055
2,2056
27,2056
2,2057
26,2058
46,2059
40,2061
60,2066
12,2068
19,2069
13,2070
15,2070
35,2072
52,2072
25,2075
10,2077
49,2079
13,2088
35,2094
49,2096
49,2101
33,2105
51,2107
27,2111
14,2112
19,2115
36,2115
56,2117
1,2122
13,2122
1,2124
35,2125
2,2126
50,2126
1,2128
2,2133
2,2134
24,2136
19,2137
42,2137
39,2138
44,2139
13,2140
22,2140
44,2140
55,2141
22,2143
35,2143
18,2144
17,2148
14,2150
20,2154
40,2154
54,2156
1,2157
2,2159
49,2160
38,2161
41,2161
1,2164
6,2164
36,2164
8,2167
19,2167
38,2168
1,2169
2,2170
36,2171
37,2171
2,2172
41,2172
7,2173
27,2173
59,2173
24,2174
15,2176
37,2177
18,2179
53,2179
53,2181
14,2182
32,2185
38,2185
5,2189
42,2190
54,2190
56,2193
32,2198
10,2199
25,2199
48,2200
1,2201
1,2203
50,2203
2,2204
49,2204
29,2205
54,2205
1,2207
51,2207
2,2208
2,2210
50,2216
25,2217
35,2217
37,2217
37,2218
3,2220
27,2220
28,2220
40,2221
4,2222
47,2222
5,2223
56,2223
5,2224
3,2225
4,2230
53,2230
53,2236
47,2239
40,2240
46,2240
7,2241
55,2241
39,2244
35,2245
58,2246
13,2247
56,2247
3,2249
48,2250
34,2251
59,2251
4,2252
54,2252
4,2253
5,2254
55,2254
3,2255
37,2255
5,2256
45,2256
44,2257
9,2259
59,2259
9,2262
35,2263
21,2265
55,2266
32,2267
20,2269
8,2271
44,2272
39,2275
8,2276
57,2277
24,2278
10,2280
33,2280
35,2280
45,2281
6,2283
38,2284
20,2286
36,2286
41,2287
40,2288
23,2289
8,2292
40,2293
39,2301
30,2304
44,2305
25,2308
3,2309
4,2311
53,2311
5,2312
10,2312
4,2314
21,2314
3,2315
43,2315
5,2316
21,2316
27,2319
1,2321
2,2322
29,2322
1,2323
49,2323
2,2324
11,2325
53,2327
1,2328
45,2329
2,2331
16,2335
35,2337
53,2337
33,2340
3,2341
21,2341
42,2342
5,2343
53,2344
5,2345
9,2345
17,2346
4,2350
4,2351
32,2352
3,2353
42,2354
3,2357
5,2360
57,2362
5,2363
49,2363
4,2364
17,2365
3,2366
53,2366
4,2367
3,2368
11,2368
4,2369
44,2369
17,2370
28,2371
5,2372
15,2373
11,2375
4,2376
8,2376
27,2377
5,2378
3,2379
49,2380
23,2382
49,2387
15,2388
19,2391
38,2391
47,2392
9,2394
39,2395
58,2400
44,2401
3,2402
5,2403
52,2403
4,2404
4,2405
3,2406
58,2406
5,2407
56,2411
23,2412
6,2414
48,2416
51,2420
56,2422
1,2423
16,2423
1,2424
2,2426
20,2427
3,2428
5,2430
6,2430
1,2431
4,2431
27,2431
4,2432
34,2432
2,2433
3,2433
2,2434
58,2434
1,2437
2,2440
3,2440
5,2440
1,2441
2,2442
1,2443
38,2443
55,2443
32,2444
2,2446
60,2447
17,2448
17,2450
22,2450
58,2450
13,2451
36,2453
56,2453
38,2455
58,2458
17,2459
55,2459
40,2463
10,2464
15,2466
28,2466
3,2467
5,2468
4,2469
4,2472
12,2472
8,2473
5,2474
55,2475
3,2476
36,2477
56,2479
51,2481
48,2485
1,2486
55,2486
2,2487
60,2488
1,2489
31,2490
37,2491
6,2492
1,2493
2,2495
26,2495
44,2495
40,2496
2,2499
22,2501
29,2502
52,2503
43,2504
8,2506
7,2507
49,2511
51,2513
25,2514
27,2514
57,2514
3,2516
4,2519
5,2521
14,2521
19,2521
3,2522
5,2523
4,2524
3,2525
40,2526
4,2527
14,2528
56,2528
38,2529
45,2529
9,2530
5,2531
41,2532
5,2537
4,2538
3,2539
48,2541
23,2542
49,2546
1,2548
44,2548
39,2549
1,2550
2,2551
6,2552
2,2553
36,2553
20,2555
1,2556
2,2557
12,2558
39,2559
41,2559
20,2560
55,2560
18,2561
60,2562
46,2565
59,2565
4,2567
46,2567
1,2569
31,2569
1,2572
34,2572
2,2575
3,2577
14,2577
45,2577
26,2578
1,2579
5,2579
31,2579
2,2580
4,2580
2,2581
5,2581
28,2582
36,2583
3,2584
20,2584
4,2585
20,2587
29,2587
40,2589
36,2590
51,2590
46,2594
33,2595
5,2596
37,2596
14,2597
22,2597
44,2598
7,2600
54,2601
57,2602
35,2606
6,2611
9,2612
29,2612
16,2613
34,2613
12,2614
20,2614
26,2614
58,2614
11,2615
7,2617
55,2617
7,2618
21,2619
43,2619
5,2620
18,2620
37,2623
1,2625
2,2627
60,2628
50,2628
1,2630
2,2631
1,2633
16,2633
44,2634
8,2635
25,2635
2,2636
31,2636
11,2640
41,2640
1,2641
40,2641
1,2643
2,2644
13,2644
29,2644
1,2645
43,2646
2,2647
48,2647
2,2651
31,2651
9,2654
8,2656
19,2658
32,2658
57,2659
7,2660
45,2660
30,2661
33,2661
45,2662
6,2665
3,2666
7,2666
4,2667
5,2670
29,2670
60,2671
5,2671
56,2671
60,2672
4,2672
3,2674
33,2674
36,2678
30,2679
35,2679
42,2681
3,2682
4,2684
3,2685
27,2685
5,2686
4,2687
5,2688
17,2688
24,2688
7,2693
1,2694
1,2695
17,2695
3,2696
46,2696
2,2697
2,2698
17,2698
1,2699
2,2700
21,2700
3,2702
5,2703
5,2705
4,2707
5,2707
29,2707
41,2707
37,2708
12,2710
4,2711
3,2712
50,2715
16,2716
18,2716
32,2716
44,2716
6,2719
26,2719
57,2721
1,2722
9,2722
2,2723
1,2724
41,2724
47,2725
1,2726
7,2728
21,2728
2,2729
28,2729
35,2729
2,2731
15,2732
51,2732
48,2733
52,2734
24,2735
32,2736
28,2737
25,2738
13,2739
37,2739
47,2739
49,2739
56,2739
42,2741
12,2743
18,2744
18,2746
33,2746
23,2749
1,2751
23,2751
58,2751
2,2752
14,2752
1,2753
3,2753
19,2753
4,2754
18,2754
47,2754
1,2755
4,2755
2,2756
2,2758
3,2758
39,2758
48,2758
5,2759
8,2759
57,2760
5,2763
41,2765
53,2765
31,2766
12,2769
3,2770
36,2770
8,2771
5,2772
5,2774
19,2775
4,2776
17,2776
43,2776
3,2778
6,2779
4,2780
9,2783
18,2784
33,2785
24,2786
29,2786
49,2789
52,2791
50,2792
17,2795
3,2796
54,2796
15,2797
5,2798
4,2800
33,2800
5,2801
1,2802
42,2802
59,2802
1,2803
15,2803
21,2803
29,2804
2,2805
31,2805
1,2806
4,2806
2,2807
27,2807
56,2807
2,2808
18,2808
3,2811
35,2811
34,2812
46,2812
3,2813
19,2814
41,2817
59,2818
7,2819
12,2820
25,2821
59,2824
48,2828
49,2828
34,2829
35,2831
40,2831
56,2835
42,2836
54,2837
1,2840
58,2845
45,2846
39,2847
2,2849
30,2850
34,2851
14,2852
52,2854
25,2856
21,2857
43,2857
50,2860
25,2861
26,2863
45,2865
52,2869
33,2870
12,2873
32,2875
35,2876
1,2877
26,2877
52,2877
1,2878
2,2879
3,2879
33,2879
5,2880
2,2881
4,2881
1,2882
3,2882
28,2882
4,2883
6,2883
2,2884
5,2884
12,2893
10,2894
1,2895
41,2895
56,2895
1,2898
6,2900
2,2901
2,2902
40,2902
1,2903
2,2904
17,2904
13,2906
6,2907
26,2908
40,2909
20,2910
19,2911
32,2911
57,2911
33,2912
17,2914
35,2917
57,2919
42,2920
32,2921
21,2924
43,2924
58,2924
16,2926
11,2928
39,2928
21,2929
55,2933
52,2934
59,2935
1,2937
26,2938
38,2938
21,2940
15,2941
1,2942
7,2942
43,2943
56,2943
2,2946
12,2946
51,2946
2,2947
49,2947
54,2947
1,2949
17,2950
2,2951
29,2951
47,2952
17,2953
53,2953
40,2955
57,2956
49,2959
3,2963
5,2964
4,2965
22,2965
5,2966
7,2966
27,2967
3,2968
26,2968
4,2969
41,2969
3,2970
5,2972
43,2972
34,2973
4,2976
3,2978
5,2979
4,2980
20,2980
58,2981
7,2982
25,2982
40,2984
54,2985
32,2987
34,2988
1,2992
12,2992
2,2995
1,2996
1,2997
29,2997
2,2998
19,2998
2,3002
36,3003
57,3004
24,3006
19,3007
58,3010
23,3011
28,3011
48,3011
58,3013
21,3015
37,3016
56,3017
58,3017
60,3021
35,3022
16,3023
60,3025
23,3027
33,3028
11,3033
12,3033
42,3033
60,3034
45,3035
14,3036
30,3037
36,3039
1,3040
22,3040
36,3040
38,3040
2,3044
1,3046
17,3048
1,3049
22,3049
2,3051
18,3052
56,3053
11,3054
2,3055
24,3056
25,3058
44,3058
3,3061
33,3061
5,3063
10,3063
10,3064
4,3065
49,3069
4,3070
3,3074
18,3074
5,3076
33,3077
27,3078
58,3079
10,3080
39,3081
56,3081
17,3086
37,3086
17,3091
43,3094
26,3095
30,3096
12,3099
7,3100
2,3103
56,3104
29,3105
17,3107
6,3108
30,3109
46,3117
58,3117
3,3118
15,3119
18,3119
44,3121
5,3122
59,3122
4,3123
46,3123
4,3125
15,3125
3,3126
18,3127
5,3129
28,3133
6,3137
14,3139
3,3140
4,3142
5,3142
10,3142
46,3142
5,3143
4,3145
21,3145
32,3145
3,3146
17,3146
5,3147
46,3147
51,3147
55,3147
20,3150
42,3150
1,3151
2,3152
40,3153
13,3154
1,3155
14,3156
2,3158
12,3158
18,3158
1,3159
55,3159
2,3160
42,3160
32,3167
47,3167
9,3170
13,3170
41,3170
53,3170
35,3172
26,3173
50,3173
52,3174
38,3178
8,3179
27,3179
42,3180
12,3182
35,3182
57,3182
47,3184
40,3186
3,3187
46,3187
5,3188
5,3189
7,3190
13,3191
32,3192
54,3192
4,3193
3,3195
15,3196
43,3196
1,3197
4,3197
27,3197
1,3198
8,3198
11,3199
17,3199
2,3202
28,3202
3,3203
2,3204
28,3205
4,3206
12,3206
5,3207
1,3208
37,3210
2,3211
4,3211
3,3212
39,3213
1,3214
5,3214
2,3215
8,3216
34,3216
1,3217
2,3218
1,3219
51,3219
2,3220
45,3221
55,3221
29,3225
30,3225
14,3226
19,3226
28,3226
27,3228
44,3228
6,3230
32,3233
35,3234
39,3234
45,3236
16,3238
46,3242
16,3246
12,3247
14,3247
39,3250
12,3252
39,3254
9,3256
14,3258
58,3260
43,3263
38,3264
14,3265
13,3266
56,3266
40,3269
16,3270
49,3270
14,3273
27,3274
34,3274
13,3275
53,3275
26,3277
1,3279
2,3280
1,3281
38,3282
20,3284
24,3284
1,3285
23,3285
54,3286
2,3287
2,3288
12,3290
11,3292
31,3292
10,3295
8,3296
43,3296
35,3298
15,3299
17,3301
58,3302
16,3304
14,3305
45,3305
46,3308
27,3310
31,3311
22,3313
22,3316
24,3317
3,3320
4,3323
19,3323
44,3323
3,3324
51,3325
5,3327
4,3328
5,3329
45,3330
7,3332
59,3333
3,3334
32,3334
9,3337
41,3337
4,3338
5,3339
41,3339
3,3340
4,3341
32,3342
49,3342
42,3345
8,3346
5,3348
13,3353
9,3355
31,3355
31,3358
3,3363
9,3363
24,3363
4,3364
41,3364
5,3366
28,3366
52,3366
1,3367
4,3367
19,3367
36,3367
52,3367
3,3368
2,3369
16,3369
27,3369
1,3370
5,3370
19,3370
12,3371
2,3374
30,3375
52,3375
1,3376
2,3377
60,3378
39,3379
3,3380
18,3381
57,3381
4,3382
5,3383
17,3383
4,3384
52,3385
3,3387
5,3388
8,3388
32,3388
6,3391
37,3391
59,3391
11,3392
28,3396
51,3398
33,3399
26,3401
57,3401
16,3403
27,3404
19,3405
46,3407
27,3409
31,3409
52,3410
12,3412
27,3414
20,3415
1,3416
1,3419
39,3419
2,3420
2,3421
55,3421
1,3422
16,3422
49,3422
2,3423
43,3428
23,3432
38,3434
42,3434
12,3436
28,3436
38,3437
44,3437
26,3438
30,3438
3,3439
4,3440
4,3441
31,3442
5,3444
23,3444
3,3445
12,3445
5,3446
32,3446
51,3446
55,3448
5,3450
57,3451
52,3452
35,3455
53,3455
47,3456
16,3457
33,3457
53,3459
11,3460
39,3464
30,3465
35,3468
25,3470
20,3472
23,3472
39,3472
17,3473
23,3473
46,3473
11,3474
23,3474
45,3474
12,3475
17,3475
19,3475
3,3480
4,3481
4,3482
5,3483
44,3485
3,3489
49,3493
12,3494
53,3494
57,3494
16,3495
55,3495
5,3496
11,3496
15,3497
24,3499
45,3502
21,3503
43,3503
30,3506
24,3507
35,3508
38,3509
43,3515
24,3517
57,3517
60,3518
34,3522
40,3522
14,3524
33,3524
1,3529
2,3530
9,3531
1,3532
1,3533
2,3534
27,3535
51,3536
23,3537
60,3538
3,3539
2,3540
5,3541
4,3543
50,3543
27,3544
4,3545
22,3545
45,3545
14,3546
1,3547
3,3547
33,3547
2,3548
5,3549
14,3550
6,3551
1,3552
36,3553
1,3554
41,3556
2,3557
9,3557
56,3558
2,3559
9,3561
60,3563
44,3564
59,3564
47,3567
35,3570
49,3570
54,3570
28,3571
19,3578
24,3578
9,3579
16,3586
17,3586
3,3589
23,3589
28,3589
31,3589
5,3590
38,3590
4,3592
4,3593
21,3593
12,3594
20,3594
34,3597
3,3598
30,3598
5,3599
44,3600
52,3601
29,3603
1,3607
5,3607
50,3607
55,3607
1,3608
2,3609
2,3611
29,3612
1,3613
2,3614
13,3615
27,3616
59,3616
22,3617
36,3617
19,3618
51,3619
23,3620
12,3621
24,3621
31,3623
12,3625
3,3626
5,3627
40,3628
5,3629
19,3629
32,3629
57,3631
4,3633
26,3634
25,3635
19,3636
1,3640
55,3640
50,3641
1,3642
4,3642
7,3642
3,3643
2,3644
26,3645
40,3645
1,3647
2,3648
2,3649
12,3650
30,3650
45,3653
34,3655
52,3655
1,3656
17,3656
43,3656
54,3656
8,3657
53,3658
1,3659
38,3661
2,3662
52,3662
21,3663
1,3664
20,3664
60,3665
37,3665
28,3666
2,3667
2,3668
32,3670
17,3671
39,3677
28,3678
12,3682
7,3684
23,3685
1,3688
23,3688
2,3689
34,3689
20,3690
49,3690
60,3691
10,3691
1,3692
50,3692
2,3694
1,3696
38,3696
2,3697
22,3698
55,3698
6,3699
35,3699
37,3699
30,3700
1,3701
37,3701
7,3702
1,3704
52,3704
2,3705
1,3706
6,3706
2,3707
46,3707
42,3708
2,3709
12,3712
3,3713
5,3714
3,3716
4,3716
4,3717
3,3718
23,3719
28,3719
35,3719
5,3720
18,3721
13,3722
22,3725
16,3727
15,3730
60,3731
14,3734
23,3737
24,3739
42,3739
54,3739
29,3740
13,3743
22,3747
28,3749
3,3751
48,3752
4,3753
24,3753
3,3755
5,3757
37,3757
4,3758
60,3759
5,3760
30,3760
37,3760
11,3762
43,3762
49,3763
53,3764
13,3765
21,3767
19,3769
27,3772
47,3775
53,3775
6,3778
22,3779
16,3780
31,3782
31,3783
41,3783
47,3785
34,3788
27,3789
49,3791
44,3796
24,3797
50,3797
24,3801
51,3803
9,3806
36,3811
47,3811
9,3812
35,3817
3,3820
4,3821
54,3821
1,3822
3,3822
2,3823
4,3823
33,3823
5,3824
1,3828
5,3828
2,3829
51,3829
52,3831
1,3832
2,3833
46,3833
10,3835
32,3835
32,3836
44,3836
39,3837
29,3839
1,3840
1,3842
3,3842
24,3842
2,3843
4,3843
2,3844
11,3844
35,3844
1,3845
4,3845
2,3846
3,3846
5,3847
5,3848
47,3851
11,3855
22,3855
31,3856
56,3856
57,3856
38,3857
24,3858
1,3859
37,3860
2,3861
3,3861
1,3862
5,3862
30,3862
37,3862
4,3864
2,3865
5,3865
13,3865
4,3866
3,3867
1,3868
18,3868
56,3868
2,3869
12,3873
57,3876
24,3878
38,3878
24,3881
2,3894
21,3894
26,3898
3,3899
49,3900
4,3902
2,3903
5,3903
15,3903
5,3904
7,3905
34,3906
7,3907
7,3908
4,3910
39,3910
3,3911
7,3913
20,3913
1,3920
1,3922
44,3922
2,3924
1,3926
2,3927
9,3928
39,3930
2,3931
11,3931
44,3931
51,3932
15,3934
53,3934
3,3937
55,3938
5,3939
4,3940
14,3940
4,3941
5,3942
3,3943
37,3943
22,3944
1,3947
29,3947
37,3947
1,3949
21,3949
35,3949
2,3951
2,3952
60,3953
1,3953
37,3953
2,3955
39,3960
19,3962
24,3963
43,3963
55,3963
50,3965
59,3966
12,3967
16,3968
21,3968
48,3972
11,3973
15,3976
41,3976
21,3982
40,3982
54,3982
57,3987
17,3989
27,3990
55,3990
4,3993
42,3994
21,3995
29,3998
20,4002
3,4003
51,4003
5,4005
4,4006
53,4006
26,4008
4,4009
9,4009
3,4010
5,4011
41,4011
40,4015
58,4015
50,4016
49,4019
35,4020
9,4021
30,4023
33,4023
13,4024
54,4024
56,4024
3,4029
5,4030
36,4030
41,4030
47,4030
4,4032
15,4032
9,4033
14,4033
3,4034
5,4035
7,4038
4,4039
43,4040
52,4042
41,4044
53,4047
41,4052
11,4054
16,4054
25,4054
21,4055
42,4056
11,4058
9,4060
47,4060
1,4062
53,4062
45,4064
2,4065
1,4066
32,4067
2,4068
28,4068
1,4069
7,4069
30,4069
17,4070
2,4071
32,4072
43,4073
41,4074
51,4080
16,4081
35,4081
34,4082
48,4082
33,4083
57,4086
36,4087
28,4089
37,4089
59,4090
58,4091
50,4092
44,4099
53,4100
22,4101
13,4106
45,4106
35,4108
55,4108
25,4109
51,4109
32,4113
36,4115
34,4117
41,4117
9,4118
17,4120
13,4121
21,4121
39,4121
56,4122
20,4124
21,4124
20,4125
33,4125
37,4126
25,4130
32,4133
42,4134
11,4136
42,4138
45,4138
1,4139
32,4139
11,4140
2,4141
27,4141
38,4141
39,4143
7,4145
34,4147
54,4148
1,4149
2,4150
1,4151
2,4153
59,4153
52,4155
3,4156
45,4156
4,4157
9,4157
41,4157
3,4158
10,4158
46,4160
4,4161
8,4165
36,4165
5,4166
20,4166
5,4168
10,4169
1,4172
27,4173
10,4174
42,4174
3,4175
13,4175
42,4175
4,4178
29,4179
60,4180
31,4180
49,4180
7,4182
31,4182
46,4184
5,4186
3,4187
9,4188
4,4189
5,4190
30,4192
45,4193
59,4193
6,4194
37,4194
34,4196
54,4196
13,4197
16,4202
28,4202
42,4207
3,4211
7,4212
48,4213
27,4216
45,4216
38,4217
4,4218
3,4220
5,4225
57,4225
5,4227
4,4228
37,4229
4,4231
4,4234
36,4234
43,4235
46,4236
17,4237
8,4240
54,4242
9,4245
56,4245
36,4249
50,4253
45,4255
7,4256
3,4257
53,4257
4,4258
4,4261
39,4261
5,4262
3,4263
9,4263
5,4264
14,4265
44,4267
1,4268
1,4269
2,4272
2,4273
1,4274
28,4274
31,4274
2,4275
54,4275
28,4276
32,4277
36,4286
33,4287
49,4289
6,4291
22,4292
55,4292
58,4295
28,4303
59,4303
42,4305
29,4306
16,4307
16,4312
53,4315
22,4317
52,4318
38,4319
47,4320
57,4323
1,4324
46,4324
1,4326
2,4327
1,4328
2,4329
7,4329
27,4329
2,4330
16,4331
19,4331
3,4332
12,4332
49,4333
58,4335
22,4336
34,4337
5,4338
4,4339
56,4339
4,4340
5,4342
3,4343
7,4343
44,4343
57,4344
35,4348
51,4348
25,4349
46,4349
11,4350
22,4355
41,4355
3,4362
44,4362
4,4363
5,4365
5,4366
16,4367
3,4368
4,4369
5,4369
17,4370
46,4373
14,4374
3,4375
43,4375
5,4377
4,4378
3,4379
54,4379
5,4380
29,4380
37,4381
4,4382
55,4385
35,4390
21,4393
13,4396
14,4396
30,4396
32,4397
14,4398
55,4399
11,4400
57,4400
10,4401
1,4404
32,4404
2,4405
28,4405
28,4406
1,4409
38,4409
3,4410
2,4411
5,4411
1,4412
22,4412
58,4412
2,4413
4,4414
25,4414
3,4415
1,4416
1,4418
2,4419
4,4419
50,4419
1,4420
2,4421
5,4421
2,4425
37,4425
26,4427
33,4428
1,4433
2,4434
1,4436
17,4436
1,4437
19,4437
2,4440
23,4440
57,4441
2,4444
11,4444
26,4444
31,4444
37,4446
38,4446
32,4454
22,4455
6,4461
57,4461
42,4462
35,4465
9,4466
14,4466
49,4467
34,4468
59,4468
35,4472
3,4473
35,4473
5,4474
34,4476
4,4480
51,4480
12,4481
47,4481
4,4482
9,4482
12,4482
29,4483
16,4484
47,4484
3,4486
5,4487
28,4487
18,4489
6,4490
13,4490
32,4491
46,4492
17,4493
20,4493
29,4494
1,4496
1,4498
3,4498
26,4498
2,4499
4,4499
2,4500
5,4501
14,4501
4,4502
1,4503
3,4503
5,4504
34,4504
2,4506
46,4506
50,4506
30,4507
37,4509
28,4510
49,4510
16,4511
27,4511
52,4511
1,4515
2,4516
1,4518
25,4519
1,4523
15,4525
40,4525
2,4526
23,4527
2,4528
54,4528
13,4529
29,4530
27,4534
13,4537
29,4537
36,4537
1,4538
38,4541
1,4542
14,4542
24,4542
8,4543
21,4543
2,4544
57,4544
6,4545
1,4546
14,4546
32,4546
3,4547
5,4548
2,4549
5,4549
4,4550
2,4551
4,4551
9,4551
51,4551
3,4552
40,4553
43,4554
53,4554
32,4556
21,4557
24,4557
1,4558
42,4558
21,4559
16,4560
44,4563
51,4563
26,4566
55,4566
6,4568
52,4569
1,4570
1,4572
34,4572
47,4573
27,4574
42,4574
16,4575
2,4578
1,4579
25,4582
3,4583
2,4584
2,4585
49,4585
33,4586
51,4586
5,4589
5,4591
8,4591
32,4591
4,4592
24,4592
3,4593
20,4594
4,4596
34,4600
6,4603
41,4603
56,4607
23,4609
3,4612
4,4613
4,4615
3,4616
46,4616
5,4617
20,4617
5,4618
9,4618
11,4618
17,4618
31,4627
45,4628
10,4631
3,4634
9,4634
4,4635
23,4635
5,4637
8,4637
47,4637
34,4639
17,4641
60,4642
3,4642
4,4643
13,4643
5,4644
8,4644
17,4645
14,4646
33,4646
3,4648
28,4648
5,4650
8,4650
44,4650
47,4650
4,4651
24,4651
3,4652
4,4653
55,4654
6,4655
50,4657
5,4658
39,4658
52,4665
29,4666
59,4666
33,4667
17,4669
21,4674
1,4675
48,4675
1,4676
2,4678
21,4678
26,4678
31,4678
3,4679
25,4679
1,4680
14,4680
54,4680
45,4681
2,4682
2,4683
21,4683
53,4684
12,4689
3,4694
25,4694
4,4695
59,4695
5,4696
44,4696
5,4697
12,4697
17,4697
49,4697
4,4698
3,4699
8,4701
35,4701
10,4705
6,4707
26,4707
31,4707
58,4707
41,4708
47,4718
1,4719
31,4719
2,4720
46,4721
1,4722
45,4722
49,4722
1,4723
43,4723
2,4724
2,4725
32,4725
1,4726
27,4726
37,4726
52,4726
2,4727
6,4727
17,4727
1,4728
3,4730
39,4730
1,4731
5,4731
5,4735
40,4735
2,4736
4,4736
2,4737
3,4737
4,4739
8,4745
53,4745
54,4745
34,4747
50,4747
29,4748
28,4749
42,4749
1,4752
11,4752
20,4752
55,4752
52,4753
40,4754
9,4756
50,4757
24,4758
49,4758
8,4759
23,4759
2,4760
3,4761
19,4761
20,4761
4,4762
1,4763
50,4763
5,4764
8,4764
42,4765
2,4766
1,4767
4,4768
9,4768
2,4769
16,4769
28,4770
5,4774
36,4774
3,4775
27,4783
15,4789
46,4789
9,4791
52,4795
51,4796
26,4802
18,4803
60,4804
7,4804
36,4805
1,4806
7,4807
1,4809
2,4810
3,4810
33,4811
50,4811
24,4812
4,4814
35,4814
1,4815
5,4815
19,4816
2,4818
5,4818
26,4818
52,4818
2,4820
36,4821
4,4822
7,4823
23,4825
3,4826
21,4826
26,4826
60,4833
55,4833
58,4834
30,4836
16,4837
1,4838
1,4841
22,4841
2,4844
1,4845
32,4847
39,4847
14,4848
16,4848
2,4850
2,4851
53,4851
45,4853
54,4856
21,4857
57,4858
38,4859
1,4860
1,4862
31,4862
50,4862
16,4864
2,4865
56,4865
2,4867
1,4868
3,4870
48,4870
5,4871
4,4872
5,4873
10,4873
2,4874
4,4875
56,4875
3,4878
39,4878
53,4878
25,4880
17,4881
24,4881
17,4882
3,4891
4,4892
4,4893
5,4894
22,4896
19,4898
59,4898
3,4899
37,4899
5,4900
26,4901
57,4904
58,4904
24,4906
26,4908
8,4909
22,4910
42,4911
38,4917
44,4919
49,4921
7,4922
5,4927
25,4930
12,4932
26,4932
1,4933
37,4934
1,4935
11,4935
2,4936
2,4939
9,4939
12,4940
60,4941
55,4941
1,4942
41,4942
2,4943
17,4944
59,4944
42,4948
50,4948
48,4950
3,4951
39,4951
52,4952
5,4953
11,4953
4,4955
36,4957
5,4958
3,4959
29,4960
41,4960
52,4960
4,4961
10,4961
35,4961
52,4961
6,4964
47,4965
54,4973
55,4974
29,4975
25,4977
47,4981
14,4982
37,4984
59,4984
21,4987
55,4991
56,4991
41,4992
27,4993
23,4996
29,4996
42,4997
28,5000
31,5000
38,5000
48,5003
3,5004
30,5004
39,5004
5,5005
41,5005
4,5006
15,5006
3,5008
5,5010
53,5010
4,5011
21,5011
49,5011
8,5019
39,5019
39,5020
32,5022
32,5023
22,5024
24,5025
45,5029
3,5030
5,5031
4,5032
4,5034
5,5035
22,5035
3,5036
43,5038
50,5039
6,5045
6,5049
20,5049
13,5053
8,5054
24,5056
27,5056
38,5061
41,5062
52,5062
55,5062
46,5063
57,5065
46,5066
3,5067
8,5067
15,5070
5,5073
4,5074
56,5074
4,5075
55,5075
30,5076
3,5078
5,5079
20,5079
3,5080
4,5081
42,5082
48,5082
9,5083
44,5083
5,5085
4,5086
29,5086
3,5087
33,5087
5,5088
40,5091
14,5092
34,5092
18,5094
10,5097
29,5098
11,5105
56,5105
52,5107
45,5108
59,5111
38,5113
3,5114
17,5115
5,5116
7,5116
19,5116
4,5117
17,5117
4,5118
5,5119
20,5121
34,5121
51,5121
47,5122
55,5122
6,5124
3,5126
33,5126
13,5127
7,5131
23,5132
30,5132
1,5136
21,5137
1,5142
6,5143
14,5144
26,5146
2,5149
1,5150
30,5150
2,5151
3,5151
5,5152
2,5155
4,5157
3,5158
44,5159
5,5160
40,5161
47,5161
5,5164
4,5165
27,5165
14,5168
36,5169
14,5170
47,5171
60,5172
46,5172
17,5173
23,5173
10,5174
25,5179
30,5180
1,5183
16,5183
27,5183
29,5183
52,5183
2,5184
38,5184
1,5185
52,5185
2,5188
1,5190
49,5191
2,5192
39,5194
45,5197
29,5199
1,5202
1,5206
19,5206
60,5208
2,5208
2,5209
1,5210
54,5210
58,5210
2,5212
8,5212
21,5213
22,5214
45,5215
11,5216
37,5218
46,5219
40,5220
16,5223
58,5224
57,5225
25,5226
38,5227
7,5228
16,5229
54,5231
47,5232
14,5235
46,5236
55,5236
1,5237
38,5237
3,5238
1,5239
2,5243
40,5243
1,5245
2,5247
17,5247
23,5247
2,5248
41,5248
7,5249
41,5249
24,5252
17,5256
51,5256
3,5257
13,5257
56,5257
10,5258
25,5259
26,5259
5,5262
6,5262
47,5263
53,5263
19,5264
7,5265
30,5265
4,5266
47,5266
5,5267
20,5267
52,5269
40,5271
4,5272
3,5273
25,5274
47,5275
37,5277
57,5277
21,5280
9,5282
10,5287
43,5289
1,5292
1,5293
2,5296
3,5296
49,5296
7,5299
60,5300
4,5300
26,5300
2,5302
5,5302
1,5303
3,5303
18,5304
2,5306
4,5307
5,5308
30,5310
3,5312
4,5314
5,5314
40,5315
60,5316
4,5316
54,5316
3,5317
4,5319
59,5319
5,5320
21,5323
32,5324
58,5324
60,5325
34,5331
43,5331
28,5333
34,5335
16,5338
28,5339
1,5343
39,5344
1,5345
22,5345
54,5345
2,5346
21,5346
45,5346
8,5347
35,5348
2,5349
25,5349
41,5349
44,5349
1,5351
2,5353
3,5353
11,5354
18,5354
29,5354
3,5355
19,5355
4,5356
28,5357
4,5358
30,5359
52,5359
53,5361
3,5363
18,5363
45,5363
50,5363
53,5363
5,5364
32,5365
19,5367
49,5367
56,5367
5,5368
46,5369
17,5370
29,5370
59,5370
3,5371
27,5371
29,5371
1,5372
5,5372
7,5372
2,5373
4,5373
1,5374
10,5374
2,5375
1,5376
2,5377
46,5377
26,5380
36,5380
47,5382
59,5384
8,5385
4,5386
3,5387
13,5387
52,5387
35,5388
5,5389
55,5390
6,5392
15,5393
33,5394
27,5397
32,5398
53,5400
10,5402
3,5403
4,5404
56,5404
27,5406
39,5406
3,5408
4,5409
5,5411
22,5411
25,5412
58,5412
59,5413
12,5414
5,5415
31,5420
45,5421
59,5423
6,5424
10,5424
23,5425
51,5425
34,5426
13,5428
15,5428
15,5429
20,5429
43,5430
54,5430
40,5431
25,5432
32,5433
59,5439
44,5445
52,5445
15,5446
31,5446
46,5453
6,5455
19,5455
59,5455
23,5460
55,5462
3,5464
16,5464
5,5465
35,5465
47,5465
5,5466
50,5466
26,5468
30,5468
4,5471
3,5472
4,5473
44,5475
32,5480
36,5480
56,5481
26,5482
47,5483
27,5484
33,5484
53,5484
15,5485
38,5485
14,5486
41,5488
40,5489
39,5490
6,5493
50,5496
57,5498
35,5501
38,5502
32,5513
20,5514
6,5516
31,5517
39,5517
26,5520
31,5520
33,5521
3,5523
42,5523
4,5524
1,5525
3,5525
1,5526
5,5526
23,5526
2,5528
5,5528
4,5529
56,5530
2,5531
51,5531
16,5532
23,5532
28,5532
13,5533
1,5534
38,5534
2,5535
12,5535
26,5538
46,5538
58,5538
35,5543
37,5543
23,5546
41,5547
54,5550
24,5551
1,5552
53,5553
21,5554
30,5554
21,5558
36,5558
13,5559
38,5561
3,5563
23,5563
53,5563
4,5564
3,5565
33,5566
1,5568
1,5569
42,5569
2,5570
2,5571
5,5571
1,5572
5,5572
40,5572
4,5574
2,5575
23,5577
1,5579
1,5580
2,5581
29,5582
47,5582
1,5583
2,5585
3,5585
26,5585
4,5587
59,5587
4,5588
8,5588
38,5588
2,5589
3,5589
24,5589
1,5590
5,5590
1,5591
5,5591
28,5592
2,5594
34,5594
42,5594
1,5595
13,5595
23,5595
28,5595
2,5596
57,5596
2,5599
40,5600
36,5605
50,5605
32,5606
17,5607
37,5608
30,5612
26,5616
8,5617
47,5619
1,5621
1,5622
2,5623
42,5623
1,5625
35,5626
2,5627
3,5627
32,5628
2,5629
4,5629
47,5630
1,5632
5,5633
59,5633
4,5634
21,5634
3,5635
5,5637
17,5637
60,5639
21,5639
30,5641
33,5641
8,5645
6,5647
36,5647
11,5649
25,5653
57,5654
25,5655
34,5655
16,5656
6,5658
2,5659
1,5660
44,5660
53,5660
2,5661
1,5664
2,5665
59,5666
1,5667
2,5668
28,5670
20,5672
45,5672
7,5675
53,5679
48,5681
3,5682
16,5682
25,5684
43,5684
19,5685
4,5686
1,5687
4,5687
1,5688
3,5688
30,5688
53,5688
2,5689
1,5690
5,5690
2,5691
38,5693
2,5694
37,5694
5,5696
26,5697
35,5698
14,5701
56,5701
33,5703
39,5705
7,5706
26,5707
57,5707
13,5708
50,5714
22,5717
22,5718
41,5718
53,5718
38,5719
46,5722
28,5724
42,5728
50,5728
29,5729
55,5732
23,5739
43,5739
32,5740
39,5740
16,5742
47,5742
1,5744
35,5744
55,5744
32,5746
2,5747
1,5748
10,5748
44,5750
1,5754
42,5754
11,5755
42,5755
2,5756
7,5757
45,5757
2,5758
1,5759
1,5760
36,5760
60,5761
3,5761
2,5762
5,5762
60,5763
1,5764
44,5764
5,5765
30,5766
2,5768
11,5768
4,5769
4,5771
47,5771
51,5773
58,5773
3,5774
2,5775
14,5776
7,5777
37,5778
50,5778
17,5781
13,5783
59,5786
1,5788
18,5789
45,5789
47,5789
2,5790
32,5790
55,5792
1,5793
1,5796
2,5797
46,5797
2,5798
34,5801
1,5805
31,5805
2,5806
1,5808
1,5811
2,5812
3,5812
23,5812
45,5812
5,5813
55,5813
59,5814
5,5815
41,5815
46,5817
4,5818
2,5819
4,5819
10,5820
26,5820
44,5820
3,5821
14,5826
8,5827
11,5827
50,5827
6,5828
23,5832
53,5832
22,5835
46,5838
28,5840
59,5841
43,5842
46,5842
37,5843
14,5845
32,5846
38,5849
44,5850
43,5851
45,5852
20,5855
1,5856
3,5856
16,5856
45,5856
53,5856
1,5857
2,5858
31,5858
48,5859
24,5860
4,5861
1,5862
5,5862
33,5862
2,5863
4,5863
23,5863
5,5864
44,5864
2,5865
3,5866
22,5868
47,5869
19,5873
28,5873
57,5873
26,5874
9,5879
23,5881
28,5882
11,5885
55,5885
33,5886
35,5886
18,5887
20,5888
35,5890
3,5897
24,5897
4,5898
27,5898
3,5899
15,5899
40,5899
49,5899
53,5901
4,5902
53,5903
17,5904
5,5905
5,5906
54,5906
18,5907
14,5908
36,5909
24,5911
44,5911
58,5912
41,5913
1,5914
43,5915
2,5916
1,5917
3,5918
2,5919
43,5919
55,5919
5,5920
1,5923
4,5923
46,5923
3,5924
26,5924
2,5925
6,5926
16,5926
35,5926
4,5927
57,5927
1,5929
5,5929
43,5929
2,5930
48,5930
50,5930
1,5931
1,5932
2,5933
2,5935
21,5935
12,5937
34,5937
6,5938
39,5941
59,5941
25,5943
58,5944
15,5947
1,5948
2,5949
59,5949
1,5950
2,5952
1,5953
12,5953
28,5953
18,5954
57,5954
2,5955
45,5955
46,5957
33,5958
1,5961
23,5961
1,5963
21,5963
2,5964
2,5965
41,5965
48,5966
1,5969
11,5969
37,5971
40,5971
2,5973
32,5973
5,5974
1,5975
2,5976
18,5976
1,5977
2,5978
7,5978
20,5978
1,5979
18,5981
50,5981
51,5981
2,5982
22,5985
60,5987
3,5988
32,5989
4,5990
25,5990
3,5992
5,5993
24,5993
5,5995
13,5995
52,5995
4,5996
3,5998
47,5999
4,6000
5,6002
5,6004
4,6005
20,6006
3,6007
8,6008
57,6008
14,6009
19,6009
55,6010
34,6013
47,6019
60,6024
25,6024
10,6026
60,6029
1,6029
48,6029
1,6031
2,6032
3,6033
1,6034
5,6034
9,6034
46,6034
2,6036
5,6036
33,6036
52,6036
4,6037
4,6038
54,6038
39,6039
3,6040
2,6041
18,6041
42,6045
42,6046
3,6048
4,6049
26,6049
1,6050
4,6050
1,6051
2,6052
5,6052
26,6052
3,6053
1,6054
5,6054
30,6057
2,6058
2,6059
27,6062
34,6062
3,6064
4,6065
28,6066
5,6068
5,6070
4,6071
46,6071
19,6072
3,6073
44,6075
18,6081
34,6082
3,6083
56,6083
4,6084
5,6087
3,6088
24,6088
26,6088
33,6089
1,6090
5,6090
1,6092
46,6092
2,6093
4,6094
2,6097
16,6097
41,6097
1,6099
36,6099
42,6099
2,6100
11,6100
35,6100
11,6102
42,6102
37,6106
36,6107
13,6117
37,6118
11,6120
16,6122
20,6123
34,6124
7,6134
25,6134
40,6136
41,6137
30,6139
42,6139
45,6139
41,6140
36,6141
25,6144
33,6149
44,6150
50,6152
29,6153
21,6156
35,6160
51,6161
33,6165
9,6167
14,6168
9,6171
7,6172
49,6173
34,6174
1,6177
3,6177
24,6177
50,6177
1,6178
5,6178
37,6178
49,6178
58,6178
4,6179
5,6180
2,6183
4,6183
5,6183
3,6184
2,6185
1,6186
18,6186
9,6187
44,6187
2,6188
16,6189
7,6190
24,6190
7,6191
49,6194
53,6194
23,6199
39,6199
46,6199
1,6205
7,6205
1,6206
55,6206
27,6208
2,6209
1,6210
2,6213
2,6214
41,6214
27,6216
33,6216
6,6225
41,6227
34,6231
13,6234
34,6234
43,6237
24,6240
46,6244
54,6245
59,6245
24,6248
54,6249
45,6251
46,6253
36,6254
1,6256
2,6257
43,6257
3,6258
34,6258
1,6261
2,6262
4,6262
20,6262
1,6263
5,6263
8,6264
10,6264
5,6265
2,6266
1,6267
4,6267
35,6267
1,6268
3,6268
52,6268
2,6269
39,6269
12,6270
2,6271
58,6271
1,6272
2,6273
35,6276
38,6277
50,6279
18,6280
11,6281
29,6281
9,6284
55,6284
3,6287
4,6288
7,6288
44,6288
52,6290
5,6291
4,6292
40,6292
3,6293
20,6293
5,6295
22,6295
56,6303
3,6304
9,6305
41,6305
11,6308
53,6308
4,6309
1,6310
1,6311
3,6311
2,6312
1,6313
11,6313
34,6313
4,6314
2,6316
5,6316
2,6317
5,6317
15,6318
25,6320
40,6320
19,6322
47,6322
59,6323
38,6324
41,6324
44,6325
16,6326
48,6327
43,6328
3,6329
4,6330
5,6331
50,6331
3,6332
1,6333
5,6333
4,6334
15,6334
33,6335
2,6336
47,6336
1,6337
1,6338
42,6339
40,6341
2,6342
47,6342
2,6344
43,6345
3,6351
4,6352
4,6353
24,6354
5,6355
18,6355
3,6356
13,6356
34,6356
5,6357
18,6359
24,6359
1,6360
45,6360
26,6362
43,6364
2,6365
54,6365
6,6368
12,6369
20,6369
54,6370
33,6372
22,6375
15,6376
19,6376
7,6383
54,6387
56,6387
37,6388
23,6390
1,6393
1,6394
2,6395
2,6396
1,6397
2,6398
30,6398
31,6401
60,6403
57,6405
52,6413
41,6415
43,6415
17,6419
23,6419
35,6421
41,6428
35,6432
33,6433
10,6435
52,6436
17,6441
50,6442
13,6444
49,6444
19,6445
40,6446
1,6447
47,6447
1,6448
35,6448
39,6448
12,6449
43,6449
2,6451
31,6451
1,6452
2,6453
6,6453
2,6454
20,6454
48,6456
18,6457
55,6459
35,6462
54,6462
39,6463
59,6463
3,6464
25,6464
5,6465
4,6466
44,6467
4,6468
10,6469
41,6470
18,6471
30,6471
40,6471
3,6472
5,6473
35,6474
1,6475
57,6475
2,6476
15,6476
16,6476
17,6476
29,6476
46,6476
53,6477
1,6478
26,6479
2,6482
34,6482
1,6484
27,6484
2,6485
10,6485
31,6487
49,6487
24,6490
22,6491
3,6493
29,6493
4,6494
3,6496
4,6498
45,6498
6,6500
21,6500
5,6502
11,6502
12,6503
58,6503
25,6504
30,6504
43,6504
5,6505
50,6507
29,6512
6,6514
28,6514
13,6515
36,6515
57,6515
53,6517
9,6518
24,6519
54,6519
18,6521
13,6522
44,6522
17,6523
51,6523
3,6524
4,6526
39,6526
41,6526
5,6528
4,6529
3,6530
5,6531
14,6532
1,6533
31,6533
17,6534
21,6534
2,6535
1,6536
26,6536
40,6536
57,6536
1,6538
23,6538
2,6539
2,6540
36,6541
39,6541
55,6543
11,6544
58,6545
38,6546
49,6547
5,6549
60,6550
19,6551
30,6551
59,6551
54,6552
49,6553
50,6555
24,6556
25,6557
41,6557
6,6558
11,6562
29,6562
3,6564
23,6564
36,6564
7,6566
40,6566
5,6567
39,6567
39,6568
54,6569
4,6570
6,6570
5,6571
59,6571
12,6572
1,6573
3,6573
4,6574
9,6576
1,6577
3,6577
2,6579
5,6580
1,6581
31,6582
2,6583
4,6583
11,6583
15,6583
2,6584
4,6584
3,6586
53,6589
5,6590
10,6595
60,6598
48,6599
56,6599
9,6602
20,6602
21,6602
43,6602
1,6604
7,6604
1,6605
30,6605
53,6605
28,6606
2,6607
47,6607
7,6608
2,6610
1,6611
25,6613
59,6613
6,6614
6,6615
23,6615
31,6615
56,6615
42,6616
2,6617
37,6617
39,6618
53,6618
1,6619
1,6620
2,6622
2,6623
1,6624
16,6624
2,6626
43,6628
52,6628
36,6636
23,6639
24,6639
3,6640
21,6640
5,6641
13,6642
4,6643
14,6643
4,6645
1,6646
1,6647
2,6648
3,6648
5,6649
40,6649
1,6650
15,6651
37,6652
60,6653
2,6654
48,6654
56,6655
2,6657
9,6659
3,6660
4,6661
8,6662
35,6663
5,6665
3,6666
32,6666
4,6667
5,6668
18,6669
29,6669
19,6671
36,6672
30,6675
60,6676
43,6676
26,6681
40,6683
33,6684
39,6685
6,6686
12,6688
1,6689
1,6690
22,6690
2,6692
29,6692
2,6693
22,6694
47,6694
1,6695
3,6697
37,6697
2,6698
5,6698
6,6698
43,6703
5,6704
4,6705
54,6705
3,6706
37,6707
4,6708
50,6709
20,6711
55,6713
50,6714
15,6717
55,6717
31,6721
38,6721
47,6722
22,6723
28,6723
8,6725
34,6726
11,6727
38,6727
11,6728
32,6728
9,6729
24,6732
39,6732
8,6733
45,6733
38,6734
3,6736
27,6736
4,6738
1,6739
57,6739
4,6741
2,6743
5,6743
1,6745
52,6745
1,6746
55,6746
2,6747
5,6747
36,6747
3,6748
2,6749
48,6750
17,6751
23,6751
27,6751
57,6753
17,6754
21,6757
30,6757
14,6760
1,6762
1,6763
2,6764
24,6764
31,6764
1,6766
2,6767
26,6769
3,6770
15,6770
54,6771
4,6772
5,6773
36,6773
54,6773
3,6775
28,6775
2,6778
5,6778
55,6778
56,6778
23,6779
37,6779
4,6780
57,6780
1,6781
2,6782
45,6782
1,6783
35,6783
1,6784
27,6784
2,6785
2,6786
19,6787
44,6787
49,6790
59,6790
18,6792
19,6795
40,6795
3,6796
53,6796
44,6797
4,6798
22,6798
5,6799
43,6799
44,6799
24,6801
7,6802
8,6803
5,6805
23,6806
39,6806
44,6806
4,6808
26,6808
3,6809
25,6811
21,6817
36,6820
39,6820
5,6822
16,6824
31,6824
59,6824
29,6831
21,6832
55,6833
13,6834
55,6834
8,6837
60,6840
3,6841
28,6841
37,6841
31,6842
47,6844
4,6846
15,6847
54,6848
21,6849
22,6849
3,6850
5,6853
43,6853
22,6855
58,6855
5,6857
33,6857
44,6858
4,6860
36,6860
1,6862
10,6862
1,6863
28,6863
15,6864
2,6865
23,6865
43,6867
52,6867
38,6869
1,6871
2,6873
12,6873
20,6873
2,6875
2,6878
58,6879
30,6881
9,6882
55,6883
10,6886
21,6886
34,6886
19,6891
22,6891
4,6892
50,6894
1,6897
15,6897
1,6898
2,6901
60,6904
55,6904
1,6905
2,6905
7,6905
33,6906
34,6907
2,6908
45,6908
2,6910
48,6912
11,6920
26,6925
60,6930
18,6932
38,6933
13,6935
21,6939
37,6940
22,6942
45,6942
18,6952
20,6953
35,6954
42,6956
54,6956
29,6957
54,6958
43,6959
57,6959
6,6961
45,6961
28,6962
1,6964
29,6964
44,6964
52,6965
2,6966
14,6967
1,6968
2,6969
41,6969
1,6971
15,6971
31,6972
2,6973
9,6973
48,6973
31,6977
35,6978
32,6979
58,6980
39,6981
35,6983
48,6983
27,6986
19,6987
3,6988
4,6989
57,6989
4,6990
26,6990
5,6991
5,6992
3,6993
14,6994
49,6995
33,6996
55,6998
12,7001
38,7002
48,7002
59,7003
57,7012
26,7014
3,7015
4,7017
1,7019
17,7020
36,7021
42,7022
5,7023
4,7024
5,7026
3,7027
3,7028
17,7028
26,7029
14,7030
58,7030
26,7031
5,7032
4,7033
19,7033
18,7034
19,7036
29,7036
59,7036
4,7038
5,7040
3,7041
48,7041
7,7042
29,7043
14,7044
9,7046
32,7047
35,7048
38,7050
45,7050
17,7053
25,7053
13,7054
17,7059
38,7061
3,7065
1,7066
5,7066
24,7066
10,7067
4,7068
3,7069
35,7069
1,7070
1,7072
6,7072
4,7073
48,7073
2,7075
5,7075
39,7075
45,7076
35,7077
2,7078
6,7079
7,7079
1,7081
2,7083
41,7083
49,7084
54,7085
31,7086
55,7086
3,7087
20,7087
5,7089
59,7089
5,7090
4,7093
25,7093
3,7094
50,7094
54,7094
4,7095
17,7095
49,7095
55,7097
29,7100
25,7103
29,7111
8,7116
12,7116
39,7117
52,7117
39,7118
45,7118
44,7125
22,7128
56,7130
12,7131
60,7132
9,7134
55,7134
29,7135
56,7136
48,7137
24,7140
1,7142
31,7142
34,7142
1,7143
2,7146
30,7146
1,7148
8,7148
60,7150
2,7153
37,7153
2,7154
37,7155
45,7155
45,7160
8,7162
19,7163
24,7163
59,7164
1,7166
1,7167
30,7167
2,7168
1,7171
20,7172
57,7172
2,7173
2,7174
51,7176
20,7177
25,7177
3,7178
57,7178
5,7180
59,7180
57,7182
1,7183
14,7183
19,7183
40,7183
18,7184
2,7186
33,7186
37,7186
1,7187
5,7188
1,7189
4,7189
2,7190
21,7190
57,7190
34,7191
2,7192
3,7192
21,7192
1,7193
4,7193
2,7194
16,7194
1,7195
2,7196
3,7196
1,7197
4,7197
44,7197
5,7198
45,7199
2,7200
4,7201
19,7201
22,7202
47,7202
14,7203
3,7205
5,7208
34,7210
29,7214
30,7219
3,7220
22,7220
21,7221
25,7221
5,7228
24,7229
18,7230
10,7234
4,7235
5,7236
26,7237
26,7238
3,7239
6,7240
49,7242
4,7243
12,7243
12,7245
27,7245
41,7245
51,7246
36,7247
39,7248
21,7250
18,7252
47,7254
52,7257
3,7260
17,7261
28,7264
37,7270
42,7271
3,7272
46,7272
60,7273
5,7274
27,7275
5,7276
9,7276
4,7277
15,7277
4,7278
24,7278
45,7279
3,7280
36,7280
59,7281
46,7282
10,7283
32,7287
50,7288
3,7293
4,7294
10,7295
5,7296
41,7296
4,7297
40,7297
59,7297
12,7299
40,7300
39,7301
3,7302
21,7302
5,7304
13,7305
22,7311
21,7313
36,7313
32,7316
34,7316
41,7317
3,7319
4,7320
49,7320
5,7321
48,7321
3,7324
5,7326
4,7329
31,7330
53,7332
1,7335
24,7335
35,7335
50,7335
1,7336
42,7336
2,7337
7,7337
2,7339
41,7339
32,7340
46,7340
11,7341
42,7341
47,7341
1,7342
2,7343
7,7344
22,7344
30,7346
9,7347
26,7347
22,7348
24,7351
37,7353
11,7356
47,7358
33,7360
43,7360
42,7367
31,7371
58,7376
55,7378
18,7379
39,7380
21,7383
27,7384
53,7384
31,7385
31,7386
52,7387
53,7387
16,7388
36,7389
14,7395
27,7395
60,7396
36,7398
32,7399
3,7401
22,7401
53,7401
47,7402
48,7402
31,7407
53,7407
13,7412
19,7416
32,7416
14,7417
51,7417
3,7421
38,7421
11,7424
19,7424
26,7424
27,7426
60,7427
48,7427
60,7428
16,7433
54,7433
47,7434
49,7434
50,7434
46,7435
13,7440
21,7441
26,7441
16,7442
48,7442
6,7443
20,7444
59,7445
48,7448
58,7450
11,7452
18,7453
1,7455
47,7455
48,7455
8,7456
5,7458
10,7459
43,7459
1,7463
20,7464
25,7464
39,7464
20,7465
27,7465
29,7466
32,7466
35,7466
54,7466
2,7467
14,7469
53,7469
1,7471
1,7473
2,7473
24,7473
54,7473
1,7475
2,7476
21,7478
30,7480
56,7489
52,7490
33,7491
44,7491
43,7492
26,7496
56,7496
37,7497
44,7497
53,7501
25,7502
35,7502
47,7502
33,7503
28,7507
3,7510
22,7510
32,7510
57,7510
5,7512
24,7513
4,7514
5,7515
38,7515
25,7516
3,7517
23,7517
33,7517
41,7517
4,7518
53,7520
32,7521
4,7524
44,7526
50,7528
3,7531
5,7533
17,7533
11,7534
4,7535
5,7536
47,7536
55,7538
3,7539
4,7541
11,7542
57,7544
46,7545
41,7546
18,7548
20,7548
32,7549
12,7550
29,7558
60,7559
6,7564
25,7564
43,7564
56,7569
3,7570
35,7570
49,7570
4,7571
4,7572
50,7572
5,7573
8,7573
5,7574
26,7574
56,7575
35,7576
3,7577
28,7578
34,7578
41,7580
17,7584
6,7585
1,7586
28,7586
34,7586
1,7587
25,7588
56,7588
16,7592
54,7592
2,7594
2,7595
30,7595
41,7595
1,7596
9,7596
2,7597
54,7597
37,7604
11,7605
28,7608
50,7609
39,7610
7,7611
40,7614
27,7615
30,7616
35,7616
46,7616
3,7618
4,7619
49,7619
4,7620
5,7621
5,7622
3,7623
6,7625
27,7625
46,7630
57,7631
55,7632
46,7634
47,7635
16,7640
12,7646
25,7646
41,7646
46,7647
40,7649
46,7653
24,7655
33,7656
47,7661
34,7664
27,7666
32,7667
59,7667
50,7668
8,7669
3,7670
25,7670
4,7671
28,7671
5,7673
14,7673
4,7674
35,7674
41,7675
5,7680
3,7681
16,7681
18,7681
28,7689
8,7690
1,7693
54,7693
18,7695
23,7696
30,7697
2,7699
22,7699
1,7700
12,7701
1,7702
2,7704
3,7704
16,7705
32,7706
49,7706
21,7707
5,7708
4,7709
3,7710
36,7710
2,7711
20,7711
5,7715
16,7715
4,7716
44,7716
20,7717
60,7718
32,7718
43,7718
58,7718
25,7721
50,7723
27,7724
43,7724
55,7724
21,7726
44,7726
54,7728
42,7729
35,7730
56,7734
57,7735
7,7739
38,7739
23,7740
18,7741
27,7743
38,7744
44,7744
20,7745
31,7746
55,7746
56,7746
41,7747
42,7748
60,7749
40,7749
30,7750
44,7751
19,7752
20,7754
53,7755
8,7759
30,7762
33,7762
52,7762
35,7767
39,7767
47,7768
28,7769
50,7769
29,7770
20,7772
19,7774
29,7774
1,7776
1,7777
6,7777
2,7779
43,7780
2,7781
1,7782
60,7783
2,7783
60,7784
1,7784
11,7784
3,7785
36,7785
51,7788
55,7788
6,7791
23,7791
31,7792
44,7792
52,7792
59,7792
32,7796
59,7796
32,7799
28,7800
1,7804
19,7804
2,7805
1,7806
18,7806
43,7808
2,7810
7,7810
50,7812
18,7815
1,7817
2,7818
23,7825
11,7827
42,7829
24,7830
46,7831
60,7833
11,7834
29,7837
17,7839
43,7839
10,7842
38,7846
52,7847
45,7848
38,7849
39,7849
1,7852
16,7852
49,7852
2,7856
48,7856
1,7857
16,7857
2,7858
1,7859
2,7860
60,7861
47,7861
53,7864
55,7867
49,7869
57,7875
31,7877
39,7878
32,7879
41,7879
59,7880
15,7883
55,7884
56,7884
8,7886
49,7886
58,7886
14,7887
17,7887
36,7887
3,7889
26,7889
1,7890
35,7890
59,7890
1,7891
50,7891
51,7891
2,7892
4,7892
5,7893
3,7894
53,7894
2,7895
4,7897
5,7898
12,7898
1,7899
2,7900
1,7904
50,7904
2,7905
9,7905
1,7907
57,7907
1,7909
51,7909
26,7912
2,7913
37,7913
2,7915
51,7915
29,7918
26,7924
60,7926
3,7927
5,7928
10,7928
44,7928
4,7932
26,7932
56,7932
40,7934
43,7934
4,7935
5,7935
28,7935
3,7936
35,7937
5,7939
41,7939
1,7941
3,7941
34,7941
4,7942
4,7943
42,7943
5,7944
3,7945
2,7946
13,7947
35,7947
36,7947
55,7948
1,7950
5,7950
33,7952
13,7954
2,7955
17,7955
1,7957
9,7958
47,7959
22,7962
35,7962
2,7963
1,7964
49,7964
1,7965
41,7965
2,7967
14,7967
2,7968
1,7969
2,7970
59,7971
21,7973
27,7974
40,7975
16,7976
18,7977
3,7978
40,7979
5,7980
5,7981
4,7982
11,7983
3,7985
54,7985
4,7986
44,7986
18,7988
53,7993
1,7995
12,7995
2,7996
32,7996
56,7997
49,7998
54,7999
56,7999
26,8000
49,8000
1,8001
19,8001
2,8003
52,8004
3,8005
1,8006
5,8006
11,8007
4,8008
2,8009
17,8010
3,8011
4,8012
25,8012
16,8013
5,8014
29,8016
24,8017
28,8018
18,8019
44,8020
8,8024
52,8025
15,8028
60,8029
43,8031
55,8032
35,8033
30,8035
57,8035
1,8037
2,8040
1,8041
17,8041
1,8043
2,8044
2,8047
49,8047
44,8051
3,8052
4,8053
1,8054
5,8054
3,8055
5,8056
42,8057
1,8058
4,8058
27,8058
2,8060
1,8061
7,8061
37,8061
2,8063
22,8063
2,8064
50,8064
34,8067
49,8076
46,8077
22,8078
21,8083
16,8084
45,8084
37,8085
24,8087
30,8091
37,8091
49,8093
53,8094
1,8098
17,8098
30,8098
45,8098
52,8098
1,8099
10,8100
2,8101
1,8103
3,8104
5,8105
52,8105
59,8105
4,8106
4,8107
23,8107
2,8108
3,8108
22,8108
43,8108
53,8108
5,8109
12,8111
34,8111
2,8112
55,8113
49,8116
46,8117
6,8122
20,8122
41,8123
46,8123
37,8125
6,8130
25,8130
12,8132
32,8132
2,8133
28,8135
11,8140
6,8141
43,8141
49,8145
11,8146
17,8147
49,8148
46,8149
33,8150
38,8152
41,8152
7,8155
44,8155
47,8155
36,8156
52,8157
54,8157
13,8159
24,8159
47,8159
48,8163
40,8177
28,8179
59,8181
31,8182
54,8183
3,8186
4,8187
5,8188
21,8189
49,8190
3,8191
5,8192
18,8194
59,8194
4,8197
53,8197
33,8202
48,8212
1,8213
8,8214
1,8215
2,8216
1,8217
2,8218
2,8219
17,8219
29,8220
46,8220
60,8221
23,8221
2,8222
37,8225
52,8225
51,8226
42,8227
1,8229
24,8229
1,8232
59,8234
17,8236
2,8237
14,8237
1,8238
17,8238
2,8239
27,8239
57,8239
47,8240
2,8242
26,8243
45,8243
34,8244
10,8248
14,8248
43,8248
58,8248
58,8249
21,8252
10,8255
42,8255
56,8255
24,8257
19,8261
26,8266
18,8267
43,8269
49,8269
43,8270
59,8270
46,8273
4,8276
31,8276
49,8277
24,8278
32,8278
27,8282
28,8282
42,8283
3,8284
35,8284
5,8285
18,8286
4,8287
3,8289
17,8289
36,8289
4,8291
39,8292
5,8293
31,8293
14,8296
31,8296
14,8297
19,8297
59,8300
7,8303
44,8303
3,8305
9,8305
4,8307
3,8310
4,8311
5,8312
5,8313
25,8313
17,8316
42,8316
20,8320
16,8323
41,8324
17,8326
32,8326
46,8330
50,8330
37,8333
46,8336
53,8343
13,8346
50,8346
57,8348
1,8349
56,8351
35,8352
21,8356
31,8362
7,8365
9,8367
28,8367
60,8368
47,8370
42,8373
42,8374
56,8374
13,8375
7,8381
44,8383
48,8383
3,8384
5,8385
4,8386
30,8386
26,8387
4,8389
5,8394
3,8395
8,8396
29,8396
3,8401
23,8401
50,8403
1,8404
1,8405
4,8405
4,8406
1,8407
5,8407
5,8408
45,8408
2,8409
3,8409
2,8412
3,8412
1,8413
2,8414
5,8415
9,8415
15,8415
35,8415
4,8416
3,8417
5,8418
4,8419
6,8419
18,8421
49,8421
1,8424
6,8424
1,8426
3,8427
36,8427
2,8429
1,8430
5,8430
52,8430
4,8431
43,8431
2,8432
4,8433
5,8434
2,8435
8,8435
53,8435
8,8436
41,8436
21,8437
3,8438
46,8438
19,8441
7,8442
52,8442
45,8444
33,8446
53,8452
53,8454
57,8454
12,8457
57,8458
35,8464
59,8466
34,8467
39,8467
55,8474
31,8476
4,8480
3,8482
14,8482
24,8482
1,8483
4,8484
24,8484
2,8485
4,8486
5,8487
1,8488
3,8488
54,8489
2,8490
8,8490
18,8490
35,8490
1,8491
18,8491
2,8492
5,8492
20,8492
56,8493
3,8497
59,8497
5,8499
50,8500
4,8501
3,8502
41,8503
4,8504
36,8505
1,8506
5,8506
22,8506
1,8507
2,8508
2,8513
6,8514
29,8514
46,8514
1,8515
2,8516
10,8517
17,8519
31,8520
19,8521
13,8523
1,8524
55,8524
2,8525
60,8527
1,8527
11,8527
4,8528
55,8528
2,8530
40,8533
1,8534
2,8535
33,8541
42,8541
8,8543
22,8543
31,8543
7,8546
36,8551
40,8551
10,8552
46,8553
23,8555
25,8556
36,8556
34,8557
43,8557
17,8562
37,8562
16,8563
6,8567
25,8569
50,8571
13,8573
55,8577
30,8578
36,8578
30,8580
57,8581
56,8582
51,8584
1,8590
2,8591
7,8591
28,8592
46,8593
1,8595
2,8596
45,8596
1,8597
2,8598
11,8598
12,8599
36,8601
16,8608
37,8608
47,8608
25,8610
39,8616
50,8616
56,8618
19,8620
32,8620
46,8621
3,8624
4,8626
40,8626
7,8628
5,8631
37,8631
1,8633
34,8633
27,8634
57,8634
2,8635
3,8635
30,8635
43,8635
6,8636
1,8638
1,8639
5,8639
2,8640
35,8640
2,8641
4,8641
1,8645
12,8645
31,8645
56,8645
35,8647
41,8650
44,8650
1,8651
2,8652
49,8652
2,8653
23,8653
1,8655
2,8656
1,8657
3,8657
1,8659
2,8660
4,8660
43,8660
2,8662
5,8663
29,8663
5,8664
1,8665
58,8665
3,8666
16,8666
2,8667
4,8667
26,8667
10,8668
45,8671
21,8672
28,8672
14,8673
3,8678
35,8678
3,8679
5,8679
26,8679
4,8680
21,8680
5,8681
26,8681
4,8682
43,8682
3,8683
49,8687
28,8689
16,8691
3,8695
39,8695
23,8696
4,8697
5,8698
11,8699
3,8701
1,8705
5,8705
2,8707
4,8708
12,8708
28,8708
41,8708
1,8709
1,8710
36,8711
2,8712
3,8712
44,8712
2,8713
4,8713
3,8715
7,8715
21,8715
5,8717
20,8717
9,8718
33,8718
32,8719
4,8721
5,8722
51,8722
24,8724
33,8724
1,8725
19,8725
2,8726
22,8726
38,8726
43,8726
1,8727
2,8728
19,8728
21,8728
22,8730
1,8731
2,8732
22,8735
33,8738
11,8739
33,8739
31,8741
25,8742
59,8742
10,8744
28,8752
46,8752
26,8754
17,8755
20,8756
27,8756
5,8757
20,8757
22,8761
17,8766
45,8766
25,8767
32,8770
10,8771
41,8771
57,8772
24,8774
7,8775
29,8775
7,8784
9,8784
58,8784
36,8785
47,8786
12,8787
12,8792
17,8792
31,8792
37,8794
37,8795
60,8796
30,8796
8,8798
52,8798
1,8799
6,8799
52,8799
2,8800
1,8801
13,8801
15,8801
15,8802
2,8803
15,8804
45,8804
46,8804
1,8805
2,8806
34,8807
1,8811
51,8811
1,8812
2,8813
1,8815
2,8816
22,8816
2,8817
28,8820
59,8820
49,8822
39,8824
56,8824
45,8826
12,8829
53,8831
1,8833
1,8834
15,8835
50,8835
2,8836
2,8837
8,8837
44,8838
52,8838
1,8842
16,8842
19,8842
2,8843
16,8848
29,8848
47,8850
25,8851
31,8851
35,8851
3,8852
4,8853
4,8854
14,8855
42,8856
3,8857
1,8859
5,8859
20,8859
5,8860
34,8860
56,8860
36,8863
3,8864
48,8865
4,8867
5,8869
3,8870
5,8870
12,8872
18,8872
52,8872
5,8873
4,8874
49,8874
47,8877
11,8879
18,8880
31,8882
33,8882
19,8884
56,8890
24,8891
11,8893
24,8893
10,8894
3,8895
5,8897
54,8897
32,8898
4,8899
5,8900
47,8900
4,8902
3,8903
19,8904
6,8907
10,8908
17,8910
1,8912
60,8913
30,8913
1,8914
15,8915
46,8915
2,8917
35,8917
10,8918
1,8919
56,8919
2,8920
2,8921
29,8921
40,8923
33,8925
47,8926
3,8927
46,8927
4,8929
5,8930
20,8930
59,8930
5,8931
47,8931
4,8932
3,8933
15,8934
31,8936
37,8939
44,8939
10,8940
54,8940
20,8941
10,8943
46,8943
26,8946
46,8946
36,8953
33,8956
43,8958
3,8959
29,8959
56,8959
4,8960
35,8960
3,8961
54,8961
5,8962
11,8964
13,8964
4,8965
5,8966
49,8966
6,8968
21,8970
16,8971
12,8975
25,8980
50,8980
40,8984
20,8985
58,8985
10,8986
18,8987
3,8988
48,8988
4,8990
46,8990
25,8991
47,8991
5,8992
21,8992
26,8992
4,8995
3,8996
12,8996
5,8998
27,9000
44,9000
3,9002
27,9002
5,9003
44,9003
55,9003
45,9004
4,9007
3,9009
4,9010
5,9011
13,9011
32,9015
48,9017
55,9017
41,9019
31,9022
27,9024
10,9025
1,9031
1,9032
57,9032
2,9034
41,9034
1,9035
2,9036
2,9037
3,9037
29,9037
5,9038
4,9041
59,9042
3,9043
37,9043
5,9045
4,9046
25,9047
23,9049
47,9050
13,9053
7,9055
60,9056
34,9056
55,9056
58,9057
42,9059
3,9062
48,9062
26,9063
59,9063
4,9064
59,9065
3,9066
4,9067
5,9069
7,9069
11,9069
32,9069
17,9070
5,9071
32,9074
8,9075
22,9076
50,9076
12,9079
7,9081
43,9085
54,9087
23,9088
40,9089
53,9089
6,9091
40,9092
12,9094
15,9095
36,9097
45,9097
48,9097
22,9099
48,9100
3,9101
50,9101
4,9102
30,9102
60,9103
1,9103
3,9103
4,9103
34,9103
2,9104
5,9104
1,9106
5,9106
1,9108
4,9108
25,9108
2,9109
2,9110
24,9112
28,9113
37,9115
19,9116
34,9117
9,9118
22,9118
3,9119
17,9119
48,9119
4,9120
27,9121
59,9121
59,9122
5,9123
13,9124
4,9125
29,9125
5,9126
58,9126
26,9127
3,9129
41,9129
47,9129
60,9131
1,9133
1,9134
57,9134
2,9136
2,9137
58,9137
1,9138
2,9139
34,9141
39,9141
7,9142
1,9144
54,9144
2,9145
26,9145
1,9146
7,9146
1,9148
2,9149
6,9149
2,9150
58,9150
41,9151
58,9151
31,9154
51,9154
54,9155
1,9160
21,9161
41,9161
7,9162
15,9163
21,9164
7,9166
40,9166
29,9167
2,9168
1,9169
1,9170
32,9172
33,9173
33,9176
2,9177
2,9179
41,9181
7,9182
41,9182
28,9183
14,9184
2,9186
12,9186
3,9188
8,9188
5,9190
33,9190
4,9191
21,9191
3,9193
33,9193
35,9194
4,9195
54,9195
5,9196
1,9199
56,9199
1,9200
2,9201
49,9201
1,9202
40,9202
40,9203
58,9203
2,9204
33,9205
2,9206
12,9206
47,9206
49,9206
49,9207
60,9208
3,9208
4,9209
4,9212
44,9212
3,9213
5,9214
6,9214
7,9214
5,9215
37,9216
1,9218
32,9218
1,9219
2,9220
42,9220
1,9224
2,9227
57,9227
2,9228
3,9228
23,9228
29,9228
2,9229
38,9229
60,9230
1,9232
5,9233
26,9233
4,9235
1,9236
3,9236
2,9238
31,9238
1,9240
5,9240
14,9240
4,9241
2,9242
2,9243
1,9245
53,9245
17,9246
2,9247
1,9250
2,9251
1,9252
3,9254
46,9254
7,9255
25,9255
2,9256
4,9256
17,9257
13,9258
26,9258
36,9258
46,9258
5,9259
49,9261
3,9264
5,9266
4,9269
41,9271
44,9271
19,9272
37,9272
53,9276
24,9278
30,9279
39,9279
44,9282
9,9283
53,9286
15,9287
33,9288
3,9289
42,9290
5,9291
49,9292
23,9293
5,9294
4,9295
4,9296
3,9297
13,9297
28,9297
18,9298
50,9298
3,9299
32,9301
4,9302
21,9302
25,9302
3,9303
4,9304
42,9306
5,9307
5,9308
1,9311
38,9311
53,9311
1,9313
25,9313
39,9315
2,9316
40,9317
32,9318
41,9318
46,9319
2,9320
1,9322
35,9322
2,9323
25,9323
7,9324
44,9324
51,9325
37,9330
41,9331
16,9332
48,9332
1,9336
2,9337
3,9338
1,9339
3,9339
12,9340
17,9340
5,9341
1,9342
4,9342
59,9342
5,9343
2,9344
4,9345
2,9347
3,9347
6,9348
1,9349
3,9349
9,9350
36,9350
2,9352
1,9354
4,9355
27,9356
4,9357
5,9358
2,9359
5,9360
1,9361
3,9361
2,9362
1,9367
16,9367
32,9367
47,9367
53,9368
27,9371
16,9372
38,9374
20,9377
35,9377
14,9379
39,9381
42,9383
11,9386
55,9386
21,9387
23,9387
42,9388
51,9392
48,9397
3,9398
43,9398
4,9399
3,9400
51,9400
4,9401
50,9401
1,9402
39,9403
5,9404
2,9406
26,9406
5,9407
1,9409
2,9410
21,9410
1,9411
31,9411
42,9411
2,9412
1,9414
14,9415
17,9416
49,9417
1,9418
18,9418
2,9419
9,9420
44,9420
1,9422
2,9423
2,9424
53,9424
24,9428
31,9429
55,9429
3,9431
50,9432
5,9433
4,9434
58,9436
3,9437
12,9437
4,9439
34,9439
5,9440
31,9443
20,9447
1,9448
3,9450
5,9451
1,9452
2,9453
10,9453
40,9453
58,9453
4,9454
1,9455
2,9456
5,9456
2,9458
3,9458
14,9458
25,9458
42,9458
4,9461
7,9465
32,9468
34,9469
57,9472
45,9474
19,9475
32,9479
20,9485
26,9486
11,9492
49,9495
60,9497
27,9497
42,9497
52,9499
33,9500
42,9504
16,9506
33,9509
24,9510
3,9511
5,9512
4,9514
5,9515
27,9518
4,9519
9,9519
3,9521
49,9521
49,9525
28,9529
25,9532
36,9533
38,9533
46,9537
52,9538
42,9545
9,9548
24,9548
49,9550
31,9552
15,9554
22,9554
42,9559
1,9563
55,9563
1,9565
2,9567
2,9568
48,9570
40,9571
60,9572
1,9573
50,9573
2,9574
17,9575
20,9579
56,9579
53,9580
31,9581
45,9581
38,9582
29,9583
7,9584
35,9584
41,9585
14,9586
58,9586
28,9588
59,9588
33,9590
56,9594
3,9596
13,9596
34,9597
5,9598
17,9598
4,9599
4,9600
3,9601
37,9601
4,9603
23,9603
35,9603
45,9603
29,9604
31,9604
23,9605
5,9606
36,9606
59,9609
6,9612
50,9613
1,9614
54,9614
1,9615
2,9616
2,9617
53,9617
15,9618
1,9620
34,9620
40,9621
2,9623
11,9627
12,9628
17,9628
39,9632
48,9633
60,9635
44,9637
49,9638
40,9644
27,9646
49,9646
37,9647
27,9648
18,9649
9,9653
51,9653
1,9654
16,9658
2,9659
1,9660
50,9661
2,9663
1,9664
6,9665
56,9666
58,9666
2,9667
32,9667
37,9667
60,9668
29,9668
3,9670
4,9671
5,9672
28,9672
5,9673
14,9673
36,9674
3,9675
4,9679
13,9679
10,9680
15,9680
28,9683
20,9687
34,9689
36,9690
4,9691
44,9692
3,9704
5,9705
4,9706
9,9706
5,9708
22,9708
3,9711
12,9711
4,9713
1,9714
1,9715
2,9716
35,9716
55,9716
60,9719
1,9719
35,9720
2,9722
2,9723
10,9723
19,9723
25,9723
59,9723
1,9724
11,9725
2,9727
1,9729
19,9729
25,9729
2,9732
30,9734
45,9734
1,9735
2,9736
16,9737
1,9739
1,9740
21,9741
27,9741
2,9742
1,9743
29,9743
33,9743
2,9745
2,9746
12,9746
32,9749
45,9750
49,9750
54,9754
58,9758
44,9759
38,9763
38,9765
15,9767
16,9768
60,9770
10,9771
19,9771
28,9771
33,9772
43,9772
21,9774
41,9774
1,9775
2,9777
11,9777
1,9779
3,9779
16,9779
4,9780
42,9780
5,9782
8,9782
21,9782
49,9782
58,9782
2,9783
3,9783
1,9785
5,9785
17,9785
2,9786
19,9786
4,9788
32,9791
19,9792
60,9793
3,9795
38,9797
4,9798
13,9798
1,9799
3,9799
4,9800
5,9801
19,9801
2,9802
5,9803
45,9803
1,9805
31,9806
1,9808
57,9808
2,9809
31,9809
30,9810
2,9813
12,9814
52,9814
52,9815
51,9819
39,9822
20,9823
1,9824
19,9824
31,9824
1,9825
49,9825
2,9826
6,9828
16,9828
37,9828
1,9829
39,9830
30,9831
2,9832
2,9835
19,9835
54,9835
16,9837
31,9837
53,9837
40,9839
56,9843
15,9846
31,9847
28,9848
54,9849
46,9850
55,9851
33,9853
36,9853
26,9854
21,9856
30,9857
24,9858
3,9863
23,9863
38,9863
22,9864
5,9865
42,9865
56,9865
57,9865
1,9866
4,9866
32,9866
5,9867
10,9867
1,9868
4,9868
2,9870
46,9870
3,9871
59,9871
13,9872
59,9872
15,9873
14,9874
3,9875
5,9876
28,9876
2,9877
4,9877
7,9877
36,9877
1,9878
5,9878
2,9879
3,9879
1,9881
9,9881
46,9881
44,9882
2,9883
4,9883
1,9885
35,9885
41,9886
1,9887
44,9887
52,9887
2,9888
2,9889
54,9889
36,9891
39,9894
22,9896
42,9896
59,9896
32,9904
23,9905
8,9906
34,9909
1,9910
9,9910
35,9910
56,9911
2,9913
1,9914
39,9915
58,9915
2,9916
18,9917
1,9920
38,9920
2,9921
3,9922
14,9923
53,9923
55,9923
56,9924
18,9925
25,9925
48,9926
35,9931
45,9931
8,9935
10,9941
46,9943
58,9946
47,9947
37,9948
59,9948
36,9950
27,9951
59,9951
34,9952
51,9952
7,9953
27,9953
37,9954
54,9955
38,9956
11,9958
3,9968
5,9971
39,9971
4,9972
44,9972
47,9972
50,9973
57,9973
4,9974
56,9974
5,9975
15,9975
3,9976
9,9977
46,9977
19,9979
20,9979
58,9982
27,9984
54,9988
10,9989
38,9990
25,9991
43,9992
42,9993
51,9994
22,9997
23,9997
