13,10
23,20
3,35
5,38
4,41
4,42
19,43
3,44
16,45
5,46
17,47
1,49
3,50
4,50
2,51
22,51
4,52
1,55
5,55
2,56
4,56
5,57
3,58
1,60
2,63
3,63
5,64
4,65
17,68
24,68
3,69
5,72
4,73
8,75
16,79
3,88
5,89
5,90
19,91
4,94
3,99
4,100
7,108
12,108
3,109
5,111
14,112
5,114
4,115
3,118
4,121
21,125
11,129
25,132
15,138
13,139
11,140
3,142
5,143
4,147
3,148
1,149
2,151
5,152
1,153
4,153
1,154
19,154
3,155
10,155
5,157
4,159
2,160
5,161
17,162
2,166
20,167
3,168
4,170
1,178
12,179
20,179
1,180
17,182
2,183
2,184
1,187
23,187
2,188
3,199
5,201
12,201
4,203
9,203
4,204
3,205
5,206
3,218
4,219
4,220
6,220
3,221
5,222
5,224
1,227
1,229
2,232
2,234
1,235
2,238
13,247
22,248
15,249
12,253
12,255
18,255
6,258
25,266
7,270
10,271
16,271
16,275
10,276
25,284
1,284
7,285
2,286
15,287
16,287
1,288
6,289
2,290
23,291
1,293
14,293
2,294
17,297
3,299
19,302
4,303
5,305
5,307
4,308
1,309
3,309
2,311
1,312
25,313
1,313
24,313
2,314
2,315
3,320
19,321
4,323
4,324
5,326
25,327
1,328
5,330
2,331
1,332
23,332
3,333
2,334
1,335
2,336
14,336
23,336
3,343
4,347
9,347
4,348
5,350
3,351
6,355
5,357
21,358
16,362
19,366
10,369
1,373
1,374
3,374
2,375
5,376
13,376
23,376
1,377
5,378
2,379
4,379
12,379
4,381
2,382
3,383
3,393
8,393
10,394
4,397
15,397
5,400
4,403
3,405
5,407
15,408
3,411
5,413
4,416
5,418
3,420
23,420
4,426
10,428
18,429
11,434
1,445
3,445
5,448
4,449
1,450
2,451
3,451
5,452
9,452
1,453
4,453
2,454
2,456
1,459
1,460
2,461
1,465
2,466
8,467
21,467
2,470
1,476
2,477
1,478
2,480
1,483
3,483
4,484
5,485
2,486
4,487
19,488
5,489
3,492
17,495
20,495
1,496
3,496
2,497
4,497
3,499
24,499
1,501
20,501
1,502
5,502
5,503
4,505
2,506
2,508
13,511
21,515
14,524
16,524
2,532
25,536
8,536
3,545
4,547
5,548
3,549
22,549
14,550
4,551
10,554
5,557
24,563
23,569
14,570
25,579
13,583
1,585
1,586
10,586
3,589
2,591
2,593
4,593
3,594
20,594
1,595
17,595
2,596
4,596
14,596
5,597
5,598
11,599
20,599
12,602
14,603
20,603
19,609
6,610
17,611
10,612
12,620
3,622
19,622
21,623
5,624
4,626
4,627
3,629
5,630
6,635
2,642
1,647
1,648
2,649
7,649
1,650
2,651
3,651
4,652
2,653
3,655
4,656
5,657
5,658
10,658
16,662
10,667
3,669
4,670
4,672
3,673
5,674
5,675
7,681
12,682
23,683
9,684
15,690
3,694
22,694
21,698
25,699
20,721
24,724
3,725
11,727
5,728
4,732
23,732
1,733
2,734
1,735
1,736
3,737
20,737
4,738
2,739
2,740
5,740
24,740
3,746
4,747
4,748
8,749
5,751
5,753
3,754
15,754
23,758
25,760
10,761
16,761
16,763
7,772
20,773
3,775
9,777
4,778
13,779
3,780
5,782
4,783
24,786
22,788
5,789
3,791
4,792
18,792
5,793
1,797
1,799
2,800
3,800
1,801
5,801
8,801
4,802
10,803
2,805
2,807
6,818
6,819
16,821
19,825
1,826
2,827
1,828
2,829
1,830
2,831
6,832
1,836
2,838
11,838
1,839
12,839
1,842
2,845
2,846
3,850
1,853
2,855
15,855
1,856
4,856
5,857
3,858
1,859
5,859
24,859
4,860
2,862
2,863
3,874
4,875
3,877
15,878
7,880
10,882
5,884
4,885
5,887
1,898
1,899
2,904
1,905
23,905
2,906
2,907
9,912
3,914
4,916
5,920
5,921
4,922
3,924
18,926
22,927
3,928
4,931
16,931
21,931
4,935
18,935
5,936
6,936
5,938
3,940
18,941
21,950
3,954
5,955
4,958
3,959
5,960
4,961
18,966
9,973
21,977
1,979
1,982
1,983
18,983
2,984
1,985
3,985
2,986
4,986
17,986
2,987
4,987
23,987
3,988
5,992
14,992
13,995
5,996
8,1003
17,1005
13,1011
3,1030
10,1032
5,1035
4,1036
5,1039
3,1040
7,1043
4,1044
1,1045
2,1053
1,1055
3,1055
5,1056
12,1056
2,1057
4,1057
14,1057
1,1060
4,1060
12,1060
2,1061
5,1063
17,1063
3,1064
1,1065
2,1068
1,1069
2,1072
1,1074
2,1079
10,1088
3,1110
17,1110
7,1113
5,1115
1,1116
4,1116
13,1117
5,1118
2,1120
1,1121
4,1122
1,1123
21,1123
2,1124
3,1124
2,1125
6,1125
25,1126
7,1127
3,1134
4,1135
24,1136
13,1142
5,1143
4,1144
5,1148
20,1150
3,1151
3,1154
4,1156
3,1157
5,1158
4,1161
5,1162
3,1168
13,1168
13,1170
4,1171
5,1172
3,1174
7,1176
18,1176
4,1177
5,1178
1,1180
16,1180
1,1183
2,1184
1,1185
2,1187
13,1187
2,1188
19,1188
18,1190
23,1198
23,1200
1,1205
7,1205
2,1206
24,1206
1,1207
1,1210
2,1212
2,1213
1,1214
1,1215
2,1216
6,1217
1,1218
3,1221
4,1222
2,1223
5,1223
2,1224
4,1224
3,1228
5,1229
16,1230
19,1234
3,1235
1,1239
3,1239
2,1240
4,1240
1,1241
5,1241
17,1241
3,1243
1,1244
4,1244
2,1245
5,1245
13,1245
2,1246
3,1249
5,1250
4,1252
17,1252
3,1254
4,1255
20,1255
5,1256
1,1258
10,1259
1,1260
2,1262
1,1265
10,1267
22,1268
2,1271
3,1271
22,1271
2,1272
21,1272
5,1274
4,1278
10,1282
3,1284
15,1284
4,1287
5,1288
8,1297
10,1299
23,1309
3,1310
5,1311
4,1312
5,1313
20,1316
4,1318
4,1319
3,1320
9,1328
1,1329
1,1334
2,1338
1,1339
14,1339
2,1340
2,1341
18,1343
3,1351
10,1352
16,1352
4,1353
4,1356
3,1359
5,1360
5,1362
11,1363
9,1365
17,1368
18,1371
3,1377
16,1377
25,1378
5,1378
4,1379
5,1381
19,1381
3,1387
4,1390
11,1394
22,1405
25,1411
3,1415
5,1416
10,1417
1,1418
1,1419
5,1420
2,1421
20,1421
2,1422
4,1422
16,1423
1,1424
4,1424
2,1425
3,1426
1,1428
2,1429
1,1430
1,1432
8,1432
2,1433
2,1434
11,1438
22,1447
24,1450
23,1451
3,1453
6,1453
4,1457
1,1458
5,1458
1,1459
4,1459
20,1459
2,1460
2,1461
3,1462
5,1463
1,1465
2,1466
19,1466
1,1467
2,1468
1,1470
1,1471
20,1471
2,1474
2,1475
2,1479
11,1483
21,1484
3,1487
8,1488
1,1496
13,1496
4,1497
1,1498
2,1499
5,1499
3,1500
2,1501
1,1503
4,1503
2,1504
23,1504
1,1506
5,1506
1,1510
9,1512
2,1513
24,1514
2,1515
20,1515
1,1516
2,1517
9,1517
22,1518
3,1522
4,1523
8,1523
5,1524
3,1527
5,1528
4,1529
19,1529
13,1534
3,1535
19,1536
23,1536
5,1537
22,1537
4,1539
3,1540
5,1541
4,1542
1,1545
15,1546
1,1547
2,1549
1,1554
2,1555
2,1556
23,1558
11,1570
16,1570
8,1571
25,1574
3,1574
18,1574
4,1575
10,1577
3,1578
5,1581
5,1584
4,1585
3,1586
5,1588
4,1590
3,1591
1,1594
1,1595
4,1595
2,1596
1,1598
5,1598
9,1599
2,1608
3,1608
2,1609
5,1610
4,1611
4,1612
3,1614
5,1615
23,1620
1,1624
2,1625
1,1627
1,1628
2,1630
2,1632
14,1641
12,1643
20,1643
11,1644
15,1648
16,1652
18,1665
1,1669
2,1671
1,1673
20,1674
2,1675
1,1677
2,1678
14,1679
21,1683
18,1684
24,1688
10,1690
3,1706
4,1707
1,1712
1,1713
4,1713
7,1714
2,1715
3,1715
5,1716
5,1717
1,1718
3,1718
2,1723
5,1723
4,1724
2,1725
4,1725
5,1730
10,1730
3,1731
19,1732
1,1733
1,1735
21,1737
11,1741
21,1742
17,1746
18,1748
25,1752
3,1758
24,1760
4,1762
23,1763
4,1764
3,1765
4,1765
5,1766
5,1768
7,1771
1,1774
1,1775
2,1777
20,1777
2,1778
8,1778
1,1779
2,1780
1,1781
1,1783
2,1785
7,1786
2,1787
1,1789
2,1793
20,1798
1,1800
1,1802
2,1803
8,1805
8,1808
7,1809
2,1812
1,1813
23,1813
2,1814
13,1826
1,1832
11,1833
2,1834
1,1835
11,1836
1,1837
2,1838
2,1839
7,1849
21,1853
3,1856
4,1858
5,1861
3,1862
10,1862
5,1863
10,1863
4,1864
16,1866
1,1882
10,1884
1,1885
17,1885
1,1886
2,1888
2,1890
1,1892
3,1893
2,1894
4,1894
17,1894
5,1898
24,1898
3,1902
5,1905
21,1905
4,1906
2,1911
11,1919
10,1922
3,1931
15,1931
4,1932
5,1934
4,1936
3,1938
1,1940
2,1941
5,1942
1,1943
1,1944
2,1946
11,1946
2,1948
23,1948
1,1955
25,1956
1,1956
2,1957
1,1958
20,1958
2,1962
2,1965
11,1966
3,1976
4,1977
3,1978
4,1979
5,1981
5,1982
23,1982
9,1988
15,1991
23,1999
25,2002
12,2003
6,2004
21,2004
9,2005
25,2010
20,2012
19,2014
22,2019
24,2023
10,2026
14,2028
18,2029
3,2035
11,2035
4,2036
3,2039
4,2045
5,2046
5,2049
17,2051
13,2052
11,2055
7,2056
4,2071
9,2079
13,2080
14,2085
1,2091
1,2092
2,2093
2,2094
1,2095
2,2097
24,2104
17,2106
22,2106
2,2115
20,2115
1,2123
2,2128
1,2130
2,2131
1,2133
2,2134
20,2138
22,2144
20,2145
6,2147
11,2147
25,2154
5,2160
24,2162
9,2165
4,2174
5,2181
17,2181
24,2182
1,2184
16,2186
1,2187
7,2187
2,2188
1,2189
7,2189
2,2190
2,2191
10,2191
21,2192
3,2208
5,2209
5,2213
16,2213
4,2214
3,2218
18,2218
4,2219
12,2221
13,2222
3,2227
4,2230
5,2231
5,2232
4,2234
14,2234
3,2235
21,2236
11,2237
12,2237
11,2238
1,2248
1,2249
2,2250
25,2252
8,2253
2,2258
1,2259
16,2261
2,2262
20,2262
11,2265
9,2266
1,2267
1,2269
2,2270
2,2272
8,2272
9,2272
18,2272
1,2274
2,2275
18,2275
22,2280
7,2285
3,2290
15,2290
5,2291
22,2291
4,2296
16,2297
25,2299
4,2299
5,2301
3,2305
15,2308
17,2308
6,2319
21,2320
1,2321
2,2323
1,2326
3,2326
2,2328
1,2329
5,2329
17,2329
2,2330
5,2332
4,2334
3,2336
4,2337
24,2338
21,2340
23,2344
17,2345
17,2348
23,2348
2,2349
3,2349
4,2350
4,2351
5,2352
5,2353
3,2356
14,2358
1,2369
7,2370
2,2371
1,2372
19,2372
2,2373
1,2374
3,2374
18,2374
2,2376
4,2376
5,2378
3,2379
4,2380
5,2383
3,2386
5,2387
4,2389
4,2391
18,2391
5,2392
3,2395
18,2399
1,2401
1,2402
11,2402
2,2404
1,2405
3,2405
2,2406
5,2409
4,2410
3,2411
2,2412
4,2412
23,2412
25,2415
5,2415
15,2417
11,2437
9,2441
6,2449
25,2451
9,2451
11,2454
21,2461
1,2462
17,2462
1,2464
2,2467
2,2468
1,2469
16,2471
2,2473
7,2476
3,2480
11,2480
4,2484
18,2484
4,2486
5,2488
3,2489
7,2490
5,2492
13,2492
14,2494
20,2494
3,2495
5,2496
6,2496
4,2497
11,2498
3,2499
5,2500
5,2503
4,2504
15,2510
23,2512
1,2513
3,2513
4,2514
4,2515
13,2516
5,2518
3,2519
5,2520
13,2530
22,2530
18,2533
1,2536
2,2538
7,2540
12,2540
1,2542
22,2542
15,2543
1,2544
23,2544
2,2545
3,2545
1,2546
2,2547
5,2547
4,2549
4,2550
5,2551
14,2552
3,2553
15,2559
8,2579
8,2580
24,2582
17,2584
20,2592
23,2595
19,2605
11,2608
15,2609
7,2610
1,2611
1,2613
2,2614
2,2615
1,2616
2,2617
18,2619
7,2624
23,2626
18,2632
20,2637
17,2641
15,2643
1,2665
1,2666
3,2667
4,2669
15,2669
2,2670
5,2670
5,2671
3,2673
2,2674
1,2675
4,2675
2,2676
12,2677
13,2682
5,2685
12,2689
4,2696
14,2702
21,2705
1,2707
3,2707
5,2708
5,2709
4,2710
4,2711
1,2712
3,2712
2,2713
15,2714
1,2715
2,2716
2,2717
6,2717
18,2728
15,2736
20,2739
19,2740
10,2743
3,2747
1,2749
4,2749
1,2750
5,2750
2,2751
2,2752
1,2753
3,2753
11,2753
2,2754
4,2755
5,2756
1,2758
13,2759
6,2762
21,2772
8,2773
10,2774
17,2777
20,2778
23,2780
25,2782
4,2794
23,2799
11,2802
22,2810
4,2812
25,2817
21,2817
13,2819
19,2824
3,2830
4,2832
10,2832
14,2832
5,2833
5,2834
19,2834
4,2837
3,2840
18,2840
12,2842
2,2846
15,2857
11,2859
1,2861
2,2862
14,2862
1,2864
1,2865
2,2866
2,2867
4,2871
8,2877
1,2881
1,2882
2,2886
2,2887
20,2887
1,2888
2,2891
25,2893
18,2894
25,2901
1,2901
2,2903
1,2904
1,2905
2,2906
2,2908
16,2915
19,2918
10,2928
21,2936
15,2960
19,2973
8,2976
3,2979
4,2980
13,2980
3,2982
4,2983
12,2983
5,2987
5,2988
14,3000
11,3001
6,3004
17,3013
25,3015
4,3015
3,3020
19,3020
4,3021
4,3024
5,3025
3,3026
15,3027
5,3030
8,3030
15,3030
8,3035
16,3052
1,3054
2,3055
20,3055
1,3056
2,3058
1,3061
2,3062
1,3063
15,3063
1,3065
2,3066
2,3067
1,3068
2,3069
18,3072
16,3076
13,3079
15,3083
24,3089
3,3090
4,3092
5,3093
3,3094
4,3095
5,3097
15,3101
3,3102
9,3108
20,3109
12,3112
21,3112
10,3114
3,3119
23,3119
4,3120
3,3123
5,3125
5,3126
4,3129
3,3136
5,3137
4,3141
5,3142
3,3144
4,3148
15,3150
14,3161
1,3169
21,3170
8,3172
19,3175
3,3178
4,3180
3,3183
5,3184
5,3185
4,3186
24,3194
25,3207
9,3209
3,3217
4,3218
5,3219
4,3222
3,3223
22,3225
5,3227
7,3228
14,3232
21,3233
14,3237
1,3242
5,3243
14,3243
1,3245
2,3246
1,3247
2,3248
2,3250
21,3251
3,3276
1,3277
4,3277
2,3279
4,3279
5,3280
1,3282
3,3283
13,3284
2,3285
5,3286
1,3287
6,3288
2,3290
12,3293
13,3294
25,3298
23,3299
23,3302
12,3309
7,3320
25,3322
1,3326
1,3327
2,3328
3,3329
7,3329
2,3330
5,3331
5,3333
1,3334
4,3334
2,3335
3,3335
4,3336
23,3337
14,3341
3,3343
5,3344
23,3344
4,3348
3,3350
7,3351
24,3352
5,3353
13,3354
4,3355
22,3356
25,3373
15,3375
1,3376
2,3378
18,3378
1,3379
19,3380
1,3381
18,3382
11,3386
8,3389
2,3390
10,3391
11,3393
2,3394
8,3397
9,3405
24,3407
25,3412
9,3416
8,3420
1,3421
19,3423
20,3423
1,3424
2,3425
25,3426
3,3426
2,3427
1,3428
4,3428
2,3431
5,3431
3,3432
4,3433
5,3435
12,3436
5,3441
25,3444
10,3444
13,3444
24,3446
1,3448
1,3449
2,3451
2,3452
1,3453
2,3455
11,3456
18,3458
10,3460
24,3469
19,3477
21,3481
23,3483
1,3489
1,3490
2,3491
15,3491
2,3492
16,3492
1,3493
2,3494
18,3494
13,3496
6,3498
3,3499
11,3499
4,3500
23,3503
3,3504
5,3508
5,3512
20,3512
4,3513
18,3515
11,3521
12,3522
13,3522
6,3527
3,3530
5,3531
4,3532
3,3534
17,3534
1,3537
25,3540
1,3540
24,3541
2,3542
11,3542
24,3542
4,3544
21,3546
2,3549
1,3550
5,3551
2,3552
6,3555
18,3556
15,3563
11,3566
9,3581
24,3586
13,3587
24,3595
24,3606
20,3614
24,3622
3,3631
10,3631
4,3632
4,3633
3,3635
5,3637
5,3639
20,3643
16,3645
9,3646
6,3660
7,3663
14,3665
5,3667
22,3676
9,3677
14,3685
22,3690
3,3694
16,3694
5,3696
5,3697
4,3699
12,3701
21,3701
4,3702
3,3703
8,3703
22,3703
10,3705
15,3711
13,3712
8,3719
3,3729
16,3730
4,3731
5,3732
5,3733
3,3734
4,3736
24,3737
25,3741
3,3741
5,3743
4,3745
15,3745
3,3746
5,3747
16,3747
18,3747
4,3748
8,3750
9,3750
22,3750
6,3751
3,3753
4,3754
5,3756
3,3757
1,3758
5,3759
2,3760
4,3760
3,3761
11,3761
14,3761
4,3763
1,3764
5,3766
2,3769
19,3769
4,3770
1,3771
3,3771
16,3771
2,3773
15,3773
5,3775
17,3776
11,3779
17,3781
24,3781
1,3783
21,3783
2,3784
1,3785
2,3790
1,3791
2,3792
3,3794
4,3796
5,3797
4,3798
5,3801
11,3801
1,3802
1,3803
3,3804
2,3806
1,3808
2,3809
3,3809
5,3810
19,3810
2,3811
1,3812
4,3812
1,3813
10,3813
5,3815
2,3818
1,3820
3,3820
2,3821
3,3824
4,3824
2,3828
20,3835
3,3838
5,3842
4,3843
10,3843
4,3844
5,3845
3,3846
9,3854
12,3855
18,3859
14,3861
9,3863
7,3869
13,3870
13,3873
3,3874
4,3875
6,3875
3,3877
8,3877
15,3877
4,3880
1,3881
5,3882
1,3883
5,3883
2,3889
1,3890
1,3894
2,3897
21,3898
2,3901
15,3901
3,3907
20,3907
4,3908
7,3908
5,3910
8,3910
14,3910
20,3911
5,3915
14,3915
3,3918
3,3919
4,3919
20,3924
23,3926
19,3931
16,3934
25,3947
15,3952
17,3953
3,3955
10,3955
25,3957
20,3960
5,3962
21,3962
23,3964
20,3966
4,3967
2,3968
11,3970
5,3972
4,3973
3,3974
14,3975
13,3978
10,3982
3,3983
5,3985
11,3985
5,3986
4,3990
3,3991
4,3992
14,4001
18,4008
12,4010
3,4014
4,4018
11,4018
5,4019
5,4020
8,4020
4,4023
3,4024
8,4024
24,4024
24,4031
25,4032
18,4033
3,4036
4,4037
4,4038
7,4041
5,4042
3,4043
15,4043
21,4044
5,4047
20,4050
3,4051
5,4052
23,4053
4,4054
1,4055
5,4056
4,4057
1,4058
13,4058
1,4059
2,4059
2,4061
3,4061
8,4061
1,4064
2,4066
25,4067
1,4067
2,4071
2,4072
9,4072
1,4075
23,4076
2,4077
1,4079
2,4080
11,4081
11,4084
10,4092
3,4098
4,4099
3,4100
13,4100
5,4101
11,4101
5,4104
4,4106
11,4124
1,4130
1,4132
18,4132
2,4133
3,4133
4,4134
2,4135
1,4136
2,4136
5,4136
3,4137
2,4138
5,4139
4,4141
25,4149
10,4151
18,4163
13,4168
1,4171
2,4172
1,4175
1,4176
9,4177
2,4179
3,4179
2,4180
4,4182
25,4183
3,4183
5,4186
5,4187
4,4190
10,4190
22,4191
11,4194
1,4201
3,4202
2,4203
13,4203
4,4204
12,4204
1,4205
2,4206
5,4206
4,4207
1,4208
2,4209
3,4209
5,4210
20,4213
10,4217
20,4221
23,4222
4,4224
19,4226
16,4232
1,4237
2,4238
1,4241
1,4242
2,4247
2,4248
15,4250
10,4253
3,4256
4,4257
23,4257
4,4258
5,4261
3,4262
5,4263
3,4266
15,4267
4,4269
5,4271
5,4272
11,4273
4,4277
3,4281
13,4288
17,4290
14,4291
8,4302
15,4303
24,4313
19,4314
1,4315
1,4316
8,4316
8,4323
23,4325
2,4328
1,4330
8,4332
2,4336
2,4337
20,4341
3,4343
12,4343
23,4343
5,4344
4,4345
13,4345
3,4346
5,4348
4,4349
11,4357
6,4359
12,4360
12,4385
14,4392
3,4397
8,4397
5,4398
4,4400
21,4400
4,4402
3,4406
13,4408
5,4409
15,4415
24,4415
20,4419
15,4420
1,4426
20,4427
17,4429
21,4431
1,4434
2,4436
2,4441
1,4444
2,4445
17,4448
21,4450
9,4451
17,4452
3,4455
4,4456
16,4457
6,4458
4,4464
16,4466
3,4467
19,4469
5,4471
15,4471
5,4472
13,4473
1,4492
1,4496
2,4501
2,4503
1,4504
18,4505
2,4506
1,4508
1,4510
14,4512
2,4513
1,4515
2,4516
17,4516
2,4518
1,4527
2,4528
1,4530
1,4534
2,4535
2,4536
15,4537
11,4540
1,4552
1,4553
2,4555
1,4558
2,4560
2,4562
1,4565
1,4566
2,4567
14,4567
2,4569
1,4570
10,4570
2,4571
20,4571
20,4578
23,4583
10,4585
17,4586
24,4587
25,4589
17,4591
1,4594
3,4594
2,4595
5,4595
23,4597
1,4598
6,4598
2,4599
1,4600
4,4600
2,4601
3,4601
23,4602
5,4604
4,4605
11,4612
11,4620
23,4624
1,4626
2,4628
1,4629
2,4630
1,4634
24,4634
2,4635
3,4636
4,4638
18,4638
3,4639
5,4644
5,4645
4,4648
3,4658
5,4659
17,4659
4,4660
14,4661
5,4662
3,4663
4,4663
3,4665
7,4665
25,4666
7,4666
16,4667
20,4671
8,4678
18,4679
24,4681
17,4682
3,4692
5,4694
4,4695
5,4698
13,4699
9,4700
16,4700
3,4701
1,4702
4,4703
2,4705
3,4705
6,4705
19,4705
1,4706
4,4706
2,4707
1,4708
4,4708
16,4708
2,4709
3,4709
10,4709
5,4710
10,4710
5,4711
12,4711
7,4713
17,4719
1,4724
2,4725
7,4726
24,4726
11,4727
1,4728
11,4728
20,4728
2,4730
1,4731
2,4732
15,4736
24,4738
3,4752
4,4753
3,4755
15,4755
18,4760
4,4762
5,4763
22,4764
5,4765
6,4768
22,4784
4,4786
12,4786
16,4791
22,4793
24,4796
23,4800
25,4804
1,4804
2,4806
6,4806
1,4808
2,4810
1,4811
2,4813
22,4813
18,4820
9,4823
1,4824
19,4825
1,4826
2,4828
2,4830
8,4830
1,4831
2,4833
15,4840
15,4841
11,4843
3,4845
4,4846
14,4848
3,4850
5,4852
20,4853
5,4854
14,4858
4,4859
12,4859
7,4861
23,4863
16,4872
11,4877
6,4880
20,4883
14,4888
3,4894
4,4895
5,4896
5,4897
4,4901
3,4905
23,4909
8,4910
3,4911
4,4912
20,4912
5,4913
5,4914
3,4915
4,4918
18,4921
9,4923
13,4924
21,4927
20,4932
15,4939
6,4942
16,4944
17,4944
1,4946
2,4948
1,4949
11,4949
2,4950
3,4951
11,4952
1,4953
2,4954
16,4954
4,4955
5,4956
6,4956
23,4957
5,4958
3,4959
4,4960
17,4960
6,4962
1,4964
23,4964
7,4965
13,4965
15,4968
1,4969
2,4971
15,4971
2,4972
18,4972
21,4972
1,4973
2,4974
10,4975
24,4975
21,4976
3,4977
5,4980
4,4983
4,4985
3,4986
5,4987
11,4995
7,4998
3,5002
5,5003
5,5004
9,5005
18,5005
4,5006
3,5009
4,5013
8,5016
25,5019
16,5020
1,5038
8,5052
22,5058
19,5059
21,5060
1,5061
25,5062
1,5064
3,5064
4,5066
5,5067
2,5068
17,5068
3,5069
19,5069
2,5070
5,5070
1,5071
4,5071
2,5072
18,5073
15,5087
1,5100
2,5102
1,5104
1,5105
2,5107
6,5107
2,5112
5,5114
25,5115
21,5116
1,5118
24,5120
1,5121
2,5122
2,5125
1,5129
2,5131
4,5136
15,5146
23,5149
22,5154
20,5157
18,5158
1,5160
2,5161
22,5163
1,5164
1,5165
2,5167
2,5168
11,5169
22,5169
5,5173
3,5181
4,5182
4,5185
3,5188
21,5188
5,5190
21,5192
5,5193
1,5202
15,5202
3,5203
4,5204
4,5207
9,5207
17,5207
24,5207
3,5209
10,5209
5,5212
5,5213
1,5227
2,5229
1,5233
12,5234
9,5235
2,5240
6,5241
17,5242
1,5244
24,5244
2,5246
12,5250
6,5262
22,5262
25,5266
15,5272
25,5275
15,5284
21,5288
23,5288
1,5299
7,5300
2,5303
1,5304
3,5304
4,5306
1,5307
5,5307
13,5307
2,5308
5,5308
2,5309
3,5309
4,5311
21,5318
8,5327
24,5327
25,5328
8,5328
21,5340
10,5344
5,5351
23,5354
20,5359
4,5361
15,5365
23,5365
7,5366
3,5369
5,5370
5,5371
4,5372
9,5372
3,5373
18,5373
4,5374
11,5377
24,5385
3,5388
16,5388
6,5392
1,5393
5,5393
2,5394
1,5395
4,5395
12,5396
3,5397
2,5398
1,5401
5,5401
4,5402
19,5404
22,5404
2,5408
18,5408
3,5411
4,5412
4,5413
3,5414
14,5414
5,5415
6,5415
5,5416
3,5419
4,5420
3,5421
25,5423
5,5425
4,5426
1,5428
13,5428
5,5429
2,5430
1,5432
3,5432
1,5435
4,5435
2,5436
5,5437
2,5439
16,5439
5,5440
3,5441
10,5444
4,5445
9,5447
9,5448
10,5451
16,5463
25,5466
3,5467
23,5467
5,5471
25,5472
4,5472
5,5474
4,5475
3,5477
3,5479
5,5481
4,5482
4,5486
3,5488
5,5491
21,5493
15,5495
3,5496
25,5506
1,5528
3,5528
13,5528
2,5529
4,5529
1,5530
24,5532
2,5533
25,5534
1,5534
5,5534
2,5536
3,5536
4,5537
5,5539
10,5543
1,5544
1,5546
22,5546
2,5547
2,5548
1,5551
14,5553
2,5556
16,5561
13,5562
20,5562
17,5564
3,5565
5,5566
4,5568
3,5569
5,5570
22,5573
1,5574
1,5575
18,5576
2,5577
4,5577
17,5577
2,5582
1,5589
2,5590
3,5590
6,5590
5,5591
4,5592
5,5594
16,5596
4,5598
24,5599
3,5600
2,5615
7,5616
3,5619
11,5621
5,5622
4,5624
5,5625
4,5626
3,5628
16,5640
3,5644
13,5650
23,5650
23,5652
24,5654
3,5656
16,5656
1,5657
2,5658
4,5658
6,5658
4,5659
5,5661
1,5663
5,5664
1,5667
3,5667
6,5667
21,5669
6,5670
2,5671
2,5672
20,5673
25,5675
10,5676
1,5678
2,5679
1,5680
1,5682
2,5683
2,5684
6,5695
13,5706
8,5707
1,5710
2,5711
21,5713
1,5714
13,5714
2,5716
1,5717
2,5719
16,5719
1,5721
1,5723
19,5724
2,5726
2,5729
1,5730
3,5731
2,5732
4,5733
4,5734
5,5735
23,5736
5,5737
3,5738
1,5743
12,5744
2,5745
20,5745
1,5746
2,5747
24,5748
1,5749
2,5752
23,5755
14,5758
25,5760
1,5767
1,5771
2,5772
2,5773
1,5777
2,5782
11,5784
16,5784
21,5792
19,5794
3,5798
16,5799
5,5800
6,5800
9,5800
4,5801
3,5803
5,5804
4,5805
6,5813
23,5817
1,5821
2,5822
1,5823
3,5826
4,5827
1,5828
3,5828
2,5829
5,5829
19,5829
5,5830
23,5830
2,5831
4,5832
3,5833
3,5835
4,5837
5,5838
4,5840
3,5843
23,5844
5,5845
3,5846
6,5846
12,5849
21,5851
8,5852
14,5855
25,5872
3,5874
5,5879
4,5880
4,5881
5,5882
18,5882
3,5883
1,5884
11,5886
11,5894
24,5901
13,5902
11,5904
7,5908
10,5911
3,5913
3,5914
4,5915
12,5915
7,5920
3,5923
5,5924
14,5924
4,5925
5,5927
1,5929
2,5931
7,5931
1,5932
2,5933
1,5934
16,5934
2,5935
3,5937
4,5939
3,5940
21,5940
5,5941
4,5942
21,5942
1,5945
5,5945
1,5947
2,5949
1,5952
2,5953
24,5954
2,5956
21,5957
18,5966
19,5973
19,5983
1,5984
2,5985
1,5988
2,5989
9,5989
1,5990
2,5993
10,6000
11,6002
3,6003
5,6003
4,6004
5,6005
20,6005
3,6007
6,6007
5,6011
4,6013
3,6022
4,6026
25,6027
4,6027
3,6028
5,6029
5,6030
3,6031
20,6031
4,6032
5,6034
4,6035
20,6035
5,6037
13,6037
3,6038
1,6039
2,6040
1,6041
2,6042
21,6043
10,6044
1,6046
2,6047
3,6047
6,6047
4,6049
5,6051
23,6051
5,6055
20,6055
12,6057
4,6058
3,6060
23,6060
11,6061
20,6061
23,6068
8,6078
15,6081
15,6083
21,6087
17,6095
12,6096
3,6097
14,6097
22,6098
4,6101
14,6102
20,6102
10,6103
5,6104
5,6106
10,6108
3,6110
4,6111
7,6115
16,6123
20,6125
19,6132
19,6138
10,6139
13,6144
8,6147
1,6151
12,6152
1,6153
2,6154
1,6158
19,6159
2,6162
2,6165
17,6167
19,6168
22,6168
13,6170
12,6172
8,6175
16,6179
23,6183
18,6188
10,6191
22,6191
1,6196
2,6198
21,6198
1,6200
7,6200
17,6201
1,6202
2,6203
2,6208
10,6208
7,6210
12,6212
18,6213
11,6214
16,6225
6,6229
10,6244
1,6250
18,6252
22,6252
7,6253
1,6254
3,6254
10,6255
2,6257
4,6257
1,6258
2,6259
22,6261
2,6262
14,6262
24,6266
5,6267
4,6270
5,6271
3,6273
3,6275
4,6277
13,6277
20,6278
3,6279
5,6280
6,6280
1,6281
4,6282
9,6282
2,6283
5,6284
1,6285
1,6286
2,6287
2,6288
6,6291
19,6291
23,6292
3,6293
4,6294
5,6296
3,6297
4,6298
17,6298
5,6300
12,6309
3,6310
4,6312
3,6314
5,6318
17,6318
5,6320
11,6321
12,6321
4,6322
16,6323
8,6324
1,6329
1,6331
3,6332
19,6332
2,6333
4,6334
5,6335
3,6339
5,6340
4,6341
2,6342
1,6343
2,6345
8,6345
1,6346
1,6347
2,6349
1,6350
11,6351
22,6352
2,6353
2,6355
21,6357
11,6363
14,6363
17,6370
22,6372
23,6372
10,6373
24,6376
3,6377
14,6378
25,6382
5,6384
22,6384
4,6385
18,6386
13,6387
3,6388
4,6389
5,6391
10,6394
3,6395
22,6401
5,6403
4,6404
18,6405
3,6406
4,6407
5,6408
24,6408
13,6411
14,6412
25,6417
18,6434
22,6436
12,6438
16,6438
7,6442
21,6442
1,6445
11,6445
1,6448
25,6449
2,6450
1,6453
8,6454
2,6455
2,6459
3,6459
4,6460
5,6461
3,6462
5,6464
1,6465
1,6466
4,6466
2,6468
1,6469
2,6471
2,6472
3,6479
7,6479
5,6482
4,6483
4,6484
6,6484
3,6486
5,6487
15,6494
11,6495
20,6505
20,6519
3,6525
5,6526
10,6526
4,6529
5,6532
3,6533
4,6536
20,6537
3,6541
4,6543
4,6544
20,6545
13,6548
5,6549
5,6551
3,6552
11,6563
14,6567
25,6570
7,6570
3,6574
19,6576
1,6577
1,6580
4,6580
15,6580
2,6581
5,6581
2,6582
1,6583
4,6583
2,6584
3,6584
5,6587
7,6591
19,6595
3,6596
4,6597
4,6601
5,6604
5,6605
1,6607
3,6607
1,6608
16,6609
2,6610
9,6610
1,6611
2,6613
20,6615
2,6616
10,6619
2,6622
11,6624
24,6625
25,6630
6,6636
21,6636
3,6639
5,6640
1,6642
23,6642
1,6643
4,6643
2,6645
4,6645
18,6645
13,6646
6,6647
12,6647
18,6647
3,6648
1,6649
5,6649
2,6652
2,6653
16,6653
13,6666
13,6670
17,6670
1,6672
2,6673
1,6674
2,6676
1,6678
2,6680
24,6680
20,6684
18,6685
25,6692
12,6694
6,6695
12,6695
21,6705
17,6715
3,6716
23,6717
1,6718
4,6718
2,6719
5,6719
12,6719
5,6720
4,6721
1,6722
3,6722
2,6724
1,6725
2,6726
20,6728
19,6732
24,6735
1,6738
1,6740
2,6744
2,6745
1,6746
7,6746
2,6747
3,6747
4,6748
4,6750
3,6751
13,6751
5,6753
5,6755
6,6756
12,6757
3,6761
4,6762
6,6762
5,6764
5,6765
7,6765
4,6766
3,6767
7,6770
1,6780
2,6782
1,6784
6,6786
2,6787
19,6787
1,6788
2,6791
10,6793
1,6795
9,6797
1,6798
2,6802
1,6803
23,6803
3,6804
2,6805
5,6805
4,6807
5,6808
3,6809
2,6810
4,6810
12,6812
22,6818
22,6820
23,6820
17,6826
4,6832
3,6840
4,6841
5,6842
5,6843
4,6844
3,6846
6,6847
14,6851
1,6852
2,6854
21,6854
1,6855
2,6856
17,6856
1,6857
3,6860
2,6861
21,6861
15,6862
4,6864
4,6865
21,6867
5,6868
5,6869
14,6871
11,6874
18,6874
22,6874
3,6876
20,6876
16,6882
1,6885
1,6887
6,6887
2,6888
1,6889
2,6891
22,6892
2,6893
25,6900
6,6903
7,6905
13,6905
19,6905
24,6913
3,6916
4,6917
15,6917
5,6919
4,6920
3,6922
5,6923
19,6937
3,6948
14,6951
13,6956
3,6966
5,6968
5,6972
4,6973
3,6974
4,6977
15,6978
21,6979
3,6982
4,6983
3,6984
4,6985
5,6987
5,6989
8,6990
12,6992
9,7001
1,7004
1,7005
2,7008
2,7010
12,7010
3,7011
1,7012
4,7012
17,7012
2,7013
5,7014
20,7014
1,7015
1,7018
2,7020
2,7022
4,7022
13,7022
23,7022
1,7024
2,7025
5,7025
3,7026
1,7030
7,7030
16,7031
24,7033
1,7034
2,7035
2,7036
1,7037
2,7038
8,7040
12,7042
10,7052
9,7056
17,7057
21,7058
13,7059
2,7064
16,7065
9,7067
18,7068
7,7088
1,7092
1,7095
2,7096
10,7096
2,7097
1,7100
2,7101
6,7103
19,7104
1,7113
1,7114
2,7115
2,7116
1,7117
2,7118
18,7127
12,7128
24,7134
9,7135
18,7135
3,7140
8,7141
15,7144
24,7144
5,7145
5,7147
4,7149
4,7150
3,7151
21,7152
3,7153
7,7156
8,7156
1,7157
1,7158
2,7159
14,7159
1,7160
5,7160
6,7160
4,7161
2,7162
3,7162
13,7162
2,7163
25,7168
4,7168
5,7169
3,7181
7,7183
17,7184
18,7189
21,7191
23,7191
3,7193
20,7193
4,7194
5,7195
4,7196
5,7197
3,7199
3,7201
5,7203
4,7204
5,7205
1,7207
3,7207
4,7209
1,7210
9,7210
13,7210
2,7211
24,7211
2,7212
1,7213
24,7214
2,7215
10,7216
15,7220
19,7221
22,7223
8,7232
1,7235
1,7236
24,7236
2,7237
3,7237
4,7239
1,7240
2,7241
5,7241
4,7244
5,7245
20,7246
3,7247
2,7250
3,7252
16,7252
4,7253
4,7254
11,7254
1,7255
5,7255
24,7258
2,7259
5,7259
1,7261
3,7263
1,7264
2,7265
10,7265
2,7266
1,7268
2,7269
1,7270
2,7271
8,7271
1,7272
13,7273
2,7276
17,7282
7,7284
3,7286
4,7287
5,7288
25,7291
5,7292
3,7293
4,7294
3,7299
18,7300
11,7307
3,7308
20,7308
4,7309
3,7313
14,7316
16,7318
10,7319
4,7320
16,7321
23,7321
20,7322
5,7323
24,7323
5,7324
10,7325
1,7327
7,7327
2,7328
3,7328
25,7329
1,7329
4,7330
12,7330
4,7331
1,7333
5,7335
2,7336
5,7338
2,7339
3,7339
7,7341
25,7347
13,7356
5,7358
15,7362
6,7365
1,7374
2,7375
1,7378
8,7379
3,7380
2,7381
1,7382
22,7383
2,7385
4,7385
4,7387
20,7387
5,7388
5,7389
3,7392
17,7399
20,7410
5,7411
11,7412
8,7423
1,7425
17,7425
2,7427
1,7428
2,7429
1,7430
2,7432
3,7432
3,7436
8,7439
4,7440
4,7442
5,7443
6,7443
9,7443
24,7443
3,7444
5,7445
3,7446
5,7450
22,7450
4,7451
3,7452
4,7456
5,7457
23,7458
3,7459
11,7462
13,7463
4,7466
21,7466
4,7470
5,7471
3,7473
5,7476
1,7478
1,7479
2,7480
16,7480
1,7482
2,7486
9,7486
11,7488
2,7489
8,7495
21,7505
18,7507
3,7525
3,7535
5,7537
4,7538
20,7538
5,7545
10,7547
3,7550
4,7556
16,7557
11,7559
20,7561
17,7563
21,7564
14,7565
15,7568
24,7568
23,7569
21,7573
11,7581
1,7584
2,7585
1,7587
24,7587
1,7590
8,7590
2,7591
5,7593
2,7594
22,7600
3,7602
4,7603
5,7606
3,7607
5,7608
6,7609
4,7610
16,7610
3,7619
13,7621
4,7622
5,7623
4,7625
5,7626
3,7628
12,7645
19,7648
8,7652
3,7654
4,7655
3,7657
5,7658
5,7659
4,7660
8,7665
11,7677
13,7677
16,7683
23,7684
8,7685
3,7694
1,7695
9,7695
5,7696
1,7697
2,7698
20,7698
1,7699
2,7700
2,7701
4,7702
6,7702
3,7705
5,7706
4,7707
1,7708
9,7708
2,7709
10,7709
1,7711
1,7713
2,7714
6,7714
2,7715
23,7716
1,7717
2,7718
15,7721
1,7722
1,7723
2,7724
18,7724
2,7725
1,7727
24,7733
1,7736
2,7737
1,7738
3,7739
1,7740
2,7742
5,7742
11,7743
5,7744
2,7745
4,7745
4,7746
1,7750
3,7750
1,7751
2,7752
3,7752
9,7752
2,7753
20,7753
1,7754
4,7754
5,7755
2,7756
3,7756
3,7757
5,7757
4,7758
18,7761
23,7764
14,7770
20,7770
11,7773
14,7773
1,7775
19,7775
1,7777
2,7778
2,7780
1,7781
2,7782
23,7786
8,7788
18,7789
3,7792
4,7793
5,7794
23,7795
5,7797
9,7797
18,7797
5,7799
3,7800
9,7800
4,7804
15,7805
22,7808
17,7821
22,7822
19,7831
1,7837
11,7837
2,7838
24,7838
1,7841
2,7842
13,7842
21,7843
1,7846
9,7846
6,7847
2,7849
14,7851
24,7853
1,7854
2,7855
1,7856
1,7861
2,7862
2,7863
1,7870
23,7871
1,7872
3,7872
2,7873
4,7874
1,7875
5,7875
4,7876
2,7877
3,7877
17,7877
2,7879
5,7879
3,7883
4,7884
4,7885
5,7886
1,7888
1,7889
3,7889
7,7889
13,7890
2,7891
5,7894
2,7896
1,7897
2,7899
8,7903
21,7910
14,7915
12,7927
23,7927
11,7930
1,7934
1,7937
2,7938
11,7938
25,7941
3,7941
2,7942
1,7943
2,7944
4,7944
5,7945
19,7945
4,7947
3,7948
12,7950
4,7954
5,7954
9,7958
17,7967
10,7968
11,7968
23,7968
19,7969
3,7970
21,7970
5,7971
1,7972
4,7972
11,7972
1,7974
4,7974
2,7975
18,7975
2,7976
5,7976
1,7977
3,7979
2,7981
3,7993
4,7994
4,7998
3,8000
8,8000
6,8001
5,8002
5,8003
1,8004
2,8005
1,8009
1,8010
2,8015
2,8017
18,8018
6,8021
19,8021
24,8022
1,8023
1,8024
2,8024
6,8024
14,8026
17,8027
1,8028
1,8029
2,8030
2,8034
20,8034
1,8036
2,8039
1,8040
1,8041
2,8042
2,8043
16,8044
24,8046
1,8048
2,8049
1,8051
8,8051
1,8052
2,8053
2,8055
13,8055
20,8055
23,8063
8,8065
15,8070
1,8078
1,8079
2,8080
2,8081
3,8081
1,8082
2,8083
9,8083
14,8089
14,8091
3,8097
5,8098
4,8099
5,8100
3,8101
1,8102
4,8102
17,8102
2,8105
1,8108
2,8110
8,8110
1,8111
2,8113
21,8113
3,8116
10,8117
4,8119
1,8121
5,8122
24,8122
2,8123
4,8123
1,8124
2,8125
3,8125
1,8126
21,8126
5,8127
2,8130
1,8139
2,8140
23,8140
1,8141
13,8142
1,8143
13,8143
2,8146
2,8150
3,8151
4,8153
20,8153
5,8155
24,8157
4,8160
3,8162
5,8164
5,8165
1,8168
1,8169
2,8170
1,8171
2,8172
2,8173
2,8174
24,8183
1,8185
1,8186
8,8186
2,8188
1,8189
2,8190
23,8190
24,8190
8,8191
12,8191
2,8194
11,8202
15,8203
3,8206
4,8207
4,8208
3,8209
16,8210
5,8211
10,8211
5,8216
21,8217
9,8220
25,8226
17,8227
11,8234
12,8236
22,8236
16,8237
7,8238
3,8239
4,8241
25,8242
5,8242
5,8247
22,8248
4,8251
3,8255
15,8255
24,8255
1,8256
2,8257
1,8259
25,8260
2,8260
1,8261
2,8262
6,8283
3,8292
16,8292
5,8293
12,8293
4,8294
5,8295
5,8297
9,8298
1,8299
4,8299
1,8300
3,8300
23,8300
2,8303
25,8304
2,8304
1,8306
2,8307
18,8307
16,8312
12,8314
13,8333
3,8346
11,8346
13,8346
4,8347
3,8348
2,8350
5,8350
5,8351
4,8353
5,8355
1,8358
1,8360
2,8361
1,8362
2,8363
2,8364
4,8364
21,8366
18,8370
1,8376
1,8377
2,8379
1,8382
3,8384
10,8384
2,8385
2,8386
4,8386
5,8387
5,8389
13,8391
3,8392
23,8392
9,8393
1,8394
4,8394
1,8395
2,8396
2,8400
14,8402
25,8407
13,8407
3,8410
10,8410
1,8411
19,8412
5,8413
22,8413
4,8414
2,8415
4,8415
19,8415
5,8417
3,8421
11,8423
9,8427
23,8427
15,8435
25,8436
3,8444
23,8445
4,8446
8,8448
5,8455
5,8458
16,8459
4,8461
3,8465
5,8468
18,8471
20,8471
3,8487
11,8488
4,8491
5,8495
5,8496
18,8496
4,8499
16,8500
3,8501
10,8509
17,8510
1,8513
3,8514
16,8515
4,8516
4,8517
7,8517
5,8518
10,8518
5,8519
3,8522
12,8524
24,8528
4,8533
8,8539
13,8539
10,8540
19,8542
1,8543
20,8544
6,8545
1,8546
2,8554
13,8554
2,8555
21,8555
1,8558
3,8558
4,8559
21,8559
2,8562
5,8564
5,8566
13,8567
3,8569
13,8569
4,8570
18,8570
10,8580
18,8582
22,8594
19,8597
23,8599
17,8600
1,8609
2,8612
11,8613
3,8620
16,8621
4,8623
11,8624
21,8628
3,8633
5,8634
4,8635
5,8636
18,8643
9,8652
20,8652
1,8657
1,8658
17,8658
17,8659
2,8660
11,8660
1,8668
17,8668
2,8669
2,8670
23,8672
14,8674
9,8678
24,8680
1,8683
1,8684
2,8685
1,8687
2,8688
2,8691
8,8691
21,8692
11,8696
15,8698
17,8699
8,8700
6,8704
22,8705
9,8708
16,8717
24,8719
9,8721
25,8722
6,8725
25,8733
10,8733
22,8734
16,8737
25,8744
6,8747
1,8748
2,8750
1,8751
1,8754
12,8754
2,8755
22,8756
2,8757
22,8775
3,8781
4,8783
4,8784
5,8785
3,8786
20,8786
5,8789
21,8789
3,8793
16,8798
24,8802
10,8808
10,8814
17,8819
19,8820
13,8827
2,8828
3,8830
8,8831
5,8832
4,8833
16,8837
19,8838
1,8840
5,8840
4,8842
2,8843
1,8844
3,8845
15,8846
2,8847
21,8847
1,8849
2,8850
21,8850
22,8850
17,8856
7,8862
11,8866
10,8871
7,8872
20,8872
20,8881
3,8887
4,8888
4,8889
1,8890
18,8890
20,8890
1,8891
2,8893
2,8894
3,8894
1,8895
5,8895
2,8896
5,8897
1,8911
22,8911
2,8915
2,8917
1,8918
6,8919
13,8922
1,8926
2,8928
2,8929
7,8932
1,8933
2,8936
1,8938
1,8940
3,8940
2,8941
6,8941
2,8942
4,8942
5,8943
4,8944
10,8944
3,8945
5,8949
6,8952
1,8958
8,8964
1,8967
3,8967
8,8967
2,8968
5,8968
1,8969
2,8970
1,8971
1,8972
2,8972
4,8973
4,8975
3,8976
5,8977
25,8983
3,8994
4,8995
17,8995
15,8998
5,8999
5,9004
9,9004
4,9006
3,9007
6,9008
20,9010
18,9021
3,9022
4,9023
5,9025
21,9026
4,9027
22,9032
5,9033
25,9034
3,9036
18,9041
9,9043
19,9046
6,9048
21,9049
25,9051
17,9053
14,9062
11,9075
14,9081
14,9085
1,9089
1,9090
2,9092
1,9095
10,9095
13,9100
2,9101
2,9104
12,9104
20,9105
3,9106
5,9109
4,9111
13,9111
19,9111
5,9112
4,9116
3,9117
6,9117
3,9124
9,9125
13,9131
3,9136
5,9137
5,9138
4,9140
7,9140
3,9142
4,9143
17,9143
23,9146
1,9152
25,9153
1,9153
2,9154
3,9156
5,9158
2,9159
4,9159
5,9160
1,9161
4,9161
3,9162
2,9163
10,9171
1,9174
3,9175
15,9175
5,9177
4,9178
4,9180
5,9181
3,9182
3,9183
22,9183
4,9188
18,9188
3,9189
10,9189
5,9190
4,9191
16,9191
10,9192
5,9195
20,9195
16,9197
14,9204
23,9210
1,9214
1,9215
3,9215
4,9216
2,9217
5,9218
1,9219
4,9219
7,9219
5,9221
2,9225
3,9225
10,9225
2,9228
21,9229
1,9238
2,9243
1,9247
1,9248
2,9249
8,9249
2,9255
24,9255
1,9258
2,9260
1,9262
2,9264
1,9266
23,9268
2,9269
16,9276
8,9277
1,9287
2,9289
1,9291
18,9291
1,9293
2,9294
2,9297
1,9303
2,9304
1,9305
2,9306
1,9308
2,9309
23,9317
9,9318
14,9321
13,9322
7,9323
18,9323
1,9325
1,9327
11,9328
2,9329
2,9330
19,9330
25,9335
6,9336
1,9338
2,9339
12,9340
10,9341
18,9348
19,9353
10,9355
25,9358
7,9359
19,9360
12,9363
10,9368
25,9372
20,9374
10,9378
11,9378
9,9381
3,9387
5,9389
4,9390
3,9391
20,9394
5,9396
4,9397
11,9400
6,9402
1,9425
14,9425
18,9425
6,9426
1,9427
2,9428
2,9429
1,9433
16,9433
2,9435
3,9436
4,9438
5,9439
25,9440
4,9441
5,9442
3,9443
20,9447
21,9448
13,9451
9,9452
24,9457
19,9461
17,9468
21,9473
3,9475
15,9475
4,9476
4,9477
3,9478
5,9482
1,9483
5,9483
1,9486
2,9487
2,9488
1,9489
22,9490
2,9491
13,9491
21,9492
13,9494
21,9494
6,9498
23,9498
2,9499
24,9503
10,9507
1,9508
3,9509
4,9510
5,9511
1,9512
2,9514
4,9515
3,9516
1,9517
2,9519
5,9519
2,9522
19,9525
7,9528
3,9529
25,9530
21,9531
4,9533
4,9535
6,9536
5,9538
5,9539
3,9541
24,9541
25,9545
25,9549
6,9550
9,9551
1,9553
17,9553
17,9557
2,9559
1,9560
2,9561
1,9562
3,9562
4,9562
4,9563
2,9564
20,9564
4,9565
3,9568
2,9571
5,9571
5,9576
3,9579
4,9580
5,9583
3,9585
12,9585
4,9586
21,9586
1,9589
5,9589
1,9590
2,9592
1,9593
2,9595
2,9596
16,9596
1,9600
13,9600
1,9602
14,9602
3,9603
4,9605
6,9605
2,9606
4,9606
6,9606
4,9607
2,9608
5,9609
23,9609
5,9610
1,9612
2,9613
3,9613
17,9615
21,9619
3,9622
10,9624
4,9625
5,9626
3,9627
9,9633
5,9634
4,9641
8,9642
21,9653
23,9654
17,9657
25,9658
19,9660
20,9668
3,9669
7,9670
4,9671
3,9672
25,9674
4,9674
5,9676
5,9677
1,9680
1,9681
13,9685
2,9690
1,9693
2,9696
3,9696
2,9699
5,9699
4,9700
12,9700
3,9701
5,9702
16,9703
4,9704
22,9710
4,9711
12,9712
1,9717
2,9719
1,9720
10,9720
17,9721
17,9722
1,9727
13,9728
2,9729
2,9730
1,9744
1,9745
2,9747
2,9748
3,9749
1,9750
4,9750
2,9751
3,9751
24,9753
5,9755
4,9756
5,9761
17,9769
4,9774
9,9775
20,9775
3,9777
10,9777
12,9777
4,9779
5,9780
3,9781
4,9782
17,9782
5,9784
3,9786
4,9786
15,9787
10,9788
21,9791
4,9792
6,9794
3,9796
5,9797
9,9799
4,9800
5,9801
22,9804
16,9808
21,9810
12,9814
1,9815
2,9817
1,9819
1,9821
2,9822
2,9823
4,9823
12,9824
13,9825
14,9830
15,9841
6,9846
25,9855
15,9855
8,9856
17,9860
7,9862
15,9865
3,9866
4,9867
1,9868
1,9869
4,9869
2,9870
1,9872
5,9875
2,9878
3,9878
17,9879
2,9880
5,9881
15,9883
24,9883
3,9896
16,9896
4,9897
5,9898
19,9898
4,9900
5,9901
3,9903
18,9903
10,9912
22,9917
3,9929
5,9930
5,9932
21,9933
4,9937
3,9940
4,9941
3,9946
11,9950
18,9950
8,9952
21,9962
9,9968
22,9973
13,9983
20,9987
9,9995
6,9996
18,9996
13,9998
1,9999
