33,1
83,1
42,3
29,4
21,5
65,5
69,5
12,6
96,6
3,7
27,7
4,8
79,8
42,9
62,9
1,11
5,11
2,12
4,12
3,13
5,14
87,15
19,16
72,16
82,16
1,17
52,17
1,18
3,18
2,19
38,19
2,20
4,20
3,21
29,21
39,21
40,22
4,23
44,24
17,26
5,28
61,29
67,30
97,30
99,30
5,31
44,31
38,38
73,38
35,42
72,42
17,44
44,45
65,46
52,47
44,48
69,48
8,49
41,49
82,49
92,51
73,53
80,53
51,54
80,56
100,57
52,57
87,57
59,58
89,59
81,60
89,60
1,61
2,62
57,62
1,63
86,63
2,64
39,65
1,66
93,67
2,68
58,68
95,68
60,69
73,69
98,69
17,70
71,70
47,71
19,73
27,73
84,73
46,75
17,76
41,77
21,78
93,79
36,81
43,82
3,84
69,86
23,88
5,89
4,90
6,90
43,90
88,91
24,92
32,92
53,92
9,93
45,93
68,94
96,94
44,95
3,96
5,97
69,97
90,97
9,98
19,98
46,98
4,99
18,99
78,99
75,102
32,104
35,104
97,104
21,105
79,105
26,106
74,106
16,107
26,108
39,108
62,112
96,112
19,113
85,113
46,114
98,114
35,115
1,117
1,119
15,119
54,119
2,121
28,122
3,123
1,124
72,125
4,126
74,126
2,127
98,127
3,128
2,129
5,129
5,132
4,133
12,133
55,133
67,133
5,135
17,135
86,136
7,137
29,140
68,140
20,141
8,144
29,146
39,146
27,147
32,147
71,148
52,150
14,157
63,158
18,159
79,160
45,161
83,162
95,164
94,166
8,168
3,169
32,169
4,170
24,170
45,170
32,171
53,172
59,172
95,172
5,174
27,174
67,174
5,176
12,176
90,176
3,177
99,177
36,178
4,180
32,181
86,184
82,185
39,186
42,186
72,186
10,187
76,187
73,189
85,189
81,190
2,191
28,191
4,192
66,192
14,194
65,195
1,196
2,197
7,197
52,197
1,198
11,198
97,198
1,200
2,201
18,201
2,202
26,203
38,203
75,203
83,203
71,204
49,206
16,207
34,207
79,207
68,208
78,208
93,208
31,209
38,209
10,210
49,210
33,211
99,216
35,217
55,219
40,220
75,220
8,224
56,224
81,224
92,225
1,226
2,228
29,228
1,229
1,230
2,231
51,231
16,232
30,232
91,232
55,233
99,233
43,234
95,235
16,236
45,237
100,238
9,238
2,240
3,240
51,241
5,243
60,243
74,243
5,244
91,244
1,245
28,245
15,246
4,247
8,248
72,248
99,248
3,249
18,249
1,250
4,250
2,251
17,251
58,251
26,252
90,252
17,253
2,255
1,256
51,256
2,257
3,258
16,258
38,258
75,259
22,260
30,260
59,260
31,261
4,263
3,264
4,264
2,265
5,266
3,268
60,268
37,269
60,270
5,271
45,271
15,272
91,272
13,273
31,273
89,273
68,276
77,276
84,276
59,281
34,282
98,282
59,284
4,286
89,286
52,287
32,288
44,288
94,288
95,289
100,291
65,291
32,293
39,293
64,295
54,296
77,296
3,297
10,297
65,297
4,298
39,298
5,299
73,299
96,299
5,300
78,302
3,303
88,304
4,305
37,306
91,308
73,309
77,309
15,310
55,310
79,312
36,313
57,313
84,320
13,321
1,322
87,323
31,325
62,328
78,328
27,329
55,329
63,331
76,331
26,332
37,332
38,332
58,333
28,334
59,334
3,335
8,335
22,337
59,338
1,339
52,339
2,341
5,341
44,341
77,341
4,342
21,342
68,343
5,344
4,345
65,345
3,346
7,346
22,346
93,346
1,347
1,349
10,349
2,350
10,350
24,351
45,351
2,352
48,352
60,352
93,352
61,353
81,353
6,354
10,354
22,354
95,354
67,357
55,359
30,360
57,361
98,361
61,363
19,364
30,364
21,365
3,366
88,366
72,367
65,371
97,372
1,373
2,374
82,374
22,375
1,378
14,378
75,378
38,379
39,379
1,380
2,381
2,383
9,383
80,383
7,384
42,384
66,384
76,384
96,389
63,390
79,390
55,392
93,392
98,392
74,393
91,394
99,395
61,398
95,399
19,402
72,404
93,404
82,405
50,406
43,407
17,408
35,408
63,408
61,413
20,414
63,414
12,415
99,415
24,416
25,416
51,416
66,416
36,418
89,418
89,420
8,421
27,421
56,424
16,425
32,426
45,426
46,427
79,428
55,430
20,433
33,433
78,433
8,434
41,434
100,435
74,435
51,437
45,438
79,440
70,441
96,441
100,443
63,443
73,443
17,444
27,444
95,444
46,447
48,447
34,448
20,449
91,451
77,455
8,456
57,456
28,457
27,458
65,458
6,459
59,459
80,459
11,460
95,460
1,463
65,463
1,464
72,464
2,467
15,468
1,470
2,471
2,473
57,473
55,474
72,474
80,475
46,477
6,479
85,479
66,483
1,484
2,485
87,485
22,486
85,487
69,488
1,489
15,489
19,489
41,489
85,489
100,490
1,490
12,490
49,491
84,491
2,492
27,492
2,493
53,493
1,494
1,495
42,497
80,498
2,500
2,501
57,501
60,502
1,504
41,504
42,504
24,505
24,507
94,507
2,508
47,509
64,509
70,509
83,509
14,512
66,512
74,512
1,514
64,514
77,514
17,515
84,515
55,518
40,519
2,520
1,521
43,521
46,522
2,523
96,523
1,524
18,524
2,525
37,527
1,530
14,530
43,530
2,531
1,532
79,532
2,535
24,535
28,535
93,535
1,537
38,538
84,538
2,539
37,547
73,547
18,549
18,551
95,551
87,552
74,554
55,555
1,556
3,556
28,556
38,557
52,557
94,557
99,557
71,558
5,559
2,560
4,560
27,561
56,563
67,563
4,564
50,564
80,564
1,565
28,565
5,566
66,567
2,568
55,568
60,568
3,569
53,570
90,570
9,572
48,572
66,573
1,576
34,576
2,577
22,577
50,577
59,577
66,577
72,577
45,578
8,579
22,579
13,580
51,580
7,585
36,585
44,585
35,586
48,586
20,587
7,588
12,588
32,588
71,588
75,588
25,589
32,589
35,589
45,589
6,592
27,592
19,593
69,593
57,594
10,596
79,596
11,597
54,597
58,599
88,599
91,599
64,601
46,603
65,603
47,604
74,605
81,606
34,607
14,608
3,610
75,610
4,611
69,612
5,613
6,613
36,614
78,614
79,614
51,617
3,619
14,619
4,620
5,622
93,622
23,623
99,623
50,624
96,624
40,625
83,625
1,627
23,627
75,627
1,629
31,629
64,629
22,630
89,630
2,631
10,631
47,631
63,633
82,634
1,635
26,635
23,636
36,636
80,636
6,637
2,638
43,638
32,639
97,639
2,640
26,642
35,642
98,642
43,644
10,645
51,645
86,646
63,647
74,647
88,648
12,650
74,651
24,653
96,654
1,655
1,656
2,657
2,658
30,658
72,658
1,660
2,661
36,661
80,661
84,664
10,665
40,665
20,667
45,667
68,668
31,669
70,669
3,672
70,673
84,673
4,674
3,676
5,678
4,679
50,680
29,681
5,682
46,682
75,682
64,683
76,683
23,684
9,686
63,686
10,688
96,688
32,689
73,690
21,691
22,692
85,692
48,693
65,693
77,693
75,694
26,696
43,696
19,697
91,697
14,698
22,698
3,699
30,699
45,699
66,701
83,701
4,703
3,704
79,704
88,704
89,705
5,706
4,708
68,708
5,709
11,709
45,710
60,710
85,710
1,711
70,711
82,712
2,713
68,713
1,714
63,714
1,715
65,715
2,716
38,716
100,717
40,717
2,718
9,718
79,718
100,719
77,719
89,719
81,720
91,720
61,721
33,722
82,722
1,723
84,723
71,724
84,724
1,725
2,726
99,726
46,727
59,727
65,727
84,727
86,727
23,728
2,729
20,731
1,734
14,734
35,737
2,738
26,740
44,740
3,743
26,743
34,743
5,744
6,744
4,745
4,746
20,746
47,746
5,747
38,748
61,748
74,748
3,749
6,751
36,751
42,751
51,751
81,753
1,754
3,754
53,754
1,755
2,756
5,756
85,757
4,758
2,759
5,759
58,759
1,761
3,761
4,762
2,764
41,764
57,764
63,764
41,766
46,766
89,766
100,768
69,770
77,772
98,772
26,773
1,774
33,774
2,775
35,775
1,776
81,777
2,778
6,778
22,778
50,778
1,779
81,779
2,780
55,780
22,783
43,783
35,785
38,786
47,786
19,787
50,787
39,791
30,792
54,792
12,794
31,795
36,795
88,798
24,799
44,799
75,800
12,801
66,801
90,801
10,802
53,802
22,804
32,805
7,808
10,813
52,815
57,815
32,818
59,819
26,820
53,821
41,822
6,824
55,824
77,824
3,825
4,826
35,826
1,827
1,828
3,828
5,829
80,829
2,830
83,830
2,831
5,831
4,832
73,832
1,833
45,833
48,833
98,834
2,837
18,838
40,838
25,839
32,839
41,840
51,841
86,842
89,842
91,842
44,843
59,843
26,844
48,845
7,846
15,847
95,847
40,848
59,848
76,848
23,849
55,850
60,850
27,851
59,852
8,853
32,853
30,856
52,856
33,859
78,860
68,863
78,863
6,864
78,864
73,865
97,867
19,868
14,870
33,870
3,873
4,874
5,875
92,875
1,876
4,876
2,877
5,877
19,877
1,878
2,879
3,879
65,879
68,879
93,879
1,880
4,880
79,880
2,881
18,882
59,882
8,883
49,883
95,883
80,884
88,884
23,885
29,887
92,887
1,889
82,889
92,889
1,891
97,892
2,893
23,893
49,893
29,894
1,895
2,896
33,897
2,898
15,899
36,899
8,902
52,902
60,904
96,904
63,905
1,907
99,907
71,908
74,908
18,909
59,909
2,910
88,910
3,912
29,913
49,913
4,916
16,916
70,916
73,916
1,917
5,917
1,918
5,918
11,918
2,919
3,919
12,919
2,920
4,920
3,922
11,923
4,925
50,925
77,925
10,926
3,927
71,927
5,928
26,928
28,928
7,929
85,929
4,930
23,930
5,931
39,931
64,933
57,934
71,934
78,935
97,935
33,938
13,939
85,940
93,941
18,943
46,943
66,943
48,944
94,944
62,945
9,946
56,946
91,946
14,948
1,950
49,950
1,951
20,951
53,951
58,951
2,952
60,952
84,952
2,954
72,954
1,955
79,955
2,956
42,956
21,959
55,962
37,963
43,963
63,963
41,966
60,966
68,969
83,969
96,969
16,970
6,971
10,971
80,972
38,973
76,973
90,973
3,976
7,976
46,976
5,977
4,978
37,978
44,978
56,978
5,979
3,980
14,980
4,981
45,981
90,982
69,983
63,984
41,986
85,986
100,987
17,989
95,991
54,992
12,993
50,993
84,993
42,994
22,995
84,995
100,996
53,996
42,997
27,998
36,1000
39,1000
54,1001
51,1002
62,1002
29,1003
39,1003
77,1003
71,1005
30,1008
11,1009
94,1009
30,1011
56,1012
53,1014
81,1015
91,1019
96,1019
84,1020
93,1022
24,1023
47,1023
90,1023
12,1024
5,1025
14,1025
53,1025
31,1026
76,1026
56,1027
1,1028
3,1028
52,1028
5,1029
2,1031
21,1031
1,1032
84,1032
4,1033
44,1033
4,1034
13,1034
3,1037
2,1038
1,1039
2,1040
5,1040
60,1040
3,1042
1,1043
5,1043
2,1045
5,1047
13,1047
22,1047
77,1047
79,1047
1,1049
4,1049
59,1049
95,1049
2,1050
43,1050
1,1051
4,1051
63,1051
71,1051
2,1052
7,1052
3,1053
30,1053
22,1054
18,1055
59,1056
22,1058
35,1059
61,1059
86,1062
3,1063
49,1063
21,1065
48,1065
17,1066
68,1066
54,1067
25,1068
8,1069
16,1069
21,1069
4,1070
38,1070
5,1071
4,1072
50,1072
100,1073
61,1074
5,1075
9,1075
49,1078
80,1078
32,1079
4,1080
45,1081
48,1081
3,1082
38,1082
7,1083
25,1083
45,1084
1,1085
30,1085
1,1087
2,1088
67,1089
95,1089
1,1090
57,1090
95,1090
2,1092
36,1092
55,1092
99,1092
63,1093
19,1094
47,1094
94,1094
26,1095
48,1096
2,1097
47,1098
11,1099
53,1100
51,1101
71,1102
93,1103
1,1105
10,1105
90,1105
97,1105
2,1106
92,1107
88,1108
1,1109
76,1109
95,1110
1,1111
70,1111
2,1112
20,1112
21,1112
34,1113
2,1115
30,1115
19,1116
1,1121
21,1121
50,1121
73,1121
2,1122
52,1122
1,1123
86,1124
1,1125
2,1126
79,1130
45,1131
2,1132
60,1134
43,1136
64,1136
69,1139
8,1140
49,1141
23,1143
50,1143
31,1144
73,1145
11,1146
15,1146
74,1146
66,1147
23,1150
84,1150
9,1152
36,1153
80,1153
84,1153
1,1155
82,1155
12,1158
94,1158
1,1159
2,1160
25,1161
40,1162
43,1162
66,1163
71,1163
2,1164
6,1164
85,1164
1,1165
34,1165
90,1166
2,1167
28,1168
25,1169
34,1169
55,1169
71,1169
97,1169
11,1171
40,1171
63,1171
90,1172
84,1173
100,1174
87,1174
3,1177
23,1178
4,1179
10,1179
15,1179
81,1179
3,1180
21,1181
82,1181
5,1182
40,1182
74,1182
83,1182
4,1185
15,1185
5,1187
31,1189
32,1189
45,1189
26,1190
80,1190
59,1191
94,1191
46,1192
98,1192
85,1193
32,1194
98,1194
1,1195
17,1196
2,1197
93,1197
1,1199
2,1201
61,1201
1,1202
2,1203
41,1203
29,1205
91,1206
96,1206
70,1207
94,1207
41,1209
66,1211
83,1211
84,1211
1,1212
42,1212
52,1212
20,1213
57,1213
95,1214
1,1215
93,1215
2,1218
1,1220
39,1220
79,1220
2,1221
19,1221
2,1222
40,1225
32,1226
59,1228
1,1229
84,1229
2,1230
3,1230
91,1230
1,1231
4,1231
61,1231
1,1233
3,1233
12,1233
4,1234
50,1234
2,1235
5,1235
6,1235
14,1235
21,1235
32,1235
5,1236
18,1236
80,1236
2,1237
12,1238
1,1240
1,1241
43,1241
2,1242
38,1242
78,1242
96,1243
2,1244
1,1245
9,1245
33,1245
35,1245
2,1248
3,1249
72,1249
4,1250
5,1251
20,1252
3,1253
11,1255
4,1259
5,1263
64,1263
25,1264
6,1265
10,1265
61,1266
90,1268
86,1269
25,1270
10,1272
43,1272
27,1274
44,1276
75,1276
95,1276
1,1277
35,1277
55,1277
1,1278
2,1280
11,1281
2,1282
13,1282
58,1282
1,1283
52,1283
2,1285
53,1285
17,1286
26,1287
50,1289
2,1290
23,1290
72,1290
75,1292
78,1293
16,1294
76,1294
46,1296
60,1296
59,1297
68,1298
22,1299
95,1299
45,1301
79,1302
30,1303
70,1304
90,1304
24,1305
75,1306
1,1309
25,1310
79,1310
91,1310
2,1312
1,1313
87,1313
64,1314
95,1314
58,1315
6,1316
14,1316
36,1316
26,1317
95,1318
40,1319
58,1319
62,1319
1,1321
2,1322
3,1322
2,1324
5,1324
9,1324
71,1324
4,1325
67,1326
5,1327
55,1327
62,1327
3,1328
51,1328
55,1328
79,1328
4,1330
54,1330
70,1330
79,1330
48,1332
49,1332
39,1333
100,1334
14,1334
32,1334
70,1334
21,1335
70,1335
76,1336
53,1337
83,1337
1,1338
83,1338
100,1339
2,1339
47,1339
1,1340
16,1340
2,1341
65,1341
1,1342
88,1343
68,1344
84,1344
89,1344
21,1345
12,1346
20,1346
21,1346
32,1346
2,1347
12,1348
68,1348
83,1348
92,1351
8,1354
45,1354
1,1355
54,1355
38,1356
16,1357
98,1358
1,1359
81,1359
93,1359
58,1360
74,1360
2,1361
13,1361
65,1361
34,1362
59,1362
41,1364
37,1365
2,1366
19,1366
1,1367
34,1367
78,1367
38,1368
9,1369
81,1369
59,1370
39,1371
74,1373
2,1374
41,1374
1,1376
24,1376
76,1376
66,1377
1,1378
69,1378
71,1378
2,1380
34,1381
35,1382
17,1383
56,1383
1,1385
77,1385
96,1385
51,1386
2,1387
41,1387
13,1388
45,1388
96,1388
2,1389
36,1392
46,1392
81,1392
32,1393
39,1394
6,1395
60,1397
65,1397
38,1398
15,1400
81,1400
76,1401
15,1404
12,1405
24,1405
43,1408
53,1408
33,1409
42,1409
69,1410
1,1411
31,1412
3,1413
10,1413
27,1414
48,1414
5,1415
52,1415
42,1417
51,1417
5,1419
46,1419
86,1419
4,1420
4,1421
25,1421
3,1422
7,1424
81,1425
24,1426
1,1427
2,1428
37,1428
22,1429
39,1429
28,1431
44,1431
1,1432
2,1433
71,1433
1,1434
2,1436
36,1436
71,1437
20,1438
34,1438
1,1439
40,1439
1,1440
2,1441
34,1441
1,1443
3,1443
78,1443
5,1444
2,1445
4,1445
92,1445
47,1446
82,1446
2,1447
56,1447
64,1447
92,1447
100,1448
48,1448
73,1448
79,1449
86,1450
4,1451
5,1452
73,1453
76,1453
3,1455
90,1456
27,1457
62,1457
76,1457
13,1458
35,1458
51,1458
69,1460
72,1460
1,1463
17,1463
91,1463
1,1464
96,1465
2,1466
77,1466
41,1467
1,1468
17,1468
32,1468
68,1468
83,1468
2,1469
2,1470
68,1470
86,1470
3,1471
10,1471
4,1472
4,1473
5,1474
8,1474
51,1474
64,1474
5,1475
35,1475
80,1475
3,1476
34,1476
40,1476
56,1476
69,1477
14,1479
56,1480
81,1481
65,1482
74,1482
29,1484
49,1484
77,1485
15,1488
59,1488
3,1490
4,1491
4,1492
10,1492
3,1493
1,1494
21,1495
83,1495
93,1495
5,1496
79,1496
2,1497
68,1497
99,1497
5,1498
29,1498
54,1499
96,1499
1,1501
77,1501
37,1503
41,1503
89,1503
6,1504
59,1504
98,1504
2,1505
1,1506
18,1506
65,1506
2,1508
68,1509
50,1511
62,1511
66,1514
64,1515
16,1516
23,1516
1,1517
2,1520
6,1520
64,1520
77,1520
1,1522
84,1522
1,1523
44,1523
38,1524
60,1524
2,1525
41,1525
90,1526
2,1527
20,1527
7,1530
71,1531
96,1531
10,1533
1,1536
32,1536
94,1537
2,1538
36,1538
53,1540
1,1541
1,1542
2,1544
17,1544
30,1545
2,1547
67,1548
83,1549
93,1550
4,1553
3,1554
4,1555
38,1555
5,1556
3,1559
89,1559
6,1560
48,1560
35,1561
79,1561
80,1562
95,1563
4,1565
56,1565
70,1565
5,1566
18,1566
18,1567
34,1568
90,1568
24,1570
29,1570
58,1570
15,1572
75,1573
81,1573
37,1575
17,1576
83,1576
14,1577
70,1581
98,1581
3,1582
89,1582
52,1583
95,1583
4,1584
10,1584
75,1584
3,1585
35,1585
50,1585
72,1585
91,1585
4,1586
5,1587
19,1587
29,1587
5,1589
42,1590
78,1591
79,1592
78,1594
70,1595
91,1595
12,1596
72,1596
77,1596
49,1597
50,1597
68,1597
53,1599
85,1599
82,1601
53,1602
46,1605
55,1605
100,1609
19,1609
30,1610
43,1610
80,1610
30,1612
40,1613
90,1613
9,1614
54,1614
83,1614
100,1616
1,1616
75,1616
99,1616
2,1617
1,1619
2,1621
9,1621
72,1621
30,1622
84,1622
52,1623
59,1623
88,1623
90,1623
1,1624
2,1625
25,1626
91,1627
75,1628
3,1629
77,1629
5,1630
10,1631
4,1632
33,1632
80,1632
6,1633
8,1633
52,1633
93,1633
4,1634
37,1634
28,1635
56,1635
71,1635
5,1636
69,1637
3,1638
34,1638
97,1638
15,1640
51,1640
68,1641
98,1642
3,1644
52,1644
63,1645
5,1647
7,1647
66,1647
75,1647
4,1648
75,1648
15,1649
40,1649
3,1650
4,1653
83,1653
5,1654
14,1655
22,1655
36,1656
90,1656
32,1657
59,1658
57,1660
37,1661
48,1661
68,1661
81,1661
31,1662
40,1664
62,1664
1,1665
73,1665
2,1666
1,1668
3,1668
2,1669
4,1670
87,1670
1,1671
37,1671
2,1673
4,1673
22,1673
41,1674
7,1676
5,1678
58,1678
75,1678
100,1679
3,1679
12,1679
92,1679
5,1681
1,1683
34,1684
58,1684
1,1685
2,1686
61,1686
87,1686
86,1687
2,1688
20,1688
59,1688
68,1688
1,1690
40,1690
47,1690
2,1691
88,1691
74,1692
11,1694
66,1694
1,1695
71,1695
8,1696
2,1697
29,1698
73,1698
99,1698
2,1699
17,1699
34,1699
8,1700
1,1702
43,1702
61,1702
2,1703
3,1703
1,1704
38,1704
74,1704
4,1705
37,1705
2,1706
98,1706
3,1707
21,1708
90,1708
5,1709
19,1709
5,1711
27,1711
4,1712
55,1712
36,1713
43,1713
57,1713
81,1713
43,1715
57,1715
67,1715
21,1716
66,1716
81,1716
11,1718
15,1718
65,1718
15,1719
51,1721
54,1722
79,1722
71,1723
11,1726
59,1727
76,1728
46,1730
8,1731
48,1732
20,1736
27,1736
48,1736
97,1736
21,1741
25,1743
35,1744
73,1744
62,1745
14,1748
68,1748
11,1749
95,1749
58,1751
86,1751
24,1752
1,1753
1,1755
2,1756
5,1756
1,1758
2,1759
88,1760
2,1762
34,1764
15,1767
29,1767
45,1768
91,1771
94,1772
32,1776
68,1777
16,1778
30,1778
38,1778
52,1778
46,1779
59,1780
15,1781
45,1781
48,1781
47,1782
71,1782
37,1783
15,1785
44,1785
25,1786
58,1787
10,1790
17,1791
15,1792
60,1792
60,1793
1,1794
17,1794
43,1794
1,1795
66,1795
2,1796
77,1796
3,1797
2,1798
59,1798
66,1798
82,1798
1,1800
5,1800
36,1800
94,1800
4,1801
75,1801
2,1802
4,1802
5,1803
3,1804
61,1805
72,1805
34,1806
41,1809
57,1809
90,1809
35,1810
54,1810
57,1810
60,1811
48,1813
11,1814
15,1814
91,1815
56,1818
3,1820
8,1820
37,1821
41,1822
18,1826
73,1826
93,1827
72,1829
74,1830
84,1832
75,1834
96,1834
1,1835
29,1835
1,1836
6,1837
14,1837
25,1837
61,1838
90,1838
14,1839
8,1840
10,1840
1,1843
59,1843
91,1843
2,1844
27,1844
95,1845
2,1846
47,1846
91,1846
95,1846
1,1848
43,1849
79,1850
97,1850
2,1851
43,1851
64,1851
80,1852
47,1853
57,1853
60,1853
63,1853
59,1854
36,1855
46,1855
35,1859
56,1861
3,1863
5,1864
4,1866
72,1866
98,1866
3,1867
1,1868
10,1868
72,1868
1,1869
41,1869
5,1870
2,1871
31,1871
73,1872
2,1873
4,1873
1,1874
58,1874
2,1875
78,1875
56,1877
59,1877
89,1877
27,1879
69,1879
34,1880
100,1883
54,1883
80,1884
100,1888
21,1891
25,1892
81,1892
45,1894
8,1895
75,1895
71,1896
74,1896
27,1898
99,1898
89,1899
94,1899
3,1900
44,1900
52,1900
25,1901
5,1903
63,1906
4,1907
90,1907
1,1908
61,1908
62,1908
39,1909
49,1909
1,1910
3,1910
4,1911
2,1912
5,1912
61,1912
1,1913
87,1913
42,1914
2,1915
29,1916
38,1917
2,1918
6,1919
51,1920
87,1923
12,1925
24,1925
86,1925
35,1927
55,1927
69,1928
77,1932
80,1932
82,1932
92,1932
65,1934
20,1935
31,1936
76,1938
33,1939
100,1940
66,1941
9,1942
80,1943
84,1943
15,1944
43,1944
76,1944
18,1946
16,1949
66,1950
56,1952
28,1953
39,1954
47,1955
71,1956
23,1957
18,1959
48,1959
69,1959
6,1960
15,1962
99,1962
1,1963
31,1963
1,1965
100,1967
89,1967
99,1967
2,1968
32,1968
1,1969
13,1969
2,1970
31,1970
95,1971
23,1972
27,1973
62,1973
38,1974
2,1976
100,1977
89,1977
39,1982
94,1982
94,1983
74,1985
84,1985
33,1987
95,1988
99,1989
28,1991
61,1992
66,1992
59,1996
42,1997
95,1997
27,1998
45,1998
21,2000
19,2002
1,2003
41,2003
89,2003
2,2004
11,2004
84,2004
1,2005
20,2005
2,2006
61,2006
3,2007
1,2008
5,2008
2,2010
12,2011
1,2012
4,2012
2,2013
4,2013
72,2013
3,2014
10,2014
11,2015
1,2016
2,2018
5,2018
45,2018
1,2019
82,2019
2,2020
48,2020
81,2021
1,2022
2,2023
1,2024
25,2024
2,2025
1,2027
61,2027
2,2028
37,2029
88,2030
34,2031
30,2032
91,2033
2,2034
99,2034
34,2036
97,2036
18,2038
7,2040
39,2042
25,2043
91,2043
49,2045
65,2046
77,2046
63,2047
60,2048
64,2049
11,2050
20,2050
1,2051
1,2052
27,2055
62,2055
6,2056
66,2056
2,2057
55,2057
1,2058
16,2058
2,2059
100,2062
2,2062
75,2063
11,2064
51,2066
17,2067
55,2068
92,2071
76,2075
14,2076
40,2076
86,2076
27,2077
85,2077
45,2079
86,2080
61,2081
11,2086
14,2087
96,2087
77,2089
52,2090
6,2091
33,2092
70,2093
10,2094
26,2094
12,2096
8,2097
69,2098
13,2100
62,2101
70,2101
24,2102
91,2102
36,2103
54,2104
28,2105
1,2107
92,2107
1,2108
16,2108
22,2108
92,2108
12,2109
31,2109
61,2110
2,2112
1,2113
6,2113
46,2114
21,2115
95,2115
74,2116
40,2117
26,2119
23,2120
47,2120
2,2121
66,2121
71,2121
52,2123
2,2125
32,2125
46,2125
18,2126
86,2126
99,2126
19,2127
89,2128
100,2130
49,2131
7,2132
3,2134
20,2134
4,2135
18,2135
5,2136
29,2136
42,2136
73,2137
93,2137
5,2138
17,2140
42,2140
86,2140
4,2142
3,2144
33,2144
57,2144
44,2145
90,2146
83,2148
68,2149
1,2152
32,2152
38,2152
43,2152
81,2153
2,2154
58,2154
98,2154
1,2155
41,2156
51,2156
2,2157
79,2157
94,2157
1,2158
44,2158
2,2159
14,2159
95,2160
13,2161
38,2162
98,2165
93,2166
53,2167
62,2169
20,2170
84,2171
66,2173
67,2173
94,2174
33,2175
73,2175
1,2177
50,2177
55,2177
2,2178
1,2179
62,2179
2,2180
5,2180
1,2182
11,2182
2,2183
61,2184
15,2185
40,2185
9,2186
52,2186
99,2187
40,2188
69,2189
10,2190
28,2190
29,2190
52,2190
20,2196
58,2197
92,2197
98,2197
73,2198
1,2202
40,2202
2,2203
31,2204
97,2204
99,2204
1,2205
3,2205
84,2205
36,2206
2,2207
72,2207
5,2209
72,2209
97,2209
1,2210
4,2211
31,2211
3,2212
12,2212
15,2213
79,2213
2,2214
32,2214
4,2215
81,2215
5,2216
14,2216
70,2217
28,2218
29,2221
87,2222
78,2223
3,2225
27,2225
50,2225
5,2226
62,2226
55,2227
35,2228
4,2230
65,2230
37,2231
91,2232
38,2234
5,2237
10,2237
73,2237
4,2238
72,2238
61,2239
73,2240
48,2241
10,2242
45,2242
57,2242
69,2242
3,2243
54,2243
44,2244
34,2245
14,2246
29,2247
77,2247
1,2248
31,2248
1,2249
6,2249
77,2249
2,2250
99,2250
2,2251
45,2251
47,2251
50,2251
94,2251
1,2254
54,2255
2,2256
58,2256
47,2257
90,2257
50,2258
46,2259
44,2260
1,2263
3,2263
2,2264
12,2264
1,2265
13,2265
2,2266
72,2266
86,2266
34,2267
1,2268
2,2269
33,2269
36,2269
42,2269
76,2269
97,2269
90,2271
52,2274
69,2274
90,2276
63,2278
66,2280
75,2281
46,2283
16,2284
91,2284
94,2284
35,2285
30,2286
13,2290
81,2291
52,2292
82,2292
92,2292
37,2293
77,2293
88,2293
3,2295
49,2295
4,2296
7,2296
46,2296
77,2296
5,2297
6,2297
59,2298
66,2298
6,2299
13,2299
33,2299
60,2299
68,2299
5,2300
50,2300
90,2300
9,2301
33,2301
4,2302
51,2302
60,2302
74,2302
21,2303
27,2303
48,2303
3,2305
23,2307
23,2308
18,2309
44,2309
70,2309
10,2311
85,2311
83,2312
63,2313
25,2315
44,2315
14,2316
15,2316
99,2316
53,2318
66,2319
49,2322
87,2322
41,2323
42,2323
10,2324
26,2326
60,2326
84,2327
67,2328
43,2329
84,2329
67,2332
1,2335
1,2337
55,2337
2,2338
3,2339
78,2340
2,2341
8,2341
4,2342
1,2343
5,2343
34,2343
46,2343
2,2344
4,2344
3,2346
87,2346
27,2347
5,2348
93,2349
40,2355
95,2356
55,2358
82,2358
97,2358
1,2359
58,2359
79,2359
79,2360
1,2361
2,2361
21,2362
1,2363
53,2363
2,2364
15,2366
93,2366
11,2367
1,2368
30,2368
2,2369
22,2369
10,2370
85,2370
21,2372
45,2372
7,2373
43,2374
89,2376
3,2382
4,2383
4,2385
1,2386
5,2386
1,2388
5,2388
2,2389
3,2389
65,2389
89,2389
25,2390
1,2391
13,2391
2,2392
74,2392
75,2392
97,2393
2,2394
89,2394
94,2394
88,2395
44,2398
31,2399
67,2400
90,2403
100,2405
37,2406
75,2407
91,2408
38,2411
55,2411
76,2411
89,2411
91,2411
9,2413
26,2413
29,2413
53,2413
93,2413
38,2414
7,2416
42,2418
56,2418
57,2419
17,2420
98,2420
57,2421
73,2421
78,2421
89,2421
62,2422
3,2427
75,2427
4,2428
3,2430
4,2431
12,2432
96,2433
5,2436
47,2436
5,2437
63,2439
89,2439
96,2439
39,2440
53,2440
26,2441
73,2441
3,2442
61,2442
5,2443
74,2444
56,2446
4,2447
89,2447
5,2448
34,2448
12,2450
26,2450
3,2451
42,2451
70,2451
97,2451
4,2453
95,2453
51,2454
43,2455
19,2456
43,2456
86,2456
21,2457
32,2457
50,2457
78,2458
32,2459
72,2460
28,2461
29,2462
89,2463
19,2465
67,2466
14,2467
10,2469
84,2469
95,2469
62,2470
97,2471
98,2473
1,2475
51,2475
60,2475
81,2475
1,2477
36,2477
2,2478
40,2478
53,2478
2,2479
1,2480
37,2480
53,2482
2,2483
61,2483
72,2483
90,2485
93,2485
18,2486
36,2487
49,2487
96,2488
92,2491
1,2493
1,2494
3,2494
81,2494
93,2494
40,2495
85,2495
2,2496
4,2496
2,2497
17,2497
98,2497
5,2499
1,2500
4,2500
82,2500
5,2501
29,2501
12,2502
53,2502
2,2503
72,2503
5,2504
22,2504
27,2504
34,2504
64,2504
3,2505
20,2505
66,2508
67,2509
34,2512
35,2512
1,2513
48,2513
94,2513
27,2514
36,2514
72,2514
1,2515
12,2518
25,2518
2,2519
7,2519
15,2519
16,2519
1,2520
2,2521
89,2522
90,2522
11,2523
28,2524
83,2524
95,2524
2,2525
9,2525
6,2526
65,2526
9,2527
37,2527
33,2528
34,2528
55,2528
80,2528
75,2529
81,2530
47,2531
29,2532
37,2532
11,2533
60,2533
100,2534
16,2534
38,2534
43,2534
83,2534
54,2536
91,2536
96,2536
37,2537
3,2539
4,2540
11,2540
12,2540
19,2540
48,2541
60,2541
95,2542
3,2543
87,2543
5,2545
37,2545
3,2546
4,2547
78,2547
75,2548
89,2549
1,2550
80,2550
5,2551
2,2553
18,2553
1,2554
66,2554
99,2554
2,2557
3,2557
1,2558
4,2558
75,2558
2,2559
62,2559
57,2560
43,2561
4,2562
40,2562
5,2563
57,2564
3,2565
82,2568
21,2569
81,2569
5,2570
53,2570
68,2572
1,2573
1,2575
24,2575
53,2576
2,2577
14,2577
98,2577
1,2579
50,2580
54,2580
2,2581
5,2581
43,2581
2,2583
21,2584
38,2586
46,2586
12,2587
22,2589
19,2594
66,2594
64,2598
70,2598
73,2598
7,2600
27,2600
40,2600
81,2600
96,2600
16,2601
75,2601
94,2601
30,2602
83,2602
92,2602
1,2607
46,2607
1,2608
2,2609
3,2609
1,2610
26,2610
98,2611
2,2612
4,2612
66,2612
99,2612
2,2613
81,2613
4,2614
36,2614
58,2614
5,2615
3,2616
23,2616
5,2617
22,2617
51,2617
86,2617
14,2618
66,2619
9,2621
88,2621
64,2623
26,2624
44,2625
86,2625
16,2626
1,2627
27,2627
1,2628
87,2628
2,2629
21,2629
41,2629
96,2629
1,2630
32,2631
2,2632
3,2632
12,2632
20,2632
2,2633
3,2634
16,2634
73,2634
48,2635
4,2636
72,2636
5,2637
8,2637
73,2637
3,2638
82,2638
4,2639
15,2639
47,2640
93,2640
7,2642
20,2642
87,2644
5,2647
36,2648
46,2648
75,2649
83,2650
97,2650
17,2651
15,2653
16,2653
21,2653
75,2655
76,2658
86,2658
39,2659
3,2660
32,2660
4,2661
98,2661
5,2662
55,2662
87,2663
41,2664
48,2664
64,2664
7,2665
5,2666
4,2668
10,2668
12,2668
3,2669
36,2670
37,2670
38,2670
19,2672
85,2675
62,2676
82,2678
80,2679
58,2680
84,2680
74,2681
85,2681
10,2683
65,2683
69,2683
34,2684
24,2685
79,2688
59,2689
95,2689
7,2690
39,2692
34,2694
61,2696
15,2697
39,2698
49,2698
83,2698
36,2699
77,2700
94,2700
38,2703
60,2703
25,2706
36,2706
69,2706
65,2707
73,2707
23,2710
60,2711
23,2712
55,2713
26,2714
58,2714
69,2715
42,2716
90,2716
1,2717
2,2720
29,2720
39,2720
41,2720
49,2720
81,2720
94,2721
1,2722
30,2722
2,2723
1,2724
90,2725
77,2726
2,2727
26,2731
9,2732
73,2732
24,2733
35,2733
1,2734
1,2736
88,2736
94,2736
2,2737
6,2737
2,2738
1,2739
50,2739
55,2739
2,2740
85,2740
5,2741
22,2741
48,2741
23,2743
13,2745
44,2746
56,2747
22,2749
51,2749
52,2752
12,2754
93,2754
94,2754
12,2755
3,2756
34,2756
40,2756
42,2757
59,2758
62,2758
66,2758
4,2760
59,2760
5,2764
4,2766
59,2767
3,2768
35,2768
14,2769
22,2770
86,2771
5,2773
5,2774
19,2774
25,2775
49,2777
84,2777
98,2777
23,2779
86,2779
51,2780
90,2780
37,2781
31,2782
18,2784
60,2784
69,2786
48,2787
26,2788
85,2788
78,2792
16,2795
3,2796
64,2796
4,2797
3,2798
5,2799
8,2799
27,2799
44,2799
5,2800
4,2802
89,2802
3,2803
59,2804
90,2804
4,2806
73,2806
3,2807
49,2807
4,2808
43,2809
5,2810
56,2810
26,2811
85,2811
5,2812
25,2813
51,2815
75,2815
7,2817
32,2817
95,2817
19,2819
69,2820
67,2821
87,2821
30,2823
1,2824
20,2824
68,2825
1,2826
2,2827
12,2827
22,2827
77,2827
1,2829
9,2829
2,2830
42,2830
76,2831
75,2832
7,2833
49,2833
3,2834
4,2835
20,2835
65,2835
2,2836
3,2836
73,2836
1,2837
24,2837
44,2839
64,2839
100,2840
1,2841
73,2841
2,2842
5,2842
73,2842
44,2843
1,2844
5,2844
22,2844
55,2844
4,2845
39,2845
2,2847
14,2847
47,2847
2,2848
14,2848
37,2848
69,2849
88,2850
1,2851
32,2851
2,2852
1,2853
1,2854
56,2854
58,2854
27,2855
57,2855
9,2856
2,2857
2,2858
33,2860
75,2861
44,2862
70,2862
53,2863
40,2865
28,2866
55,2866
60,2866
71,2866
46,2868
51,2868
89,2869
95,2871
21,2872
36,2872
92,2872
6,2873
50,2873
61,2873
62,2873
96,2875
86,2876
1,2880
70,2880
43,2881
63,2881
10,2882
19,2882
20,2883
81,2883
2,2884
92,2884
32,2885
53,2885
93,2885
1,2886
3,2887
72,2887
75,2887
36,2888
3,2889
20,2889
100,2890
2,2890
1,2891
5,2891
39,2891
2,2893
4,2893
5,2894
50,2895
3,2897
99,2898
4,2902
48,2902
6,2903
12,2904
32,2904
69,2907
11,2908
93,2908
9,2909
10,2909
37,2909
45,2909
76,2910
3,2912
46,2913
80,2913
4,2914
3,2915
5,2916
4,2917
57,2917
71,2918
88,2918
91,2918
53,2919
87,2920
13,2921
85,2921
1,2922
5,2922
2,2923
41,2923
1,2924
1,2925
19,2925
70,2925
77,2925
11,2926
46,2926
43,2927
2,2928
62,2928
32,2929
35,2929
55,2929
2,2930
22,2931
65,2933
10,2935
15,2935
71,2935
26,2939
13,2940
18,2941
22,2941
99,2941
58,2942
89,2943
21,2945
22,2945
54,2946
20,2947
69,2949
100,2952
3,2952
5,2953
4,2954
90,2954
3,2955
61,2955
70,2955
100,2956
4,2956
46,2956
68,2956
5,2957
30,2958
77,2959
88,2959
54,2960
78,2960
85,2960
41,2961
59,2963
3,2964
5,2965
34,2965
4,2966
63,2966
4,2967
3,2968
7,2968
60,2968
5,2969
18,2972
37,2972
79,2972
85,2972
45,2973
63,2973
3,2974
17,2974
70,2974
29,2975
81,2976
4,2977
68,2977
4,2979
53,2979
93,2980
72,2982
1,2984
3,2985
79,2985
5,2986
47,2986
61,2986
65,2986
82,2986
5,2988
7,2988
24,2988
36,2988
96,2988
2,2989
3,2989
91,2989
1,2990
1,2991
57,2991
22,2992
2,2993
61,2993
96,2993
2,2995
55,2996
58,2996
89,2997
51,2998
1,2999
67,2999
99,2999
45,3000
2,3001
95,3002
1,3003
64,3004
1,3005
43,3005
50,3005
24,3006
43,3006
86,3007
24,3008
36,3008
2,3010
2,3011
44,3012
97,3013
11,3014
59,3014
14,3016
15,3016
10,3017
85,3017
51,3019
63,3019
1,3020
2,3021
1,3022
2,3023
10,3023
33,3023
1,3024
13,3024
66,3024
2,3025
92,3025
99,3025
51,3031
56,3031
71,3033
84,3033
12,3036
74,3037
39,3039
14,3040
19,3040
55,3041
29,3042
85,3044
44,3045
82,3048
1,3050
47,3050
56,3051
100,3052
2,3052
32,3052
1,3053
53,3053
2,3054
95,3054
1,3055
13,3056
26,3056
2,3057
81,3057
28,3062
47,3062
78,3062
98,3062
1,3063
88,3063
1,3064
17,3064
72,3064
2,3065
90,3065
94,3065
1,3066
52,3066
59,3066
63,3068
2,3069
10,3069
73,3070
2,3072
94,3074
82,3075
59,3076
64,3076
91,3076
3,3077
4,3079
4,3080
44,3081
3,3082
5,3083
10,3083
5,3084
80,3084
4,3085
25,3085
3,3086
5,3087
4,3088
38,3088
5,3089
91,3089
3,3090
48,3091
90,3092
27,3094
66,3094
69,3094
4,3096
30,3096
88,3096
52,3101
83,3102
14,3103
84,3103
24,3106
32,3106
37,3106
80,3106
50,3107
88,3108
1,3110
73,3110
1,3112
2,3113
1,3114
8,3115
58,3115
59,3115
2,3116
6,3116
67,3117
70,3117
2,3118
8,3118
39,3122
86,3122
53,3124
23,3125
83,3125
84,3128
52,3130
62,3130
23,3131
96,3132
98,3132
44,3137
46,3137
99,3137
55,3138
88,3138
3,3139
16,3139
40,3140
5,3141
59,3141
4,3142
41,3142
60,3142
3,3143
5,3144
4,3146
29,3146
28,3147
41,3149
74,3149
49,3157
74,3160
17,3161
83,3165
85,3165
40,3167
52,3167
77,3168
8,3169
65,3169
18,3172
71,3172
96,3172
77,3174
3,3177
37,3179
93,3180
38,3181
1,3182
2,3184
1,3185
75,3185
78,3188
72,3189
94,3189
28,3190
50,3190
70,3191
1,3192
3,3192
38,3192
72,3192
82,3193
2,3194
5,3194
2,3196
4,3196
76,3196
78,3196
3,3199
58,3200
89,3200
5,3201
10,3201
42,3201
46,3201
4,3204
41,3204
43,3205
30,3206
84,3206
93,3207
95,3207
48,3208
71,3210
77,3212
26,3213
93,3213
17,3214
73,3215
38,3216
81,3216
94,3217
33,3219
42,3219
59,3219
3,3220
53,3220
4,3222
20,3222
5,3223
59,3223
60,3223
88,3224
3,3225
47,3225
98,3226
1,3227
6,3227
7,3227
41,3227
72,3227
73,3227
5,3228
15,3228
17,3228
95,3228
4,3229
91,3230
2,3232
38,3232
51,3232
56,3232
1,3233
2,3234
62,3234
25,3235
48,3235
51,3235
9,3237
1,3238
57,3238
2,3239
17,3239
78,3240
55,3242
56,3242
78,3243
59,3244
76,3244
3,3245
78,3246
73,3248
43,3249
73,3249
9,3253
61,3254
92,3254
35,3255
76,3257
1,3258
11,3258
11,3259
79,3259
1,3260
51,3260
2,3262
12,3263
57,3263
1,3266
14,3266
49,3266
82,3266
2,3267
14,3267
2,3269
92,3271
26,3273
21,3274
81,3275
94,3276
28,3278
65,3279
46,3280
40,3282
57,3282
94,3283
57,3284
55,3289
15,3290
18,3291
28,3292
41,3293
46,3294
17,3296
56,3296
10,3297
63,3298
69,3299
1,3300
78,3300
1,3301
19,3301
40,3301
2,3302
2,3303
1,3305
36,3305
93,3305
67,3306
3,3307
2,3309
15,3309
32,3309
4,3310
71,3310
3,3311
19,3312
51,3313
4,3314
5,3315
38,3316
5,3317
20,3317
55,3317
96,3317
45,3319
87,3319
43,3320
76,3323
79,3323
6,3327
11,3327
31,3327
34,3328
49,3328
57,3329
18,3331
81,3332
92,3332
48,3336
63,3336
75,3337
34,3338
30,3339
23,3340
36,3340
1,3341
50,3341
71,3341
81,3341
2,3342
23,3342
35,3342
100,3345
55,3345
5,3346
90,3346
27,3348
69,3349
25,3351
100,3353
1,3353
1,3354
6,3356
22,3358
2,3359
2,3362
37,3364
15,3369
46,3369
20,3370
17,3371
17,3372
81,3372
1,3373
55,3373
93,3373
10,3374
1,3375
13,3375
34,3375
2,3376
86,3376
20,3377
20,3378
68,3378
1,3380
13,3380
31,3382
75,3383
2,3384
2,3385
63,3387
42,3389
82,3389
83,3389
18,3390
72,3392
28,3393
15,3394
66,3395
43,3398
46,3400
65,3401
3,3404
21,3404
22,3404
51,3405
34,3406
5,3407
4,3408
46,3409
4,3410
7,3410
5,3411
21,3411
3,3412
27,3412
91,3412
14,3414
15,3414
19,3416
90,3418
14,3419
40,3419
79,3420
1,3421
2,3422
52,3424
63,3424
1,3425
3,3425
2,3426
6,3426
27,3426
58,3426
43,3427
1,3429
23,3429
60,3429
48,3430
2,3431
29,3432
76,3432
41,3433
46,3433
3,3436
10,3436
35,3436
73,3436
4,3438
26,3438
41,3438
100,3439
4,3439
1,3440
78,3440
2,3441
5,3441
14,3441
56,3441
60,3441
17,3442
1,3444
6,3444
1,3445
2,3446
2,3447
3,3447
45,3447
51,3447
72,3447
1,3448
5,3448
17,3448
31,3448
92,3448
99,3449
99,3450
5,3451
12,3452
57,3452
43,3454
45,3455
94,3457
54,3464
50,3465
22,3466
38,3466
81,3466
58,3467
46,3470
25,3471
93,3471
29,3472
34,3472
59,3472
7,3474
34,3474
99,3474
46,3475
91,3476
1,3477
16,3477
2,3478
74,3478
93,3478
1,3479
15,3479
98,3479
1,3480
46,3481
2,3482
89,3482
2,3483
34,3484
42,3486
88,3487
80,3488
97,3488
68,3489
2,3490
39,3490
46,3490
1,3491
86,3491
2,3492
19,3492
25,3492
63,3493
1,3494
1,3496
45,3496
55,3496
97,3496
15,3498
8,3500
17,3500
2,3501
2,3502
46,3502
61,3504
60,3505
81,3506
21,3507
8,3510
9,3510
43,3510
17,3514
21,3514
37,3514
83,3515
98,3515
57,3517
66,3517
41,3519
26,3520
63,3520
1,3521
34,3521
87,3523
100,3524
1,3524
37,3524
70,3524
2,3525
1,3526
2,3527
74,3527
2,3529
29,3531
3,3535
86,3535
91,3536
5,3537
68,3537
75,3537
4,3538
61,3538
4,3539
71,3539
26,3540
65,3540
5,3541
91,3541
30,3543
1,3544
14,3544
2,3545
82,3545
3,3547
55,3547
7,3548
39,3548
92,3548
1,3549
1,3550
87,3550
100,3551
2,3552
11,3552
34,3552
2,3553
50,3554
29,3555
39,3556
8,3558
81,3560
68,3561
43,3562
3,3563
4,3564
8,3564
48,3564
5,3565
37,3566
57,3567
3,3568
12,3569
28,3569
5,3570
56,3570
99,3570
4,3571
42,3573
23,3575
36,3578
1,3579
1,3580
59,3580
2,3582
98,3582
57,3583
2,3584
98,3584
1,3585
44,3587
46,3587
2,3588
8,3588
9,3588
20,3588
66,3588
45,3589
53,3589
76,3590
43,3591
54,3592
23,3594
49,3594
33,3595
83,3595
55,3597
66,3598
79,3598
97,3598
22,3599
52,3600
61,3600
22,3601
45,3601
65,3601
10,3603
67,3603
54,3604
72,3605
58,3606
80,3607
99,3608
74,3609
6,3610
56,3610
65,3610
45,3611
50,3611
47,3612
58,3613
62,3615
71,3618
95,3619
61,3620
86,3622
98,3622
14,3627
30,3627
95,3628
57,3629
33,3631
50,3632
45,3634
40,3635
61,3636
3,3637
22,3637
82,3637
5,3639
4,3640
50,3640
4,3642
93,3642
5,3643
100,3644
3,3644
28,3646
94,3650
3,3653
51,3653
32,3654
5,3655
37,3655
75,3656
81,3656
4,3657
4,3658
27,3658
67,3658
13,3659
87,3659
63,3661
3,3662
74,3663
81,3663
5,3664
57,3664
62,3664
91,3664
42,3665
55,3666
93,3666
27,3668
54,3669
79,3669
35,3672
45,3673
3,3675
33,3675
49,3675
5,3676
24,3676
92,3676
4,3677
66,3678
88,3678
3,3680
75,3680
4,3681
60,3681
5,3682
37,3684
29,3685
48,3685
63,3685
68,3685
90,3685
18,3686
76,3688
36,3689
71,3689
52,3690
12,3691
35,3691
60,3692
96,3693
98,3697
90,3699
14,3700
16,3700
56,3700
1,3702
14,3702
21,3703
67,3705
20,3707
51,3707
31,3708
48,3708
27,3709
64,3709
79,3709
42,3711
36,3713
80,3713
6,3714
59,3714
64,3714
1,3715
78,3715
1,3717
2,3719
16,3719
97,3719
27,3720
43,3720
2,3721
1,3722
44,3722
77,3722
2,3724
86,3724
97,3724
31,3725
26,3726
64,3726
80,3726
33,3727
99,3728
22,3729
46,3729
37,3731
15,3732
95,3732
47,3733
1,3734
77,3734
82,3735
37,3736
87,3736
49,3739
81,3740
88,3740
2,3741
12,3741
86,3741
63,3742
1,3743
1,3744
11,3744
42,3744
94,3744
2,3745
37,3746
2,3747
6,3749
10,3750
91,3750
73,3751
3,3752
25,3752
5,3753
78,3753
91,3753
43,3754
69,3755
1,3756
5,3756
8,3756
14,3756
2,3757
4,3757
1,3758
47,3758
3,3759
4,3760
59,3760
2,3761
13,3762
1,3763
71,3764
2,3765
7,3765
84,3765
43,3768
52,3770
6,3771
29,3771
37,3771
64,3771
8,3773
19,3773
83,3773
40,3775
96,3775
8,3776
21,3776
77,3776
88,3777
74,3778
26,3779
30,3781
54,3781
48,3782
77,3782
92,3782
18,3784
46,3785
58,3785
89,3785
55,3791
10,3792
41,3793
72,3794
50,3795
1,3796
24,3796
51,3796
70,3796
79,3796
83,3797
2,3798
1,3799
84,3799
1,3800
2,3801
85,3801
89,3801
76,3802
85,3802
28,3803
96,3803
33,3804
67,3804
78,3804
65,3805
39,3806
100,3807
2,3808
32,3809
98,3810
19,3811
89,3811
51,3812
48,3815
73,3815
12,3816
15,3817
29,3817
33,3817
83,3817
4,3818
8,3819
56,3821
93,3822
16,3824
29,3826
24,3827
100,3828
93,3829
19,3830
20,3830
30,3830
70,3831
61,3832
31,3833
1,3835
22,3835
56,3835
1,3836
2,3837
45,3837
99,3838
2,3839
3,3839
4,3840
60,3840
92,3840
96,3840
75,3842
5,3843
20,3843
1,3845
14,3845
91,3845
2,3846
5,3846
21,3846
28,3846
4,3847
54,3848
58,3848
42,3849
45,3850
74,3850
1,3852
3,3852
78,3853
90,3853
1,3854
72,3854
2,3855
3,3855
2,3857
28,3858
45,3858
68,3858
1,3859
4,3859
27,3859
88,3859
2,3860
3,3860
12,3860
81,3861
5,3863
95,3863
1,3864
4,3864
24,3864
1,3865
15,3866
63,3867
5,3868
10,3868
39,3868
72,3869
2,3870
40,3870
73,3870
27,3871
37,3871
89,3871
2,3872
1,3874
64,3874
2,3875
81,3880
96,3881
9,3883
6,3884
68,3884
47,3885
61,3885
78,3886
58,3887
97,3887
15,3888
17,3889
48,3889
82,3889
25,3891
75,3892
25,3893
89,3894
15,3895
57,3895
69,3896
33,3897
17,3898
48,3898
92,3900
1,3901
31,3901
60,3901
87,3901
2,3902
11,3902
1,3903
41,3903
47,3903
1,3904
82,3904
13,3905
2,3906
24,3906
70,3906
2,3907
3,3907
70,3907
52,3908
53,3909
1,3910
16,3910
34,3910
88,3910
2,3911
1,3912
36,3912
1,3913
41,3913
66,3913
44,3914
2,3915
29,3915
63,3916
2,3917
46,3917
23,3918
38,3918
88,3918
12,3919
56,3920
31,3921
51,3925
58,3925
94,3926
9,3927
95,3927
59,3928
57,3929
72,3929
54,3930
59,3931
38,3932
26,3934
60,3934
41,3935
88,3935
22,3937
3,3939
66,3940
5,3942
81,3943
5,3945
90,3945
51,3947
46,3948
83,3948
25,3949
58,3949
4,3950
3,3951
19,3951
4,3952
25,3954
46,3954
59,3954
12,3955
22,3955
79,3955
98,3955
57,3957
55,3959
15,3960
29,3961
30,3961
22,3963
93,3964
49,3966
89,3966
64,3968
74,3968
1,3969
74,3969
78,3969
55,3970
2,3971
33,3971
34,3971
78,3971
28,3972
77,3973
94,3974
1,3975
97,3975
40,3976
1,3979
2,3980
24,3980
2,3981
84,3981
73,3982
77,3983
91,3984
24,3985
84,3985
71,3987
26,3989
25,3992
45,3992
83,3993
42,3995
80,3995
26,3996
75,3998
41,3999
70,3999
71,3999
66,4002
47,4003
89,4003
25,4005
8,4006
48,4006
28,4007
35,4008
15,4009
52,4011
65,4011
18,4014
3,4015
64,4015
84,4015
4,4016
85,4016
20,4017
37,4017
64,4017
97,4017
5,4018
13,4018
44,4018
92,4018
4,4019
95,4020
5,4021
88,4021
60,4022
86,4022
100,4024
7,4026
3,4027
23,4029
69,4029
36,4030
6,4031
12,4031
45,4031
52,4032
74,4032
46,4034
48,4036
7,4037
53,4037
38,4040
43,4040
18,4041
70,4042
65,4043
80,4043
51,4044
41,4045
97,4045
3,4046
20,4047
4,4048
98,4048
5,4049
12,4049
36,4049
54,4049
5,4050
53,4050
3,4051
4,4052
6,4054
45,4054
91,4055
65,4056
8,4058
78,4060
42,4062
78,4062
46,4066
36,4068
45,4069
78,4069
38,4072
47,4075
77,4076
84,4076
23,4077
55,4077
1,4079
39,4079
2,4080
80,4080
1,4081
2,4082
48,4083
1,4084
85,4085
2,4088
39,4088
93,4088
46,4091
43,4092
63,4092
76,4092
3,4099
98,4099
71,4100
85,4100
24,4101
38,4101
42,4101
70,4101
4,4102
71,4102
3,4103
98,4103
4,4104
100,4106
5,4106
57,4106
72,4106
41,4107
57,4107
24,4108
5,4109
60,4109
33,4110
5,4112
57,4112
61,4112
87,4114
98,4115
33,4119
34,4120
58,4121
53,4122
9,4123
34,4124
69,4124
76,4124
33,4125
51,4125
67,4125
23,4126
49,4126
61,4126
18,4127
35,4128
38,4128
65,4130
73,4130
8,4131
50,4131
44,4133
11,4137
33,4137
87,4137
89,4137
78,4138
1,4141
28,4143
2,4144
40,4144
54,4144
1,4145
20,4145
27,4145
75,4146
1,4147
12,4147
17,4147
83,4148
2,4149
80,4149
100,4150
2,4151
40,4152
13,4154
50,4154
57,4154
93,4154
10,4155
40,4155
56,4156
74,4158
22,4159
97,4159
74,4160
40,4161
88,4161
93,4161
47,4166
48,4168
75,4168
8,4170
61,4170
8,4171
60,4172
47,4173
33,4174
59,4176
70,4178
80,4178
36,4179
17,4181
11,4182
87,4184
1,4186
1,4187
31,4187
93,4188
63,4189
2,4190
14,4190
1,4191
95,4191
25,4192
56,4192
2,4193
2,4194
37,4194
95,4195
44,4196
64,4196
74,4198
76,4198
87,4199
94,4199
64,4200
3,4201
21,4201
86,4201
4,4203
83,4204
4,4206
5,4207
5,4208
83,4208
79,4209
3,4210
41,4212
50,4212
80,4212
9,4213
20,4214
56,4215
69,4215
9,4216
25,4216
53,4216
63,4217
4,4218
34,4218
22,4219
20,4221
70,4223
58,4224
69,4224
48,4225
68,4226
73,4227
51,4228
87,4230
94,4230
72,4231
54,4233
83,4234
78,4235
20,4236
98,4236
17,4240
40,4240
65,4241
1,4242
9,4242
1,4243
15,4243
28,4243
2,4245
29,4247
2,4248
1,4249
35,4250
74,4250
3,4252
97,4252
2,4253
5,4253
49,4253
88,4254
90,4254
4,4255
45,4256
4,4257
47,4257
3,4258
21,4258
38,4258
5,4259
35,4259
87,4259
9,4260
17,4261
55,4261
99,4261
5,4265
91,4265
19,4266
7,4268
88,4270
62,4271
1,4272
27,4272
32,4272
33,4273
59,4275
1,4276
72,4276
2,4277
76,4278
21,4279
30,4279
33,4279
91,4280
10,4281
19,4281
2,4283
3,4283
10,4283
1,4284
2,4285
4,4286
63,4287
3,4288
70,4290
81,4290
5,4291
64,4291
35,4292
83,4292
74,4293
92,4293
4,4294
5,4295
48,4297
37,4299
96,4299
1,4301
86,4301
87,4301
2,4302
21,4302
73,4302
1,4303
31,4303
2,4304
3,4304
46,4304
4,4305
67,4305
1,4306
76,4306
80,4306
4,4307
5,4308
3,4309
83,4309
2,4310
5,4311
6,4311
36,4311
1,4312
7,4312
29,4315
47,4317
46,4318
83,4318
63,4322
35,4323
97,4324
45,4325
3,4326
68,4326
4,4329
68,4329
3,4330
28,4330
5,4331
23,4331
72,4332
5,4333
4,4334
14,4334
69,4334
9,4335
36,4337
41,4340
1,4343
40,4343
30,4344
31,4344
57,4344
58,4344
61,4344
2,4345
10,4345
72,4345
1,4346
17,4346
1,4347
84,4348
2,4350
30,4351
3,4352
62,4352
78,4352
47,4353
82,4354
2,4355
28,4355
4,4356
5,4357
56,4357
3,4358
13,4358
41,4358
72,4358
83,4359
4,4360
5,4362
55,4362
85,4362
33,4364
1,4366
69,4366
80,4366
80,4368
1,4371
11,4371
29,4371
65,4371
73,4371
1,4372
42,4372
2,4373
1,4375
11,4375
100,4377
2,4377
2,4378
58,4379
7,4382
42,4382
44,4382
58,4382
19,4384
41,4384
66,4385
81,4386
13,4387
27,4388
6,4390
63,4391
73,4391
70,4393
47,4394
88,4394
100,4397
3,4397
21,4397
20,4398
22,4398
4,4399
3,4400
48,4402
27,4403
1,4404
5,4404
4,4405
1,4406
5,4406
2,4409
26,4409
65,4409
1,4410
2,4411
83,4411
2,4412
30,4412
31,4412
64,4412
13,4415
61,4415
80,4415
13,4416
14,4416
74,4416
60,4418
20,4422
17,4424
82,4424
34,4427
78,4427
15,4428
69,4429
84,4429
99,4429
59,4431
50,4433
90,4433
41,4434
60,4434
61,4434
33,4435
75,4435
78,4435
49,4437
36,4438
75,4438
84,4438
13,4439
70,4439
66,4442
88,4442
40,4444
18,4445
1,4446
2,4447
47,4448
79,4448
31,4449
53,4449
1,4450
7,4452
31,4452
89,4452
1,4453
2,4454
64,4454
2,4455
69,4455
33,4456
1,4458
69,4458
33,4459
97,4459
100,4461
1,4461
26,4461
84,4461
3,4463
2,4464
88,4464
2,4465
5,4465
1,4466
2,4467
5,4467
10,4467
45,4468
4,4469
50,4469
57,4469
4,4470
43,4470
3,4472
63,4472
3,4473
11,4473
87,4474
4,4475
26,4476
72,4476
5,4479
23,4479
54,4479
28,4480
94,4481
4,4482
1,4483
3,4483
13,4483
12,4484
1,4485
5,4486
2,4487
20,4487
35,4487
2,4488
44,4489
63,4489
1,4490
7,4490
2,4491
60,4491
1,4493
45,4494
2,4495
9,4495
32,4495
95,4495
1,4496
1,4497
59,4497
2,4498
3,4498
2,4499
5,4500
78,4500
99,4500
5,4501
72,4501
4,4502
35,4502
52,4502
6,4503
60,4503
94,4503
53,4505
73,4505
4,4506
3,4507
32,4507
45,4507
96,4507
10,4509
6,4510
44,4510
34,4511
13,4512
46,4512
53,4512
31,4514
49,4514
67,4514
77,4514
27,4517
48,4517
88,4518
62,4519
8,4521
58,4521
29,4525
58,4525
77,4525
38,4526
74,4527
8,4528
68,4528
10,4529
75,4529
62,4533
25,4534
46,4536
59,4536
47,4537
72,4537
22,4540
27,4540
30,4541
43,4542
87,4544
8,4546
51,4547
76,4548
91,4549
40,4550
3,4552
77,4552
92,4552
4,4553
67,4553
5,4554
4,4555
26,4555
74,4556
3,4557
67,4557
5,4558
87,4559
70,4562
37,4563
49,4563
1,4564
85,4564
2,4565
99,4565
35,4566
40,4566
77,4566
3,4567
8,4567
43,4567
5,4568
1,4569
12,4569
1,4570
5,4570
2,4571
4,4571
3,4573
63,4574
4,4575
24,4575
83,4575
87,4576
2,4577
12,4577
82,4578
71,4579
21,4580
33,4580
81,4580
48,4581
52,4581
3,4583
52,4583
74,4583
19,4584
87,4584
1,4585
25,4585
1,4586
4,4586
23,4586
27,4586
96,4586
5,4587
36,4588
5,4591
82,4591
2,4592
54,4592
4,4593
6,4593
2,4594
1,4595
3,4597
14,4597
25,4597
32,4597
38,4599
52,4600
2,4601
32,4601
87,4601
98,4602
21,4606
15,4607
71,4608
91,4608
26,4609
90,4609
40,4610
68,4610
33,4611
99,4612
14,4614
90,4614
42,4616
96,4616
5,4617
17,4617
47,4618
9,4619
26,4619
45,4619
1,4620
78,4620
92,4620
46,4621
1,4622
15,4622
35,4622
46,4622
72,4622
73,4622
2,4625
11,4625
2,4626
70,4626
1,4627
23,4627
25,4628
38,4628
65,4628
77,4628
2,4629
83,4629
64,4630
93,4631
94,4631
32,4633
41,4633
51,4633
72,4634
29,4636
35,4637
56,4639
73,4639
39,4640
42,4642
76,4644
49,4646
78,4646
60,4648
75,4654
39,4655
79,4655
23,4663
37,4664
94,4664
56,4666
74,4666
91,4666
63,4667
94,4667
81,4669
64,4671
34,4672
69,4672
36,4673
53,4673
90,4674
78,4675
1,4676
1,4678
24,4678
2,4680
56,4680
1,4681
80,4681
84,4683
42,4684
73,4684
60,4685
65,4685
97,4685
2,4686
14,4686
2,4687
12,4687
41,4687
64,4687
19,4689
23,4689
39,4689
47,4690
1,4691
42,4693
59,4693
71,4693
16,4694
75,4694
59,4695
2,4696
11,4697
70,4698
1,4699
2,4700
74,4700
43,4702
1,4703
39,4703
2,4704
2,4706
17,4708
34,4708
16,4710
44,4711
63,4711
1,4713
86,4713
2,4715
69,4715
84,4715
3,4716
9,4716
35,4716
38,4716
89,4716
95,4716
1,4718
63,4718
2,4720
4,4720
17,4720
1,4723
46,4723
2,4724
5,4724
55,4724
75,4724
5,4725
4,4726
24,4726
51,4726
90,4727
3,4728
15,4728
54,4728
7,4729
47,4729
53,4730
92,4730
72,4731
56,4732
60,4732
37,4735
58,4736
99,4736
59,4738
74,4739
32,4740
56,4740
13,4743
81,4745
97,4745
40,4746
19,4747
82,4748
30,4751
22,4753
51,4758
67,4758
48,4759
29,4760
87,4760
19,4761
49,4761
62,4762
74,4763
19,4765
66,4765
56,4771
7,4772
66,4772
97,4773
97,4775
98,4775
25,4776
90,4776
1,4777
30,4777
45,4777
91,4778
98,4778
57,4779
97,4779
16,4780
20,4780
41,4781
66,4782
47,4783
98,4786
37,4787
45,4788
41,4789
55,4789
86,4791
46,4792
62,4792
8,4793
95,4793
72,4794
88,4795
80,4797
97,4797
6,4798
64,4798
68,4798
43,4800
100,4801
77,4801
81,4801
46,4802
56,4803
43,4804
50,4804
10,4805
67,4805
1,4809
64,4810
20,4811
1,4812
2,4813
1,4814
3,4814
52,4814
4,4815
3,4816
45,4816
31,4817
2,4818
5,4818
85,4818
2,4819
4,4820
24,4821
55,4821
88,4821
5,4822
6,4823
73,4825
46,4827
74,4827
91,4828
44,4829
84,4829
19,4830
59,4831
41,4832
98,4832
26,4833
56,4833
3,4834
42,4834
5,4835
5,4836
13,4836
62,4836
71,4836
76,4836
86,4836
4,4837
17,4838
46,4838
3,4840
51,4840
31,4842
48,4842
89,4842
4,4843
31,4843
35,4843
50,4843
62,4843
84,4844
20,4845
67,4845
29,4846
61,4846
15,4847
67,4847
43,4848
26,4849
37,4849
92,4849
55,4851
40,4852
74,4852
73,4853
15,4854
33,4854
59,4854
30,4855
40,4856
81,4856
3,4858
4,4859
5,4860
76,4860
80,4860
5,4862
19,4862
41,4862
32,4864
53,4865
3,4866
70,4866
91,4866
84,4867
4,4868
33,4870
52,4870
84,4870
45,4874
53,4874
72,4875
9,4876
95,4876
42,4880
74,4880
98,4882
81,4885
31,4887
7,4888
73,4889
33,4892
18,4894
21,4894
26,4894
48,4894
49,4894
12,4895
17,4895
40,4895
66,4895
67,4895
7,4896
24,4896
99,4896
42,4899
69,4899
100,4900
70,4901
14,4904
2,4906
3,4907
38,4908
68,4908
16,4909
55,4909
97,4909
53,4912
1,4915
87,4915
1,4916
2,4917
10,4919
36,4919
22,4920
31,4920
1,4921
2,4922
5,4922
58,4922
64,4924
85,4925
96,4926
22,4928
31,4928
2,4929
9,4929
3,4931
48,4931
60,4932
54,4934
25,4935
50,4936
43,4937
96,4938
59,4939
19,4940
28,4940
4,4941
28,4941
68,4941
49,4942
3,4943
92,4944
100,4945
83,4945
50,4946
5,4947
27,4947
48,4947
85,4948
5,4949
5,4951
62,4951
1,4952
4,4952
78,4952
99,4952
1,4953
23,4953
43,4953
2,4955
8,4955
2,4956
90,4956
11,4957
85,4957
1,4958
15,4959
41,4959
3,4961
5,4962
95,4962
99,4962
34,4963
64,4963
5,4964
14,4964
39,4964
4,4965
3,4966
24,4966
88,4966
2,4967
4,4967
58,4967
36,4970
14,4971
65,4971
55,4975
97,4976
26,4978
48,4979
23,4980
43,4980
26,4982
41,4982
10,4985
51,4986
71,4986
16,4989
56,4990
1,4991
91,4992
2,4993
59,4993
25,4994
80,4995
1,4997
68,4997
2,4998
3,4998
38,4999
69,4999
56,5000
4,5001
1,5002
80,5002
2,5003
3,5003
4,5004
24,5005
25,5006
98,5006
91,5007
5,5008
94,5008
5,5009
43,5010
59,5010
72,5011
89,5011
90,5011
50,5012
68,5013
58,5014
95,5014
27,5015
87,5015
96,5016
62,5017
77,5017
91,5018
32,5022
24,5023
27,5023
51,5024
58,5024
97,5024
90,5025
93,5025
16,5028
23,5029
75,5031
71,5033
35,5034
43,5034
20,5035
32,5035
16,5037
55,5037
16,5038
18,5040
68,5041
79,5041
84,5041
7,5042
50,5042
36,5043
99,5043
93,5044
16,5047
81,5047
48,5048
32,5052
98,5052
10,5055
82,5056
10,5058
3,5059
37,5059
46,5060
4,5061
4,5062
1,5063
3,5063
5,5064
40,5064
37,5065
73,5065
5,5067
48,5067
2,5068
20,5069
27,5069
1,5070
40,5070
74,5071
7,5072
83,5072
2,5073
22,5073
67,5073
1,5074
2,5075
40,5075
17,5076
18,5076
64,5076
22,5077
61,5078
61,5079
30,5080
66,5083
90,5084
21,5085
53,5085
90,5085
18,5086
49,5087
54,5087
12,5089
37,5090
45,5090
69,5090
18,5091
2,5094
12,5094
25,5094
72,5094
8,5095
11,5095
13,5095
26,5095
32,5096
47,5097
1,5098
1,5100
2,5101
33,5102
84,5102
46,5103
50,5103
2,5105
1,5106
26,5106
2,5107
39,5107
87,5107
75,5108
34,5110
78,5110
95,5110
71,5111
97,5114
98,5115
50,5117
38,5119
58,5119
75,5119
98,5119
98,5121
8,5122
3,5123
25,5123
1,5124
5,5124
58,5124
5,5125
4,5126
18,5126
78,5127
85,5127
92,5127
86,5128
3,5129
76,5129
98,5129
2,5130
4,5130
48,5132
1,5133
47,5134
92,5134
23,5135
39,5135
15,5136
71,5136
1,5138
60,5138
2,5140
31,5140
37,5140
48,5141
2,5143
62,5143
23,5144
28,5146
90,5146
38,5147
84,5148
87,5149
20,5150
57,5150
17,5151
93,5152
56,5154
86,5157
19,5158
90,5159
49,5161
22,5162
51,5162
81,5164
87,5166
95,5168
98,5168
86,5169
92,5169
16,5173
26,5174
21,5175
58,5175
99,5176
32,5177
24,5178
33,5178
84,5179
30,5180
12,5182
3,5183
16,5183
21,5185
5,5186
56,5186
63,5186
5,5187
45,5187
4,5189
28,5189
48,5189
35,5190
67,5190
75,5190
4,5191
2,5192
3,5192
63,5192
3,5195
48,5195
4,5196
89,5196
78,5197
62,5198
95,5198
100,5199
13,5201
23,5201
4,5202
37,5202
24,5203
21,5204
5,5205
3,5206
5,5207
46,5208
27,5209
61,5209
25,5211
61,5211
52,5212
79,5212
28,5213
68,5213
79,5213
50,5214
75,5214
27,5215
74,5215
70,5216
30,5217
55,5217
64,5217
73,5217
56,5218
78,5218
75,5222
16,5223
38,5226
14,5228
28,5229
96,5230
31,5232
80,5232
52,5234
35,5235
84,5236
61,5237
43,5238
47,5238
79,5238
70,5239
88,5241
98,5241
42,5242
86,5242
11,5244
36,5245
4,5247
24,5247
46,5247
64,5247
2,5248
47,5248
19,5249
71,5250
56,5251
81,5251
90,5252
43,5254
57,5254
68,5254
80,5255
22,5260
15,5261
50,5261
53,5261
82,5261
3,5263
5,5264
74,5264
4,5265
75,5265
8,5266
16,5266
67,5266
95,5266
98,5266
57,5267
72,5267
3,5268
77,5268
4,5269
9,5269
69,5269
90,5270
5,5271
47,5271
63,5271
9,5272
71,5273
60,5274
80,5274
3,5275
19,5275
1,5276
4,5277
22,5277
1,5278
4,5278
9,5278
36,5278
29,5279
5,5280
19,5281
3,5282
85,5282
5,5283
40,5284
25,5285
49,5285
74,5285
22,5286
19,5287
2,5288
45,5288
1,5290
19,5290
84,5292
2,5294
6,5294
39,5294
2,5295
44,5296
14,5298
38,5298
49,5298
80,5298
34,5299
90,5299
66,5301
59,5302
43,5303
84,5306
49,5307
95,5307
93,5308
22,5309
31,5310
57,5311
72,5311
9,5312
65,5313
38,5315
84,5315
40,5316
54,5318
25,5319
32,5321
19,5322
65,5323
74,5323
3,5324
1,5325
5,5325
37,5325
4,5326
64,5326
92,5326
3,5327
43,5327
4,5328
1,5329
38,5330
5,5331
30,5331
2,5332
74,5332
44,5333
3,5334
61,5334
2,5335
38,5335
4,5336
12,5336
1,5337
5,5338
2,5339
22,5339
68,5339
59,5341
5,5342
3,5343
4,5344
100,5346
25,5346
20,5348
27,5348
32,5350
35,5351
57,5352
15,5354
38,5355
81,5356
90,5356
50,5357
53,5358
33,5359
45,5359
59,5359
72,5359
86,5359
24,5360
75,5360
34,5361
14,5362
39,5362
1,5363
2,5364
23,5365
83,5365
1,5366
1,5367
32,5368
34,5368
97,5368
2,5371
2,5372
76,5372
90,5373
8,5374
54,5374
60,5375
22,5376
49,5377
94,5377
3,5379
5,5380
48,5380
37,5381
51,5381
1,5382
4,5382
15,5383
1,5384
5,5384
10,5385
57,5385
2,5386
3,5386
4,5387
48,5389
58,5389
2,5391
48,5391
1,5392
91,5392
2,5393
51,5395
32,5397
61,5397
86,5405
100,5406
99,5406
17,5408
32,5408
42,5408
57,5409
37,5410
73,5411
79,5411
83,5411
76,5413
64,5414
7,5418
35,5418
60,5418
68,5418
78,5418
80,5418
81,5418
41,5420
24,5422
75,5422
85,5423
31,5424
17,5425
89,5426
6,5428
32,5431
71,5431
46,5432
70,5432
15,5433
63,5433
1,5435
53,5435
1,5436
2,5437
87,5437
2,5438
75,5439
1,5440
43,5440
2,5441
3,5441
87,5441
5,5442
18,5442
5,5444
32,5444
24,5445
4,5446
48,5446
4,5448
3,5449
83,5449
1,5450
17,5450
1,5451
2,5453
78,5453
90,5454
2,5455
1,5456
25,5456
67,5456
73,5456
2,5457
23,5457
31,5459
42,5459
61,5459
25,5460
40,5460
90,5462
3,5463
17,5463
77,5463
5,5464
49,5464
74,5464
46,5465
4,5466
5,5467
53,5467
93,5467
3,5468
7,5468
12,5469
54,5469
7,5470
9,5471
4,5472
6,5473
23,5474
88,5475
43,5478
84,5479
34,5480
10,5481
43,5481
92,5481
59,5482
88,5482
94,5483
12,5484
22,5484
22,5486
18,5487
28,5487
6,5488
69,5489
82,5489
98,5489
1,5490
25,5491
38,5491
70,5491
1,5492
39,5492
42,5493
89,5494
2,5495
2,5496
72,5496
1,5497
66,5497
97,5499
2,5500
22,5502
80,5502
14,5503
48,5503
29,5504
85,5504
69,5505
98,5505
10,5509
45,5509
33,5511
3,5512
55,5512
100,5513
43,5513
5,5514
24,5514
26,5514
81,5514
52,5515
24,5516
7,5517
44,5517
50,5518
100,5519
5,5519
66,5520
45,5522
68,5522
4,5523
32,5526
82,5526
3,5527
23,5527
53,5527
4,5529
33,5529
17,5532
21,5532
40,5532
75,5532
92,5532
84,5533
47,5535
67,5535
94,5535
80,5536
19,5538
65,5539
74,5539
14,5542
64,5542
68,5542
14,5543
27,5544
42,5544
1,5545
7,5545
48,5545
70,5546
77,5546
29,5547
38,5547
79,5549
1,5550
69,5551
83,5551
2,5552
2,5553
61,5553
3,5554
36,5554
69,5554
4,5555
53,5555
1,5556
5,5556
2,5557
4,5558
74,5558
19,5559
32,5560
61,5560
19,5562
28,5562
5,5563
80,5563
99,5563
3,5564
8,5565
11,5566
39,5566
59,5566
25,5568
30,5569
65,5569
98,5569
58,5570
67,5570
10,5572
24,5573
1,5576
100,5577
2,5578
13,5578
17,5578
24,5578
59,5578
25,5579
46,5580
72,5580
55,5581
73,5582
87,5582
1,5583
52,5583
2,5584
1,5585
16,5585
46,5585
91,5585
99,5585
80,5586
14,5589
46,5589
55,5589
61,5589
94,5591
2,5593
64,5593
1,5595
40,5595
1,5596
56,5596
91,5596
2,5597
1,5600
2,5601
60,5601
72,5601
2,5602
22,5605
22,5606
37,5606
3,5607
11,5607
44,5607
5,5608
44,5608
4,5609
28,5609
61,5609
95,5609
40,5610
59,5610
9,5612
31,5612
51,5612
99,5612
11,5613
3,5614
12,5614
92,5614
94,5614
98,5614
71,5615
5,5616
70,5616
73,5616
4,5618
82,5620
3,5622
5,5623
5,5624
54,5624
86,5624
43,5625
4,5627
26,5627
61,5627
99,5627
4,5629
70,5629
99,5629
3,5630
33,5630
42,5630
41,5632
77,5632
19,5633
24,5633
34,5634
3,5636
73,5636
98,5636
4,5637
29,5637
69,5637
5,5638
16,5638
5,5639
33,5639
47,5639
78,5640
4,5641
26,5641
10,5642
56,5643
67,5643
3,5644
11,5644
28,5644
98,5644
9,5645
40,5645
34,5646
63,5647
67,5647
20,5648
31,5648
68,5650
10,5651
10,5654
33,5654
53,5654
56,5655
91,5656
8,5657
75,5657
22,5658
56,5658
19,5659
76,5659
19,5660
38,5660
83,5660
55,5661
52,5664
38,5666
80,5666
54,5668
57,5670
71,5671
85,5672
72,5673
52,5674
76,5674
23,5675
12,5676
9,5678
31,5679
70,5679
92,5679
99,5679
19,5680
71,5680
97,5682
42,5683
62,5683
68,5684
39,5686
82,5688
22,5689
38,5689
92,5689
3,5691
10,5691
59,5691
39,5692
5,5693
93,5694
5,5696
96,5696
53,5697
4,5698
4,5701
26,5701
3,5702
24,5704
67,5704
91,5704
1,5706
31,5706
74,5706
2,5707
43,5708
44,5708
66,5710
32,5711
48,5711
1,5712
84,5713
17,5714
24,5714
44,5715
1,5717
41,5717
69,5718
31,5720
2,5722
38,5722
2,5723
64,5724
79,5725
48,5727
65,5728
94,5728
97,5728
10,5729
38,5729
54,5729
12,5731
87,5731
89,5731
36,5732
33,5734
46,5734
69,5734
91,5734
12,5737
98,5737
37,5739
62,5739
8,5741
8,5744
13,5746
71,5746
80,5746
28,5747
92,5747
95,5750
96,5750
77,5751
20,5752
22,5752
92,5754
11,5755
24,5755
31,5757
2,5758
34,5758
35,5758
40,5758
64,5761
83,5762
90,5764
48,5767
75,5769
61,5770
7,5771
60,5771
41,5772
31,5773
36,5774
65,5776
37,5777
100,5779
82,5780
98,5781
16,5783
44,5783
9,5784
81,5785
33,5786
11,5787
40,5787
56,5787
76,5791
83,5793
57,5795
7,5796
31,5796
96,5797
55,5798
43,5803
59,5803
80,5804
17,5805
41,5807
3,5808
19,5808
87,5808
4,5809
11,5809
75,5810
5,5811
3,5812
41,5812
1,5813
76,5813
4,5814
12,5814
2,5815
87,5815
98,5815
1,5816
1,5817
27,5817
90,5817
5,5818
75,5818
88,5818
2,5819
3,5819
33,5819
2,5820
4,5820
51,5820
3,5821
15,5822
59,5822
72,5822
5,5823
72,5823
76,5823
5,5824
4,5825
100,5826
17,5827
79,5827
99,5827
64,5828
32,5829
40,5831
20,5832
32,5834
84,5834
11,5835
58,5835
23,5836
88,5836
94,5837
24,5838
14,5839
34,5839
8,5841
99,5841
5,5843
38,5844
85,5844
42,5846
97,5847
3,5848
19,5848
84,5848
5,5850
46,5850
93,5850
4,5851
23,5851
5,5852
4,5853
36,5853
3,5855
20,5855
43,5855
49,5855
83,5856
12,5857
1,5859
29,5859
1,5861
85,5861
97,5861
51,5862
2,5864
12,5865
37,5865
43,5865
49,5865
59,5865
2,5866
66,5866
55,5867
1,5868
55,5868
2,5869
40,5869
51,5869
29,5870
85,5870
43,5871
14,5872
98,5874
62,5875
36,5876
78,5878
6,5879
19,5879
59,5879
28,5882
62,5883
3,5884
29,5884
48,5885
87,5885
5,5886
5,5887
8,5887
81,5887
38,5889
1,5890
4,5890
1,5891
3,5891
16,5891
2,5892
4,5892
52,5893
1,5894
51,5894
55,5894
61,5894
2,5895
47,5895
100,5899
41,5899
2,5900
64,5901
76,5901
95,5901
3,5904
11,5904
40,5904
87,5906
16,5909
46,5909
5,5910
97,5911
5,5912
89,5912
54,5913
4,5914
15,5914
61,5914
66,5914
1,5915
3,5915
2,5916
4,5916
92,5916
1,5917
86,5917
46,5918
97,5918
2,5919
65,5920
1,5921
7,5921
54,5921
2,5922
15,5922
73,5923
93,5923
1,5925
11,5925
90,5925
52,5926
33,5927
69,5927
1,5930
25,5932
31,5932
69,5932
89,5932
94,5932
2,5934
1,5936
21,5936
2,5937
2,5938
14,5938
52,5938
100,5939
50,5939
63,5939
91,5939
98,5940
93,5941
58,5943
50,5944
49,5945
54,5945
82,5945
7,5946
20,5946
53,5946
70,5947
90,5947
19,5948
23,5948
31,5948
53,5948
9,5950
30,5950
39,5951
82,5951
15,5952
52,5953
20,5954
27,5955
18,5960
5,5961
36,5962
75,5962
3,5963
4,5965
37,5965
65,5965
4,5966
5,5969
92,5969
5,5970
32,5970
45,5970
12,5971
99,5971
3,5972
70,5972
49,5975
73,5975
58,5976
18,5980
19,5981
36,5981
78,5983
69,5984
89,5984
23,5985
91,5987
49,5989
11,5990
68,5991
75,5991
88,5991
12,5995
4,5996
23,5996
64,5997
11,5998
86,5998
3,5999
70,6000
4,6001
55,6001
46,6002
5,6003
25,6003
33,6003
42,6005
80,6005
4,6006
50,6006
5,6008
15,6008
43,6008
3,6009
24,6009
49,6010
1,6011
49,6011
1,6014
57,6014
18,6015
45,6015
2,6016
45,6016
2,6017
1,6018
69,6018
84,6018
70,6020
86,6020
2,6021
14,6021
30,6021
83,6021
40,6022
97,6022
74,6025
43,6026
34,6028
1,6029
1,6031
2,6032
66,6032
3,6033
6,6033
4,6034
4,6035
30,6037
40,6037
5,6038
96,6038
1,6039
30,6039
2,6040
3,6040
6,6040
19,6040
52,6040
53,6040
72,6040
5,6041
60,6041
76,6041
91,6041
14,6042
30,6043
1,6044
2,6044
67,6045
2,6046
62,6046
62,6049
89,6049
16,6050
77,6050
7,6051
43,6051
60,6051
94,6051
12,6053
80,6053
89,6053
69,6057
77,6057
65,6058
76,6059
78,6059
49,6060
68,6060
90,6060
59,6061
20,6066
42,6066
95,6066
15,6067
59,6069
51,6070
35,6071
98,6074
35,6076
56,6076
85,6076
3,6077
28,6077
29,6077
88,6077
63,6078
22,6079
85,6080
53,6081
4,6083
100,6084
4,6084
3,6087
100,6088
5,6089
76,6089
90,6089
5,6091
37,6091
96,6092
72,6093
8,6094
23,6094
92,6094
1,6096
78,6096
1,6098
12,6098
47,6098
73,6098
2,6099
37,6099
71,6100
1,6101
1,6102
2,6103
49,6104
2,6105
71,6105
58,6109
85,6109
65,6110
72,6111
34,6112
67,6112
37,6114
16,6115
17,6115
79,6115
1,6116
18,6116
77,6116
87,6116
1,6118
2,6119
7,6119
1,6120
63,6120
2,6121
77,6122
2,6123
48,6123
89,6124
61,6125
82,6125
63,6127
69,6127
49,6128
72,6128
32,6129
80,6129
88,6130
90,6133
21,6134
32,6134
38,6134
23,6135
39,6135
32,6136
40,6137
94,6138
75,6140
9,6143
52,6144
63,6147
39,6148
92,6150
8,6154
89,6155
51,6156
40,6157
33,6160
97,6160
4,6161
95,6161
31,6162
9,6164
96,6165
14,6166
73,6166
50,6168
22,6169
24,6169
10,6171
15,6172
70,6174
13,6175
92,6175
23,6176
55,6176
36,6178
14,6181
43,6181
59,6182
94,6183
8,6186
14,6187
36,6187
71,6187
69,6190
35,6192
14,6193
44,6193
67,6193
25,6195
30,6195
40,6195
12,6196
44,6196
61,6197
9,6199
89,6199
85,6201
22,6202
23,6203
60,6204
74,6204
80,6205
60,6207
80,6208
41,6209
42,6209
97,6209
3,6211
7,6211
86,6211
60,6212
4,6213
26,6213
5,6214
60,6214
1,6215
3,6215
1,6216
88,6217
4,6218
10,6218
5,6219
3,6220
4,6221
2,6222
11,6222
25,6222
62,6222
64,6222
5,6223
9,6223
69,6223
5,6224
48,6225
2,6226
20,6226
34,6226
1,6227
3,6227
61,6227
4,6228
33,6228
2,6229
96,6231
42,6232
84,6232
68,6234
79,6234
3,6235
36,6235
59,6236
86,6236
87,6236
63,6237
97,6237
38,6238
5,6240
44,6242
4,6243
16,6243
62,6243
91,6244
4,6245
31,6245
71,6245
83,6246
5,6247
45,6247
43,6248
84,6248
3,6249
65,6249
99,6249
43,6251
12,6252
92,6257
69,6258
86,6259
14,6260
16,6262
1,6263
39,6263
51,6263
61,6263
37,6264
68,6265
52,6266
17,6267
65,6267
1,6268
64,6268
2,6269
44,6269
79,6269
33,6270
37,6270
69,6270
1,6271
88,6271
90,6271
2,6272
2,6273
65,6273
53,6274
98,6274
39,6275
64,6276
90,6276
72,6277
18,6278
15,6279
16,6281
83,6282
75,6283
29,6284
49,6285
9,6289
36,6289
75,6289
28,6290
51,6291
76,6291
67,6292
55,6295
3,6296
1,6297
5,6297
11,6297
17,6297
52,6297
61,6297
4,6298
56,6298
94,6298
1,6299
4,6299
3,6300
42,6300
5,6301
2,6302
57,6302
61,6302
1,6304
81,6305
10,6306
2,6307
8,6307
2,6308
76,6308
43,6309
38,6311
29,6312
54,6313
13,6314
21,6314
83,6314
68,6315
1,6316
68,6316
99,6316
7,6317
26,6317
99,6317
2,6318
15,6318
49,6318
1,6319
33,6319
76,6319
31,6320
39,6320
1,6323
2,6324
18,6324
24,6326
82,6326
87,6327
2,6328
35,6332
82,6332
99,6332
64,6333
49,6334
76,6334
92,6334
47,6336
46,6337
28,6338
32,6339
59,6339
73,6339
3,6342
39,6342
4,6343
67,6343
76,6344
5,6345
4,6346
85,6346
16,6347
3,6348
10,6348
23,6348
88,6348
26,6349
45,6349
46,6349
5,6350
31,6350
35,6351
1,6352
2,6353
48,6353
80,6353
1,6354
2,6355
9,6355
34,6355
62,6355
1,6356
38,6356
30,6357
38,6357
2,6358
32,6358
2,6359
3,6362
53,6362
75,6362
99,6362
4,6364
72,6364
5,6365
4,6367
3,6368
54,6368
79,6368
53,6371
76,6371
94,6372
22,6373
61,6373
82,6373
53,6374
5,6375
75,6377
1,6378
1,6379
29,6379
2,6381
51,6381
2,6382
94,6382
1,6383
28,6383
90,6383
2,6385
57,6386
74,6390
8,6391
27,6391
1,6392
2,6393
32,6393
79,6393
67,6394
1,6395
2,6396
1,6397
2,6397
91,6397
2,6398
98,6398
99,6398
94,6399
10,6401
99,6401
72,6402
50,6403
3,6404
4,6405
4,6407
15,6407
57,6407
59,6407
5,6408
5,6409
20,6409
3,6410
73,6410
3,6411
4,6412
57,6412
72,6412
5,6414
81,6414
5,6415
54,6415
85,6415
99,6415
3,6416
52,6416
65,6416
4,6417
31,6417
58,6419
11,6421
35,6421
92,6422
28,6423
29,6424
85,6424
98,6424
53,6425
87,6428
94,6428
79,6432
24,6433
51,6433
71,6433
61,6434
17,6438
30,6440
61,6440
64,6440
85,6442
99,6442
73,6444
31,6445
34,6446
30,6451
56,6451
92,6451
3,6453
4,6457
5,6458
34,6460
3,6461
14,6461
5,6462
4,6463
53,6463
14,6464
80,6464
3,6466
93,6466
5,6467
13,6467
34,6467
66,6467
95,6467
4,6468
5,6470
6,6471
33,6471
43,6471
89,6471
66,6472
99,6472
8,6473
14,6473
17,6473
32,6473
4,6474
3,6475
66,6475
83,6475
8,6476
77,6478
86,6479
40,6481
23,6482
74,6482
59,6483
98,6483
33,6484
36,6484
16,6485
65,6485
81,6486
43,6487
59,6487
81,6488
77,6489
21,6490
84,6490
93,6491
74,6492
80,6492
27,6494
62,6494
35,6497
62,6497
8,6499
19,6499
60,6500
66,6500
13,6501
41,6501
83,6501
9,6502
66,6502
27,6503
73,6504
83,6508
50,6509
93,6509
62,6510
96,6510
33,6511
51,6511
55,6512
81,6512
89,6513
55,6514
64,6514
90,6514
93,6514
47,6515
66,6515
60,6516
72,6518
84,6518
14,6520
91,6521
99,6521
40,6522
78,6523
15,6524
93,6525
39,6526
86,6528
57,6529
6,6530
12,6530
61,6530
88,6530
1,6531
40,6532
98,6535
58,6536
29,6537
75,6537
38,6540
32,6541
41,6541
62,6541
18,6542
62,6542
69,6544
26,6545
7,6546
91,6547
93,6547
17,6548
81,6548
8,6549
11,6549
25,6549
59,6549
85,6552
99,6553
75,6554
76,6557
74,6559
23,6560
42,6560
88,6561
89,6561
92,6561
98,6561
99,6561
73,6564
90,6564
91,6564
41,6566
61,6568
54,6569
77,6571
51,6572
74,6572
62,6573
72,6573
86,6575
83,6576
7,6577
43,6579
81,6580
26,6581
1,6582
36,6582
81,6582
32,6583
33,6583
92,6584
81,6587
95,6587
21,6590
3,6591
68,6592
4,6593
11,6593
85,6593
45,6594
54,6596
3,6597
34,6599
68,6600
4,6601
15,6601
71,6601
5,6602
5,6603
73,6603
10,6605
54,6605
68,6605
89,6607
12,6608
18,6608
72,6611
89,6611
95,6611
10,6612
87,6613
9,6614
44,6615
26,6618
94,6620
69,6621
86,6622
17,6623
83,6624
89,6625
64,6626
79,6627
64,6628
23,6629
54,6629
96,6629
100,6630
17,6630
44,6633
72,6635
41,6636
49,6636
1,6637
3,6637
31,6637
1,6638
15,6638
38,6638
30,6639
2,6640
4,6640
3,6641
2,6642
17,6642
28,6644
1,6645
5,6645
5,6646
50,6646
70,6646
95,6646
2,6647
64,6647
4,6649
82,6650
48,6652
94,6652
50,6653
43,6654
77,6655
16,6656
43,6661
95,6661
59,6662
14,6665
33,6665
54,6665
61,6665
87,6665
100,6668
87,6670
43,6674
12,6675
15,6675
8,6676
50,6676
53,6677
85,6677
95,6677
25,6679
6,6680
49,6680
78,6680
100,6682
49,6682
91,6683
96,6683
39,6686
1,6689
90,6689
2,6690
92,6690
1,6691
27,6691
1,6692
97,6693
52,6694
43,6695
2,6696
39,6696
50,6696
2,6697
9,6700
57,6700
3,6701
44,6701
65,6702
96,6703
44,6704
64,6704
74,6705
95,6705
5,6706
3,6707
15,6707
35,6707
74,6707
42,6708
63,6708
4,6710
95,6710
4,6711
82,6711
5,6712
31,6712
69,6712
73,6712
98,6712
3,6713
42,6713
72,6713
41,6714
64,6716
3,6718
48,6719
4,6721
11,6721
63,6721
4,6722
40,6723
65,6723
57,6726
19,6727
31,6728
34,6729
85,6731
90,6731
5,6732
9,6732
68,6732
39,6733
3,6734
83,6734
39,6735
86,6735
80,6736
95,6736
52,6737
5,6738
71,6740
98,6742
36,6743
1,6744
15,6745
31,6745
36,6747
1,6748
20,6748
92,6748
2,6749
2,6750
34,6750
92,6751
93,6751
11,6752
73,6753
96,6753
1,6754
2,6756
42,6757
6,6758
75,6759
8,6761
10,6761
50,6761
24,6764
1,6765
12,6765
17,6766
68,6767
2,6768
26,6769
94,6770
1,6771
17,6771
55,6771
99,6771
2,6772
2,6773
90,6773
19,6774
22,6774
54,6774
1,6775
14,6776
68,6776
89,6777
96,6777
34,6778
57,6778
2,6779
100,6780
14,6784
8,6785
44,6785
68,6785
1,6786
3,6786
6,6786
67,6786
5,6787
57,6787
1,6788
5,6788
34,6788
57,6788
2,6789
4,6789
27,6789
91,6789
51,6790
1,6791
4,6791
11,6791
31,6791
80,6791
12,6792
14,6792
2,6793
2,6794
56,6794
55,6795
3,6797
6,6797
78,6797
89,6797
100,6800
26,6801
69,6801
43,6803
11,6804
60,6804
40,6805
25,6807
43,6807
9,6808
61,6808
1,6810
42,6810
2,6811
28,6811
78,6811
1,6812
19,6812
2,6813
17,6813
1,6814
96,6814
42,6815
53,6815
52,6816
78,6816
65,6817
73,6817
2,6818
72,6819
56,6820
87,6820
17,6822
64,6822
76,6822
83,6822
74,6823
66,6824
96,6824
73,6826
45,6827
9,6828
29,6828
73,6828
87,6829
39,6830
26,6831
90,6831
3,6832
34,6832
5,6833
71,6833
24,6834
7,6836
84,6836
5,6837
84,6837
14,6839
4,6840
3,6842
15,6842
5,6844
17,6845
19,6845
29,6845
77,6845
4,6846
90,6846
75,6848
3,6850
5,6852
43,6852
69,6852
39,6853
4,6854
74,6854
76,6854
1,6855
1,6856
3,6856
4,6857
54,6857
2,6858
52,6858
56,6858
63,6858
67,6859
71,6859
2,6860
80,6861
1,6862
2,6863
92,6863
5,6864
97,6866
19,6871
84,6871
60,6872
63,6872
67,6872
95,6872
39,6873
70,6873
3,6874
77,6874
4,6875
5,6876
42,6876
4,6877
80,6877
49,6878
91,6878
51,6879
71,6879
3,6880
16,6881
23,6881
82,6881
96,6881
5,6882
20,6883
68,6884
100,6885
12,6886
28,6886
29,6886
9,6888
55,6888
75,6888
69,6889
24,6891
97,6891
64,6892
74,6892
11,6893
66,6893
69,6893
96,6893
55,6894
61,6894
42,6895
69,6899
26,6905
28,6905
28,6906
61,6906
87,6906
72,6907
59,6908
74,6908
30,6909
46,6910
10,6912
3,6913
4,6914
71,6914
1,6915
5,6916
83,6917
28,6918
2,6919
14,6919
33,6919
34,6919
81,6919
1,6920
19,6921
31,6921
48,6921
99,6921
33,6922
2,6923
4,6924
22,6924
46,6924
1,6926
5,6926
2,6927
3,6927
31,6927
99,6928
41,6930
81,6930
9,6931
25,6931
52,6931
81,6931
62,6932
35,6933
1,6934
1,6935
2,6937
76,6938
2,6939
95,6940
1,6941
2,6943
82,6943
96,6943
58,6944
77,6944
68,6945
72,6945
85,6945
34,6946
37,6946
90,6946
71,6947
100,6948
3,6948
55,6948
4,6949
79,6949
5,6950
5,6951
6,6951
35,6952
31,6953
49,6953
82,6953
1,6954
21,6954
19,6955
28,6955
88,6955
92,6955
1,6956
3,6956
40,6956
2,6957
4,6957
2,6958
96,6958
28,6959
40,6959
1,6960
2,6961
22,6962
82,6963
87,6963
3,6966
93,6966
1,6967
27,6967
49,6968
2,6969
21,6969
1,6970
1,6971
5,6973
90,6973
92,6974
26,6975
72,6975
2,6976
4,6976
2,6977
3,6977
37,6977
5,6978
4,6979
21,6980
26,6980
36,6980
66,6982
17,6983
91,6984
71,6985
79,6986
54,6987
95,6987
58,6988
47,6990
97,6991
1,6992
17,6992
2,6993
1,6994
2,6996
38,6996
65,6996
1,6997
40,6997
61,7000
2,7002
47,7002
15,7003
62,7003
85,7004
3,7005
37,7006
70,7006
4,7007
61,7007
66,7007
5,7008
28,7009
50,7009
4,7010
3,7011
45,7011
53,7011
5,7012
83,7012
94,7012
95,7013
79,7014
84,7015
47,7016
35,7018
73,7019
15,7020
78,7020
61,7021
45,7024
1,7027
2,7028
28,7028
1,7029
14,7029
73,7030
1,7032
51,7032
50,7033
2,7034
45,7034
94,7036
36,7037
43,7038
98,7038
26,7040
34,7042
22,7043
62,7043
96,7043
2,7044
34,7044
37,7044
68,7044
57,7047
40,7048
41,7049
81,7051
96,7052
25,7053
56,7053
79,7053
19,7054
83,7054
8,7055
20,7055
53,7056
13,7057
43,7057
3,7058
5,7059
25,7059
37,7059
4,7060
43,7060
85,7061
89,7061
90,7061
4,7062
35,7062
55,7062
6,7063
59,7063
3,7064
5,7065
66,7065
67,7066
28,7069
36,7070
57,7070
56,7071
82,7071
3,7072
4,7073
5,7074
20,7074
89,7074
3,7075
14,7075
88,7075
100,7076
5,7076
59,7076
33,7077
59,7077
4,7078
57,7079
74,7079
56,7081
57,7081
79,7081
100,7082
94,7084
21,7091
28,7093
47,7093
64,7093
94,7093
83,7094
85,7094
22,7095
24,7096
31,7097
7,7098
70,7098
71,7098
85,7099
78,7100
52,7101
76,7103
30,7104
79,7110
10,7111
17,7111
3,7113
56,7114
88,7114
4,7116
5,7117
96,7119
32,7121
26,7124
4,7126
40,7126
67,7127
3,7128
43,7129
44,7130
5,7131
23,7131
1,7133
84,7133
75,7134
1,7135
81,7137
2,7139
34,7139
36,7139
1,7140
40,7141
2,7142
24,7142
32,7142
42,7142
2,7143
28,7143
42,7143
64,7143
98,7143
50,7145
8,7146
30,7146
43,7146
73,7151
11,7152
13,7152
65,7153
74,7154
58,7155
30,7156
66,7156
15,7157
25,7157
88,7158
91,7158
11,7159
27,7159
39,7159
43,7159
54,7159
87,7161
93,7161
86,7162
31,7163
15,7164
21,7164
59,7164
43,7165
48,7165
58,7167
88,7168
43,7169
78,7169
23,7170
24,7170
45,7170
72,7171
55,7173
62,7173
42,7174
1,7176
6,7176
17,7177
75,7177
1,7178
2,7179
29,7179
91,7179
1,7182
15,7182
63,7182
87,7182
2,7183
17,7184
72,7184
2,7187
50,7187
1,7188
1,7189
37,7191
91,7191
2,7192
64,7192
68,7193
1,7194
2,7195
38,7195
42,7195
2,7196
49,7196
74,7199
91,7199
12,7201
21,7201
32,7202
93,7203
10,7204
3,7206
96,7206
5,7207
48,7207
47,7208
53,7208
33,7209
28,7210
66,7210
96,7210
5,7212
100,7213
16,7213
93,7213
4,7214
24,7214
10,7218
18,7218
26,7218
43,7218
3,7219
62,7220
4,7221
15,7222
64,7223
83,7223
79,7224
83,7224
28,7225
52,7225
3,7226
5,7227
54,7227
4,7228
27,7229
3,7231
76,7231
4,7232
23,7232
22,7233
8,7234
13,7234
33,7234
5,7235
94,7235
23,7236
78,7236
43,7238
86,7238
96,7240
48,7241
97,7243
41,7244
35,7247
58,7248
63,7248
93,7249
31,7250
66,7253
22,7254
66,7255
60,7256
34,7258
15,7259
1,7260
87,7260
2,7261
8,7261
17,7261
1,7262
1,7263
74,7263
2,7264
58,7264
61,7264
10,7265
2,7266
54,7266
16,7268
59,7268
29,7269
48,7269
3,7271
72,7271
4,7272
42,7272
89,7272
5,7273
52,7273
5,7275
32,7275
6,7276
62,7276
4,7278
39,7278
49,7278
51,7278
78,7278
11,7281
32,7281
34,7282
69,7283
76,7283
3,7284
57,7284
57,7285
36,7286
73,7286
99,7286
20,7287
94,7287
1,7288
70,7288
75,7288
69,7289
30,7292
40,7293
68,7294
20,7295
3,7296
30,7296
37,7297
5,7299
25,7299
4,7300
18,7300
41,7301
42,7301
4,7302
22,7302
59,7303
85,7303
96,7303
3,7304
9,7304
17,7305
5,7306
19,7307
14,7309
89,7309
3,7312
73,7313
4,7315
12,7315
13,7315
3,7316
5,7317
1,7318
5,7318
21,7318
89,7318
1,7319
4,7319
66,7319
2,7321
2,7322
15,7322
1,7325
2,7326
69,7327
8,7328
95,7329
11,7330
69,7331
98,7331
80,7332
75,7333
3,7334
6,7334
43,7334
16,7335
96,7335
5,7337
5,7338
54,7338
18,7341
29,7341
4,7342
22,7342
4,7343
54,7343
3,7344
95,7347
55,7348
83,7348
50,7352
76,7352
95,7352
77,7353
37,7354
11,7356
65,7356
9,7357
21,7357
25,7358
83,7361
55,7362
77,7362
93,7362
37,7363
86,7365
8,7366
41,7367
3,7368
34,7369
51,7369
4,7370
13,7371
50,7371
74,7371
4,7372
50,7372
3,7373
24,7373
87,7374
5,7375
65,7375
53,7377
56,7378
5,7379
41,7381
3,7382
5,7383
11,7383
58,7383
53,7385
92,7386
4,7387
5,7388
50,7388
4,7389
1,7391
3,7391
40,7392
89,7392
17,7394
78,7394
37,7395
1,7396
68,7398
35,7399
66,7399
7,7401
1,7402
26,7402
2,7404
60,7404
34,7405
44,7405
1,7406
33,7407
2,7408
28,7408
42,7408
66,7408
70,7408
2,7410
12,7410
30,7410
18,7411
24,7412
95,7412
12,7413
29,7417
97,7419
11,7420
39,7420
65,7420
68,7420
93,7420
85,7421
12,7422
41,7422
53,7426
8,7428
11,7428
31,7428
54,7428
65,7428
41,7430
81,7432
49,7433
18,7436
18,7437
61,7439
68,7439
58,7440
32,7441
76,7442
49,7443
33,7444
59,7445
8,7446
33,7446
89,7447
25,7448
6,7453
76,7453
25,7454
8,7455
45,7456
99,7456
36,7458
41,7458
74,7458
18,7459
32,7459
48,7459
96,7462
54,7463
28,7464
94,7464
95,7464
1,7466
31,7466
8,7467
81,7467
13,7468
84,7468
94,7468
3,7472
82,7472
87,7473
4,7474
16,7474
20,7474
81,7474
93,7474
86,7475
54,7476
9,7480
5,7481
73,7481
5,7482
21,7482
48,7482
86,7482
4,7483
34,7483
66,7483
3,7484
9,7487
24,7487
63,7488
27,7489
35,7489
31,7491
26,7496
27,7496
55,7497
3,7498
11,7498
34,7499
21,7500
41,7500
5,7502
24,7502
87,7503
4,7505
30,7505
78,7506
4,7508
16,7509
51,7509
3,7510
28,7511
83,7512
98,7512
5,7513
41,7514
42,7514
44,7514
79,7514
96,7514
23,7515
88,7515
99,7515
67,7516
37,7518
1,7519
19,7519
38,7519
76,7519
77,7520
10,7522
42,7522
70,7522
70,7525
22,7526
21,7527
38,7527
49,7529
47,7530
40,7531
32,7537
58,7538
100,7541
55,7541
68,7541
76,7542
25,7544
78,7544
21,7545
70,7545
70,7546
12,7547
23,7547
71,7547
98,7547
99,7548
27,7549
51,7550
32,7552
37,7553
79,7554
82,7555
83,7555
15,7556
76,7556
96,7556
99,7557
37,7559
70,7559
31,7560
68,7560
88,7560
96,7562
40,7564
9,7567
52,7567
22,7570
90,7570
32,7572
98,7573
39,7574
48,7575
91,7575
59,7576
63,7576
53,7579
17,7581
51,7582
71,7582
23,7583
79,7583
55,7584
82,7584
89,7584
1,7587
16,7589
87,7589
1,7590
22,7590
27,7590
2,7592
91,7592
20,7593
2,7594
50,7594
22,7595
1,7596
2,7597
79,7597
85,7598
98,7598
44,7600
61,7600
25,7602
67,7602
47,7604
75,7604
36,7605
66,7606
71,7606
20,7607
51,7608
78,7608
73,7609
72,7610
96,7611
29,7612
42,7612
71,7612
96,7614
1,7615
2,7616
24,7616
1,7617
1,7618
70,7619
76,7619
78,7619
85,7619
2,7620
8,7620
16,7621
2,7623
3,7624
4,7626
11,7626
80,7627
1,7628
3,7628
29,7628
79,7628
2,7629
35,7629
1,7630
2,7631
5,7631
75,7631
10,7634
1,7635
2,7636
4,7636
59,7637
75,7637
5,7638
28,7639
83,7639
57,7640
61,7641
42,7642
45,7643
78,7645
88,7646
95,7646
37,7647
22,7648
88,7649
48,7650
39,7651
35,7653
61,7655
94,7655
97,7656
99,7657
25,7658
95,7658
28,7659
79,7660
93,7660
39,7663
87,7664
39,7666
9,7667
32,7667
50,7668
18,7670
18,7671
56,7671
74,7672
96,7673
49,7674
57,7675
60,7675
45,7677
70,7679
50,7680
71,7680
98,7680
38,7681
93,7681
61,7682
54,7684
22,7685
36,7687
43,7688
92,7688
13,7689
26,7689
69,7689
96,7689
98,7690
62,7691
46,7692
64,7692
99,7692
25,7693
56,7694
88,7694
99,7694
96,7695
16,7696
72,7697
89,7697
56,7698
73,7698
20,7700
93,7700
39,7701
95,7702
47,7704
83,7704
9,7705
46,7706
59,7707
70,7708
95,7711
6,7712
28,7712
15,7713
17,7713
45,7713
75,7713
35,7715
43,7715
70,7717
87,7719
33,7720
51,7720
28,7721
1,7722
80,7722
44,7723
50,7723
87,7723
70,7724
99,7725
19,7726
20,7726
64,7726
73,7727
90,7727
2,7728
61,7728
90,7728
18,7729
56,7730
1,7732
3,7732
62,7732
1,7733
5,7733
12,7733
4,7735
86,7735
81,7736
4,7738
3,7739
40,7739
71,7739
5,7740
49,7740
59,7740
2,7741
2,7744
7,7744
15,7744
28,7744
73,7744
77,7745
16,7746
1,7748
71,7748
23,7749
1,7750
59,7750
63,7750
2,7752
1,7754
69,7754
91,7754
16,7755
28,7755
2,7756
17,7756
97,7756
2,7760
57,7761
84,7761
14,7762
53,7763
57,7764
37,7766
89,7766
83,7768
96,7768
3,7769
29,7769
4,7770
3,7771
13,7771
5,7772
4,7773
66,7774
5,7775
19,7775
54,7776
65,7776
88,7776
9,7777
92,7779
50,7780
85,7780
8,7781
1,7782
60,7782
2,7783
39,7783
1,7784
53,7784
1,7785
77,7785
2,7787
2,7788
8,7789
46,7789
65,7792
84,7793
20,7795
6,7796
1,7797
1,7798
47,7798
59,7798
98,7799
2,7800
46,7803
66,7803
96,7803
1,7805
26,7805
79,7805
2,7806
57,7807
58,7807
29,7808
5,7809
2,7811
41,7812
35,7813
43,7814
1,7815
16,7815
97,7815
21,7817
2,7819
61,7819
89,7819
12,7820
52,7820
1,7822
8,7822
1,7823
2,7824
68,7824
2,7826
8,7828
11,7828
40,7828
91,7830
1,7831
77,7831
2,7833
24,7834
9,7835
23,7835
1,7837
1,7838
3,7838
2,7839
75,7839
95,7839
2,7840
24,7841
88,7841
10,7843
10,7845
74,7848
91,7848
78,7850
1,7851
1,7852
67,7852
2,7853
21,7854
41,7854
2,7856
3,7856
1,7857
5,7857
44,7857
45,7857
2,7858
9,7858
32,7859
5,7860
65,7860
8,7861
61,7861
4,7862
30,7862
3,7863
4,7864
6,7865
67,7866
81,7868
74,7870
92,7870
19,7871
17,7875
24,7875
25,7878
10,7880
26,7883
37,7883
77,7883
76,7885
56,7888
66,7889
10,7890
72,7891
95,7891
20,7893
28,7893
99,7893
21,7894
1,7895
93,7895
19,7896
42,7896
49,7896
73,7897
91,7899
16,7900
35,7900
61,7901
82,7901
100,7903
35,7903
15,7905
35,7905
29,7906
90,7906
63,7907
32,7908
58,7908
58,7909
36,7910
16,7912
69,7912
72,7912
7,7913
30,7914
46,7914
3,7917
74,7917
92,7917
1,7919
22,7919
1,7920
2,7921
4,7921
27,7921
53,7921
88,7921
2,7922
81,7922
1,7924
12,7924
16,7925
64,7925
2,7926
4,7926
57,7926
60,7926
79,7926
5,7927
7,7927
14,7927
5,7928
73,7928
3,7929
92,7929
22,7930
66,7930
84,7931
56,7934
64,7934
73,7934
10,7935
74,7935
76,7937
91,7937
99,7938
9,7941
40,7942
93,7942
40,7943
25,7944
58,7945
66,7945
22,7947
37,7948
93,7948
91,7949
7,7950
9,7950
13,7950
26,7952
38,7953
15,7954
68,7955
95,7957
1,7958
10,7958
1,7959
41,7959
92,7959
2,7960
86,7960
50,7961
2,7962
79,7963
1,7964
42,7964
95,7964
2,7965
3,7965
6,7965
5,7966
52,7966
4,7967
4,7968
74,7969
33,7971
84,7972
95,7972
5,7973
71,7973
16,7974
3,7975
54,7977
25,7979
54,7979
9,7980
31,7982
10,7984
87,7984
46,7985
52,7986
37,7988
16,7989
42,7989
91,7990
15,7991
33,7991
58,7991
41,7992
43,7992
23,7993
48,7993
73,7993
97,7993
73,7994
92,7996
32,7997
27,7998
17,7999
46,8000
51,8000
29,8006
35,8006
12,8007
23,8007
77,8009
82,8009
62,8010
100,8011
40,8011
44,8011
53,8011
68,8012
97,8012
97,8013
65,8014
83,8015
87,8016
24,8017
33,8022
69,8022
81,8024
29,8027
1,8028
3,8028
26,8028
36,8028
74,8028
43,8029
1,8030
2,8031
36,8031
47,8031
78,8031
61,8032
2,8033
5,8033
58,8033
1,8034
2,8035
4,8035
12,8035
50,8036
67,8036
97,8036
5,8037
41,8037
4,8038
53,8039
54,8040
70,8040
33,8041
26,8043
85,8043
21,8044
3,8045
17,8045
97,8045
6,8046
68,8048
48,8050
84,8051
64,8052
85,8052
36,8053
32,8054
54,8054
10,8055
17,8055
22,8056
53,8056
53,8057
40,8059
98,8059
48,8062
37,8063
26,8064
87,8064
28,8066
33,8066
76,8066
70,8067
85,8067
41,8069
77,8069
1,8071
3,8071
14,8072
53,8072
1,8073
20,8073
2,8074
1,8076
7,8076
39,8076
2,8077
5,8077
2,8078
51,8079
4,8083
73,8083
76,8083
81,8083
4,8084
24,8084
5,8085
3,8086
42,8087
85,8087
62,8088
88,8088
45,8089
100,8090
69,8090
60,8092
75,8096
10,8097
79,8097
27,8099
70,8100
18,8101
82,8101
83,8101
21,8102
91,8102
14,8106
34,8106
47,8106
40,8110
47,8111
26,8112
1,8114
54,8115
63,8115
67,8115
18,8116
63,8116
1,8117
16,8118
24,8118
2,8119
45,8119
59,8120
98,8120
1,8123
3,8123
28,8123
2,8124
47,8124
67,8124
40,8125
42,8125
47,8126
2,8127
4,8127
3,8128
6,8128
10,8128
66,8129
5,8130
72,8131
14,8132
73,8132
75,8132
1,8133
4,8133
56,8133
5,8134
1,8135
56,8136
2,8138
56,8139
59,8139
97,8139
1,8140
2,8141
52,8141
44,8142
88,8144
28,8145
2,8146
29,8147
45,8147
100,8149
18,8149
20,8149
61,8149
67,8150
98,8153
30,8154
88,8154
21,8156
22,8156
1,8157
22,8157
40,8158
30,8159
89,8159
2,8160
3,8162
46,8162
1,8163
61,8163
4,8164
45,8166
1,8167
24,8167
60,8167
4,8168
9,8168
2,8169
5,8169
60,8169
73,8169
2,8170
60,8170
87,8170
5,8171
13,8172
34,8174
3,8175
95,8176
21,8177
66,8177
15,8180
65,8182
34,8183
78,8183
97,8183
55,8184
64,8185
14,8187
64,8187
70,8187
27,8188
59,8189
97,8193
55,8195
65,8198
10,8199
34,8199
98,8199
1,8200
1,8201
2,8203
2,8206
1,8207
2,8208
91,8208
93,8209
40,8210
39,8212
94,8212
20,8214
23,8214
47,8215
20,8216
26,8216
83,8216
86,8218
1,8219
36,8219
46,8220
70,8220
14,8221
34,8221
2,8222
89,8223
35,8224
46,8224
72,8224
83,8224
1,8225
15,8225
2,8226
3,8226
54,8226
1,8227
15,8227
47,8228
56,8228
78,8228
14,8229
65,8229
77,8229
2,8230
72,8231
5,8232
81,8234
45,8235
4,8236
33,8236
3,8237
52,8238
71,8238
35,8240
74,8240
31,8241
86,8241
5,8242
22,8242
91,8243
25,8244
4,8245
90,8245
1,8246
1,8247
18,8247
2,8248
69,8248
2,8249
12,8249
94,8249
16,8250
58,8250
74,8252
1,8254
37,8254
80,8255
2,8256
77,8256
30,8257
32,8257
38,8257
35,8258
40,8258
40,8259
1,8261
1,8263
71,8263
94,8263
2,8264
10,8264
68,8266
77,8266
2,8269
6,8269
32,8269
88,8269
1,8270
57,8271
86,8271
50,8272
2,8274
3,8274
10,8274
85,8274
4,8275
31,8275
58,8275
51,8277
62,8277
99,8277
4,8278
16,8280
48,8280
5,8281
9,8281
5,8282
3,8283
75,8284
18,8285
56,8285
7,8286
57,8286
68,8286
73,8286
86,8286
68,8287
81,8288
98,8288
20,8289
42,8289
25,8290
78,8290
20,8291
43,8291
62,8291
8,8292
48,8295
11,8296
1,8297
11,8297
1,8298
51,8299
2,8300
77,8300
3,8301
39,8301
1,8302
5,8302
37,8303
2,8304
60,8304
63,8304
2,8305
1,8306
6,8306
75,8306
77,8306
1,8308
5,8308
26,8308
67,8308
2,8309
52,8310
85,8310
4,8311
43,8311
4,8312
30,8312
2,8313
3,8313
66,8313
57,8314
12,8315
85,8315
72,8316
80,8316
1,8317
39,8317
2,8319
94,8320
58,8321
47,8323
58,8323
40,8324
80,8324
85,8324
77,8325
76,8327
84,8329
73,8330
74,8330
20,8332
13,8337
85,8337
50,8339
60,8341
87,8341
12,8344
62,8345
8,8346
26,8346
32,8346
33,8348
60,8350
84,8351
30,8356
91,8356
10,8357
33,8358
7,8359
32,8359
76,8359
47,8360
67,8363
20,8364
24,8364
46,8365
54,8366
18,8367
19,8367
47,8368
79,8370
77,8371
89,8371
32,8372
55,8372
49,8373
53,8373
84,8374
19,8375
72,8382
13,8383
95,8383
29,8385
54,8387
23,8388
80,8388
86,8388
20,8392
50,8392
43,8393
47,8393
98,8393
8,8394
17,8394
64,8394
3,8396
60,8396
94,8396
73,8398
5,8399
11,8399
62,8399
4,8400
26,8400
4,8401
88,8402
3,8403
5,8404
94,8404
1,8406
8,8406
52,8406
1,8407
2,8408
1,8410
22,8410
88,8410
2,8411
2,8412
6,8413
26,8413
37,8413
60,8413
3,8414
38,8414
39,8414
49,8414
84,8414
69,8415
4,8416
3,8419
77,8419
5,8422
31,8422
34,8422
65,8422
5,8423
23,8426
63,8426
36,8427
4,8429
90,8429
40,8430
1,8431
90,8431
2,8432
77,8432
21,8433
29,8433
1,8434
1,8435
69,8435
74,8435
81,8435
83,8437
2,8439
51,8439
70,8439
74,8440
2,8441
43,8441
19,8443
77,8445
3,8447
56,8447
1,8448
5,8448
50,8448
5,8449
59,8449
73,8449
18,8450
1,8451
80,8451
2,8452
68,8452
83,8452
86,8452
60,8453
1,8454
4,8455
2,8456
3,8456
31,8456
36,8456
2,8457
90,8457
4,8459
6,8460
77,8460
4,8461
32,8461
36,8461
28,8462
100,8464
66,8466
47,8467
75,8467
84,8467
14,8470
14,8471
23,8471
27,8474
1,8475
27,8475
46,8475
1,8477
65,8477
6,8478
38,8478
40,8479
2,8480
3,8480
9,8480
5,8481
12,8481
56,8481
84,8481
4,8482
1,8483
3,8483
59,8483
4,8485
9,8485
64,8485
2,8486
56,8486
2,8487
5,8487
15,8487
26,8487
47,8487
67,8487
41,8488
56,8490
19,8492
25,8492
98,8493
99,8493
14,8494
9,8495
29,8496
22,8497
64,8497
79,8497
1,8498
79,8498
97,8498
2,8499
48,8499
1,8501
2,8503
1,8505
45,8505
2,8506
42,8508
11,8509
10,8510
36,8511
60,8516
81,8516
35,8517
16,8518
5,8519
27,8519
75,8519
13,8522
63,8522
94,8524
3,8528
54,8528
71,8530
77,8530
33,8531
3,8532
65,8532
12,8533
44,8533
5,8534
4,8536
4,8537
5,8538
3,8541
15,8541
42,8541
92,8541
66,8543
79,8543
46,8544
72,8545
74,8545
59,8546
50,8547
68,8547
13,8548
22,8549
43,8549
39,8551
60,8551
54,8552
85,8552
84,8555
78,8556
14,8557
80,8557
1,8558
96,8558
2,8559
17,8560
84,8560
19,8561
1,8563
3,8563
49,8563
1,8564
4,8564
7,8564
2,8565
3,8566
9,8566
64,8566
5,8567
42,8567
69,8567
4,8568
98,8568
2,8569
5,8569
24,8569
50,8572
79,8573
6,8574
77,8574
80,8577
20,8578
60,8579
16,8581
17,8582
62,8583
65,8584
83,8584
11,8585
89,8585
10,8586
55,8586
56,8586
3,8587
75,8587
68,8588
4,8589
3,8590
36,8590
50,8590
51,8590
61,8590
5,8591
26,8591
50,8591
53,8591
4,8592
17,8592
16,8593
41,8594
71,8594
48,8595
9,8596
58,8596
73,8596
5,8597
97,8598
34,8599
47,8601
30,8602
75,8602
28,8603
43,8607
62,8607
91,8610
40,8612
63,8612
3,8613
59,8613
4,8615
46,8616
79,8616
74,8618
100,8619
5,8619
5,8620
78,8620
3,8621
4,8622
53,8623
99,8623
48,8624
3,8625
26,8628
41,8628
1,8632
1,8633
26,8633
37,8633
25,8634
50,8634
2,8635
27,8635
50,8635
66,8637
90,8637
22,8638
43,8638
1,8639
9,8639
41,8639
2,8640
56,8642
92,8642
2,8643
80,8643
39,8644
88,8647
3,8648
27,8648
71,8648
93,8648
17,8651
6,8652
70,8652
87,8652
11,8653
13,8653
33,8653
95,8653
40,8654
71,8657
41,8658
73,8658
16,8659
46,8660
94,8660
71,8661
83,8662
95,8662
96,8662
3,8666
43,8666
5,8667
36,8667
4,8668
82,8668
4,8669
18,8669
41,8669
5,8670
64,8670
3,8671
15,8671
51,8676
97,8676
5,8678
33,8678
28,8679
64,8679
81,8679
91,8679
65,8680
18,8681
30,8682
77,8682
95,8682
3,8683
14,8683
49,8684
5,8685
59,8685
50,8686
57,8686
9,8687
5,8688
95,8689
97,8689
73,8690
4,8691
92,8691
4,8693
89,8694
3,8696
24,8697
85,8697
89,8699
20,8703
29,8704
3,8705
38,8705
41,8706
99,8706
100,8707
5,8709
5,8711
55,8711
4,8712
82,8712
26,8713
4,8714
10,8714
3,8715
17,8715
9,8719
48,8719
61,8719
63,8720
100,8723
16,8723
22,8724
54,8724
86,8724
90,8724
13,8725
10,8727
39,8728
44,8728
97,8728
47,8729
40,8730
19,8731
57,8731
20,8732
21,8732
71,8732
75,8732
14,8733
32,8733
54,8734
45,8735
23,8736
76,8736
9,8737
24,8738
31,8738
37,8738
21,8740
93,8740
51,8741
7,8742
14,8743
71,8743
44,8744
87,8744
30,8745
42,8745
40,8746
99,8746
8,8747
29,8747
54,8747
60,8748
22,8749
86,8750
69,8751
38,8752
77,8752
13,8754
64,8754
88,8755
40,8756
59,8758
71,8759
1,8761
24,8761
87,8763
1,8764
2,8765
94,8765
51,8766
43,8768
48,8768
19,8769
61,8769
72,8769
18,8770
55,8770
60,8770
1,8771
1,8772
16,8772
80,8773
27,8774
65,8774
10,8775
41,8776
83,8776
2,8777
19,8777
83,8778
2,8780
17,8782
31,8782
23,8783
53,8784
3,8785
33,8785
4,8786
29,8786
4,8787
50,8787
5,8788
14,8788
25,8788
5,8789
78,8789
3,8790
22,8790
1,8793
27,8793
12,8794
2,8796
18,8796
79,8796
92,8796
16,8798
39,8798
42,8798
26,8800
49,8800
65,8800
15,8801
60,8801
92,8801
1,8802
84,8802
85,8802
2,8803
23,8804
51,8804
56,8804
97,8804
1,8805
21,8806
2,8808
12,8808
46,8808
79,8809
88,8809
13,8811
73,8812
75,8812
15,8813
51,8813
84,8813
30,8815
1,8816
55,8816
1,8818
44,8818
75,8818
84,8818
90,8818
2,8819
35,8819
38,8820
42,8820
47,8820
40,8821
2,8822
1,8823
39,8823
46,8823
79,8823
66,8824
2,8825
48,8825
79,8825
88,8825
70,8829
3,8834
10,8834
27,8834
60,8834
5,8835
4,8836
96,8836
3,8837
46,8838
5,8839
71,8839
78,8839
4,8840
88,8840
84,8841
96,8842
13,8843
59,8843
64,8843
76,8843
45,8844
57,8844
16,8845
71,8848
77,8848
88,8850
89,8850
62,8853
89,8857
39,8858
63,8859
76,8859
86,8859
20,8860
45,8860
7,8861
44,8861
51,8861
84,8861
18,8864
44,8865
49,8865
74,8865
89,8865
62,8866
45,8867
79,8867
40,8868
30,8869
3,8870
5,8871
16,8871
75,8872
8,8873
63,8873
4,8875
3,8876
21,8876
65,8876
66,8876
5,8877
16,8877
44,8877
27,8878
43,8878
4,8879
75,8879
1,8880
2,8881
15,8882
88,8882
33,8883
82,8883
1,8884
2,8885
1,8886
2,8887
14,8888
75,8888
68,8889
28,8890
73,8891
100,8894
50,8894
64,8895
79,8895
42,8896
26,8897
31,8897
52,8897
13,8900
45,8900
71,8900
7,8901
12,8901
1,8903
2,8904
31,8905
55,8906
1,8907
23,8907
59,8907
1,8910
62,8910
79,8910
28,8911
96,8911
53,8912
2,8913
71,8913
74,8913
23,8915
70,8916
99,8917
2,8918
42,8919
47,8919
69,8919
64,8921
90,8921
51,8922
55,8922
25,8923
64,8923
1,8924
27,8924
6,8926
72,8928
1,8929
2,8930
2,8931
1,8932
33,8932
2,8935
14,8937
37,8937
92,8937
93,8937
48,8939
38,8941
49,8941
50,8941
22,8942
90,8942
89,8947
1,8950
7,8950
88,8952
1,8955
62,8955
2,8957
1,8958
49,8958
2,8959
2,8960
51,8960
93,8960
65,8961
41,8962
82,8962
23,8963
39,8964
52,8965
27,8966
92,8967
85,8968
67,8969
20,8972
50,8972
13,8974
48,8974
87,8974
32,8979
73,8979
79,8980
13,8981
63,8981
66,8983
64,8984
84,8986
46,8987
58,8987
44,8988
48,8990
53,8991
36,8996
57,8996
26,8998
94,8998
1,8999
73,8999
1,9001
34,9002
2,9003
2,9005
52,9005
84,9005
1,9006
51,9006
56,9006
49,9007
53,9008
15,9009
2,9010
8,9010
73,9010
9,9013
30,9013
47,9013
16,9014
18,9014
68,9014
44,9016
58,9016
73,9016
78,9016
17,9017
27,9017
13,9018
30,9018
96,9018
7,9019
22,9019
98,9019
58,9020
31,9022
55,9022
24,9023
95,9023
49,9025
7,9026
27,9026
89,9026
64,9027
3,9028
5,9029
28,9029
4,9030
3,9032
6,9032
5,9033
35,9033
4,9035
62,9035
36,9037
72,9037
79,9038
86,9040
1,9042
1,9044
40,9044
84,9044
2,9045
2,9046
17,9046
51,9046
54,9047
98,9048
6,9049
1,9050
27,9050
47,9050
2,9051
93,9051
17,9054
80,9054
53,9055
79,9055
95,9056
72,9057
90,9058
11,9059
19,9060
90,9062
17,9065
92,9068
64,9069
84,9069
18,9070
83,9070
11,9072
95,9072
8,9073
60,9074
29,9076
62,9076
97,9077
58,9082
22,9083
88,9083
22,9084
24,9086
93,9086
46,9087
83,9087
57,9089
91,9091
42,9092
61,9093
63,9093
40,9094
69,9096
73,9096
46,9099
78,9099
17,9101
62,9102
69,9102
23,9103
48,9104
53,9104
64,9105
8,9108
30,9109
43,9109
30,9110
64,9110
12,9112
66,9114
60,9115
82,9115
95,9115
9,9116
90,9116
37,9118
35,9119
75,9119
57,9120
3,9124
58,9124
46,9125
77,9126
7,9127
12,9129
1,9132
15,9133
81,9133
84,9133
86,9133
91,9134
99,9134
1,9137
2,9138
2,9139
28,9139
68,9139
1,9140
17,9140
73,9140
2,9141
23,9141
57,9141
49,9142
15,9143
25,9143
71,9143
93,9143
78,9145
34,9146
73,9148
47,9149
48,9149
26,9150
97,9150
9,9151
51,9154
79,9154
1,9155
1,9156
12,9157
33,9157
26,9158
32,9158
35,9158
32,9159
48,9159
71,9160
88,9160
96,9162
39,9163
2,9164
12,9164
91,9164
1,9165
89,9166
3,9167
8,9167
31,9167
2,9168
4,9168
31,9168
74,9168
2,9169
1,9170
55,9170
84,9170
49,9171
3,9172
6,9172
26,9172
2,9173
1,9174
69,9174
75,9175
5,9176
40,9177
1,9178
5,9178
7,9178
28,9178
2,9180
2,9181
64,9181
96,9181
4,9182
85,9184
87,9184
24,9186
24,9187
73,9188
96,9189
78,9190
54,9192
52,9194
81,9195
23,9196
75,9196
3,9199
4,9200
84,9200
5,9201
97,9201
63,9202
87,9202
4,9203
18,9203
5,9204
15,9204
22,9204
66,9204
70,9204
81,9204
4,9205
3,9206
30,9207
1,9209
71,9209
81,9209
90,9209
94,9209
43,9211
91,9211
2,9212
22,9212
92,9212
1,9213
34,9213
78,9213
1,9215
48,9215
2,9217
17,9217
24,9217
73,9217
2,9219
54,9219
84,9220
27,9222
84,9222
12,9223
56,9223
13,9224
28,9224
84,9224
42,9225
61,9225
83,9227
98,9227
32,9230
29,9231
47,9235
87,9235
44,9236
62,9237
68,9237
100,9238
84,9238
9,9242
98,9243
74,9244
83,9244
1,9247
41,9247
100,9249
1,9249
2,9249
2,9250
2,9251
49,9251
1,9252
6,9252
76,9253
89,9253
95,9254
2,9255
3,9255
37,9255
67,9255
5,9256
53,9256
61,9256
88,9257
4,9258
5,9259
4,9260
3,9261
38,9261
56,9261
68,9261
1,9262
50,9262
1,9263
2,9264
1,9265
12,9265
2,9267
2,9268
20,9268
45,9268
1,9269
2,9269
63,9269
44,9270
56,9271
77,9271
2,9272
52,9272
1,9273
86,9273
1,9276
5,9277
54,9277
2,9278
11,9278
2,9281
54,9283
62,9283
6,9285
48,9285
96,9285
24,9290
25,9291
45,9291
13,9292
22,9292
28,9292
76,9292
34,9293
25,9294
39,9295
30,9296
17,9297
31,9297
75,9297
99,9297
65,9298
5,9299
45,9302
48,9304
6,9305
29,9305
3,9307
25,9308
37,9308
81,9308
4,9309
53,9309
49,9311
3,9313
68,9313
83,9314
5,9316
25,9316
4,9318
5,9319
77,9321
59,9322
97,9322
54,9323
3,9324
59,9324
31,9325
64,9326
19,9327
34,9327
77,9327
5,9328
10,9328
48,9328
50,9328
40,9329
72,9330
4,9331
27,9331
45,9331
69,9331
68,9332
3,9333
48,9334
5,9336
58,9336
79,9336
4,9337
3,9339
60,9339
76,9339
98,9339
4,9340
90,9340
31,9343
46,9344
93,9344
5,9345
17,9345
45,9345
95,9345
4,9346
20,9346
5,9347
98,9348
3,9349
15,9349
43,9349
67,9349
84,9349
26,9351
56,9352
74,9352
73,9354
76,9354
1,9355
75,9355
97,9355
37,9356
50,9357
1,9358
58,9358
84,9358
2,9359
94,9359
16,9360
2,9361
39,9361
84,9361
1,9362
2,9363
37,9367
86,9369
48,9371
35,9372
9,9373
93,9373
47,9376
60,9376
67,9376
79,9376
30,9378
13,9379
83,9379
79,9380
81,9381
86,9382
97,9382
39,9383
9,9384
78,9384
99,9384
50,9388
71,9390
34,9391
38,9392
9,9393
17,9395
47,9395
93,9395
53,9396
29,9397
90,9398
32,9399
43,9399
91,9399
55,9401
92,9402
13,9405
60,9407
91,9407
10,9408
23,9408
53,9408
41,9410
49,9411
37,9412
11,9414
51,9414
57,9415
77,9417
65,9418
11,9419
35,9419
47,9419
71,9419
66,9420
37,9421
62,9423
98,9423
80,9424
31,9425
77,9425
32,9426
69,9426
70,9426
17,9428
33,9428
17,9429
30,9429
44,9429
81,9429
64,9430
8,9431
20,9433
47,9433
75,9434
66,9435
13,9437
58,9437
69,9438
58,9440
71,9440
15,9444
46,9444
73,9444
35,9445
89,9445
29,9446
76,9447
90,9447
92,9448
40,9449
75,9449
94,9449
89,9450
39,9451
50,9451
90,9451
27,9452
76,9452
82,9452
12,9453
64,9453
45,9454
58,9454
28,9456
69,9456
15,9460
91,9460
17,9462
6,9463
42,9465
60,9465
58,9467
30,9468
5,9470
79,9470
61,9471
52,9473
33,9474
26,9475
30,9475
47,9477
66,9478
74,9478
38,9480
1,9481
50,9481
2,9483
64,9483
59,9484
1,9485
17,9486
37,9488
71,9488
87,9488
2,9489
3,9489
48,9490
1,9491
5,9491
2,9492
4,9492
85,9492
3,9494
24,9494
60,9495
88,9495
61,9496
4,9498
15,9498
53,9499
96,9499
57,9500
5,9502
19,9502
29,9502
61,9505
83,9505
88,9505
41,9507
75,9507
78,9507
51,9508
99,9508
46,9509
59,9509
31,9510
90,9510
46,9512
81,9512
12,9513
98,9513
49,9515
55,9517
27,9518
77,9519
89,9522
10,9523
12,9523
51,9523
53,9523
63,9523
81,9524
41,9525
26,9526
45,9528
81,9528
49,9529
41,9530
44,9530
68,9530
92,9530
8,9531
7,9532
65,9532
1,9533
2,9534
14,9534
1,9535
11,9536
43,9536
2,9537
32,9537
47,9538
98,9539
99,9539
93,9542
1,9543
19,9543
2,9545
98,9546
53,9548
62,9552
77,9552
79,9553
9,9555
65,9555
92,9555
23,9557
56,9557
29,9559
41,9559
61,9559
10,9561
28,9562
12,9564
69,9565
16,9567
21,9567
46,9568
62,9568
23,9569
87,9569
99,9569
32,9570
70,9570
8,9571
9,9571
56,9571
67,9571
97,9571
44,9572
98,9574
76,9575
58,9576
68,9577
84,9577
59,9578
62,9578
74,9578
63,9580
44,9582
61,9582
3,9583
42,9583
4,9584
71,9584
5,9585
5,9586
92,9586
3,9587
1,9588
4,9589
79,9589
92,9589
1,9591
41,9592
72,9592
2,9593
28,9593
92,9593
2,9594
1,9595
2,9596
49,9596
67,9597
84,9597
35,9598
37,9598
49,9598
63,9598
78,9598
81,9600
61,9602
83,9605
86,9605
37,9606
78,9606
98,9606
16,9607
6,9609
10,9610
58,9610
81,9610
36,9611
77,9612
65,9613
74,9615
92,9615
32,9616
74,9616
79,9617
53,9618
49,9619
46,9621
52,9626
38,9629
50,9630
88,9630
29,9634
49,9634
40,9636
78,9636
11,9637
84,9637
91,9637
1,9639
3,9639
29,9639
77,9640
1,9641
85,9641
73,9642
2,9643
4,9644
1,9645
89,9645
2,9646
4,9646
51,9646
2,9647
3,9647
47,9647
71,9648
5,9650
89,9650
88,9651
90,9651
97,9651
5,9653
76,9653
88,9653
76,9655
93,9655
48,9656
92,9656
6,9658
50,9658
68,9658
83,9658
8,9659
33,9659
68,9659
80,9660
97,9660
99,9661
86,9663
15,9664
18,9664
15,9665
20,9665
97,9665
13,9666
22,9666
42,9666
76,9666
81,9666
8,9668
23,9668
86,9668
87,9668
39,9669
50,9670
64,9670
49,9672
1,9673
55,9673
88,9673
43,9674
38,9675
1,9677
2,9679
34,9679
51,9679
1,9680
74,9680
2,9681
43,9681
67,9681
7,9682
14,9683
86,9683
88,9684
7,9686
55,9686
2,9688
50,9688
7,9689
81,9690
90,9691
4,9693
67,9693
18,9694
54,9694
15,9696
58,9696
28,9697
33,9697
28,9699
7,9700
93,9700
62,9701
62,9702
17,9705
34,9705
37,9706
39,9707
63,9707
1,9709
45,9709
82,9709
98,9710
1,9713
54,9713
92,9713
2,9714
1,9715
36,9716
2,9719
8,9719
33,9721
93,9722
49,9723
2,9724
72,9725
44,9726
94,9726
39,9728
88,9728
23,9729
16,9731
94,9731
29,9732
38,9733
68,9734
84,9734
85,9734
3,9735
10,9735
4,9737
96,9737
5,9738
7,9738
33,9738
4,9739
78,9739
46,9740
50,9740
58,9740
63,9740
3,9741
43,9741
5,9742
25,9742
42,9742
65,9742
14,9743
34,9743
80,9743
38,9744
47,9744
76,9746
23,9747
25,9747
83,9747
41,9749
23,9751
72,9751
25,9758
57,9759
3,9760
7,9760
30,9760
4,9761
4,9764
61,9764
88,9764
91,9765
3,9766
18,9766
44,9767
5,9768
45,9768
46,9768
83,9768
5,9769
17,9771
14,9773
37,9774
9,9775
62,9776
41,9777
98,9777
1,9778
8,9778
9,9778
48,9778
58,9778
9,9779
2,9780
57,9781
1,9782
1,9783
2,9784
2,9785
21,9785
93,9785
27,9790
3,9791
5,9791
73,9792
83,9792
5,9793
10,9793
86,9795
5,9796
4,9798
93,9798
3,9799
4,9801
31,9801
48,9801
42,9802
18,9803
40,9805
27,9807
49,9807
55,9807
24,9808
76,9809
10,9810
77,9812
6,9813
71,9814
81,9814
44,9815
64,9816
23,9817
64,9817
72,9817
34,9818
100,9819
74,9819
76,9819
58,9820
82,9820
52,9822
64,9822
35,9823
46,9823
59,9823
49,9824
90,9824
58,9825
3,9826
79,9826
5,9827
5,9828
81,9829
84,9829
23,9830
4,9831
61,9831
66,9831
1,9832
4,9832
8,9832
85,9832
3,9833
6,9833
51,9833
1,9834
87,9834
2,9835
2,9836
27,9836
34,9837
70,9837
91,9837
1,9838
44,9838
2,9839
53,9839
20,9840
55,9840
49,9841
77,9841
80,9841
68,9844
15,9847
65,9849
89,9849
88,9851
44,9853
84,9853
68,9855
77,9855
24,9857
100,9858
24,9858
76,9858
7,9859
23,9861
49,9861
29,9862
57,9863
40,9864
76,9864
100,9865
63,9867
64,9868
93,9868
92,9870
1,9872
85,9872
1,9873
2,9874
97,9874
2,9876
22,9876
69,9876
3,9877
25,9877
47,9877
5,9878
7,9879
45,9879
4,9880
18,9880
53,9880
5,9881
24,9881
1,9882
3,9882
18,9882
1,9883
4,9883
40,9884
74,9884
12,9885
90,9886
2,9887
13,9888
14,9888
98,9888
48,9889
33,9891
47,9891
59,9892
36,9893
39,9893
26,9895
63,9896
13,9897
82,9899
35,9900
63,9900
86,9900
34,9901
83,9901
30,9902
76,9902
92,9902
30,9905
19,9906
14,9907
52,9907
17,9909
24,9910
72,9911
3,9913
34,9913
4,9914
73,9914
4,9916
57,9916
73,9917
5,9918
69,9918
5,9920
58,9920
97,9920
3,9921
22,9924
8,9925
40,9925
20,9927
56,9927
83,9927
93,9927
94,9927
19,9928
34,9928
67,9928
96,9929
51,9930
54,9931
11,9932
26,9932
1,9933
1,9934
15,9934
2,9935
45,9935
58,9935
93,9935
79,9936
93,9936
99,9936
1,9937
2,9940
2,9941
58,9941
19,9942
36,9942
7,9944
100,9945
68,9947
71,9948
53,9949
37,9950
41,9950
70,9950
14,9955
13,9957
97,9958
24,9959
18,9960
82,9962
97,9964
24,9965
29,9967
47,9968
56,9968
61,9969
8,9970
56,9970
54,9971
86,9972
67,9973
3,9974
63,9974
5,9975
1,9976
4,9976
4,9977
1,9978
1,9979
86,9979
3,9980
42,9981
2,9982
5,9982
1,9984
15,9984
52,9984
50,9985
2,9986
40,9986
52,9987
11,9988
14,9988
39,9989
70,9989
99,9989
100,9990
7,9990
30,9992
45,9992
54,9992
2,9993
6,9994
20,9995
3,9996
9,9996
75,9996
5,9997
60,9998
47,9999
70,9999
