8,2
23,2
30,3
13,4
51,4
12,6
19,6
6,7
26,7
56,7
31,8
34,8
44,8
50,8
6,9
42,9
10,10
42,10
1,11
31,11
46,11
49,11
2,12
11,12
7,13
1,14
3,14
1,16
27,16
2,17
17,17
2,18
3,18
30,18
51,18
3,19
33,19
40,19
47,19
36,21
44,21
45,21
40,22
13,23
41,23
44,23
26,26
31,28
6,29
15,29
24,29
8,30
23,30
24,30
7,31
32,31
42,31
57,31
8,32
43,32
47,32
5,35
22,35
48,35
53,38
54,38
57,39
17,40
58,40
11,41
57,41
28,42
47,42
5,44
36,45
10,46
18,46
25,49
11,51
30,51
17,52
5,53
29,54
44,55
49,55
6,56
5,57
30,58
27,59
43,61
52,61
55,61
58,61
15,62
36,62
60,63
38,63
56,65
58,65
24,66
28,66
43,66
15,67
37,68
12,69
8,72
13,72
10,74
9,75
53,75
42,76
25,77
11,78
15,78
16,78
26,78
37,78
50,78
11,80
17,80
34,80
16,82
4,83
9,84
10,84
56,84
9,85
23,85
44,85
11,87
13,87
18,87
43,87
18,88
27,88
53,89
5,90
9,90
24,91
40,91
47,91
25,92
36,92
55,92
5,93
13,93
50,93
22,94
46,95
56,95
5,96
16,97
24,97
57,100
11,101
38,101
25,105
30,105
40,105
48,105
1,106
8,106
60,107
18,107
9,108
17,109
27,109
51,109
2,110
30,110
1,111
47,111
1,112
12,112
40,112
2,113
4,113
36,113
5,114
22,114
2,115
48,115
10,116
1,117
7,117
1,118
42,118
2,119
13,119
2,121
19,121
26,121
1,123
6,124
27,125
47,125
2,126
10,126
33,126
1,128
58,128
59,128
29,129
50,129
2,131
1,132
12,132
27,132
44,132
2,133
4,133
23,133
7,134
40,134
1,135
9,135
22,135
2,136
4,136
23,138
42,138
58,138
58,139
1,140
44,140
2,141
30,141
1,142
4,142
26,143
49,143
51,143
1,144
2,146
20,146
2,147
31,149
57,150
6,152
15,154
45,154
36,155
35,156
34,158
57,158
14,159
31,159
34,159
40,160
54,160
4,161
44,161
4,162
37,162
21,164
24,166
4,168
52,171
7,172
26,172
57,173
17,174
40,176
11,177
24,178
36,179
43,179
37,180
41,180
44,180
19,182
3,184
22,184
39,184
51,184
16,185
18,185
56,185
17,186
35,186
44,186
50,186
36,187
23,190
49,190
30,191
27,194
43,195
4,196
22,196
41,196
45,196
6,197
16,197
45,197
38,198
55,198
10,199
29,199
37,199
54,200
38,201
57,201
30,202
56,202
28,203
39,203
1,204
33,206
1,209
4,209
22,209
54,209
2,210
5,210
16,210
23,211
1,212
22,212
17,213
32,213
28,214
2,215
42,215
2,216
13,216
17,216
22,217
47,218
8,219
53,219
20,223
14,225
32,227
1,230
7,230
8,231
18,231
2,232
4,232
6,232
40,233
1,234
21,234
60,235
24,235
1,236
2,237
15,237
20,237
36,237
38,237
57,237
2,239
46,239
10,240
47,240
37,241
41,241
1,242
26,242
44,242
47,242
22,243
51,246
1,247
6,247
35,248
26,249
2,250
9,251
13,251
45,251
1,252
6,252
41,252
2,253
39,253
32,254
2,255
5,255
28,255
1,256
1,257
2,258
19,258
38,258
43,259
46,259
1,261
55,261
56,261
7,262
2,263
2,264
21,264
24,264
39,264
42,265
35,266
30,268
4,269
57,269
57,270
20,271
27,272
13,273
29,273
14,274
36,274
20,275
32,275
42,276
15,277
35,277
22,279
25,280
55,280
44,281
48,282
23,284
35,284
39,284
8,285
27,285
30,285
33,286
1,287
16,287
1,288
2,291
13,291
14,291
17,292
1,293
37,293
2,295
2,296
16,296
25,296
30,299
3,300
51,300
13,301
47,304
26,305
14,306
22,306
3,308
13,309
17,310
29,310
19,311
44,312
49,312
60,314
18,314
34,315
1,316
31,316
54,316
2,317
21,317
41,317
35,318
1,319
6,319
50,319
9,321
27,321
2,322
5,322
8,322
1,323
2,325
34,326
38,326
60,327
38,327
44,329
49,330
7,331
9,332
35,333
41,333
43,333
32,335
23,336
25,339
37,339
9,341
37,341
19,343
26,343
31,344
41,344
13,345
14,346
16,348
27,348
30,348
44,348
55,348
45,349
33,350
34,350
17,352
35,352
40,352
50,352
31,353
39,353
41,354
20,356
8,357
12,358
22,358
33,359
39,359
1,360
9,360
42,361
20,363
2,365
13,365
1,366
52,366
11,368
1,369
12,369
21,369
57,369
2,370
2,371
31,372
43,372
51,372
24,374
34,374
22,375
25,375
5,376
9,377
30,377
55,377
26,378
60,379
1,380
9,380
59,380
46,381
1,382
7,382
46,382
56,383
31,384
2,385
3,385
7,385
11,386
24,386
10,387
50,387
2,388
51,388
1,389
20,389
42,391
2,392
36,392
43,392
15,393
42,393
39,394
4,395
39,395
43,397
11,398
23,398
20,399
32,399
38,399
35,400
12,401
42,401
9,402
21,403
45,403
30,404
37,404
44,404
47,405
52,406
44,407
59,408
15,410
29,412
56,412
39,415
40,416
24,417
40,419
51,420
58,420
13,421
14,421
16,421
29,421
1,422
45,422
1,423
4,423
28,423
42,423
8,424
2,425
39,425
58,425
1,426
6,426
27,427
29,427
31,427
37,427
2,428
41,428
2,429
33,429
26,430
52,430
25,431
18,432
52,432
57,433
26,434
52,434
31,435
5,436
14,436
19,438
29,439
60,440
10,440
49,440
10,441
7,442
31,442
34,442
48,442
9,443
52,443
49,444
52,445
59,445
36,446
55,446
7,449
27,450
33,451
14,453
5,455
39,456
51,457
2,461
19,462
25,462
30,462
42,462
57,462
10,463
52,463
57,466
4,467
13,467
46,467
14,468
46,468
13,469
41,469
10,470
18,471
31,471
11,473
38,473
14,479
17,479
26,479
47,479
18,480
58,480
41,482
22,485
23,485
32,485
12,486
17,486
44,486
34,487
35,487
6,489
20,490
54,491
31,492
38,494
1,495
33,495
1,496
37,496
2,498
58,498
16,499
2,500
4,500
32,500
19,501
1,502
17,502
43,502
2,503
4,503
22,503
36,504
13,505
30,506
42,507
54,508
17,510
17,511
15,512
42,515
35,516
57,516
39,517
45,517
39,518
31,519
52,521
15,526
4,527
7,528
37,528
8,529
10,529
22,529
26,529
7,530
38,531
48,532
59,532
4,533
50,533
15,535
60,537
33,539
44,539
14,540
13,541
32,541
14,542
4,543
33,544
41,544
17,545
18,545
27,545
57,545
26,547
59,547
1,548
47,548
52,548
58,548
15,549
45,549
58,549
1,550
23,550
2,551
10,551
15,551
27,552
54,552
8,554
9,554
50,555
1,556
35,558
37,558
59,558
3,559
49,559
13,560
21,560
2,561
30,561
2,562
16,562
34,562
53,562
22,563
47,565
60,566
31,566
27,568
42,568
19,569
44,569
8,571
19,571
48,571
20,573
29,573
37,573
45,573
38,574
45,574
18,576
60,577
7,578
52,579
20,582
29,582
10,583
12,583
32,583
45,583
46,583
44,584
57,585
8,586
60,587
40,587
47,588
60,589
2,589
51,589
27,590
33,590
47,590
6,591
18,591
45,591
9,592
10,592
17,592
21,592
14,593
31,594
3,595
29,596
18,597
20,598
7,599
8,599
34,599
19,600
43,600
17,601
27,601
17,602
20,603
55,605
40,606
35,607
39,607
58,607
57,609
17,614
41,614
6,616
48,617
5,618
9,618
21,618
50,618
19,619
49,619
4,620
20,621
22,621
49,621
5,622
46,622
24,624
43,625
45,625
27,626
35,626
53,626
20,627
27,627
49,627
35,629
39,629
12,630
18,630
4,631
30,631
52,634
6,635
24,638
53,638
10,639
24,641
28,642
56,643
54,644
27,645
60,647
26,647
37,647
43,647
51,647
5,648
5,649
44,649
59,649
21,650
39,650
4,652
58,652
1,653
2,654
14,654
59,654
12,655
36,655
37,655
59,655
1,656
32,656
55,656
1,657
5,657
12,657
38,657
2,658
32,658
2,659
9,659
36,659
3,660
56,664
59,665
29,667
53,668
12,670
4,671
39,671
39,672
60,673
4,674
39,674
42,674
26,675
26,676
38,676
51,677
23,678
59,678
38,679
9,680
25,680
22,681
21,682
58,682
40,683
3,685
40,685
57,685
48,686
54,686
55,686
35,687
6,688
17,688
13,690
42,691
18,692
53,693
44,694
27,695
21,696
10,698
12,698
20,698
31,698
46,698
36,700
49,702
42,703
10,706
35,707
36,707
46,707
56,707
8,711
53,711
52,712
53,712
51,713
16,714
10,715
56,715
10,716
25,716
40,716
60,718
55,718
9,719
9,720
37,720
20,721
28,721
30,722
45,722
37,725
2,726
31,726
46,726
54,726
7,728
15,728
41,729
36,730
52,730
57,730
27,731
52,731
10,732
16,733
28,733
32,735
8,736
3,737
5,738
31,738
45,738
21,739
46,739
58,739
5,740
50,740
18,741
60,742
14,742
13,743
2,744
6,745
47,745
26,746
24,747
6,748
44,748
54,748
6,749
15,749
52,749
42,750
43,751
32,752
46,752
36,753
21,755
44,755
41,756
10,757
9,758
41,760
49,760
54,760
28,762
52,763
54,763
10,765
35,765
46,765
11,767
32,768
59,770
21,772
58,772
60,773
6,774
3,776
18,776
30,777
47,777
48,779
32,783
14,784
52,784
36,785
38,787
57,789
45,790
12,791
22,791
17,792
56,793
27,794
40,795
5,796
47,797
60,799
21,799
41,799
10,800
44,800
59,800
5,801
35,801
51,801
4,802
17,802
31,802
59,802
26,803
34,804
26,805
27,805
35,805
56,805
17,806
6,807
27,807
55,807
14,808
33,808
24,809
28,809
44,809
58,810
25,812
40,812
50,812
15,813
35,813
59,813
53,814
4,816
10,817
54,817
23,818
44,818
11,819
10,820
19,820
8,822
52,822
1,824
15,824
26,824
43,824
2,826
56,827
56,829
1,830
34,831
2,832
56,832
14,833
54,833
6,834
53,834
1,835
12,835
13,835
16,835
29,835
43,835
52,836
2,837
28,837
43,837
7,838
9,838
25,840
39,840
50,840
38,841
14,843
30,843
4,845
14,845
30,847
29,849
36,849
39,850
41,850
1,852
1,854
58,855
46,856
2,858
21,858
55,858
38,859
1,860
28,860
2,861
28,861
37,861
46,861
2,862
31,862
22,863
19,864
8,866
35,866
42,866
33,867
30,868
42,868
53,868
53,869
9,870
15,870
45,870
47,870
51,870
55,870
17,871
1,872
26,873
31,873
39,873
16,874
35,874
8,875
9,875
2,876
57,877
17,878
44,878
12,879
27,879
37,880
6,882
18,882
27,882
41,883
3,884
20,884
55,884
1,886
23,886
35,886
27,887
5,888
2,889
33,889
55,889
1,890
2,891
43,891
43,894
1,895
10,896
27,896
28,896
2,897
56,897
17,898
8,899
31,901
5,902
45,902
18,903
19,903
23,903
23,904
12,906
14,906
55,906
8,907
30,907
55,907
25,908
7,909
14,911
58,912
18,913
15,915
1,916
25,916
45,916
1,917
40,917
50,917
2,918
14,918
15,918
22,918
60,920
1,920
18,921
2,922
2,923
58,923
13,924
19,924
44,925
7,926
11,926
36,926
54,926
43,927
11,928
45,929
47,930
52,930
49,932
40,933
54,934
8,935
33,935
1,936
13,936
38,936
29,937
36,938
59,938
60,940
42,940
1,942
1,943
2,944
20,944
24,944
31,944
48,944
2,945
36,945
1,946
14,946
40,947
2,948
11,949
9,950
24,950
48,951
24,953
57,953
58,953
54,954
5,955
42,955
43,955
17,957
19,957
44,957
47,958
52,960
20,961
48,961
8,963
56,964
3,965
12,966
14,966
18,966
31,966
42,967
17,969
25,969
26,971
32,971
42,973
1,974
13,974
39,974
43,974
52,974
41,975
1,976
2,977
31,979
48,979
2,980
24,980
51,981
54,981
20,982
29,982
57,982
7,983
9,983
8,984
1,986
26,986
27,986
2,987
18,987
37,988
19,990
28,991
57,992
23,993
18,994
24,994
41,994
39,995
52,995
21,997
38,997
7,998
56,998
32,999
15,1000
36,1000
26,1001
11,1002
37,1002
50,1002
28,1003
15,1005
1,1007
53,1007
2,1008
26,1008
8,1009
1,1010
1,1011
24,1011
47,1011
2,1013
6,1013
25,1016
51,1016
2,1017
47,1017
34,1018
58,1018
8,1019
23,1019
26,1019
1,1020
33,1021
38,1021
49,1021
60,1022
11,1022
14,1022
21,1022
35,1022
1,1023
47,1023
27,1025
46,1025
2,1026
21,1026
41,1026
56,1026
10,1027
16,1027
2,1028
6,1028
35,1029
23,1030
1,1031
2,1032
41,1033
49,1034
40,1035
10,1036
38,1036
15,1037
16,1037
48,1037
53,1039
51,1042
60,1044
29,1044
38,1044
43,1044
13,1045
15,1046
22,1046
29,1049
51,1049
3,1050
22,1050
55,1050
39,1051
14,1052
19,1052
29,1052
48,1052
49,1053
11,1055
19,1056
9,1057
42,1057
39,1058
49,1063
40,1064
31,1065
38,1065
57,1065
6,1066
54,1066
36,1068
21,1070
34,1070
39,1071
52,1071
28,1072
32,1073
31,1075
59,1075
28,1076
54,1076
5,1077
38,1077
44,1077
52,1077
1,1078
7,1078
1,1080
2,1081
15,1081
33,1081
1,1082
27,1082
4,1083
30,1084
47,1084
58,1084
21,1085
29,1085
48,1085
2,1086
50,1086
2,1088
16,1088
41,1088
16,1089
37,1089
39,1091
5,1092
19,1092
52,1092
10,1094
39,1095
50,1095
25,1096
37,1096
46,1096
27,1097
26,1098
22,1099
22,1102
13,1103
19,1103
59,1103
37,1105
33,1107
43,1107
25,1108
31,1108
48,1111
30,1113
49,1113
7,1114
10,1114
6,1117
44,1117
4,1119
25,1119
23,1120
53,1120
4,1121
59,1121
25,1122
36,1123
14,1124
38,1124
26,1125
42,1125
56,1125
28,1128
46,1128
36,1129
19,1130
5,1131
35,1131
25,1132
40,1132
13,1133
17,1133
58,1133
19,1134
5,1136
23,1136
24,1136
31,1136
23,1140
53,1140
5,1141
51,1141
36,1143
27,1145
9,1147
59,1148
24,1151
1,1152
44,1152
45,1152
55,1152
20,1153
5,1155
57,1155
14,1156
27,1161
49,1161
40,1162
17,1163
12,1164
29,1164
39,1164
32,1165
11,1166
42,1167
17,1168
31,1168
30,1170
40,1170
7,1171
53,1171
60,1172
34,1173
45,1175
41,1177
58,1177
39,1178
59,1178
1,1179
32,1179
25,1180
2,1182
52,1182
1,1183
59,1183
1,1184
49,1184
14,1185
2,1186
45,1186
2,1187
19,1188
55,1189
47,1190
13,1192
26,1192
16,1193
6,1194
9,1194
21,1194
60,1195
13,1195
38,1195
58,1195
8,1196
16,1196
54,1196
59,1196
14,1197
52,1197
24,1198
51,1199
20,1202
15,1203
29,1204
15,1205
1,1209
55,1209
3,1210
48,1210
9,1211
38,1212
57,1212
2,1213
21,1213
2,1214
8,1214
14,1214
25,1214
31,1214
57,1214
5,1215
8,1216
1,1217
1,1218
18,1218
45,1218
11,1219
34,1219
2,1220
8,1220
30,1221
52,1221
31,1222
2,1223
37,1223
41,1223
53,1223
30,1227
48,1227
31,1228
30,1229
8,1231
15,1232
30,1232
4,1233
28,1233
33,1233
36,1233
23,1235
55,1235
7,1236
13,1236
22,1236
34,1236
6,1238
4,1239
17,1241
43,1241
55,1242
44,1244
6,1245
34,1246
32,1248
19,1249
10,1251
28,1251
54,1252
57,1252
1,1253
15,1253
60,1254
1,1254
24,1254
2,1257
16,1257
31,1257
1,1258
16,1258
46,1258
2,1260
24,1260
47,1261
43,1262
2,1263
14,1263
23,1263
33,1265
55,1265
57,1266
59,1266
7,1267
29,1268
1,1269
19,1269
25,1269
53,1270
2,1271
5,1271
36,1271
49,1271
1,1272
16,1272
20,1272
1,1273
29,1273
2,1274
2,1275
27,1275
20,1276
23,1276
51,1276
46,1279
47,1279
13,1281
14,1282
29,1283
55,1284
38,1285
22,1287
39,1287
29,1288
47,1288
1,1289
36,1289
11,1290
29,1290
37,1290
1,1291
2,1293
6,1293
39,1293
46,1293
1,1294
11,1294
33,1295
2,1296
2,1297
5,1297
29,1302
8,1304
9,1304
15,1304
40,1306
50,1308
60,1309
35,1309
28,1310
43,1310
46,1313
39,1317
54,1317
11,1320
49,1320
16,1321
15,1322
49,1322
52,1322
34,1324
19,1325
6,1326
57,1328
4,1329
40,1329
44,1329
7,1330
9,1330
3,1331
34,1331
42,1333
21,1334
26,1334
54,1334
19,1335
39,1336
44,1337
58,1337
14,1338
24,1339
48,1341
31,1342
60,1344
32,1344
42,1344
16,1345
35,1345
45,1345
13,1346
34,1346
13,1347
26,1348
45,1348
58,1348
14,1349
17,1349
44,1349
59,1349
32,1350
48,1350
14,1353
43,1353
55,1354
20,1356
34,1359
17,1360
20,1360
32,1360
37,1360
47,1361
8,1362
34,1362
6,1363
39,1363
50,1363
53,1364
3,1365
35,1365
49,1365
30,1367
38,1368
41,1368
9,1371
10,1371
55,1371
16,1372
40,1372
56,1372
54,1373
59,1373
8,1376
60,1379
59,1379
34,1383
19,1384
42,1384
48,1385
33,1386
48,1387
4,1388
40,1389
46,1391
14,1392
39,1392
57,1393
26,1394
46,1395
31,1396
43,1397
4,1399
13,1399
29,1399
49,1400
45,1401
52,1402
57,1402
30,1404
22,1405
35,1405
45,1405
33,1406
1,1407
20,1407
45,1407
1,1408
27,1408
46,1408
2,1409
12,1409
13,1409
1,1410
32,1410
49,1410
42,1411
56,1411
2,1412
14,1412
17,1412
59,1412
36,1414
37,1414
8,1415
14,1415
43,1415
43,1416
2,1417
7,1417
43,1417
55,1417
3,1418
52,1418
21,1419
36,1420
4,1421
9,1422
9,1423
57,1423
60,1425
7,1428
20,1429
21,1429
58,1429
41,1430
46,1430
14,1431
25,1431
36,1431
1,1432
22,1432
1,1433
18,1433
31,1433
36,1433
2,1434
9,1435
41,1435
2,1436
6,1436
1,1438
59,1438
2,1439
41,1439
11,1440
20,1441
44,1441
13,1445
27,1445
12,1446
18,1447
28,1449
56,1449
3,1450
12,1450
16,1450
51,1451
4,1452
44,1452
19,1455
4,1456
14,1456
14,1457
28,1457
27,1459
59,1459
6,1460
21,1460
46,1461
5,1462
41,1462
28,1463
55,1463
13,1464
39,1464
42,1467
49,1467
53,1468
31,1469
10,1470
42,1470
11,1471
12,1471
42,1471
57,1471
20,1474
36,1474
11,1475
43,1475
11,1479
35,1479
17,1480
45,1482
56,1482
33,1483
17,1484
21,1487
32,1488
7,1489
55,1489
60,1490
19,1491
47,1491
10,1496
17,1499
21,1499
18,1500
56,1500
24,1502
44,1502
14,1503
44,1504
11,1505
54,1505
44,1506
3,1507
3,1509
11,1509
15,1509
18,1509
8,1510
17,1510
43,1510
16,1511
19,1512
42,1512
29,1513
22,1514
42,1514
56,1515
41,1516
49,1516
29,1518
55,1519
57,1520
3,1521
11,1523
37,1524
56,1524
13,1527
17,1527
19,1527
28,1527
33,1527
60,1528
24,1530
30,1530
6,1531
17,1531
36,1531
13,1533
18,1535
23,1535
42,1535
43,1535
45,1535
17,1537
35,1538
36,1541
51,1541
54,1541
46,1542
54,1543
1,1545
9,1545
2,1546
2,1547
15,1547
1,1550
2,1551
46,1551
53,1551
15,1552
2,1553
1,1554
12,1554
48,1554
20,1556
2,1557
58,1557
27,1560
50,1560
35,1561
48,1561
20,1564
28,1564
33,1564
35,1565
12,1567
49,1567
7,1568
29,1568
15,1569
18,1569
10,1570
32,1570
13,1573
9,1574
54,1574
45,1575
57,1576
6,1577
47,1577
12,1578
32,1578
11,1579
14,1579
47,1580
55,1580
49,1582
7,1584
18,1584
23,1587
3,1588
21,1588
28,1588
36,1588
7,1590
18,1592
17,1593
28,1594
57,1594
12,1595
19,1596
50,1596
46,1597
8,1598
52,1598
58,1598
51,1599
4,1600
38,1602
57,1602
59,1602
46,1603
13,1604
4,1605
11,1605
25,1605
51,1605
22,1606
36,1606
11,1608
28,1609
41,1609
50,1611
50,1613
44,1614
53,1618
34,1619
5,1620
10,1620
27,1622
59,1622
54,1625
51,1628
1,1629
28,1629
1,1630
25,1630
2,1631
43,1631
10,1632
34,1632
1,1633
25,1633
6,1634
2,1635
42,1635
60,1636
2,1636
38,1636
31,1637
50,1638
23,1639
18,1640
38,1641
16,1642
34,1644
44,1644
46,1645
14,1646
9,1647
21,1648
27,1649
55,1653
3,1654
8,1655
18,1655
43,1655
19,1656
37,1656
16,1658
19,1658
31,1658
39,1658
35,1659
36,1659
22,1660
39,1661
21,1662
12,1665
16,1665
39,1665
49,1665
50,1665
46,1666
13,1667
35,1667
47,1667
3,1668
57,1669
56,1671
24,1672
29,1672
5,1674
45,1674
57,1674
20,1675
44,1675
48,1675
14,1676
35,1678
9,1679
14,1680
5,1681
44,1681
53,1681
46,1684
55,1685
26,1686
44,1687
13,1689
16,1690
53,1690
43,1691
50,1691
21,1695
50,1695
21,1697
54,1699
20,1700
47,1700
22,1701
33,1701
18,1702
49,1704
9,1705
4,1706
52,1706
14,1708
30,1708
7,1709
28,1709
23,1711
24,1711
12,1712
11,1714
22,1715
13,1716
33,1717
46,1717
57,1717
19,1721
24,1722
37,1722
41,1722
58,1725
25,1726
5,1727
51,1727
2,1728
18,1728
32,1728
34,1728
31,1731
56,1731
5,1732
2,1733
50,1733
29,1734
21,1735
49,1736
10,1737
32,1737
20,1738
34,1738
4,1741
18,1741
13,1742
11,1743
10,1744
14,1744
28,1744
48,1744
19,1745
34,1745
3,1746
6,1746
59,1746
9,1747
51,1747
52,1747
43,1748
4,1749
32,1749
34,1750
6,1751
11,1751
50,1751
19,1752
29,1752
36,1752
14,1753
43,1753
45,1753
50,1753
34,1754
58,1754
49,1755
20,1757
11,1758
46,1758
13,1760
47,1760
31,1762
35,1764
8,1767
14,1767
28,1767
12,1768
12,1769
51,1769
58,1769
39,1770
47,1770
22,1771
42,1771
43,1771
24,1774
60,1775
10,1776
9,1777
33,1778
44,1779
3,1780
28,1780
3,1781
23,1781
51,1782
9,1783
52,1783
31,1784
60,1785
4,1785
50,1786
15,1789
33,1789
31,1790
35,1790
44,1790
6,1791
11,1791
19,1792
51,1792
13,1793
38,1793
49,1796
13,1797
10,1799
19,1799
13,1800
24,1801
38,1804
17,1807
18,1807
10,1808
10,1809
5,1813
7,1813
17,1813
3,1814
22,1815
12,1816
32,1816
35,1816
59,1816
6,1817
58,1821
23,1822
35,1823
45,1823
15,1825
30,1826
55,1826
60,1827
31,1827
16,1828
2,1829
13,1829
26,1829
36,1829
52,1829
12,1830
55,1831
48,1832
56,1832
4,1833
9,1833
19,1834
32,1834
42,1834
55,1834
21,1835
50,1835
59,1835
11,1836
54,1836
55,1836
39,1837
55,1837
60,1839
33,1839
16,1840
59,1840
1,1842
15,1843
24,1843
29,1843
2,1844
26,1844
51,1845
10,1846
47,1846
1,1847
57,1847
57,1848
7,1851
11,1851
2,1852
12,1852
41,1852
52,1852
55,1853
19,1855
1,1856
2,1857
39,1857
48,1858
5,1860
22,1861
47,1862
3,1863
16,1863
26,1863
46,1863
58,1863
7,1866
30,1866
34,1866
56,1866
40,1867
47,1868
59,1870
21,1871
3,1872
38,1872
42,1873
29,1874
54,1874
32,1875
52,1875
22,1876
1,1877
2,1878
36,1879
1,1880
14,1880
28,1880
36,1882
45,1883
56,1883
2,1884
1,1885
29,1886
46,1887
48,1887
2,1888
30,1888
7,1890
14,1891
42,1891
45,1891
29,1892
11,1893
58,1893
32,1894
30,1895
41,1895
26,1897
43,1897
42,1898
52,1899
5,1904
7,1904
23,1904
24,1904
47,1904
17,1906
27,1910
47,1912
39,1914
4,1916
3,1917
23,1918
40,1918
55,1919
19,1920
41,1920
21,1921
55,1921
27,1922
29,1922
12,1923
39,1923
4,1924
50,1924
1,1926
16,1926
60,1927
2,1928
1,1929
41,1929
2,1930
30,1930
35,1930
1,1931
26,1931
36,1931
2,1933
32,1933
52,1934
3,1936
43,1936
50,1936
9,1938
15,1939
18,1939
49,1939
36,1940
51,1940
54,1942
11,1943
15,1943
27,1945
4,1947
21,1947
25,1947
24,1948
27,1948
19,1951
21,1951
28,1951
23,1952
17,1953
51,1953
32,1954
5,1958
10,1958
45,1958
6,1959
16,1960
60,1961
54,1961
1,1962
17,1962
47,1963
49,1963
8,1965
50,1967
6,1968
22,1969
43,1969
15,1970
20,1970
24,1970
28,1970
34,1971
37,1971
38,1971
6,1972
40,1974
42,1976
10,1977
33,1977
44,1977
18,1978
6,1979
14,1979
52,1979
12,1980
15,1980
47,1982
51,1982
21,1983
39,1983
21,1984
24,1984
36,1984
30,1985
28,1986
8,1987
57,1988
22,1989
14,1992
60,1993
4,1993
13,1993
50,1995
45,1997
57,1997
27,1998
56,1998
22,2001
23,2002
21,2003
6,2004
23,2006
60,2009
46,2009
13,2014
15,2017
28,2019
48,2019
51,2019
6,2020
29,2020
40,2021
48,2022
9,2024
23,2024
42,2024
6,2025
55,2026
44,2027
36,2028
60,2029
11,2029
21,2029
42,2030
35,2031
39,2031
58,2031
3,2032
18,2032
58,2033
2,2034
31,2034
4,2035
24,2036
25,2036
29,2036
37,2036
36,2037
53,2039
43,2040
12,2042
14,2043
51,2043
37,2045
31,2047
55,2047
56,2047
3,2048
41,2048
42,2048
15,2049
18,2049
50,2049
10,2051
12,2051
38,2051
40,2051
43,2051
16,2053
55,2054
4,2055
21,2055
1,2056
30,2056
1,2057
55,2057
31,2058
2,2059
5,2060
19,2060
53,2060
1,2061
26,2061
2,2062
30,2062
1,2063
21,2063
2,2064
20,2064
43,2065
46,2066
16,2067
34,2068
22,2069
30,2070
40,2070
48,2070
41,2072
33,2073
47,2077
20,2079
22,2080
30,2081
47,2083
39,2084
58,2084
23,2085
45,2086
9,2087
47,2088
5,2090
8,2090
14,2090
13,2091
30,2091
18,2092
51,2092
16,2093
19,2093
10,2094
19,2094
26,2094
53,2094
14,2095
25,2095
28,2095
7,2096
52,2096
35,2097
58,2097
5,2098
4,2099
21,2099
34,2099
46,2099
59,2099
30,2100
43,2103
26,2104
35,2105
46,2107
16,2108
38,2108
43,2109
51,2109
52,2109
56,2109
22,2111
44,2112
45,2112
58,2114
60,2116
32,2118
38,2119
9,2120
15,2122
52,2123
20,2125
48,2125
58,2125
11,2126
28,2126
11,2127
55,2127
46,2128
60,2130
59,2130
51,2131
56,2131
14,2132
20,2132
25,2132
49,2132
17,2136
37,2136
19,2137
39,2137
25,2138
40,2138
44,2138
59,2138
19,2139
28,2140
54,2140
38,2144
53,2145
3,2146
14,2146
19,2148
26,2148
57,2150
7,2153
25,2153
24,2155
27,2155
55,2155
33,2156
39,2156
44,2156
3,2157
22,2157
60,2159
3,2159
10,2159
15,2159
29,2159
45,2160
28,2161
35,2161
3,2162
33,2162
40,2162
11,2164
14,2164
59,2166
17,2167
39,2167
27,2168
9,2169
35,2169
13,2170
48,2171
16,2175
20,2175
48,2175
33,2177
25,2178
36,2178
7,2180
16,2180
50,2180
41,2182
51,2182
10,2185
55,2185
30,2187
34,2187
60,2188
9,2188
59,2188
11,2189
18,2189
7,2190
60,2191
7,2191
18,2191
28,2191
30,2191
42,2192
6,2195
41,2195
50,2195
51,2195
43,2196
1,2198
21,2198
60,2199
15,2199
24,2199
13,2201
44,2203
57,2205
26,2206
27,2206
57,2206
55,2207
6,2208
19,2208
46,2208
4,2212
58,2212
60,2213
7,2213
54,2214
6,2215
48,2215
34,2216
41,2216
52,2216
59,2216
53,2217
51,2218
10,2223
14,2224
17,2225
18,2225
9,2226
45,2226
50,2226
49,2228
54,2228
34,2229
45,2231
56,2232
31,2234
43,2234
9,2236
57,2236
4,2238
18,2238
51,2238
1,2239
33,2241
1,2242
16,2242
2,2243
26,2243
4,2245
41,2245
44,2245
2,2246
1,2247
47,2247
57,2247
2,2248
16,2248
18,2250
59,2250
6,2251
53,2252
8,2253
37,2254
50,2254
59,2254
37,2255
55,2256
12,2257
53,2257
19,2259
36,2260
18,2261
30,2262
52,2264
52,2265
44,2266
7,2268
22,2268
38,2268
24,2269
1,2270
34,2270
17,2271
31,2272
16,2274
1,2275
56,2275
59,2275
8,2276
10,2276
13,2276
49,2276
59,2276
11,2277
55,2277
2,2278
17,2280
24,2280
26,2281
1,2282
9,2282
18,2283
2,2284
4,2284
34,2284
2,2285
57,2285
42,2287
44,2288
10,2289
34,2289
9,2290
25,2290
33,2291
51,2292
58,2293
46,2294
5,2295
12,2295
51,2297
21,2299
23,2299
53,2299
14,2300
34,2300
60,2301
16,2301
18,2301
45,2301
5,2302
57,2303
16,2304
44,2304
54,2304
12,2305
34,2307
13,2308
43,2309
3,2310
9,2310
14,2312
13,2314
60,2315
31,2315
57,2317
9,2319
16,2319
20,2319
38,2319
7,2321
48,2321
54,2321
10,2324
44,2325
15,2327
21,2328
29,2328
44,2328
10,2329
16,2330
58,2330
52,2331
24,2333
4,2334
28,2334
48,2334
35,2336
14,2337
50,2338
28,2340
18,2342
26,2343
45,2347
13,2348
51,2348
19,2349
54,2349
58,2351
55,2352
11,2353
38,2354
36,2356
41,2357
44,2357
40,2358
34,2359
55,2360
28,2362
6,2363
32,2363
36,2363
38,2363
22,2364
33,2364
45,2364
4,2365
28,2365
34,2365
50,2365
54,2365
1,2366
5,2366
47,2367
55,2367
20,2368
34,2368
1,2369
29,2369
35,2369
2,2370
8,2370
33,2370
55,2370
1,2371
57,2372
3,2373
20,2373
52,2373
14,2375
17,2375
42,2375
50,2375
46,2376
2,2377
2,2378
13,2378
36,2378
41,2378
31,2380
57,2380
52,2381
1,2382
7,2382
1,2383
11,2383
2,2384
4,2385
28,2386
1,2387
8,2387
28,2387
2,2388
2,2389
20,2391
46,2392
33,2394
51,2394
30,2397
44,2399
14,2400
58,2401
43,2405
25,2406
30,2406
33,2406
1,2407
23,2408
45,2408
56,2408
49,2409
2,2410
18,2413
51,2413
55,2413
1,2414
23,2414
2,2415
39,2416
43,2416
56,2417
59,2417
14,2418
17,2419
26,2419
35,2420
1,2421
2,2423
34,2423
44,2424
47,2424
54,2425
13,2426
43,2426
48,2427
57,2428
5,2429
42,2429
42,2430
33,2432
28,2437
51,2438
28,2441
56,2441
42,2443
57,2443
26,2444
50,2445
11,2446
40,2447
33,2451
19,2452
37,2453
15,2454
46,2454
16,2455
51,2455
23,2456
4,2457
16,2457
37,2458
41,2459
48,2459
53,2461
29,2464
43,2464
23,2465
39,2466
33,2467
22,2469
54,2469
1,2470
1,2471
17,2471
48,2471
2,2472
23,2472
44,2472
1,2475
33,2476
30,2477
45,2477
59,2477
38,2478
2,2479
46,2479
57,2479
2,2480
11,2481
21,2483
52,2485
18,2486
53,2487
16,2488
28,2489
51,2490
26,2491
1,2492
18,2492
1,2493
31,2494
16,2495
7,2496
50,2496
26,2498
2,2499
12,2499
28,2499
55,2500
3,2501
36,2501
43,2501
23,2502
41,2502
1,2503
37,2503
40,2503
2,2504
21,2504
60,2505
2,2505
7,2506
41,2506
30,2507
60,2508
10,2508
38,2508
55,2508
20,2509
44,2510
60,2511
5,2511
6,2512
12,2512
32,2512
49,2513
3,2514
18,2515
22,2516
52,2518
9,2519
14,2519
30,2519
29,2520
56,2520
23,2521
33,2521
41,2522
59,2522
58,2524
47,2525
31,2526
51,2527
40,2528
42,2528
50,2530
31,2531
32,2531
57,2531
16,2532
23,2532
34,2533
12,2534
29,2534
37,2534
20,2535
38,2535
46,2536
17,2537
36,2538
3,2541
58,2544
18,2545
32,2546
24,2547
16,2549
37,2549
5,2550
14,2550
50,2550
33,2552
22,2553
37,2553
54,2553
12,2555
8,2556
11,2557
23,2557
46,2557
26,2558
22,2560
25,2560
42,2560
59,2561
1,2562
44,2562
59,2562
1,2563
10,2563
2,2564
44,2564
21,2566
6,2567
1,2569
18,2571
2,2572
46,2572
2,2573
12,2575
17,2575
22,2575
34,2576
5,2578
19,2579
21,2580
48,2580
54,2582
8,2583
46,2583
12,2584
33,2584
51,2586
58,2586
9,2588
15,2588
16,2588
23,2588
46,2588
18,2591
30,2592
7,2593
23,2593
54,2593
15,2594
33,2596
11,2597
55,2597
47,2598
46,2599
60,2601
7,2601
28,2601
55,2601
46,2602
6,2605
19,2605
3,2607
22,2607
47,2608
11,2609
59,2609
8,2610
32,2611
60,2612
49,2612
55,2613
27,2618
31,2618
59,2618
53,2619
56,2619
11,2620
52,2620
11,2621
53,2621
6,2622
7,2623
23,2624
42,2624
45,2624
30,2625
27,2626
31,2628
47,2629
14,2630
12,2633
13,2634
16,2634
18,2634
33,2636
46,2636
21,2637
31,2637
30,2638
20,2642
40,2642
14,2644
22,2644
34,2644
54,2647
7,2649
35,2649
10,2650
9,2651
54,2651
33,2652
40,2654
12,2655
37,2655
24,2657
35,2657
54,2657
18,2658
26,2658
31,2658
4,2660
32,2660
46,2660
47,2660
45,2662
18,2663
3,2666
26,2666
41,2666
14,2667
28,2667
41,2668
57,2668
22,2670
4,2673
5,2676
6,2676
28,2676
33,2677
17,2678
27,2678
60,2679
49,2681
41,2682
9,2683
4,2684
18,2684
14,2686
45,2686
42,2687
18,2688
49,2689
49,2690
43,2691
13,2693
19,2696
31,2696
35,2696
18,2697
22,2697
56,2698
4,2702
44,2703
51,2703
56,2703
8,2705
28,2705
40,2706
45,2707
38,2709
51,2709
38,2710
43,2713
6,2714
52,2714
54,2714
59,2714
55,2715
21,2717
43,2718
54,2718
19,2722
4,2723
57,2723
6,2725
33,2725
53,2725
52,2726
41,2727
55,2727
52,2728
53,2731
50,2732
6,2733
35,2736
41,2738
33,2739
41,2739
27,2740
32,2741
14,2742
18,2744
21,2744
30,2744
33,2744
34,2745
47,2745
11,2746
9,2747
20,2747
32,2747
33,2747
28,2748
15,2749
35,2749
25,2752
23,2754
41,2754
49,2757
57,2757
16,2758
30,2758
31,2758
36,2758
37,2758
54,2758
12,2760
13,2760
17,2761
30,2764
59,2764
35,2765
27,2768
35,2770
56,2770
28,2771
44,2771
19,2773
57,2775
9,2776
38,2776
40,2776
41,2777
14,2778
26,2778
16,2779
8,2780
9,2780
20,2781
29,2781
38,2782
20,2784
42,2785
18,2789
47,2789
2,2790
4,2790
24,2790
34,2790
18,2791
23,2791
55,2791
41,2792
44,2792
34,2793
15,2794
58,2794
3,2795
54,2795
20,2796
21,2796
7,2797
15,2797
26,2797
13,2799
14,2801
33,2802
4,2803
24,2803
25,2803
39,2804
45,2804
3,2806
20,2806
22,2806
54,2806
32,2808
40,2809
17,2810
33,2812
21,2813
43,2813
55,2815
18,2816
11,2817
16,2818
26,2818
40,2818
9,2819
42,2821
14,2822
45,2822
51,2822
47,2823
35,2825
40,2825
4,2826
16,2826
16,2827
11,2828
18,2828
25,2828
12,2830
3,2834
46,2834
45,2835
40,2836
10,2838
19,2839
59,2839
10,2841
37,2841
49,2842
60,2844
41,2845
22,2847
38,2847
18,2848
23,2848
47,2848
56,2848
46,2849
26,2850
60,2851
10,2851
56,2851
25,2852
51,2853
17,2855
58,2855
50,2857
4,2858
3,2859
54,2859
55,2859
16,2860
7,2861
11,2861
19,2863
30,2863
31,2864
12,2865
23,2865
58,2865
28,2866
11,2867
14,2867
24,2867
25,2867
46,2867
36,2869
44,2872
41,2873
15,2874
21,2874
26,2874
59,2874
26,2875
33,2875
44,2875
55,2875
9,2876
38,2877
58,2877
3,2878
11,2878
27,2879
33,2879
36,2879
36,2881
41,2881
56,2883
29,2884
18,2888
26,2888
45,2890
60,2891
7,2891
10,2891
56,2894
59,2894
30,2895
45,2897
8,2898
58,2898
8,2899
38,2900
43,2900
55,2900
39,2902
50,2902
15,2903
22,2903
47,2903
54,2903
21,2904
28,2904
21,2905
13,2906
38,2906
60,2907
24,2908
5,2909
27,2909
57,2909
51,2910
20,2912
27,2912
56,2913
16,2915
60,2916
14,2918
59,2919
60,2921
9,2921
42,2921
50,2921
9,2924
54,2924
18,2925
53,2925
27,2926
35,2926
15,2928
28,2929
25,2930
17,2931
7,2933
26,2933
50,2933
13,2934
39,2934
17,2935
12,2936
31,2936
60,2937
26,2937
18,2938
29,2938
31,2940
9,2941
51,2943
26,2945
30,2945
6,2946
10,2946
40,2947
39,2950
53,2950
34,2951
14,2953
32,2956
60,2958
46,2960
28,2961
32,2961
10,2962
31,2962
35,2962
60,2964
14,2964
46,2964
43,2965
15,2966
26,2967
47,2967
22,2968
9,2969
13,2969
30,2970
56,2970
12,2973
30,2973
39,2973
44,2974
5,2975
7,2975
54,2975
51,2976
7,2979
47,2979
50,2979
55,2979
42,2981
35,2982
23,2985
48,2985
49,2985
45,2986
44,2989
13,2990
37,2990
49,2991
26,2993
59,2994
26,2995
30,2995
7,2998
8,2998
43,2998
5,2999
6,2999
13,3000
19,3001
57,3001
1,3002
2,3003
54,3003
1,3004
1,3005
7,3005
44,3005
2,3007
24,3007
2,3008
9,3008
54,3009
1,3010
2,3010
12,3010
23,3010
49,3010
50,3011
31,3012
38,3012
40,3012
42,3013
2,3014
31,3014
1,3016
2,3017
11,3017
18,3017
43,3017
49,3017
36,3018
1,3020
13,3020
20,3020
10,3021
17,3021
27,3021
2,3022
57,3022
1,3023
24,3023
5,3024
15,3024
2,3025
23,3025
39,3025
55,3025
1,3026
12,3026
2,3027
45,3027
8,3028
27,3028
53,3028
1,3029
26,3029
31,3031
36,3031
2,3032
21,3032
34,3033
32,3034
43,3034
25,3035
24,3036
6,3037
34,3037
40,3037
45,3038
42,3040
41,3041
43,3042
50,3042
51,3043
46,3045
49,3045
50,3045
57,3045
22,3046
32,3047
43,3047
13,3048
16,3048
33,3048
21,3049
36,3049
27,3050
38,3050
55,3050
13,3052
14,3052
25,3052
59,3052
33,3053
47,3053
8,3054
29,3055
25,3057
11,3058
14,3058
29,3058
39,3058
57,3058
3,3059
11,3059
12,3060
35,3060
37,3060
17,3061
18,3062
22,3062
51,3062
7,3063
10,3064
6,3065
23,3065
10,3066
45,3066
8,3067
54,3067
25,3069
28,3071
5,3072
1,3073
14,3073
35,3073
40,3075
48,3075
53,3075
5,3077
7,3077
55,3077
30,3078
23,3079
46,3079
51,3080
5,3082
54,3082
53,3085
55,3085
10,3086
5,3087
13,3087
56,3087
30,3088
19,3093
49,3093
9,3094
24,3094
40,3094
21,3095
32,3096
49,3096
53,3096
16,3097
17,3097
45,3098
27,3099
33,3099
28,3100
51,3101
29,3102
46,3102
60,3103
42,3104
59,3104
34,3106
7,3108
25,3108
22,3109
8,3113
34,3113
41,3113
34,3114
15,3116
33,3117
36,3117
31,3118
32,3119
51,3119
9,3120
31,3120
58,3120
22,3121
57,3123
26,3124
35,3124
12,3127
56,3128
3,3129
6,3129
39,3129
57,3129
42,3130
8,3132
27,3134
41,3134
55,3134
59,3134
36,3135
46,3135
16,3136
19,3136
20,3136
31,3136
45,3136
58,3136
12,3137
26,3137
49,3138
25,3140
1,3142
24,3142
2,3143
1,3144
10,3144
21,3144
50,3145
16,3146
57,3146
2,3148
37,3148
1,3149
3,3149
60,3150
2,3150
6,3150
22,3151
25,3151
54,3152
59,3153
15,3154
36,3154
52,3156
43,3157
46,3158
28,3159
57,3159
26,3160
39,3161
29,3162
57,3162
11,3163
36,3163
17,3164
25,3164
12,3165
21,3166
32,3166
33,3167
59,3167
16,3168
33,3168
51,3169
27,3171
59,3172
10,3173
40,3173
45,3173
58,3173
12,3174
30,3176
15,3179
41,3179
41,3181
43,3181
48,3181
60,3182
4,3183
22,3184
32,3184
52,3185
4,3188
7,3188
38,3188
50,3188
55,3188
21,3191
45,3191
5,3193
19,3193
46,3193
47,3193
17,3194
43,3195
52,3195
52,3197
55,3197
36,3198
42,3198
16,3200
7,3201
29,3201
38,3201
48,3201
52,3201
1,3202
39,3203
59,3203
1,3204
49,3204
22,3205
52,3205
56,3205
2,3206
13,3206
15,3206
38,3206
1,3207
45,3207
53,3207
2,3208
18,3208
2,3209
28,3209
35,3209
37,3209
14,3211
25,3212
7,3213
34,3215
60,3217
36,3217
32,3218
46,3218
42,3219
1,3220
3,3220
4,3220
51,3221
33,3222
39,3222
2,3223
16,3223
43,3223
18,3224
25,3224
1,3225
59,3225
2,3226
26,3226
50,3226
4,3227
10,3228
14,3228
1,3229
38,3229
60,3230
2,3230
29,3230
36,3236
30,3239
40,3239
3,3242
5,3242
48,3242
21,3243
36,3243
49,3244
50,3245
6,3246
40,3246
57,3246
40,3247
49,3248
49,3249
10,3251
10,3253
39,3253
58,3254
12,3255
51,3255
18,3256
18,3258
11,3259
19,3260
43,3260
56,3260
53,3261
37,3262
27,3263
30,3265
54,3265
21,3267
3,3268
8,3268
47,3268
7,3269
8,3269
50,3269
26,3270
12,3271
7,3273
59,3273
21,3274
34,3274
44,3274
8,3276
36,3276
24,3277
38,3277
39,3279
54,3279
5,3280
50,3281
55,3281
40,3282
8,3283
16,3285
17,3286
46,3286
48,3286
55,3286
24,3288
20,3289
30,3289
46,3290
35,3291
49,3291
9,3292
49,3293
46,3294
38,3295
22,3298
45,3298
49,3298
59,3299
49,3301
34,3302
1,3304
37,3304
7,3306
10,3309
60,3312
10,3312
60,3313
16,3315
34,3315
50,3315
47,3316
58,3316
47,3318
17,3319
52,3319
54,3320
60,3321
56,3322
30,3324
54,3324
14,3326
20,3326
54,3326
8,3327
31,3327
46,3327
52,3328
57,3328
19,3330
20,3331
32,3331
4,3333
14,3333
41,3333
55,3334
14,3336
60,3337
23,3337
22,3339
28,3339
38,3339
1,3340
11,3340
1,3341
35,3341
5,3342
15,3343
56,3343
2,3344
1,3347
10,3347
2,3348
29,3348
30,3348
2,3349
20,3349
8,3350
52,3352
53,3352
5,3353
20,3355
47,3355
25,3356
43,3356
34,3357
21,3358
28,3358
40,3359
6,3360
31,3360
57,3360
19,3362
28,3364
33,3364
12,3365
18,3365
32,3366
44,3366
15,3367
25,3367
12,3369
33,3369
26,3370
3,3371
14,3371
42,3371
52,3371
1,3372
11,3372
45,3372
2,3373
7,3373
28,3375
59,3375
21,3376
26,3376
59,3376
1,3377
33,3377
1,3378
11,3378
20,3379
2,3380
14,3380
48,3380
2,3381
7,3383
26,3383
56,3383
8,3385
12,3386
1,3387
13,3388
40,3388
49,3388
1,3389
46,3389
2,3390
15,3390
53,3390
29,3391
42,3391
1,3392
2,3392
10,3393
2,3395
11,3395
18,3396
2,3397
39,3397
6,3398
11,3398
21,3398
26,3398
41,3399
19,3400
43,3401
40,3402
39,3404
42,3404
5,3405
25,3406
55,3406
57,3406
10,3407
41,3407
15,3408
16,3408
29,3408
39,3408
43,3408
44,3408
14,3409
37,3409
39,3410
9,3411
42,3411
18,3412
51,3412
8,3414
13,3414
16,3414
31,3419
23,3420
47,3422
26,3424
9,3425
20,3427
54,3427
26,3428
37,3430
49,3430
7,3432
14,3432
56,3432
7,3435
57,3436
35,3437
47,3437
40,3439
43,3439
48,3440
7,3441
43,3441
10,3444
39,3444
22,3445
41,3445
47,3445
52,3445
29,3446
29,3448
49,3448
53,3450
6,3451
14,3451
17,3452
48,3452
12,3453
11,3455
49,3455
39,3456
20,3458
34,3459
9,3460
49,3462
5,3463
36,3463
42,3464
13,3465
49,3467
32,3468
6,3470
29,3470
23,3472
42,3472
14,3473
58,3473
24,3474
10,3475
18,3475
20,3475
11,3476
39,3476
58,3476
3,3479
38,3479
56,3479
4,3480
11,3481
15,3481
49,3481
5,3482
40,3482
58,3483
22,3484
39,3485
10,3486
28,3486
40,3487
58,3488
59,3489
5,3490
20,3491
45,3491
13,3492
60,3493
24,3493
10,3494
42,3494
39,3495
57,3495
5,3497
19,3498
25,3499
28,3499
54,3499
48,3500
56,3501
51,3503
58,3504
28,3505
57,3505
28,3506
41,3506
48,3508
8,3509
24,3511
33,3511
45,3511
50,3511
44,3512
24,3513
54,3513
17,3514
47,3514
16,3516
36,3516
48,3516
5,3517
20,3517
14,3520
46,3520
31,3521
12,3522
32,3524
17,3525
3,3526
15,3529
36,3530
50,3530
7,3531
50,3532
6,3533
24,3534
51,3535
15,3536
21,3536
19,3537
5,3539
28,3539
46,3541
58,3543
7,3544
45,3545
53,3545
54,3547
42,3550
50,3550
56,3551
38,3553
3,3554
40,3554
29,3555
46,3556
32,3560
43,3561
44,3561
44,3562
54,3562
35,3563
7,3564
46,3564
38,3565
19,3566
35,3566
53,3566
60,3567
35,3567
59,3568
18,3571
44,3573
32,3574
18,3575
27,3575
56,3575
6,3576
35,3576
59,3577
18,3578
25,3578
9,3580
38,3580
27,3581
32,3582
13,3583
1,3584
20,3584
40,3584
30,3585
38,3585
58,3585
2,3586
20,3586
1,3587
44,3587
1,3588
43,3588
6,3589
57,3591
2,3592
2,3594
7,3594
13,3594
12,3596
19,3599
8,3600
22,3600
54,3600
40,3601
22,3603
28,3605
44,3608
9,3609
24,3609
54,3609
53,3610
36,3612
59,3612
22,3613
25,3613
1,3614
15,3614
1,3615
17,3615
44,3615
2,3616
1,3617
10,3618
30,3618
28,3619
33,3619
48,3619
2,3620
16,3622
20,3622
24,3623
2,3624
1,3626
5,3626
16,3626
12,3627
49,3628
52,3628
17,3630
19,3632
20,3632
23,3634
25,3635
33,3636
32,3637
59,3637
25,3638
29,3638
32,3638
53,3638
48,3639
4,3640
45,3640
33,3642
52,3642
56,3642
36,3644
41,3644
15,3645
47,3646
9,3647
37,3647
56,3648
29,3650
37,3651
41,3651
31,3652
5,3653
7,3653
14,3653
27,3653
56,3657
60,3658
29,3658
16,3659
30,3659
37,3663
53,3663
10,3664
26,3664
27,3664
33,3664
4,3665
45,3665
32,3666
35,3667
47,3667
22,3668
6,3669
9,3671
16,3671
30,3671
4,3673
27,3674
46,3674
60,3675
38,3675
18,3676
19,3676
36,3676
7,3677
50,3677
54,3677
56,3678
14,3680
36,3680
41,3681
44,3681
6,3682
10,3683
38,3683
46,3687
25,3688
32,3690
46,3690
48,3690
27,3691
52,3692
60,3694
38,3694
18,3695
52,3695
53,3695
34,3696
35,3697
45,3697
20,3698
41,3699
12,3701
34,3701
44,3701
51,3702
36,3703
48,3703
49,3706
3,3707
8,3707
15,3707
27,3707
46,3708
43,3710
48,3710
22,3711
29,3711
14,3712
15,3712
26,3712
49,3712
18,3714
51,3714
36,3716
40,3716
16,3717
54,3719
18,3720
26,3720
57,3720
7,3721
18,3722
36,3722
40,3722
36,3724
58,3724
57,3725
3,3726
10,3726
46,3729
4,3730
13,3730
41,3734
16,3737
32,3737
60,3738
42,3738
8,3739
13,3739
34,3739
8,3742
40,3742
52,3743
19,3744
54,3744
15,3745
50,3745
52,3746
31,3748
34,3750
16,3751
31,3751
60,3752
19,3753
37,3753
39,3753
44,3753
59,3753
16,3754
50,3754
44,3755
29,3756
56,3756
7,3757
54,3757
33,3758
27,3759
32,3759
51,3760
15,3761
25,3762
39,3762
8,3763
54,3763
51,3764
55,3767
40,3768
49,3768
54,3768
60,3769
18,3769
40,3769
58,3769
59,3769
6,3771
26,3771
9,3773
59,3774
52,3775
38,3776
7,3778
37,3779
24,3780
47,3781
8,3782
28,3782
50,3782
1,3785
34,3785
38,3786
41,3787
20,3788
37,3790
21,3791
32,3792
39,3792
29,3793
46,3793
21,3794
27,3794
40,3794
46,3794
48,3795
19,3798
42,3798
43,3798
53,3799
16,3801
20,3802
32,3802
16,3804
52,3804
3,3805
53,3805
1,3806
20,3807
59,3807
25,3811
44,3812
51,3812
55,3812
4,3813
47,3814
25,3816
54,3816
58,3816
34,3819
35,3819
49,3819
27,3820
59,3820
33,3821
43,3822
50,3823
6,3824
8,3825
19,3825
39,3825
8,3826
50,3826
13,3828
38,3828
56,3829
5,3831
9,3831
21,3831
40,3832
25,3833
4,3834
4,3836
60,3841
16,3841
33,3841
12,3842
3,3844
7,3845
51,3847
28,3848
15,3850
54,3850
25,3851
43,3851
45,3851
15,3852
23,3853
12,3854
14,3855
7,3857
21,3857
29,3859
10,3860
12,3860
34,3860
4,3861
46,3861
32,3865
40,3866
10,3867
55,3867
56,3867
34,3868
28,3871
44,3871
52,3871
4,3872
20,3872
3,3873
58,3875
36,3877
19,3879
24,3879
31,3879
27,3880
53,3880
22,3881
31,3881
16,3882
41,3882
59,3882
3,3883
55,3883
30,3886
1,3887
30,3887
43,3887
1,3888
2,3891
16,3891
22,3892
56,3892
2,3893
3,3894
45,3896
50,3896
1,3897
21,3897
26,3897
31,3897
46,3897
2,3898
4,3898
13,3898
10,3899
23,3899
35,3899
36,3899
56,3899
4,3901
11,3902
26,3906
57,3906
18,3907
49,3907
23,3908
48,3908
27,3909
4,3910
19,3910
36,3911
57,3912
6,3914
35,3914
6,3915
36,3915
56,3915
59,3915
27,3917
54,3917
4,3919
1,3920
60,3921
2,3921
13,3921
59,3921
1,3922
19,3922
20,3922
1,3923
44,3923
2,3924
30,3924
38,3924
55,3926
2,3927
47,3927
43,3929
46,3932
1,3934
19,3934
45,3934
2,3935
30,3935
32,3935
1,3936
9,3936
1,3938
12,3938
21,3938
2,3939
18,3940
32,3940
40,3940
2,3941
31,3941
46,3941
10,3943
15,3943
51,3944
55,3944
16,3946
35,3946
15,3947
16,3948
1,3949
1,3950
24,3950
54,3950
41,3951
49,3951
34,3952
59,3952
2,3953
58,3953
2,3954
1,3955
52,3955
2,3956
48,3956
25,3959
55,3959
44,3961
9,3963
16,3963
20,3963
10,3964
36,3964
55,3964
38,3965
51,3965
25,3966
37,3966
3,3968
16,3968
14,3969
51,3970
60,3971
14,3971
27,3971
44,3971
56,3971
57,3971
11,3972
16,3972
14,3973
32,3973
21,3974
34,3974
20,3975
43,3975
29,3976
15,3977
16,3978
43,3978
47,3978
13,3979
17,3979
26,3980
57,3981
36,3983
10,3984
55,3984
51,3986
54,3988
52,3991
55,3992
15,3995
18,3995
40,3995
6,3997
16,3998
32,3999
42,3999
13,4000
27,4000
25,4001
46,4001
47,4001
59,4001
31,4002
11,4004
60,4005
15,4005
28,4005
52,4005
4,4006
8,4007
46,4008
5,4009
9,4009
15,4009
42,4012
31,4013
42,4013
41,4015
3,4016
25,4016
40,4016
42,4016
47,4016
50,4016
4,4017
37,4017
39,4017
27,4019
30,4020
60,4021
10,4021
15,4021
21,4022
30,4022
31,4022
43,4022
45,4023
1,4024
43,4025
46,4025
47,4025
57,4025
21,4026
24,4027
1,4028
18,4029
22,4029
2,4031
7,4031
2,4032
50,4033
57,4033
1,4034
4,4034
32,4034
2,4035
29,4035
30,4036
56,4037
60,4038
15,4040
42,4042
26,4044
55,4047
23,4048
30,4048
6,4050
16,4050
29,4051
13,4052
7,4053
30,4053
1,4054
1,4055
2,4056
12,4056
24,4056
27,4056
2,4057
13,4057
21,4057
1,4058
7,4058
2,4059
15,4061
45,4062
27,4066
30,4068
44,4068
8,4070
10,4070
11,4071
32,4071
50,4072
56,4072
9,4074
26,4074
30,4074
48,4074
7,4075
23,4075
31,4075
51,4075
30,4076
41,4077
13,4078
50,4078
7,4080
42,4080
2,4081
3,4082
3,4084
10,4084
26,4084
29,4084
55,4084
39,4085
4,4086
48,4086
15,4089
44,4090
28,4091
48,4091
23,4092
48,4092
58,4092
6,4094
28,4094
57,4095
3,4096
53,4097
27,4098
58,4098
28,4099
19,4100
48,4100
38,4101
42,4101
37,4102
13,4103
25,4103
3,4104
27,4104
19,4106
23,4106
3,4107
44,4107
35,4108
16,4109
26,4109
53,4109
17,4110
18,4110
20,4110
3,4111
6,4111
7,4111
10,4111
57,4112
22,4113
38,4113
45,4113
38,4114
18,4116
57,4116
1,4117
27,4117
2,4118
50,4118
1,4119
1,4120
7,4121
11,4121
31,4121
2,4122
43,4122
15,4123
37,4123
12,4124
48,4124
59,4124
2,4125
20,4126
46,4126
52,4127
16,4130
21,4130
22,4130
52,4130
58,4130
60,4132
5,4133
39,4133
29,4134
5,4136
9,4136
37,4138
6,4139
51,4139
12,4142
38,4142
4,4145
46,4145
33,4146
1,4147
25,4147
2,4149
22,4149
48,4149
14,4150
22,4150
42,4150
26,4151
47,4151
26,4152
30,4152
1,4153
6,4153
26,4153
42,4153
2,4155
30,4155
59,4156
1,4158
4,4158
20,4158
21,4158
38,4159
2,4160
32,4160
50,4162
11,4163
10,4164
19,4164
45,4164
56,4164
27,4166
43,4166
25,4167
23,4170
49,4170
36,4171
22,4172
35,4172
60,4174
5,4174
30,4174
36,4174
45,4174
53,4175
31,4176
16,4178
42,4178
6,4179
40,4179
16,4180
44,4180
49,4184
13,4185
38,4185
43,4186
43,4187
19,4191
47,4191
12,4194
4,4196
32,4197
22,4198
40,4198
23,4199
47,4201
26,4202
51,4202
25,4203
44,4203
49,4203
11,4204
29,4204
35,4204
31,4205
34,4206
50,4208
55,4208
50,4210
3,4211
17,4211
29,4213
20,4214
28,4214
54,4214
3,4216
33,4216
35,4216
30,4217
19,4220
36,4220
48,4221
57,4222
5,4224
52,4224
12,4225
40,4225
24,4226
38,4226
55,4226
36,4227
47,4228
7,4229
27,4229
28,4229
55,4229
14,4230
24,4230
59,4230
34,4232
20,4234
49,4234
12,4235
60,4236
53,4236
56,4237
54,4238
3,4239
11,4239
26,4239
54,4239
5,4240
50,4241
20,4242
22,4242
44,4242
4,4243
16,4243
48,4243
56,4243
58,4243
16,4244
24,4245
17,4246
37,4248
15,4249
19,4249
43,4249
58,4249
35,4252
8,4253
22,4255
10,4257
37,4257
30,4258
45,4258
35,4259
3,4260
4,4260
6,4260
17,4260
30,4260
45,4260
47,4260
53,4260
10,4263
18,4263
57,4265
6,4266
22,4266
4,4267
10,4269
33,4271
55,4272
53,4274
36,4276
27,4277
43,4277
2,4278
35,4280
60,4281
13,4281
38,4281
1,4282
42,4282
40,4283
43,4284
55,4285
2,4286
34,4287
32,4288
34,4288
41,4288
1,4289
6,4290
39,4290
1,4291
2,4292
26,4292
50,4292
17,4294
31,4295
45,4296
56,4296
27,4297
30,4297
2,4298
5,4298
1,4299
50,4300
43,4301
47,4301
28,4302
36,4302
41,4302
4,4303
34,4303
50,4303
60,4304
2,4305
19,4305
25,4305
29,4305
1,4306
8,4306
12,4306
1,4307
52,4308
2,4309
32,4309
2,4310
22,4310
52,4310
13,4312
23,4312
2,4313
46,4313
28,4314
41,4314
51,4314
45,4315
21,4316
56,4316
42,4317
5,4319
7,4320
3,4321
15,4321
16,4322
58,4322
3,4325
11,4327
17,4327
43,4328
20,4329
31,4329
49,4329
47,4330
43,4331
5,4333
7,4334
20,4335
44,4337
28,4340
57,4341
5,4342
38,4342
40,4342
7,4343
53,4343
38,4344
4,4346
19,4346
5,4347
45,4347
59,4348
33,4349
53,4349
36,4350
48,4350
59,4350
32,4351
48,4351
56,4351
49,4352
59,4352
14,4353
32,4353
3,4355
45,4355
56,4356
59,4356
27,4357
29,4358
33,4358
55,4358
38,4359
44,4361
9,4362
12,4362
12,4363
36,4363
53,4363
47,4364
37,4365
12,4367
48,4368
10,4369
57,4369
20,4370
57,4370
12,4371
10,4374
5,4375
40,4375
51,4377
3,4378
14,4378
7,4379
20,4380
8,4383
18,4384
17,4386
40,4386
22,4388
25,4388
58,4388
14,4390
21,4391
26,4393
12,4394
27,4395
31,4395
37,4395
23,4396
53,4396
17,4399
26,4399
52,4401
7,4402
24,4402
42,4402
45,4402
12,4403
27,4403
9,4404
38,4404
50,4404
16,4405
18,4405
55,4405
40,4408
4,4409
50,4411
21,4413
32,4414
23,4417
9,4418
8,4419
22,4420
60,4421
23,4421
37,4421
47,4421
44,4422
4,4423
7,4423
44,4423
40,4424
43,4425
51,4425
18,4429
48,4429
4,4430
46,4430
54,4430
25,4431
48,4432
54,4435
45,4436
30,4440
50,4440
39,4441
19,4443
52,4443
11,4445
51,4445
6,4446
50,4447
1,4448
4,4448
5,4448
30,4448
2,4449
29,4449
1,4450
2,4452
1,4453
28,4453
2,4454
49,4454
10,4456
43,4456
23,4459
38,4460
44,4460
16,4461
43,4461
11,4462
30,4462
33,4462
37,4464
8,4465
23,4469
20,4470
21,4470
30,4470
6,4471
48,4471
44,4472
23,4478
38,4480
31,4481
55,4481
20,4482
31,4482
55,4484
55,4486
56,4486
15,4487
54,4487
10,4489
20,4489
26,4490
47,4490
6,4491
15,4491
24,4492
20,4493
18,4496
48,4496
58,4496
21,4498
56,4499
24,4500
38,4500
15,4501
18,4502
58,4502
59,4504
17,4505
39,4505
60,4506
57,4506
41,4508
14,4513
17,4513
48,4514
28,4515
31,4516
33,4517
49,4517
60,4518
20,4518
22,4519
1,4522
23,4522
43,4522
16,4523
17,4523
19,4523
33,4523
42,4523
49,4525
5,4526
23,4526
38,4526
48,4526
53,4526
45,4528
24,4530
11,4534
19,4535
24,4535
38,4535
4,4536
6,4536
34,4539
45,4539
53,4540
22,4542
40,4543
52,4544
19,4545
34,4547
54,4547
32,4550
47,4554
34,4555
51,4556
54,4556
1,4557
42,4557
1,4558
2,4559
13,4559
33,4560
56,4561
1,4562
5,4562
20,4562
26,4562
30,4562
32,4562
40,4562
3,4563
2,4564
35,4564
5,4565
17,4565
51,4565
2,4566
14,4567
36,4568
48,4568
22,4569
19,4570
29,4570
16,4572
26,4572
16,4573
23,4574
25,4574
38,4576
27,4577
31,4578
34,4578
34,4579
43,4579
47,4580
50,4580
4,4582
10,4582
18,4582
23,4582
44,4582
45,4582
49,4582
29,4583
54,4585
36,4587
3,4588
19,4588
23,4588
4,4589
50,4589
38,4590
39,4590
47,4591
15,4592
20,4592
47,4596
8,4597
38,4597
49,4597
50,4597
55,4600
6,4603
55,4603
40,4604
1,4605
23,4605
31,4605
39,4605
24,4606
29,4606
45,4606
46,4606
2,4607
13,4607
20,4607
52,4607
57,4607
1,4608
21,4608
23,4608
2,4610
10,4610
16,4611
43,4612
46,4612
1,4613
20,4613
26,4615
39,4615
51,4615
2,4618
9,4618
28,4618
34,4620
44,4620
39,4621
37,4622
20,4624
21,4624
29,4624
60,4627
18,4628
38,4630
27,4631
22,4632
58,4632
29,4633
48,4633
26,4634
31,4636
55,4636
12,4637
8,4640
20,4641
51,4641
54,4641
33,4644
34,4648
17,4650
52,4650
4,4652
28,4653
52,4653
54,4653
52,4654
2,4655
50,4655
55,4656
14,4660
26,4660
15,4661
22,4661
53,4662
11,4663
15,4663
35,4663
46,4664
2,4667
6,4668
33,4670
35,4670
14,4671
25,4672
49,4673
58,4674
30,4675
40,4675
45,4678
47,4678
60,4679
18,4679
13,4680
23,4681
24,4681
8,4682
49,4683
18,4684
34,4686
38,4689
34,4691
36,4691
57,4691
60,4692
46,4692
60,4693
53,4694
55,4694
57,4694
47,4695
53,4696
44,4697
21,4699
29,4700
45,4700
13,4701
38,4701
34,4702
12,4703
2,4705
42,4705
48,4706
10,4707
14,4707
38,4707
49,4707
51,4708
4,4709
29,4709
42,4709
53,4711
56,4711
16,4712
60,4713
3,4713
8,4713
23,4714
26,4714
46,4714
14,4715
41,4715
42,4715
8,4716
19,4717
31,4717
16,4718
31,4720
25,4721
56,4721
36,4722
60,4723
16,4723
17,4724
31,4724
17,4725
35,4725
56,4725
28,4726
3,4727
32,4729
49,4729
35,4730
29,4732
55,4733
37,4734
50,4734
60,4735
25,4735
40,4735
35,4737
23,4738
31,4739
55,4739
13,4741
25,4741
50,4741
27,4742
23,4744
37,4744
53,4745
4,4746
51,4746
32,4748
58,4749
18,4751
22,4751
45,4751
26,4752
18,4753
57,4754
40,4755
52,4755
57,4756
13,4757
18,4757
40,4757
13,4758
21,4759
60,4760
12,4762
14,4763
44,4763
20,4764
34,4764
55,4764
35,4765
24,4767
35,4767
41,4767
53,4767
39,4771
32,4772
1,4773
54,4773
1,4774
53,4774
1,4775
20,4775
14,4776
40,4777
51,4777
2,4778
21,4779
44,4780
1,4781
5,4781
2,4782
2,4783
18,4783
19,4783
8,4784
17,4784
19,4787
21,4788
47,4788
24,4789
49,4789
42,4791
4,4792
39,4792
7,4794
1,4795
29,4795
1,4796
17,4796
57,4796
2,4797
1,4798
41,4798
2,4799
3,4800
26,4800
30,4800
54,4800
2,4803
21,4803
55,4803
48,4804
3,4805
29,4806
57,4806
17,4807
42,4807
47,4807
55,4807
48,4808
51,4808
47,4809
30,4810
48,4811
55,4812
7,4813
27,4813
41,4813
30,4814
51,4814
47,4815
1,4816
2,4819
38,4819
7,4820
1,4821
36,4821
44,4821
2,4822
10,4822
14,4822
15,4822
21,4824
26,4824
1,4825
34,4825
22,4826
2,4827
40,4827
60,4828
49,4829
47,4831
1,4832
19,4832
2,4833
5,4833
33,4833
27,4835
18,4836
1,4837
2,4838
49,4838
60,4839
53,4839
1,4840
17,4841
2,4842
36,4843
36,4844
41,4844
47,4844
50,4845
3,4846
5,4846
27,4847
8,4848
55,4849
59,4849
60,4850
17,4851
33,4851
31,4852
26,4854
33,4855
55,4855
32,4857
30,4859
60,4861
51,4861
32,4862
47,4865
7,4866
14,4867
1,4869
20,4869
33,4870
3,4871
38,4871
1,4872
2,4873
3,4873
28,4873
33,4874
1,4877
45,4877
38,4878
2,4879
11,4879
26,4879
2,4880
32,4880
6,4884
9,4884
48,4884
57,4884
9,4887
25,4887
9,4888
25,4889
42,4891
1,4892
13,4892
2,4893
25,4893
1,4895
1,4896
35,4896
39,4896
41,4896
51,4896
30,4897
2,4898
5,4898
2,4899
12,4900
57,4900
28,4901
46,4904
53,4904
9,4905
55,4905
33,4907
53,4907
25,4908
53,4908
55,4908
14,4909
22,4910
48,4910
16,4911
42,4911
5,4915
33,4917
6,4919
18,4919
11,4920
19,4921
32,4921
37,4921
46,4925
6,4927
7,4927
25,4927
51,4928
59,4929
31,4932
13,4933
30,4933
22,4935
52,4937
16,4939
47,4939
50,4939
45,4940
11,4941
7,4946
19,4947
39,4947
4,4949
11,4949
15,4949
46,4949
22,4951
11,4952
56,4952
58,4954
44,4958
58,4958
24,4960
48,4962
24,4963
29,4963
9,4964
35,4964
57,4964
10,4965
11,4965
13,4965
26,4965
40,4965
12,4967
43,4969
40,4970
16,4971
13,4972
13,4975
34,4975
5,4977
44,4978
7,4980
16,4980
8,4981
57,4981
15,4982
51,4982
1,4984
59,4985
1,4986
9,4986
45,4986
2,4987
6,4987
2,4988
48,4988
54,4988
10,4989
34,4989
48,4989
1,4990
24,4990
27,4990
35,4990
35,4992
47,4992
2,4993
24,4994
51,4994
48,4997
9,4999
13,5000
28,5000
45,5001
49,5001
6,5002
14,5002
21,5002
39,5002
27,5003
26,5004
46,5005
11,5006
56,5006
2,5007
14,5009
28,5010
43,5010
34,5011
13,5012
59,5012
36,5013
39,5013
39,5014
29,5015
49,5016
9,5019
39,5019
59,5019
31,5020
44,5020
7,5021
26,5021
47,5021
47,5022
3,5023
59,5023
46,5024
9,5025
27,5025
39,5026
13,5027
45,5030
13,5032
49,5032
15,5033
1,5034
25,5034
56,5034
58,5034
1,5035
48,5035
60,5037
2,5037
35,5037
2,5038
6,5038
14,5038
39,5038
1,5039
11,5040
2,5041
1,5042
2,5043
5,5043
17,5043
30,5043
1,5044
11,5044
56,5044
23,5045
27,5045
2,5046
43,5046
1,5047
6,5047
51,5047
2,5048
42,5049
43,5049
15,5050
53,5050
54,5050
7,5051
16,5051
37,5051
40,5053
35,5054
18,5056
59,5057
48,5059
9,5061
52,5061
34,5062
54,5062
13,5063
37,5063
42,5063
40,5064
39,5065
44,5065
17,5066
51,5066
34,5069
35,5069
17,5070
48,5070
20,5071
48,5071
33,5075
54,5078
5,5079
30,5079
50,5079
6,5080
23,5080
1,5082
10,5082
59,5082
30,5083
39,5083
1,5084
33,5085
24,5086
52,5086
2,5088
33,5088
49,5088
57,5088
2,5089
3,5090
5,5090
37,5090
54,5090
4,5091
51,5091
38,5092
53,5092
59,5092
20,5093
16,5094
18,5094
22,5094
1,5095
28,5095
35,5095
2,5096
10,5096
56,5099
44,5100
21,5101
27,5101
31,5102
50,5102
9,5103
23,5103
60,5104
3,5104
32,5104
17,5105
18,5105
2,5107
12,5107
33,5107
33,5108
16,5109
5,5110
10,5111
59,5111
30,5112
43,5112
11,5113
40,5113
22,5114
40,5114
45,5114
33,5115
16,5116
5,5117
27,5117
43,5119
44,5120
4,5122
26,5122
41,5122
10,5123
24,5124
59,5124
12,5125
25,5125
16,5126
53,5126
35,5127
9,5128
39,5128
36,5129
53,5129
21,5130
12,5131
30,5133
3,5134
8,5134
54,5135
19,5136
42,5136
52,5136
40,5140
39,5141
47,5141
13,5142
41,5142
1,5144
9,5144
38,5145
58,5145
2,5147
4,5147
1,5148
27,5148
20,5149
1,5150
32,5150
51,5150
2,5151
11,5151
32,5151
47,5151
2,5153
8,5153
42,5153
56,5153
50,5154
15,5155
33,5156
13,5159
1,5161
47,5161
54,5161
28,5162
2,5163
1,5165
9,5165
48,5165
18,5166
46,5167
2,5168
1,5169
12,5169
31,5169
2,5170
30,5171
34,5171
44,5172
20,5173
34,5174
37,5176
48,5176
54,5176
30,5177
39,5178
6,5179
13,5179
22,5179
50,5179
52,5179
41,5180
42,5181
13,5182
46,5182
27,5184
49,5184
39,5185
12,5187
17,5187
42,5187
45,5187
57,5187
38,5190
5,5192
24,5193
37,5193
49,5193
28,5195
48,5195
1,5198
45,5198
1,5199
23,5199
55,5199
59,5199
2,5200
47,5200
24,5201
2,5202
6,5202
1,5203
2,5204
23,5205
10,5207
22,5208
13,5209
39,5209
42,5209
58,5209
35,5210
15,5211
44,5211
59,5214
25,5216
7,5218
59,5219
42,5221
55,5221
57,5221
3,5223
4,5224
23,5224
55,5225
45,5226
15,5227
31,5229
25,5230
49,5230
39,5231
20,5232
26,5232
45,5232
1,5233
12,5233
28,5233
1,5234
20,5236
27,5236
50,5236
11,5237
30,5237
2,5238
15,5240
31,5240
2,5242
14,5242
45,5243
13,5244
21,5244
1,5245
44,5245
2,5246
31,5246
44,5247
24,5248
54,5248
23,5249
22,5254
49,5254
57,5254
26,5255
46,5255
34,5256
45,5256
20,5257
43,5257
42,5260
11,5262
32,5262
49,5262
50,5262
60,5263
34,5263
43,5263
58,5263
60,5265
47,5266
26,5268
24,5270
31,5271
60,5272
37,5272
44,5272
20,5273
1,5274
19,5274
23,5274
19,5275
24,5275
48,5276
52,5277
8,5279
18,5279
19,5279
38,5279
30,5281
3,5282
38,5282
57,5282
8,5284
39,5284
36,5285
39,5285
10,5286
36,5287
20,5289
32,5289
2,5293
26,5293
3,5295
25,5295
45,5295
51,5295
50,5296
26,5297
33,5298
55,5298
10,5300
42,5301
32,5302
53,5303
22,5304
27,5304
24,5305
58,5305
15,5306
26,5306
28,5306
11,5307
31,5309
23,5310
36,5310
25,5312
22,5316
39,5316
30,5317
29,5318
25,5322
11,5323
54,5324
19,5327
37,5327
18,5328
3,5329
7,5329
37,5329
44,5329
3,5330
24,5330
37,5330
41,5330
7,5331
24,5331
35,5332
40,5333
41,5334
32,5336
7,5337
8,5337
24,5337
60,5338
60,5339
43,5343
53,5344
51,5345
29,5346
45,5346
53,5347
1,5349
2,5350
22,5350
59,5351
1,5352
33,5352
28,5353
32,5353
51,5353
2,5354
16,5354
1,5355
21,5355
28,5355
44,5355
2,5356
27,5356
24,5357
30,5357
50,5357
14,5358
45,5358
55,5358
5,5359
22,5359
59,5359
41,5360
17,5362
24,5362
44,5364
26,5366
31,5366
9,5367
23,5370
40,5371
45,5371
29,5372
27,5373
30,5375
19,5376
29,5377
21,5379
39,5379
16,5380
52,5381
38,5383
3,5385
59,5387
29,5389
18,5391
4,5392
19,5392
31,5392
36,5392
42,5393
19,5395
22,5395
53,5396
51,5397
13,5398
53,5398
33,5399
28,5400
39,5401
40,5402
59,5402
17,5405
10,5406
55,5406
57,5407
15,5408
32,5408
7,5411
22,5411
3,5412
55,5412
1,5415
44,5415
31,5416
58,5417
38,5418
18,5419
1,5420
37,5420
53,5420
59,5420
33,5421
2,5423
2,5427
1,5428
37,5428
60,5430
2,5430
25,5432
28,5432
50,5432
49,5433
52,5433
30,5438
7,5439
11,5440
13,5440
58,5440
12,5441
57,5443
7,5444
21,5444
38,5444
57,5445
14,5447
41,5448
50,5448
27,5449
35,5449
44,5449
15,5450
40,5450
29,5451
5,5452
30,5452
46,5452
14,5453
18,5453
43,5453
49,5454
10,5455
37,5455
46,5455
14,5457
19,5457
37,5458
59,5460
60,5461
29,5461
16,5462
16,5464
48,5464
31,5466
50,5468
17,5470
58,5470
18,5471
27,5472
40,5472
33,5473
22,5474
5,5476
42,5479
47,5479
22,5481
38,5481
14,5483
50,5483
35,5484
42,5487
56,5487
18,5488
48,5488
54,5488
27,5489
59,5489
29,5490
47,5490
56,5490
23,5491
26,5491
13,5492
9,5493
60,5495
19,5496
37,5499
17,5500
25,5500
43,5501
46,5501
4,5502
47,5504
27,5505
41,5505
4,5506
26,5506
37,5506
35,5507
43,5507
39,5508
49,5508
57,5508
20,5509
60,5510
27,5510
36,5511
47,5511
31,5512
22,5515
6,5516
12,5516
13,5516
41,5517
58,5521
11,5522
35,5523
6,5524
20,5524
55,5525
5,5526
41,5526
50,5526
21,5527
29,5528
52,5530
30,5535
7,5536
36,5537
7,5538
29,5538
51,5538
60,5539
24,5539
18,5541
42,5541
5,5542
31,5542
4,5543
16,5543
17,5544
24,5548
43,5548
35,5551
59,5551
45,5552
46,5552
29,5554
36,5554
27,5555
35,5555
10,5556
47,5556
29,5557
1,5560
20,5560
2,5561
17,5561
28,5561
1,5562
10,5562
60,5564
28,5564
6,5565
19,5565
11,5566
19,5566
1,5567
2,5568
14,5568
59,5568
35,5569
2,5570
3,5570
10,5571
41,5571
26,5572
5,5574
3,5575
33,5575
44,5575
31,5576
42,5576
50,5576
18,5577
38,5577
42,5577
44,5577
3,5578
55,5580
44,5581
5,5582
21,5582
38,5583
18,5584
30,5585
4,5586
31,5586
15,5587
22,5587
49,5587
25,5588
25,5589
8,5591
47,5592
10,5593
10,5595
11,5595
46,5595
25,5596
50,5596
25,5597
39,5597
19,5598
28,5598
28,5599
45,5600
11,5601
58,5601
4,5605
40,5607
13,5608
32,5608
33,5608
21,5609
6,5610
23,5610
51,5612
6,5613
25,5613
38,5613
41,5613
59,5614
7,5615
23,5615
19,5616
32,5619
19,5620
26,5620
32,5620
37,5620
38,5621
36,5622
60,5624
56,5624
4,5625
20,5625
19,5626
30,5626
22,5627
22,5628
24,5629
4,5630
25,5630
44,5630
16,5631
22,5632
27,5632
37,5632
44,5632
60,5633
35,5633
13,5635
28,5635
53,5635
14,5636
19,5636
38,5636
49,5636
22,5637
9,5638
25,5639
39,5639
17,5643
18,5644
33,5644
37,5644
50,5645
45,5646
27,5648
1,5650
56,5650
37,5651
38,5651
9,5652
26,5652
58,5652
15,5655
15,5656
18,5657
45,5657
52,5657
53,5657
52,5659
39,5660
58,5661
35,5662
38,5667
42,5667
49,5667
9,5668
26,5668
32,5668
50,5669
39,5670
1,5671
10,5672
45,5672
40,5673
55,5673
17,5674
29,5676
38,5676
2,5677
25,5677
31,5677
1,5678
22,5679
52,5679
59,5680
1,5681
50,5681
7,5682
9,5682
31,5683
37,5683
49,5683
2,5684
60,5685
44,5685
2,5686
27,5686
48,5686
5,5687
24,5687
28,5687
36,5688
8,5689
51,5691
49,5692
10,5693
20,5693
44,5693
55,5693
28,5696
28,5697
31,5697
5,5698
9,5698
55,5698
60,5699
9,5699
17,5699
27,5699
53,5699
55,5699
55,5700
29,5701
2,5702
15,5702
30,5702
4,5703
40,5703
45,5703
24,5704
51,5704
44,5705
50,5705
55,5706
27,5708
60,5710
27,5710
35,5710
51,5710
54,5710
49,5712
16,5713
54,5713
12,5714
18,5715
27,5715
41,5715
44,5717
51,5719
57,5720
55,5721
37,5723
6,5725
46,5725
50,5725
30,5726
33,5726
8,5728
53,5730
51,5731
17,5732
29,5732
52,5732
8,5733
31,5734
21,5736
44,5736
51,5736
23,5737
32,5737
55,5737
27,5738
26,5740
60,5741
12,5741
4,5742
19,5744
32,5744
57,5745
47,5746
48,5746
53,5746
42,5747
23,5748
53,5749
10,5750
41,5751
54,5752
8,5755
24,5755
31,5755
26,5756
50,5756
9,5757
47,5758
58,5759
24,5760
28,5760
50,5760
52,5760
6,5761
39,5761
52,5761
54,5761
6,5762
8,5762
12,5762
30,5762
33,5762
37,5762
20,5764
31,5764
39,5766
26,5768
27,5768
20,5769
57,5769
10,5770
40,5770
32,5772
19,5773
35,5773
51,5773
5,5776
52,5776
10,5778
30,5778
20,5782
57,5784
59,5784
11,5785
1,5786
8,5786
46,5786
54,5786
1,5789
54,5789
7,5790
22,5791
2,5792
17,5793
37,5795
2,5796
34,5796
1,5797
46,5797
47,5797
48,5797
2,5798
12,5799
34,5799
8,5801
54,5801
6,5802
10,5802
23,5803
8,5804
28,5804
12,5807
21,5807
2,5808
9,5810
53,5812
15,5813
1,5814
15,5815
2,5816
46,5816
17,5817
48,5818
1,5819
41,5819
56,5819
8,5820
36,5820
18,5822
39,5822
2,5823
3,5823
39,5823
1,5824
42,5824
2,5825
8,5825
32,5825
33,5826
47,5826
3,5827
32,5828
26,5829
16,5830
58,5830
6,5833
9,5834
51,5835
15,5836
59,5839
3,5840
49,5840
31,5841
30,5842
21,5845
47,5845
23,5847
55,5847
26,5849
24,5851
45,5851
48,5851
39,5853
17,5854
27,5855
35,5855
23,5856
44,5856
36,5857
40,5858
41,5858
11,5860
18,5860
20,5860
32,5860
16,5861
31,5861
35,5861
13,5864
10,5865
23,5865
11,5866
51,5866
3,5867
7,5868
13,5868
42,5872
56,5872
56,5873
16,5874
31,5874
48,5874
18,5875
36,5877
55,5877
13,5878
36,5880
11,5882
18,5882
46,5885
15,5887
20,5890
35,5891
22,5892
28,5892
12,5896
31,5896
30,5898
42,5898
21,5899
20,5900
34,5900
21,5901
20,5902
7,5903
37,5903
27,5904
3,5905
8,5905
5,5907
27,5907
1,5909
21,5909
44,5909
53,5909
55,5909
29,5910
33,5911
58,5911
60,5912
37,5913
33,5914
45,5914
45,5915
59,5915
16,5916
16,5918
44,5918
47,5918
38,5919
12,5920
19,5920
49,5920
54,5920
7,5921
18,5921
25,5921
48,5921
14,5922
16,5922
42,5922
1,5923
32,5923
40,5923
1,5924
36,5924
2,5925
26,5925
35,5925
42,5925
35,5926
58,5926
16,5927
45,5927
2,5928
22,5928
23,5928
38,5928
1,5929
12,5929
26,5929
38,5929
2,5930
7,5930
12,5930
20,5931
42,5932
16,5934
42,5935
6,5937
30,5937
27,5938
47,5938
58,5938
25,5940
52,5940
33,5942
55,5942
17,5944
39,5945
32,5947
46,5949
27,5952
1,5953
2,5954
40,5954
41,5954
1,5955
1,5956
2,5957
42,5957
51,5957
56,5957
12,5959
2,5960
42,5961
4,5962
17,5963
56,5963
40,5964
59,5965
46,5968
41,5969
27,5970
17,5971
41,5972
50,5973
52,5974
46,5975
36,5976
38,5976
19,5977
29,5977
16,5978
35,5978
56,5978
19,5979
24,5980
25,5981
54,5981
25,5987
34,5989
59,5989
34,5991
57,5991
6,5994
37,5996
27,5997
37,5997
58,5997
9,5998
23,5998
11,5999
1,6000
22,6001
2,6002
57,6003
24,6004
45,6004
53,6005
1,6006
57,6006
2,6007
14,6007
1,6008
14,6009
22,6009
36,6010
37,6011
38,6011
59,6011
2,6012
6,6012
31,6012
57,6013
1,6014
13,6014
2,6015
8,6016
19,6016
54,6017
1,6018
40,6018
2,6019
27,6019
32,6019
43,6019
1,6020
27,6020
45,6021
2,6024
16,6029
23,6029
43,6029
31,6030
1,6033
43,6033
45,6033
60,6035
1,6036
34,6036
15,6038
39,6038
50,6038
59,6038
44,6039
2,6040
2,6041
1,6043
43,6043
2,6044
39,6046
55,6047
5,6048
50,6048
39,6049
15,6050
1,6051
9,6051
10,6051
1,6053
47,6053
30,6054
53,6054
25,6055
41,6055
15,6056
48,6056
2,6057
24,6057
15,6058
44,6058
52,6058
2,6060
23,6060
28,6061
57,6061
1,6062
2,6063
58,6063
1,6064
29,6064
44,6064
57,6064
1,6065
7,6065
30,6065
2,6066
14,6066
21,6066
25,6067
30,6067
12,6068
2,6070
9,6070
28,6070
37,6071
50,6071
52,6071
20,6072
34,6073
41,6073
1,6074
51,6074
2,6076
3,6076
38,6076
45,6076
42,6077
49,6077
21,6078
49,6078
50,6078
59,6078
2,6080
32,6080
25,6081
5,6083
1,6085
10,6085
42,6085
56,6085
32,6086
2,6087
1,6088
11,6088
14,6089
24,6089
39,6089
40,6089
5,6090
10,6090
11,6090
48,6090
2,6091
1,6092
35,6092
36,6092
2,6093
42,6094
20,6095
20,6098
23,6098
6,6099
54,6100
39,6102
46,6102
3,6104
39,6104
51,6104
56,6106
8,6107
24,6108
4,6109
18,6109
22,6112
46,6112
51,6113
56,6113
18,6114
22,6114
18,6115
47,6116
23,6118
11,6119
27,6119
58,6119
3,6122
17,6122
20,6124
26,6125
10,6126
47,6127
59,6127
47,6129
58,6129
12,6130
17,6130
19,6132
29,6132
12,6134
39,6134
2,6135
31,6135
57,6137
4,6140
22,6140
41,6140
42,6141
11,6142
34,6143
38,6143
3,6145
17,6147
54,6148
1,6149
23,6150
26,6151
4,6152
43,6152
50,6153
13,6154
31,6154
55,6155
2,6156
1,6157
9,6157
1,6158
35,6158
2,6159
16,6159
26,6159
59,6159
2,6160
26,6160
7,6161
53,6161
28,6162
47,6162
28,6164
30,6165
58,6165
35,6169
16,6170
28,6170
51,6170
22,6171
28,6171
32,6171
32,6172
1,6173
1,6175
7,6175
2,6176
39,6176
19,6177
47,6177
54,6177
1,6178
15,6179
36,6179
57,6179
2,6180
30,6181
2,6182
57,6183
58,6184
12,6187
47,6187
48,6189
21,6190
25,6192
27,6194
39,6196
7,6198
33,6198
4,6199
20,6199
55,6200
14,6201
46,6202
9,6203
50,6203
9,6204
5,6206
27,6206
53,6206
51,6209
53,6209
34,6210
20,6211
57,6212
44,6213
12,6214
60,6215
7,6216
14,6216
19,6218
40,6218
14,6220
24,6220
8,6221
15,6221
46,6221
19,6222
22,6223
40,6223
45,6223
10,6227
43,6227
48,6228
30,6229
43,6229
57,6229
12,6230
21,6231
1,6232
5,6233
60,6234
5,6234
60,6235
11,6235
24,6235
40,6238
45,6238
7,6240
29,6240
43,6240
17,6241
34,6242
32,6243
14,6244
31,6244
57,6244
22,6246
48,6247
1,6250
60,6251
15,6251
1,6252
15,6252
25,6252
57,6252
2,6253
1,6254
2,6255
42,6255
48,6255
44,6256
2,6258
39,6258
40,6258
39,6259
1,6260
38,6260
48,6260
55,6260
2,6262
3,6262
33,6262
1,6264
11,6266
1,6267
19,6267
2,6269
36,6269
40,6269
41,6269
51,6270
2,6271
16,6271
41,6271
1,6273
23,6273
49,6273
1,6274
44,6274
2,6275
33,6275
41,6276
21,6277
2,6278
1,6279
4,6279
9,6279
2,6280
55,6280
27,6282
49,6284
10,6285
38,6285
49,6285
9,6287
15,6287
15,6288
23,6288
26,6289
13,6292
26,6292
33,6292
60,6293
14,6293
45,6293
50,6294
3,6295
9,6295
29,6295
48,6295
36,6296
20,6297
14,6299
26,6299
47,6299
10,6300
24,6300
28,6300
11,6301
28,6301
17,6302
18,6302
11,6303
17,6303
25,6306
49,6306
8,6307
53,6307
37,6309
17,6310
49,6310
29,6312
44,6312
6,6313
31,6314
32,6314
54,6316
46,6318
56,6318
25,6319
58,6319
4,6320
31,6321
48,6321
29,6322
53,6322
10,6323
33,6323
23,6324
41,6325
31,6329
7,6330
48,6330
54,6331
23,6332
44,6332
27,6333
45,6333
28,6334
48,6334
22,6335
6,6336
27,6336
40,6336
51,6336
55,6337
59,6337
44,6338
32,6342
49,6342
8,6344
31,6345
20,6346
13,6351
22,6352
28,6352
15,6353
30,6353
10,6354
53,6354
25,6357
27,6357
3,6358
40,6358
5,6359
11,6359
35,6359
29,6360
45,6360
49,6360
45,6362
16,6363
52,6363
16,6364
24,6365
38,6365
58,6365
6,6366
23,6367
55,6367
25,6369
37,6370
12,6371
19,6371
48,6372
28,6373
45,6373
48,6373
42,6374
12,6375
8,6376
15,6376
20,6376
36,6377
4,6378
36,6379
58,6381
36,6382
18,6383
22,6386
7,6387
44,6387
53,6388
57,6389
32,6391
46,6391
53,6391
25,6392
21,6393
28,6393
36,6395
49,6395
55,6395
1,6396
42,6397
48,6398
4,6399
5,6399
30,6399
41,6399
46,6399
21,6401
57,6401
12,6402
8,6403
11,6403
23,6403
12,6404
28,6405
35,6405
21,6409
52,6409
11,6413
10,6414
60,6415
42,6416
3,6417
24,6418
32,6418
45,6420
17,6421
20,6421
19,6422
3,6423
4,6423
15,6423
23,6423
31,6423
3,6425
23,6425
44,6425
58,6425
17,6427
15,6429
27,6429
30,6430
47,6431
45,6432
54,6432
38,6434
46,6435
23,6436
42,6437
1,6438
1,6439
56,6439
4,6440
11,6440
29,6440
36,6440
2,6441
5,6441
8,6441
2,6442
1,6443
9,6444
27,6444
51,6444
59,6444
60,6445
2,6445
58,6445
8,6447
27,6447
22,6448
41,6449
56,6449
37,6450
45,6450
52,6451
46,6452
45,6453
56,6453
32,6456
22,6457
15,6458
48,6458
51,6458
8,6464
26,6465
20,6466
12,6467
25,6467
53,6467
51,6468
5,6470
28,6471
1,6472
8,6473
47,6473
47,6474
48,6474
1,6475
29,6475
60,6476
25,6477
41,6478
52,6478
2,6480
28,6480
8,6481
18,6481
19,6481
2,6482
49,6482
1,6483
2,6484
56,6484
47,6485
47,6486
13,6487
14,6487
26,6487
35,6487
37,6488
20,6490
36,6490
9,6494
30,6494
30,6495
53,6496
9,6501
49,6503
51,6508
40,6509
59,6509
43,6510
53,6511
6,6512
31,6512
45,6512
12,6513
31,6514
45,6514
17,6515
18,6515
39,6516
52,6517
53,6518
16,6521
31,6521
43,6525
26,6526
39,6526
46,6526
48,6526
11,6527
25,6527
40,6527
18,6528
9,6531
34,6531
36,6531
57,6531
3,6532
27,6532
40,6532
54,6532
27,6534
31,6534
9,6536
18,6536
30,6536
5,6537
38,6537
49,6539
39,6540
19,6542
11,6543
15,6545
49,6547
54,6547
47,6548
10,6549
15,6549
26,6549
43,6550
48,6550
23,6551
19,6553
26,6553
30,6553
28,6554
59,6554
9,6555
45,6555
58,6557
14,6558
42,6558
55,6558
54,6560
9,6561
11,6561
17,6561
38,6562
54,6562
5,6564
33,6564
38,6564
27,6565
29,6566
48,6566
26,6567
25,6569
51,6569
27,6572
32,6572
35,6572
13,6573
44,6573
13,6574
26,6574
51,6574
32,6575
26,6576
40,6576
50,6576
51,6576
58,6577
50,6579
48,6580
9,6582
58,6582
18,6583
17,6585
52,6585
38,6587
9,6588
6,6591
40,6591
59,6591
53,6592
54,6593
3,6594
6,6594
23,6597
57,6597
1,6600
24,6600
47,6600
52,6600
36,6601
48,6601
32,6602
1,6603
16,6603
2,6604
31,6604
1,6605
56,6606
2,6607
2,6608
13,6608
15,6609
6,6610
34,6610
35,6611
38,6615
60,6618
47,6618
5,6620
55,6620
57,6620
5,6621
7,6621
14,6621
20,6621
9,6622
49,6623
56,6623
25,6624
28,6624
50,6625
18,6626
39,6627
31,6628
35,6628
23,6629
54,6630
9,6631
13,6631
44,6633
50,6633
16,6634
56,6634
25,6635
30,6636
16,6637
44,6637
7,6639
22,6639
4,6640
7,6643
25,6643
15,6644
34,6646
15,6647
38,6647
30,6648
35,6648
42,6648
21,6649
1,6651
1,6652
2,6653
7,6653
3,6654
2,6655
24,6655
46,6655
15,6656
32,6656
1,6657
2,6658
42,6658
40,6660
28,6662
16,6663
18,6663
11,6665
22,6665
49,6666
51,6666
28,6667
32,6668
55,6672
57,6674
28,6676
45,6676
48,6676
34,6677
53,6677
57,6679
51,6680
13,6681
31,6682
47,6682
10,6683
29,6684
7,6686
39,6686
41,6687
37,6689
40,6689
12,6692
22,6692
59,6693
41,6696
30,6697
23,6698
58,6698
25,6700
26,6701
41,6701
59,6702
7,6703
27,6703
45,6704
53,6705
7,6707
26,6708
53,6708
60,6710
39,6711
37,6714
38,6714
14,6715
27,6715
35,6723
10,6724
17,6724
41,6727
49,6727
14,6728
41,6728
12,6729
36,6729
50,6729
54,6729
25,6730
7,6731
52,6731
15,6732
40,6732
48,6732
53,6733
1,6735
3,6735
38,6735
45,6735
60,6736
1,6737
29,6737
44,6737
2,6740
17,6740
25,6741
57,6741
35,6742
29,6743
17,6744
2,6745
44,6745
1,6746
22,6746
2,6747
44,6750
19,6751
20,6752
21,6754
18,6755
5,6756
59,6756
4,6757
26,6758
42,6758
49,6758
3,6759
6,6759
19,6762
27,6763
52,6763
20,6765
29,6765
28,6766
55,6766
43,6767
18,6768
51,6768
5,6769
21,6769
30,6770
41,6770
51,6771
8,6772
32,6772
4,6775
52,6775
36,6776
39,6776
16,6779
35,6780
15,6782
60,6783
52,6784
12,6785
13,6786
41,6787
29,6790
43,6790
5,6791
17,6794
21,6794
29,6795
22,6796
52,6796
58,6796
45,6799
5,6800
18,6802
40,6802
13,6805
38,6805
32,6806
35,6806
52,6806
48,6807
35,6808
43,6808
1,6809
29,6809
41,6809
40,6810
24,6811
1,6812
27,6812
2,6813
37,6813
39,6813
49,6813
16,6816
40,6816
60,6817
24,6817
2,6818
16,6818
44,6818
48,6818
54,6818
10,6819
23,6820
26,6820
1,6821
2,6822
45,6822
53,6822
6,6823
13,6825
33,6825
58,6825
19,6827
35,6828
20,6831
41,6831
51,6831
37,6832
60,6833
34,6833
13,6834
48,6834
51,6834
42,6835
25,6836
60,6837
33,6838
52,6838
53,6838
1,6839
48,6839
2,6840
15,6840
1,6841
55,6841
57,6841
2,6842
20,6842
37,6842
1,6843
13,6843
2,6844
17,6844
22,6844
43,6844
10,6845
21,6845
11,6846
26,6847
9,6848
5,6849
50,6849
51,6850
20,6851
12,6853
17,6854
30,6855
1,6858
6,6859
50,6861
54,6861
6,6864
16,6864
22,6865
10,6866
35,6866
46,6866
59,6868
1,6869
16,6869
44,6869
4,6871
32,6871
3,6872
59,6872
37,6873
21,6875
52,6875
33,6877
34,6877
26,6879
8,6880
5,6883
21,6883
39,6884
52,6884
5,6886
53,6887
27,6888
50,6889
26,6891
39,6891
45,6892
48,6892
10,6893
38,6894
15,6895
46,6895
1,6896
2,6897
1,6898
24,6898
45,6898
2,6899
1,6900
13,6900
28,6900
2,6902
24,6902
21,6903
27,6903
28,6903
31,6905
48,6906
11,6907
18,6907
59,6907
42,6908
1,6909
3,6909
47,6909
59,6910
50,6911
19,6914
49,6916
30,6917
19,6918
42,6918
17,6922
53,6922
60,6923
17,6923
47,6924
21,6926
23,6927
58,6928
16,6929
8,6931
43,6931
55,6931
5,6933
37,6934
13,6936
34,6937
40,6937
22,6938
47,6938
20,6939
25,6940
26,6940
47,6940
49,6940
59,6940
6,6941
11,6941
14,6941
24,6942
43,6942
35,6943
53,6943
13,6944
47,6945
42,6947
17,6949
24,6949
58,6949
21,6950
38,6952
6,6954
22,6955
5,6956
57,6956
10,6957
53,6957
19,6958
40,6958
11,6959
7,6960
21,6960
42,6962
12,6963
13,6963
29,6963
15,6964
13,6965
16,6965
45,6965
49,6966
25,6967
20,6968
17,6969
31,6969
3,6970
41,6970
11,6974
16,6974
20,6974
36,6974
43,6974
46,6974
15,6976
33,6976
8,6977
10,6978
41,6978
47,6980
11,6981
53,6981
25,6983
8,6984
22,6984
28,6984
36,6984
17,6985
24,6986
44,6986
46,6986
52,6986
45,6988
59,6988
60,6992
44,6992
45,6992
12,6993
7,6994
60,6995
11,6995
36,6995
44,6996
59,6996
54,6997
11,6999
31,6999
4,7000
26,7000
42,7000
26,7003
42,7003
47,7006
52,7007
54,7007
32,7008
39,7009
46,7009
47,7010
11,7011
18,7011
33,7011
19,7013
33,7013
40,7013
40,7014
22,7015
57,7015
6,7016
18,7016
55,7016
57,7016
18,7017
48,7018
54,7018
49,7019
51,7019
57,7019
23,7020
5,7023
18,7023
33,7023
60,7024
3,7024
19,7024
23,7026
24,7028
33,7028
24,7029
59,7029
28,7030
1,7031
24,7031
38,7031
2,7033
8,7033
1,7034
1,7036
9,7036
36,7036
2,7037
3,7037
15,7038
29,7038
52,7038
59,7038
8,7039
9,7039
30,7039
34,7039
5,7040
37,7040
29,7041
40,7041
2,7042
18,7043
29,7044
39,7044
58,7044
11,7045
23,7045
47,7045
3,7046
9,7046
21,7046
21,7047
8,7048
15,7050
52,7050
23,7051
11,7053
12,7054
9,7055
12,7057
35,7057
37,7057
3,7059
53,7059
7,7060
21,7061
53,7064
50,7067
18,7068
23,7068
44,7069
27,7071
33,7071
6,7072
17,7073
43,7074
15,7075
34,7075
39,7075
27,7076
48,7076
20,7077
35,7077
45,7077
52,7077
59,7077
44,7078
40,7081
4,7082
33,7083
50,7083
53,7083
29,7084
32,7084
37,7084
55,7084
5,7085
12,7085
4,7086
39,7086
46,7086
12,7087
23,7087
38,7087
3,7090
41,7090
19,7091
34,7091
13,7092
39,7092
17,7094
30,7094
42,7094
57,7095
26,7096
42,7096
27,7099
43,7099
21,7100
53,7101
16,7102
19,7102
21,7102
4,7103
37,7103
39,7104
1,7105
1,7106
18,7106
34,7106
29,7107
34,7107
2,7108
39,7108
41,7108
7,7109
12,7109
2,7110
27,7110
53,7110
54,7110
1,7111
17,7111
25,7112
37,7112
2,7113
11,7113
19,7114
41,7114
9,7117
45,7117
55,7117
31,7119
9,7120
51,7121
48,7122
15,7123
52,7123
51,7125
47,7126
24,7127
9,7128
39,7128
54,7128
15,7129
17,7130
29,7131
6,7132
24,7133
32,7133
55,7135
10,7136
51,7136
46,7137
8,7138
43,7138
45,7138
8,7139
39,7139
50,7141
36,7142
21,7143
43,7143
36,7144
42,7144
3,7145
52,7146
26,7148
58,7149
1,7150
26,7150
1,7151
19,7152
42,7152
53,7152
2,7153
27,7153
41,7153
50,7153
2,7154
11,7154
1,7155
8,7155
17,7155
2,7156
56,7157
26,7159
1,7160
51,7160
2,7161
58,7161
1,7162
1,7163
18,7163
58,7163
32,7164
26,7165
47,7165
49,7165
2,7168
45,7168
2,7169
59,7169
19,7171
40,7172
49,7173
1,7174
59,7176
2,7177
42,7177
1,7178
2,7179
41,7181
28,7182
36,7182
1,7183
26,7183
33,7183
2,7185
55,7185
4,7186
38,7186
49,7186
10,7187
57,7187
11,7189
39,7189
7,7190
45,7191
52,7192
28,7195
43,7195
42,7196
13,7197
38,7198
41,7199
51,7199
14,7202
57,7202
15,7204
10,7206
50,7206
21,7207
22,7207
15,7208
20,7208
45,7208
18,7209
43,7209
17,7210
16,7212
40,7215
12,7216
2,7217
46,7217
58,7218
59,7218
39,7220
47,7220
21,7221
41,7221
50,7221
1,7222
27,7222
54,7222
2,7223
19,7223
1,7224
12,7224
46,7224
2,7225
33,7225
1,7226
2,7228
18,7228
45,7228
8,7229
9,7229
25,7229
1,7235
53,7235
1,7237
2,7237
25,7237
50,7237
25,7238
60,7240
1,7240
22,7240
40,7240
57,7240
2,7241
21,7241
36,7243
22,7244
1,7245
14,7245
17,7245
20,7245
2,7246
56,7248
57,7253
1,7257
2,7258
7,7258
1,7259
7,7259
16,7259
2,7260
1,7261
4,7261
2,7264
13,7264
7,7266
4,7267
20,7267
59,7267
3,7268
45,7268
52,7269
31,7271
43,7271
49,7271
4,7272
25,7274
30,7275
40,7275
41,7275
14,7277
58,7277
37,7278
60,7279
49,7283
32,7284
34,7284
27,7285
35,7285
36,7285
56,7285
30,7286
13,7287
52,7288
57,7288
60,7292
17,7292
28,7292
30,7292
58,7292
9,7293
12,7293
26,7294
34,7294
2,7295
6,7295
11,7295
42,7295
50,7295
58,7295
30,7297
32,7298
3,7299
26,7299
36,7299
13,7302
58,7302
14,7304
50,7304
56,7304
28,7305
20,7306
17,7307
45,7311
53,7312
22,7313
33,7313
13,7314
41,7314
11,7316
45,7316
58,7317
4,7318
32,7320
3,7321
48,7321
23,7323
29,7323
58,7323
7,7324
59,7324
41,7325
51,7325
60,7327
5,7328
10,7328
28,7328
32,7330
35,7331
13,7334
34,7335
7,7336
5,7339
44,7340
5,7341
33,7341
36,7343
43,7344
12,7345
1,7346
36,7346
1,7347
9,7347
23,7347
2,7348
19,7348
48,7348
1,7349
18,7349
35,7349
2,7351
9,7351
48,7351
8,7353
26,7353
51,7353
59,7353
6,7354
14,7354
37,7354
2,7356
4,7357
19,7357
24,7358
27,7358
21,7359
38,7359
55,7360
51,7364
60,7365
21,7365
23,7367
46,7367
5,7368
6,7369
30,7369
33,7370
43,7370
54,7370
51,7372
27,7373
28,7373
47,7373
3,7374
5,7374
53,7374
49,7375
35,7378
6,7380
60,7382
6,7382
34,7383
36,7383
56,7383
24,7384
28,7384
18,7385
31,7386
38,7387
45,7387
33,7389
55,7389
41,7390
13,7391
34,7391
52,7392
3,7393
16,7394
31,7394
14,7396
27,7396
47,7396
56,7396
35,7397
36,7397
6,7398
19,7398
51,7398
53,7398
40,7399
37,7400
31,7401
39,7402
15,7403
31,7403
47,7403
54,7403
30,7404
36,7404
53,7404
1,7405
1,7406
28,7407
8,7408
11,7408
2,7409
9,7409
26,7410
13,7411
24,7412
2,7416
25,7417
33,7417
1,7419
5,7419
23,7419
27,7419
55,7419
31,7420
57,7421
2,7425
40,7425
1,7427
11,7427
48,7427
49,7427
2,7431
6,7431
19,7431
44,7431
50,7431
26,7432
54,7432
27,7433
1,7435
47,7436
20,7437
27,7437
16,7438
26,7438
42,7438
2,7439
40,7440
43,7440
41,7441
49,7441
59,7441
29,7443
30,7443
33,7443
14,7444
1,7445
55,7445
2,7446
29,7446
29,7447
41,7447
16,7448
7,7449
29,7449
16,7450
24,7450
23,7451
54,7451
30,7452
28,7453
3,7454
52,7454
16,7455
35,7455
19,7459
33,7459
22,7461
44,7462
4,7467
53,7467
55,7469
41,7471
55,7472
20,7473
36,7473
39,7473
50,7476
35,7477
32,7479
45,7480
51,7482
52,7483
6,7484
34,7484
43,7484
34,7488
8,7491
9,7491
31,7491
59,7491
12,7493
52,7493
26,7496
9,7497
28,7497
60,7498
13,7498
30,7498
53,7498
26,7500
35,7501
38,7501
43,7501
32,7504
35,7504
60,7505
6,7505
46,7505
13,7506
49,7506
11,7508
17,7509
57,7509
20,7510
17,7511
8,7519
24,7521
51,7521
22,7523
18,7524
25,7526
57,7528
59,7528
52,7530
10,7532
12,7532
9,7533
28,7533
51,7533
59,7533
30,7534
12,7535
48,7536
58,7536
37,7538
11,7541
30,7542
12,7543
17,7543
54,7543
21,7544
51,7544
46,7545
53,7546
10,7547
48,7547
13,7548
49,7548
45,7549
19,7550
23,7550
36,7550
55,7550
60,7552
36,7552
31,7553
60,7554
9,7554
15,7554
32,7554
20,7555
17,7557
23,7557
56,7558
28,7559
3,7561
21,7563
51,7563
26,7564
44,7564
20,7565
38,7565
50,7567
19,7568
3,7569
9,7569
56,7569
20,7571
25,7572
7,7573
30,7573
7,7575
55,7576
50,7579
16,7580
32,7580
33,7580
9,7581
51,7582
54,7582
56,7585
51,7587
36,7588
41,7588
3,7589
40,7589
32,7590
52,7591
18,7592
52,7592
16,7593
48,7595
37,7596
44,7596
14,7597
46,7597
7,7598
45,7600
48,7602
38,7603
54,7603
21,7609
28,7611
46,7611
6,7613
8,7613
48,7613
6,7614
9,7617
30,7617
37,7617
47,7617
60,7618
19,7620
44,7620
47,7622
48,7622
57,7622
25,7623
53,7623
22,7624
30,7624
13,7625
1,7626
43,7627
41,7628
52,7628
42,7629
36,7630
38,7630
55,7632
21,7633
26,7633
54,7634
40,7635
17,7636
4,7637
43,7638
60,7639
28,7639
4,7642
9,7644
10,7644
20,7645
39,7645
39,7646
59,7646
31,7647
32,7648
37,7648
48,7648
15,7649
50,7649
33,7650
21,7652
43,7652
57,7652
60,7653
25,7654
35,7655
51,7656
54,7656
57,7657
13,7658
31,7658
56,7659
12,7660
13,7661
2,7664
11,7664
24,7664
26,7666
35,7667
59,7667
24,7668
44,7668
48,7669
37,7670
56,7671
52,7672
1,7673
27,7673
38,7676
54,7676
2,7677
14,7677
50,7677
1,7678
12,7678
1,7679
22,7679
33,7679
2,7680
11,7680
2,7681
42,7681
16,7683
48,7683
6,7685
22,7685
33,7685
28,7688
54,7689
1,7690
1,7691
2,7692
34,7692
38,7692
1,7694
14,7694
2,7696
49,7696
2,7697
4,7697
53,7698
12,7699
21,7699
31,7700
42,7701
51,7701
5,7704
51,7705
7,7707
18,7707
47,7707
24,7708
31,7708
42,7708
13,7709
17,7710
25,7710
60,7711
31,7711
47,7711
37,7712
40,7712
1,7713
8,7714
48,7714
50,7714
51,7714
2,7715
41,7715
1,7717
34,7717
41,7717
24,7718
38,7718
41,7718
2,7719
31,7719
48,7719
1,7720
57,7722
2,7723
9,7724
11,7724
47,7724
51,7724
54,7724
47,7725
38,7726
45,7728
41,7729
3,7735
45,7736
5,7737
26,7738
28,7738
39,7738
10,7739
35,7739
41,7739
54,7739
19,7740
28,7740
31,7740
44,7740
55,7740
28,7742
42,7743
1,7745
11,7745
14,7745
50,7746
26,7748
41,7748
9,7749
27,7749
22,7752
32,7752
41,7752
2,7753
38,7753
1,7754
16,7754
12,7755
30,7755
2,7756
15,7756
48,7756
1,7757
35,7757
2,7758
28,7761
44,7761
59,7761
9,7762
21,7764
19,7765
40,7765
51,7765
11,7766
59,7766
13,7767
59,7768
40,7769
46,7769
11,7770
45,7770
42,7772
48,7772
57,7772
25,7774
42,7774
53,7774
15,7775
6,7777
21,7778
32,7781
34,7781
44,7781
19,7783
23,7784
26,7785
49,7786
39,7787
15,7791
21,7791
40,7791
48,7791
13,7792
7,7793
27,7793
32,7793
60,7794
16,7794
35,7795
56,7795
32,7797
18,7801
45,7801
54,7801
60,7802
24,7803
37,7803
47,7804
12,7805
23,7805
20,7806
41,7806
36,7808
46,7808
41,7809
34,7810
21,7813
23,7813
22,7814
19,7815
4,7816
11,7818
13,7818
48,7818
26,7819
9,7820
53,7820
58,7820
33,7821
42,7822
46,7822
57,7823
54,7824
13,7825
42,7825
7,7826
20,7827
30,7827
17,7829
33,7831
39,7831
47,7831
7,7832
8,7832
33,7832
50,7832
4,7833
35,7833
48,7833
21,7835
33,7835
51,7835
53,7836
57,7836
8,7837
21,7838
55,7839
25,7840
7,7841
40,7841
16,7843
20,7843
59,7843
59,7844
3,7845
24,7846
44,7846
53,7848
31,7849
33,7849
51,7850
46,7851
49,7851
56,7851
12,7852
37,7852
10,7853
49,7854
26,7855
27,7855
60,7858
13,7861
37,7861
42,7861
28,7864
4,7865
18,7865
19,7865
21,7865
7,7867
11,7867
15,7867
27,7867
58,7867
7,7868
30,7868
31,7868
47,7868
18,7870
44,7870
18,7871
34,7871
49,7874
27,7875
42,7876
51,7877
54,7877
12,7878
1,7879
9,7881
53,7881
2,7882
42,7882
47,7882
14,7883
19,7883
28,7883
1,7884
52,7884
1,7885
30,7885
34,7886
40,7886
52,7886
2,7887
13,7887
33,7888
51,7888
2,7889
6,7889
37,7890
24,7891
35,7891
40,7891
9,7892
55,7892
26,7896
34,7897
5,7898
24,7898
3,7900
9,7900
22,7901
28,7901
42,7903
8,7905
13,7905
11,7906
50,7906
52,7906
11,7907
35,7907
46,7908
21,7910
37,7910
1,7911
9,7911
2,7913
3,7914
15,7914
4,7915
16,7915
1,7916
19,7916
43,7916
24,7917
46,7917
16,7918
36,7919
13,7920
14,7920
29,7921
2,7922
34,7923
44,7924
22,7925
38,7925
56,7925
60,7926
7,7926
38,7927
23,7929
29,7929
1,7930
55,7930
2,7931
18,7931
21,7931
51,7932
29,7933
48,7933
32,7934
9,7935
13,7936
38,7936
19,7937
28,7938
43,7940
58,7940
39,7941
52,7941
36,7942
47,7942
34,7943
42,7943
49,7943
4,7944
21,7944
55,7945
29,7946
55,7948
19,7949
57,7949
14,7950
27,7950
54,7950
6,7952
27,7954
38,7954
3,7956
5,7956
57,7956
39,7957
57,7957
58,7957
5,7959
44,7960
49,7961
22,7962
6,7963
57,7965
17,7966
13,7967
5,7968
42,7969
36,7970
10,7971
37,7971
20,7972
35,7973
52,7974
58,7974
45,7975
14,7977
27,7977
27,7979
40,7979
18,7980
21,7980
6,7981
44,7982
3,7983
39,7983
56,7983
32,7984
37,7984
6,7986
29,7986
47,7987
17,7988
55,7988
5,7990
57,7990
29,7991
7,7992
10,7992
21,7995
34,7995
37,7995
14,7997
40,7997
26,7999
36,7999
38,7999
53,7999
8,8003
13,8004
27,8004
42,8004
48,8004
13,8006
15,8006
19,8006
44,8006
19,8007
56,8007
50,8008
3,8009
26,8009
59,8009
22,8010
37,8011
42,8013
44,8013
16,8015
60,8016
15,8016
56,8017
13,8018
47,8018
24,8019
7,8021
38,8021
47,8021
4,8023
14,8023
33,8023
3,8025
40,8027
42,8028
8,8029
24,8029
19,8030
59,8031
53,8032
56,8032
13,8033
26,8033
58,8034
30,8035
47,8035
48,8035
31,8036
37,8036
27,8037
31,8037
13,8040
43,8040
46,8040
40,8042
45,8042
12,8043
25,8043
25,8044
31,8044
57,8044
52,8045
17,8047
25,8047
17,8049
7,8050
58,8051
15,8052
58,8052
43,8053
48,8054
9,8055
12,8055
38,8055
33,8057
3,8059
23,8059
26,8060
50,8060
40,8062
49,8064
57,8064
6,8065
29,8065
53,8065
20,8066
53,8066
5,8067
11,8069
13,8069
54,8071
19,8074
26,8074
43,8075
40,8078
32,8079
24,8081
12,8082
17,8082
23,8082
4,8083
34,8083
5,8085
1,8087
5,8087
20,8087
1,8088
2,8089
2,8090
26,8091
1,8092
56,8092
2,8093
23,8093
51,8094
50,8096
40,8097
51,8098
18,8099
32,8099
51,8099
10,8101
43,8101
15,8102
17,8102
30,8102
21,8106
27,8106
58,8107
27,8108
36,8108
59,8108
24,8109
39,8109
47,8109
32,8111
57,8112
59,8113
22,8114
5,8115
39,8116
45,8116
7,8118
20,8119
34,8119
40,8119
7,8120
19,8120
29,8120
35,8121
53,8121
30,8122
33,8123
16,8125
58,8125
5,8128
13,8128
18,8128
46,8128
51,8128
26,8129
59,8130
16,8132
55,8132
7,8133
36,8133
56,8133
10,8134
45,8138
26,8140
58,8141
14,8142
49,8142
57,8142
60,8144
29,8146
4,8147
36,8147
26,8148
58,8148
12,8149
22,8149
36,8149
10,8150
44,8151
47,8151
28,8152
29,8152
46,8154
14,8155
38,8155
37,8156
7,8159
26,8162
35,8163
46,8164
3,8166
28,8166
34,8167
32,8169
32,8172
36,8172
5,8173
15,8174
28,8174
51,8174
37,8175
51,8175
19,8176
38,8177
40,8177
11,8178
49,8180
57,8180
1,8181
33,8181
56,8181
2,8182
30,8183
16,8184
34,8184
1,8185
6,8185
1,8186
20,8186
2,8187
2,8188
46,8189
48,8189
5,8191
37,8191
29,8192
38,8192
33,8195
35,8195
1,8196
33,8198
38,8198
45,8199
6,8200
9,8207
1,8208
39,8208
26,8209
31,8209
55,8209
1,8210
24,8210
2,8211
15,8211
2,8212
21,8212
39,8212
55,8212
1,8213
46,8214
2,8215
13,8215
43,8217
14,8218
57,8218
16,8219
38,8219
5,8220
53,8222
20,8223
38,8225
52,8225
46,8226
60,8227
16,8227
25,8227
9,8228
55,8228
19,8230
54,8230
14,8232
44,8235
27,8236
34,8236
31,8237
17,8241
16,8242
45,8244
55,8245
35,8246
41,8247
17,8248
36,8248
37,8248
48,8248
5,8249
6,8249
9,8249
17,8249
44,8249
19,8250
33,8250
4,8251
23,8254
46,8254
58,8254
29,8257
52,8257
29,8258
31,8258
25,8259
47,8259
31,8260
38,8260
16,8261
44,8263
9,8264
9,8266
53,8266
54,8266
16,8267
45,8267
57,8268
4,8269
56,8270
3,8273
50,8273
1,8274
42,8274
2,8275
54,8275
1,8277
8,8277
1,8278
2,8279
33,8279
2,8280
25,8281
55,8281
53,8282
3,8283
12,8283
14,8283
1,8285
56,8285
59,8285
15,8286
22,8286
15,8287
37,8288
41,8288
2,8289
56,8289
1,8291
1,8292
19,8293
29,8293
40,8293
2,8294
2,8295
6,8295
15,8295
45,8296
50,8296
26,8297
51,8298
15,8300
26,8301
17,8302
30,8302
51,8302
58,8302
8,8304
56,8304
16,8305
29,8305
40,8305
57,8306
4,8307
5,8307
16,8307
28,8308
37,8308
1,8310
57,8310
2,8311
6,8311
19,8311
33,8311
1,8314
12,8315
53,8315
56,8315
23,8316
25,8316
1,8317
28,8317
43,8317
2,8319
48,8319
2,8320
5,8320
15,8321
41,8322
7,8323
31,8324
47,8325
34,8326
46,8326
19,8327
30,8328
42,8328
42,8329
44,8329
53,8330
29,8331
48,8332
1,8333
17,8333
2,8334
21,8334
58,8334
6,8337
44,8337
1,8338
30,8338
2,8339
1,8340
9,8340
24,8340
2,8341
4,8341
8,8341
29,8342
33,8342
34,8342
50,8342
55,8343
39,8346
56,8348
26,8350
20,8352
36,8352
43,8352
4,8353
18,8354
18,8357
56,8358
9,8359
15,8359
19,8359
51,8359
59,8359
14,8361
6,8362
25,8363
34,8363
47,8363
47,8364
36,8365
32,8366
21,8367
8,8368
6,8369
8,8370
40,8370
54,8370
15,8371
15,8372
45,8373
5,8376
5,8377
13,8377
19,8378
23,8378
30,8378
36,8378
42,8378
9,8379
45,8379
17,8381
44,8381
58,8382
23,8383
29,8383
32,8384
57,8385
13,8386
27,8387
34,8387
1,8388
2,8389
1,8390
42,8390
7,8391
55,8391
1,8393
22,8393
22,8394
2,8395
42,8395
2,8396
36,8397
4,8398
7,8398
45,8398
20,8402
52,8402
18,8403
39,8404
38,8405
50,8405
6,8406
13,8406
40,8410
10,8412
44,8412
49,8412
35,8414
14,8415
23,8415
37,8416
41,8416
49,8418
23,8419
29,8419
19,8420
21,8420
34,8420
38,8420
3,8422
44,8423
45,8425
8,8426
60,8427
12,8432
21,8432
25,8432
38,8432
51,8432
25,8434
26,8437
28,8437
29,8437
25,8439
20,8440
38,8440
21,8441
38,8441
15,8442
5,8444
29,8444
24,8445
38,8445
9,8446
12,8447
17,8449
50,8450
54,8451
13,8452
55,8452
56,8452
1,8453
2,8454
30,8454
1,8455
29,8455
32,8455
1,8456
6,8457
17,8458
54,8458
34,8459
2,8461
37,8461
2,8463
7,8463
17,8463
52,8463
37,8464
54,8464
4,8465
46,8465
45,8466
47,8467
6,8468
8,8468
9,8468
25,8468
34,8470
1,8472
42,8474
48,8474
60,8475
2,8475
6,8475
1,8476
41,8476
47,8476
1,8477
15,8478
16,8478
30,8478
42,8478
2,8480
57,8480
2,8484
4,8484
42,8484
14,8485
53,8485
5,8487
15,8487
9,8488
13,8488
14,8488
51,8489
46,8491
45,8492
18,8493
12,8494
5,8495
20,8495
27,8495
35,8495
26,8497
60,8498
24,8498
2,8499
3,8499
38,8499
5,8502
38,8503
24,8505
3,8507
36,8508
43,8508
59,8508
39,8509
28,8510
44,8510
3,8511
50,8512
28,8513
29,8513
32,8513
51,8513
53,8514
43,8515
49,8515
14,8516
37,8516
46,8516
15,8517
35,8517
51,8517
15,8518
58,8518
13,8519
16,8519
27,8519
25,8520
1,8521
51,8521
25,8522
4,8523
26,8523
2,8524
43,8524
1,8525
46,8525
2,8526
5,8526
52,8526
51,8527
26,8528
1,8529
52,8529
2,8530
24,8531
45,8532
12,8533
16,8533
27,8533
33,8535
55,8536
18,8537
37,8540
33,8541
4,8542
29,8542
44,8542
47,8542
3,8545
32,8546
26,8548
33,8548
34,8548
56,8548
60,8549
1,8549
8,8549
2,8551
39,8551
1,8552
15,8553
18,8553
33,8553
60,8554
1,8554
28,8555
2,8556
49,8556
2,8557
49,8557
33,8558
5,8559
56,8559
5,8564
11,8564
32,8564
10,8565
8,8567
45,8567
4,8568
13,8568
14,8568
31,8570
20,8571
49,8572
56,8572
18,8575
59,8575
9,8576
22,8576
42,8576
11,8577
49,8577
58,8577
49,8578
60,8580
8,8581
4,8583
22,8583
52,8584
53,8584
31,8585
27,8586
32,8586
42,8586
48,8586
58,8586
11,8587
52,8588
5,8589
17,8590
14,8591
33,8591
6,8592
7,8592
55,8592
53,8595
44,8596
17,8598
45,8598
29,8599
6,8600
28,8600
11,8603
53,8604
4,8605
40,8605
10,8606
37,8607
57,8608
23,8609
33,8609
51,8612
53,8613
58,8613
4,8615
7,8616
57,8617
49,8618
55,8618
19,8620
12,8621
54,8621
28,8625
34,8625
24,8627
12,8628
28,8630
38,8631
32,8633
46,8634
56,8634
4,8635
37,8635
21,8636
39,8638
57,8638
1,8640
1,8642
49,8642
19,8643
35,8643
38,8643
2,8644
10,8644
1,8645
17,8645
13,8646
19,8646
42,8646
2,8647
11,8647
34,8647
56,8647
12,8648
14,8648
11,8649
2,8650
9,8651
51,8651
5,8652
51,8652
56,8652
3,8653
60,8654
13,8654
23,8655
26,8656
35,8657
3,8658
5,8658
23,8658
31,8658
28,8660
37,8661
43,8664
50,8665
10,8666
56,8667
19,8668
41,8668
49,8668
26,8671
50,8671
17,8672
44,8672
33,8674
57,8674
5,8677
10,8677
26,8677
58,8678
1,8679
41,8679
43,8680
54,8680
1,8681
27,8681
38,8681
2,8682
16,8682
43,8683
46,8683
51,8684
1,8685
4,8685
2,8686
2,8687
46,8688
34,8689
4,8692
57,8694
59,8697
45,8698
25,8699
9,8700
32,8700
7,8703
16,8704
45,8705
6,8706
26,8706
7,8707
9,8708
55,8709
40,8710
50,8710
7,8711
32,8711
36,8711
40,8711
15,8714
34,8716
56,8716
13,8717
35,8718
57,8719
26,8720
46,8720
8,8721
10,8721
20,8723
24,8724
32,8726
42,8726
36,8727
6,8728
38,8729
18,8730
23,8730
25,8730
31,8730
47,8731
24,8732
52,8732
36,8733
56,8733
15,8734
19,8734
58,8734
18,8735
27,8735
26,8739
57,8739
53,8742
53,8746
54,8747
20,8748
33,8749
2,8750
22,8750
39,8750
32,8751
53,8752
36,8753
50,8754
21,8755
4,8756
36,8756
38,8756
1,8757
44,8757
1,8758
23,8758
24,8758
12,8759
52,8759
2,8760
5,8760
8,8760
1,8761
59,8761
2,8762
2,8763
59,8766
1,8767
19,8767
58,8767
2,8768
3,8768
20,8768
5,8769
26,8769
37,8769
16,8770
51,8770
1,8771
27,8771
59,8771
2,8773
1,8774
25,8774
2,8777
56,8778
38,8779
52,8779
53,8779
11,8781
9,8782
50,8782
18,8783
12,8784
21,8785
27,8785
37,8785
55,8786
9,8787
32,8787
31,8788
3,8789
21,8789
55,8789
58,8791
22,8792
7,8794
19,8795
19,8797
12,8798
51,8798
3,8800
23,8800
46,8800
12,8802
46,8803
56,8804
5,8805
9,8805
32,8805
8,8808
54,8809
35,8810
56,8813
45,8814
46,8814
57,8814
37,8815
37,8816
58,8816
15,8817
5,8818
14,8819
23,8823
43,8823
18,8825
50,8825
43,8826
15,8827
26,8827
27,8827
53,8827
17,8828
20,8828
34,8828
38,8829
45,8829
13,8830
15,8830
38,8830
50,8830
50,8831
12,8832
37,8832
45,8835
51,8835
21,8838
36,8838
6,8839
28,8839
50,8839
46,8840
56,8845
3,8847
50,8848
17,8850
6,8854
8,8854
1,8855
45,8855
1,8856
51,8857
2,8858
11,8858
48,8859
21,8860
2,8861
1,8862
2,8863
22,8863
58,8864
31,8865
21,8866
53,8866
55,8871
30,8872
15,8875
31,8875
31,8878
43,8878
21,8879
31,8879
36,8879
41,8879
48,8879
24,8880
24,8881
58,8881
24,8882
49,8883
6,8884
39,8886
4,8887
24,8887
38,8888
1,8889
7,8889
1,8890
11,8890
27,8890
42,8891
2,8892
54,8892
1,8893
18,8893
23,8893
2,8894
25,8894
39,8894
33,8895
60,8896
2,8896
36,8896
57,8898
29,8899
1,8900
47,8902
11,8903
47,8903
6,8904
47,8904
52,8904
6,8906
10,8907
41,8907
1,8909
45,8909
38,8910
39,8911
57,8911
28,8913
21,8914
24,8915
18,8916
26,8916
25,8917
3,8920
19,8920
53,8920
11,8921
37,8921
38,8921
55,8921
6,8922
38,8922
46,8922
21,8923
41,8923
38,8925
15,8927
25,8927
17,8929
47,8930
31,8931
34,8931
47,8931
56,8931
37,8933
40,8933
55,8933
6,8934
29,8934
5,8935
36,8935
32,8937
20,8938
25,8940
41,8940
47,8944
19,8945
44,8945
55,8945
47,8946
46,8950
13,8953
42,8953
10,8954
42,8955
55,8955
45,8956
11,8957
17,8957
25,8958
7,8960
55,8960
13,8962
57,8964
15,8965
38,8965
46,8965
4,8966
16,8966
23,8966
52,8970
19,8971
27,8971
40,8971
46,8971
11,8972
10,8973
23,8973
12,8974
56,8974
32,8975
43,8975
50,8975
59,8978
21,8979
26,8979
15,8980
36,8980
47,8980
24,8982
17,8983
16,8984
53,8984
6,8985
20,8985
40,8985
6,8986
7,8986
24,8986
56,8986
33,8987
45,8987
13,8988
17,8991
19,8991
15,8995
23,8995
18,8997
53,8997
14,8998
23,8998
7,9000
40,9004
46,9004
19,9006
25,9006
29,9006
49,9006
8,9009
52,9009
21,9011
50,9011
6,9012
55,9013
5,9014
4,9015
6,9016
11,9017
53,9017
35,9018
11,9021
16,9022
47,9022
28,9023
9,9024
12,9024
42,9024
6,9025
12,9025
6,9026
7,9026
40,9028
60,9029
17,9029
19,9030
37,9030
55,9031
58,9032
28,9034
40,9034
3,9035
18,9035
19,9037
4,9039
11,9041
43,9042
57,9042
45,9043
42,9044
21,9045
35,9045
37,9045
50,9045
8,9046
16,9046
23,9048
31,9048
33,9048
18,9049
41,9049
54,9049
18,9050
49,9050
59,9050
4,9052
6,9052
26,9052
41,9052
26,9053
58,9053
55,9054
38,9056
21,9057
37,9059
60,9060
8,9060
24,9062
33,9062
22,9063
53,9063
33,9064
52,9065
10,9067
43,9067
45,9067
55,9068
33,9069
33,9070
5,9071
23,9071
44,9073
10,9074
23,9076
9,9077
33,9077
45,9077
43,9078
41,9080
33,9082
6,9083
6,9084
35,9084
47,9084
1,9085
44,9085
45,9085
2,9086
6,9086
16,9086
1,9088
11,9088
15,9088
51,9088
2,9089
43,9089
55,9089
56,9089
16,9090
4,9091
20,9091
34,9091
1,9092
52,9092
54,9092
1,9093
23,9093
34,9093
2,9094
9,9096
14,9096
32,9096
60,9098
36,9098
34,9099
30,9100
3,9101
12,9102
14,9102
51,9103
6,9105
15,9105
31,9105
42,9105
15,9106
15,9107
30,9107
58,9107
10,9108
13,9108
58,9109
44,9110
59,9110
42,9114
45,9115
48,9115
37,9117
3,9119
23,9119
33,9119
44,9119
7,9122
35,9122
17,9123
47,9123
13,9125
53,9125
28,9126
31,9127
57,9127
3,9128
1,9129
34,9129
40,9129
45,9129
2,9130
13,9131
26,9131
28,9131
15,9132
56,9133
57,9133
37,9134
1,9135
56,9135
60,9136
2,9136
31,9137
16,9139
1,9140
24,9140
2,9141
24,9141
47,9141
59,9142
7,9145
40,9145
28,9146
35,9146
24,9148
53,9149
28,9151
42,9152
20,9153
26,9153
46,9153
32,9154
51,9155
20,9156
39,9156
12,9157
51,9159
12,9160
58,9160
11,9161
35,9162
2,9163
4,9163
44,9163
36,9164
46,9165
49,9165
36,9166
52,9166
9,9167
46,9169
57,9169
44,9170
8,9171
55,9172
31,9174
49,9177
51,9177
34,9178
11,9180
32,9180
22,9181
32,9181
51,9181
42,9182
15,9183
53,9183
39,9184
58,9184
35,9185
42,9186
33,9187
33,9188
42,9188
41,9189
52,9189
9,9191
28,9192
13,9196
28,9196
48,9196
58,9196
7,9197
51,9198
26,9199
54,9199
16,9202
44,9202
24,9205
28,9205
50,9205
19,9206
40,9206
30,9207
40,9207
33,9208
34,9208
22,9209
24,9212
36,9212
17,9213
55,9213
20,9214
12,9215
14,9218
47,9218
34,9219
11,9220
10,9221
50,9222
34,9224
19,9225
48,9225
12,9227
60,9228
13,9228
23,9228
36,9228
6,9229
19,9229
58,9229
46,9231
59,9231
60,9232
26,9232
29,9232
33,9232
57,9232
19,9233
29,9234
35,9234
51,9235
50,9236
54,9236
50,9237
18,9238
29,9238
38,9238
52,9238
11,9239
20,9241
21,9241
36,9241
6,9242
5,9243
10,9243
33,9244
23,9246
59,9247
12,9248
22,9248
20,9249
4,9251
8,9251
16,9251
35,9251
10,9252
29,9252
36,9253
46,9254
8,9255
10,9255
36,9255
52,9255
55,9255
18,9256
32,9256
24,9257
28,9258
17,9261
34,9261
50,9262
8,9263
58,9263
56,9264
29,9265
43,9266
21,9267
43,9270
26,9271
49,9272
51,9273
8,9274
29,9274
40,9275
43,9277
44,9277
35,9278
45,9278
6,9279
40,9279
33,9280
50,9280
9,9281
31,9281
8,9283
10,9283
52,9283
54,9284
8,9285
32,9285
39,9285
56,9285
23,9286
34,9286
25,9287
49,9287
52,9287
60,9289
3,9289
24,9290
36,9290
23,9291
49,9291
20,9293
60,9294
19,9294
46,9294
54,9295
15,9297
1,9298
1,9299
15,9299
2,9302
59,9302
1,9303
4,9303
28,9303
2,9304
11,9304
30,9305
2,9306
37,9306
46,9306
49,9307
47,9310
59,9310
27,9311
53,9312
6,9313
7,9313
44,9313
26,9314
59,9316
22,9317
38,9317
30,9323
31,9323
45,9323
43,9327
25,9328
15,9330
49,9330
12,9331
33,9332
44,9332
34,9333
19,9337
25,9337
56,9337
2,9338
18,9341
56,9341
14,9343
25,9343
14,9347
30,9347
54,9347
45,9348
59,9348
1,9350
1,9351
31,9351
24,9353
50,9353
26,9354
2,9356
28,9356
35,9356
51,9356
1,9357
29,9357
40,9358
2,9359
39,9360
31,9361
48,9361
3,9362
2,9363
18,9363
26,9363
4,9364
21,9365
16,9366
27,9366
6,9368
54,9368
30,9370
48,9370
1,9371
26,9371
2,9372
1,9373
59,9373
2,9374
56,9374
1,9375
2,9376
35,9376
36,9376
44,9378
42,9379
28,9381
30,9381
48,9382
28,9383
51,9383
3,9384
5,9384
35,9384
28,9386
49,9388
60,9389
45,9390
47,9390
48,9390
6,9391
16,9392
20,9392
14,9394
34,9394
49,9394
16,9395
39,9395
50,9396
53,9397
3,9398
48,9398
1,9399
8,9399
11,9399
27,9399
50,9400
49,9401
2,9402
44,9402
51,9402
1,9403
1,9405
20,9405
50,9405
2,9406
37,9406
4,9407
8,9407
11,9407
2,9408
14,9409
22,9410
41,9410
50,9410
40,9411
26,9412
33,9412
52,9413
45,9414
14,9417
20,9417
5,9418
40,9418
49,9418
47,9419
16,9420
27,9420
30,9420
28,9421
45,9421
50,9422
8,9423
23,9423
28,9424
56,9424
3,9426
6,9426
25,9426
26,9426
56,9427
48,9428
21,9429
22,9429
47,9429
58,9430
22,9433
15,9435
10,9436
23,9436
40,9436
5,9437
43,9437
13,9438
35,9439
49,9439
57,9439
7,9440
48,9440
49,9440
26,9441
33,9441
56,9441
37,9444
44,9444
7,9445
23,9446
6,9448
24,9449
35,9450
24,9452
25,9452
21,9453
23,9454
58,9455
1,9456
30,9457
10,9458
20,9461
40,9462
42,9462
26,9463
48,9463
30,9465
41,9466
33,9467
22,9468
52,9468
6,9469
59,9469
8,9470
52,9470
15,9471
17,9472
55,9472
43,9474
48,9474
13,9475
44,9475
10,9476
43,9476
48,9476
18,9477
52,9477
57,9477
29,9478
16,9479
56,9479
11,9480
10,9482
16,9482
31,9482
17,9483
55,9483
18,9484
19,9484
24,9485
35,9487
49,9487
58,9487
18,9488
14,9489
26,9489
34,9489
52,9489
60,9492
4,9492
14,9492
24,9492
31,9492
24,9493
29,9493
32,9493
15,9496
12,9499
4,9500
8,9501
40,9501
13,9502
57,9503
4,9504
32,9504
24,9505
45,9506
55,9506
58,9507
31,9508
15,9509
12,9510
49,9511
20,9513
16,9515
38,9516
43,9516
16,9517
15,9518
25,9519
30,9519
36,9520
11,9521
16,9521
17,9521
38,9522
35,9523
25,9524
34,9526
31,9527
45,9527
34,9528
41,9528
10,9529
12,9530
14,9530
28,9530
42,9530
29,9533
45,9533
54,9533
14,9534
35,9534
40,9535
10,9536
37,9537
57,9537
58,9538
12,9539
27,9539
18,9543
9,9544
18,9545
41,9545
40,9546
49,9546
56,9546
23,9548
21,9549
4,9550
40,9552
19,9553
35,9553
37,9553
8,9554
27,9554
13,9556
49,9556
4,9557
55,9557
17,9558
19,9558
23,9558
26,9558
16,9561
4,9562
9,9562
15,9562
29,9563
60,9566
7,9566
15,9567
35,9567
47,9567
23,9568
6,9569
15,9570
13,9573
58,9574
53,9575
55,9576
57,9576
10,9577
57,9577
47,9578
32,9579
59,9579
35,9580
37,9580
23,9583
15,9584
26,9584
34,9584
38,9584
44,9584
26,9585
39,9585
38,9586
43,9588
51,9589
57,9590
1,9591
2,9592
14,9592
1,9593
1,9594
52,9595
16,9596
9,9597
59,9597
2,9598
56,9598
26,9599
2,9600
34,9600
20,9601
21,9601
37,9602
38,9602
59,9603
33,9604
10,9605
50,9606
9,9608
7,9610
22,9611
49,9611
51,9611
56,9611
49,9612
5,9613
6,9613
49,9613
16,9614
26,9614
56,9616
39,9617
55,9617
50,9618
18,9619
39,9619
30,9620
60,9621
47,9621
56,9621
43,9622
31,9623
58,9623
20,9624
50,9626
41,9627
16,9628
60,9629
50,9629
13,9631
6,9633
23,9633
36,9633
22,9635
36,9635
49,9635
39,9636
56,9636
11,9637
29,9637
43,9638
8,9641
37,9641
19,9642
53,9642
2,9643
49,9643
14,9644
22,9645
23,9645
56,9645
11,9646
28,9646
30,9646
56,9646
39,9648
59,9648
21,9649
23,9651
37,9651
5,9652
10,9652
51,9652
45,9653
39,9654
44,9654
18,9656
54,9656
7,9657
6,9658
22,9658
31,9659
7,9661
42,9661
13,9662
16,9662
43,9662
45,9662
13,9663
40,9664
18,9665
39,9666
46,9667
29,9668
30,9668
45,9669
11,9670
13,9670
45,9670
41,9672
18,9673
36,9673
8,9674
22,9674
53,9674
20,9675
34,9675
13,9676
22,9676
26,9677
9,9678
60,9679
6,9679
17,9679
33,9679
32,9681
45,9681
40,9683
43,9683
26,9684
27,9686
45,9686
1,9687
14,9687
22,9687
25,9687
52,9687
43,9688
7,9689
10,9689
54,9690
26,9693
52,9695
20,9697
43,9698
46,9698
51,9698
21,9699
29,9699
50,9699
33,9700
30,9703
3,9704
17,9704
53,9705
49,9707
31,9708
42,9709
12,9710
22,9711
5,9712
49,9713
10,9715
34,9715
14,9717
47,9718
43,9719
60,9720
36,9720
4,9721
17,9721
29,9721
9,9723
15,9724
8,9725
5,9726
12,9726
27,9726
46,9726
60,9727
11,9727
27,9729
20,9731
40,9733
35,9735
11,9736
9,9739
37,9739
40,9739
26,9740
42,9741
17,9742
27,9742
51,9742
17,9743
46,9743
51,9746
23,9747
52,9750
60,9751
40,9751
54,9751
9,9753
33,9753
55,9753
54,9754
33,9757
60,9758
22,9758
12,9760
18,9760
21,9760
1,9761
10,9764
45,9764
51,9764
52,9764
60,9765
3,9766
50,9766
12,9767
44,9767
36,9768
13,9769
15,9769
31,9770
37,9772
56,9773
34,9776
55,9776
23,9777
55,9777
12,9778
44,9778
30,9779
47,9779
54,9779
22,9780
45,9780
45,9782
28,9783
48,9783
42,9784
60,9786
6,9786
12,9786
29,9787
57,9788
3,9789
47,9789
3,9790
10,9790
37,9792
59,9792
19,9794
22,9794
30,9794
27,9795
17,9796
39,9797
3,9800
52,9801
17,9805
20,9805
58,9805
1,9808
12,9808
8,9809
42,9809
44,9810
1,9811
47,9811
7,9812
5,9813
28,9813
30,9813
45,9813
2,9814
27,9814
57,9814
4,9815
37,9815
55,9815
35,9816
2,9817
44,9817
45,9817
60,9820
1,9820
41,9820
26,9821
46,9821
2,9822
53,9822
3,9823
14,9823
9,9824
31,9824
47,9824
51,9824
36,9825
58,9826
2,9827
22,9827
32,9828
43,9829
7,9830
23,9830
38,9831
19,9833
39,9834
56,9834
7,9836
18,9837
22,9837
32,9838
8,9839
53,9839
20,9840
21,9841
27,9841
48,9841
2,9842
38,9842
18,9843
8,9844
40,9846
54,9846
39,9848
33,9849
51,9849
43,9851
58,9851
42,9852
48,9852
35,9854
56,9854
20,9856
53,9856
13,9858
34,9858
36,9858
47,9858
9,9860
20,9860
57,9860
43,9861
29,9862
9,9863
55,9863
25,9864
52,9864
11,9865
26,9865
45,9865
4,9866
27,9866
11,9869
30,9869
16,9870
32,9870
27,9871
11,9872
44,9873
1,9874
12,9874
17,9874
46,9874
2,9876
7,9876
34,9877
52,9877
7,9878
15,9879
41,9879
42,9879
37,9880
55,9881
22,9882
52,9882
57,9886
11,9887
15,9887
46,9887
54,9887
30,9888
33,9888
41,9889
6,9890
26,9891
47,9891
49,9891
13,9893
50,9894
59,9894
31,9895
37,9895
42,9895
60,9897
3,9897
25,9897
60,9898
41,9898
44,9898
30,9900
48,9900
12,9901
32,9902
35,9903
5,9904
11,9905
23,9905
15,9906
6,9907
11,9907
22,9907
46,9907
55,9907
20,9908
28,9909
37,9909
43,9909
4,9911
16,9911
38,9911
13,9912
21,9912
33,9915
42,9915
55,9915
21,9916
9,9917
15,9918
49,9920
53,9921
60,9923
24,9923
58,9923
38,9925
60,9926
50,9926
52,9926
26,9927
44,9928
45,9928
37,9929
9,9930
1,9931
2,9932
27,9932
37,9932
44,9932
47,9932
1,9933
2,9934
1,9936
35,9936
2,9938
31,9938
37,9938
48,9938
60,9940
16,9940
38,9941
39,9941
21,9942
58,9942
5,9943
40,9943
19,9944
51,9944
12,9946
10,9947
38,9949
38,9950
29,9954
23,9956
4,9958
33,9958
41,9958
38,9959
23,9960
4,9963
12,9963
9,9964
33,9964
12,9966
26,9967
41,9967
12,9968
20,9968
39,9968
58,9968
30,9971
29,9972
37,9972
16,9974
21,9976
11,9977
22,9977
42,9978
56,9978
59,9980
37,9981
9,9982
33,9983
36,9984
15,9988
50,9988
54,9989
4,9991
34,9991
20,9992
49,9992
54,9993
57,9993
17,9994
46,9995
55,9995
12,9996
42,9996
14,9997
56,9997
6,9998
39,9998
21,9999
