34,2
3,8
33,8
4,9
32,9
5,10
43,10
13,11
4,12
5,13
3,14
32,15
49,15
10,19
7,23
38,23
42,23
40,24
46,25
39,26
17,27
17,33
10,42
23,42
18,46
18,47
1,48
1,49
36,49
2,50
1,52
20,52
43,52
29,53
44,53
9,54
2,55
17,55
50,57
2,57
9,57
26,57
10,60
34,64
25,67
18,68
25,68
9,69
11,69
19,74
10,77
18,77
45,81
20,83
21,83
10,84
22,85
3,86
27,86
31,86
9,91
18,94
23,94
41,97
15,98
3,100
18,100
5,103
4,104
5,109
42,110
1,111
3,111
13,111
2,112
4,112
18,112
1,114
38,115
38,116
46,117
15,119
41,119
1,120
2,121
2,123
49,123
3,127
48,128
5,130
4,131
5,134
46,134
4,135
38,135
3,136
11,138
12,142
44,142
41,143
12,146
18,146
30,146
22,148
34,148
34,150
7,151
48,152
17,153
31,158
1,160
1,163
2,165
35,165
1,166
2,167
2,169
34,169
22,172
20,177
30,177
32,178
34,179
1,180
24,180
7,181
2,183
26,183
29,183
32,183
1,185
2,186
23,186
7,189
11,189
1,191
29,191
2,193
22,195
43,197
13,198
46,198
3,200
47,200
4,202
20,202
4,203
5,204
5,205
3,206
16,207
42,215
1,218
48,218
2,220
48,220
1,221
2,222
36,222
1,223
2,225
15,225
26,226
26,230
2,233
7,233
29,235
6,239
30,240
44,240
19,242
38,242
44,242
18,243
8,245
11,246
24,248
42,249
42,250
22,253
15,254
20,267
48,267
11,269
24,271
33,273
31,277
14,281
29,285
18,288
33,289
8,292
40,298
16,299
44,299
24,303
2,304
31,307
6,310
34,310
37,310
43,310
27,311
25,312
48,312
43,313
16,318
20,318
22,318
24,323
50,325
30,328
23,329
32,332
8,334
48,337
14,340
35,340
26,342
9,345
33,345
28,346
10,347
17,347
34,347
40,352
27,358
23,359
18,362
31,362
37,364
31,365
9,366
3,368
5,373
11,374
4,375
4,376
13,376
3,379
5,380
29,383
34,384
50,387
16,391
42,391
49,391
37,392
15,393
44,393
31,397
1,402
42,402
1,403
2,404
33,405
15,409
28,409
1,411
44,411
2,412
7,412
41,412
2,413
21,413
3,417
5,419
4,421
27,422
3,425
37,425
35,426
5,427
39,427
4,429
43,430
39,431
40,432
31,433
13,435
3,436
7,436
9,436
4,437
24,439
47,440
5,444
5,445
3,447
4,448
21,450
37,454
43,454
49,457
43,459
3,461
25,461
31,464
4,465
20,465
3,466
7,466
4,467
29,467
8,469
5,470
5,471
3,472
4,473
37,475
20,476
5,477
3,478
13,478
5,479
29,480
4,481
19,484
3,485
33,485
5,488
25,488
4,489
28,489
4,490
3,491
5,492
15,492
10,495
1,497
13,497
10,498
1,500
33,500
2,501
38,501
16,502
34,502
50,504
2,504
34,504
1,505
50,506
2,506
15,508
24,508
3,512
4,514
6,514
4,515
5,517
5,519
24,519
3,521
35,522
3,523
47,523
49,523
4,525
13,525
46,527
5,529
16,530
30,530
1,533
4,533
1,534
5,534
2,535
3,537
1,538
22,538
2,539
14,539
26,539
46,539
8,540
21,540
2,542
13,544
7,545
33,546
3,554
42,557
50,561
5,561
39,562
4,565
11,565
25,565
25,568
26,568
4,569
3,573
29,575
5,576
10,576
21,576
30,577
3,578
17,578
35,578
35,579
16,580
25,582
6,583
11,583
47,584
46,587
48,587
18,588
19,588
31,588
47,589
1,591
2,592
1,594
25,594
1,595
18,595
10,597
7,598
2,600
2,601
22,608
8,609
24,611
32,612
37,612
36,613
46,618
19,619
27,619
1,620
1,621
17,621
40,623
2,624
41,625
1,627
25,628
2,630
29,630
2,632
9,633
11,633
14,634
18,639
20,639
49,641
29,643
3,644
4,645
3,646
5,647
32,648
4,652
6,652
5,655
31,657
18,659
35,659
6,678
3,680
8,680
21,680
3,681
5,682
35,682
5,683
50,684
4,684
46,684
4,686
3,687
6,694
15,698
30,706
1,708
43,708
33,711
2,712
1,715
47,716
9,719
1,720
45,720
2,721
22,722
2,723
31,723
39,724
14,727
40,729
5,732
3,734
4,736
9,736
24,736
5,737
19,738
3,739
12,739
21,739
4,740
1,743
46,743
5,744
11,744
28,744
50,745
39,745
2,746
1,747
31,747
39,747
2,750
47,750
1,752
2,753
7,755
23,755
22,758
29,758
9,761
21,762
41,762
35,765
44,767
1,769
2,771
30,771
1,774
1,775
26,775
41,776
34,777
2,778
42,779
35,780
46,780
28,781
2,783
17,786
3,787
5,789
24,789
35,789
31,790
1,791
30,791
1,792
4,793
4,795
42,796
2,797
1,798
47,798
3,799
23,799
2,800
25,800
33,800
2,801
5,801
49,802
25,803
35,803
19,804
26,806
27,806
32,807
13,809
42,814
10,815
43,815
36,816
30,817
31,817
11,818
26,819
35,819
9,821
46,821
20,827
33,830
36,831
45,831
29,833
39,833
44,835
3,837
5,838
1,839
4,839
1,840
5,840
10,841
42,841
4,842
2,843
2,845
11,846
50,847
1,847
3,847
2,848
20,848
12,850
19,850
21,851
12,855
44,857
2,859
48,859
23,861
44,862
1,864
9,867
43,867
39,869
11,872
50,873
5,874
23,874
33,875
15,877
42,881
10,883
18,884
21,886
35,886
32,888
13,889
10,892
32,894
37,900
34,902
43,903
27,904
3,905
20,905
5,906
13,906
5,907
31,907
41,907
4,908
16,908
4,909
25,909
3,911
43,912
46,922
47,924
26,928
43,930
26,931
3,932
35,932
4,934
20,934
45,936
47,939
3,942
4,943
49,943
23,944
46,944
5,946
5,947
27,951
9,955
36,957
39,957
28,960
50,961
44,963
26,964
46,972
3,973
50,979
8,979
17,979
43,980
41,983
9,987
15,987
15,988
18,988
36,988
1,989
24,989
1,991
27,991
47,993
50,994
2,994
6,994
48,995
2,997
1,999
2,1001
7,1002
48,1004
41,1007
8,1009
24,1011
21,1013
22,1014
13,1015
20,1019
22,1019
9,1022
42,1022
13,1026
16,1026
19,1026
41,1031
3,1032
15,1034
5,1035
30,1035
4,1036
14,1036
39,1036
4,1037
5,1039
8,1039
33,1039
12,1041
23,1043
3,1044
22,1044
44,1044
34,1047
15,1050
26,1051
7,1053
45,1060
18,1061
41,1061
48,1063
6,1065
38,1066
46,1072
45,1073
25,1077
14,1078
3,1084
42,1084
4,1085
5,1086
1,1087
3,1087
25,1087
33,1087
50,1088
4,1088
5,1089
2,1090
1,1091
2,1093
1,1098
2,1101
3,1101
9,1104
24,1106
35,1107
35,1109
23,1110
47,1111
4,1115
4,1117
31,1117
3,1120
5,1121
5,1122
25,1122
20,1127
46,1130
20,1133
46,1134
22,1137
1,1138
1,1139
2,1144
37,1144
2,1145
24,1145
1,1146
2,1148
17,1153
35,1157
1,1159
3,1159
38,1159
2,1160
1,1161
18,1161
31,1161
1,1162
4,1164
42,1164
2,1165
15,1166
49,1167
2,1168
5,1169
4,1170
5,1174
22,1176
31,1176
1,1177
1,1178
3,1178
2,1180
9,1180
45,1181
2,1182
1,1183
2,1184
37,1185
20,1186
1,1188
9,1188
20,1191
41,1191
1,1193
1,1194
3,1195
4,1197
2,1198
43,1198
4,1199
8,1199
18,1199
34,1200
5,1201
3,1202
2,1203
5,1203
6,1203
1,1204
26,1204
2,1208
41,1209
3,1214
4,1215
5,1216
21,1216
4,1217
48,1217
50,1218
5,1218
3,1219
18,1220
23,1221
11,1224
28,1225
27,1228
1,1229
7,1229
17,1229
1,1230
2,1233
41,1233
1,1235
2,1236
45,1236
21,1237
2,1238
13,1238
29,1239
50,1240
18,1240
42,1240
3,1242
4,1243
3,1246
44,1246
9,1247
24,1247
5,1249
4,1250
5,1253
41,1254
44,1258
23,1259
14,1260
3,1261
5,1262
1,1264
4,1264
11,1265
2,1266
1,1267
3,1267
1,1268
5,1268
15,1268
2,1270
2,1271
4,1271
13,1271
42,1271
32,1274
33,1274
20,1281
24,1282
48,1283
30,1284
10,1286
49,1287
11,1291
37,1294
31,1296
34,1296
27,1298
34,1299
6,1301
13,1301
27,1303
31,1303
29,1304
37,1305
38,1311
43,1311
45,1311
25,1312
26,1312
13,1315
23,1318
1,1319
28,1320
2,1321
1,1322
13,1322
39,1323
1,1325
2,1326
10,1326
2,1327
45,1327
30,1328
13,1329
17,1330
17,1331
24,1331
15,1337
22,1337
1,1340
50,1341
6,1341
48,1341
3,1342
5,1344
7,1344
2,1345
4,1345
1,1346
1,1347
2,1348
2,1349
3,1349
7,1350
29,1350
5,1354
45,1354
4,1355
1,1357
2,1358
1,1360
16,1360
2,1361
1,1362
34,1362
46,1362
14,1363
30,1363
2,1364
38,1368
3,1369
26,1371
4,1372
27,1372
44,1372
3,1373
5,1374
32,1374
10,1375
13,1375
40,1375
5,1376
11,1377
20,1377
23,1377
4,1378
1,1380
2,1381
1,1383
1,1384
24,1384
2,1385
2,1386
50,1387
41,1387
28,1389
1,1390
20,1391
26,1392
1,1393
12,1395
2,1397
1,1399
2,1401
2,1405
26,1408
12,1414
30,1415
1,1417
21,1417
43,1417
2,1418
1,1420
1,1424
2,1425
32,1425
35,1425
7,1427
2,1428
7,1428
10,1431
1,1432
1,1433
24,1434
2,1436
12,1436
38,1436
2,1438
37,1438
1,1439
13,1441
2,1442
29,1442
3,1444
4,1446
5,1447
5,1448
3,1449
19,1449
4,1450
50,1451
17,1452
45,1458
1,1459
29,1460
2,1461
32,1462
1,1463
1,1464
49,1464
1,1466
11,1466
8,1467
2,1469
2,1470
15,1473
35,1473
22,1474
28,1476
19,1478
6,1481
50,1487
50,1491
22,1491
46,1492
21,1495
8,1496
1,1501
1,1503
2,1504
37,1504
1,1505
2,1506
2,1507
29,1509
18,1510
11,1512
12,1520
21,1520
39,1521
3,1524
6,1524
4,1526
41,1529
3,1534
5,1535
12,1535
41,1535
45,1536
5,1537
4,1538
27,1538
35,1538
48,1539
38,1542
10,1544
13,1545
11,1547
15,1550
44,1550
12,1552
25,1555
28,1555
1,1557
25,1557
1,1559
10,1560
28,1562
6,1563
23,1563
50,1565
2,1565
10,1565
2,1566
10,1566
3,1568
27,1568
5,1570
1,1571
5,1571
2,1572
4,1572
20,1572
4,1574
21,1574
3,1575
9,1575
46,1575
49,1576
10,1581
46,1583
3,1591
4,1592
34,1592
3,1594
4,1595
5,1597
11,1598
19,1598
37,1598
43,1599
5,1601
13,1601
25,1602
29,1602
14,1606
19,1606
26,1606
1,1610
17,1611
1,1612
35,1612
2,1613
2,1614
18,1614
1,1615
12,1615
2,1616
8,1618
27,1619
47,1622
27,1626
3,1629
18,1629
4,1630
5,1631
23,1631
3,1634
1,1635
26,1635
1,1636
4,1637
5,1639
18,1639
2,1643
11,1643
16,1643
40,1643
42,1644
2,1645
1,1646
2,1647
19,1650
33,1651
21,1652
11,1656
13,1664
34,1664
3,1666
5,1667
5,1668
15,1668
44,1668
4,1669
3,1670
23,1670
4,1671
31,1671
16,1672
15,1674
34,1675
38,1675
3,1676
5,1678
5,1679
4,1680
3,1681
4,1684
11,1684
38,1687
45,1688
29,1690
47,1693
7,1695
3,1697
6,1697
4,1698
5,1699
29,1699
1,1700
5,1700
1,1702
4,1704
2,1707
7,1707
2,1708
3,1709
9,1709
22,1709
1,1711
2,1712
7,1715
17,1715
43,1717
49,1717
8,1718
12,1720
34,1720
44,1720
33,1723
17,1727
8,1728
22,1728
30,1731
29,1732
3,1734
4,1735
5,1736
5,1738
3,1742
4,1744
38,1747
22,1751
22,1753
19,1757
13,1762
6,1763
8,1764
40,1765
7,1767
26,1770
9,1773
7,1774
16,1774
6,1775
39,1777
30,1784
40,1784
31,1785
32,1785
20,1788
43,1790
8,1791
50,1793
31,1793
3,1794
4,1795
24,1797
5,1799
4,1800
5,1801
1,1804
49,1804
1,1805
8,1806
3,1807
2,1808
1,1812
9,1812
2,1814
3,1817
12,1818
2,1820
5,1820
20,1821
13,1822
4,1823
4,1826
8,1826
3,1827
5,1829
14,1829
33,1829
26,1837
36,1839
40,1842
40,1843
44,1843
42,1847
24,1848
45,1848
19,1849
31,1850
41,1850
17,1851
8,1857
39,1857
39,1858
40,1861
33,1863
9,1864
29,1864
23,1866
41,1866
30,1867
15,1879
20,1882
23,1882
43,1883
17,1885
26,1887
32,1887
30,1888
1,1893
40,1893
42,1893
1,1894
8,1894
2,1896
21,1896
15,1897
2,1898
16,1898
1,1899
10,1899
18,1899
6,1900
40,1901
44,1903
1,1904
2,1904
39,1904
5,1907
28,1907
27,1908
22,1909
6,1917
23,1917
49,1918
2,1923
7,1923
9,1923
45,1927
48,1930
27,1932
46,1932
24,1939
39,1942
7,1946
41,1946
19,1947
27,1947
36,1947
38,1947
43,1947
36,1948
20,1950
43,1950
3,1953
5,1954
42,1954
30,1956
44,1956
4,1957
28,1957
4,1959
3,1960
14,1960
33,1960
42,1961
49,1961
5,1963
45,1964
40,1965
13,1966
1,1973
1,1974
2,1976
2,1978
1,1979
1,1980
2,1980
3,1980
4,1981
3,1982
5,1983
5,1985
13,1985
24,1986
29,1987
4,1991
34,1991
7,1993
32,1995
3,2002
21,2002
38,2002
33,2003
5,2004
5,2005
6,2005
26,2006
4,2007
41,2008
4,2009
17,2009
3,2010
45,2011
50,2012
36,2013
12,2014
22,2017
14,2027
36,2029
41,2031
7,2034
30,2040
3,2041
21,2041
22,2041
12,2042
5,2043
4,2044
4,2046
5,2047
3,2048
9,2048
6,2054
12,2056
30,2057
33,2057
1,2060
17,2062
2,2064
1,2065
2,2066
23,2066
1,2067
2,2068
24,2068
35,2069
7,2070
15,2070
26,2072
10,2076
34,2076
21,2079
3,2082
45,2082
4,2083
5,2084
24,2085
4,2087
32,2087
41,2087
3,2089
5,2090
49,2092
14,2093
3,2094
34,2095
4,2096
14,2097
31,2097
5,2099
15,2099
48,2099
5,2100
13,2103
16,2103
26,2103
3,2104
4,2105
40,2105
15,2109
35,2113
35,2119
36,2119
24,2120
29,2125
48,2125
46,2127
3,2131
24,2131
38,2131
28,2132
25,2133
4,2135
42,2135
1,2136
28,2136
2,2138
3,2138
5,2140
5,2141
1,2143
4,2143
1,2144
2,2146
2,2147
15,2147
14,2150
16,2154
6,2155
44,2155
3,2160
22,2160
48,2160
50,2162
5,2162
4,2163
3,2164
4,2165
5,2167
14,2168
20,2170
23,2174
11,2175
42,2175
40,2178
28,2180
9,2182
34,2182
31,2183
37,2184
18,2186
17,2189
1,2190
14,2190
2,2191
48,2191
37,2192
1,2195
1,2196
2,2197
22,2201
2,2203
22,2206
42,2207
47,2209
6,2213
35,2213
36,2214
45,2215
1,2220
29,2220
2,2221
21,2221
1,2222
3,2223
19,2223
23,2223
2,2224
27,2224
1,2225
44,2225
5,2226
5,2227
2,2228
4,2228
7,2228
46,2228
4,2231
19,2232
3,2234
12,2238
15,2239
31,2240
45,2240
34,2242
21,2244
47,2244
50,2245
48,2251
33,2253
6,2256
45,2258
21,2260
24,2262
35,2262
6,2263
44,2263
12,2265
26,2270
44,2271
19,2274
33,2275
29,2278
39,2284
41,2284
34,2285
3,2290
35,2292
4,2293
21,2294
4,2295
5,2297
37,2297
3,2298
8,2301
7,2302
31,2302
35,2303
50,2304
10,2304
5,2305
1,2308
49,2308
16,2309
45,2309
1,2310
9,2310
2,2312
2,2313
1,2315
2,2316
14,2317
31,2320
32,2322
13,2323
41,2324
28,2325
5,2326
34,2326
3,2328
25,2329
24,2330
5,2340
33,2341
1,2342
40,2342
2,2343
17,2343
37,2344
1,2345
2,2346
1,2348
2,2349
38,2354
14,2357
7,2360
35,2361
1,2362
8,2362
1,2363
31,2363
2,2364
15,2364
1,2365
15,2365
23,2366
2,2367
2,2368
7,2368
3,2371
7,2371
4,2372
20,2372
5,2373
4,2376
5,2377
26,2377
3,2378
44,2379
19,2380
34,2380
1,2383
1,2386
18,2386
2,2387
11,2387
44,2387
1,2389
3,2389
42,2389
2,2390
4,2390
33,2390
2,2391
29,2391
5,2393
15,2394
5,2395
3,2397
4,2398
47,2400
45,2402
43,2404
12,2405
16,2406
50,2408
25,2408
12,2413
43,2413
50,2417
7,2417
31,2417
33,2417
22,2419
44,2419
28,2420
15,2424
36,2425
14,2426
30,2426
46,2429
21,2431
48,2434
15,2435
12,2436
11,2438
22,2440
27,2440
38,2444
12,2446
12,2449
37,2457
21,2461
22,2464
28,2466
17,2472
45,2474
1,2477
14,2477
2,2478
35,2478
39,2479
1,2480
45,2480
35,2483
1,2485
2,2487
6,2487
21,2487
34,2487
2,2488
6,2488
6,2491
11,2491
37,2491
27,2495
10,2496
24,2496
37,2497
3,2498
42,2498
1,2499
1,2500
2,2501
1,2502
4,2502
11,2502
2,2503
41,2503
2,2504
5,2505
23,2505
4,2506
8,2506
20,2506
3,2507
31,2507
2,2508
5,2508
6,2508
36,2512
50,2514
3,2517
28,2517
5,2520
4,2521
5,2522
23,2522
3,2525
50,2526
4,2531
45,2533
35,2534
1,2536
42,2536
45,2536
17,2538
2,2539
9,2539
1,2541
1,2543
3,2543
25,2543
32,2543
2,2544
4,2544
2,2545
49,2545
4,2546
8,2547
1,2548
1,2551
5,2551
3,2552
2,2553
5,2553
31,2553
1,2554
48,2555
2,2557
20,2558
2,2559
23,2562
11,2566
46,2567
27,2568
44,2568
50,2570
41,2572
3,2574
10,2574
4,2575
5,2576
5,2580
3,2581
4,2582
8,2589
18,2589
24,2590
32,2591
40,2592
12,2594
48,2594
3,2596
5,2597
17,2597
5,2599
4,2600
22,2600
3,2602
1,2603
42,2605
2,2606
1,2607
4,2608
37,2608
1,2610
2,2611
27,2614
2,2615
19,2615
27,2618
38,2620
27,2621
48,2621
48,2622
44,2627
17,2629
18,2629
1,2635
20,2635
25,2635
27,2636
31,2636
23,2637
1,2639
46,2639
16,2640
24,2641
27,2642
2,2643
3,2643
39,2643
2,2644
4,2644
17,2644
1,2645
32,2645
47,2646
2,2648
3,2648
5,2649
5,2650
32,2652
4,2653
20,2653
31,2654
38,2654
43,2655
26,2657
2,2663
15,2665
39,2665
20,2666
50,2667
49,2669
39,2672
39,2675
15,2678
8,2682
35,2688
25,2692
10,2694
28,2695
15,2696
3,2697
4,2698
6,2701
5,2702
12,2702
14,2702
32,2702
47,2702
10,2703
13,2703
4,2704
3,2705
33,2706
5,2707
2,2709
32,2712
16,2713
50,2717
44,2717
46,2717
12,2721
40,2721
18,2723
39,2723
32,2724
1,2725
2,2728
3,2728
1,2729
5,2729
1,2730
2,2731
4,2731
5,2732
9,2732
20,2732
2,2733
3,2733
4,2734
8,2736
7,2737
39,2738
32,2744
19,2745
29,2745
23,2748
1,2749
49,2750
2,2751
1,2754
3,2754
1,2755
5,2756
39,2757
24,2758
38,2758
2,2759
35,2759
2,2761
5,2761
29,2761
4,2762
19,2762
26,2762
29,2762
4,2763
3,2764
29,2768
4,2769
12,2769
31,2770
49,2773
31,2776
1,2780
46,2780
2,2781
16,2781
21,2781
1,2782
1,2783
2,2784
25,2784
46,2784
22,2785
2,2786
36,2786
11,2787
11,2791
28,2798
48,2798
42,2801
33,2803
41,2803
1,2810
2,2811
22,2811
1,2812
42,2813
2,2814
1,2816
47,2817
2,2819
3,2819
5,2821
5,2823
50,2824
1,2824
4,2824
27,2824
3,2826
36,2826
4,2830
22,2830
37,2830
1,2831
2,2833
1,2836
2,2837
4,2838
48,2838
25,2840
42,2840
46,2840
2,2841
43,2844
43,2848
2,2849
28,2849
44,2850
1,2851
2,2852
28,2852
28,2854
1,2855
1,2857
3,2857
2,2858
4,2858
5,2859
45,2859
2,2860
24,2860
3,2863
7,2863
43,2863
4,2864
9,2864
36,2864
1,2865
5,2865
29,2865
2,2866
1,2867
2,2869
24,2869
1,2870
2,2871
29,2872
15,2874
19,2875
47,2875
11,2877
39,2878
3,2879
5,2880
37,2880
1,2883
4,2883
10,2884
3,2886
5,2888
4,2890
30,2892
37,2892
19,2895
27,2895
31,2895
15,2897
1,2898
12,2898
14,2898
44,2898
1,2899
46,2902
2,2903
47,2903
1,2905
31,2906
37,2906
3,2907
2,2908
5,2908
12,2908
2,2910
5,2911
4,2912
15,2912
24,2912
3,2913
4,2914
12,2917
28,2925
8,2928
9,2928
41,2928
39,2933
45,2933
43,2934
16,2937
29,2937
41,2939
1,2941
2,2942
1,2943
1,2946
20,2946
33,2946
2,2947
2,2948
8,2948
34,2949
1,2950
2,2951
42,2952
1,2953
13,2955
1,2958
2,2959
40,2959
2,2961
22,2961
39,2966
44,2969
46,2972
41,2974
3,2978
8,2980
15,2984
4,2986
17,2987
5,2989
12,2990
15,2990
3,2991
5,2992
30,2994
4,2997
45,2997
13,2998
37,3001
48,3001
1,3002
10,3002
2,3003
1,3005
27,3005
5,3006
2,3008
22,3008
46,3009
1,3013
9,3013
2,3014
24,3016
23,3019
42,3019
24,3022
46,3028
49,3028
31,3034
1,3039
1,3040
2,3041
1,3043
7,3043
2,3044
2,3045
34,3046
17,3047
46,3051
14,3056
10,3058
13,3060
31,3060
40,3064
7,3065
13,3066
38,3068
49,3069
43,3072
48,3074
36,3076
41,3077
3,3079
10,3081
24,3082
11,3085
5,3086
42,3086
4,3087
6,3088
45,3088
4,3089
7,3089
5,3090
11,3090
12,3090
6,3091
14,3091
47,3092
3,3094
16,3094
20,3094
1,3095
44,3095
1,3098
26,3099
36,3100
2,3101
43,3102
10,3103
40,3104
1,3106
2,3109
29,3109
36,3109
2,3110
30,3110
24,3111
42,3111
36,3113
49,3115
43,3121
3,3123
40,3126
5,3127
11,3127
4,3128
3,3130
4,3131
5,3132
1,3133
22,3135
3,3137
3,3138
1,3139
4,3141
3,3143
1,3144
2,3145
5,3145
1,3146
4,3146
5,3147
2,3148
2,3150
23,3150
16,3151
38,3153
24,3157
26,3158
47,3158
44,3160
25,3165
3,3166
4,3167
50,3169
5,3169
3,3170
33,3170
16,3171
50,3172
4,3173
11,3173
49,3173
5,3174
27,3180
13,3181
28,3182
3,3184
10,3184
5,3185
4,3186
18,3186
30,3186
1,3188
48,3188
3,3189
1,3190
4,3191
18,3191
27,3191
5,3192
49,3193
45,3196
9,3198
10,3198
2,3199
10,3200
1,3201
2,3202
2,3203
1,3206
42,3206
2,3208
1,3209
2,3211
1,3212
2,3213
42,3216
19,3217
3,3219
44,3219
5,3220
28,3220
4,3221
1,3223
9,3223
44,3224
1,3226
10,3226
2,3227
4,3228
5,3230
3,3231
21,3232
24,3232
11,3234
44,3234
1,3235
50,3237
1,3237
2,3238
38,3239
2,3240
46,3241
46,3242
45,3247
3,3249
13,3249
11,3250
5,3252
4,3253
5,3257
10,3257
4,3258
3,3260
29,3260
42,3262
3,3264
4,3265
4,3266
5,3267
3,3268
44,3268
15,3270
19,3271
5,3273
6,3273
9,3275
17,3275
16,3276
21,3277
10,3284
3,3292
23,3292
17,3293
4,3294
38,3294
1,3295
3,3295
1,3296
4,3297
37,3297
2,3298
2,3299
5,3299
5,3300
1,3301
2,3302
34,3302
23,3303
8,3308
11,3309
12,3310
32,3311
41,3311
48,3314
7,3317
42,3318
43,3320
13,3321
47,3321
9,3322
34,3322
39,3324
41,3324
43,3325
18,3327
9,3329
1,3331
2,3332
2,3333
1,3334
2,3335
9,3337
18,3338
36,3340
44,3340
1,3344
41,3344
15,3345
32,3347
37,3347
2,3349
14,3354
29,3356
42,3356
6,3357
12,3357
48,3357
16,3358
19,3358
17,3363
34,3364
22,3368
30,3373
35,3382
1,3383
20,3384
48,3384
1,3385
2,3389
28,3389
1,3391
30,3391
2,3397
2,3398
3,3399
1,3400
1,3401
5,3401
23,3401
2,3405
21,3405
4,3406
5,3407
1,3408
39,3408
2,3409
4,3409
12,3409
2,3410
3,3410
23,3412
44,3413
16,3418
29,3421
1,3422
42,3422
50,3425
32,3426
26,3427
28,3428
9,3431
36,3432
14,3435
8,3439
23,3439
19,3443
47,3443
50,3445
11,3445
37,3446
28,3448
32,3450
6,3455
14,3456
28,3457
7,3459
15,3459
7,3461
23,3462
1,3463
2,3464
1,3465
22,3465
39,3465
41,3466
1,3468
2,3469
2,3470
6,3470
23,3470
40,3475
48,3477
37,3478
35,3479
29,3481
31,3482
22,3487
13,3491
33,3496
9,3497
23,3499
43,3501
3,3502
5,3504
4,3506
44,3506
4,3507
28,3507
32,3507
13,3510
44,3510
50,3511
3,3511
49,3511
1,3512
5,3512
26,3512
28,3512
34,3512
38,3512
2,3513
32,3514
43,3514
1,3515
9,3515
26,3515
1,3516
30,3519
2,3520
24,3522
2,3523
21,3523
30,3524
1,3525
12,3525
22,3526
37,3528
26,3529
10,3530
15,3530
48,3531
8,3537
34,3538
36,3538
2,3539
33,3539
13,3542
3,3543
8,3543
21,3544
36,3544
4,3545
29,3545
35,3547
5,3550
35,3550
43,3550
1,3552
2,3554
4,3554
1,3555
5,3555
2,3556
3,3556
27,3556
1,3557
29,3559
47,3559
2,3560
11,3561
41,3562
43,3562
32,3564
33,3566
39,3566
12,3567
6,3575
36,3575
3,3576
4,3578
5,3579
35,3579
5,3580
9,3580
18,3580
29,3580
4,3581
1,3582
3,3582
6,3584
6,3589
42,3590
10,3592
42,3594
6,3597
26,3598
9,3599
9,3602
43,3602
17,3604
12,3611
9,3617
11,3619
27,3625
35,3626
15,3627
40,3629
1,3631
37,3631
1,3632
28,3632
2,3635
9,3635
1,3636
2,3637
2,3638
2,3639
33,3639
7,3642
48,3646
44,3648
35,3652
47,3653
16,3660
42,3660
40,3663
10,3664
18,3664
13,3665
17,3665
25,3668
34,3668
47,3670
39,3672
30,3673
7,3676
20,3677
35,3677
22,3679
33,3679
50,3681
24,3682
12,3683
11,3684
6,3685
39,3689
14,3690
19,3690
46,3690
50,3692
1,3697
8,3698
3,3699
2,3700
4,3700
41,3701
1,3702
5,3703
8,3703
1,3704
2,3705
4,3705
36,3705
5,3707
3,3708
2,3709
3,3709
4,3710
10,3710
20,3710
3,3712
11,3713
5,3714
4,3715
28,3715
40,3716
19,3717
23,3718
5,3719
30,3720
11,3721
39,3726
32,3729
16,3730
33,3730
13,3736
30,3737
45,3740
3,3742
19,3742
4,3743
4,3744
5,3745
5,3746
3,3747
29,3748
44,3748
43,3749
1,3752
14,3752
41,3752
1,3753
42,3755
3,3758
50,3759
2,3760
2,3763
14,3763
4,3764
1,3765
3,3765
40,3766
4,3767
8,3767
5,3768
15,3769
2,3770
5,3770
44,3770
50,3771
32,3772
49,3773
13,3775
18,3776
49,3777
17,3779
42,3780
38,3782
32,3783
46,3785
49,3785
12,3787
32,3788
47,3788
22,3790
29,3792
33,3794
25,3796
15,3802
17,3802
17,3805
39,3805
36,3806
19,3808
35,3816
3,3818
12,3819
47,3819
11,3820
38,3820
7,3821
44,3824
8,3825
1,3829
1,3830
2,3831
3,3832
1,3833
5,3833
4,3834
2,3835
13,3835
29,3835
5,3836
2,3837
18,3837
3,3840
4,3842
24,3842
3,3844
50,3845
5,3846
34,3846
1,3847
18,3847
1,3848
4,3848
26,3848
5,3849
31,3849
30,3850
48,3850
4,3851
2,3852
3,3852
16,3853
23,3854
2,3856
1,3859
2,3863
30,3863
1,3866
20,3866
24,3868
1,3874
15,3874
2,3875
48,3875
1,3876
47,3876
43,3877
2,3878
1,3879
2,3880
8,3882
41,3884
26,3887
3,3890
50,3893
48,3895
50,3904
22,3904
25,3904
15,3905
44,3906
1,3910
35,3912
50,3913
21,3913
3,3914
43,3914
4,3915
1,3916
5,3916
2,3917
3,3917
25,3917
40,3917
1,3918
2,3919
4,3919
2,3920
5,3920
35,3920
10,3921
47,3922
17,3924
7,3925
3,3926
47,3927
4,3928
3,3929
17,3929
6,3930
5,3931
5,3934
9,3935
4,3936
13,3937
1,3938
3,3938
44,3938
4,3939
25,3939
4,3941
37,3941
46,3941
10,3942
31,3942
5,3943
6,3943
3,3944
5,3946
36,3946
1,3948
19,3948
2,3949
25,3949
36,3949
2,3950
1,3951
18,3951
24,3954
44,3954
2,3955
23,3957
49,3958
8,3961
13,3961
33,3961
6,3963
9,3963
13,3966
17,3968
40,3968
11,3970
47,3978
26,3979
45,3982
12,3985
24,3986
42,3986
1,3992
7,3993
2,3994
1,3995
1,3996
23,3997
2,3998
2,4002
29,4002
1,4003
2,4004
1,4005
2,4006
42,4007
46,4007
13,4009
1,4010
2,4011
49,4011
20,4012
47,4017
25,4021
36,4023
47,4023
17,4028
11,4029
1,4030
38,4031
46,4032
36,4033
13,4034
38,4036
44,4037
28,4038
46,4046
23,4047
35,4048
43,4050
15,4051
30,4051
1,4053
1,4054
39,4054
2,4055
1,4057
2,4059
2,4060
3,4062
22,4063
4,4064
23,4064
48,4065
4,4066
46,4067
5,4068
5,4069
6,4069
3,4070
23,4070
3,4071
4,4072
5,4075
28,4075
5,4078
20,4078
3,4080
4,4082
49,4082
15,4083
47,4083
40,4087
50,4088
30,4089
40,4095
20,4096
17,4099
8,4104
16,4105
20,4108
21,4108
7,4109
9,4110
17,4110
12,4111
38,4111
21,4112
41,4114
20,4116
30,4120
26,4124
49,4124
30,4125
15,4128
31,4128
36,4129
13,4131
50,4134
7,4136
1,4142
2,4145
1,4146
2,4147
1,4148
9,4148
2,4150
3,4150
5,4151
4,4152
23,4152
4,4153
5,4154
46,4154
3,4155
3,4157
10,4158
3,4159
4,4159
5,4160
33,4160
4,4161
5,4162
9,4164
3,4165
43,4166
3,4168
14,4168
19,4168
41,4170
42,4170
5,4172
44,4173
45,4173
4,4174
3,4175
44,4175
5,4177
4,4178
41,4178
12,4181
12,4184
16,4184
3,4190
11,4190
14,4190
35,4190
18,4191
4,4195
5,4197
21,4197
3,4198
4,4199
5,4201
10,4203
23,4203
27,4203
17,4208
48,4211
32,4215
29,4221
31,4223
6,4226
8,4230
45,4231
48,4233
3,4235
42,4236
1,4237
42,4237
50,4238
2,4238
5,4238
23,4238
4,4240
4,4241
13,4241
25,4241
47,4241
1,4244
5,4245
3,4246
32,4246
1,4247
14,4247
21,4247
2,4251
2,4252
26,4252
1,4254
45,4255
1,4256
28,4256
2,4257
17,4260
26,4260
15,4261
3,4262
2,4265
12,4266
12,4268
1,4269
2,4270
26,4276
12,4279
19,4279
3,4281
3,4284
5,4284
4,4285
22,4287
46,4287
3,4288
1,4289
39,4289
2,4290
5,4290
1,4291
4,4291
1,4292
17,4294
2,4296
8,4298
2,4299
3,4299
4,4300
35,4301
4,4303
33,4304
5,4305
20,4307
35,4307
32,4310
37,4310
5,4311
3,4312
4,4316
3,4318
18,4319
4,4322
29,4322
50,4323
5,4323
13,4323
3,4324
4,4325
5,4327
12,4330
30,4333
7,4335
16,4336
35,4336
45,4336
19,4337
16,4338
45,4339
29,4340
9,4342
20,4346
32,4351
27,4353
50,4354
1,4354
2,4355
3,4355
4,4356
1,4357
12,4357
49,4357
4,4358
18,4358
21,4358
2,4359
5,4359
45,4359
3,4360
15,4360
19,4360
1,4361
5,4361
19,4363
29,4363
2,4364
15,4365
18,4365
35,4365
1,4369
22,4369
2,4370
1,4373
3,4373
30,4373
1,4374
12,4374
2,4375
4,4375
2,4376
5,4376
3,4378
7,4379
37,4379
49,4379
4,4380
1,4381
21,4382
2,4383
5,4383
7,4384
19,4384
46,4384
3,4387
30,4387
1,4389
35,4389
5,4390
1,4391
5,4391
14,4392
2,4394
4,4395
2,4396
3,4396
4,4397
46,4400
38,4403
15,4404
28,4404
34,4404
3,4408
5,4409
44,4409
4,4411
6,4411
20,4411
28,4411
26,4412
3,4413
43,4413
49,4413
5,4414
19,4414
4,4415
13,4415
28,4415
30,4415
43,4416
31,4418
46,4425
50,4426
15,4429
50,4434
11,4436
7,4437
17,4443
3,4445
29,4445
45,4445
5,4446
4,4447
7,4447
3,4449
33,4450
36,4451
43,4451
5,4452
4,4454
1,4456
5,4456
27,4456
46,4464
4,4465
12,4465
33,4465
28,4466
46,4467
46,4470
3,4471
33,4471
43,4471
4,4472
3,4473
8,4474
5,4477
5,4478
4,4479
1,4484
3,4484
19,4484
4,4485
23,4486
3,4487
13,4487
27,4487
2,4488
46,4488
1,4489
5,4489
36,4490
4,4491
31,4491
2,4492
10,4492
37,4492
1,4493
5,4493
12,4493
2,4495
24,4497
24,4498
36,4500
38,4509
14,4511
12,4513
13,4520
11,4523
25,4524
46,4525
21,4531
33,4533
27,4534
40,4535
14,4536
23,4536
50,4537
26,4540
47,4550
3,4555
12,4555
4,4556
5,4557
1,4559
2,4561
8,4561
5,4562
31,4562
4,4563
48,4563
1,4564
31,4564
36,4564
1,4565
3,4565
2,4566
2,4567
24,4567
9,4569
20,4569
25,4569
34,4569
36,4572
6,4573
14,4573
50,4576
35,4576
47,4584
25,4586
31,4586
27,4587
31,4590
44,4591
40,4592
21,4594
38,4594
25,4596
27,4597
30,4597
37,4598
30,4601
14,4605
19,4607
26,4607
5,4609
11,4609
12,4611
32,4612
19,4618
13,4619
46,4620
18,4624
49,4629
16,4634
49,4636
50,4637
3,4648
4,4650
9,4650
3,4651
4,4652
5,4654
44,4654
5,4656
28,4656
10,4660
29,4662
18,4667
25,4667
33,4667
21,4669
3,4672
4,4674
5,4675
5,4676
12,4676
21,4676
40,4676
4,4680
3,4681
32,4685
32,4689
11,4690
29,4691
17,4692
19,4692
39,4693
14,4697
48,4698
48,4699
41,4701
11,4703
40,4704
24,4707
1,4711
2,4712
1,4713
38,4714
1,4715
2,4719
2,4720
21,4721
29,4722
26,4726
24,4727
32,4727
45,4731
24,4733
25,4734
39,4735
3,4740
4,4741
31,4741
5,4742
30,4742
32,4742
4,4743
5,4744
3,4745
3,4747
6,4749
4,4751
3,4752
4,4752
28,4753
4,4754
22,4754
5,4756
17,4756
5,4759
9,4760
1,4761
13,4761
3,4762
41,4763
1,4764
7,4764
2,4765
41,4765
1,4773
2,4775
3,4775
1,4777
2,4778
7,4780
5,4781
7,4781
5,4782
4,4786
4,4787
3,4788
13,4792
3,4795
50,4796
26,4797
18,4798
1,4800
1,4801
17,4801
30,4801
2,4803
1,4804
24,4806
2,4807
2,4810
28,4810
41,4810
42,4811
6,4814
40,4817
16,4820
41,4826
22,4828
35,4828
21,4829
31,4830
36,4830
25,4831
25,4835
37,4838
43,4839
36,4840
18,4841
20,4843
29,4844
43,4845
5,4847
37,4847
30,4848
47,4848
17,4849
36,4854
21,4859
36,4860
38,4860
48,4860
1,4862
1,4863
16,4863
2,4866
2,4867
30,4867
1,4868
45,4868
2,4871
1,4872
12,4872
33,4872
42,4872
2,4873
1,4874
28,4874
2,4876
17,4876
1,4878
50,4879
2,4879
47,4879
8,4881
24,4883
1,4884
30,4884
1,4885
2,4887
1,4888
2,4890
12,4890
2,4891
18,4891
38,4891
40,4892
40,4893
1,4894
2,4896
36,4896
1,4897
44,4897
1,4898
22,4898
2,4899
2,4901
44,4905
15,4907
10,4908
34,4914
18,4916
23,4916
36,4916
11,4921
25,4923
39,4925
20,4926
41,4926
3,4928
5,4929
38,4929
5,4930
4,4931
3,4933
26,4934
40,4936
34,4937
4,4938
7,4941
25,4943
40,4946
43,4951
38,4954
9,4955
6,4961
6,4963
42,4963
3,4965
5,4966
5,4967
4,4968
3,4971
11,4971
22,4971
4,4972
50,4976
16,4977
19,4977
30,4979
32,4979
21,4980
3,4981
44,4981
4,4982
3,4983
12,4983
38,4983
5,4984
49,4984
5,4985
24,4985
4,4987
3,4990
7,4990
18,4990
4,4991
17,4991
4,4992
11,4992
24,4992
47,4992
5,4993
45,4993
49,4993
23,4994
11,4998
3,5000
29,5000
5,5001
30,5006
20,5007
21,5007
38,5007
37,5008
50,5009
21,5010
25,5012
6,5014
36,5014
31,5023
13,5024
29,5024
39,5026
1,5035
22,5035
2,5037
1,5038
2,5039
29,5040
37,5042
1,5043
2,5044
13,5051
43,5052
25,5053
27,5054
46,5054
18,5055
26,5055
10,5056
35,5060
42,5062
1,5064
32,5064
36,5066
2,5067
1,5071
1,5072
19,5072
2,5074
33,5074
49,5074
2,5076
36,5076
45,5077
26,5079
48,5082
1,5085
1,5087
11,5087
2,5088
18,5088
1,5089
35,5089
3,5090
4,5091
35,5091
47,5092
3,5097
33,5097
2,5098
14,5099
30,5103
4,5104
2,5105
46,5106
5,5110
5,5112
10,5116
26,5119
50,5122
12,5122
17,5123
28,5124
47,5125
17,5126
48,5129
26,5130
44,5130
1,5131
33,5131
50,5132
1,5132
2,5133
2,5135
29,5135
31,5135
1,5136
2,5139
1,5140
1,5143
2,5144
3,5144
35,5144
1,5145
2,5146
5,5146
2,5148
22,5149
4,5150
3,5151
5,5152
36,5152
4,5153
42,5153
48,5154
17,5158
42,5158
36,5162
12,5165
24,5166
44,5167
30,5172
23,5174
41,5176
1,5178
1,5180
48,5180
2,5181
2,5182
26,5182
1,5183
2,5184
18,5186
8,5191
15,5194
23,5196
34,5199
3,5201
21,5204
5,5205
14,5205
4,5206
5,5207
31,5207
4,5208
3,5209
11,5209
27,5211
23,5213
33,5213
10,5216
49,5218
20,5221
24,5221
43,5221
19,5226
43,5226
34,5231
46,5231
50,5235
45,5236
25,5237
36,5244
43,5244
21,5247
36,5249
21,5253
43,5253
26,5254
29,5254
48,5254
18,5257
39,5258
24,5263
30,5267
44,5269
9,5274
3,5275
35,5276
6,5280
26,5284
10,5285
34,5286
26,5290
20,5292
12,5293
18,5297
5,5300
7,5302
25,5302
23,5304
3,5305
4,5306
43,5306
5,5307
5,5308
3,5309
43,5309
4,5310
21,5313
40,5313
28,5314
15,5315
36,5316
9,5317
42,5321
42,5323
32,5324
3,5325
1,5327
1,5328
4,5328
2,5329
5,5329
2,5330
4,5330
13,5330
15,5330
3,5331
5,5332
24,5332
40,5333
36,5334
43,5334
1,5335
35,5335
2,5336
36,5338
8,5339
40,5342
3,5344
5,5344
33,5344
5,5345
4,5346
4,5347
48,5347
3,5348
7,5348
5,5350
24,5353
49,5355
21,5359
18,5360
38,5362
1,5365
6,5365
1,5366
11,5366
2,5367
1,5368
26,5369
2,5370
29,5370
34,5370
26,5372
2,5373
38,5374
12,5375
17,5377
50,5379
30,5381
30,5385
41,5385
25,5392
25,5393
40,5393
17,5395
1,5399
30,5402
13,5403
19,5403
10,5404
2,5405
1,5407
2,5409
42,5409
1,5410
8,5411
50,5413
2,5413
31,5413
14,5414
48,5417
24,5418
37,5419
35,5420
36,5422
40,5422
32,5426
17,5427
26,5428
34,5429
50,5430
3,5434
5,5435
4,5436
1,5437
3,5437
24,5437
4,5438
22,5438
41,5439
5,5440
3,5443
4,5444
3,5445
4,5449
29,5449
1,5451
5,5452
5,5453
2,5454
16,5454
23,5454
30,5454
1,5455
49,5455
1,5456
10,5457
39,5458
2,5460
18,5460
36,5460
2,5462
11,5468
37,5468
48,5468
24,5470
44,5470
8,5473
34,5473
26,5474
43,5475
1,5476
2,5477
1,5478
1,5483
42,5483
49,5483
2,5484
20,5484
6,5485
3,5487
10,5487
46,5487
2,5488
4,5489
9,5490
18,5491
39,5491
4,5493
3,5494
5,5495
9,5495
41,5495
5,5497
31,5499
13,5500
34,5500
3,5501
40,5501
26,5502
25,5504
4,5506
4,5509
17,5509
3,5510
40,5510
5,5512
11,5512
22,5512
5,5516
12,5516
36,5516
41,5516
32,5517
24,5518
31,5525
1,5527
1,5528
2,5531
19,5532
2,5541
19,5542
42,5542
1,5543
2,5544
27,5544
23,5545
32,5547
11,5548
10,5550
3,5552
31,5552
4,5556
5,5560
5,5561
18,5561
36,5561
32,5563
4,5564
48,5564
3,5565
1,5566
49,5567
26,5570
30,5572
4,5575
41,5575
12,5577
13,5584
47,5584
47,5585
20,5592
27,5592
3,5593
4,5594
12,5594
5,5595
18,5595
4,5597
41,5597
5,5599
15,5599
3,5600
3,5601
4,5602
12,5602
5,5603
11,5604
1,5606
3,5606
2,5607
4,5607
1,5608
5,5608
32,5608
33,5609
1,5610
4,5610
32,5610
2,5611
32,5612
2,5613
1,5614
2,5615
1,5616
15,5617
2,5618
21,5619
31,5622
1,5623
2,5624
26,5629
49,5630
23,5631
49,5633
49,5636
19,5637
6,5640
19,5640
41,5640
46,5642
27,5643
20,5647
21,5647
14,5648
40,5652
31,5655
23,5658
14,5662
18,5662
47,5662
15,5664
24,5664
1,5665
2,5667
1,5669
2,5673
19,5673
42,5673
43,5673
1,5675
16,5675
28,5675
2,5676
26,5676
3,5685
4,5687
26,5687
33,5688
48,5688
19,5689
21,5689
3,5690
24,5692
25,5695
4,5696
5,5697
30,5698
14,5699
5,5700
10,5700
19,5702
29,5702
25,5706
3,5708
33,5710
5,5711
24,5711
39,5711
21,5714
17,5715
5,5716
8,5716
11,5716
4,5717
3,5718
32,5718
4,5719
45,5720
40,5721
49,5721
14,5722
49,5728
12,5729
19,5735
39,5735
3,5736
4,5738
30,5738
5,5739
3,5740
34,5740
42,5740
1,5741
10,5741
44,5741
1,5742
5,5742
2,5743
3,5743
4,5743
1,5744
2,5745
26,5745
46,5745
2,5746
36,5746
5,5747
9,5750
23,5752
3,5754
35,5756
46,5756
5,5757
20,5757
5,5759
6,5760
4,5761
5,5762
3,5764
16,5764
4,5765
36,5765
1,5767
42,5767
46,5767
42,5769
19,5770
17,5773
1,5776
2,5777
2,5779
1,5781
2,5782
3,5782
38,5782
1,5791
4,5791
35,5791
2,5792
4,5792
44,5792
1,5793
2,5794
3,5795
1,5796
5,5796
2,5797
41,5797
5,5798
14,5812
32,5812
18,5814
12,5815
19,5820
14,5821
18,5821
46,5822
23,5827
3,5828
4,5829
5,5832
44,5832
5,5833
3,5834
23,5834
4,5835
1,5838
35,5839
14,5842
30,5844
42,5844
24,5845
26,5845
21,5846
19,5848
32,5852
12,5853
11,5856
17,5856
26,5856
40,5856
9,5859
6,5860
38,5867
9,5870
15,5872
19,5872
36,5873
1,5875
17,5875
29,5875
47,5875
1,5876
20,5876
2,5880
2,5881
26,5881
1,5882
18,5882
2,5884
21,5887
32,5890
17,5891
29,5892
43,5892
50,5895
50,5897
3,5899
49,5899
45,5900
48,5900
4,5901
5,5902
4,5903
22,5903
5,5904
3,5905
25,5906
31,5906
13,5909
12,5915
29,5915
23,5919
40,5919
29,5921
10,5922
30,5925
7,5926
3,5927
5,5928
5,5929
12,5929
40,5929
4,5930
4,5931
12,5931
3,5934
45,5935
30,5936
11,5937
30,5939
22,5940
37,5943
47,5944
28,5945
33,5945
17,5950
39,5955
49,5957
39,5960
30,5961
23,5962
34,5964
38,5968
38,5970
41,5970
10,5972
35,5976
21,5978
35,5979
1,5980
2,5981
1,5982
1,5983
2,5986
43,5986
19,5988
35,5988
2,5991
42,5993
48,5995
32,5997
13,5999
21,6002
28,6002
3,6003
5,6004
14,6004
4,6005
36,6005
4,6007
3,6008
34,6008
5,6009
25,6009
23,6010
24,6010
1,6013
29,6020
35,6020
3,6023
4,6024
5,6025
50,6026
47,6026
8,6028
37,6029
1,6030
3,6030
24,6030
1,6031
4,6032
2,6033
5,6033
2,6034
1,6035
30,6036
2,6037
23,6037
42,6038
41,6047
38,6049
21,6053
24,6053
9,6055
42,6055
8,6057
25,6059
14,6061
45,6061
6,6074
12,6074
35,6074
7,6075
28,6076
35,6078
6,6079
37,6087
15,6093
48,6093
6,6100
13,6102
1,6103
2,6104
1,6105
2,6106
3,6106
42,6106
1,6107
4,6108
2,6109
4,6109
13,6109
3,6111
36,6111
5,6112
39,6112
19,6113
5,6114
42,6122
16,6123
24,6123
24,6127
15,6129
45,6129
3,6134
5,6135
18,6136
5,6137
4,6138
1,6140
4,6140
3,6141
1,6142
2,6143
35,6146
1,6148
12,6149
2,6150
2,6151
9,6152
44,6153
6,6154
23,6155
33,6158
12,6161
18,6162
16,6165
27,6165
35,6165
3,6166
22,6166
5,6167
13,6168
25,6168
39,6168
41,6168
15,6170
24,6170
5,6171
4,6172
3,6174
16,6174
21,6174
4,6175
1,6178
34,6178
8,6181
17,6181
1,6184
25,6184
2,6185
20,6186
42,6187
2,6188
40,6189
38,6190
49,6191
1,6192
12,6192
14,6192
12,6193
17,6194
2,6195
34,6196
3,6197
22,6197
10,6198
36,6199
29,6201
38,6201
13,6205
35,6209
33,6213
26,6214
30,6216
7,6220
36,6224
32,6232
7,6234
48,6242
17,6243
20,6244
1,6245
44,6245
38,6247
48,6247
50,6250
8,6250
22,6250
2,6252
1,6254
2,6255
21,6255
1,6256
2,6257
12,6259
42,6259
48,6266
1,6267
20,6267
36,6267
2,6268
1,6269
2,6270
17,6270
1,6271
16,6271
21,6272
2,6273
29,6274
6,6278
20,6278
1,6279
24,6280
28,6280
43,6283
2,6284
34,6284
12,6285
1,6291
2,6293
2,6294
1,6296
24,6297
2,6298
14,6299
12,6302
21,6306
32,6306
11,6308
48,6308
30,6310
7,6323
12,6326
35,6326
3,6327
12,6327
5,6328
21,6328
4,6329
4,6330
15,6330
30,6330
3,6331
15,6331
37,6331
5,6332
1,6334
12,6334
11,6335
1,6338
15,6338
37,6338
2,6339
2,6340
43,6340
1,6342
49,6342
10,6343
17,6344
2,6345
8,6346
38,6349
6,6351
47,6352
44,6354
34,6355
48,6355
12,6358
48,6358
1,6360
19,6361
2,6362
1,6363
19,6363
40,6364
1,6365
2,6366
2,6367
20,6367
38,6370
3,6372
6,6372
5,6374
27,6379
48,6379
37,6381
1,6382
4,6382
5,6383
1,6384
2,6385
7,6385
21,6385
1,6386
3,6386
22,6386
4,6387
3,6388
42,6388
4,6389
23,6389
5,6390
14,6390
5,6391
37,6391
3,6392
4,6393
2,6394
49,6394
2,6395
11,6395
14,6398
47,6406
27,6408
1,6411
30,6418
3,6420
25,6422
4,6423
4,6424
1,6425
5,6427
19,6427
31,6427
2,6428
3,6428
30,6428
5,6429
1,6430
1,6431
2,6432
2,6433
1,6435
2,6436
1,6437
12,6437
49,6437
2,6438
1,6439
34,6439
44,6439
2,6441
31,6441
23,6446
7,6447
32,6448
15,6449
31,6450
1,6452
1,6453
44,6453
2,6454
2,6456
1,6457
2,6459
16,6460
44,6460
36,6469
39,6470
15,6471
6,6474
27,6479
34,6480
36,6482
39,6482
2,6483
39,6485
21,6487
3,6490
4,6491
12,6493
32,6493
3,6494
1,6495
1,6496
5,6496
21,6496
2,6497
34,6497
48,6497
1,6498
2,6499
4,6499
49,6499
5,6500
2,6503
12,6504
30,6506
37,6506
20,6508
9,6510
30,6510
3,6515
24,6515
5,6516
27,6517
4,6519
1,6520
5,6520
2,6521
3,6521
1,6522
1,6523
4,6523
14,6523
2,6524
2,6526
20,6527
42,6527
27,6528
40,6528
42,6528
44,6529
33,6533
6,6534
34,6534
35,6536
1,6537
1,6538
2,6539
2,6542
26,6542
1,6543
2,6544
23,6544
22,6545
9,6548
17,6550
46,6551
3,6552
19,6554
20,6555
21,6556
22,6562
7,6565
22,6565
33,6565
47,6565
19,6568
21,6571
45,6571
28,6572
46,6581
43,6582
3,6585
4,6588
5,6591
3,6592
39,6593
5,6594
24,6594
32,6594
4,6595
34,6596
1,6598
40,6599
46,6599
3,6600
18,6600
33,6600
21,6602
4,6603
20,6603
5,6604
3,6605
10,6605
5,6606
4,6607
19,6614
28,6616
39,6618
34,6621
42,6623
35,6629
42,6630
19,6631
39,6631
29,6634
21,6638
34,6638
41,6640
11,6642
10,6644
39,6644
35,6648
8,6652
29,6652
20,6656
31,6656
15,6659
28,6662
1,6666
2,6669
1,6670
22,6670
2,6672
38,6672
29,6673
1,6675
17,6675
15,6676
2,6677
34,6678
23,6680
34,6680
48,6680
36,6681
21,6682
39,6682
21,6684
28,6689
3,6691
4,6692
40,6692
5,6693
3,6694
5,6695
13,6696
4,6697
12,6699
23,6699
3,6700
15,6702
5,6703
4,6704
49,6707
15,6708
4,6709
45,6709
19,6710
32,6710
1,6713
1,6714
3,6714
16,6714
5,6716
36,6717
2,6719
2,6721
40,6721
1,6724
2,6725
8,6726
27,6727
3,6728
5,6729
4,6730
3,6731
5,6732
50,6733
4,6733
8,6734
44,6734
16,6736
31,6736
5,6739
7,6739
11,6740
26,6745
49,6745
26,6747
6,6748
25,6749
28,6750
7,6751
38,6754
21,6756
1,6760
36,6760
2,6761
37,6761
1,6762
31,6763
43,6763
1,6765
2,6767
47,6767
48,6767
46,6768
18,6769
46,6769
47,6769
2,6771
14,6773
48,6774
42,6775
11,6776
12,6778
3,6781
48,6782
5,6783
14,6788
4,6789
32,6789
3,6790
4,6791
5,6793
42,6795
6,6796
27,6796
32,6796
30,6800
11,6805
18,6805
3,6808
41,6808
16,6809
4,6810
3,6812
5,6813
23,6813
31,6813
32,6814
4,6816
32,6817
5,6818
24,6818
39,6819
44,6819
30,6821
49,6821
5,6823
7,6823
45,6824
1,6825
1,6827
48,6827
2,6828
37,6829
14,6830
26,6830
1,6831
36,6831
2,6832
23,6832
24,6832
2,6834
13,6835
8,6837
50,6838
43,6838
41,6841
16,6844
8,6845
20,6845
34,6845
6,6846
29,6855
15,6857
3,6860
5,6861
4,6862
27,6863
4,6864
5,6865
40,6866
3,6868
17,6870
37,6870
47,6872
42,6873
12,6874
28,6875
1,6878
13,6878
1,6880
40,6880
2,6881
17,6881
41,6881
2,6882
6,6882
6,6883
1,6885
12,6887
38,6889
2,6890
46,6890
40,6891
8,6892
11,6893
32,6894
20,6895
16,6896
9,6898
27,6898
10,6900
26,6901
34,6903
48,6904
9,6905
14,6906
21,6906
41,6906
9,6908
17,6908
30,6909
12,6911
38,6915
34,6916
26,6922
34,6924
23,6929
20,6934
33,6936
6,6937
6,6943
43,6949
28,6952
17,6956
48,6957
15,6958
29,6958
31,6959
40,6960
25,6961
23,6963
1,6964
13,6964
31,6964
2,6967
1,6968
1,6969
43,6970
44,6970
2,6972
2,6973
27,6976
13,6977
28,6977
25,6982
47,6983
3,6987
25,6990
4,6991
7,6992
5,6993
4,6996
25,6998
47,6999
11,7002
3,7003
5,7006
23,7007
27,7007
21,7009
19,7011
50,7016
3,7017
15,7017
5,7018
5,7021
14,7021
47,7022
12,7024
36,7025
30,7026
4,7027
39,7031
50,7032
3,7032
4,7036
17,7037
50,7038
1,7038
1,7040
12,7040
2,7041
30,7041
1,7042
2,7043
27,7043
26,7044
11,7045
2,7046
46,7046
47,7046
15,7047
29,7047
9,7051
9,7052
49,7052
1,7056
2,7059
17,7059
1,7060
41,7060
2,7062
1,7064
36,7064
9,7065
2,7067
20,7069
50,7073
3,7073
4,7074
21,7074
3,7075
5,7076
5,7078
4,7079
21,7079
3,7081
5,7083
28,7083
4,7084
21,7084
5,7085
39,7086
4,7089
3,7092
30,7092
7,7093
25,7102
39,7105
41,7106
12,7107
10,7108
24,7111
1,7113
3,7114
19,7114
1,7117
13,7117
28,7117
2,7118
1,7119
2,7120
41,7120
2,7121
36,7123
1,7129
1,7131
2,7132
1,7133
18,7133
2,7135
2,7136
23,7140
22,7152
34,7153
46,7155
20,7161
41,7162
9,7168
1,7172
4,7172
1,7173
2,7174
46,7174
28,7175
2,7177
1,7178
2,7179
9,7179
44,7179
50,7180
3,7185
49,7185
4,7186
3,7187
50,7188
5,7190
4,7191
42,7191
44,7192
5,7193
9,7194
43,7195
39,7202
35,7203
37,7204
1,7205
2,7207
15,7207
1,7208
3,7208
2,7210
1,7211
5,7211
16,7211
2,7212
4,7212
31,7212
3,7213
30,7213
50,7214
4,7214
35,7214
5,7216
23,7219
48,7223
29,7226
41,7228
49,7230
1,7231
10,7231
8,7232
13,7232
33,7232
40,7232
2,7233
11,7233
46,7234
12,7235
13,7235
23,7236
1,7237
6,7237
1,7238
14,7238
2,7240
12,7240
2,7241
35,7245
19,7253
1,7256
49,7256
1,7258
2,7259
13,7259
19,7259
36,7259
2,7261
27,7261
44,7261
1,7262
9,7262
2,7264
3,7266
37,7266
5,7267
42,7268
4,7269
9,7269
3,7270
4,7271
5,7272
33,7275
3,7278
11,7278
12,7279
5,7280
19,7280
34,7280
4,7281
47,7282
3,7285
5,7286
27,7286
50,7287
4,7287
16,7287
35,7290
26,7292
3,7293
1,7294
5,7296
30,7297
18,7299
1,7301
2,7302
34,7302
4,7304
2,7305
5,7305
22,7305
1,7307
4,7307
2,7308
3,7308
33,7309
6,7312
13,7316
40,7317
22,7320
43,7321
12,7322
47,7324
26,7327
23,7328
10,7331
3,7332
11,7333
8,7334
21,7334
41,7334
5,7335
4,7337
14,7337
17,7337
50,7338
3,7338
5,7341
20,7341
4,7343
3,7347
17,7349
1,7355
1,7356
2,7358
2,7361
1,7362
2,7363
20,7364
46,7367
29,7368
4,7369
9,7370
41,7370
12,7373
10,7374
23,7374
1,7380
47,7380
38,7384
2,7385
1,7386
40,7386
26,7388
1,7390
43,7390
2,7391
2,7392
17,7395
19,7397
1,7399
15,7399
1,7400
2,7401
1,7402
40,7403
2,7404
14,7404
36,7404
2,7405
38,7406
34,7411
34,7414
39,7414
36,7417
30,7418
4,7421
39,7423
34,7426
3,7428
4,7430
7,7432
9,7432
14,7432
5,7434
5,7435
4,7436
3,7437
43,7438
13,7444
18,7444
42,7445
49,7446
1,7447
20,7447
48,7448
31,7449
22,7451
1,7452
45,7452
2,7453
13,7454
25,7454
1,7455
29,7456
2,7457
2,7458
37,7460
32,7461
6,7462
1,7467
17,7468
36,7468
28,7469
22,7470
22,7473
8,7474
33,7475
2,7480
26,7480
30,7480
15,7482
32,7483
44,7485
46,7485
49,7485
22,7487
23,7487
10,7488
15,7493
13,7497
8,7500
13,7501
1,7503
43,7503
1,7506
2,7507
3,7509
7,7509
4,7510
33,7510
4,7511
2,7512
5,7512
12,7512
29,7512
1,7513
6,7513
2,7514
3,7514
46,7515
5,7516
8,7516
37,7516
32,7523
12,7527
14,7527
25,7527
26,7529
15,7531
42,7533
37,7535
29,7537
18,7539
10,7546
31,7548
32,7555
9,7564
21,7565
41,7565
38,7566
31,7571
13,7572
1,7574
19,7574
49,7574
1,7576
20,7577
50,7579
2,7580
43,7580
2,7582
1,7583
39,7583
42,7583
2,7584
3,7584
1,7585
5,7585
1,7586
2,7587
4,7587
2,7588
1,7590
4,7590
46,7591
2,7592
5,7592
3,7593
19,7593
29,7594
18,7597
46,7599
8,7600
13,7600
32,7600
42,7601
12,7604
21,7605
3,7606
4,7607
3,7608
5,7609
5,7610
3,7611
46,7611
4,7612
34,7613
34,7615
47,7616
43,7617
17,7619
41,7619
22,7621
20,7626
24,7627
28,7627
9,7629
37,7630
2,7631
7,7634
34,7635
30,7636
1,7637
20,7637
2,7639
29,7641
1,7642
2,7644
1,7645
2,7646
8,7649
3,7655
17,7655
4,7656
3,7657
13,7657
21,7657
4,7658
23,7658
5,7659
18,7659
5,7660
13,7665
6,7666
44,7666
1,7669
27,7670
1,7671
2,7672
2,7673
1,7675
12,7676
36,7676
2,7677
3,7677
5,7678
14,7678
5,7679
4,7682
3,7683
41,7683
1,7685
8,7685
26,7685
38,7685
42,7686
50,7687
49,7688
4,7690
10,7691
24,7693
1,7694
32,7694
1,7695
9,7695
2,7698
17,7698
36,7701
36,7703
1,7704
17,7704
2,7705
3,7705
46,7705
18,7707
4,7708
2,7709
1,7710
18,7710
2,7711
4,7712
1,7713
5,7713
1,7714
26,7714
2,7716
3,7717
2,7719
5,7719
27,7720
33,7722
14,7725
38,7726
29,7727
48,7728
49,7728
29,7730
48,7730
17,7734
41,7734
13,7736
37,7736
23,7740
3,7742
31,7744
4,7745
16,7745
38,7745
4,7746
46,7746
47,7746
5,7747
10,7747
5,7749
32,7749
3,7751
30,7753
9,7754
31,7754
40,7756
22,7759
46,7759
3,7760
47,7763
4,7764
5,7765
5,7766
4,7767
44,7768
3,7769
17,7773
25,7773
1,7774
29,7779
2,7780
1,7781
50,7782
2,7782
27,7782
37,7782
49,7783
40,7786
1,7787
40,7788
2,7789
36,7789
9,7791
46,7792
3,7797
38,7798
44,7798
5,7799
4,7800
1,7801
4,7802
2,7803
5,7803
3,7804
1,7805
48,7805
2,7806
44,7806
1,7807
5,7808
21,7808
2,7809
9,7812
5,7814
7,7815
45,7816
22,7822
9,7824
32,7826
4,7828
46,7828
10,7830
29,7830
30,7831
47,7832
41,7836
1,7837
2,7838
14,7841
1,7842
1,7843
41,7843
2,7844
2,7845
43,7846
23,7848
18,7850
11,7853
18,7854
33,7856
3,7857
44,7857
20,7858
48,7858
14,7860
39,7860
4,7862
15,7862
27,7865
50,7866
16,7866
5,7867
5,7868
27,7868
28,7869
3,7870
4,7871
13,7871
47,7873
38,7874
43,7875
24,7877
20,7879
17,7886
31,7887
8,7894
28,7896
13,7900
14,7900
19,7905
31,7912
1,7915
43,7915
35,7916
1,7917
2,7918
33,7918
2,7919
21,7919
1,7920
3,7921
26,7921
4,7922
2,7923
5,7923
29,7923
39,7923
4,7924
5,7925
15,7925
3,7926
14,7927
17,7927
3,7928
31,7928
50,7929
5,7930
4,7932
1,7933
3,7933
2,7935
4,7935
1,7936
5,7936
44,7936
2,7937
1,7938
17,7939
2,7940
31,7940
25,7942
48,7942
15,7943
20,7949
49,7949
36,7950
8,7952
23,7953
20,7957
22,7957
16,7961
26,7968
50,7969
3,7970
5,7971
4,7972
39,7973
4,7974
5,7975
3,7976
25,7976
8,7977
15,7979
35,7984
14,7985
14,7986
17,7987
23,7988
12,7990
3,7992
5,7993
23,7993
24,7993
4,7994
6,7994
5,7998
3,7999
4,8001
42,8001
44,8002
1,8003
23,8005
35,8005
2,8006
3,8006
1,8007
4,8007
9,8007
10,8007
46,8007
28,8009
2,8010
3,8010
25,8010
1,8011
47,8011
5,8012
6,8012
2,8013
4,8014
5,8016
3,8017
5,8018
34,8018
4,8019
5,8020
34,8020
1,8021
8,8022
2,8023
3,8024
50,8025
1,8025
44,8025
4,8026
13,8026
30,8026
30,8031
19,8033
1,8034
2,8035
17,8036
2,8039
18,8040
12,8041
47,8045
40,8048
48,8055
20,8056
1,8058
2,8059
46,8059
1,8061
45,8061
2,8062
1,8064
2,8065
35,8065
44,8066
12,8070
26,8071
30,8072
33,8078
9,8087
17,8090
8,8091
21,8093
14,8094
3,8096
4,8098
4,8099
35,8099
5,8100
1,8101
41,8101
1,8103
36,8103
2,8104
3,8104
1,8105
5,8105
2,8106
7,8107
2,8108
25,8110
14,8112
45,8114
14,8115
3,8117
4,8118
7,8118
50,8119
3,8119
30,8119
5,8120
5,8121
4,8122
32,8124
18,8128
37,8130
11,8132
12,8134
19,8135
3,8136
14,8138
15,8138
1,8139
4,8141
5,8142
14,8142
4,8143
3,8144
13,8145
32,8145
5,8146
1,8147
35,8148
1,8150
2,8152
1,8154
44,8155
2,8156
2,8157
21,8157
49,8158
40,8159
8,8162
15,8162
43,8162
3,8163
4,8164
5,8166
25,8167
4,8168
46,8169
5,8170
31,8171
38,8171
3,8172
24,8172
32,8174
47,8174
1,8179
28,8181
44,8181
1,8182
21,8183
40,8183
2,8184
38,8184
2,8186
1,8187
2,8188
46,8190
1,8191
25,8191
29,8191
1,8194
2,8197
27,8197
27,8198
1,8199
2,8200
2,8201
22,8201
45,8204
49,8210
11,8211
12,8211
19,8215
1,8220
1,8224
2,8225
2,8226
24,8228
48,8228
1,8230
2,8231
6,8237
41,8240
3,8241
4,8242
3,8246
5,8247
5,8248
4,8249
14,8249
25,8256
14,8260
23,8264
11,8267
36,8267
38,8267
1,8272
47,8272
2,8273
26,8273
1,8274
2,8275
41,8275
1,8277
28,8277
21,8278
42,8278
44,8279
2,8280
24,8280
1,8282
2,8284
1,8285
2,8286
1,8287
13,8287
6,8292
50,8293
2,8294
43,8294
48,8294
28,8296
34,8299
40,8302
9,8309
1,8312
2,8314
28,8315
1,8316
2,8317
25,8317
42,8317
1,8318
3,8318
44,8318
2,8320
4,8320
5,8321
13,8321
19,8323
39,8324
33,8325
5,8326
40,8326
4,8327
3,8328
13,8329
12,8330
17,8330
17,8331
28,8332
34,8333
35,8333
8,8336
21,8340
48,8340
10,8341
33,8343
25,8344
26,8344
46,8344
26,8346
28,8348
12,8350
39,8351
23,8352
43,8354
18,8357
18,8359
23,8361
32,8363
42,8363
33,8367
11,8370
35,8371
31,8375
12,8379
31,8382
27,8384
44,8384
17,8387
24,8387
1,8388
1,8389
2,8390
30,8390
38,8390
5,8391
14,8391
37,8391
1,8393
25,8394
2,8395
2,8396
30,8401
37,8403
8,8405
12,8409
18,8410
10,8411
47,8411
3,8414
12,8414
5,8416
13,8417
1,8418
38,8418
4,8419
2,8421
47,8421
5,8422
1,8423
3,8423
4,8424
2,8425
1,8426
2,8427
41,8427
46,8429
44,8430
35,8432
22,8435
42,8435
9,8436
43,8439
3,8448
4,8449
5,8450
32,8450
3,8451
20,8451
4,8452
28,8452
5,8453
38,8455
35,8463
3,8464
43,8464
7,8467
12,8467
35,8467
15,8468
30,8469
30,8470
30,8471
10,8473
5,8475
50,8476
5,8476
4,8477
7,8478
4,8479
3,8480
28,8481
10,8482
26,8482
29,8482
39,8486
33,8488
15,8493
42,8498
3,8499
5,8500
15,8500
49,8500
4,8501
21,8502
42,8502
4,8504
44,8504
3,8506
43,8506
5,8508
35,8509
23,8510
48,8511
26,8512
42,8512
12,8520
15,8520
50,8522
28,8522
12,8524
18,8524
16,8528
7,8529
16,8530
8,8532
9,8533
17,8542
1,8543
42,8543
45,8543
39,8545
1,8546
27,8546
2,8547
3,8550
2,8551
1,8552
2,8553
5,8553
4,8554
4,8557
3,8558
19,8558
5,8560
29,8560
3,8564
5,8565
16,8569
1,8570
4,8572
1,8573
27,8573
5,8575
21,8575
40,8575
2,8576
4,8578
2,8579
3,8579
21,8579
1,8581
2,8583
18,8583
40,8584
2,8595
15,8598
37,8600
37,8601
41,8602
40,8604
48,8605
48,8606
34,8607
25,8611
41,8614
42,8614
49,8614
39,8617
6,8618
36,8619
43,8621
10,8629
11,8629
42,8630
37,8640
7,8644
32,8645
10,8648
18,8648
32,8648
27,8654
1,8655
47,8655
1,8657
3,8658
4,8659
2,8660
30,8660
2,8661
5,8661
1,8663
5,8663
2,8665
20,8665
50,8668
3,8668
40,8668
4,8670
16,8673
1,8679
7,8681
1,8682
16,8682
2,8683
19,8683
2,8684
1,8685
35,8685
38,8685
2,8686
40,8691
20,8694
39,8694
38,8695
50,8696
24,8698
11,8700
37,8701
32,8702
36,8703
18,8708
48,8708
17,8710
3,8713
7,8713
5,8714
4,8715
18,8715
19,8715
1,8716
42,8716
3,8717
6,8717
38,8718
2,8719
1,8720
5,8721
26,8721
30,8721
4,8722
24,8722
26,8723
22,8725
1,8727
2,8728
2,8729
7,8729
43,8730
10,8731
7,8738
42,8738
34,8743
25,8745
45,8746
3,8749
5,8750
10,8750
15,8750
4,8752
3,8753
49,8754
36,8755
4,8757
5,8758
31,8758
13,8759
18,8760
28,8761
3,8762
22,8767
41,8767
21,8769
47,8772
17,8773
38,8776
50,8782
31,8782
16,8783
33,8784
1,8790
3,8790
13,8790
26,8790
5,8791
11,8791
14,8791
2,8792
1,8794
5,8794
26,8794
2,8796
4,8796
1,8798
2,8799
28,8799
3,8800
8,8802
4,8804
22,8804
38,8804
3,8807
5,8808
4,8811
5,8812
20,8813
4,8814
3,8816
28,8816
46,8817
35,8818
8,8819
36,8828
3,8829
31,8830
5,8831
4,8832
5,8833
4,8835
25,8835
47,8835
3,8836
3,8837
4,8838
8,8838
4,8843
5,8845
12,8845
37,8845
3,8846
39,8846
5,8847
21,8847
14,8849
14,8851
19,8852
31,8852
37,8852
49,8854
35,8855
1,8856
1,8857
47,8857
23,8859
2,8860
1,8862
19,8862
2,8864
2,8865
7,8865
19,8865
48,8865
19,8871
3,8872
17,8872
4,8873
44,8875
5,8876
5,8878
11,8878
4,8879
3,8881
32,8887
47,8887
1,8888
2,8889
36,8889
1,8891
28,8891
2,8892
1,8895
39,8896
2,8897
31,8897
17,8899
36,8900
30,8901
14,8902
24,8902
50,8907
42,8909
3,8912
4,8915
9,8915
14,8916
27,8916
10,8917
34,8919
37,8919
5,8920
4,8922
14,8922
5,8924
3,8925
48,8926
34,8937
36,8937
47,8938
45,8940
41,8941
6,8945
13,8945
41,8945
13,8946
30,8946
35,8946
26,8947
36,8947
47,8949
40,8952
22,8954
26,8959
42,8960
21,8963
42,8964
40,8968
23,8970
12,8973
14,8973
48,8973
3,8977
4,8979
5,8980
5,8981
7,8981
4,8983
31,8983
19,8984
3,8985
11,8985
46,8990
11,8991
41,8991
41,8993
48,8993
7,8996
50,8998
3,8998
9,9000
12,9002
45,9002
4,9004
18,9004
4,9005
5,9006
5,9007
3,9009
3,9011
4,9013
3,9014
6,9018
5,9019
33,9019
48,9019
4,9022
38,9023
50,9024
5,9024
35,9026
44,9028
22,9029
36,9030
49,9030
25,9031
1,9032
2,9033
1,9035
22,9035
6,9037
2,9038
21,9038
44,9038
1,9039
2,9042
9,9046
3,9049
23,9050
33,9051
4,9052
30,9053
4,9054
5,9055
8,9055
5,9056
3,9057
9,9058
50,9060
39,9063
50,9064
17,9064
22,9064
38,9068
41,9069
1,9077
21,9077
42,9077
1,9078
32,9078
2,9081
17,9081
1,9082
38,9083
2,9084
35,9084
25,9085
2,9086
11,9092
43,9092
40,9094
21,9096
1,9099
24,9099
1,9100
2,9101
26,9101
2,9103
22,9103
1,9104
2,9105
23,9105
8,9106
13,9106
14,9108
41,9113
3,9117
1,9118
1,9119
4,9119
10,9119
24,9119
5,9120
2,9121
4,9121
24,9121
50,9122
5,9122
10,9122
2,9123
1,9124
3,9124
40,9124
3,9125
9,9125
14,9125
29,9125
4,9126
2,9127
5,9127
45,9127
5,9128
14,9129
22,9129
3,9131
23,9131
26,9131
4,9133
37,9133
12,9144
45,9146
13,9148
17,9154
25,9154
6,9155
20,9160
1,9161
33,9161
2,9164
18,9164
25,9166
31,9166
43,9167
1,9169
3,9170
4,9171
4,9172
41,9172
7,9173
45,9173
1,9174
5,9174
15,9174
2,9175
5,9175
34,9175
3,9176
40,9177
2,9178
5,9178
1,9180
24,9180
1,9181
2,9183
2,9184
1,9186
48,9186
38,9187
2,9189
50,9195
6,9195
27,9195
19,9196
27,9197
10,9200
7,9202
36,9204
19,9208
28,9208
14,9210
26,9212
44,9212
25,9213
38,9219
10,9222
1,9224
1,9226
2,9227
18,9227
11,9229
33,9229
41,9230
2,9231
46,9231
49,9232
1,9235
2,9236
15,9241
6,9243
30,9243
47,9246
42,9247
29,9253
41,9255
35,9257
22,9258
1,9260
1,9263
9,9263
2,9265
31,9266
2,9267
19,9270
3,9271
34,9271
4,9272
1,9273
4,9273
2,9275
3,9275
5,9277
5,9278
24,9279
3,9286
4,9289
48,9289
3,9290
1,9292
2,9293
5,9293
22,9293
4,9295
10,9296
5,9298
39,9298
33,9300
1,9301
50,9303
2,9303
1,9304
9,9306
2,9307
3,9307
3,9308
7,9308
37,9308
5,9309
37,9309
12,9310
4,9311
43,9311
4,9312
5,9313
3,9314
46,9315
29,9318
50,9320
36,9320
43,9323
41,9324
22,9327
46,9327
50,9335
31,9338
49,9339
34,9344
49,9344
40,9346
2,9347
37,9347
21,9348
43,9352
14,9355
39,9356
41,9356
18,9363
6,9366
26,9366
19,9367
38,9369
7,9371
22,9375
1,9376
2,9377
7,9377
1,9378
2,9379
4,9380
35,9380
1,9381
43,9381
2,9382
26,9383
49,9387
39,9392
33,9394
21,9398
48,9399
44,9403
11,9404
11,9405
43,9405
23,9408
39,9412
19,9414
28,9419
23,9420
36,9420
3,9429
39,9430
6,9431
44,9431
5,9432
14,9433
41,9433
4,9434
47,9434
3,9435
8,9435
4,9436
25,9439
5,9440
7,9440
1,9442
27,9443
42,9445
2,9446
16,9446
1,9447
1,9450
2,9451
2,9453
1,9454
2,9455
1,9456
2,9458
8,9459
1,9461
11,9461
50,9462
2,9462
34,9463
20,9464
14,9465
27,9465
11,9466
40,9466
38,9468
38,9470
6,9472
13,9473
25,9474
40,9475
26,9477
43,9478
50,9480
44,9481
43,9482
47,9482
10,9485
33,9486
31,9490
46,9493
36,9494
8,9495
26,9495
10,9499
22,9501
16,9502
44,9502
50,9505
34,9506
36,9510
39,9512
29,9516
7,9517
15,9517
27,9518
3,9521
4,9526
27,9526
3,9527
5,9528
5,9529
4,9531
26,9535
1,9545
1,9546
7,9546
23,9546
2,9547
2,9548
8,9548
1,9550
32,9551
33,9551
2,9552
23,9553
48,9553
35,9555
27,9557
3,9564
3,9569
14,9569
20,9569
30,9571
4,9572
3,9573
42,9574
5,9575
29,9575
4,9576
8,9576
9,9577
5,9579
36,9579
45,9582
37,9583
33,9586
34,9586
18,9588
46,9591
7,9592
49,9592
3,9594
6,9595
25,9595
4,9596
11,9597
3,9599
4,9600
19,9600
41,9602
5,9603
44,9603
5,9604
39,9606
44,9606
30,9607
28,9608
46,9608
8,9610
1,9611
1,9613
2,9615
32,9616
47,9616
2,9617
35,9617
15,9619
1,9620
7,9621
2,9622
10,9622
13,9625
12,9626
16,9627
32,9628
13,9632
41,9634
28,9637
15,9639
35,9639
10,9644
29,9647
23,9648
25,9648
9,9649
16,9649
34,9649
21,9652
19,9655
14,9656
21,9661
3,9663
39,9664
4,9665
20,9666
4,9669
9,9672
1,9673
20,9673
2,9674
5,9674
1,9677
1,9679
3,9680
10,9680
2,9681
5,9681
2,9682
14,9683
31,9686
5,9688
35,9690
48,9693
33,9695
41,9700
10,9703
40,9709
33,9710
6,9711
10,9713
34,9713
18,9714
1,9715
1,9717
27,9719
2,9721
23,9721
2,9722
31,9722
1,9723
2,9724
23,9724
38,9725
18,9726
48,9728
23,9731
35,9732
6,9733
39,9733
40,9735
44,9735
24,9736
30,9736
1,9737
2,9738
48,9738
1,9739
3,9739
2,9740
5,9740
37,9741
1,9742
4,9743
1,9745
2,9745
5,9745
35,9745
4,9746
48,9746
3,9747
14,9748
45,9748
3,9749
34,9749
16,9751
5,9753
47,9753
4,9754
21,9754
4,9755
5,9757
37,9757
3,9759
43,9759
33,9767
34,9767
37,9767
3,9768
4,9770
14,9770
1,9772
18,9772
4,9773
21,9773
26,9774
3,9775
5,9776
16,9776
2,9777
1,9778
5,9778
11,9780
6,9781
34,9781
1,9783
31,9783
23,9785
36,9785
38,9785
2,9787
2,9788
33,9789
11,9791
47,9794
27,9795
17,9797
31,9797
15,9799
12,9800
39,9800
30,9810
45,9810
32,9813
37,9813
3,9816
27,9816
36,9816
4,9817
31,9821
4,9822
10,9822
5,9823
48,9824
5,9825
50,9828
3,9829
41,9829
32,9833
35,9833
23,9836
3,9839
22,9839
4,9840
45,9842
3,9843
33,9844
41,9844
5,9847
1,9848
2,9849
5,9849
22,9849
1,9850
34,9850
4,9852
43,9852
1,9854
23,9854
2,9856
2,9857
13,9857
3,9859
4,9861
4,9862
7,9862
12,9863
5,9864
3,9866
12,9866
45,9866
8,9868
49,9868
5,9869
10,9869
36,9869
34,9870
45,9870
3,9872
10,9873
20,9873
4,9874
41,9877
5,9878
3,9879
26,9879
4,9880
5,9881
41,9883
32,9888
19,9889
19,9890
7,9891
13,9894
25,9896
31,9900
38,9900
26,9901
12,9902
14,9907
11,9908
33,9908
8,9909
20,9911
36,9911
18,9913
11,9914
9,9915
33,9919
42,9919
31,9924
17,9928
46,9929
37,9930
39,9931
24,9932
34,9932
3,9935
1,9936
2,9938
9,9938
18,9938
1,9939
2,9940
1,9941
5,9941
7,9941
35,9942
5,9943
13,9943
14,9943
4,9944
28,9944
2,9945
27,9945
4,9946
44,9948
3,9949
30,9950
20,9951
20,9952
3,9953
12,9953
26,9956
18,9957
5,9958
13,9958
1,9959
27,9959
4,9962
4,9963
1,9964
3,9965
2,9966
5,9967
2,9968
12,9969
1,9972
2,9973
12,9976
9,9977
41,9977
42,9978
45,9978
9,9981
32,9981
37,9981
32,9985
33,9987
11,9997
48,9998
