10,1
14,1
14,2
9,10
6,13
3,16
1,17
4,17
5,18
1,20
3,20
18,20
2,21
5,21
2,23
17,23
12,25
1,26
4,26
2,27
3,28
5,33
9,33
4,34
12,34
4,35
3,36
24,37
24,38
5,39
7,39
18,53
3,59
3,64
4,65
24,66
4,67
5,68
3,69
20,69
5,71
18,80
16,81
1,84
17,85
17,88
2,90
25,92
1,92
2,95
12,95
11,99
1,100
25,101
2,102
20,105
8,110
19,110
23,111
11,117
3,127
5,130
6,130
4,131
5,132
4,135
3,138
19,138
25,139
3,139
23,144
18,145
16,152
8,153
13,155
3,160
7,160
5,164
5,165
4,166
11,167
4,169
8,169
3,170
8,171
21,174
13,177
22,182
21,197
21,198
8,200
21,202
10,203
3,207
18,207
11,209
5,210
4,211
4,214
5,215
3,216
3,230
4,232
5,233
4,238
18,238
8,239
5,241
3,242
6,243
1,254
1,256
12,256
2,259
2,261
1,262
2,263
6,265
12,269
3,276
5,278
1,279
4,280
15,280
22,281
1,282
3,282
15,282
17,282
2,283
5,284
4,285
2,288
1,289
2,290
1,291
2,292
25,294
13,294
18,294
1,295
1,297
5,297
17,297
2,298
2,300
10,302
19,302
16,311
12,319
25,321
14,321
17,322
3,327
5,328
4,329
3,330
5,331
23,336
4,337
22,341
18,342
16,344
21,348
3,351
4,352
5,353
5,354
4,355
3,356
25,359
8,363
9,363
3,375
4,376
5,378
5,381
3,383
6,383
4,384
1,386
1,387
19,392
2,393
1,395
2,396
2,398
24,399
15,400
21,404
7,406
9,414
18,419
10,424
22,428
7,436
16,442
24,447
1,454
2,456
1,459
24,459
2,461
1,462
16,462
2,465
3,466
18,466
24,466
1,467
1,468
2,469
1,471
4,471
5,472
4,473
2,474
3,474
2,475
5,475
3,487
14,492
25,503
1,507
1,508
2,511
16,512
1,513
16,513
2,517
2,518
21,521
24,528
1,543
2,545
1,546
2,548
3,548
4,549
1,550
2,551
1,552
5,552
2,553
1,554
3,554
2,555
4,557
5,561
1,562
2,563
1,564
2,565
1,567
2,568
18,571
11,572
1,573
24,573
2,574
15,581
12,591
18,593
9,594
11,603
16,603
3,609
4,612
5,613
5,615
4,616
3,617
1,619
1,620
18,620
2,623
3,623
1,624
1,625
2,627
5,628
11,628
5,631
2,632
4,632
4,634
24,635
3,636
15,640
24,645
19,646
23,648
1,649
2,650
1,651
11,651
1,654
2,655
2,656
16,660
9,665
1,668
2,670
1,671
2,673
6,676
1,678
2,680
8,683
21,684
10,691
25,692
9,694
7,699
14,701
14,703
6,704
18,705
1,706
2,707
1,708
1,709
2,710
2,711
21,717
12,721
3,724
5,726
4,727
3,728
9,728
5,729
4,730
3,739
5,741
4,742
16,743
21,743
22,744
5,745
12,745
3,746
1,747
1,749
4,749
7,749
10,749
14,749
21,749
2,750
1,752
2,753
2,754
15,756
12,758
14,759
1,760
1,762
10,762
16,762
17,762
6,764
2,765
1,766
6,767
25,768
2,768
2,770
18,774
3,779
23,779
5,781
4,782
3,784
4,785
5,789
1,790
2,792
1,793
1,795
2,796
17,797
2,799
23,801
18,804
1,806
19,807
1,808
2,810
1,811
2,812
12,816
14,816
2,819
21,828
21,830
25,836
18,838
10,847
23,851
10,857
13,865
8,867
22,875
16,879
7,882
1,894
6,897
2,900
1,901
2,902
1,903
7,904
2,905
15,905
10,909
14,912
6,916
1,928
16,928
1,930
2,932
2,933
14,935
3,937
20,938
1,939
2,941
24,941
5,942
4,943
1,945
4,945
2,948
5,948
16,948
1,949
3,949
12,949
1,950
2,951
2,954
16,955
13,958
12,967
1,977
1,980
3,981
2,982
1,984
4,984
5,985
9,986
2,987
2,988
5,988
3,989
11,990
4,991
11,1005
7,1008
21,1009
17,1019
13,1036
22,1037
21,1038
1,1043
1,1044
2,1047
1,1048
2,1049
21,1049
2,1051
19,1054
13,1056
20,1056
7,1060
6,1063
1,1065
3,1065
4,1066
2,1067
1,1068
4,1068
2,1069
5,1069
9,1069
10,1069
3,1070
5,1071
1,1072
16,1073
2,1074
1,1075
3,1075
5,1076
11,1076
2,1077
1,1078
4,1078
1,1079
17,1081
21,1081
2,1082
5,1082
2,1083
4,1083
1,1084
3,1084
2,1085
1,1086
19,1086
1,1087
2,1088
2,1090
11,1095
22,1095
19,1096
20,1096
21,1096
1,1098
2,1101
1,1102
1,1105
2,1106
2,1108
1,1114
2,1115
1,1116
2,1117
23,1117
1,1118
3,1119
2,1120
4,1120
4,1121
3,1123
5,1124
5,1125
3,1126
4,1128
5,1129
5,1130
15,1130
4,1131
3,1132
20,1135
13,1136
22,1151
13,1152
14,1158
24,1164
3,1178
4,1179
5,1183
8,1184
18,1184
4,1185
5,1188
17,1190
3,1191
1,1197
25,1198
1,1198
2,1199
14,1200
1,1201
2,1202
2,1204
13,1204
10,1208
12,1211
22,1212
24,1214
3,1217
4,1218
5,1219
5,1221
18,1221
3,1223
21,1223
1,1225
1,1226
17,1226
2,1227
4,1227
22,1228
2,1232
1,1233
13,1234
2,1235
3,1236
18,1236
4,1237
11,1240
3,1241
4,1242
5,1243
5,1245
21,1248
8,1249
1,1253
9,1253
1,1254
2,1255
20,1255
1,1256
11,1256
2,1259
2,1260
8,1265
25,1268
1,1269
1,1270
2,1271
1,1272
2,1273
2,1274
16,1274
1,1275
1,1276
2,1278
25,1279
1,1279
2,1280
8,1281
2,1282
7,1282
19,1282
16,1284
12,1291
7,1292
1,1301
1,1302
2,1303
3,1303
4,1303
9,1303
5,1304
22,1304
2,1305
4,1305
1,1306
2,1307
4,1307
1,1308
5,1310
2,1311
3,1312
1,1313
1,1314
2,1315
14,1317
2,1318
11,1319
17,1321
17,1323
13,1324
9,1327
9,1330
6,1335
1,1336
2,1337
16,1339
17,1339
1,1341
3,1342
20,1342
24,1343
4,1344
5,1345
5,1347
9,1347
3,1348
4,1349
2,1350
12,1350
19,1350
1,1351
3,1351
4,1354
15,1354
2,1355
25,1356
3,1358
5,1359
4,1360
1,1362
1,1363
2,1364
5,1365
1,1366
2,1367
2,1368
6,1369
16,1370
19,1375
20,1380
22,1397
1,1401
1,1404
19,1405
2,1410
20,1410
2,1412
1,1415
2,1420
25,1422
24,1426
25,1427
11,1434
3,1435
7,1435
5,1440
4,1441
5,1442
3,1443
16,1443
4,1444
24,1456
15,1458
8,1459
19,1461
1,1470
1,1473
2,1474
2,1475
11,1475
1,1476
2,1477
10,1478
1,1481
11,1482
16,1482
2,1483
1,1484
1,1486
2,1491
2,1492
24,1493
3,1496
1,1497
2,1498
5,1499
1,1500
4,1500
5,1501
4,1502
3,1503
10,1503
12,1505
2,1506
1,1507
2,1508
3,1510
1,1512
4,1512
2,1513
3,1513
5,1514
1,1515
5,1515
4,1516
2,1518
1,1521
2,1524
21,1524
9,1525
19,1528
17,1534
21,1544
12,1547
7,1549
25,1555
12,1561
16,1564
3,1565
4,1566
3,1567
5,1568
4,1570
5,1571
3,1572
5,1573
5,1574
22,1574
4,1575
4,1578
21,1578
3,1581
15,1581
14,1583
16,1592
21,1592
25,1593
13,1594
1,1597
17,1597
1,1600
9,1600
2,1601
1,1602
2,1603
12,1606
2,1607
6,1607
15,1615
23,1615
18,1624
25,1625
11,1626
20,1632
15,1633
1,1636
1,1637
2,1638
1,1640
17,1640
2,1641
2,1642
1,1646
2,1647
1,1648
2,1651
1,1652
17,1652
2,1653
21,1657
14,1659
19,1661
20,1665
3,1667
4,1669
9,1671
5,1672
5,1673
4,1675
1,1677
3,1677
1,1678
2,1680
2,1682
1,1684
2,1685
20,1691
21,1691
21,1694
23,1698
1,1701
7,1701
1,1704
2,1705
10,1705
2,1706
8,1706
11,1706
15,1707
1,1708
3,1709
2,1710
4,1710
5,1712
4,1713
13,1713
5,1714
3,1716
12,1716
21,1720
9,1723
3,1725
5,1727
4,1728
5,1729
4,1730
3,1731
3,1734
4,1735
24,1739
5,1740
8,1740
1,1741
2,1743
3,1744
5,1745
24,1745
1,1747
1,1748
2,1749
2,1752
4,1752
8,1757
16,1757
20,1758
24,1760
24,1762
20,1765
13,1769
7,1773
8,1773
1,1776
2,1777
17,1777
1,1778
2,1779
1,1782
19,1783
2,1786
16,1794
18,1799
25,1801
1,1802
1,1803
18,1803
2,1804
2,1805
1,1806
4,1810
2,1813
1,1814
2,1816
1,1817
1,1818
2,1819
2,1820
3,1824
14,1824
5,1826
13,1828
4,1829
11,1829
18,1829
4,1830
25,1832
5,1832
3,1833
7,1834
25,1838
10,1840
3,1844
5,1847
12,1851
4,1852
4,1853
5,1855
12,1855
1,1856
3,1857
12,1857
2,1858
1,1859
1,1863
2,1866
2,1867
1,1868
23,1872
24,1874
3,1879
5,1880
4,1881
5,1882
4,1883
13,1883
3,1885
21,1885
14,1892
9,1895
3,1898
2,1899
4,1900
5,1900
4,1901
3,1902
5,1903
4,1905
1,1907
10,1907
2,1908
24,1908
1,1909
1,1912
2,1913
22,1914
2,1915
11,1919
19,1931
3,1932
4,1933
3,1934
4,1935
23,1936
5,1937
5,1938
20,1943
7,1945
12,1949
7,1955
14,1956
19,1958
13,1960
1,1962
1,1963
2,1964
2,1966
1,1967
2,1969
15,1974
23,1979
17,1982
25,1984
11,1985
16,1985
22,1986
12,1988
1,1994
1,1996
18,1997
2,1998
2,2000
1,2001
2,2002
21,2010
21,2013
17,2015
24,2017
25,2018
3,2024
13,2025
4,2026
12,2026
3,2028
5,2030
10,2030
1,2032
4,2033
5,2034
1,2035
19,2038
2,2039
7,2039
1,2040
13,2040
16,2041
21,2043
3,2045
2,2046
5,2046
16,2046
2,2047
4,2048
5,2049
4,2051
3,2052
12,2058
20,2058
17,2062
18,2062
9,2066
6,2068
20,2070
23,2079
24,2095
23,2100
1,2105
1,2106
2,2108
1,2109
2,2110
14,2111
2,2114
1,2120
20,2120
2,2122
1,2124
2,2125
1,2127
5,2130
2,2131
7,2136
10,2136
17,2139
3,2140
5,2141
4,2142
9,2142
23,2142
5,2143
4,2144
3,2146
3,2151
4,2153
5,2154
5,2155
3,2156
4,2160
19,2164
10,2165
1,2167
1,2168
13,2169
2,2170
2,2173
1,2174
2,2175
24,2177
3,2179
1,2182
1,2183
5,2183
2,2184
4,2184
21,2184
1,2185
4,2185
2,2187
23,2187
3,2188
2,2189
5,2190
8,2194
1,2196
3,2196
1,2198
13,2198
5,2201
16,2201
2,2202
4,2202
19,2202
4,2203
5,2204
2,2205
11,2205
1,2206
3,2206
2,2208
19,2209
20,2209
3,2212
4,2213
18,2213
5,2214
24,2215
4,2216
17,2217
1,2218
16,2218
2,2219
13,2219
17,2219
1,2221
1,2223
5,2223
10,2223
2,2224
2,2225
3,2226
22,2226
11,2229
14,2230
3,2242
19,2242
4,2243
10,2243
4,2244
13,2245
5,2246
5,2247
3,2249
25,2252
1,2252
2,2253
1,2254
2,2255
1,2256
15,2256
2,2258
12,2259
25,2262
16,2263
15,2267
18,2272
14,2273
1,2281
17,2286
1,2287
2,2288
1,2289
2,2290
2,2292
10,2294
3,2303
10,2303
5,2304
5,2305
4,2306
4,2309
3,2310
9,2312
10,2315
1,2320
11,2320
17,2320
1,2322
15,2322
2,2323
1,2324
2,2327
2,2328
1,2330
22,2330
2,2331
1,2332
2,2334
9,2334
1,2336
2,2339
11,2339
4,2346
20,2354
14,2356
2,2377
3,2377
13,2377
4,2379
4,2380
5,2381
15,2383
5,2386
16,2386
21,2386
1,2387
3,2387
9,2387
10,2387
1,2388
5,2388
2,2392
1,2393
2,2394
2,2395
22,2395
22,2399
18,2400
3,2412
9,2413
5,2415
9,2416
4,2417
3,2418
9,2418
1,2419
4,2419
25,2421
2,2421
5,2421
1,2424
7,2424
2,2425
1,2426
2,2427
3,2427
15,2429
5,2430
4,2431
4,2432
1,2434
2,2435
5,2435
21,2435
3,2436
1,2437
16,2437
1,2438
2,2439
2,2440
1,2441
10,2441
1,2443
2,2444
2,2448
1,2449
2,2451
20,2455
23,2456
11,2463
1,2469
1,2471
22,2471
24,2473
2,2475
6,2475
2,2476
1,2478
2,2480
2,2482
9,2485
17,2486
3,2488
5,2489
4,2490
5,2492
4,2493
3,2496
3,2504
5,2506
4,2508
4,2515
5,2518
3,2520
1,2523
1,2524
2,2526
2,2528
1,2529
24,2529
2,2531
10,2533
1,2540
25,2542
2,2544
8,2544
1,2545
17,2545
2,2548
1,2550
2,2551
7,2554
5,2557
14,2574
7,2580
6,2589
15,2595
25,2598
3,2602
9,2602
4,2603
12,2605
4,2608
5,2609
15,2610
5,2611
3,2613
16,2614
19,2614
1,2616
1,2619
11,2619
2,2621
3,2621
2,2622
4,2622
1,2623
2,2624
3,2624
5,2625
4,2627
5,2628
1,2630
1,2632
12,2633
2,2635
2,2636
1,2637
2,2638
14,2643
22,2648
1,2650
1,2651
2,2652
1,2653
25,2654
2,2655
24,2655
2,2656
21,2656
7,2657
25,2658
15,2659
1,2667
17,2667
1,2668
25,2669
2,2669
12,2669
16,2669
2,2670
1,2671
2,2672
15,2678
20,2683
17,2687
23,2687
24,2688
8,2706
10,2712
7,2713
12,2713
13,2718
20,2718
8,2720
14,2720
1,2721
23,2721
1,2723
15,2724
2,2726
2,2728
1,2729
2,2732
20,2733
1,2735
2,2737
1,2744
1,2745
2,2750
2,2751
3,2752
4,2755
1,2756
4,2756
1,2757
5,2758
5,2759
2,2760
3,2760
2,2761
1,2764
2,2765
11,2766
15,2767
3,2769
5,2770
4,2771
4,2773
3,2775
5,2776
1,2782
21,2782
1,2783
3,2783
15,2783
2,2784
4,2784
3,2786
2,2787
5,2788
4,2789
5,2790
1,2791
23,2791
2,2792
18,2795
6,2800
25,2803
15,2813
3,2816
4,2817
5,2818
21,2818
4,2819
3,2820
17,2820
5,2821
10,2824
3,2832
16,2832
4,2833
16,2835
5,2838
4,2839
5,2844
24,2844
25,2846
3,2846
1,2852
10,2852
25,2853
1,2853
17,2855
24,2856
2,2857
1,2858
2,2860
16,2860
2,2861
3,2863
5,2864
4,2866
3,2869
15,2871
5,2873
18,2873
4,2874
1,2881
2,2882
1,2883
1,2886
22,2887
7,2888
2,2890
2,2893
11,2897
19,2897
23,2897
20,2903
18,2910
6,2912
7,2912
20,2914
19,2919
1,2924
1,2925
2,2926
17,2927
25,2928
1,2932
3,2932
2,2933
5,2933
2,2934
4,2935
3,2937
25,2940
4,2940
16,2941
5,2942
1,2944
1,2945
2,2949
17,2949
1,2950
20,2950
22,2952
2,2953
2,2954
3,2960
11,2960
5,2962
5,2963
4,2964
7,2966
4,2967
3,2970
5,2972
4,2977
13,2978
21,2981
1,2985
22,2985
2,2986
16,2986
25,2988
1,2988
2,2989
1,2990
14,2990
2,2993
19,2993
23,2998
5,2999
2,3008
14,3009
14,3010
24,3011
6,3026
11,3039
12,3041
22,3042
3,3044
5,3045
10,3045
4,3046
4,3047
25,3048
3,3048
23,3048
5,3051
9,3053
16,3053
22,3065
7,3068
1,3072
2,3073
11,3073
1,3078
1,3081
3,3083
5,3085
4,3086
5,3087
16,3087
17,3088
2,3089
3,3089
6,3089
2,3090
4,3090
1,3091
2,3092
1,3094
2,3097
1,3099
2,3100
12,3102
3,3106
1,3107
4,3107
2,3108
1,3109
5,3112
17,3112
1,3113
3,3114
2,3115
4,3115
2,3117
5,3118
3,3123
1,3126
4,3126
4,3127
8,3127
2,3128
5,3129
5,3130
1,3131
3,3131
2,3133
1,3134
9,3134
2,3137
3,3138
4,3139
24,3139
5,3140
5,3142
16,3142
3,3144
4,3147
21,3153
16,3165
7,3182
23,3195
3,3200
23,3201
5,3202
4,3203
5,3204
7,3204
4,3205
3,3208
16,3209
13,3219
3,3222
8,3222
15,3223
4,3224
3,3225
4,3227
21,3228
5,3229
5,3232
10,3232
2,3233
2,3236
18,3239
23,3242
3,3244
25,3247
14,3252
4,3254
1,3256
2,3257
3,3257
1,3258
4,3258
23,3258
1,3259
2,3260
5,3260
2,3262
18,3267
5,3270
8,3272
1,3278
17,3279
1,3282
2,3283
10,3285
9,3287
1,3289
2,3290
2,3291
25,3295
24,3295
25,3298
25,3300
14,3303
19,3312
3,3314
4,3316
5,3317
5,3318
12,3318
16,3318
11,3319
3,3321
19,3321
18,3322
4,3323
3,3325
12,3325
4,3326
4,3327
5,3329
15,3331
17,3332
5,3333
9,3333
7,3334
3,3336
22,3339
7,3346
20,3357
11,3359
12,3359
21,3362
9,3368
15,3371
3,3383
4,3384
5,3385
13,3385
4,3386
3,3388
5,3392
3,3395
22,3395
4,3400
3,3401
4,3402
5,3404
17,3404
5,3406
3,3410
4,3411
5,3412
3,3413
5,3414
21,3416
4,3418
1,3420
2,3422
1,3424
2,3425
1,3426
2,3428
24,3429
12,3430
22,3433
17,3447
7,3448
22,3449
22,3472
1,3475
7,3475
1,3476
2,3477
2,3481
1,3482
2,3483
1,3484
1,3485
3,3485
2,3486
4,3487
5,3488
2,3489
3,3489
1,3490
4,3490
10,3490
5,3492
2,3494
12,3501
19,3502
4,3504
1,3512
4,3514
15,3514
2,3515
1,3518
2,3519
1,3522
2,3523
21,3526
15,3536
1,3537
2,3538
1,3539
25,3540
3,3540
4,3541
2,3542
4,3542
5,3543
1,3544
5,3544
5,3545
3,3546
2,3547
9,3548
22,3555
1,3557
2,3560
3,3560
13,3560
16,3561
1,3563
5,3563
5,3564
10,3565
4,3569
2,3570
4,3570
1,3571
3,3571
2,3572
17,3574
19,3576
17,3577
23,3587
13,3595
16,3596
16,3598
3,3606
17,3607
24,3608
4,3610
5,3612
25,3615
4,3615
22,3615
1,3617
3,3617
1,3618
19,3618
2,3620
5,3620
2,3621
18,3624
1,3626
2,3630
1,3633
1,3634
2,3635
1,3636
2,3637
2,3638
1,3645
1,3646
3,3646
2,3647
1,3648
4,3648
2,3649
4,3650
2,3651
5,3651
3,3655
21,3655
5,3656
24,3656
14,3658
10,3660
11,3667
1,3672
23,3672
2,3673
1,3676
1,3677
2,3678
2,3680
16,3683
23,3689
16,3696
14,3697
24,3704
1,3709
2,3710
1,3711
1,3713
2,3714
2,3715
1,3717
1,3718
17,3718
2,3719
1,3720
3,3720
2,3721
4,3721
21,3722
2,3723
5,3723
1,3725
4,3726
3,3727
1,3728
5,3728
8,3728
2,3729
25,3730
2,3731
3,3731
1,3734
10,3735
2,3736
13,3742
7,3751
12,3756
15,3758
3,3762
12,3764
4,3765
3,3767
4,3768
5,3769
5,3770
13,3776
3,3777
18,3778
4,3781
5,3783
7,3783
15,3784
4,3787
10,3787
3,3788
15,3788
5,3789
7,3789
1,3790
1,3791
2,3792
3,3794
1,3796
4,3796
20,3796
5,3797
2,3798
2,3799
5,3801
7,3804
16,3805
4,3806
23,3807
3,3808
9,3810
1,3811
2,3812
1,3813
2,3814
8,3814
1,3815
8,3815
2,3816
7,3817
21,3818
17,3823
14,3825
7,3826
25,3827
17,3827
7,3828
11,3828
9,3835
21,3836
9,3838
14,3839
14,3843
21,3844
25,3845
3,3845
14,3847
1,3859
7,3859
1,3860
2,3861
2,3862
1,3865
3,3865
19,3865
2,3866
4,3866
5,3867
13,3867
5,3869
19,3870
4,3871
3,3872
11,3880
19,3895
3,3897
5,3898
12,3898
7,3899
5,3901
4,3902
4,3903
3,3905
22,3914
12,3916
8,3918
17,3922
1,3923
6,3925
1,3927
2,3929
2,3931
11,3931
1,3932
3,3932
5,3933
2,3934
4,3937
4,3938
5,3941
3,3942
3,3945
9,3956
7,3957
3,3959
13,3959
4,3962
5,3963
4,3964
5,3965
18,3965
3,3966
1,3968
2,3969
14,3969
2,3970
13,3970
1,3976
11,3976
10,3977
2,3980
1,3983
2,3984
3,3985
4,3986
4,3987
5,3988
3,3991
5,3993
1,3994
11,3994
1,3995
2,3997
2,3999
24,3999
1,4000
2,4003
1,4010
10,4011
17,4015
20,4018
2,4019
6,4019
1,4022
1,4023
12,4023
2,4024
3,4024
2,4025
7,4028
5,4031
11,4031
4,4033
7,4033
8,4033
4,4035
12,4035
5,4036
3,4037
23,4037
21,4038
1,4040
2,4042
8,4042
1,4043
14,4044
16,4044
2,4045
1,4047
14,4047
2,4049
3,4051
4,4054
4,4055
13,4055
15,4056
5,4058
3,4059
5,4060
15,4064
19,4067
1,4069
1,4070
2,4074
15,4074
6,4077
2,4078
3,4078
1,4079
2,4080
5,4081
9,4082
5,4083
4,4084
17,4085
4,4087
19,4088
3,4089
7,4089
8,4101
7,4104
3,4105
1,4106
5,4106
2,4107
4,4107
1,4109
2,4110
5,4111
4,4112
3,4113
1,4115
2,4116
3,4117
4,4118
5,4119
3,4121
9,4121
4,4122
8,4122
5,4124
7,4124
7,4139
24,4141
8,4144
10,4145
3,4154
5,4156
4,4157
4,4158
5,4159
3,4160
1,4176
15,4179
2,4180
23,4185
1,4186
2,4187
1,4188
2,4189
3,4191
5,4192
4,4194
8,4194
1,4195
1,4196
5,4196
18,4196
4,4197
3,4198
2,4199
2,4202
1,4203
2,4204
12,4205
17,4215
14,4220
25,4221
1,4222
1,4224
12,4224
2,4225
25,4226
1,4227
2,4229
20,4229
2,4230
3,4233
20,4233
4,4235
5,4236
19,4236
24,4239
3,4243
22,4243
5,4244
4,4245
23,4255
20,4269
3,4273
14,4273
5,4274
4,4275
3,4276
5,4281
25,4282
4,4282
1,4287
10,4287
2,4288
1,4295
1,4297
2,4298
2,4304
14,4306
7,4307
18,4319
13,4320
15,4323
3,4329
25,4330
4,4330
3,4331
5,4333
11,4333
4,4335
5,4336
13,4338
8,4340
1,4348
3,4350
1,4351
2,4352
19,4352
4,4353
2,4354
3,4354
11,4355
11,4356
1,4357
2,4358
5,4358
7,4358
4,4360
20,4360
5,4361
15,4362
11,4365
18,4367
19,4369
20,4372
15,4373
14,4377
3,4393
5,4394
1,4395
5,4395
4,4396
4,4397
2,4399
3,4399
8,4399
3,4400
24,4400
1,4401
5,4401
5,4402
7,4402
18,4402
1,4403
4,4403
16,4403
3,4404
4,4406
22,4408
17,4410
21,4410
2,4411
8,4412
12,4412
10,4415
2,4416
25,4424
7,4424
16,4429
10,4433
23,4434
24,4434
15,4440
18,4446
14,4463
14,4464
1,4466
2,4468
17,4470
1,4472
2,4476
1,4478
2,4480
12,4480
15,4482
25,4491
1,4493
2,4494
3,4495
1,4497
1,4498
20,4499
2,4500
2,4501
5,4501
11,4501
24,4503
4,4505
4,4506
19,4507
3,4509
5,4510
8,4511
10,4514
6,4515
10,4515
24,4523
3,4524
4,4525
12,4528
5,4529
1,4531
4,4531
2,4532
5,4532
1,4534
3,4534
2,4535
25,4536
1,4536
2,4537
6,4538
22,4551
1,4557
3,4557
11,4558
4,4559
2,4560
5,4560
1,4561
3,4561
2,4562
4,4562
1,4563
2,4565
5,4565
23,4570
1,4571
20,4573
2,4575
1,4576
2,4577
1,4578
19,4578
2,4583
22,4583
16,4585
1,4591
15,4591
1,4592
2,4593
1,4594
12,4594
18,4595
18,4596
11,4597
13,4599
2,4602
2,4603
1,4605
2,4606
1,4608
1,4610
8,4613
2,4618
23,4618
2,4619
7,4626
14,4626
21,4631
12,4633
20,4635
1,4636
2,4637
1,4638
2,4639
1,4641
2,4644
16,4648
16,4657
3,4666
4,4669
4,4670
13,4670
5,4673
5,4674
3,4676
1,4682
1,4683
14,4684
2,4687
2,4689
20,4690
1,4691
6,4691
2,4693
16,4696
12,4709
16,4710
1,4721
1,4723
2,4728
11,4728
1,4729
2,4733
23,4733
2,4734
1,4735
2,4736
25,4738
1,4738
2,4740
1,4741
2,4743
19,4749
1,4755
2,4756
23,4756
1,4757
1,4758
16,4758
22,4758
2,4760
2,4762
3,4778
5,4780
19,4781
4,4782
6,4782
5,4784
3,4785
11,4785
4,4786
11,4786
5,4797
3,4800
4,4802
5,4803
5,4804
4,4805
13,4805
3,4808
16,4816
7,4822
22,4823
1,4825
2,4827
1,4828
22,4828
2,4829
1,4830
2,4831
14,4832
21,4835
4,4846
14,4854
9,4856
23,4864
6,4867
9,4869
18,4875
3,4877
14,4878
7,4879
4,4883
9,4883
4,4887
3,4889
5,4891
25,4892
5,4892
3,4893
16,4894
24,4896
4,4897
20,4897
5,4898
13,4898
25,4901
5,4901
4,4902
3,4907
3,4909
6,4911
1,4912
22,4912
4,4913
1,4916
4,4916
5,4917
25,4919
5,4920
2,4922
3,4923
13,4924
2,4926
1,4927
12,4928
2,4929
9,4935
9,4942
25,4943
15,4949
9,4958
16,4972
3,4973
14,4975
1,4977
2,4978
6,4978
1,4980
13,4982
23,4982
1,4984
2,4986
2,4988
1,4991
2,4992
1,4993
15,4994
2,4995
24,4995
1,4996
2,4997
25,5000
21,5001
25,5005
3,5005
1,5006
5,5006
2,5008
1,5009
4,5010
4,5011
11,5012
1,5013
3,5013
2,5015
5,5016
11,5017
2,5018
22,5027
12,5029
3,5035
9,5035
4,5036
4,5039
10,5041
5,5042
3,5043
5,5044
18,5051
23,5051
9,5052
1,5056
1,5059
2,5063
21,5063
2,5064
9,5068
1,5070
16,5071
2,5073
6,5074
22,5074
23,5075
19,5088
12,5094
11,5095
12,5095
23,5097
19,5103
1,5108
2,5109
23,5109
1,5112
2,5113
1,5115
2,5116
24,5116
9,5117
22,5118
18,5120
3,5121
14,5121
5,5122
5,5126
4,5128
4,5130
21,5131
3,5132
15,5136
14,5138
18,5144
18,5145
3,5149
4,5150
4,5152
5,5153
5,5154
3,5157
3,5159
4,5160
24,5160
4,5161
5,5164
9,5166
3,5170
22,5170
5,5172
14,5184
7,5194
6,5202
1,5204
9,5206
2,5207
1,5208
21,5208
1,5209
2,5210
16,5210
2,5211
1,5212
1,5214
2,5216
2,5217
24,5217
25,5220
16,5221
1,5222
2,5223
16,5230
10,5235
7,5240
10,5240
16,5244
18,5246
3,5247
4,5248
6,5248
5,5250
5,5251
10,5255
3,5256
4,5257
7,5258
22,5259
11,5261
7,5263
8,5264
23,5264
25,5269
3,5269
4,5270
10,5270
3,5272
18,5272
1,5274
5,5276
15,5276
2,5277
4,5277
5,5278
1,5280
12,5280
2,5281
25,5283
1,5283
16,5283
2,5288
9,5290
24,5291
9,5294
8,5296
3,5299
4,5300
10,5300
4,5302
5,5303
3,5306
5,5307
17,5311
22,5311
25,5314
1,5318
25,5320
1,5320
2,5323
1,5324
2,5327
12,5327
2,5329
15,5330
1,5331
1,5333
24,5334
17,5335
2,5337
2,5338
1,5342
2,5345
17,5354
1,5358
2,5359
1,5362
2,5363
1,5364
2,5365
23,5365
8,5372
17,5374
22,5386
2,5387
1,5390
19,5391
2,5392
22,5392
21,5393
1,5396
1,5397
2,5398
2,5400
18,5400
1,5408
2,5409
14,5409
1,5411
1,5412
2,5416
3,5418
19,5418
4,5419
3,5421
5,5422
18,5422
2,5424
5,5428
25,5429
8,5429
4,5430
1,5434
3,5434
4,5435
5,5437
1,5438
3,5438
16,5438
5,5439
2,5440
4,5440
11,5441
2,5442
1,5443
3,5443
2,5444
1,5445
4,5445
19,5446
5,5447
3,5448
4,5450
24,5452
22,5453
5,5454
12,5468
24,5470
1,5475
1,5478
2,5480
1,5482
2,5484
12,5484
2,5486
6,5490
19,5493
1,5494
2,5495
7,5495
1,5496
7,5497
2,5499
1,5500
2,5501
25,5507
1,5511
2,5513
20,5514
1,5515
1,5516
2,5517
2,5519
15,5519
25,5520
6,5520
3,5521
21,5521
4,5522
5,5523
7,5523
5,5524
4,5528
3,5529
22,5531
24,5543
19,5544
11,5553
23,5558
3,5562
4,5563
13,5563
3,5565
4,5566
5,5568
5,5569
1,5571
1,5573
2,5574
2,5575
1,5578
2,5580
10,5582
3,5585
20,5586
4,5588
13,5588
3,5591
7,5591
5,5594
5,5597
18,5598
4,5599
16,5599
18,5601
1,5609
1,5610
2,5611
11,5611
2,5612
1,5613
2,5614
20,5617
24,5625
17,5629
9,5638
17,5639
3,5642
5,5646
5,5648
10,5648
4,5650
3,5654
6,5654
20,5654
4,5655
6,5657
12,5665
15,5669
21,5671
4,5674
22,5685
21,5689
16,5691
20,5694
23,5698
10,5701
10,5706
12,5707
21,5707
21,5714
24,5714
3,5715
5,5716
5,5718
4,5719
18,5719
3,5722
4,5724
6,5730
3,5732
4,5733
4,5735
5,5736
3,5738
5,5740
7,5740
10,5744
16,5745
16,5746
25,5752
14,5774
1,5776
20,5781
1,5783
1,5785
2,5786
1,5787
22,5787
23,5788
2,5790
2,5791
23,5792
25,5794
18,5794
18,5800
3,5802
23,5803
4,5804
5,5805
4,5809
3,5811
5,5812
13,5818
4,5821
1,5823
2,5824
25,5827
1,5831
2,5834
1,5835
2,5836
14,5842
8,5843
15,5847
13,5853
12,5856
15,5859
12,5866
14,5866
23,5871
14,5872
3,5879
13,5879
5,5881
4,5884
3,5885
10,5887
15,5887
5,5888
4,5890
13,5890
11,5896
23,5904
1,5909
14,5910
1,5912
2,5914
1,5918
1,5919
2,5920
2,5921
3,5922
1,5923
2,5924
1,5925
4,5926
1,5927
2,5928
5,5928
15,5929
5,5930
3,5931
4,5932
6,5932
2,5935
17,5937
12,5943
25,5948
16,5949
1,5952
1,5953
6,5953
2,5954
8,5954
2,5955
1,5958
2,5959
25,5969
2,5970
14,5972
10,5983
16,5987
8,5993
21,5994
6,5996
1,6002
11,6002
16,6002
1,6003
2,6005
2,6007
1,6009
2,6010
3,6010
4,6012
4,6013
18,6013
5,6014
5,6015
3,6016
19,6022
20,6028
1,6030
22,6033
2,6034
8,6034
1,6035
19,6036
1,6037
2,6039
3,6042
10,6042
24,6042
2,6043
4,6043
5,6046
25,6049
5,6053
4,6054
3,6058
5,6059
1,6072
2,6073
9,6074
1,6075
2,6077
7,6078
6,6079
11,6080
1,6082
14,6083
2,6084
11,6086
12,6095
20,6108
17,6111
6,6114
7,6116
6,6121
25,6128
1,6137
8,6137
23,6137
16,6141
22,6141
20,6146
22,6149
2,6154
15,6154
20,6164
6,6167
19,6170
21,6174
15,6175
9,6179
13,6179
17,6180
6,6181
6,6197
18,6197
24,6209
24,6215
21,6216
1,6224
2,6225
8,6226
23,6226
14,6228
1,6231
2,6233
1,6234
2,6236
1,6237
1,6238
21,6239
2,6241
18,6241
21,6244
17,6246
1,6248
2,6250
2,6251
3,6252
1,6253
2,6254
5,6255
4,6256
1,6257
3,6257
9,6257
1,6259
14,6259
2,6260
2,6261
5,6262
21,6262
4,6267
3,6277
4,6278
3,6279
23,6281
4,6282
1,6283
2,6284
1,6285
1,6286
2,6287
5,6287
2,6288
5,6288
22,6289
22,6290
6,6292
13,6293
6,6294
20,6297
15,6298
23,6304
18,6307
18,6310
3,6315
5,6316
4,6318
5,6319
9,6319
4,6321
12,6322
1,6323
3,6323
2,6324
1,6328
11,6328
1,6329
2,6330
2,6332
3,6334
4,6335
5,6337
3,6338
5,6339
4,6340
11,6340
17,6351
9,6352
19,6352
7,6353
23,6355
6,6359
3,6364
14,6364
5,6365
4,6366
4,6367
3,6369
5,6370
22,6375
23,6383
3,6391
4,6392
3,6396
5,6397
4,6398
5,6401
8,6401
7,6407
3,6409
5,6410
4,6411
5,6413
16,6413
3,6414
15,6415
4,6417
25,6418
1,6420
7,6420
20,6420
2,6422
1,6423
24,6423
2,6424
22,6426
12,6427
1,6428
2,6429
2,6430
8,6431
3,6433
4,6437
18,6438
20,6439
5,6440
5,6441
4,6442
10,6443
17,6443
3,6444
12,6445
1,6451
8,6451
1,6453
2,6455
24,6455
1,6456
2,6457
2,6458
12,6462
3,6465
4,6470
5,6471
4,6472
5,6473
15,6473
18,6474
1,6477
3,6477
2,6478
1,6479
1,6480
2,6481
2,6482
8,6486
19,6493
11,6497
9,6501
23,6505
11,6512
24,6512
18,6516
15,6521
19,6521
20,6522
12,6526
1,6537
2,6539
1,6542
9,6542
1,6545
2,6550
2,6551
16,6551
14,6556
14,6571
16,6571
19,6575
13,6580
15,6580
18,6580
19,6584
1,6591
2,6594
1,6595
24,6596
1,6597
2,6598
2,6599
3,6599
10,6599
11,6599
4,6600
5,6601
11,6601
3,6602
5,6604
7,6605
4,6606
20,6610
1,6614
2,6615
1,6616
1,6617
2,6618
2,6619
18,6623
7,6625
1,6626
24,6628
1,6629
2,6630
14,6631
2,6632
1,6637
2,6638
10,6638
17,6645
12,6652
1,6656
2,6657
1,6660
2,6661
1,6665
8,6665
2,6669
22,6671
20,6674
9,6676
12,6680
8,6681
1,6682
1,6684
2,6685
2,6687
1,6689
2,6690
13,6692
16,6701
8,6703
20,6703
15,6711
7,6718
23,6721
25,6724
11,6725
10,6729
1,6731
16,6731
1,6734
2,6735
1,6737
2,6738
2,6739
1,6741
2,6742
1,6745
2,6746
19,6746
1,6748
20,6748
2,6749
21,6749
11,6751
3,6752
4,6754
12,6754
5,6757
15,6757
5,6758
4,6760
22,6763
3,6765
13,6765
5,6766
1,6779
3,6779
24,6779
3,6782
1,6783
4,6784
4,6785
2,6787
3,6788
5,6789
2,6790
5,6790
1,6791
9,6791
18,6791
2,6792
1,6799
2,6801
7,6801
1,6803
2,6805
15,6805
1,6806
19,6810
2,6811
17,6820
21,6820
24,6821
3,6824
5,6825
4,6827
3,6828
4,6829
5,6831
16,6832
9,6834
2,6836
19,6841
19,6845
16,6852
14,6853
3,6856
5,6857
19,6857
4,6858
5,6862
4,6863
1,6865
22,6866
1,6867
3,6867
2,6868
3,6871
2,6873
5,6874
4,6877
1,6879
4,6879
3,6880
5,6881
2,6882
16,6883
22,6884
7,6886
9,6895
1,6898
2,6899
1,6900
10,6901
1,6902
25,6903
2,6903
2,6905
12,6905
25,6908
20,6920
13,6924
12,6929
21,6930
8,6936
3,6942
4,6943
14,6943
5,6947
4,6948
11,6948
3,6949
5,6952
19,6963
3,6965
5,6967
5,6969
9,6969
4,6970
3,6971
4,6974
19,6980
17,6984
14,6986
18,6986
20,6986
25,6989
22,6991
18,7000
3,7003
4,7004
5,7006
3,7009
4,7011
2,7016
5,7017
21,7019
16,7022
18,7023
10,7024
13,7026
22,7026
9,7028
19,7042
1,7050
2,7051
1,7052
1,7053
12,7053
15,7053
20,7054
2,7055
3,7057
8,7057
2,7058
18,7058
2,7059
6,7059
4,7064
5,7065
4,7066
5,7068
3,7069
15,7072
7,7073
24,7075
3,7080
5,7083
4,7084
5,7086
4,7087
3,7090
18,7096
3,7097
4,7098
3,7099
5,7100
5,7101
4,7102
25,7104
9,7109
6,7111
3,7112
13,7112
5,7115
11,7115
25,7116
9,7116
3,7119
4,7121
20,7122
20,7124
4,7126
1,7130
5,7131
11,7132
3,7134
2,7135
1,7136
5,7136
1,7138
2,7139
2,7140
24,7140
15,7145
7,7157
19,7162
21,7166
3,7169
4,7172
5,7173
3,7174
4,7177
1,7178
5,7178
1,7179
2,7181
1,7183
6,7185
9,7185
2,7186
2,7189
4,7189
7,7189
6,7190
21,7190
3,7192
16,7192
4,7193
11,7193
3,7194
5,7195
4,7198
22,7198
19,7199
5,7200
8,7202
20,7203
1,7211
1,7212
2,7213
25,7214
1,7216
7,7216
2,7217
17,7217
2,7218
12,7221
21,7222
17,7223
1,7232
2,7233
20,7233
1,7234
2,7236
1,7239
22,7245
2,7247
11,7249
10,7252
1,7261
2,7262
19,7262
25,7264
1,7265
1,7266
21,7268
2,7270
2,7271
25,7272
7,7272
1,7275
2,7277
10,7277
1,7279
2,7282
1,7283
3,7283
2,7284
5,7284
7,7286
4,7288
8,7290
4,7294
24,7294
5,7299
1,7302
3,7302
2,7303
1,7304
2,7305
1,7306
2,7308
11,7309
1,7313
16,7313
2,7315
21,7315
9,7317
1,7319
1,7320
20,7320
6,7326
23,7326
2,7329
2,7330
5,7330
12,7334
3,7344
5,7346
1,7347
2,7348
5,7348
4,7349
1,7351
4,7351
3,7352
24,7353
2,7354
1,7355
2,7356
17,7357
14,7359
1,7360
1,7362
2,7367
2,7370
23,7371
1,7372
2,7375
22,7376
25,7379
1,7379
12,7380
1,7382
2,7383
1,7384
2,7389
2,7390
3,7390
9,7391
4,7392
3,7393
20,7393
24,7393
5,7394
5,7397
24,7397
4,7398
24,7403
1,7408
14,7408
1,7410
16,7411
2,7414
1,7415
2,7416
2,7417
3,7420
4,7421
5,7423
3,7424
6,7424
5,7425
17,7425
4,7427
8,7427
9,7432
16,7432
12,7438
20,7440
3,7442
19,7442
4,7443
3,7444
12,7444
5,7446
5,7448
4,7449
9,7455
17,7458
3,7459
5,7462
4,7463
23,7463
25,7465
5,7466
10,7466
3,7468
4,7469
7,7473
3,7476
23,7476
5,7482
4,7484
1,7485
4,7485
3,7486
2,7487
5,7487
1,7488
1,7490
2,7495
25,7496
2,7496
17,7497
15,7502
6,7503
15,7511
3,7514
5,7515
1,7518
2,7519
4,7520
1,7521
4,7521
2,7523
1,7524
20,7524
22,7525
2,7526
17,7526
5,7527
18,7527
3,7528
20,7531
16,7535
14,7538
19,7540
1,7541
1,7542
2,7544
18,7546
14,7547
1,7548
16,7549
2,7550
2,7551
3,7552
16,7552
24,7553
5,7554
6,7555
18,7557
4,7558
14,7559
4,7560
5,7561
3,7562
12,7568
17,7576
8,7581
22,7581
25,7585
9,7585
9,7586
1,7598
2,7599
1,7600
2,7601
11,7601
1,7602
2,7604
3,7605
4,7607
10,7607
16,7607
5,7608
1,7609
3,7609
5,7610
4,7611
21,7611
1,7617
2,7619
11,7619
19,7619
24,7620
2,7621
1,7622
2,7624
25,7645
20,7648
3,7651
8,7652
16,7653
19,7654
4,7655
5,7656
3,7658
11,7659
4,7660
5,7661
1,7662
1,7664
6,7664
17,7664
2,7668
1,7670
2,7671
13,7671
2,7672
6,7679
12,7680
20,7685
22,7686
2,7689
1,7694
15,7698
1,7700
2,7703
1,7705
9,7706
2,7709
3,7709
2,7710
4,7710
1,7711
5,7711
2,7712
3,7712
5,7713
13,7713
1,7714
4,7715
2,7716
13,7719
17,7719
1,7720
11,7722
2,7723
17,7727
21,7735
17,7747
3,7750
4,7751
4,7753
1,7754
5,7754
3,7755
2,7756
6,7756
25,7757
1,7757
5,7757
1,7758
2,7760
2,7761
3,7767
4,7768
21,7769
5,7770
22,7771
5,7772
3,7773
14,7773
19,7773
4,7776
18,7778
10,7788
17,7790
10,7792
15,7795
1,7797
14,7798
2,7799
1,7800
1,7801
22,7801
2,7806
2,7807
11,7808
22,7808
11,7814
1,7817
1,7818
2,7820
1,7821
2,7822
9,7822
2,7823
24,7824
3,7825
5,7826
4,7827
10,7829
13,7829
4,7832
20,7832
1,7834
17,7835
5,7836
2,7837
12,7837
3,7838
1,7839
18,7840
13,7841
1,7844
2,7845
4,7845
20,7845
2,7849
3,7850
4,7855
3,7856
5,7862
5,7863
4,7864
10,7864
12,7871
17,7876
22,7878
1,7883
2,7884
1,7885
24,7885
2,7889
1,7890
2,7891
3,7891
12,7893
15,7894
25,7895
5,7896
5,7898
9,7898
1,7899
2,7902
4,7902
7,7902
5,7903
4,7904
1,7905
3,7905
1,7906
21,7906
2,7907
2,7908
22,7911
16,7912
19,7912
22,7914
1,7915
23,7918
2,7919
1,7920
2,7922
1,7925
2,7926
15,7928
1,7939
8,7939
2,7940
1,7943
18,7943
1,7944
7,7944
23,7944
6,7945
2,7946
2,7948
21,7959
16,7960
1,7965
2,7966
1,7967
14,7968
2,7969
9,7969
1,7971
2,7972
24,7974
14,7983
1,7984
1,7985
2,7987
1,7988
2,7992
2,7993
14,7998
11,8002
7,8013
12,8014
16,8015
11,8016
21,8021
3,8022
6,8023
24,8023
4,8026
3,8027
4,8029
5,8030
5,8032
24,8044
1,8050
12,8050
1,8051
22,8051
2,8052
2,8054
1,8055
2,8056
1,8058
2,8060
16,8065
21,8066
1,8068
1,8069
23,8070
3,8071
4,8073
5,8074
2,8075
3,8075
5,8076
25,8078
4,8079
23,8079
9,8080
2,8081
24,8082
1,8085
1,8086
2,8087
21,8087
2,8092
1,8093
2,8096
13,8097
24,8108
14,8110
3,8112
18,8125
16,8131
16,8133
1,8144
2,8148
1,8150
2,8153
1,8156
2,8157
3,8158
4,8160
5,8162
9,8162
5,8163
17,8163
4,8165
3,8166
9,8177
2,8178
23,8190
19,8194
13,8197
14,8199
12,8205
1,8206
2,8207
1,8208
2,8209
1,8211
2,8212
6,8214
8,8217
2,8241
3,8242
4,8244
5,8245
18,8246
4,8247
14,8247
5,8252
4,8255
3,8256
22,8258
19,8263
15,8264
25,8271
16,8272
1,8273
1,8274
15,8274
2,8275
10,8276
1,8278
11,8279
2,8280
22,8280
2,8281
3,8281
4,8282
5,8287
24,8287
9,8288
13,8290
4,8293
3,8294
5,8296
4,8298
1,8302
1,8303
2,8304
6,8304
1,8306
25,8309
2,8309
2,8311
23,8311
3,8312
4,8313
5,8315
5,8316
4,8320
3,8321
3,8324
4,8326
5,8331
16,8333
4,8334
12,8334
3,8336
5,8337
1,8340
2,8342
1,8343
2,8344
1,8346
2,8347
9,8352
10,8355
17,8355
17,8358
1,8361
2,8362
1,8363
3,8363
1,8364
4,8365
5,8366
2,8367
2,8368
14,8368
22,8368
3,8369
4,8370
23,8375
5,8380
1,8382
1,8383
19,8383
2,8384
2,8385
1,8386
12,8386
2,8388
8,8390
2,8397
11,8399
19,8401
24,8403
15,8404
16,8404
3,8409
4,8410
7,8410
5,8412
12,8413
4,8414
7,8414
3,8415
1,8416
2,8417
5,8417
1,8418
10,8418
1,8419
3,8420
2,8421
2,8422
4,8423
4,8426
7,8426
3,8427
14,8432
5,8433
14,8433
21,8433
1,8435
5,8435
12,8436
8,8437
1,8439
13,8439
3,8440
17,8440
5,8442
2,8443
7,8443
1,8444
4,8445
2,8447
4,8447
3,8448
2,8449
5,8449
6,8449
3,8452
18,8454
5,8456
5,8457
1,8458
1,8460
4,8460
21,8460
2,8461
4,8461
18,8461
1,8462
3,8462
16,8463
2,8464
2,8465
10,8467
3,8473
20,8473
4,8478
5,8480
5,8481
3,8482
4,8484
22,8489
21,8491
25,8492
22,8493
3,8494
14,8494
21,8494
5,8496
11,8496
4,8501
4,8503
19,8503
3,8504
5,8505
9,8518
13,8521
3,8522
4,8523
6,8523
23,8523
3,8524
22,8525
4,8526
1,8530
2,8531
1,8532
5,8532
5,8533
2,8534
12,8534
1,8538
2,8539
1,8541
1,8542
3,8542
8,8542
2,8543
4,8544
1,8546
4,8547
3,8548
2,8549
2,8550
5,8551
5,8553
1,8560
14,8560
2,8561
1,8562
17,8562
23,8562
2,8563
1,8564
18,8565
2,8566
23,8577
6,8580
14,8581
9,8585
8,8599
24,8599
20,8608
10,8611
20,8615
24,8615
8,8617
21,8620
20,8624
23,8629
8,8630
3,8636
5,8636
14,8638
18,8638
5,8640
6,8640
5,8641
4,8642
3,8643
4,8645
25,8652
3,8653
5,8654
4,8655
11,8655
17,8655
4,8656
18,8658
5,8661
3,8662
25,8667
3,8668
18,8668
4,8669
3,8671
5,8673
4,8674
23,8674
5,8677
23,8682
3,8686
18,8686
4,8688
5,8690
11,8690
3,8691
4,8693
1,8695
1,8696
5,8696
8,8696
2,8698
2,8699
1,8700
2,8702
3,8705
11,8707
5,8708
4,8709
3,8710
4,8711
25,8712
5,8712
23,8713
19,8715
7,8723
23,8723
13,8729
25,8731
23,8733
1,8735
22,8735
1,8736
2,8737
1,8738
22,8739
25,8742
2,8742
2,8743
14,8745
3,8748
5,8750
18,8752
24,8752
19,8753
5,8755
5,8756
4,8758
4,8759
17,8760
2,8761
3,8763
18,8771
24,8772
14,8773
17,8777
25,8784
3,8785
5,8786
4,8787
5,8788
24,8788
3,8789
11,8791
22,8791
1,8792
4,8792
17,8792
2,8793
23,8793
1,8794
3,8795
5,8796
1,8798
4,8798
3,8799
4,8800
2,8801
5,8801
11,8801
21,8805
2,8806
13,8816
21,8816
1,8820
2,8821
1,8822
9,8823
1,8824
2,8825
2,8828
1,8832
2,8833
14,8833
1,8834
24,8835
15,8836
2,8838
1,8839
2,8841
24,8842
17,8844
16,8849
1,8851
2,8855
1,8856
2,8858
24,8859
1,8861
2,8862
3,8863
5,8864
4,8866
4,8868
5,8870
15,8870
3,8872
24,8873
10,8878
9,8880
25,8883
8,8884
3,8887
4,8888
3,8890
4,8891
5,8894
9,8894
5,8895
17,8897
6,8898
14,8903
18,8903
13,8911
14,8912
9,8913
17,8913
7,8914
20,8914
20,8917
1,8921
2,8924
9,8925
10,8925
1,8927
2,8928
1,8932
2,8934
11,8934
17,8935
13,8938
14,8942
17,8943
7,8945
16,8951
24,8952
24,8956
8,8959
13,8960
6,8965
6,8966
3,8968
4,8969
3,8970
5,8973
13,8974
5,8977
4,8978
12,8979
24,8986
3,8988
5,8989
4,8990
4,8991
3,8993
7,8993
5,8994
19,8994
25,8997
15,8998
3,9004
4,9005
5,9006
3,9007
4,9009
5,9010
21,9015
3,9016
5,9018
4,9020
16,9020
4,9022
5,9023
22,9023
3,9024
12,9029
19,9032
10,9033
13,9035
3,9037
4,9039
23,9040
10,9042
5,9043
5,9044
14,9045
24,9045
4,9047
24,9047
3,9050
15,9052
7,9053
10,9059
25,9061
20,9067
3,9069
4,9070
4,9071
8,9073
3,9074
22,9076
5,9077
17,9081
5,9082
21,9085
21,9088
1,9095
2,9097
1,9098
24,9098
1,9099
6,9099
2,9100
2,9101
16,9105
25,9116
22,9117
10,9126
15,9131
21,9132
23,9134
24,9137
23,9141
4,9143
1,9148
22,9149
1,9150
2,9151
3,9151
5,9152
1,9153
1,9154
4,9154
2,9156
4,9156
6,9156
5,9158
2,9159
3,9159
3,9165
15,9165
4,9166
1,9167
1,9168
5,9168
2,9169
25,9170
1,9171
4,9172
2,9173
5,9173
2,9174
3,9175
22,9176
3,9179
15,9180
4,9181
5,9183
5,9187
3,9188
4,9189
12,9193
17,9194
25,9195
1,9196
2,9197
1,9201
2,9203
1,9204
2,9205
9,9205
15,9211
18,9219
13,9222
3,9225
22,9225
4,9226
4,9229
5,9231
3,9232
5,9234
3,9235
25,9236
10,9236
11,9236
4,9237
3,9238
13,9239
21,9242
1,9244
2,9245
5,9246
1,9247
1,9248
10,9249
2,9250
5,9250
11,9250
18,9250
2,9251
4,9252
11,9252
3,9253
4,9255
11,9258
3,9259
5,9260
5,9261
4,9263
11,9263
16,9263
15,9266
6,9272
22,9272
10,9276
15,9282
21,9283
25,9284
1,9286
2,9287
3,9287
5,9288
12,9291
4,9292
12,9292
4,9293
1,9295
5,9296
15,9296
3,9297
1,9299
2,9300
2,9301
22,9303
10,9308
17,9311
15,9314
16,9316
3,9321
4,9323
1,9325
3,9325
5,9326
2,9327
5,9327
1,9328
4,9328
1,9330
2,9331
24,9331
2,9332
3,9332
4,9333
4,9334
5,9335
1,9336
3,9338
2,9339
5,9339
1,9342
2,9343
1,9344
2,9345
25,9348
1,9361
23,9361
2,9362
1,9363
1,9365
2,9366
2,9368
8,9374
1,9375
11,9377
3,9379
6,9379
4,9380
8,9380
3,9381
5,9382
4,9384
5,9385
7,9391
10,9392
16,9393
9,9403
1,9405
2,9406
1,9407
3,9407
25,9408
4,9408
4,9409
2,9412
3,9412
1,9414
5,9414
5,9416
2,9417
14,9418
6,9430
3,9433
4,9434
3,9437
1,9438
5,9439
4,9440
5,9441
15,9443
6,9444
11,9456
21,9462
17,9465
11,9469
3,9472
3,9473
18,9477
25,9479
5,9479
4,9480
13,9480
3,9481
17,9482
10,9484
19,9485
5,9486
3,9489
4,9491
24,9492
24,9493
1,9497
12,9498
14,9498
1,9499
2,9501
1,9502
16,9502
2,9503
2,9505
18,9510
24,9515
25,9517
8,9520
10,9520
22,9520
1,9523
2,9525
1,9526
13,9527
2,9528
1,9532
2,9534
15,9535
3,9541
5,9543
4,9547
1,9548
3,9548
1,9551
5,9551
2,9552
4,9553
1,9554
2,9555
2,9556
13,9557
16,9566
10,9569
1,9570
15,9570
12,9572
1,9574
3,9574
4,9575
1,9576
5,9576
13,9576
3,9577
2,9579
1,9580
4,9580
5,9581
17,9581
2,9582
2,9584
7,9584
17,9585
3,9586
1,9587
4,9588
4,9590
10,9590
21,9590
5,9591
5,9592
22,9595
3,9596
17,9603
24,9605
8,9606
13,9606
1,9610
11,9610
2,9612
1,9613
1,9615
6,9616
2,9619
19,9619
24,9619
2,9620
17,9621
4,9625
11,9631
23,9638
18,9640
3,9645
9,9646
21,9646
8,9648
1,9652
1,9654
2,9655
1,9656
11,9656
2,9657
3,9658
11,9659
2,9660
4,9661
5,9662
3,9664
5,9666
22,9666
11,9667
1,9669
2,9670
1,9672
4,9672
2,9674
1,9675
3,9675
4,9676
14,9676
4,9677
2,9678
5,9678
5,9679
3,9680
22,9682
24,9693
6,9694
9,9696
15,9696
1,9701
3,9704
5,9705
4,9706
4,9708
3,9710
5,9712
19,9715
25,9716
25,9721
20,9722
12,9727
22,9728
14,9730
17,9731
25,9739
23,9742
4,9743
8,9751
21,9755
10,9762
1,9763
2,9764
8,9765
3,9767
4,9769
1,9770
2,9771
5,9773
5,9774
7,9774
6,9777
21,9778
1,9779
4,9779
2,9780
3,9782
10,9782
23,9783
8,9784
7,9793
15,9793
18,9799
8,9800
25,9802
16,9804
1,9810
2,9811
1,9814
2,9815
1,9816
13,9819
2,9820
22,9822
10,9824
22,9824
21,9827
16,9843
11,9848
1,9856
2,9857
13,9857
24,9858
1,9859
2,9860
1,9861
2,9862
8,9868
18,9869
13,9876
12,9883
1,9885
7,9886
1,9888
15,9890
2,9891
3,9891
2,9892
5,9893
4,9894
1,9895
2,9896
5,9897
3,9899
4,9900
21,9918
1,9921
25,9922
23,9922
1,9923
2,9925
14,9926
1,9931
25,9932
2,9932
2,9933
18,9933
19,9937
22,9937
25,9943
22,9944
19,9950
25,9953
3,9965
2,9966
4,9968
3,9972
5,9973
4,9975
5,9976
12,9976
25,9977
3,9977
15,9977
4,9979
8,9980
5,9981
3,9982
4,9983
5,9985
1,9997
1,9998
2,9999
