16,2
48,2
6,3
38,4
16,6
22,7
24,7
11,10
1,11
17,12
26,12
59,12
46,13
25,15
59,16
7,17
16,18
25,18
3,19
10,19
4,20
5,21
10,21
5,24
4,25
6,25
28,25
43,25
53,25
22,26
60,27
1,27
6,27
46,27
50,27
2,28
19,28
35,28
57,28
1,29
58,29
2,30
20,30
3,31
46,31
46,32
55,33
1,34
26,34
28,36
19,37
57,37
7,38
15,40
2,41
18,41
42,41
55,44
23,45
60,46
59,47
57,49
7,50
30,50
40,50
41,50
53,50
11,52
56,52
48,53
24,54
33,54
11,55
24,58
31,58
53,59
42,60
38,61
46,61
2,62
40,62
57,62
59,62
10,63
13,63
46,64
25,65
32,71
35,71
35,72
24,73
19,74
36,76
19,79
47,80
47,81
14,82
53,82
28,84
53,85
37,86
44,86
1,87
5,87
24,87
1,88
11,88
2,89
2,90
18,90
30,92
37,92
1,93
2,94
48,96
41,98
56,98
21,99
16,100
35,100
29,101
15,103
9,104
13,104
19,104
55,106
7,109
55,109
26,110
3,111
31,111
6,113
10,113
23,114
16,116
34,119
7,120
12,120
30,120
48,121
52,121
12,122
18,122
44,122
33,123
32,124
27,125
39,126
7,127
18,128
33,130
48,130
56,130
6,131
16,131
28,131
48,131
56,133
8,134
37,134
50,134
37,138
45,139
55,139
7,140
30,142
57,143
59,143
13,145
36,145
42,145
6,146
21,146
39,146
24,147
58,149
24,151
33,152
30,153
18,154
26,155
3,156
4,157
6,158
55,158
49,160
5,162
56,163
3,164
47,164
34,165
1,166
19,166
14,167
18,167
35,167
2,168
4,168
23,168
1,169
5,169
42,169
2,170
32,170
55,171
1,172
25,172
20,173
40,173
2,174
38,175
49,175
31,176
28,177
53,178
59,178
20,179
31,180
29,181
56,181
24,182
36,184
38,184
59,184
37,186
41,188
52,189
3,190
57,190
39,192
53,192
5,193
45,194
1,195
4,195
32,195
2,196
5,196
49,196
1,197
3,197
4,198
16,198
2,200
36,200
17,201
1,202
2,203
48,203
14,205
16,205
35,205
53,205
18,208
42,208
50,208
54,210
34,211
59,211
37,212
43,212
59,212
25,214
21,215
41,215
37,216
3,217
22,218
5,219
42,219
5,220
9,221
15,221
4,222
9,222
10,222
47,222
4,223
53,223
54,223
12,227
22,227
47,227
19,229
29,229
32,229
43,229
51,229
45,230
3,231
4,232
43,232
37,236
41,237
1,238
7,238
11,240
17,240
1,241
8,241
31,242
2,243
3,243
47,243
57,243
44,244
2,245
21,245
34,245
1,246
23,246
26,246
4,247
26,247
5,248
2,249
4,249
16,249
18,249
34,249
54,249
34,250
42,251
44,251
5,252
39,252
44,252
3,253
16,254
50,256
58,256
60,259
42,259
16,260
20,260
1,261
2,262
47,262
17,264
18,264
47,264
47,265
37,266
1,267
2,268
37,268
1,269
2,270
60,271
38,271
26,274
2,277
54,277
38,278
7,279
18,279
6,280
13,280
56,280
39,281
19,282
49,282
24,283
25,285
53,285
28,286
25,287
24,290
44,290
58,290
24,291
25,291
27,291
31,294
9,295
47,296
34,297
17,298
43,299
18,303
9,305
42,305
56,306
24,308
55,309
28,310
20,311
38,311
58,311
34,313
38,313
35,314
32,315
25,316
4,317
40,317
44,317
49,317
60,318
22,318
47,318
25,319
33,319
3,320
57,320
5,321
2,323
17,323
4,325
4,326
3,327
19,327
57,327
5,328
28,329
60,330
1,330
33,330
53,330
5,332
21,332
23,332
2,333
23,333
57,333
1,334
11,335
1,336
11,336
51,336
54,336
57,337
53,338
2,339
17,339
2,341
27,341
58,343
32,344
43,344
6,345
3,347
47,348
50,348
4,350
3,351
5,352
5,353
34,355
56,355
4,357
31,357
29,358
1,359
35,359
49,359
1,360
2,361
26,361
41,361
42,361
40,362
52,363
13,366
30,367
51,367
17,369
6,370
15,370
21,370
54,370
1,371
51,372
2,373
45,373
22,374
2,375
25,375
58,375
28,377
49,377
10,378
11,379
17,379
26,379
30,380
56,380
1,382
33,382
58,383
2,384
15,385
1,386
9,386
21,388
2,390
17,390
1,391
28,391
6,392
20,392
38,392
28,393
22,394
3,395
12,395
53,395
1,396
2,397
6,397
39,398
25,401
30,403
3,404
25,404
44,404
4,405
7,405
10,405
1,407
17,407
44,407
33,408
17,409
46,409
52,409
1,410
4,410
39,410
52,410
3,411
39,411
2,412
5,412
1,413
2,414
5,417
57,418
2,420
17,420
32,420
57,420
11,421
46,421
52,421
54,422
6,423
13,423
52,423
32,424
60,425
47,425
60,427
42,427
48,428
58,429
18,430
59,430
3,431
36,431
47,431
3,433
60,435
5,435
38,435
55,435
4,436
29,437
41,437
5,438
3,440
8,440
36,440
4,441
4,442
8,442
15,443
31,443
56,443
46,444
48,445
32,446
17,448
22,448
50,448
7,450
29,452
45,455
27,456
53,457
41,458
18,459
26,459
40,459
50,459
49,460
52,460
24,461
60,462
43,462
58,463
23,465
50,465
53,466
48,467
11,468
50,469
7,470
13,470
30,470
60,471
22,471
6,473
60,475
32,475
21,476
9,477
39,477
3,478
34,478
47,478
48,479
4,480
12,480
18,480
30,480
3,481
44,481
5,482
4,483
33,483
36,483
15,484
45,484
20,485
5,486
54,490
3,492
45,492
3,493
34,493
25,495
36,496
11,497
49,497
6,498
14,500
45,501
35,502
57,502
60,503
2,505
28,505
22,506
26,506
37,506
52,507
44,508
41,509
6,511
54,512
5,513
6,513
22,513
9,514
29,514
39,514
12,515
21,515
40,515
60,516
49,516
57,517
27,518
28,518
41,519
42,519
30,520
53,520
9,521
22,523
9,524
27,524
30,525
34,526
46,526
50,526
14,528
58,529
34,531
44,531
25,532
46,532
47,534
55,535
58,537
27,539
50,539
9,540
20,541
21,541
6,542
18,542
33,542
37,542
40,544
51,545
33,546
58,547
42,549
59,550
50,551
18,552
4,554
59,554
29,555
50,555
21,556
22,556
13,558
28,558
20,559
23,559
19,561
48,561
38,562
56,562
8,563
18,563
13,564
37,564
33,565
55,565
60,566
47,566
41,567
42,567
46,568
18,569
26,570
34,570
1,571
51,571
21,572
35,572
43,572
2,573
25,574
34,574
1,577
38,578
58,578
1,579
37,579
43,579
33,580
2,581
18,581
2,582
44,582
53,584
17,586
53,586
28,587
32,587
43,591
18,592
44,593
56,597
12,598
42,599
44,600
25,601
35,601
16,602
28,603
41,603
54,603
55,603
34,604
45,604
47,604
58,605
20,606
42,606
18,607
20,610
20,611
55,611
24,614
57,614
40,615
1,617
2,617
2,618
9,618
1,620
42,620
21,621
31,621
41,621
1,622
22,622
45,623
2,624
2,625
13,625
18,625
31,626
59,626
34,627
41,627
13,628
52,628
1,629
30,629
22,630
54,630
55,630
1,631
15,632
6,633
14,633
59,633
2,636
45,636
2,637
1,639
24,640
45,640
21,641
2,642
40,644
20,645
59,645
7,646
52,648
23,649
26,649
38,649
47,651
10,653
19,655
21,655
3,656
10,656
4,657
6,657
45,657
53,658
37,659
5,660
7,660
11,660
42,660
3,661
16,661
45,661
47,661
19,663
4,664
1,665
7,665
60,666
21,666
5,668
11,668
29,668
2,669
16,669
1,670
1,671
40,671
2,672
2,673
16,673
21,673
28,674
48,674
47,676
60,677
29,677
7,678
45,678
54,679
21,681
25,681
8,682
21,682
44,682
24,683
8,685
57,686
23,687
8,688
16,688
37,688
3,689
4,690
35,690
4,691
51,691
5,692
5,693
3,694
49,694
60,695
2,696
31,697
38,697
33,700
10,703
55,704
18,705
6,706
7,708
12,711
53,711
35,712
4,713
9,714
43,714
17,717
40,717
43,717
21,718
51,719
15,721
25,722
51,723
47,724
8,725
36,726
50,728
51,728
42,732
38,733
23,737
27,737
36,737
60,738
20,738
44,738
60,739
43,740
27,742
41,743
54,743
43,746
23,748
36,748
30,750
31,753
58,753
36,755
13,757
30,759
45,759
37,761
3,762
14,763
32,763
48,763
52,763
4,764
22,764
19,765
5,766
3,767
12,767
20,767
57,767
23,768
33,768
35,768
5,769
33,769
4,771
2,772
56,772
25,773
39,773
35,774
54,774
40,775
16,776
42,776
56,777
3,778
5,779
12,779
38,779
5,780
24,780
4,781
19,781
60,782
4,782
18,782
34,782
57,783
3,784
39,784
46,786
34,787
57,787
5,788
26,788
3,789
35,791
47,792
57,792
16,793
17,795
21,796
44,796
52,796
4,798
12,798
25,799
5,800
12,800
21,800
25,800
8,801
20,801
26,801
4,802
26,802
34,802
39,803
48,803
3,804
12,804
31,804
41,806
5,807
60,808
6,808
41,810
42,810
39,811
42,811
11,812
46,812
46,813
6,814
55,814
11,816
20,816
56,818
34,819
58,820
46,821
49,824
6,826
19,826
18,827
23,827
35,827
43,828
34,829
3,830
36,830
52,830
4,831
10,833
14,833
45,833
48,833
60,834
24,834
28,835
51,835
3,836
43,836
5,837
33,837
60,838
5,838
46,839
60,840
4,840
37,842
22,843
52,843
59,845
49,846
49,850
28,853
31,853
38,853
58,854
32,855
10,857
42,857
7,859
23,859
29,859
58,859
31,860
56,860
41,862
59,862
11,863
56,863
57,863
40,865
53,866
54,866
30,868
20,869
36,869
60,871
38,871
59,871
41,872
46,872
57,873
25,874
43,875
54,875
39,876
52,876
16,877
16,878
46,879
21,881
43,882
36,885
47,886
16,887
17,887
46,888
50,888
22,890
17,891
25,891
44,892
28,893
31,893
34,893
1,894
2,895
40,895
44,895
59,895
57,896
1,897
24,897
34,898
46,898
2,899
8,899
41,899
47,899
53,899
1,900
7,900
30,900
3,901
23,901
51,901
2,902
5,902
24,903
50,903
25,904
44,904
4,905
5,906
58,907
3,908
7,908
38,909
4,910
50,910
13,911
58,912
52,913
16,915
23,916
60,918
13,918
9,919
50,919
57,919
56,920
21,922
23,922
58,923
19,925
60,926
53,926
58,927
45,930
11,931
58,931
59,931
8,932
27,933
51,933
57,933
44,934
13,935
15,935
20,935
52,936
46,938
60,939
19,940
26,940
1,941
11,941
57,941
1,942
2,943
10,944
33,945
25,946
44,946
41,948
47,948
52,950
1,951
39,951
2,952
17,952
25,952
2,953
13,953
50,956
28,958
13,960
43,961
41,962
54,962
46,963
54,964
12,967
13,967
33,967
39,968
49,968
26,969
49,970
3,971
59,971
4,972
26,972
8,973
48,973
57,973
5,974
36,974
23,975
23,976
34,976
52,976
4,978
24,978
32,978
3,979
60,980
5,980
17,981
46,981
26,982
8,983
45,983
41,985
23,986
52,987
23,988
1,991
58,992
27,994
23,995
27,996
29,996
18,998
29,999
50,999
52,999
29,1001
57,1001
42,1003
49,1004
55,1006
16,1007
58,1007
12,1009
47,1009
36,1010
49,1010
22,1011
42,1011
11,1013
16,1013
19,1013
26,1013
48,1013
12,1014
20,1014
37,1015
45,1015
15,1016
16,1016
46,1016
52,1018
60,1020
52,1020
1,1021
49,1021
36,1022
43,1022
1,1024
2,1024
28,1024
1,1025
38,1025
2,1026
59,1026
1,1027
26,1028
40,1028
55,1028
2,1029
60,1030
46,1030
21,1031
7,1032
13,1032
6,1033
53,1034
10,1035
45,1035
51,1036
58,1036
39,1037
7,1038
49,1038
21,1039
1,1041
28,1041
1,1042
2,1043
30,1044
40,1045
31,1046
58,1046
1,1047
16,1047
45,1047
13,1048
2,1049
26,1049
2,1050
27,1050
3,1051
33,1051
4,1052
4,1053
9,1053
35,1053
3,1054
1,1055
27,1055
36,1055
49,1055
2,1056
3,1056
32,1056
19,1057
43,1057
5,1058
10,1058
5,1059
1,1060
42,1060
11,1061
27,1062
16,1063
50,1063
1,1064
17,1064
22,1064
34,1064
41,1065
2,1066
21,1066
51,1066
2,1068
21,1068
42,1068
44,1068
47,1069
7,1070
30,1071
54,1071
59,1072
21,1073
57,1074
31,1075
55,1076
42,1079
35,1080
7,1081
24,1081
39,1081
59,1081
40,1082
10,1083
17,1083
51,1083
40,1086
30,1087
36,1087
23,1089
43,1089
1,1091
41,1091
1,1092
2,1093
12,1093
7,1094
44,1094
56,1094
31,1095
1,1096
31,1096
50,1097
47,1098
2,1099
17,1099
19,1100
36,1102
12,1103
2,1104
3,1104
5,1105
4,1106
9,1106
5,1107
28,1107
21,1108
44,1108
4,1109
38,1111
1,1114
23,1114
39,1114
60,1115
3,1115
17,1115
34,1116
26,1117
12,1118
18,1118
3,1121
12,1122
3,1123
10,1124
5,1125
4,1126
3,1128
24,1128
51,1128
38,1129
23,1130
5,1131
44,1131
45,1131
4,1132
12,1132
3,1133
59,1133
27,1134
44,1134
49,1134
5,1135
9,1135
58,1135
4,1136
25,1136
46,1136
3,1137
44,1137
5,1138
11,1139
50,1139
4,1140
49,1140
13,1141
16,1142
20,1142
34,1142
58,1142
52,1143
1,1145
16,1145
19,1145
47,1145
33,1146
17,1147
36,1147
2,1148
30,1148
36,1148
1,1149
2,1150
60,1151
1,1152
44,1152
2,1153
43,1155
51,1156
24,1159
23,1160
39,1160
48,1160
55,1161
27,1163
32,1163
44,1163
8,1164
19,1164
21,1165
8,1168
26,1168
43,1168
37,1169
36,1171
57,1171
41,1172
58,1173
59,1173
36,1174
46,1177
12,1178
15,1178
42,1178
23,1179
38,1179
44,1182
53,1182
7,1183
14,1183
15,1183
29,1183
21,1184
7,1185
13,1185
39,1185
26,1186
37,1187
38,1187
55,1187
8,1188
43,1189
31,1190
52,1194
6,1195
24,1195
51,1195
35,1196
55,1196
13,1197
19,1197
57,1199
47,1202
57,1203
14,1205
28,1208
45,1209
13,1211
57,1211
60,1214
19,1215
36,1216
20,1217
7,1218
33,1219
48,1222
20,1223
28,1223
40,1223
46,1223
58,1227
24,1228
26,1228
51,1230
12,1232
49,1233
35,1234
45,1234
58,1235
38,1238
54,1238
29,1241
41,1241
11,1242
30,1242
6,1244
45,1244
20,1247
39,1247
47,1247
49,1247
1,1249
17,1249
8,1250
20,1250
1,1251
8,1251
27,1251
2,1252
38,1252
13,1254
16,1254
42,1254
2,1255
1,1256
2,1258
47,1259
13,1260
17,1260
20,1260
34,1260
24,1261
36,1261
50,1261
24,1263
33,1264
7,1265
49,1265
50,1267
58,1267
16,1268
3,1269
4,1270
7,1270
32,1270
45,1270
3,1271
32,1271
46,1271
5,1273
22,1273
6,1274
58,1274
33,1276
4,1277
5,1278
41,1278
41,1279
45,1279
58,1280
48,1282
58,1282
48,1283
18,1284
12,1285
59,1287
26,1288
23,1290
42,1290
43,1292
33,1293
3,1294
18,1294
60,1295
10,1295
58,1295
5,1296
26,1296
4,1297
37,1298
33,1299
41,1299
55,1299
28,1300
37,1300
3,1301
32,1302
4,1303
36,1303
42,1304
5,1305
46,1305
48,1305
38,1309
49,1309
3,1310
45,1310
4,1311
27,1311
5,1313
3,1314
4,1315
58,1315
5,1316
39,1316
9,1317
25,1322
28,1322
8,1323
25,1324
38,1325
39,1325
44,1326
26,1327
37,1328
48,1328
32,1329
48,1329
3,1330
14,1330
51,1330
54,1330
36,1331
51,1331
5,1332
32,1332
37,1333
43,1333
48,1335
29,1336
47,1338
7,1339
54,1339
59,1339
13,1340
49,1340
51,1341
12,1342
37,1342
50,1343
40,1346
43,1346
53,1346
54,1346
18,1347
19,1347
43,1347
37,1349
53,1349
13,1351
53,1351
4,1352
6,1355
26,1355
35,1355
34,1358
39,1358
51,1358
16,1360
17,1360
18,1360
25,1360
51,1361
18,1362
18,1363
52,1363
8,1364
19,1364
50,1366
43,1367
28,1368
3,1370
29,1371
2,1374
4,1374
26,1374
28,1374
4,1375
31,1376
5,1379
3,1380
16,1380
29,1380
31,1382
5,1383
17,1383
46,1383
33,1384
27,1385
19,1386
28,1386
42,1386
13,1388
36,1388
58,1388
30,1389
24,1390
1,1391
3,1391
47,1391
2,1392
1,1393
5,1393
4,1394
39,1394
56,1394
2,1396
3,1396
43,1396
4,1397
10,1398
1,1399
39,1399
44,1399
2,1400
8,1401
36,1401
48,1401
53,1403
5,1404
12,1405
31,1406
8,1407
13,1407
5,1408
58,1408
17,1410
44,1410
34,1411
44,1411
58,1411
17,1412
41,1412
47,1412
59,1414
60,1415
13,1415
16,1415
23,1415
26,1415
19,1416
22,1416
33,1417
56,1418
44,1421
60,1422
42,1423
1,1424
28,1425
60,1426
1,1426
38,1426
23,1427
2,1428
1,1430
37,1430
1,1431
14,1433
37,1433
2,1434
49,1435
2,1436
35,1436
57,1436
16,1437
10,1439
49,1440
7,1441
9,1441
22,1442
39,1442
58,1443
14,1444
24,1444
53,1445
15,1446
48,1448
45,1449
29,1450
9,1451
3,1452
37,1452
42,1452
55,1452
4,1454
20,1454
4,1455
7,1455
3,1456
6,1456
33,1456
5,1457
8,1457
11,1459
19,1460
5,1462
15,1462
52,1462
38,1463
4,1465
5,1465
28,1465
38,1465
39,1465
42,1466
31,1468
50,1468
10,1469
36,1469
55,1469
33,1470
16,1471
41,1472
6,1473
11,1474
19,1474
24,1474
49,1474
50,1474
22,1478
45,1478
14,1479
25,1479
26,1479
44,1479
51,1479
53,1479
54,1480
7,1481
18,1481
11,1482
34,1482
9,1483
22,1483
25,1483
51,1486
10,1488
44,1488
51,1490
18,1491
10,1493
58,1495
8,1497
27,1497
28,1500
5,1502
11,1502
29,1502
21,1503
19,1505
37,1507
57,1507
32,1508
6,1509
8,1509
12,1509
15,1509
48,1509
49,1509
6,1510
14,1510
42,1511
6,1512
16,1514
53,1514
7,1516
42,1516
43,1520
37,1522
41,1522
56,1522
49,1523
28,1525
35,1526
37,1527
27,1528
46,1528
28,1529
39,1529
58,1529
17,1530
36,1531
46,1531
47,1531
35,1532
45,1532
44,1533
45,1533
3,1534
4,1536
33,1536
46,1537
2,1538
59,1538
19,1539
11,1540
23,1540
5,1541
11,1541
50,1541
3,1542
42,1542
47,1542
2,1544
4,1544
8,1544
5,1545
11,1545
13,1545
8,1547
12,1547
23,1548
26,1548
59,1548
12,1549
16,1549
46,1549
21,1550
26,1550
29,1550
45,1551
16,1554
29,1554
45,1555
51,1555
17,1556
21,1557
34,1557
9,1558
59,1558
12,1560
19,1560
24,1560
41,1560
25,1561
21,1562
56,1563
17,1564
21,1564
50,1564
13,1565
48,1567
47,1569
55,1569
1,1572
60,1573
1,1573
24,1573
35,1574
58,1574
36,1575
2,1576
22,1576
33,1576
2,1577
37,1578
41,1578
34,1579
1,1580
30,1581
47,1581
2,1582
19,1582
7,1584
9,1585
23,1585
6,1587
18,1590
47,1590
51,1590
14,1591
17,1592
39,1592
3,1593
19,1593
38,1593
54,1593
19,1594
39,1594
8,1595
15,1595
31,1595
5,1597
4,1598
1,1599
3,1599
37,1599
48,1599
10,1601
5,1602
57,1602
2,1603
4,1603
34,1603
3,1604
49,1605
21,1606
1,1607
4,1607
24,1607
2,1608
5,1608
1,1609
3,1610
2,1611
41,1611
42,1611
45,1611
5,1612
16,1612
46,1612
27,1613
14,1614
4,1615
7,1616
9,1616
32,1616
41,1616
42,1617
25,1618
7,1619
35,1623
57,1623
18,1624
28,1624
40,1624
57,1624
22,1625
28,1625
26,1626
17,1627
57,1627
39,1630
51,1632
8,1633
18,1633
42,1635
15,1639
31,1639
26,1640
12,1641
54,1641
34,1642
43,1642
20,1643
29,1643
28,1644
36,1644
34,1649
50,1650
51,1651
41,1652
23,1653
51,1654
10,1655
52,1657
14,1658
18,1659
7,1660
56,1661
30,1662
15,1663
21,1663
36,1666
40,1666
53,1667
6,1670
28,1672
8,1673
21,1673
33,1676
15,1678
60,1679
45,1682
10,1684
11,1684
56,1684
42,1685
19,1689
46,1689
37,1690
13,1691
17,1691
28,1691
11,1692
41,1693
44,1693
47,1693
53,1695
2,1696
22,1697
51,1699
53,1700
60,1701
52,1702
3,1704
8,1704
20,1704
27,1704
38,1706
9,1707
24,1707
5,1708
30,1708
4,1709
49,1709
5,1710
28,1710
41,1710
54,1710
13,1711
26,1711
35,1712
59,1712
31,1713
43,1713
3,1714
6,1714
4,1715
24,1715
36,1715
59,1715
10,1716
11,1716
12,1716
15,1717
24,1717
28,1717
28,1718
57,1718
47,1720
55,1720
35,1721
15,1722
60,1723
1,1723
25,1723
1,1725
6,1726
45,1726
55,1726
2,1727
9,1728
28,1728
46,1730
23,1731
41,1731
46,1731
1,1732
25,1732
7,1733
59,1733
2,1734
60,1736
7,1736
13,1739
33,1739
38,1739
45,1739
59,1740
1,1741
8,1741
2,1742
26,1742
55,1742
43,1743
58,1743
39,1745
12,1746
24,1747
29,1747
35,1750
43,1750
26,1751
9,1752
57,1755
3,1756
15,1756
21,1756
24,1756
31,1756
3,1758
28,1758
35,1759
46,1759
4,1761
32,1761
51,1761
59,1761
3,1762
15,1762
42,1762
5,1763
27,1763
46,1763
43,1764
5,1765
4,1766
10,1766
12,1766
43,1766
42,1767
1,1769
6,1770
1,1772
48,1772
50,1772
2,1773
14,1773
20,1774
36,1774
44,1774
2,1778
51,1778
1,1779
36,1779
23,1780
30,1780
2,1781
6,1781
58,1781
2,1782
14,1785
15,1785
49,1786
20,1787
53,1787
22,1789
24,1789
38,1789
43,1790
23,1791
34,1792
23,1794
26,1794
8,1795
48,1796
58,1796
14,1797
24,1797
31,1797
44,1797
55,1798
33,1799
47,1799
3,1802
34,1802
5,1803
4,1804
27,1804
48,1804
5,1805
29,1805
49,1806
3,1807
20,1807
1,1809
4,1809
26,1809
28,1809
53,1809
12,1811
1,1812
47,1814
2,1817
2,1818
1,1819
2,1820
3,1821
1,1822
4,1822
4,1824
5,1825
14,1825
17,1825
3,1826
5,1827
57,1828
17,1830
33,1831
27,1832
44,1832
9,1833
36,1833
43,1833
20,1834
26,1834
17,1836
22,1836
55,1836
17,1837
28,1837
3,1839
41,1839
47,1839
53,1839
4,1841
33,1841
45,1841
46,1841
5,1842
14,1842
8,1843
16,1843
24,1843
3,1844
15,1844
53,1844
11,1845
12,1846
22,1849
54,1849
5,1850
38,1850
57,1850
6,1851
16,1851
4,1852
38,1852
44,1852
41,1854
53,1854
21,1856
37,1856
10,1859
14,1860
53,1860
18,1861
8,1862
20,1862
1,1863
3,1863
58,1863
5,1864
32,1864
50,1864
2,1865
1,1867
32,1867
1,1868
4,1868
38,1868
2,1869
4,1870
2,1871
59,1871
5,1872
13,1872
36,1872
14,1873
3,1874
14,1876
50,1877
56,1877
1,1878
15,1878
41,1878
60,1879
1,1879
2,1880
37,1881
53,1881
2,1882
38,1882
1,1883
27,1883
2,1884
16,1884
19,1885
48,1885
50,1886
22,1888
29,1888
38,1888
23,1890
35,1892
13,1893
53,1893
54,1893
39,1894
12,1896
1,1897
12,1897
55,1897
24,1898
21,1899
44,1900
54,1900
1,1901
10,1901
2,1902
1,1904
8,1904
28,1904
10,1905
35,1905
39,1905
55,1905
42,1906
55,1906
2,1907
8,1907
2,1908
47,1909
1,1910
12,1910
20,1910
36,1910
30,1911
1,1912
50,1912
2,1913
23,1913
33,1913
1,1914
16,1915
18,1915
54,1915
1,1916
2,1916
8,1916
27,1916
2,1917
10,1918
47,1918
27,1921
6,1922
15,1922
23,1924
57,1924
14,1926
9,1927
16,1928
57,1928
42,1930
30,1931
15,1932
7,1933
26,1934
49,1934
16,1935
41,1935
46,1935
28,1936
51,1936
13,1937
19,1937
8,1939
9,1939
27,1940
52,1941
1,1943
2,1944
1,1947
1,1948
16,1948
2,1949
3,1949
2,1950
4,1950
42,1950
56,1950
1,1952
3,1953
18,1953
27,1953
17,1954
50,1954
51,1954
16,1955
5,1956
46,1956
54,1957
34,1958
38,1958
52,1958
42,1959
47,1959
4,1960
6,1960
48,1962
27,1963
42,1963
53,1963
55,1963
32,1964
5,1965
1,1967
21,1967
26,1967
18,1968
35,1968
54,1968
2,1970
17,1970
19,1971
53,1971
1,1973
26,1973
2,1974
1,1975
19,1976
2,1977
27,1978
33,1978
48,1978
3,1979
4,1980
50,1982
57,1982
4,1983
44,1983
50,1983
5,1984
59,1984
19,1985
39,1985
50,1985
54,1985
3,1986
26,1986
13,1988
19,1989
5,1990
13,1990
42,1990
2,1991
30,1991
39,1991
48,1992
14,1993
47,1993
49,1993
56,1994
7,1997
58,1997
41,1998
19,2002
6,2003
39,2003
27,2006
3,2009
28,2010
40,2010
5,2013
7,2013
31,2013
38,2013
56,2013
2,2014
37,2014
20,2015
59,2015
4,2016
56,2016
3,2017
15,2017
4,2018
5,2019
11,2019
38,2019
31,2020
16,2023
29,2024
28,2028
42,2029
25,2030
36,2031
10,2032
49,2033
53,2034
18,2035
54,2035
59,2035
14,2036
35,2036
47,2036
32,2037
52,2037
26,2038
17,2040
33,2040
42,2040
60,2041
9,2045
32,2045
39,2045
50,2046
16,2047
21,2047
46,2047
6,2048
49,2048
16,2049
40,2049
21,2050
50,2050
58,2051
57,2053
12,2056
14,2056
22,2056
30,2056
44,2056
58,2056
35,2058
42,2058
47,2058
27,2060
29,2060
6,2061
19,2064
10,2065
33,2067
48,2067
9,2068
10,2068
15,2070
16,2070
41,2070
58,2070
49,2072
27,2074
41,2075
1,2079
44,2080
17,2081
22,2082
2,2083
28,2083
30,2083
36,2083
9,2084
34,2084
1,2085
1,2086
24,2088
2,2090
49,2090
2,2091
9,2091
11,2092
38,2094
24,2095
29,2096
43,2096
23,2098
1,2100
24,2100
2,2101
1,2103
2,2104
29,2104
56,2105
26,2106
42,2106
1,2109
4,2110
35,2111
2,2112
21,2112
37,2113
39,2113
59,2113
18,2114
31,2114
1,2115
13,2115
33,2115
41,2116
1,2117
9,2117
37,2117
14,2118
60,2119
2,2119
16,2119
23,2119
1,2120
51,2121
32,2122
50,2122
2,2123
2,2124
11,2126
7,2128
26,2128
42,2131
22,2132
43,2133
7,2135
21,2138
23,2138
50,2138
19,2139
31,2140
32,2140
16,2142
20,2142
45,2142
56,2142
28,2143
3,2144
26,2144
32,2144
33,2144
44,2144
4,2145
6,2145
15,2147
16,2147
21,2147
59,2147
47,2148
3,2149
60,2151
5,2151
44,2151
47,2152
44,2153
5,2154
20,2154
4,2155
49,2155
58,2155
18,2156
36,2156
1,2158
20,2158
51,2158
17,2161
26,2161
57,2161
2,2162
18,2162
1,2163
36,2163
2,2164
1,2165
12,2165
53,2166
7,2167
2,2168
58,2169
18,2170
42,2170
4,2171
46,2171
51,2172
18,2173
30,2173
52,2173
29,2174
51,2174
24,2175
35,2175
15,2176
22,2176
31,2176
34,2177
38,2178
24,2179
45,2180
55,2180
22,2181
23,2181
33,2181
36,2181
52,2183
28,2184
49,2184
57,2185
21,2187
22,2187
26,2187
30,2187
3,2188
43,2189
58,2189
14,2190
38,2190
6,2191
29,2191
15,2192
3,2194
19,2194
14,2195
42,2195
30,2198
4,2199
39,2201
33,2203
3,2204
41,2204
45,2205
43,2206
4,2207
5,2209
22,2209
5,2210
47,2210
17,2212
42,2212
20,2214
26,2216
22,2218
23,2218
36,2218
9,2219
30,2223
1,2224
1,2225
56,2226
2,2227
2,2228
25,2228
19,2229
42,2229
47,2230
50,2230
1,2231
50,2231
39,2232
19,2233
58,2233
2,2234
23,2234
30,2236
31,2237
50,2237
52,2237
38,2238
44,2238
55,2239
12,2244
28,2244
37,2244
19,2245
57,2245
37,2246
7,2247
26,2250
40,2250
56,2251
17,2252
42,2252
7,2253
16,2254
9,2255
49,2255
14,2256
31,2256
35,2256
50,2256
6,2257
32,2257
51,2257
59,2257
14,2259
55,2260
28,2261
32,2261
44,2265
53,2266
12,2267
50,2268
56,2268
23,2269
50,2270
37,2274
54,2274
40,2275
10,2276
52,2276
22,2277
53,2277
12,2278
40,2278
16,2279
54,2280
59,2281
46,2282
53,2282
29,2283
21,2284
33,2284
49,2284
25,2285
52,2285
7,2286
33,2286
48,2286
16,2287
17,2287
49,2287
57,2290
60,2291
51,2293
57,2293
13,2294
8,2295
60,2296
27,2296
48,2296
12,2297
24,2297
21,2300
48,2300
13,2301
19,2301
36,2301
10,2302
38,2303
42,2303
7,2304
23,2305
13,2306
48,2306
43,2308
46,2308
42,2309
16,2310
46,2310
24,2311
51,2312
9,2314
55,2314
44,2316
44,2318
19,2319
35,2321
52,2321
24,2323
23,2324
29,2324
16,2325
43,2325
37,2326
3,2327
47,2327
4,2328
4,2329
23,2329
5,2330
14,2330
45,2330
3,2333
23,2333
55,2333
7,2334
32,2335
5,2336
10,2336
39,2337
38,2339
3,2340
40,2340
5,2341
24,2341
27,2341
43,2341
5,2342
7,2342
37,2342
38,2343
4,2344
46,2344
3,2345
27,2345
4,2346
10,2348
34,2348
60,2349
57,2349
32,2351
43,2351
34,2352
29,2354
46,2354
55,2354
47,2356
42,2357
17,2359
41,2359
16,2361
50,2361
57,2361
32,2362
47,2362
52,2362
26,2363
16,2366
17,2366
1,2367
16,2368
2,2369
42,2369
1,2370
11,2370
1,2371
12,2371
13,2371
16,2371
1,2373
2,2374
32,2374
26,2375
41,2375
2,2376
10,2377
30,2378
42,2378
22,2379
32,2379
29,2380
44,2380
53,2380
16,2382
9,2383
36,2383
60,2386
24,2386
18,2387
9,2389
6,2390
59,2390
43,2391
19,2392
12,2394
14,2394
20,2394
46,2395
23,2397
40,2397
6,2398
13,2398
30,2398
3,2400
5,2401
22,2401
4,2402
11,2402
30,2402
50,2402
4,2403
13,2403
32,2404
36,2406
43,2406
59,2406
3,2407
37,2407
22,2408
59,2409
60,2410
5,2410
17,2410
23,2411
32,2412
49,2412
33,2414
37,2415
42,2415
43,2415
13,2417
26,2417
19,2421
28,2421
54,2421
48,2423
40,2424
49,2427
51,2428
59,2428
17,2429
13,2430
18,2430
45,2430
13,2431
28,2434
16,2435
39,2435
33,2436
7,2438
34,2438
43,2438
31,2441
43,2444
38,2445
52,2445
10,2446
44,2447
1,2448
17,2448
35,2448
45,2448
48,2448
32,2449
42,2449
32,2450
8,2452
34,2453
14,2454
12,2456
47,2458
6,2460
59,2460
20,2462
20,2463
32,2464
46,2465
47,2465
28,2466
26,2467
36,2467
46,2467
7,2468
45,2469
46,2470
53,2471
11,2472
21,2472
48,2472
1,2473
2,2474
9,2474
54,2474
1,2475
13,2477
2,2478
22,2478
47,2479
51,2479
7,2480
46,2480
1,2481
12,2481
2,2482
9,2483
10,2484
14,2485
38,2485
48,2485
35,2487
28,2490
8,2492
9,2492
24,2492
54,2492
21,2493
36,2493
36,2494
58,2495
21,2496
22,2498
26,2498
29,2498
38,2498
58,2498
26,2499
3,2500
42,2502
47,2504
16,2505
50,2509
11,2510
7,2511
48,2513
24,2514
39,2515
43,2516
23,2517
60,2518
6,2518
3,2519
4,2520
34,2521
56,2521
13,2522
24,2522
4,2523
5,2524
41,2526
5,2527
56,2527
3,2528
42,2529
44,2529
46,2530
59,2530
44,2532
6,2533
14,2533
22,2534
35,2535
38,2535
59,2536
18,2537
21,2537
44,2538
57,2539
15,2541
7,2542
27,2542
28,2542
39,2542
21,2543
47,2543
1,2547
37,2547
2,2549
55,2549
1,2551
2,2552
17,2552
1,2553
11,2553
2,2554
16,2555
40,2555
43,2555
7,2557
43,2557
14,2558
1,2559
21,2559
43,2559
1,2560
43,2560
34,2561
2,2562
11,2563
2,2564
1,2567
14,2567
22,2567
57,2569
2,2570
8,2571
54,2572
9,2573
27,2573
9,2574
16,2574
1,2575
48,2575
54,2575
56,2575
50,2576
7,2578
16,2578
1,2579
2,2582
50,2582
1,2583
20,2583
36,2583
56,2583
51,2584
60,2585
23,2585
34,2585
2,2586
14,2586
15,2586
32,2586
2,2587
10,2587
42,2587
7,2588
36,2588
7,2590
25,2591
26,2592
57,2592
34,2593
1,2596
32,2596
1,2598
14,2598
59,2598
2,2599
38,2599
1,2600
2,2601
2,2602
57,2602
3,2605
34,2605
5,2608
7,2608
34,2608
4,2610
14,2610
3,2611
48,2611
4,2613
5,2614
37,2614
21,2615
60,2616
44,2618
49,2618
22,2619
24,2619
23,2620
59,2620
11,2623
16,2623
45,2624
2,2625
14,2625
57,2625
17,2629
18,2629
39,2629
2,2630
42,2631
55,2635
31,2639
53,2640
9,2650
59,2650
3,2651
51,2651
53,2651
9,2652
24,2652
28,2652
5,2653
35,2653
5,2654
4,2656
31,2656
39,2656
3,2657
57,2657
4,2658
23,2658
18,2659
40,2659
27,2660
36,2660
9,2661
19,2661
39,2662
29,2663
57,2664
58,2664
1,2666
54,2666
2,2668
12,2668
16,2668
54,2668
57,2668
1,2669
10,2669
30,2669
38,2669
2,2670
13,2670
20,2670
1,2671
10,2672
30,2672
2,2673
20,2673
8,2674
32,2674
14,2675
31,2675
46,2677
52,2677
35,2678
56,2678
16,2679
13,2680
26,2681
41,2681
57,2682
30,2683
57,2683
15,2684
18,2687
58,2687
27,2688
8,2689
32,2690
45,2691
17,2693
17,2696
37,2696
3,2698
60,2699
28,2699
18,2700
58,2700
18,2701
33,2701
4,2702
3,2703
4,2703
55,2703
38,2704
39,2705
57,2706
5,2707
47,2708
60,2709
4,2709
15,2710
35,2710
13,2711
26,2711
10,2712
27,2712
5,2713
6,2714
35,2714
60,2716
18,2716
29,2716
1,2718
3,2718
4,2719
17,2719
6,2720
3,2722
6,2724
42,2724
38,2725
42,2725
52,2725
5,2727
43,2727
45,2727
4,2728
6,2728
34,2728
1,2729
5,2729
35,2729
38,2729
2,2730
22,2730
26,2730
38,2730
1,2731
1,2732
16,2732
2,2734
18,2735
24,2735
30,2735
2,2736
31,2736
45,2738
6,2739
27,2742
43,2742
39,2745
26,2746
39,2747
50,2747
19,2748
43,2748
53,2749
59,2750
31,2752
47,2752
34,2753
52,2755
32,2756
42,2756
50,2759
41,2760
8,2762
55,2762
14,2763
24,2763
35,2763
42,2763
59,2763
43,2765
56,2765
26,2766
30,2768
60,2769
18,2769
40,2769
20,2770
55,2770
7,2772
22,2772
28,2774
32,2774
57,2774
8,2776
33,2777
50,2777
29,2778
1,2780
11,2780
2,2781
19,2781
46,2781
58,2781
1,2782
45,2782
2,2783
55,2783
44,2784
57,2784
32,2785
1,2786
40,2786
2,2788
11,2789
44,2789
44,2792
33,2794
37,2794
38,2794
35,2796
52,2797
52,2798
7,2799
29,2799
42,2799
45,2800
1,2802
23,2802
7,2803
1,2804
40,2805
57,2805
2,2806
57,2806
13,2807
1,2808
29,2808
33,2809
9,2810
16,2810
2,2813
19,2813
2,2814
16,2814
20,2814
28,2815
8,2816
29,2816
23,2817
24,2817
7,2819
20,2819
21,2819
24,2819
30,2819
58,2819
59,2819
35,2821
51,2824
52,2824
11,2825
44,2825
42,2826
56,2826
37,2827
43,2827
22,2828
32,2828
51,2828
31,2829
49,2829
28,2831
48,2831
60,2832
44,2833
57,2834
6,2835
18,2835
43,2835
38,2837
30,2839
32,2839
49,2839
54,2839
8,2840
44,2841
55,2841
38,2843
6,2844
15,2845
47,2845
59,2845
43,2847
32,2848
42,2848
27,2849
9,2850
53,2850
31,2851
47,2851
11,2852
17,2852
19,2852
28,2852
34,2854
11,2855
30,2855
26,2856
30,2857
56,2858
31,2859
1,2861
9,2861
20,2861
34,2861
6,2862
56,2863
14,2866
18,2866
2,2867
21,2867
11,2869
17,2869
47,2869
40,2870
16,2872
33,2872
59,2872
31,2873
48,2873
50,2874
56,2874
24,2875
19,2877
26,2877
60,2878
43,2879
46,2881
7,2882
51,2882
38,2884
21,2885
58,2886
43,2887
57,2887
5,2888
38,2889
1,2890
21,2890
2,2891
17,2891
54,2891
1,2892
27,2893
1,2894
19,2894
2,2895
57,2895
36,2896
2,2897
14,2897
23,2898
49,2898
13,2901
45,2902
50,2902
48,2905
43,2908
3,2911
45,2911
46,2911
4,2913
46,2914
3,2915
33,2915
34,2915
4,2916
11,2916
20,2916
22,2916
5,2917
6,2917
18,2917
41,2917
1,2918
11,2918
5,2919
13,2919
56,2919
1,2920
2,2921
24,2921
30,2922
43,2922
2,2923
36,2923
19,2925
31,2925
43,2925
47,2925
18,2926
25,2926
10,2928
46,2928
1,2929
3,2929
57,2929
2,2931
45,2931
54,2931
4,2932
14,2932
31,2932
24,2933
3,2935
45,2936
4,2937
25,2937
5,2939
36,2939
42,2939
51,2939
5,2940
6,2940
13,2940
25,2941
54,2944
6,2945
43,2945
47,2945
57,2945
51,2946
7,2948
22,2948
31,2949
22,2950
27,2952
60,2953
20,2953
48,2953
34,2954
49,2954
39,2955
43,2956
49,2956
12,2957
29,2957
49,2958
47,2961
33,2963
39,2963
45,2963
57,2963
25,2964
38,2965
11,2967
53,2967
20,2969
11,2971
45,2972
20,2974
45,2976
23,2977
8,2978
27,2978
42,2978
19,2979
52,2979
11,2980
11,2981
50,2981
25,2983
43,2983
4,2986
18,2987
53,2987
18,2988
60,2989
35,2990
33,2991
32,2992
44,2992
40,2993
17,2994
33,2994
54,2995
8,2996
22,2996
36,2998
38,2999
41,2999
33,3000
54,3000
46,3001
58,3001
24,3003
59,3006
7,3007
39,3007
38,3008
47,3008
58,3010
25,3012
44,3013
58,3013
12,3016
34,3016
43,3017
47,3017
47,3018
18,3019
13,3020
40,3020
32,3021
45,3021
38,3022
46,3023
13,3026
20,3027
21,3029
57,3030
51,3033
36,3034
54,3034
21,3036
14,3038
7,3039
10,3039
53,3040
55,3040
21,3041
45,3041
35,3042
50,3042
14,3043
59,3043
48,3044
10,3045
45,3045
32,3046
44,3048
53,3048
57,3048
59,3049
29,3050
6,3051
26,3051
27,3051
30,3051
27,3053
58,3053
22,3054
49,3054
13,3056
43,3056
45,3056
7,3059
18,3059
49,3059
14,3062
54,3063
55,3063
28,3064
24,3065
30,3066
7,3067
18,3067
27,3067
51,3067
8,3068
39,3070
27,3071
23,3072
55,3072
12,3073
28,3074
27,3075
43,3075
1,3076
9,3076
26,3077
58,3077
60,3078
26,3078
34,3078
47,3078
59,3078
1,3079
2,3080
37,3081
2,3082
50,3083
1,3084
12,3084
39,3084
2,3085
17,3087
23,3087
27,3087
30,3087
12,3089
47,3089
56,3091
23,3092
11,3093
31,3093
40,3093
21,3094
23,3094
60,3095
47,3095
18,3096
48,3098
48,3099
14,3100
47,3100
12,3101
30,3101
52,3101
35,3102
57,3106
8,3107
9,3107
58,3107
59,3110
27,3113
11,3115
44,3115
58,3118
40,3119
10,3120
3,3122
6,3123
29,3123
53,3123
17,3125
31,3125
49,3125
14,3126
35,3129
38,3129
24,3130
58,3130
8,3131
9,3131
55,3131
10,3132
21,3135
41,3135
3,3137
4,3138
19,3138
35,3138
4,3139
5,3140
5,3141
60,3142
3,3142
11,3142
17,3142
27,3143
59,3144
46,3145
57,3146
40,3147
16,3148
4,3150
14,3150
31,3150
7,3152
27,3152
34,3152
55,3154
32,3156
12,3159
25,3160
37,3160
42,3162
48,3165
40,3166
59,3167
11,3168
25,3168
25,3169
10,3171
8,3172
48,3172
9,3173
58,3173
34,3174
39,3174
54,3174
40,3175
42,3175
60,3176
1,3177
22,3177
1,3178
30,3178
2,3179
17,3179
27,3179
1,3180
2,3181
44,3182
2,3183
28,3183
41,3183
27,3184
31,3184
1,3187
39,3187
45,3187
1,3189
20,3190
18,3191
2,3192
30,3192
32,3192
1,3193
2,3194
9,3195
2,3198
20,3198
32,3198
1,3199
43,3200
49,3200
30,3202
13,3203
31,3204
9,3205
55,3205
35,3208
59,3210
49,3211
12,3212
35,3212
40,3212
14,3214
31,3214
51,3214
11,3217
36,3217
46,3217
10,3219
14,3219
27,3220
56,3220
2,3221
9,3221
29,3222
16,3224
12,3225
8,3228
60,3229
18,3231
19,3231
41,3231
51,3231
35,3232
36,3232
30,3233
40,3233
43,3233
52,3234
12,3235
19,3236
31,3237
3,3238
15,3238
17,3238
21,3238
54,3238
5,3239
6,3240
25,3240
36,3240
4,3241
20,3241
42,3241
56,3241
5,3242
20,3243
4,3244
22,3244
27,3244
37,3246
35,3247
59,3247
3,3248
59,3252
38,3253
30,3257
21,3258
47,3261
53,3261
51,3262
8,3264
40,3266
29,3267
24,3268
46,3268
49,3268
41,3271
10,3274
13,3274
32,3274
58,3277
33,3278
42,3280
46,3280
13,3281
19,3281
20,3281
55,3281
46,3282
42,3283
43,3283
29,3284
51,3284
29,3285
56,3285
6,3286
27,3286
50,3288
29,3289
42,3290
43,3291
30,3292
60,3294
11,3295
21,3295
9,3296
15,3296
1,3298
19,3298
13,3299
1,3300
2,3302
40,3302
2,3303
1,3305
15,3306
2,3307
43,3307
24,3308
41,3308
19,3310
22,3310
40,3310
41,3311
11,3312
29,3315
3,3316
29,3316
41,3316
46,3316
57,3316
60,3317
7,3317
8,3317
34,3317
3,3320
6,3320
25,3321
42,3321
31,3322
52,3322
52,3323
56,3323
5,3324
21,3324
60,3325
39,3326
18,3327
4,3328
20,3328
37,3328
4,3329
35,3329
42,3330
25,3331
52,3333
5,3334
14,3334
52,3334
3,3335
28,3335
18,3336
59,3337
8,3339
21,3339
22,3339
52,3339
39,3340
56,3341
27,3345
24,3347
12,3349
1,3350
8,3350
54,3352
41,3353
18,3355
50,3355
10,3356
1,3357
2,3358
1,3359
2,3360
43,3360
28,3362
2,3363
59,3363
21,3364
19,3366
41,3367
28,3368
41,3368
1,3369
29,3369
44,3369
1,3370
7,3370
19,3370
49,3370
37,3371
12,3372
13,3372
19,3372
46,3373
54,3374
58,3375
30,3376
2,3377
47,3377
1,3378
28,3378
46,3378
51,3378
13,3379
2,3381
2,3382
17,3383
39,3384
1,3385
54,3385
27,3386
1,3387
10,3388
2,3389
26,3389
49,3389
2,3390
8,3390
4,3391
1,3392
26,3392
2,3393
54,3393
19,3394
54,3394
57,3394
46,3395
2,3396
60,3398
22,3398
30,3398
17,3399
25,3399
8,3402
25,3403
9,3404
29,3404
16,3405
31,3405
56,3405
27,3406
9,3407
32,3407
57,3407
41,3410
54,3410
11,3411
29,3411
30,3411
53,3412
48,3413
59,3415
32,3420
28,3421
43,3421
58,3422
10,3424
18,3424
23,3424
38,3426
46,3426
3,3429
4,3430
45,3430
9,3431
14,3431
55,3431
5,3432
45,3432
49,3432
3,3433
19,3433
42,3433
4,3436
25,3436
49,3436
58,3436
3,3437
5,3438
30,3439
38,3441
30,3444
44,3444
41,3446
52,3447
56,3447
16,3450
42,3450
60,3452
14,3452
17,3453
26,3454
42,3454
50,3454
30,3456
31,3456
42,3456
50,3456
22,3457
24,3458
35,3458
39,3458
50,3458
18,3460
55,3460
25,3461
9,3463
32,3463
56,3463
58,3463
16,3464
44,3464
50,3466
19,3467
26,3467
49,3468
12,3469
28,3469
47,3469
53,3469
39,3470
18,3471
3,3472
14,3472
54,3472
4,3473
25,3473
5,3474
22,3474
24,3474
41,3474
3,3476
12,3476
50,3476
4,3477
23,3478
5,3481
16,3481
24,3481
19,3482
23,3482
24,3482
28,3483
45,3485
55,3485
35,3487
9,3489
42,3489
45,3489
1,3490
27,3490
57,3490
2,3491
33,3491
17,3492
53,3492
16,3493
3,3494
47,3495
51,3495
5,3496
12,3496
55,3496
5,3497
1,3498
59,3498
2,3499
1,3500
4,3500
39,3500
2,3501
44,3501
58,3501
3,3502
19,3502
51,3502
37,3503
18,3505
16,3506
25,3506
4,3507
17,3509
31,3510
6,3511
30,3511
50,3512
40,3513
38,3515
43,3515
51,3515
12,3516
34,3516
53,3516
17,3517
57,3518
19,3519
35,3519
43,3519
56,3519
45,3521
48,3521
4,3522
14,3522
50,3522
53,3530
25,3532
26,3534
49,3534
22,3535
9,3536
17,3537
48,3537
15,3538
41,3543
54,3543
59,3544
49,3546
56,3546
11,3547
26,3547
59,3547
29,3548
14,3549
29,3550
17,3551
22,3551
42,3552
6,3553
36,3554
19,3555
20,3555
42,3555
31,3556
46,3560
50,3560
11,3561
19,3562
23,3563
36,3563
49,3564
19,3565
28,3565
6,3567
44,3567
49,3567
24,3570
55,3570
20,3572
16,3573
55,3573
53,3574
53,3575
38,3576
42,3576
56,3576
26,3580
21,3582
38,3582
12,3583
31,3583
41,3583
49,3583
32,3584
26,3586
29,3586
22,3587
1,3588
31,3590
38,3590
40,3593
56,3593
48,3594
12,3596
31,3597
19,3598
34,3599
21,3604
23,3604
56,3605
10,3609
12,3613
46,3613
29,3614
49,3614
13,3615
24,3615
33,3615
42,3615
15,3616
55,3616
22,3617
8,3618
24,3618
28,3618
1,3619
19,3619
27,3619
21,3620
1,3622
2,3623
33,3623
39,3624
41,3624
30,3625
10,3627
2,3628
1,3630
2,3630
28,3631
31,3631
55,3631
56,3631
2,3632
45,3635
1,3636
1,3637
27,3637
34,3637
2,3638
4,3638
10,3638
18,3638
22,3638
6,3639
2,3640
26,3640
1,3641
2,3642
30,3642
60,3645
42,3647
11,3650
8,3652
24,3652
26,3654
37,3657
14,3660
17,3660
19,3661
26,3661
55,3661
31,3662
36,3662
10,3663
29,3664
31,3664
37,3664
39,3665
44,3665
29,3666
25,3668
55,3668
13,3669
15,3669
30,3669
60,3671
20,3671
59,3671
1,3672
58,3672
28,3673
1,3675
56,3675
26,3677
40,3677
55,3678
2,3679
1,3680
41,3680
54,3680
2,3681
47,3681
2,3682
7,3683
34,3683
44,3683
8,3684
44,3684
32,3685
56,3685
43,3686
8,3687
48,3688
42,3689
20,3690
31,3690
42,3690
1,3691
57,3692
1,3693
46,3693
2,3697
21,3697
2,3698
23,3698
51,3699
1,3702
45,3703
2,3704
19,3704
28,3704
35,3704
9,3705
37,3705
47,3705
10,3706
53,3707
20,3708
27,3708
47,3709
22,3710
16,3711
34,3712
15,3713
58,3714
58,3715
8,3716
14,3716
37,3716
41,3716
39,3717
60,3718
60,3721
15,3721
34,3722
48,3723
11,3724
15,3724
24,3724
57,3724
34,3725
37,3725
16,3726
19,3726
28,3726
8,3727
43,3727
46,3727
48,3727
16,3730
41,3731
19,3732
40,3732
14,3734
40,3734
33,3735
40,3737
1,3738
2,3739
1,3740
41,3740
49,3740
24,3741
27,3741
30,3742
40,3742
46,3742
20,3743
56,3744
49,3746
2,3747
1,3748
10,3749
2,3751
33,3751
1,3752
36,3752
39,3754
2,3755
37,3755
1,3757
20,3757
17,3758
37,3758
30,3759
40,3759
48,3760
51,3761
2,3762
8,3762
22,3764
1,3765
3,3765
36,3765
31,3766
22,3767
37,3768
12,3769
18,3769
21,3769
2,3770
31,3770
36,3770
18,3771
22,3771
31,3771
32,3771
34,3771
34,3772
26,3774
34,3774
8,3775
45,3777
27,3778
38,3778
32,3780
24,3782
25,3782
29,3782
43,3782
7,3786
3,3787
56,3787
57,3788
5,3789
56,3790
4,3791
47,3791
42,3792
51,3793
3,3794
5,3795
4,3796
46,3796
23,3797
1,3799
6,3799
46,3799
33,3800
1,3802
2,3803
12,3803
19,3803
25,3803
2,3804
37,3804
49,3804
1,3805
7,3805
36,3805
2,3806
8,3808
53,3809
13,3810
3,3811
17,3811
24,3811
40,3811
20,3812
7,3813
21,3813
27,3815
30,3815
3,3816
10,3816
4,3818
51,3818
3,3819
43,3819
4,3820
9,3820
10,3820
59,3820
24,3821
29,3821
43,3821
5,3823
5,3824
21,3826
60,3827
13,3827
39,3827
12,3828
49,3828
1,3831
45,3831
2,3832
50,3833
51,3833
14,3834
1,3835
2,3836
30,3837
7,3838
14,3838
1,3839
30,3840
2,3841
33,3842
20,3843
35,3843
9,3844
19,3844
57,3845
13,3847
20,3847
28,3847
20,3848
37,3848
44,3849
53,3849
26,3850
54,3850
34,3851
48,3851
57,3851
24,3852
37,3852
52,3852
7,3853
44,3853
12,3854
56,3855
9,3856
28,3856
45,3857
13,3858
19,3858
47,3860
48,3861
3,3862
58,3865
14,3866
28,3866
57,3867
20,3868
11,3869
12,3869
27,3869
49,3869
26,3870
34,3871
59,3871
48,3873
24,3874
10,3875
30,3876
1,3877
6,3879
28,3879
44,3879
1,3880
13,3881
59,3881
2,3882
60,3883
1,3883
54,3883
56,3885
57,3886
57,3887
21,3888
45,3889
2,3890
54,3891
60,3892
2,3892
60,3893
39,3893
43,3893
7,3895
17,3899
35,3900
44,3900
36,3901
12,3903
42,3905
55,3905
3,3908
5,3909
14,3910
10,3911
38,3911
5,3912
36,3912
37,3912
49,3912
10,3913
54,3913
4,3914
19,3914
42,3914
38,3915
1,3916
3,3916
9,3916
16,3916
52,3917
4,3918
17,3919
47,3919
9,3920
16,3920
31,3920
52,3920
56,3920
3,3921
12,3921
40,3921
17,3922
7,3923
47,3923
5,3924
7,3924
32,3924
36,3924
4,3925
3,3926
52,3926
5,3927
10,3928
27,3929
59,3929
4,3930
10,3930
59,3930
32,3931
23,3932
47,3932
57,3932
23,3933
33,3939
37,3939
40,3941
8,3943
54,3943
6,3944
31,3944
48,3944
23,3945
54,3946
22,3947
3,3949
10,3949
27,3950
59,3950
4,3951
18,3951
36,3951
39,3951
52,3951
5,3952
53,3953
3,3954
50,3954
5,3955
24,3955
4,3956
17,3956
29,3958
24,3959
57,3960
22,3961
41,3961
33,3963
11,3965
12,3965
42,3966
35,3967
11,3969
28,3969
39,3970
30,3972
11,3974
30,3975
51,3975
30,3980
46,3980
2,3983
47,3983
14,3984
24,3984
54,3984
27,3985
7,3986
39,3987
28,3988
49,3988
53,3989
29,3990
45,3990
58,3990
28,3993
38,3993
57,3993
18,3994
18,3995
31,3997
47,3997
24,3998
37,3998
16,3999
24,4000
27,4000
6,4001
12,4001
60,4002
44,4002
32,4004
24,4006
25,4006
3,4007
39,4007
15,4008
41,4008
5,4009
58,4009
1,4010
5,4010
43,4010
4,4011
34,4011
35,4011
2,4012
4,4012
13,4013
17,4013
24,4013
39,4013
3,4014
42,4014
55,4014
44,4015
45,4015
50,4015
1,4016
37,4016
39,4016
2,4017
1,4018
15,4018
29,4018
2,4020
44,4021
3,4022
43,4022
4,4023
39,4023
57,4023
4,4024
8,4024
26,4026
41,4027
55,4027
1,4029
54,4029
56,4029
7,4030
2,4031
36,4031
46,4031
1,4032
15,4032
17,4032
3,4033
5,4034
7,4034
5,4035
14,4035
1,4036
2,4037
52,4038
2,4039
21,4039
52,4039
45,4040
22,4042
35,4042
41,4043
43,4044
6,4045
1,4047
9,4047
23,4048
45,4048
36,4049
1,4050
45,4050
41,4051
2,4053
42,4053
1,4054
16,4054
33,4054
2,4056
50,4056
1,4057
2,4058
13,4059
48,4060
22,4061
29,4061
34,4062
49,4062
54,4062
3,4063
28,4063
5,4064
36,4064
4,4065
38,4065
25,4066
29,4066
55,4066
4,4067
15,4067
34,4067
43,4067
3,4069
21,4069
41,4069
5,4070
44,4070
48,4070
27,4072
1,4073
44,4073
10,4075
45,4075
2,4077
55,4077
1,4078
42,4078
1,4079
2,4081
55,4081
2,4083
47,4083
55,4083
18,4084
31,4084
20,4085
30,4086
1,4087
24,4088
3,4089
15,4089
8,4090
43,4090
1,4091
4,4091
14,4091
5,4093
45,4093
2,4094
2,4095
1,4096
4,4097
22,4097
3,4098
29,4098
31,4098
5,4099
47,4099
50,4100
56,4100
8,4101
14,4101
23,4101
2,4102
20,4102
21,4102
33,4102
53,4103
21,4105
24,4105
36,4105
45,4105
53,4105
41,4107
8,4110
59,4110
11,4111
40,4113
59,4116
3,4117
28,4117
60,4118
4,4118
8,4118
40,4118
50,4118
59,4118
39,4120
59,4120
5,4121
52,4121
1,4122
54,4122
2,4123
14,4123
55,4123
3,4124
22,4124
39,4124
1,4125
5,4125
16,4125
2,4126
4,4126
7,4126
21,4127
1,4128
10,4128
30,4128
50,4129
2,4130
38,4130
7,4131
12,4131
11,4133
40,4133
11,4134
25,4134
24,4135
13,4136
20,4136
27,4137
6,4138
10,4139
25,4139
39,4140
51,4142
18,4143
44,4143
55,4143
45,4144
7,4145
46,4145
16,4146
3,4148
6,4148
5,4150
4,4152
5,4153
52,4153
3,4154
51,4154
1,4155
41,4155
4,4157
10,4157
19,4157
21,4158
23,4158
25,4158
1,4159
13,4159
11,4160
55,4160
2,4162
18,4163
50,4163
1,4164
9,4164
32,4164
48,4164
2,4165
9,4165
40,4165
2,4166
24,4166
26,4166
37,4166
15,4167
17,4168
41,4168
45,4168
44,4169
59,4170
18,4171
31,4172
52,4172
4,4173
6,4173
17,4174
28,4174
30,4174
35,4174
38,4174
11,4175
18,4175
28,4176
16,4177
17,4177
8,4178
35,4178
36,4179
57,4179
10,4180
45,4180
59,4181
60,4182
42,4182
54,4182
12,4183
29,4183
38,4183
29,4185
11,4186
14,4186
29,4187
31,4187
57,4189
25,4190
8,4191
60,4193
6,4193
47,4193
59,4193
33,4194
42,4194
44,4194
58,4194
59,4196
26,4197
13,4198
14,4198
13,4199
40,4199
59,4200
13,4202
42,4202
16,4203
38,4204
25,4205
16,4206
56,4206
17,4207
39,4207
16,4208
35,4208
10,4209
19,4209
57,4209
8,4210
38,4210
60,4211
19,4212
31,4212
39,4215
56,4215
46,4216
8,4218
27,4218
52,4219
26,4220
32,4220
38,4220
34,4222
46,4223
8,4224
13,4224
56,4224
50,4225
21,4227
11,4229
17,4230
19,4231
31,4231
50,4231
56,4232
9,4234
16,4236
52,4236
21,4237
34,4238
52,4238
54,4238
8,4239
55,4239
12,4240
40,4240
57,4240
44,4241
1,4242
37,4242
21,4245
31,4246
57,4247
44,4248
45,4248
30,4250
56,4250
51,4251
6,4252
29,4252
1,4255
2,4256
45,4256
1,4257
35,4257
12,4259
57,4259
2,4260
42,4261
1,4262
31,4262
2,4263
55,4265
38,4268
48,4268
41,4269
40,4271
18,4275
59,4276
20,4277
23,4278
29,4278
48,4278
50,4278
39,4280
60,4281
20,4282
1,4283
2,4284
15,4284
56,4284
1,4285
7,4285
34,4285
43,4285
1,4286
20,4286
2,4287
8,4287
37,4287
2,4288
52,4288
36,4289
53,4289
10,4290
23,4290
53,4291
26,4293
22,4294
57,4294
33,4295
28,4299
48,4299
9,4301
53,4301
40,4302
48,4302
34,4304
42,4304
25,4306
3,4307
5,4307
14,4308
5,4309
60,4310
39,4310
50,4310
59,4310
4,4311
14,4311
44,4311
4,4312
32,4312
5,4313
20,4313
13,4314
3,4315
52,4315
29,4316
34,4316
33,4317
8,4318
36,4318
52,4318
59,4318
16,4320
13,4322
19,4322
26,4323
11,4325
35,4326
6,4327
9,4327
37,4328
40,4328
35,4330
18,4331
9,4332
52,4334
19,4335
7,4336
19,4336
43,4336
59,4336
22,4337
17,4338
53,4338
28,4339
30,4339
56,4339
3,4340
9,4341
39,4341
43,4341
52,4341
58,4341
4,4342
20,4343
3,4345
8,4345
16,4345
41,4345
5,4346
22,4346
52,4346
4,4347
37,4347
5,4348
49,4348
53,4348
15,4349
23,4352
44,4352
16,4354
37,4355
58,4355
9,4356
23,4356
28,4356
51,4356
28,4357
40,4357
46,4358
31,4360
47,4361
20,4363
44,4363
49,4363
58,4363
6,4364
37,4364
45,4364
13,4365
30,4365
9,4366
27,4366
36,4367
55,4367
15,4369
46,4369
7,4370
42,4371
15,4372
30,4372
39,4372
43,4372
11,4373
27,4376
32,4376
14,4377
32,4379
42,4379
21,4381
11,4383
15,4383
24,4383
60,4384
15,4385
43,4385
6,4387
23,4387
25,4387
36,4388
40,4388
45,4389
55,4389
59,4389
12,4390
58,4390
40,4392
58,4392
29,4397
32,4397
34,4397
35,4397
12,4398
3,4399
4,4400
18,4400
47,4402
5,4403
47,4403
5,4404
8,4404
53,4404
4,4406
18,4406
3,4407
13,4407
60,4409
28,4409
33,4409
40,4410
19,4411
30,4411
54,4411
26,4413
44,4413
60,4416
6,4417
7,4418
36,4419
58,4419
22,4421
39,4421
25,4423
46,4423
16,4424
7,4425
8,4425
42,4425
25,4426
35,4426
23,4427
60,4428
23,4428
13,4429
40,4433
41,4435
34,4436
42,4436
10,4437
12,4440
17,4440
27,4440
45,4440
25,4441
39,4442
20,4445
54,4445
1,4446
1,4447
2,4448
25,4448
51,4448
25,4449
27,4449
2,4450
28,4450
49,4450
14,4451
47,4451
1,4452
2,4454
21,4454
34,4454
1,4455
1,4456
4,4456
26,4456
33,4456
2,4457
51,4457
56,4457
2,4458
8,4458
22,4458
37,4458
1,4459
10,4459
11,4461
20,4461
23,4461
45,4462
25,4463
2,4464
20,4464
26,4464
42,4465
4,4467
25,4471
34,4471
38,4471
43,4471
27,4472
57,4472
32,4473
37,4475
22,4477
35,4477
3,4478
34,4478
4,4480
48,4480
58,4481
23,4482
25,4482
27,4482
36,4482
4,4483
5,4484
30,4485
3,4486
54,4486
22,4487
25,4488
57,4488
20,4489
5,4490
58,4490
39,4491
44,4491
5,4493
6,4493
30,4493
49,4494
42,4497
47,4497
42,4500
46,4500
50,4501
18,4502
44,4502
24,4509
51,4509
10,4512
9,4513
31,4513
49,4513
40,4514
35,4515
42,4516
60,4517
20,4517
52,4517
11,4519
45,4519
30,4520
51,4520
53,4520
13,4523
47,4523
15,4524
48,4526
20,4530
31,4530
51,4531
47,4533
16,4536
55,4536
16,4537
21,4539
36,4539
19,4540
60,4544
17,4544
3,4547
31,4547
5,4548
6,4548
11,4549
48,4550
4,4551
3,4552
5,4553
49,4554
4,4555
29,4555
45,4555
50,4555
51,4555
14,4556
15,4556
42,4557
1,4559
38,4559
52,4559
16,4560
47,4560
54,4561
2,4562
26,4562
1,4563
12,4563
49,4563
57,4563
41,4564
59,4564
1,4565
42,4565
2,4566
2,4568
51,4568
1,4569
32,4569
35,4569
1,4570
29,4570
8,4571
30,4572
6,4573
8,4573
23,4573
2,4574
9,4574
15,4574
2,4575
41,4575
18,4576
58,4577
1,4578
58,4579
2,4580
50,4581
54,4582
56,4585
37,4586
59,4586
8,4587
16,4588
51,4588
43,4589
15,4590
46,4590
10,4591
49,4591
28,4592
21,4594
24,4594
56,4597
5,4603
49,4603
23,4604
39,4604
34,4605
15,4606
36,4608
49,4608
37,4609
41,4609
52,4613
48,4615
3,4616
51,4616
59,4616
25,4617
31,4618
36,4618
1,4619
3,4619
5,4620
2,4621
17,4621
45,4621
1,4622
4,4622
35,4622
3,4623
42,4623
2,4624
17,4624
20,4624
5,4625
1,4626
4,4626
6,4626
31,4626
2,4628
20,4628
23,4628
11,4630
15,4631
9,4636
50,4636
25,4637
12,4638
37,4638
7,4643
25,4643
42,4644
47,4645
37,4646
57,4647
44,4648
38,4649
13,4650
20,4650
26,4650
32,4650
39,4650
25,4651
34,4651
52,4651
15,4652
47,4652
49,4653
2,4655
15,4655
20,4656
40,4656
29,4658
42,4658
8,4659
43,4660
48,4660
16,4661
46,4661
46,4663
47,4663
24,4664
13,4670
18,4670
1,4672
56,4672
2,4673
9,4673
54,4673
47,4675
1,4676
1,4677
30,4677
42,4677
49,4677
2,4678
53,4678
2,4679
38,4679
43,4680
45,4680
28,4681
54,4681
57,4681
12,4683
58,4683
23,4685
37,4685
56,4685
28,4687
42,4688
48,4688
56,4688
31,4690
45,4691
1,4692
51,4693
52,4693
1,4694
43,4694
17,4695
60,4696
2,4696
21,4696
27,4697
31,4697
32,4697
1,4698
36,4698
41,4698
2,4699
27,4700
37,4701
2,4702
24,4702
56,4702
8,4703
15,4703
39,4704
54,4704
7,4707
29,4707
24,4708
51,4708
3,4712
31,4712
8,4714
16,4715
43,4715
5,4717
23,4717
5,4718
4,4720
13,4720
17,4720
40,4720
33,4721
43,4721
55,4721
3,4723
10,4723
4,4724
58,4724
9,4726
25,4727
51,4728
9,4730
33,4730
38,4730
35,4731
43,4731
27,4732
11,4733
16,4733
42,4733
27,4734
47,4734
55,4734
14,4735
21,4736
53,4738
8,4739
10,4740
15,4740
16,4740
5,4741
28,4741
3,4742
51,4742
42,4743
49,4746
4,4747
8,4748
34,4748
21,4749
41,4751
48,4751
35,4752
5,4753
9,4753
14,4754
16,4754
3,4755
30,4755
4,4756
5,4757
19,4760
26,4760
25,4761
27,4761
13,4762
49,4763
20,4764
28,4764
57,4766
53,4767
56,4767
40,4769
58,4770
17,4773
38,4773
23,4774
32,4774
35,4774
55,4775
32,4776
34,4776
60,4778
19,4778
15,4780
11,4781
20,4781
24,4781
11,4782
34,4782
13,4786
10,4789
52,4791
55,4791
8,4792
13,4795
37,4795
52,4795
1,4796
28,4796
3,4797
5,4798
53,4798
1,4799
4,4799
2,4800
5,4800
41,4801
3,4802
52,4802
60,4803
1,4803
29,4803
2,4805
2,4806
4,4806
33,4806
45,4806
13,4807
46,4807
13,4811
28,4811
55,4811
40,4812
17,4813
35,4813
36,4813
40,4814
3,4816
31,4816
43,4816
5,4817
18,4817
54,4818
57,4818
59,4818
4,4819
56,4819
5,4821
34,4821
37,4821
3,4822
37,4822
59,4822
4,4823
31,4823
1,4825
34,4825
58,4825
13,4826
38,4826
5,4827
18,4828
1,4829
12,4829
48,4831
59,4831
17,4832
21,4832
24,4832
37,4832
20,4833
56,4833
28,4834
18,4835
21,4835
16,4836
17,4836
24,4836
56,4836
33,4837
38,4837
59,4837
6,4838
32,4838
21,4841
33,4841
9,4843
32,4844
51,4844
54,4844
41,4845
35,4846
54,4847
56,4847
28,4848
49,4850
44,4851
35,4852
35,4853
56,4853
49,4854
54,4854
3,4855
29,4855
4,4856
7,4856
4,4857
5,4858
38,4858
3,4859
5,4860
12,4860
47,4860
18,4861
37,4861
40,4861
30,4862
53,4862
6,4863
11,4864
7,4865
15,4865
16,4865
17,4865
55,4866
42,4870
33,4871
45,4875
59,4875
21,4876
28,4880
35,4880
40,4880
1,4881
16,4881
19,4883
2,4884
15,4884
1,4885
2,4886
20,4886
1,4888
11,4888
24,4888
49,4888
24,4889
58,4889
2,4891
7,4891
56,4893
25,4895
54,4895
57,4895
34,4897
39,4897
56,4897
22,4898
28,4898
43,4899
54,4900
38,4902
47,4903
48,4904
59,4904
3,4905
46,4905
31,4906
54,4906
13,4911
18,4911
37,4911
16,4912
47,4912
48,4912
25,4913
58,4913
34,4915
40,4915
11,4917
13,4918
36,4918
48,4919
31,4921
20,4924
39,4924
40,4924
22,4926
40,4927
45,4927
6,4928
36,4929
57,4929
47,4931
27,4934
19,4937
24,4937
46,4937
25,4939
33,4940
31,4941
25,4942
59,4942
17,4943
24,4944
3,4945
36,4945
5,4947
4,4948
18,4948
30,4948
3,4949
19,4951
19,4952
32,4952
4,4953
29,4953
46,4953
53,4953
57,4953
59,4953
23,4954
5,4955
28,4955
37,4955
60,4957
25,4957
47,4957
55,4957
1,4958
35,4958
25,4959
43,4959
2,4960
26,4960
20,4961
7,4963
1,4964
25,4964
60,4965
1,4966
17,4966
21,4966
28,4966
31,4967
2,4968
42,4968
2,4969
60,4970
46,4970
52,4972
60,4974
57,4974
7,4976
43,4978
56,4978
50,4979
55,4979
21,4980
12,4982
41,4982
29,4983
29,4984
31,4984
43,4984
5,4985
34,4986
50,4986
29,4987
24,4990
35,4990
37,4990
13,4991
14,4991
22,4991
53,4992
6,4993
21,4993
17,4995
37,4995
17,4996
20,4996
38,4997
54,4999
7,5000
41,5000
51,5000
3,5001
48,5001
5,5002
60,5003
31,5003
45,5003
57,5003
8,5004
5,5005
4,5006
24,5007
52,5007
50,5008
53,5008
42,5009
15,5010
48,5010
50,5010
58,5011
4,5012
13,5012
13,5013
3,5014
48,5014
21,5015
40,5015
44,5015
46,5017
6,5019
24,5020
40,5020
51,5020
50,5025
35,5028
41,5028
60,5029
22,5029
31,5030
37,5032
11,5033
14,5033
32,5033
52,5033
57,5033
33,5034
52,5034
9,5035
23,5035
17,5036
49,5036
35,5037
47,5038
12,5040
39,5040
48,5041
23,5042
44,5043
37,5045
45,5045
55,5046
5,5047
9,5048
27,5048
35,5048
23,5049
52,5050
60,5052
35,5052
18,5053
57,5053
26,5054
60,5055
1,5055
30,5057
32,5057
38,5057
18,5058
58,5058
24,5059
26,5059
3,5063
5,5064
14,5065
38,5065
23,5066
41,5066
4,5067
4,5068
45,5069
47,5071
3,5072
41,5072
45,5072
5,5074
42,5074
43,5074
59,5075
39,5077
33,5078
38,5078
24,5079
54,5079
42,5080
42,5081
49,5081
31,5082
57,5082
17,5083
59,5083
53,5084
9,5086
36,5086
59,5086
48,5087
27,5089
49,5090
56,5091
31,5092
14,5093
41,5093
35,5094
9,5096
55,5096
57,5096
7,5097
58,5097
9,5098
27,5098
37,5100
22,5101
59,5101
20,5104
27,5105
31,5106
10,5107
31,5107
54,5109
22,5111
49,5112
55,5112
17,5113
30,5113
21,5114
6,5116
34,5116
43,5116
50,5116
6,5117
43,5117
50,5117
16,5119
41,5119
6,5120
44,5120
14,5121
11,5122
22,5122
27,5122
42,5122
27,5123
52,5123
17,5124
26,5125
26,5126
9,5127
19,5127
26,5128
49,5129
15,5130
30,5130
51,5130
56,5132
45,5133
10,5134
14,5135
31,5136
46,5137
27,5138
52,5139
24,5140
6,5143
56,5144
16,5145
24,5146
35,5146
29,5147
42,5148
12,5151
17,5151
34,5152
26,5153
18,5154
25,5154
6,5155
43,5155
3,5156
4,5157
14,5157
36,5158
58,5158
12,5159
44,5159
48,5159
5,5160
5,5162
45,5162
53,5162
30,5163
3,5164
5,5165
34,5165
47,5165
4,5166
1,5167
2,5169
40,5169
56,5169
1,5170
54,5170
2,5171
12,5171
25,5171
28,5171
25,5172
1,5173
38,5174
2,5175
46,5175
49,5176
2,5178
37,5180
1,5181
12,5181
3,5182
17,5182
24,5183
5,5184
9,5185
11,5185
1,5186
4,5186
2,5187
9,5187
2,5189
25,5189
4,5190
52,5190
56,5190
1,5191
2,5192
12,5195
3,5197
5,5198
9,5198
11,5198
27,5198
42,5198
43,5198
50,5198
2,5201
30,5201
16,5203
32,5203
6,5205
55,5205
27,5207
31,5207
28,5210
59,5211
11,5213
38,5213
53,5213
60,5214
21,5215
47,5219
52,5219
11,5220
24,5220
57,5220
44,5221
8,5222
27,5222
29,5222
58,5223
17,5224
14,5225
25,5226
44,5227
9,5229
35,5229
2,5230
15,5230
27,5232
31,5233
60,5234
23,5234
53,5234
1,5235
8,5235
14,5235
2,5236
46,5238
10,5239
9,5240
37,5240
21,5241
34,5241
35,5241
53,5241
56,5241
36,5243
37,5243
56,5244
20,5245
1,5246
18,5246
52,5246
6,5247
22,5247
9,5249
27,5249
60,5250
1,5250
30,5250
11,5251
2,5252
2,5253
22,5253
37,5253
24,5255
10,5258
8,5259
10,5259
1,5260
6,5261
26,5261
10,5262
35,5262
44,5262
59,5263
29,5264
39,5264
22,5265
29,5265
38,5265
10,5267
36,5267
21,5270
26,5270
30,5270
15,5271
16,5272
56,5273
14,5274
44,5277
58,5277
13,5278
23,5278
45,5278
18,5282
45,5282
19,5283
60,5284
32,5285
33,5286
53,5286
40,5288
58,5291
28,5292
56,5292
3,5293
45,5293
58,5293
57,5295
5,5296
50,5296
4,5297
47,5297
51,5297
7,5298
4,5299
5,5300
51,5300
3,5301
16,5301
21,5302
51,5302
57,5302
14,5303
48,5304
31,5305
57,5305
43,5308
34,5309
12,5311
40,5311
17,5312
28,5314
22,5315
39,5315
45,5315
51,5315
55,5315
47,5318
11,5319
33,5319
54,5322
33,5325
57,5326
23,5328
40,5328
9,5331
20,5331
8,5332
35,5332
9,5333
30,5333
41,5333
51,5333
36,5334
56,5335
16,5338
23,5338
56,5339
21,5340
44,5341
58,5341
6,5342
58,5343
9,5344
25,5344
32,5344
29,5345
15,5346
36,5347
16,5350
24,5354
26,5354
19,5355
47,5356
23,5357
41,5357
46,5359
13,5360
24,5360
12,5364
43,5365
59,5367
23,5368
14,5374
44,5374
56,5374
57,5374
46,5376
41,5377
14,5379
46,5380
42,5381
56,5381
9,5385
1,5387
33,5387
7,5388
35,5388
41,5388
57,5388
1,5389
11,5389
22,5389
38,5389
49,5389
56,5389
2,5390
34,5390
2,5391
1,5392
15,5392
55,5392
56,5392
2,5393
3,5393
22,5393
4,5394
5,5396
53,5396
4,5397
26,5397
5,5398
16,5398
27,5399
4,5400
45,5400
52,5400
60,5401
3,5401
22,5401
47,5401
43,5402
57,5402
15,5403
19,5403
28,5404
43,5405
10,5407
13,5407
25,5407
9,5408
18,5408
11,5409
27,5410
8,5411
30,5411
38,5411
1,5412
14,5412
46,5413
54,5414
1,5415
40,5416
16,5417
59,5418
2,5419
31,5419
10,5420
51,5421
1,5422
31,5422
28,5423
31,5423
56,5423
50,5424
55,5424
15,5426
41,5426
49,5427
2,5429
59,5429
5,5430
8,5430
9,5430
2,5432
3,5432
9,5432
55,5432
60,5434
7,5435
8,5435
42,5435
5,5436
31,5438
13,5439
45,5439
58,5439
22,5440
27,5440
36,5440
4,5441
5,5442
7,5443
3,5444
18,5444
25,5444
7,5445
32,5445
5,5446
26,5446
52,5446
17,5447
4,5448
29,5448
50,5448
49,5450
9,5451
24,5451
28,5452
6,5454
30,5454
34,5455
40,5455
29,5456
12,5458
20,5458
50,5458
18,5459
20,5461
33,5461
42,5463
49,5463
18,5464
24,5464
53,5465
57,5466
60,5467
7,5467
14,5467
29,5467
23,5469
29,5469
26,5470
33,5470
3,5471
4,5472
39,5472
45,5473
4,5474
25,5474
5,5475
42,5475
9,5476
6,5477
3,5478
6,5478
42,5478
5,5479
15,5481
35,5481
32,5482
51,5482
25,5485
37,5485
59,5485
51,5486
4,5487
8,5488
16,5488
54,5488
29,5490
7,5491
26,5491
46,5491
53,5492
1,5493
1,5494
16,5495
2,5496
44,5496
2,5497
1,5499
45,5499
2,5500
27,5500
53,5500
41,5501
16,5502
29,5502
57,5502
43,5503
42,5504
25,5505
37,5505
26,5507
39,5507
12,5509
58,5509
1,5511
2,5512
10,5512
13,5512
41,5512
49,5512
48,5513
1,5514
12,5514
2,5515
16,5515
25,5515
1,5518
2,5519
55,5519
59,5519
12,5520
36,5520
52,5520
36,5521
42,5522
7,5527
18,5527
31,5527
59,5528
3,5530
37,5531
5,5532
25,5532
28,5532
31,5532
44,5532
4,5533
9,5533
13,5533
3,5534
33,5534
56,5534
4,5535
5,5536
20,5539
12,5540
23,5540
16,5541
27,5541
1,5542
3,5544
1,5546
49,5546
12,5547
2,5548
4,5548
1,5549
21,5549
28,5549
5,5550
2,5551
59,5551
5,5552
57,5552
8,5553
1,5554
52,5554
3,5555
9,5556
38,5556
4,5557
32,5557
2,5558
5,5558
45,5558
59,5560
38,5562
33,5563
54,5564
3,5565
34,5565
23,5566
28,5566
9,5567
10,5567
12,5567
19,5567
22,5567
39,5567
3,5569
36,5569
47,5570
54,5570
4,5571
40,5571
58,5571
5,5572
3,5573
25,5573
49,5574
4,5575
10,5575
56,5575
34,5576
53,5576
9,5577
28,5577
5,5578
14,5578
35,5578
34,5579
37,5579
3,5580
1,5581
4,5581
12,5581
43,5581
1,5582
5,5582
31,5582
40,5582
59,5582
2,5583
1,5584
2,5585
56,5585
7,5586
15,5586
4,5587
5,5588
2,5589
51,5592
50,5593
55,5593
16,5594
3,5595
16,5598
37,5600
50,5600
52,5600
17,5601
55,5601
55,5603
45,5605
14,5607
58,5609
21,5610
36,5610
18,5611
14,5612
46,5612
24,5613
3,5614
4,5615
32,5615
36,5615
5,5616
22,5616
34,5616
58,5617
4,5618
45,5618
5,5619
3,5620
26,5620
31,5620
45,5621
13,5622
20,5622
39,5623
49,5623
23,5625
53,5626
1,5627
54,5629
56,5630
9,5632
13,5632
27,5632
8,5633
10,5633
20,5633
41,5636
57,5636
21,5638
7,5640
24,5641
30,5642
39,5642
56,5642
45,5644
52,5644
14,5645
15,5645
30,5646
5,5647
35,5647
37,5648
19,5649
45,5650
50,5650
20,5651
23,5651
57,5651
50,5653
31,5654
24,5655
45,5655
31,5656
41,5656
16,5657
44,5657
60,5658
23,5658
39,5658
25,5659
33,5659
44,5659
18,5661
44,5661
38,5662
40,5662
42,5664
9,5666
14,5668
24,5670
7,5671
21,5671
42,5671
24,5672
33,5673
6,5675
17,5675
32,5675
45,5675
7,5676
17,5676
20,5676
58,5676
60,5677
21,5677
2,5679
20,5679
16,5680
22,5681
48,5681
33,5683
33,5684
42,5685
47,5685
51,5685
60,5686
22,5686
35,5686
37,5686
45,5686
50,5686
58,5686
41,5687
44,5687
49,5688
1,5694
6,5694
44,5694
49,5694
54,5694
1,5695
2,5697
16,5698
57,5698
1,5699
2,5700
25,5701
51,5701
2,5702
3,5703
23,5703
44,5703
5,5704
4,5705
34,5705
4,5706
28,5706
42,5708
3,5710
32,5710
38,5710
55,5711
5,5713
7,5713
49,5713
13,5714
10,5715
34,5716
32,5718
40,5718
55,5719
41,5720
46,5720
53,5720
9,5721
42,5722
37,5723
55,5723
57,5723
10,5725
43,5725
11,5726
41,5727
18,5729
17,5731
57,5732
9,5733
33,5733
42,5733
3,5734
18,5734
43,5735
4,5736
10,5736
16,5736
23,5736
3,5737
4,5738
14,5738
5,5739
5,5740
13,5740
54,5740
12,5741
34,5741
52,5741
56,5741
15,5742
38,5742
3,5743
23,5743
4,5744
4,5745
5,5746
58,5746
14,5747
21,5747
42,5747
24,5748
5,5749
11,5750
38,5750
1,5751
59,5751
3,5753
17,5753
10,5754
2,5755
1,5756
2,5757
53,5757
1,5759
2,5760
43,5761
10,5763
26,5764
22,5765
35,5766
6,5767
45,5767
10,5768
22,5769
46,5769
11,5771
17,5771
26,5771
35,5771
18,5772
51,5772
51,5773
48,5774
50,5774
17,5775
26,5776
33,5777
44,5777
50,5777
11,5778
43,5778
55,5781
18,5782
38,5782
53,5782
6,5783
20,5783
17,5784
21,5788
26,5789
50,5789
52,5789
53,5790
40,5791
55,5793
37,5794
43,5794
47,5794
10,5795
37,5795
16,5798
40,5798
56,5798
9,5799
19,5799
25,5801
31,5802
48,5803
15,5804
31,5804
46,5804
45,5805
49,5805
8,5808
28,5808
9,5809
37,5809
52,5810
38,5812
24,5813
36,5813
38,5814
16,5815
56,5815
11,5818
26,5818
8,5819
49,5819
55,5820
55,5823
56,5823
11,5824
13,5825
55,5825
19,5826
6,5827
28,5828
34,5828
55,5830
41,5831
60,5832
57,5832
58,5832
19,5834
12,5835
60,5836
15,5836
31,5836
40,5836
45,5836
50,5837
39,5838
51,5838
6,5839
55,5839
58,5839
12,5841
47,5841
26,5842
45,5842
33,5843
22,5844
29,5844
30,5844
33,5844
3,5845
25,5845
48,5845
13,5846
33,5847
39,5847
53,5847
55,5850
56,5851
33,5852
21,5853
34,5853
56,5854
50,5855
3,5857
24,5857
26,5857
45,5857
15,5858
5,5859
44,5859
5,5860
7,5860
22,5860
28,5861
44,5861
4,5862
26,5862
3,5863
53,5864
1,5865
54,5865
2,5866
4,5866
40,5866
1,5867
16,5867
20,5867
1,5868
8,5868
12,5868
15,5868
58,5868
2,5869
6,5872
39,5872
2,5874
14,5874
49,5874
33,5877
40,5877
55,5877
25,5878
55,5878
3,5880
27,5880
47,5881
21,5882
23,5882
18,5883
32,5883
35,5883
31,5884
52,5884
21,5885
49,5885
46,5888
11,5889
18,5889
29,5890
23,5891
27,5891
45,5891
56,5893
22,5894
36,5894
57,5894
43,5895
55,5895
11,5897
48,5901
7,5902
10,5902
3,5903
23,5903
4,5904
5,5906
5,5907
4,5908
3,5909
23,5909
6,5910
8,5911
25,5911
34,5912
35,5913
56,5915
29,5916
59,5916
31,5917
16,5918
42,5918
9,5919
58,5919
49,5920
30,5921
25,5922
40,5922
59,5922
60,5923
16,5923
43,5924
45,5926
20,5927
46,5927
53,5928
13,5929
19,5929
15,5930
58,5930
16,5934
60,5936
25,5936
48,5936
14,5937
59,5938
30,5939
48,5939
32,5940
36,5941
43,5941
56,5944
48,5945
53,5945
7,5946
30,5947
31,5949
41,5949
49,5949
59,5949
50,5950
27,5951
28,5951
60,5952
15,5952
22,5952
45,5952
53,5953
55,5953
18,5954
38,5954
53,5954
13,5955
56,5955
1,5956
15,5956
26,5956
56,5956
59,5957
2,5958
8,5958
18,5958
30,5958
1,5959
2,5961
12,5961
14,5961
33,5961
30,5963
41,5963
51,5963
40,5964
1,5967
47,5967
2,5968
8,5968
37,5968
8,5969
51,5971
56,5971
58,5972
40,5975
25,5976
37,5976
47,5976
9,5977
16,5979
37,5980
11,5981
43,5982
45,5982
15,5983
29,5985
60,5986
35,5986
41,5986
18,5989
50,5989
6,5990
23,5990
40,5990
51,5992
2,5994
12,5995
17,5995
8,5996
47,5996
60,5997
7,5997
9,5997
11,5997
29,5997
36,5997
33,5998
5,5999
32,5999
25,6000
35,6000
13,6001
28,6001
8,6002
21,6003
31,6003
40,6005
26,6006
26,6008
24,6009
17,6010
29,6010
43,6010
51,6011
52,6014
23,6015
36,6016
53,6016
48,6017
51,6017
13,6018
58,6018
31,6019
59,6020
40,6022
21,6024
29,6027
15,6028
40,6029
9,6031
15,6034
9,6035
35,6038
58,6038
46,6041
10,6048
57,6048
13,6049
11,6050
27,6050
38,6050
7,6051
51,6051
52,6054
5,6055
10,6056
45,6056
46,6060
38,6062
38,6063
26,6064
59,6065
54,6066
51,6067
15,6069
41,6069
55,6069
30,6070
1,6071
2,6072
42,6073
1,6074
48,6074
2,6075
18,6075
49,6075
1,6076
34,6076
51,6076
2,6077
11,6077
2,6078
29,6078
42,6078
44,6078
20,6081
44,6081
57,6081
18,6082
39,6084
56,6086
58,6086
8,6087
3,6088
8,6088
39,6088
54,6090
7,6091
45,6091
31,6092
10,6093
51,6093
9,6094
10,6094
12,6094
20,6095
37,6095
7,6098
33,6098
11,6099
41,6099
31,6100
42,6103
27,6104
39,6105
56,6105
37,6106
56,6106
51,6109
53,6109
45,6110
15,6111
35,6111
47,6112
58,6112
10,6113
36,6113
9,6114
25,6114
57,6116
21,6117
7,6119
16,6119
10,6121
9,6122
31,6122
24,6123
12,6126
25,6126
53,6126
31,6127
3,6128
4,6129
18,6129
30,6129
58,6129
21,6130
42,6130
17,6131
43,6131
5,6132
12,6132
3,6134
33,6134
11,6136
4,6137
14,6138
15,6139
29,6139
5,6140
18,6140
28,6140
52,6141
24,6142
20,6144
3,6145
38,6145
43,6148
9,6150
12,6151
59,6151
37,6152
36,6153
41,6153
18,6154
18,6155
53,6155
38,6156
7,6157
40,6158
16,6159
42,6159
43,6159
54,6159
48,6160
57,6161
17,6163
59,6163
41,6164
44,6164
4,6165
39,6165
23,6166
14,6167
8,6168
34,6168
47,6168
52,6168
24,6169
24,6170
49,6172
46,6173
23,6175
31,6175
36,6175
56,6176
23,6177
3,6178
16,6178
32,6178
59,6178
5,6179
18,6179
25,6179
32,6182
12,6183
19,6183
25,6183
4,6184
5,6185
38,6185
4,6186
3,6187
5,6187
9,6187
31,6190
31,6192
56,6192
60,6194
4,6194
41,6195
7,6196
6,6197
32,6198
48,6198
58,6198
54,6201
35,6202
40,6203
9,6204
34,6204
29,6207
22,6208
25,6210
18,6211
33,6211
50,6215
8,6218
19,6218
50,6218
51,6220
50,6223
17,6225
40,6225
46,6225
18,6226
19,6229
35,6229
42,6230
46,6230
53,6230
41,6231
17,6232
30,6233
11,6234
41,6234
54,6234
27,6235
30,6235
51,6235
36,6237
1,6238
33,6238
60,6239
2,6239
1,6240
25,6240
17,6241
29,6241
57,6241
1,6242
2,6243
10,6243
52,6243
43,6244
2,6245
58,6245
26,6246
38,6246
5,6249
54,6249
49,6250
13,6252
36,6252
6,6253
57,6253
18,6254
37,6254
17,6255
11,6256
20,6256
36,6256
40,6257
37,6258
9,6260
55,6260
27,6262
3,6263
33,6263
44,6265
33,6266
10,6267
60,6268
60,6271
13,6271
44,6272
20,6273
22,6273
55,6273
37,6274
41,6275
46,6275
6,6276
19,6276
50,6276
57,6276
38,6277
51,6277
35,6278
17,6279
37,6279
8,6280
20,6280
26,6281
44,6281
60,6284
22,6284
41,6284
43,6285
37,6286
40,6286
38,6287
38,6288
59,6289
20,6290
46,6291
3,6292
4,6294
20,6294
3,6295
13,6296
5,6297
4,6298
7,6298
5,6300
20,6301
47,6302
29,6303
25,6305
33,6306
41,6306
48,6306
43,6307
41,6308
58,6308
1,6309
8,6309
55,6309
1,6310
25,6310
48,6311
55,6311
2,6312
27,6312
1,6313
2,6314
2,6315
55,6315
35,6316
41,6318
18,6319
40,6319
10,6320
20,6323
44,6324
13,6325
33,6325
48,6325
1,6326
23,6327
50,6327
42,6331
48,6331
58,6331
37,6332
20,6333
37,6333
58,6334
10,6335
12,6335
27,6337
31,6337
55,6338
59,6338
47,6339
10,6340
14,6340
21,6340
53,6340
35,6341
48,6341
32,6343
50,6345
9,6347
45,6347
3,6348
46,6348
24,6349
16,6350
31,6350
60,6352
37,6352
6,6353
45,6354
26,6356
28,6356
33,6359
42,6359
1,6360
3,6360
33,6360
5,6361
57,6361
7,6362
11,6362
4,6364
21,6365
22,6365
10,6366
11,6366
41,6366
43,6367
3,6368
53,6368
42,6369
1,6370
12,6371
20,6372
5,6374
29,6375
4,6376
15,6376
35,6376
38,6377
39,6377
24,6378
42,6379
52,6379
26,6380
4,6383
48,6384
7,6386
9,6386
9,6388
34,6388
49,6388
6,6389
33,6391
13,6393
28,6394
9,6397
26,6399
40,6399
51,6399
15,6400
41,6400
54,6400
21,6401
36,6402
46,6402
1,6403
27,6403
28,6403
60,6404
12,6405
14,6405
35,6405
29,6406
45,6406
48,6408
16,6409
31,6410
35,6410
12,6411
14,6411
57,6411
27,6412
49,6413
53,6415
10,6416
33,6416
38,6418
57,6419
13,6420
41,6421
53,6421
34,6422
52,6423
58,6423
49,6424
10,6425
27,6425
6,6426
59,6428
11,6429
18,6430
8,6431
11,6431
48,6431
9,6432
55,6432
45,6433
38,6434
40,6434
47,6435
43,6436
51,6436
25,6437
7,6438
12,6439
45,6439
28,6440
30,6440
43,6441
50,6441
60,6442
13,6443
35,6443
38,6444
24,6446
22,6447
51,6447
9,6448
51,6449
54,6454
23,6455
1,6456
48,6456
2,6457
41,6457
1,6458
28,6459
39,6459
1,6461
25,6461
48,6462
2,6463
10,6463
18,6463
48,6463
25,6464
57,6464
2,6465
14,6465
51,6466
24,6468
10,6472
32,6473
43,6473
42,6474
24,6475
50,6475
36,6476
46,6479
33,6481
50,6481
38,6483
40,6483
6,6484
42,6484
49,6484
3,6485
16,6486
29,6486
42,6487
23,6488
35,6488
44,6488
59,6488
26,6489
18,6490
5,6491
25,6491
32,6492
47,6492
5,6493
4,6495
51,6497
4,6498
3,6499
40,6499
1,6501
2,6502
6,6502
14,6502
10,6503
32,6503
1,6504
20,6504
51,6504
7,6505
53,6505
16,6506
22,6507
24,6507
27,6507
50,6507
1,6509
11,6509
19,6509
2,6510
16,6510
22,6510
2,6511
47,6512
48,6512
60,6513
15,6513
34,6513
2,6514
47,6516
26,6517
41,6517
43,6520
55,6520
24,6521
25,6521
26,6524
58,6525
43,6528
3,6529
5,6530
5,6531
33,6531
38,6532
58,6532
4,6533
17,6534
20,6534
29,6534
3,6535
23,6535
38,6535
40,6535
4,6536
15,6536
18,6536
31,6536
12,6537
19,6537
30,6537
39,6537
13,6538
32,6538
48,6538
11,6540
13,6541
33,6541
35,6541
23,6542
24,6542
28,6542
9,6544
22,6545
54,6546
3,6547
52,6547
42,6548
29,6549
4,6551
5,6552
23,6552
44,6552
60,6553
3,6553
34,6554
7,6555
15,6555
50,6555
30,6556
4,6557
10,6557
15,6557
27,6557
48,6557
16,6558
30,6558
3,6559
42,6559
5,6561
41,6561
17,6562
55,6562
43,6563
14,6565
32,6566
9,6568
17,6568
38,6570
55,6570
50,6573
14,6574
53,6574
3,6575
22,6575
16,6576
25,6576
5,6578
21,6578
60,6579
4,6579
35,6579
50,6579
3,6580
8,6581
14,6581
4,6582
6,6583
13,6583
10,6584
60,6585
15,6585
5,6586
35,6586
55,6586
35,6590
43,6590
2,6591
27,6591
49,6591
60,6592
41,6592
47,6592
42,6593
33,6594
51,6594
44,6595
3,6597
27,6597
4,6598
6,6598
25,6599
37,6599
47,6599
48,6599
15,6600
26,6600
46,6600
4,6601
14,6601
1,6603
5,6603
13,6603
21,6603
39,6603
2,6604
3,6604
12,6604
1,6605
5,6605
44,6605
1,6606
43,6607
46,6607
54,6608
60,6610
2,6610
42,6610
47,6610
5,6611
24,6612
28,6612
29,6612
34,6612
2,6613
60,6614
42,6614
31,6617
3,6618
38,6618
35,6619
5,6620
18,6621
37,6621
5,6623
44,6624
55,6624
25,6625
4,6626
34,6626
4,6627
23,6628
27,6628
53,6629
3,6630
14,6632
26,6632
38,6632
32,6633
53,6634
47,6635
33,6638
36,6638
41,6638
28,6639
5,6644
28,6644
1,6645
29,6645
2,6646
39,6647
54,6647
1,6648
55,6648
2,6649
26,6649
22,6650
1,6651
45,6651
2,6652
38,6652
47,6652
14,6653
45,6653
27,6654
35,6656
40,6658
25,6659
54,6662
34,6663
8,6664
60,6665
12,6665
41,6665
57,6665
11,6666
42,6666
33,6667
36,6667
46,6667
49,6668
40,6669
11,6670
49,6670
35,6671
49,6671
14,6674
37,6675
2,6676
54,6676
49,6677
60,6679
55,6679
35,6680
15,6681
21,6681
25,6682
16,6683
25,6683
38,6683
19,6684
37,6684
39,6684
19,6687
20,6687
58,6687
1,6688
29,6688
58,6688
2,6689
45,6689
7,6690
24,6690
29,6690
1,6691
1,6693
25,6693
26,6693
29,6694
2,6695
19,6695
51,6695
2,6696
48,6696
44,6698
30,6700
23,6703
26,6703
8,6705
11,6705
52,6705
11,6707
19,6709
19,6711
36,6711
49,6711
9,6712
33,6712
54,6712
51,6713
39,6715
10,6717
32,6717
31,6718
30,6719
16,6722
34,6722
8,6723
56,6723
17,6724
26,6725
50,6725
7,6726
31,6726
57,6726
38,6727
44,6727
1,6728
42,6728
51,6728
60,6729
2,6730
7,6730
1,6731
2,6732
26,6732
15,6733
34,6733
1,6734
44,6734
55,6734
23,6736
35,6737
44,6737
33,6738
2,6739
18,6741
47,6741
10,6742
27,6742
57,6742
33,6743
50,6743
51,6744
26,6745
53,6746
19,6748
52,6749
11,6750
31,6750
3,6751
18,6751
43,6751
56,6752
4,6753
5,6754
53,6754
3,6756
5,6757
6,6757
59,6758
4,6759
16,6759
45,6759
53,6761
18,6762
23,6762
32,6764
53,6764
10,6765
9,6767
21,6768
24,6768
32,6768
17,6769
53,6769
15,6771
8,6772
16,6772
57,6776
58,6776
38,6779
3,6780
27,6781
39,6781
4,6783
4,6785
44,6785
59,6785
5,6786
3,6788
8,6788
5,6789
22,6789
58,6789
25,6790
29,6790
42,6790
16,6791
56,6792
32,6793
51,6794
37,6795
56,6795
1,6796
25,6796
19,6797
32,6798
1,6799
2,6800
20,6800
1,6802
15,6802
30,6802
44,6802
56,6802
2,6803
39,6803
47,6803
48,6804
56,6804
54,6805
16,6806
7,6807
30,6807
2,6809
15,6810
19,6811
27,6811
16,6813
50,6813
1,6815
5,6815
38,6815
42,6816
43,6817
49,6817
52,6817
53,6818
47,6820
55,6820
6,6821
21,6822
41,6822
26,6823
37,6824
55,6824
16,6825
11,6826
45,6826
8,6828
27,6828
16,6830
47,6830
38,6833
41,6833
42,6833
55,6833
1,6834
1,6835
3,6836
32,6836
2,6837
50,6837
1,6838
40,6838
2,6839
31,6840
43,6840
5,6842
11,6842
35,6842
39,6842
4,6843
30,6843
54,6843
4,6844
13,6844
3,6845
45,6845
54,6845
43,6846
2,6847
5,6847
26,6848
47,6848
12,6849
20,6850
9,6852
44,6852
25,6856
1,6860
8,6860
29,6860
39,6860
1,6863
37,6863
27,6864
39,6864
41,6864
58,6864
2,6865
32,6865
40,6865
54,6865
2,6866
44,6866
1,6867
10,6867
2,6868
47,6868
46,6869
12,6870
45,6870
26,6871
29,6871
28,6872
19,6873
32,6874
19,6876
31,6877
34,6878
30,6881
6,6883
18,6883
17,6884
21,6886
46,6888
55,6888
38,6889
43,6889
34,6890
58,6891
39,6892
54,6892
60,6893
50,6893
9,6894
24,6894
44,6896
37,6898
56,6899
23,6900
37,6900
56,6904
26,6906
35,6906
43,6906
14,6907
51,6908
16,6909
38,6909
1,6910
45,6910
1,6911
28,6911
2,6912
1,6913
2,6914
10,6914
53,6915
54,6916
2,6917
60,6920
3,6920
31,6920
30,6921
48,6921
5,6922
49,6922
36,6923
4,6924
29,6925
33,6926
45,6926
4,6927
35,6927
60,6928
5,6928
43,6928
53,6928
6,6929
3,6930
34,6931
15,6934
38,6934
49,6935
29,6936
10,6938
45,6938
33,6939
48,6940
35,6942
55,6943
31,6944
53,6944
43,6945
28,6946
40,6946
19,6947
20,6947
16,6948
31,6948
59,6949
3,6950
34,6950
4,6951
22,6951
57,6952
58,6952
4,6954
23,6954
3,6955
22,6955
34,6956
5,6958
38,6958
5,6959
7,6962
26,6962
28,6962
59,6962
13,6965
24,6965
23,6966
60,6969
9,6970
30,6970
13,6974
39,6974
57,6974
46,6975
54,6977
37,6980
6,6981
44,6981
52,6981
4,6982
34,6982
38,6982
7,6983
31,6983
52,6983
19,6985
39,6985
46,6985
47,6985
51,6986
52,6986
55,6986
36,6988
35,6990
1,6991
12,6991
41,6991
29,6992
2,6993
1,6994
41,6994
1,6995
51,6995
2,6996
56,6996
48,6997
2,6999
9,6999
7,7000
6,7001
55,7001
34,7002
3,7004
29,7004
38,7004
56,7005
13,7006
20,7010
49,7010
50,7014
56,7015
25,7017
31,7017
25,7018
9,7019
5,7020
7,7020
43,7020
31,7021
28,7022
46,7022
10,7023
46,7023
36,7025
56,7026
21,7027
22,7029
40,7029
17,7031
35,7032
16,7033
27,7034
39,7034
43,7034
24,7035
59,7036
13,7037
20,7037
32,7037
52,7039
7,7040
22,7040
21,7041
17,7042
58,7042
18,7043
60,7044
18,7045
33,7045
59,7045
13,7047
35,7047
28,7048
1,7049
58,7049
22,7050
27,7050
20,7051
25,7052
57,7052
1,7053
20,7053
2,7054
14,7054
21,7054
27,7055
20,7056
35,7056
1,7057
22,7057
31,7057
2,7059
27,7059
36,7059
57,7059
2,7061
7,7061
34,7064
11,7065
40,7065
15,7066
33,7066
35,7066
49,7066
59,7066
31,7068
47,7069
56,7071
21,7074
25,7075
8,7077
27,7077
35,7077
26,7078
48,7078
50,7078
21,7079
33,7080
53,7080
25,7081
42,7081
46,7083
57,7083
18,7085
19,7085
28,7085
37,7085
59,7086
8,7088
12,7089
29,7089
4,7090
26,7090
25,7091
2,7092
6,7092
18,7094
10,7095
48,7096
56,7096
14,7097
39,7098
58,7098
40,7100
52,7100
56,7101
32,7102
42,7102
58,7102
29,7103
14,7104
35,7104
1,7105
21,7105
25,7105
15,7107
1,7108
3,7108
2,7109
27,7109
16,7110
48,7110
1,7111
32,7111
36,7112
58,7112
2,7113
2,7115
12,7116
22,7116
57,7118
19,7119
47,7119
10,7120
33,7120
46,7120
9,7121
44,7121
50,7122
53,7125
31,7127
35,7127
42,7127
44,7128
48,7128
55,7128
23,7129
18,7131
49,7131
54,7131
54,7134
12,7135
9,7136
3,7137
18,7137
33,7137
36,7137
35,7138
24,7139
4,7140
3,7141
5,7142
36,7143
4,7144
5,7145
13,7145
33,7145
35,7145
59,7145
27,7146
32,7147
49,7148
23,7149
42,7149
26,7152
60,7153
25,7154
44,7154
46,7155
18,7156
6,7158
1,7162
14,7163
2,7164
10,7164
34,7164
47,7164
49,7164
1,7165
1,7166
2,7167
2,7168
48,7170
9,7173
13,7173
24,7174
28,7174
12,7176
31,7177
47,7177
45,7180
14,7181
56,7181
15,7183
34,7184
55,7186
9,7187
59,7187
20,7188
6,7189
38,7189
47,7192
50,7193
47,7195
11,7197
46,7197
12,7198
45,7198
17,7199
36,7199
51,7199
3,7200
13,7200
4,7202
19,7202
42,7202
59,7202
28,7203
34,7203
45,7203
3,7204
24,7204
47,7205
36,7207
45,7207
1,7208
4,7208
53,7208
40,7209
50,7209
1,7210
5,7210
2,7211
2,7212
5,7212
40,7212
42,7212
51,7212
1,7214
10,7214
53,7214
2,7215
3,7216
4,7217
19,7218
51,7218
57,7218
5,7219
34,7220
4,7221
52,7222
5,7223
3,7224
9,7224
44,7228
55,7229
1,7230
39,7230
43,7230
12,7232
26,7232
18,7237
34,7239
41,7239
53,7241
28,7242
13,7243
16,7243
31,7244
53,7244
29,7246
45,7247
27,7248
55,7249
23,7250
12,7252
39,7252
17,7253
43,7258
60,7259
31,7259
32,7260
7,7261
60,7262
6,7262
48,7262
28,7264
55,7264
17,7266
11,7268
15,7269
50,7270
9,7271
48,7271
16,7272
20,7272
29,7276
18,7277
59,7278
24,7279
49,7281
51,7282
7,7283
46,7283
35,7284
57,7284
56,7286
44,7287
8,7289
8,7290
25,7292
56,7292
59,7292
60,7293
41,7295
43,7295
56,7295
60,7296
17,7296
33,7296
43,7299
1,7300
12,7300
9,7301
36,7301
48,7301
1,7302
15,7302
56,7303
60,7304
18,7304
2,7305
27,7305
2,7306
13,7306
1,7307
10,7308
21,7308
57,7308
30,7309
2,7310
6,7310
6,7313
41,7314
47,7314
32,7317
33,7317
38,7321
43,7322
10,7324
27,7324
17,7325
24,7325
27,7327
57,7327
18,7328
43,7328
9,7329
43,7329
8,7331
20,7331
25,7331
26,7331
38,7331
38,7333
39,7333
60,7336
21,7337
23,7337
53,7337
55,7337
29,7339
40,7339
52,7339
56,7345
50,7346
52,7346
11,7347
34,7350
47,7351
9,7352
16,7352
39,7353
59,7353
23,7354
24,7356
13,7357
30,7358
50,7358
55,7358
31,7359
16,7360
18,7360
14,7361
45,7361
49,7361
23,7362
43,7363
10,7365
34,7366
40,7367
53,7369
57,7369
55,7370
57,7370
36,7371
26,7372
42,7373
9,7375
17,7375
6,7377
56,7377
9,7378
12,7378
42,7378
51,7378
39,7380
40,7381
46,7382
30,7384
28,7385
52,7386
54,7386
17,7387
25,7387
1,7388
36,7388
21,7390
56,7390
3,7391
34,7391
4,7392
54,7392
49,7394
58,7394
41,7395
21,7396
36,7396
52,7396
5,7397
12,7397
35,7397
55,7397
5,7399
16,7399
22,7399
3,7400
31,7400
4,7401
25,7401
7,7403
28,7403
30,7404
46,7405
27,7406
33,7406
6,7407
13,7408
48,7408
47,7409
52,7410
57,7410
10,7411
43,7411
3,7412
7,7412
16,7412
45,7412
4,7416
19,7416
5,7417
44,7417
52,7417
5,7418
38,7418
57,7418
4,7419
30,7421
3,7422
59,7422
22,7423
49,7423
38,7424
13,7425
27,7427
58,7427
55,7428
17,7431
43,7431
41,7432
44,7432
44,7434
38,7435
21,7436
41,7436
49,7436
55,7436
45,7437
6,7438
8,7439
15,7439
36,7440
43,7440
57,7441
25,7442
28,7442
29,7442
7,7443
16,7443
51,7444
60,7445
16,7446
16,7447
8,7448
9,7448
13,7448
56,7448
26,7449
11,7450
17,7450
11,7451
3,7452
51,7452
11,7453
4,7454
47,7454
4,7455
35,7455
57,7456
48,7457
60,7459
5,7459
13,7459
20,7459
48,7459
4,7460
5,7461
39,7461
11,7462
3,7464
50,7464
55,7464
24,7465
31,7465
35,7465
47,7465
16,7467
56,7468
23,7469
35,7469
51,7470
12,7471
27,7471
32,7471
46,7471
47,7471
42,7474
16,7475
40,7475
28,7476
53,7476
30,7479
1,7480
16,7480
1,7481
20,7481
42,7481
53,7481
2,7482
24,7482
1,7483
19,7483
2,7484
25,7484
41,7484
2,7485
52,7485
3,7486
52,7487
3,7488
5,7488
4,7489
35,7489
39,7489
43,7489
13,7490
41,7490
5,7491
39,7491
42,7492
4,7495
22,7495
3,7496
28,7496
58,7496
22,7498
28,7498
50,7498
8,7499
51,7499
4,7500
29,7503
56,7503
10,7504
26,7504
40,7504
43,7504
44,7504
1,7505
22,7505
20,7507
8,7508
12,7508
16,7509
25,7509
46,7510
1,7511
29,7511
30,7511
2,7512
1,7513
54,7513
1,7514
12,7515
20,7515
6,7516
43,7516
57,7516
26,7517
57,7518
31,7519
40,7519
46,7519
2,7520
43,7520
2,7521
7,7521
41,7522
42,7522
1,7523
9,7523
41,7526
1,7527
2,7528
28,7528
1,7529
32,7531
38,7531
1,7532
49,7532
9,7533
41,7533
14,7534
2,7535
49,7535
53,7535
2,7536
38,7538
8,7539
38,7539
39,7539
59,7539
50,7541
54,7541
46,7543
29,7545
42,7545
46,7546
7,7547
39,7548
56,7548
16,7549
21,7549
8,7550
34,7551
31,7553
49,7553
40,7554
42,7554
35,7555
53,7555
58,7556
48,7557
4,7558
7,7558
13,7559
41,7559
10,7560
21,7560
28,7560
53,7560
28,7561
37,7561
57,7561
59,7561
46,7562
49,7562
15,7564
60,7567
56,7568
17,7569
55,7569
13,7570
52,7572
7,7574
42,7574
10,7575
22,7576
14,7577
34,7578
54,7579
14,7580
20,7581
34,7583
32,7584
42,7584
8,7585
44,7585
22,7590
34,7590
59,7592
51,7593
9,7595
21,7597
40,7597
15,7598
17,7598
57,7602
53,7605
36,7609
39,7609
20,7612
36,7612
3,7613
2,7614
10,7615
59,7615
4,7616
15,7616
3,7617
32,7617
5,7618
4,7619
13,7619
50,7619
39,7620
5,7622
47,7623
59,7623
5,7624
12,7624
14,7624
22,7624
26,7624
52,7624
17,7625
52,7625
45,7626
26,7627
51,7627
38,7629
45,7629
43,7630
9,7631
44,7631
51,7632
34,7633
60,7635
26,7636
32,7636
35,7636
9,7637
11,7637
59,7638
13,7639
43,7639
8,7640
8,7641
9,7643
53,7643
20,7644
39,7644
25,7645
21,7646
38,7647
1,7648
1,7649
24,7649
2,7650
47,7651
49,7653
2,7654
1,7655
45,7655
2,7656
40,7656
13,7657
39,7657
6,7658
43,7658
38,7660
50,7660
60,7661
21,7662
28,7662
22,7663
26,7664
3,7665
41,7669
48,7670
33,7671
56,7671
18,7677
11,7678
35,7678
9,7679
25,7679
20,7681
24,7682
47,7682
7,7683
37,7685
58,7685
49,7686
42,7687
7,7689
21,7690
45,7690
48,7693
14,7694
36,7694
9,7695
18,7695
24,7695
21,7696
36,7696
53,7696
59,7696
31,7697
43,7697
47,7697
31,7698
40,7698
40,7699
58,7700
30,7701
3,7704
9,7704
36,7704
4,7705
36,7705
37,7705
21,7706
48,7707
3,7708
5,7709
8,7709
55,7709
5,7710
26,7710
2,7711
4,7711
32,7712
44,7712
3,7713
1,7716
1,7717
2,7718
43,7718
11,7719
22,7719
3,7721
50,7721
1,7722
5,7724
13,7724
24,7724
45,7724
52,7724
5,7725
2,7726
20,7726
29,7726
56,7726
4,7727
34,7727
2,7728
3,7728
20,7729
4,7730
57,7730
60,7731
31,7731
41,7731
17,7732
59,7732
34,7733
51,7735
27,7736
22,7739
9,7740
25,7740
13,7741
42,7741
46,7741
12,7743
45,7743
11,7744
27,7744
21,7745
34,7746
40,7746
5,7747
47,7747
49,7747
7,7749
15,7750
52,7750
58,7750
6,7751
14,7751
35,7751
56,7752
48,7753
25,7754
58,7755
5,7756
43,7756
1,7758
48,7759
2,7760
25,7760
37,7760
49,7760
1,7761
6,7761
11,7761
2,7762
51,7762
43,7763
57,7763
59,7764
41,7765
1,7766
20,7766
35,7766
2,7767
12,7767
13,7767
41,7767
37,7769
16,7771
60,7772
57,7772
44,7773
58,7774
7,7775
20,7775
60,7778
9,7779
46,7779
3,7780
41,7780
4,7781
36,7781
3,7782
19,7782
32,7782
38,7782
1,7783
5,7784
30,7784
17,7785
28,7785
2,7786
5,7786
15,7786
1,7787
4,7787
25,7787
38,7787
1,7788
47,7788
2,7789
2,7790
35,7790
37,7790
39,7790
60,7791
56,7791
20,7792
42,7793
9,7797
43,7799
19,7804
34,7804
36,7804
53,7806
9,7807
1,7809
2,7810
20,7811
50,7811
57,7811
25,7812
1,7813
23,7813
1,7814
2,7815
29,7815
2,7816
6,7816
41,7817
18,7818
26,7819
42,7820
1,7821
46,7821
2,7822
35,7824
1,7826
51,7826
1,7827
18,7827
2,7829
6,7829
31,7829
57,7829
2,7831
12,7831
28,7831
34,7831
50,7831
53,7831
55,7832
13,7833
22,7833
50,7833
23,7835
8,7837
19,7837
29,7838
26,7843
9,7845
23,7845
36,7845
26,7847
52,7847
57,7849
52,7851
60,7852
57,7852
24,7853
60,7854
30,7854
8,7855
34,7855
14,7856
23,7856
54,7857
56,7858
26,7859
11,7860
34,7860
39,7860
52,7860
57,7861
26,7862
38,7862
49,7863
1,7865
40,7865
44,7866
60,7868
1,7870
7,7870
19,7870
37,7871
49,7871
2,7872
15,7872
2,7873
15,7873
1,7875
51,7875
56,7875
2,7876
43,7877
25,7878
14,7879
43,7879
36,7880
52,7880
7,7883
9,7884
10,7884
60,7887
31,7888
1,7889
10,7889
40,7889
45,7889
1,7890
32,7890
2,7892
9,7892
22,7892
51,7892
2,7893
52,7893
57,7893
3,7894
1,7895
7,7895
47,7895
4,7896
25,7896
4,7897
31,7897
5,7898
55,7898
2,7899
3,7899
5,7900
30,7901
48,7901
9,7902
11,7902
4,7905
18,7905
25,7905
18,7907
54,7907
43,7909
45,7909
24,7910
48,7910
32,7912
37,7912
23,7913
39,7913
49,7913
16,7914
3,7915
37,7915
53,7915
4,7916
15,7916
16,7918
52,7918
3,7919
36,7919
23,7920
47,7920
4,7921
5,7922
24,7922
5,7924
5,7925
23,7925
40,7927
25,7928
48,7928
53,7928
53,7930
7,7931
8,7931
46,7931
29,7933
44,7933
59,7933
3,7934
10,7934
38,7934
45,7934
51,7934
53,7935
8,7936
33,7937
55,7938
50,7942
14,7943
27,7943
39,7944
39,7946
23,7947
40,7947
22,7948
22,7949
54,7949
1,7951
3,7952
1,7953
48,7953
5,7955
37,7955
52,7955
5,7956
9,7956
2,7957
1,7958
2,7959
4,7959
24,7960
2,7961
32,7961
4,7962
15,7962
22,7962
45,7962
3,7963
37,7963
12,7966
29,7966
37,7966
6,7970
23,7970
55,7972
48,7973
9,7974
57,7974
50,7975
24,7976
45,7976
49,7976
50,7977
25,7978
51,7978
49,7979
10,7982
19,7982
24,7983
34,7983
15,7984
26,7985
10,7986
37,7987
26,7988
39,7988
45,7989
30,7992
57,7992
37,7994
25,7996
35,7998
53,7998
12,8001
16,8003
36,8004
60,8005
23,8005
17,8006
15,8007
46,8007
8,8008
8,8009
8,8010
9,8010
42,8010
24,8011
44,8013
35,8017
57,8017
19,8018
58,8018
25,8020
39,8020
41,8022
18,8023
41,8024
1,8025
40,8025
1,8026
19,8026
26,8026
30,8027
2,8028
36,8028
1,8029
55,8030
59,8030
29,8031
46,8031
2,8033
10,8033
46,8034
2,8035
40,8039
46,8039
1,8040
3,8040
55,8040
8,8041
34,8041
48,8041
11,8043
4,8044
48,8044
5,8045
28,8045
23,8046
35,8046
39,8047
3,8049
50,8049
15,8050
18,8050
5,8051
41,8051
48,8051
4,8052
35,8054
59,8054
53,8056
7,8058
23,8058
47,8058
49,8058
50,8058
52,8060
55,8060
42,8061
42,8062
49,8063
23,8064
16,8065
13,8066
26,8066
48,8067
15,8068
13,8070
31,8071
1,8072
29,8072
1,8074
2,8074
7,8074
35,8074
7,8075
13,8075
34,8076
1,8080
1,8081
9,8083
37,8083
2,8084
2,8085
10,8085
13,8086
60,8087
24,8088
36,8088
52,8088
15,8089
6,8090
10,8091
2,8092
52,8092
33,8093
46,8093
19,8095
23,8097
37,8097
44,8098
48,8099
50,8099
51,8099
31,8100
56,8100
58,8100
1,8101
31,8107
43,8107
16,8108
46,8108
1,8109
2,8110
9,8110
40,8110
1,8111
26,8111
27,8112
44,8112
26,8113
41,8113
48,8113
50,8113
55,8113
3,8114
53,8114
2,8115
7,8115
4,8116
13,8116
27,8116
29,8116
1,8117
5,8117
2,8118
27,8118
3,8119
5,8120
33,8120
19,8121
4,8125
14,8127
43,8127
3,8128
21,8128
26,8128
33,8128
25,8129
36,8129
4,8130
9,8130
37,8131
47,8131
10,8132
12,8132
55,8132
3,8133
21,8133
32,8133
46,8133
5,8134
31,8134
40,8134
44,8134
59,8134
5,8136
41,8136
4,8137
38,8137
10,8139
7,8140
13,8142
13,8144
59,8145
11,8146
41,8146
16,8148
31,8150
32,8151
48,8151
57,8151
32,8152
44,8153
47,8153
57,8153
11,8158
42,8158
9,8161
24,8161
28,8161
34,8161
57,8161
58,8161
7,8162
43,8162
51,8163
33,8164
3,8165
16,8165
4,8166
13,8166
17,8167
21,8167
49,8167
4,8169
41,8169
58,8170
3,8171
51,8171
5,8172
14,8172
5,8173
15,8174
38,8174
45,8175
49,8175
18,8176
39,8178
4,8179
20,8179
28,8179
39,8179
21,8181
3,8182
46,8182
6,8184
38,8185
5,8186
16,8186
4,8187
16,8187
21,8188
29,8188
15,8189
55,8189
57,8189
3,8190
8,8190
26,8190
34,8190
4,8191
5,8192
41,8192
38,8194
42,8195
11,8196
28,8196
34,8198
46,8198
29,8199
35,8200
44,8200
1,8201
30,8201
56,8201
1,8202
46,8202
2,8203
19,8203
39,8203
2,8204
13,8204
39,8204
1,8205
26,8205
34,8205
2,8206
24,8208
29,8210
30,8210
59,8210
16,8212
55,8213
47,8215
17,8216
42,8217
45,8221
59,8221
60,8222
21,8222
45,8223
53,8224
3,8225
14,8225
4,8226
39,8227
9,8228
49,8229
40,8230
3,8231
17,8231
12,8233
55,8233
5,8234
59,8234
5,8237
37,8237
4,8238
21,8239
51,8239
26,8240
29,8240
56,8240
24,8242
55,8242
1,8243
13,8244
1,8245
35,8245
2,8246
1,8247
2,8248
38,8248
2,8249
32,8249
48,8249
50,8250
12,8251
48,8251
21,8254
17,8255
9,8256
31,8257
48,8257
10,8258
51,8259
58,8260
5,8261
19,8262
3,8263
4,8264
36,8264
37,8264
4,8265
5,8265
4,8266
34,8267
1,8269
42,8269
41,8270
49,8270
2,8271
26,8272
5,8273
3,8274
39,8274
1,8275
26,8275
23,8276
55,8276
45,8277
26,8278
36,8278
25,8279
1,8280
2,8281
22,8281
31,8281
54,8282
3,8284
25,8284
2,8285
58,8285
14,8288
25,8291
45,8291
29,8292
24,8293
58,8293
24,8294
36,8294
18,8295
3,8296
40,8296
47,8297
21,8298
49,8298
53,8298
9,8301
10,8301
12,8302
35,8303
7,8304
17,8304
6,8306
34,8306
36,8306
33,8307
15,8308
26,8309
27,8310
37,8310
1,8312
1,8313
16,8315
33,8315
47,8315
2,8316
13,8316
55,8316
1,8317
2,8318
48,8318
50,8318
51,8319
3,8320
32,8320
37,8320
48,8320
57,8320
2,8321
11,8321
31,8321
5,8322
19,8322
35,8322
53,8322
4,8323
3,8324
54,8324
60,8325
5,8325
15,8325
13,8326
4,8327
31,8327
35,8327
19,8329
6,8331
42,8331
49,8333
6,8335
20,8335
6,8336
32,8336
52,8336
36,8338
44,8338
7,8339
34,8341
40,8341
44,8342
1,8343
1,8345
13,8345
47,8345
49,8345
39,8346
14,8347
18,8347
56,8347
2,8348
27,8348
47,8349
2,8350
1,8351
12,8351
39,8352
2,8353
31,8354
37,8354
48,8354
14,8355
45,8355
23,8357
48,8357
54,8357
18,8360
58,8361
46,8363
16,8364
29,8365
33,8365
16,8368
28,8369
14,8370
20,8371
58,8371
17,8372
24,8373
42,8373
7,8375
15,8375
41,8375
18,8376
24,8377
39,8377
45,8377
46,8377
55,8380
21,8382
5,8383
20,8384
54,8384
14,8386
45,8387
60,8389
44,8389
35,8391
38,8391
10,8392
15,8392
58,8392
60,8393
31,8394
30,8400
48,8400
7,8401
37,8401
40,8401
60,8404
17,8404
30,8405
42,8405
37,8406
42,8408
3,8409
4,8411
4,8412
46,8412
5,8413
22,8413
23,8413
30,8413
5,8414
3,8415
21,8416
27,8416
47,8416
24,8417
42,8418
14,8419
18,8419
57,8419
6,8421
14,8421
20,8423
48,8423
34,8424
28,8426
34,8426
35,8426
36,8426
9,8429
21,8429
16,8433
37,8433
49,8436
22,8438
58,8440
59,8440
36,8441
43,8442
11,8444
56,8444
54,8445
11,8446
6,8447
23,8448
53,8450
43,8451
16,8452
43,8452
27,8453
41,8455
59,8458
47,8461
40,8462
6,8464
9,8464
60,8469
32,8471
11,8473
30,8475
56,8477
13,8478
8,8479
17,8480
59,8480
30,8481
39,8481
7,8482
60,8483
20,8485
37,8485
44,8485
9,8486
30,8486
36,8486
44,8486
58,8486
15,8488
18,8488
29,8488
59,8488
52,8489
22,8490
24,8490
18,8492
5,8493
45,8494
29,8496
41,8496
42,8496
60,8497
17,8497
36,8498
51,8498
1,8500
25,8500
28,8500
40,8500
51,8500
1,8501
28,8501
23,8502
2,8503
2,8504
50,8504
1,8505
2,8507
40,8507
7,8508
58,8509
14,8510
8,8514
48,8514
49,8515
46,8516
53,8516
3,8519
17,8520
18,8520
21,8522
14,8523
35,8524
45,8526
34,8527
18,8528
12,8529
46,8530
16,8531
32,8531
41,8531
16,8532
58,8533
46,8534
58,8534
13,8536
18,8537
21,8537
49,8538
11,8539
51,8540
38,8542
41,8543
38,8544
12,8546
54,8548
34,8549
36,8549
16,8550
14,8551
52,8552
23,8554
25,8554
47,8554
54,8555
15,8556
34,8558
35,8558
59,8558
34,8561
49,8561
41,8562
47,8562
51,8563
54,8563
10,8564
27,8564
41,8565
43,8565
16,8566
30,8566
14,8567
40,8567
11,8568
36,8569
33,8571
50,8571
51,8571
47,8572
38,8573
40,8573
54,8575
14,8576
32,8576
56,8576
32,8577
56,8577
19,8578
54,8580
58,8581
42,8582
22,8583
49,8583
24,8584
51,8585
40,8586
1,8587
55,8588
37,8590
58,8590
21,8591
21,8592
28,8592
54,8592
48,8593
40,8596
47,8596
53,8597
42,8598
15,8599
56,8600
21,8602
43,8604
22,8606
28,8607
32,8607
33,8607
38,8607
30,8610
31,8611
56,8611
11,8613
55,8614
58,8614
20,8615
34,8615
46,8615
56,8615
34,8617
11,8619
48,8619
58,8619
1,8620
1,8621
8,8623
47,8623
2,8624
9,8625
38,8625
1,8626
21,8626
26,8626
55,8626
38,8627
55,8627
22,8628
52,8628
23,8629
11,8630
59,8632
36,8633
49,8633
2,8635
26,8635
45,8635
49,8635
7,8638
50,8638
56,8638
49,8639
52,8639
39,8640
50,8640
51,8642
2,8643
8,8644
15,8644
2,8647
26,8647
51,8647
12,8652
31,8652
35,8653
59,8653
7,8656
22,8657
30,8657
41,8657
4,8658
7,8658
51,8658
39,8659
46,8660
48,8660
31,8662
49,8665
38,8666
33,8667
10,8669
51,8670
13,8671
32,8671
33,8672
48,8672
3,8676
60,8677
39,8677
41,8677
5,8678
5,8679
13,8679
4,8681
29,8681
3,8683
6,8683
53,8683
4,8684
23,8684
25,8684
39,8685
59,8685
4,8686
33,8687
40,8688
58,8689
10,8695
44,8695
13,8696
54,8698
11,8699
6,8700
55,8700
51,8702
1,8704
32,8704
1,8705
38,8705
40,8705
2,8706
14,8706
44,8706
2,8707
25,8707
1,8708
26,8708
19,8709
2,8710
24,8710
35,8710
59,8710
53,8711
31,8712
1,8714
21,8714
15,8715
60,8716
6,8716
38,8716
38,8718
1,8720
46,8721
2,8723
2,8724
36,8724
49,8724
1,8725
27,8726
37,8726
2,8727
25,8727
14,8728
28,8728
33,8728
14,8729
45,8731
48,8732
41,8734
57,8737
10,8738
22,8738
3,8739
17,8739
53,8739
46,8740
55,8740
24,8743
57,8743
3,8745
39,8746
58,8746
13,8747
4,8748
37,8748
46,8748
56,8748
60,8750
3,8750
12,8750
31,8750
5,8751
31,8751
33,8751
50,8751
5,8752
4,8753
37,8753
25,8754
13,8755
51,8755
34,8757
30,8759
19,8760
11,8763
32,8763
36,8763
11,8764
6,8767
58,8767
20,8769
27,8769
47,8769
7,8770
14,8774
10,8776
29,8776
36,8776
1,8777
52,8777
2,8779
26,8779
42,8779
45,8779
1,8781
34,8781
43,8781
2,8782
39,8782
1,8783
39,8783
2,8784
59,8785
17,8786
53,8786
59,8786
50,8788
8,8790
46,8790
9,8791
12,8791
44,8793
15,8794
51,8794
17,8795
8,8796
28,8796
46,8796
21,8797
34,8797
57,8797
59,8797
28,8798
53,8798
56,8801
5,8803
14,8803
18,8804
60,8808
7,8808
34,8808
37,8810
43,8810
56,8810
27,8811
54,8812
59,8814
57,8815
1,8816
52,8816
1,8817
18,8817
2,8818
26,8818
43,8818
1,8819
2,8820
30,8820
43,8820
45,8821
2,8822
31,8823
30,8824
36,8824
60,8825
48,8825
53,8825
42,8826
17,8828
36,8828
35,8829
5,8830
16,8830
43,8830
44,8830
26,8832
55,8832
3,8833
15,8833
34,8833
6,8834
25,8834
32,8834
4,8835
28,8836
3,8837
26,8837
12,8839
5,8840
25,8840
4,8841
1,8842
32,8842
2,8843
5,8843
28,8843
1,8844
1,8845
8,8845
32,8845
18,8846
50,8846
48,8847
51,8847
7,8849
2,8850
12,8851
20,8851
2,8852
18,8852
36,8853
40,8853
43,8853
46,8853
21,8854
39,8854
50,8854
59,8856
19,8857
30,8857
50,8858
14,8860
46,8861
3,8862
10,8862
11,8863
32,8863
37,8863
4,8864
21,8864
52,8864
11,8865
20,8865
29,8865
32,8865
5,8866
30,8866
38,8867
26,8868
33,8868
19,8869
4,8870
3,8871
31,8871
44,8871
24,8872
5,8873
40,8873
8,8874
34,8874
59,8874
41,8877
5,8878
7,8878
15,8880
17,8880
9,8881
3,8882
40,8882
17,8883
5,8884
51,8884
10,8885
43,8885
5,8886
27,8886
40,8886
4,8887
4,8889
8,8889
48,8889
3,8891
42,8891
6,8894
25,8895
54,8899
21,8900
15,8901
22,8901
30,8901
40,8901
28,8902
38,8902
34,8904
17,8905
47,8907
10,8909
11,8913
47,8916
34,8918
42,8918
51,8919
3,8920
24,8920
30,8921
52,8922
53,8922
58,8922
4,8923
46,8923
5,8924
5,8925
46,8925
27,8926
56,8927
4,8928
56,8928
3,8929
30,8929
42,8929
7,8930
59,8931
55,8932
3,8934
46,8935
12,8936
13,8936
25,8941
45,8941
36,8942
38,8942
3,8943
57,8944
28,8945
37,8945
9,8946
27,8947
41,8947
52,8949
10,8950
46,8953
48,8953
25,8956
32,8957
36,8957
15,8958
23,8958
17,8959
31,8959
21,8960
1,8961
37,8961
51,8962
56,8962
1,8963
9,8963
58,8963
10,8964
36,8964
39,8964
2,8965
3,8965
36,8965
2,8966
32,8966
40,8966
1,8967
2,8968
4,8968
53,8968
20,8969
31,8969
44,8969
4,8970
25,8970
5,8971
49,8971
40,8972
15,8974
31,8974
32,8974
5,8975
21,8975
26,8976
3,8977
14,8977
53,8977
16,8978
11,8979
44,8980
3,8981
4,8982
21,8983
4,8984
44,8984
60,8985
5,8985
35,8985
40,8985
41,8985
39,8986
19,8987
3,8988
42,8988
5,8990
10,8990
55,8990
53,8991
22,8992
59,8992
12,8993
22,8993
27,8993
13,8995
31,8995
48,8996
10,8998
18,8998
54,8998
15,8999
47,8999
20,9002
35,9002
51,9002
22,9003
50,9003
44,9004
57,9004
30,9006
52,9006
55,9007
55,9009
3,9011
20,9012
48,9012
10,9013
37,9013
39,9013
5,9015
4,9016
16,9016
3,9017
19,9017
4,9018
5,9019
13,9019
26,9019
50,9023
4,9024
15,9024
42,9025
27,9028
7,9029
13,9029
36,9030
47,9030
12,9032
55,9033
7,9036
17,9036
53,9036
54,9036
21,9037
26,9037
51,9039
49,9040
8,9043
34,9043
46,9043
51,9043
54,9044
42,9045
58,9045
20,9048
48,9049
21,9050
45,9050
30,9051
24,9052
25,9052
48,9052
19,9053
7,9055
34,9055
29,9056
59,9056
12,9057
31,9058
31,9060
6,9061
24,9061
29,9061
8,9064
25,9065
59,9065
18,9066
51,9066
41,9068
3,9071
23,9071
5,9072
4,9073
3,9074
17,9074
5,9076
51,9076
55,9076
4,9079
10,9079
19,9080
32,9081
24,9082
45,9082
24,9083
53,9085
47,9086
51,9086
51,9087
55,9087
26,9088
44,9088
8,9089
48,9089
3,9090
9,9090
9,9091
25,9091
4,9092
13,9092
36,9092
58,9092
15,9093
32,9093
36,9093
3,9094
13,9094
23,9094
54,9094
60,9097
5,9098
10,9098
42,9098
5,9099
36,9100
4,9101
18,9101
49,9102
56,9103
3,9104
45,9104
9,9106
49,9106
51,9108
20,9109
55,9109
13,9110
59,9110
30,9113
41,9113
51,9114
60,9115
23,9115
46,9117
60,9118
15,9118
41,9119
16,9121
41,9121
54,9121
28,9123
14,9124
46,9124
37,9125
46,9126
10,9127
48,9127
59,9128
12,9130
18,9130
28,9131
34,9131
31,9133
6,9135
11,9135
43,9135
24,9136
40,9136
27,9137
12,9138
39,9138
44,9138
25,9139
17,9140
52,9140
58,9141
18,9143
3,9144
25,9145
4,9146
34,9146
21,9147
21,9148
5,9149
21,9150
5,9151
21,9151
4,9152
35,9152
8,9153
9,9153
21,9154
29,9154
60,9155
3,9155
40,9156
1,9158
10,9158
1,9159
2,9160
16,9160
47,9160
53,9160
2,9162
23,9162
33,9162
47,9162
16,9163
27,9163
45,9163
1,9164
2,9166
33,9166
47,9166
24,9167
27,9167
30,9168
36,9169
37,9169
1,9173
2,9174
51,9175
45,9176
1,9177
32,9177
1,9178
2,9180
37,9180
2,9181
10,9181
22,9181
28,9183
11,9185
55,9185
59,9185
46,9186
3,9187
5,9188
27,9188
5,9190
39,9190
56,9190
47,9192
4,9193
4,9194
30,9194
56,9194
3,9195
27,9195
53,9196
37,9200
48,9200
56,9200
7,9203
9,9203
60,9204
36,9205
56,9205
14,9206
19,9206
32,9206
40,9206
44,9206
38,9207
35,9208
32,9209
36,9209
59,9209
58,9210
6,9211
23,9211
39,9211
40,9211
49,9211
52,9213
18,9215
33,9215
45,9215
23,9217
1,9218
6,9218
49,9218
1,9220
12,9220
20,9220
40,9220
60,9221
26,9221
50,9221
2,9222
27,9222
45,9223
2,9224
23,9225
33,9225
38,9225
1,9226
2,9227
46,9227
34,9228
49,9228
58,9228
7,9231
59,9233
23,9234
24,9234
35,9234
36,9235
26,9236
47,9236
8,9237
24,9241
17,9242
3,9243
16,9243
34,9243
30,9244
5,9245
21,9246
50,9246
22,9248
56,9248
4,9250
3,9251
42,9251
58,9251
46,9252
4,9253
11,9253
20,9253
35,9253
49,9253
5,9254
25,9255
3,9256
60,9257
1,9257
4,9257
6,9257
11,9257
5,9258
44,9258
5,9259
4,9260
18,9260
59,9260
3,9261
46,9263
57,9263
3,9264
13,9264
4,9265
34,9265
22,9266
27,9266
4,9267
12,9267
34,9267
53,9268
5,9270
27,9270
32,9270
3,9271
5,9272
9,9273
28,9274
11,9275
53,9275
11,9277
39,9277
1,9278
3,9278
45,9278
4,9279
27,9279
42,9281
60,9282
2,9282
4,9282
1,9283
35,9283
40,9283
1,9284
50,9284
36,9285
49,9285
17,9286
2,9288
5,9288
43,9288
2,9289
43,9289
26,9290
16,9291
21,9291
14,9293
28,9293
41,9293
50,9293
57,9293
5,9294
21,9294
31,9294
3,9296
57,9296
39,9297
41,9297
6,9300
37,9300
58,9301
9,9302
13,9304
22,9305
38,9306
16,9307
6,9308
17,9308
25,9308
46,9311
30,9312
18,9314
52,9315
53,9315
18,9317
30,9317
1,9318
12,9318
42,9318
51,9318
16,9320
34,9320
1,9321
18,9321
43,9322
27,9323
58,9323
53,9324
2,9325
47,9325
53,9326
47,9327
35,9328
1,9329
43,9329
27,9330
2,9331
30,9332
47,9332
2,9333
25,9333
45,9333
57,9333
42,9334
51,9334
3,9335
57,9335
4,9336
5,9337
12,9337
45,9337
12,9339
52,9339
14,9340
43,9340
5,9342
41,9342
52,9344
52,9345
3,9346
1,9347
4,9347
33,9347
52,9347
53,9348
2,9349
1,9350
12,9350
50,9350
2,9351
31,9351
3,9353
48,9353
1,9354
7,9354
9,9355
10,9355
14,9355
13,9356
54,9356
59,9357
36,9358
20,9359
52,9359
57,9359
2,9360
34,9360
53,9360
27,9362
26,9363
43,9363
29,9364
37,9364
22,9365
31,9365
40,9365
44,9366
13,9369
27,9369
32,9371
49,9371
1,9372
26,9372
15,9374
3,9377
58,9377
5,9378
54,9378
59,9378
5,9379
39,9380
4,9381
3,9382
12,9382
47,9382
60,9383
17,9383
22,9383
23,9384
39,9384
48,9387
51,9387
4,9388
29,9389
31,9389
17,9390
47,9391
49,9391
57,9391
58,9393
14,9394
3,9395
50,9395
5,9397
34,9397
5,9398
30,9398
37,9398
40,9398
53,9398
4,9399
4,9400
20,9400
28,9400
3,9402
40,9402
12,9403
30,9404
33,9405
15,9407
12,9411
24,9411
28,9411
11,9412
49,9412
59,9412
1,9416
35,9416
49,9417
52,9419
12,9423
40,9424
21,9427
39,9427
24,9428
24,9429
1,9430
23,9430
1,9431
33,9431
24,9432
9,9433
32,9433
48,9433
2,9436
46,9436
47,9436
2,9437
30,9437
36,9437
59,9437
1,9438
40,9438
2,9439
54,9439
55,9440
56,9440
57,9440
29,9441
56,9441
47,9443
22,9444
8,9446
40,9446
46,9446
49,9446
20,9447
30,9447
57,9448
18,9451
39,9451
43,9452
49,9452
26,9455
39,9455
13,9456
42,9456
34,9458
8,9459
10,9459
22,9459
37,9459
55,9459
9,9460
18,9460
33,9460
41,9460
14,9461
39,9461
11,9462
35,9462
14,9463
1,9464
57,9464
49,9465
50,9465
1,9466
7,9467
16,9467
30,9467
2,9469
3,9469
11,9469
29,9469
30,9469
1,9470
4,9470
5,9471
13,9471
22,9471
60,9472
4,9472
5,9473
7,9473
23,9473
36,9473
2,9474
3,9474
53,9474
36,9476
2,9477
20,9477
44,9477
33,9480
35,9480
45,9480
15,9481
24,9481
43,9481
12,9482
13,9482
8,9483
13,9484
17,9484
53,9484
14,9485
27,9485
39,9485
60,9486
26,9486
45,9487
42,9488
23,9489
28,9489
40,9489
40,9490
48,9492
53,9493
23,9494
26,9495
39,9496
7,9498
21,9498
45,9498
59,9499
20,9502
33,9502
34,9502
1,9505
34,9505
1,9506
22,9506
2,9508
10,9508
14,9509
30,9509
40,9509
30,9510
2,9512
1,9513
2,9514
40,9514
58,9514
37,9517
60,9518
27,9518
11,9519
39,9519
57,9519
1,9520
46,9520
1,9521
42,9521
51,9521
2,9523
55,9523
1,9524
2,9525
16,9525
52,9525
2,9527
32,9529
6,9530
13,9530
50,9530
45,9531
14,9533
29,9533
35,9533
12,9535
29,9535
57,9535
7,9536
60,9537
15,9537
34,9539
46,9539
55,9539
35,9541
20,9542
57,9542
44,9543
19,9545
50,9545
17,9546
36,9547
49,9550
1,9551
2,9552
13,9552
38,9553
1,9554
41,9554
53,9555
30,9556
1,9557
30,9557
2,9558
13,9559
49,9559
50,9559
24,9560
32,9560
35,9560
59,9560
60,9561
11,9561
21,9561
29,9561
8,9563
21,9563
28,9563
1,9564
2,9565
15,9565
20,9568
37,9568
45,9568
17,9570
25,9572
13,9574
57,9574
49,9575
29,9576
52,9576
3,9580
35,9580
44,9580
5,9581
43,9581
5,9582
25,9582
22,9583
11,9584
48,9584
51,9584
34,9585
24,9587
51,9587
56,9587
4,9588
4,9589
20,9589
3,9590
14,9591
44,9592
14,9594
44,9594
8,9595
3,9596
58,9596
5,9597
4,9598
17,9598
33,9598
55,9599
21,9602
55,9603
12,9604
51,9605
3,9606
41,9606
57,9608
4,9609
1,9610
5,9611
10,9611
13,9611
34,9612
43,9613
60,9614
7,9614
21,9614
33,9614
45,9614
28,9615
8,9616
12,9616
16,9616
45,9616
32,9617
15,9618
57,9619
30,9621
36,9622
53,9622
15,9623
52,9623
53,9623
29,9624
14,9625
22,9625
28,9626
54,9628
7,9629
25,9630
46,9630
59,9630
20,9631
48,9631
3,9632
7,9632
50,9633
58,9633
27,9635
19,9636
32,9638
54,9638
10,9639
8,9641
42,9643
7,9644
26,9644
41,9644
37,9645
49,9646
26,9647
34,9647
57,9649
34,9650
36,9651
17,9652
6,9655
13,9655
30,9658
34,9659
51,9660
31,9661
32,9661
25,9663
54,9663
57,9663
44,9664
45,9664
48,9664
57,9665
18,9667
32,9667
11,9668
29,9668
39,9668
55,9668
15,9669
33,9669
20,9670
24,9670
52,9670
35,9671
33,9672
1,9674
7,9674
45,9675
8,9676
38,9677
1,9678
2,9679
2,9680
13,9680
48,9680
55,9680
1,9681
2,9682
19,9682
43,9683
10,9684
21,9684
29,9685
42,9685
51,9685
30,9686
36,9687
25,9688
5,9690
12,9690
56,9690
15,9691
28,9691
9,9693
36,9693
32,9694
37,9694
44,9694
52,9694
16,9696
46,9696
57,9699
24,9700
56,9700
11,9702
55,9702
14,9703
3,9704
36,9704
17,9705
41,9705
5,9706
32,9706
58,9706
20,9707
33,9707
5,9708
9,9709
20,9709
4,9710
21,9711
31,9711
1,9712
3,9712
4,9713
42,9713
1,9714
19,9716
2,9717
38,9719
24,9720
16,9721
49,9721
2,9722
25,9722
33,9722
60,9724
1,9724
10,9724
40,9724
2,9726
29,9726
3,9728
40,9729
4,9730
32,9730
51,9730
3,9731
27,9731
29,9731
27,9732
6,9733
5,9735
51,9735
4,9736
5,9737
15,9738
27,9738
31,9738
32,9739
37,9739
45,9740
58,9740
50,9741
51,9741
52,9741
60,9743
1,9743
9,9743
41,9743
15,9744
24,9744
1,9746
2,9748
43,9749
2,9751
26,9751
1,9752
26,9752
58,9752
2,9755
59,9756
18,9757
25,9757
59,9758
34,9759
44,9759
46,9759
26,9760
34,9760
7,9761
15,9761
50,9762
57,9762
6,9763
25,9763
39,9764
3,9765
13,9765
29,9765
5,9766
5,9767
47,9767
15,9770
4,9771
32,9771
3,9772
35,9773
25,9774
44,9776
4,9777
18,9777
57,9779
8,9781
42,9782
20,9783
45,9783
56,9783
58,9783
1,9784
4,9784
34,9784
47,9784
38,9785
17,9786
49,9786
6,9787
50,9788
42,9789
33,9790
1,9791
1,9792
12,9792
15,9792
53,9792
2,9793
38,9793
49,9794
53,9794
1,9795
36,9795
51,9795
2,9796
19,9796
31,9796
43,9796
15,9797
23,9797
2,9799
8,9799
26,9799
45,9799
27,9800
40,9800
6,9801
48,9801
21,9802
22,9802
35,9802
51,9803
35,9804
45,9805
40,9806
50,9806
9,9807
52,9807
59,9807
18,9808
45,9808
58,9808
41,9810
51,9810
15,9813
7,9814
13,9814
28,9815
18,9817
50,9817
46,9819
29,9820
36,9821
18,9822
31,9823
46,9823
1,9824
18,9824
51,9824
53,9824
30,9827
35,9828
38,9829
42,9830
42,9831
28,9833
10,9834
16,9834
20,9834
25,9834
48,9834
47,9836
50,9836
58,9837
16,9842
42,9843
3,9844
7,9844
28,9844
10,9845
31,9845
30,9846
5,9847
18,9847
51,9847
5,9848
4,9850
53,9850
4,9851
18,9851
47,9851
15,9852
3,9853
34,9854
33,9855
6,9856
19,9856
60,9858
26,9858
37,9859
3,9860
36,9860
8,9861
44,9861
4,9862
30,9863
36,9863
3,9864
49,9864
53,9865
5,9866
4,9867
60,9868
38,9868
5,9869
45,9870
52,9871
42,9872
51,9872
60,9873
58,9874
14,9876
37,9876
45,9876
51,9876
28,9877
35,9877
57,9877
7,9881
13,9884
20,9884
40,9884
10,9885
24,9885
30,9885
1,9886
3,9886
5,9887
7,9887
53,9887
31,9888
5,9889
28,9890
4,9891
3,9892
18,9892
37,9892
2,9893
40,9893
4,9894
45,9894
9,9896
20,9896
22,9896
28,9897
29,9898
35,9898
57,9898
19,9899
32,9899
40,9900
42,9900
14,9902
23,9902
27,9903
28,9903
42,9904
56,9904
21,9906
36,9906
12,9908
28,9908
53,9909
57,9909
5,9910
22,9910
39,9910
58,9910
14,9911
19,9911
9,9912
17,9912
20,9913
22,9913
50,9913
54,9913
1,9914
1,9915
2,9916
47,9918
54,9918
55,9918
2,9919
1,9920
10,9921
11,9921
15,9921
21,9921
23,9921
56,9923
2,9924
55,9924
49,9925
1,9926
27,9926
1,9927
32,9928
2,9929
3,9929
1,9930
31,9930
43,9930
2,9931
2,9932
5,9932
31,9932
6,9933
4,9935
8,9935
10,9935
51,9935
3,9936
52,9936
53,9936
29,9937
39,9938
12,9939
4,9940
7,9940
9,9940
34,9940
35,9940
5,9941
28,9941
19,9943
12,9945
13,9945
50,9945
30,9946
16,9950
37,9950
18,9954
8,9955
21,9956
35,9956
15,9958
20,9958
50,9961
23,9962
36,9963
54,9965
57,9965
39,9966
7,9967
58,9968
10,9970
59,9970
3,9973
6,9973
24,9973
60,9974
4,9974
17,9974
57,9974
5,9975
12,9976
3,9977
23,9978
4,9979
56,9979
20,9982
33,9982
5,9983
9,9983
16,9983
31,9983
39,9983
48,9984
54,9985
31,9986
20,9987
28,9987
11,9989
50,9989
25,9990
26,9992
54,9992
45,9995
48,9995
17,9996
14,9997
