9,3
7,5
21,6
7,11
12,14
6,19
20,19
24,19
1,20
16,20
2,21
1,22
2,23
1,24
19,24
2,25
15,25
20,26
25,27
5,30
6,30
1,31
2,32
1,33
2,34
3,34
12,34
4,35
1,36
2,37
3,37
14,37
21,37
5,38
6,39
4,40
20,40
1,41
5,41
20,43
5,44
19,45
13,46
10,48
1,49
2,52
2,56
1,58
14,58
2,59
22,59
12,60
19,60
1,64
18,65
1,66
24,66
2,67
1,68
9,68
20,68
23,68
2,69
24,69
2,70
17,70
20,70
7,71
15,71
16,71
20,72
15,75
20,77
3,79
5,81
10,81
4,83
4,84
9,84
22,84
24,84
3,85
5,87
24,87
12,90
22,92
23,92
6,93
18,93
7,96
20,98
7,99
6,103
9,103
22,104
12,108
10,114
12,117
25,120
12,120
10,121
8,126
20,126
20,129
3,131
4,134
12,134
13,136
4,138
16,138
3,139
5,140
22,140
5,141
7,141
14,141
17,147
3,150
19,156
14,159
18,159
20,159
24,160
1,162
3,163
4,164
2,165
16,165
3,167
14,167
1,170
16,170
11,171
5,173
1,174
5,174
2,175
4,176
2,178
6,179
10,179
1,184
8,186
20,186
2,189
24,190
1,191
7,191
24,191
2,193
1,194
8,194
20,194
2,195
21,195
17,196
1,197
23,197
8,199
12,199
18,200
25,201
1,203
24,205
2,206
1,207
14,207
3,208
2,209
2,210
4,210
1,211
4,211
5,212
1,213
5,213
2,214
3,214
1,215
6,215
21,215
21,216
2,217
13,217
2,218
6,220
10,221
3,222
5,223
5,225
4,226
6,227
4,228
5,229
3,230
14,230
23,232
10,237
7,240
25,241
9,248
11,249
22,250
21,253
18,256
11,257
17,257
18,257
19,260
24,260
17,261
1,265
6,265
24,267
1,270
18,273
2,274
2,275
1,276
2,278
1,280
1,281
18,281
25,282
1,282
2,282
1,283
20,283
24,283
25,285
2,285
18,285
2,286
18,286
10,288
8,290
13,290
5,294
1,301
2,303
18,303
1,304
1,306
21,306
2,308
2,310
15,312
18,313
15,315
3,319
5,320
1,321
4,321
1,324
3,324
2,325
4,325
2,326
23,326
1,327
13,327
2,328
5,329
6,335
15,335
15,336
12,337
1,339
2,340
20,340
1,341
2,342
1,343
11,343
2,346
1,348
9,349
2,351
3,351
7,351
10,351
1,352
4,352
5,353
9,353
1,354
2,355
5,355
4,356
11,356
3,357
9,357
2,359
7,361
15,363
3,365
11,367
5,369
10,369
4,370
3,371
17,373
25,379
4,379
7,380
13,380
5,382
10,388
1,390
2,391
3,394
1,395
1,396
5,396
2,397
5,397
4,399
3,400
2,401
4,401
1,406
18,406
1,409
6,409
2,410
2,411
18,411
1,412
2,413
13,417
20,418
24,420
3,421
23,422
8,423
4,424
14,425
5,426
3,429
6,429
10,429
11,429
4,430
10,430
5,433
18,434
9,435
19,438
21,441
20,442
23,442
1,443
1,444
6,444
9,444
2,446
12,449
1,450
25,451
2,451
21,451
2,452
17,455
21,457
8,462
14,463
21,466
12,469
16,469
21,469
1,471
6,472
25,473
17,474
13,482
15,487
15,488
19,493
23,499
3,501
24,501
7,502
8,502
1,503
10,503
1,504
3,504
4,506
2,507
2,508
15,508
3,509
1,510
2,511
5,511
11,512
20,513
8,514
20,515
4,516
13,516
24,516
21,517
5,518
13,519
25,521
17,523
15,524
7,527
24,529
17,531
12,535
6,536
18,537
23,538
3,539
24,539
6,541
5,543
3,544
25,545
10,545
13,546
5,547
4,550
7,550
1,553
4,553
2,554
18,554
23,555
5,556
20,556
1,557
3,559
2,561
1,562
2,564
3,568
6,568
4,573
3,574
5,575
5,577
4,578
13,578
3,579
17,579
14,580
21,582
25,584
7,586
25,587
14,587
17,587
19,587
12,590
16,591
19,596
8,599
1,601
14,601
2,602
1,603
3,605
5,606
1,607
4,607
21,607
2,608
5,608
4,609
18,609
2,610
9,611
22,612
3,615
7,618
1,619
11,622
14,622
19,623
24,623
10,626
3,628
22,628
10,630
18,630
1,631
4,631
9,631
2,632
5,632
1,633
22,633
1,634
9,634
2,635
3,635
2,636
4,636
5,637
11,637
12,639
15,640
8,642
6,643
20,643
18,652
11,654
17,655
6,657
10,658
1,659
2,660
13,660
1,661
2,662
15,663
1,665
19,665
23,665
2,666
23,668
22,683
25,686
20,688
20,689
14,690
3,692
5,694
6,694
5,696
4,698
4,699
15,699
3,700
7,704
21,706
23,708
2,715
23,715
8,720
5,721
19,721
20,722
23,724
1,726
3,727
2,728
4,728
1,730
4,730
14,730
1,731
5,732
2,733
22,733
2,735
3,736
5,738
21,738
1,742
1,744
21,745
2,746
2,747
17,747
10,748
1,749
14,750
24,750
2,751
12,755
23,755
3,756
1,757
4,758
22,758
1,759
2,760
4,760
5,761
2,762
3,763
1,764
5,764
2,766
17,767
8,768
25,771
10,775
16,775
23,775
7,788
12,790
11,792
1,793
1,794
25,795
2,795
19,795
1,796
12,796
2,798
2,799
1,801
1,802
2,803
21,804
1,805
2,806
3,806
15,806
4,807
2,808
4,808
1,810
3,811
1,812
5,812
6,812
16,812
2,813
1,814
5,814
2,815
23,815
2,816
15,816
7,820
17,821
10,822
25,823
1,825
1,826
1,827
2,830
14,830
2,833
1,837
2,838
19,838
3,842
1,843
4,843
2,844
11,844
22,844
5,845
14,845
1,849
22,849
1,850
2,851
2,852
4,854
13,855
3,856
5,857
24,859
9,861
25,862
21,862
15,863
3,866
4,868
15,868
12,869
3,870
5,871
4,873
19,873
18,876
7,878
24,878
23,881
5,882
6,884
17,884
1,889
18,889
6,890
21,890
23,890
21,891
13,896
18,897
6,898
15,898
21,898
1,899
11,899
1,901
10,901
14,902
20,902
2,903
8,903
2,904
1,905
2,907
7,908
25,911
12,911
24,917
3,920
4,922
4,926
14,926
5,927
10,927
5,928
1,930
3,930
2,931
12,932
1,933
6,934
2,938
9,939
1,940
8,941
2,942
11,942
3,943
4,946
11,947
16,947
3,950
5,951
4,952
5,952
5,954
16,954
22,965
22,970
16,972
4,973
9,973
24,973
25,974
21,974
12,975
19,975
1,977
1,978
3,978
22,978
2,979
5,979
2,980
4,980
19,980
4,982
24,982
1,983
3,983
2,985
5,987
14,988
1,989
2,990
1,991
2,992
23,992
16,994
1,995
22,995
2,996
12,999
24,1001
17,1003
21,1003
16,1013
3,1016
21,1016
4,1017
15,1017
5,1019
1,1021
4,1021
25,1022
5,1022
1,1023
22,1023
2,1024
3,1024
11,1024
19,1024
22,1024
22,1025
15,1026
1,1027
18,1027
2,1029
2,1030
25,1032
16,1033
18,1033
14,1034
13,1038
1,1039
1,1040
25,1042
2,1042
12,1042
1,1043
2,1044
11,1045
2,1047
13,1047
22,1048
23,1050
10,1051
20,1055
7,1056
13,1062
16,1062
17,1063
16,1064
20,1065
20,1066
22,1068
16,1069
14,1070
19,1070
6,1073
11,1073
8,1075
9,1077
16,1079
6,1085
8,1087
23,1087
2,1091
15,1092
20,1093
20,1094
16,1105
9,1107
10,1110
17,1110
6,1116
24,1116
25,1117
9,1118
15,1118
19,1120
1,1124
3,1124
5,1125
5,1126
10,1126
16,1127
8,1128
4,1129
2,1130
1,1132
3,1132
16,1132
18,1133
2,1134
4,1134
19,1134
20,1134
1,1135
13,1135
2,1136
20,1139
10,1140
1,1142
24,1142
1,1143
2,1144
2,1145
6,1145
1,1148
11,1148
2,1149
3,1150
4,1153
4,1156
22,1156
5,1157
14,1159
5,1160
9,1161
3,1162
8,1163
8,1165
17,1166
7,1168
10,1168
12,1168
16,1168
11,1169
9,1173
16,1175
19,1175
20,1176
8,1179
14,1180
17,1180
15,1181
3,1182
4,1184
5,1185
22,1185
5,1186
18,1186
3,1188
14,1188
18,1189
1,1190
4,1190
2,1191
21,1192
1,1193
2,1194
2,1195
1,1196
22,1197
2,1198
24,1200
22,1201
25,1202
7,1214
23,1215
18,1216
1,1220
9,1220
2,1221
8,1221
1,1222
1,1223
9,1223
21,1223
2,1225
3,1225
20,1225
25,1226
5,1226
2,1228
8,1228
1,1229
1,1230
5,1230
23,1230
2,1232
4,1232
3,1234
20,1235
2,1236
4,1236
1,1237
2,1238
25,1241
15,1243
23,1244
17,1249
1,1251
7,1253
21,1256
3,1260
15,1264
17,1267
4,1268
4,1270
16,1271
3,1272
11,1272
16,1272
5,1273
5,1274
24,1279
3,1281
4,1282
16,1282
10,1283
5,1284
5,1285
12,1286
16,1287
4,1291
16,1291
23,1291
3,1292
23,1294
20,1296
11,1299
16,1304
25,1306
25,1307
2,1308
19,1309
23,1309
9,1312
23,1312
16,1314
1,1317
15,1317
2,1319
1,1320
23,1321
1,1322
2,1323
11,1323
12,1323
15,1323
23,1323
2,1324
10,1325
3,1329
5,1331
4,1333
18,1333
5,1334
20,1334
4,1336
3,1337
2,1340
10,1340
7,1344
9,1347
17,1348
18,1352
25,1354
14,1354
9,1357
3,1362
5,1364
13,1364
4,1365
5,1367
23,1367
25,1369
23,1369
4,1370
17,1370
3,1371
15,1371
6,1374
1,1376
1,1377
2,1377
2,1378
7,1379
2,1380
1,1381
2,1382
18,1383
3,1385
5,1386
19,1388
1,1390
3,1390
4,1390
4,1391
3,1392
5,1395
6,1395
21,1395
1,1398
2,1399
15,1400
1,1401
12,1401
2,1403
12,1403
2,1404
14,1405
23,1405
12,1406
23,1407
12,1413
14,1415
20,1418
12,1419
9,1422
15,1423
12,1427
24,1428
13,1429
23,1430
15,1432
17,1432
23,1433
16,1434
18,1441
3,1442
4,1444
3,1445
4,1448
23,1448
5,1450
5,1452
23,1453
13,1455
16,1460
11,1461
13,1463
9,1467
1,1469
2,1470
10,1470
1,1471
2,1472
1,1474
21,1474
9,1476
20,1477
10,1479
2,1480
21,1481
24,1481
6,1482
3,1484
22,1484
1,1485
4,1485
4,1486
2,1487
1,1489
2,1490
7,1490
10,1491
3,1492
5,1493
9,1493
24,1493
5,1494
1,1495
2,1496
3,1496
7,1497
4,1500
12,1501
22,1501
12,1505
5,1506
12,1506
19,1506
13,1507
4,1508
14,1508
24,1509
5,1511
3,1512
1,1514
2,1515
1,1516
10,1516
1,1517
19,1518
2,1519
8,1519
19,1520
2,1524
18,1526
19,1526
11,1528
21,1528
17,1529
23,1534
25,1535
1,1535
12,1535
19,1536
2,1538
1,1540
1,1542
2,1543
9,1543
2,1544
6,1545
23,1546
10,1547
18,1547
6,1549
18,1550
6,1551
1,1553
1,1554
2,1555
1,1557
2,1560
8,1560
18,1562
2,1564
8,1564
24,1570
12,1571
10,1572
13,1573
25,1575
16,1576
20,1576
18,1580
1,1581
18,1582
2,1584
1,1585
1,1587
2,1588
11,1589
20,1591
2,1592
11,1593
3,1595
14,1596
4,1598
5,1599
3,1600
5,1601
4,1603
10,1603
5,1605
3,1606
16,1606
20,1607
12,1609
16,1610
23,1610
1,1611
6,1612
1,1613
5,1613
2,1614
1,1615
4,1615
10,1615
1,1617
3,1617
4,1618
22,1618
2,1620
20,1620
23,1620
2,1621
5,1621
9,1621
3,1626
11,1627
4,1629
5,1632
4,1634
3,1635
19,1635
5,1636
21,1640
3,1642
4,1643
19,1643
4,1644
5,1645
5,1646
13,1647
15,1647
25,1648
3,1650
7,1650
13,1650
10,1651
9,1652
18,1652
23,1655
6,1656
1,1657
1,1658
20,1658
24,1659
2,1660
17,1661
2,1662
1,1663
25,1664
2,1664
25,1669
21,1670
25,1671
12,1672
20,1676
4,1677
12,1677
18,1677
2,1680
10,1680
8,1681
6,1682
22,1685
3,1690
5,1692
4,1695
4,1696
3,1698
5,1700
12,1705
23,1706
23,1708
1,1710
19,1710
2,1712
1,1713
2,1714
1,1715
17,1715
10,1716
2,1717
14,1720
17,1720
10,1721
1,1725
1,1727
2,1728
17,1728
18,1728
1,1729
8,1729
2,1730
2,1731
25,1735
20,1744
1,1745
16,1750
11,1759
1,1761
23,1761
3,1764
5,1765
17,1767
4,1769
12,1769
5,1770
4,1773
14,1774
18,1774
20,1776
3,1777
7,1778
7,1779
12,1780
15,1780
24,1780
3,1782
18,1782
5,1783
4,1785
3,1787
4,1788
5,1789
8,1791
6,1792
17,1792
7,1798
6,1801
19,1804
12,1807
17,1808
8,1810
19,1819
14,1823
11,1824
14,1836
11,1843
14,1849
19,1849
1,1852
19,1855
7,1857
19,1864
9,1866
10,1869
17,1870
21,1871
9,1873
16,1873
1,1874
1,1875
20,1877
2,1878
4,1878
6,1878
2,1879
1,1882
2,1883
23,1885
6,1889
21,1889
19,1891
22,1892
11,1894
10,1897
7,1900
2,1901
1,1903
2,1906
1,1907
13,1907
21,1908
9,1911
1,1912
7,1912
2,1915
21,1915
2,1916
13,1917
11,1921
11,1922
17,1924
18,1924
22,1924
19,1929
6,1930
8,1930
23,1930
6,1931
7,1931
21,1935
6,1936
11,1937
20,1939
22,1942
13,1950
17,1950
22,1952
6,1957
21,1959
13,1960
17,1961
18,1962
9,1963
10,1966
1,1971
2,1974
1,1976
21,1977
2,1979
10,1980
1,1982
21,1984
2,1985
9,1986
3,1988
19,1988
4,1990
14,1990
4,1992
3,1993
13,1994
5,1997
5,1999
13,1999
24,2003
6,2006
1,2007
7,2007
1,2008
23,2008
22,2009
2,2010
11,2010
25,2011
1,2011
2,2012
2,2015
7,2016
12,2016
14,2018
20,2018
22,2018
14,2024
22,2026
18,2027
10,2029
10,2031
19,2031
11,2036
15,2036
21,2036
24,2037
8,2043
13,2043
12,2045
24,2045
9,2047
5,2052
14,2055
18,2055
7,2057
1,2059
13,2059
25,2063
16,2063
21,2063
2,2065
1,2067
22,2068
23,2068
20,2069
22,2069
2,2072
1,2073
2,2074
6,2078
18,2079
7,2080
25,2083
21,2087
18,2092
17,2094
25,2098
13,2101
17,2101
20,2106
10,2109
7,2110
8,2111
24,2114
1,2115
1,2117
2,2118
2,2119
1,2120
13,2123
2,2124
8,2124
12,2125
11,2130
18,2132
1,2135
1,2136
1,2137
21,2137
2,2138
1,2139
10,2139
2,2140
2,2141
19,2142
25,2143
22,2148
14,2154
6,2160
9,2161
4,2162
4,2166
6,2169
1,2171
3,2172
1,2174
4,2174
5,2175
2,2176
4,2176
3,2177
1,2179
5,2180
9,2181
2,2182
3,2182
5,2183
4,2185
7,2185
2,2186
17,2186
3,2189
25,2192
20,2192
4,2195
5,2197
1,2199
2,2200
1,2201
24,2202
1,2204
23,2205
2,2206
13,2207
11,2214
2,2218
8,2220
13,2221
19,2222
19,2223
7,2237
3,2244
8,2244
11,2245
9,2248
16,2249
18,2255
14,2256
25,2257
21,2257
23,2258
14,2263
20,2264
2,2271
10,2272
22,2272
14,2274
2,2275
9,2276
12,2277
16,2278
23,2278
14,2281
15,2281
1,2285
7,2286
18,2287
2,2288
1,2289
25,2290
1,2290
2,2291
2,2292
6,2292
3,2297
1,2299
4,2300
7,2301
13,2301
2,2302
4,2302
1,2303
25,2304
2,2305
5,2305
3,2306
1,2307
5,2307
8,2307
3,2308
2,2309
4,2311
5,2312
17,2313
20,2313
13,2314
3,2317
16,2317
4,2318
14,2318
1,2319
6,2319
10,2319
2,2320
1,2321
5,2321
1,2322
13,2322
16,2322
2,2323
2,2324
22,2331
21,2336
22,2336
3,2337
4,2338
24,2339
5,2340
3,2342
5,2343
4,2345
1,2348
16,2349
10,2350
21,2350
17,2353
7,2354
15,2355
20,2355
11,2357
12,2357
16,2358
1,2360
15,2360
6,2361
8,2362
12,2363
20,2363
2,2364
21,2364
1,2365
1,2366
7,2368
22,2368
16,2369
2,2370
2,2372
11,2372
2,2373
17,2373
20,2376
6,2379
20,2382
15,2385
19,2385
9,2393
18,2395
17,2396
15,2397
5,2398
23,2399
23,2404
1,2407
3,2407
2,2408
5,2408
19,2408
17,2409
24,2409
1,2410
4,2410
4,2411
18,2411
3,2412
1,2413
5,2413
2,2414
10,2414
2,2415
3,2415
20,2416
24,2418
3,2420
11,2420
5,2421
5,2422
4,2423
3,2425
9,2425
4,2428
23,2439
3,2440
13,2440
1,2448
2,2450
12,2451
23,2451
1,2452
18,2452
2,2453
1,2454
3,2454
4,2455
2,2457
14,2458
5,2459
5,2460
25,2461
3,2461
18,2461
4,2462
20,2464
10,2465
8,2471
16,2481
22,2481
17,2489
9,2491
8,2494
19,2496
12,2497
1,2499
16,2499
2,2500
16,2500
24,2500
4,2501
1,2502
7,2507
8,2507
17,2507
18,2507
2,2508
21,2508
1,2510
2,2511
12,2511
11,2517
22,2518
22,2520
13,2522
23,2523
3,2524
4,2525
4,2526
11,2526
5,2527
10,2527
5,2528
3,2529
3,2531
2,2534
23,2535
4,2537
3,2539
18,2539
4,2543
14,2544
1,2546
5,2546
2,2547
7,2547
17,2550
5,2551
17,2552
16,2553
1,2554
16,2554
1,2555
15,2555
2,2557
20,2557
15,2559
2,2560
21,2564
21,2565
11,2573
1,2574
2,2575
1,2576
1,2579
2,2582
18,2582
24,2582
11,2585
2,2586
22,2586
15,2588
18,2589
9,2590
9,2591
5,2593
3,2597
5,2598
9,2599
4,2600
10,2600
5,2601
25,2603
3,2605
20,2605
4,2607
12,2608
6,2609
7,2609
10,2609
16,2609
10,2611
10,2612
11,2617
10,2620
25,2621
6,2622
10,2624
18,2626
1,2627
8,2628
3,2630
14,2630
1,2631
2,2632
4,2633
1,2634
2,2635
5,2635
2,2638
3,2639
18,2639
5,2640
19,2642
7,2643
4,2645
18,2649
14,2656
10,2659
10,2661
16,2661
1,2663
1,2664
2,2666
14,2666
2,2667
24,2667
3,2668
24,2668
1,2670
4,2670
15,2670
2,2671
1,2672
2,2673
15,2673
22,2673
3,2674
18,2675
1,2676
5,2676
13,2676
1,2677
25,2678
2,2678
8,2678
18,2678
4,2679
7,2679
5,2680
2,2682
9,2685
13,2686
1,2687
10,2687
21,2687
1,2689
2,2691
2,2693
1,2694
2,2696
13,2696
8,2699
18,2702
23,2703
3,2704
4,2706
5,2706
1,2707
5,2707
5,2709
11,2710
19,2712
5,2716
3,2717
18,2718
4,2719
20,2721
25,2723
3,2726
18,2726
4,2728
7,2728
18,2728
4,2729
5,2730
5,2736
3,2737
17,2737
19,2742
6,2746
22,2746
20,2748
21,2750
12,2753
3,2754
9,2755
14,2756
17,2756
5,2757
4,2760
12,2761
17,2761
4,2763
5,2764
3,2765
1,2766
1,2771
10,2771
2,2773
1,2775
2,2778
17,2779
20,2779
9,2780
2,2781
24,2782
25,2786
12,2787
25,2789
1,2789
25,2791
1,2791
2,2792
1,2794
2,2795
16,2795
20,2797
2,2799
17,2799
23,2802
9,2803
25,2806
5,2811
9,2812
10,2812
25,2815
10,2819
7,2821
17,2824
13,2826
1,2827
1,2828
9,2828
8,2830
2,2831
18,2831
2,2832
1,2833
2,2834
6,2834
9,2834
20,2844
8,2845
22,2847
3,2848
5,2849
5,2851
24,2851
4,2852
3,2853
4,2857
15,2860
13,2861
9,2863
13,2863
25,2865
1,2865
2,2866
3,2867
4,2868
1,2869
5,2869
6,2869
1,2870
4,2870
18,2871
2,2872
12,2872
5,2873
24,2873
2,2874
3,2874
7,2875
8,2877
3,2878
4,2879
3,2880
10,2880
5,2881
5,2882
11,2882
18,2882
22,2882
14,2883
1,2884
21,2884
4,2886
13,2889
3,2893
25,2894
4,2895
24,2895
1,2896
2,2897
24,2897
5,2899
1,2901
23,2901
2,2902
4,2902
1,2903
3,2903
2,2904
13,2904
1,2907
5,2907
1,2912
12,2912
18,2912
1,2913
2,2914
7,2914
1,2920
12,2920
2,2921
15,2921
24,2924
2,2925
1,2927
9,2929
23,2933
10,2934
21,2936
15,2938
14,2939
1,2946
2,2947
7,2947
10,2947
1,2951
9,2951
17,2954
21,2954
25,2955
1,2955
2,2956
2,2957
1,2958
16,2958
22,2958
3,2959
1,2960
5,2960
2,2961
12,2961
22,2961
1,2962
9,2962
21,2962
4,2963
2,2964
2,2966
3,2966
12,2966
19,2966
23,2966
4,2967
5,2968
22,2969
7,2972
14,2974
23,2975
6,2976
25,2978
3,2983
7,2983
10,2983
4,2984
11,2984
20,2984
1,2985
16,2985
2,2987
15,2987
23,2987
5,2989
4,2991
19,2991
1,2992
13,2992
2,2993
3,2993
23,2993
6,2994
5,2995
1,2999
2,3000
3,3001
10,3001
11,3001
24,3001
25,3002
3,3002
4,3003
5,3004
4,3005
22,3005
10,3006
12,3007
21,3007
3,3010
25,3011
21,3013
1,3014
4,3014
5,3014
1,3015
8,3015
2,3016
8,3016
21,3017
24,3017
25,3019
8,3019
2,3020
1,3022
3,3022
25,3024
4,3024
2,3025
4,3025
14,3026
3,3027
18,3028
9,3029
19,3029
5,3030
13,3030
8,3031
24,3031
5,3032
15,3032
9,3038
3,3043
4,3044
5,3045
12,3047
3,3048
4,3049
8,3049
5,3050
22,3050
8,3056
24,3056
15,3058
12,3061
16,3063
11,3066
1,3071
2,3072
15,3072
1,3073
17,3073
2,3074
13,3074
1,3075
2,3076
13,3077
8,3080
23,3081
13,3083
19,3084
9,3086
14,3093
25,3094
12,3095
9,3096
1,3098
1,3099
2,3101
2,3102
1,3104
2,3106
12,3106
1,3109
1,3111
2,3114
15,3115
1,3116
3,3116
2,3117
23,3117
2,3118
4,3120
5,3121
3,3122
15,3122
5,3123
4,3124
21,3124
23,3124
24,3124
15,3125
16,3125
13,3127
3,3128
17,3131
4,3132
5,3133
20,3133
21,3134
5,3135
4,3136
14,3136
1,3137
3,3137
1,3138
13,3138
2,3140
7,3141
11,3141
2,3142
5,3142
16,3143
12,3144
20,3144
9,3147
8,3148
19,3149
17,3150
1,3151
6,3151
2,3152
23,3152
6,3153
5,3156
10,3157
18,3161
19,3161
21,3162
15,3167
3,3168
25,3170
5,3170
4,3171
6,3173
22,3175
4,3177
3,3178
24,3178
5,3179
3,3180
9,3180
21,3182
15,3183
22,3183
5,3184
4,3185
23,3185
18,3186
4,3187
19,3188
3,3190
6,3191
8,3191
21,3191
12,3193
25,3197
5,3198
8,3198
13,3198
16,3198
18,3198
23,3199
8,3200
1,3201
22,3204
1,3205
2,3206
1,3207
3,3207
4,3208
23,3208
24,3208
4,3209
13,3209
23,3209
5,3210
3,3211
5,3212
17,3212
21,3214
25,3215
2,3215
2,3217
17,3219
11,3220
10,3221
12,3221
16,3221
20,3223
21,3223
16,3224
23,3226
12,3234
11,3239
12,3241
11,3242
16,3245
11,3246
16,3249
17,3251
1,3254
13,3254
22,3255
2,3256
22,3257
12,3258
1,3259
1,3260
2,3261
2,3262
12,3268
3,3269
5,3271
15,3272
15,3273
4,3274
4,3275
23,3275
3,3276
1,3278
5,3278
7,3278
21,3278
1,3279
2,3280
12,3280
1,3282
2,3284
18,3284
2,3285
1,3288
12,3288
1,3289
2,3292
24,3292
25,3293
1,3293
8,3294
2,3297
15,3298
2,3299
14,3299
1,3303
13,3310
23,3315
21,3317
12,3322
13,3322
3,3324
5,3325
22,3328
4,3329
7,3329
5,3330
9,3333
4,3334
16,3334
3,3336
3,3337
17,3339
22,3344
18,3345
15,3346
23,3346
2,3348
7,3348
12,3348
24,3348
5,3349
11,3349
7,3350
11,3350
4,3352
12,3353
20,3353
4,3354
20,3354
5,3355
3,3356
11,3356
12,3357
1,3358
12,3358
2,3362
1,3364
2,3366
1,3367
7,3368
1,3369
2,3370
23,3371
1,3373
21,3374
2,3375
21,3375
1,3376
13,3377
13,3378
1,3379
2,3381
2,3384
24,3385
25,3386
24,3386
17,3390
1,3392
2,3394
1,3396
3,3396
2,3397
4,3397
16,3399
5,3400
16,3400
5,3403
24,3403
1,3405
4,3405
3,3406
6,3406
14,3406
2,3407
22,3407
10,3408
11,3408
13,3409
5,3410
14,3414
10,3417
22,3421
14,3422
1,3423
1,3424
14,3425
2,3428
7,3429
13,3430
12,3433
3,3434
8,3434
4,3435
1,3436
3,3436
24,3436
2,3437
2,3438
4,3438
16,3440
5,3441
17,3441
5,3442
21,3445
11,3446
22,3446
15,3447
19,3447
15,3450
24,3451
17,3452
16,3454
24,3454
10,3455
16,3457
8,3465
3,3467
12,3471
14,3472
4,3473
11,3475
16,3476
10,3478
12,3478
13,3478
12,3481
3,3485
13,3485
5,3486
20,3486
4,3488
5,3491
4,3492
3,3495
4,3495
12,3496
1,3502
2,3503
13,3503
23,3503
1,3505
2,3506
1,3508
23,3508
24,3513
2,3514
19,3514
19,3516
3,3517
10,3517
5,3518
4,3520
5,3521
11,3521
3,3522
4,3523
13,3526
18,3526
24,3528
12,3530
21,3535
1,3536
2,3538
1,3539
18,3540
1,3541
1,3542
11,3542
2,3543
2,3544
3,3546
17,3547
25,3548
8,3549
8,3552
21,3552
10,3554
5,3556
18,3557
10,3563
25,3565
8,3566
21,3566
7,3567
24,3568
23,3573
3,3575
12,3576
19,3577
14,3580
15,3582
15,3585
11,3592
25,3593
9,3594
24,3598
23,3600
4,3601
7,3601
19,3604
3,3606
5,3607
17,3607
4,3609
9,3609
8,3611
3,3612
4,3613
17,3615
5,3616
9,3616
11,3619
15,3619
17,3620
17,3621
11,3623
10,3624
20,3624
25,3628
3,3632
4,3633
15,3634
4,3637
3,3638
5,3638
8,3638
5,3639
5,3640
25,3646
11,3647
6,3655
22,3659
14,3664
15,3666
18,3668
22,3668
21,3669
13,3670
8,3672
12,3675
1,3679
11,3680
17,3680
23,3680
1,3681
2,3685
19,3685
2,3686
1,3688
21,3688
3,3689
23,3689
2,3691
12,3691
15,3691
11,3693
3,3694
11,3694
5,3695
16,3695
24,3695
15,3697
4,3698
5,3699
4,3700
23,3700
3,3701
17,3701
23,3702
1,3704
1,3705
19,3706
2,3709
1,3710
2,3713
13,3713
2,3714
25,3716
20,3722
16,3723
1,3724
1,3725
3,3725
8,3725
2,3726
4,3726
3,3727
5,3729
2,3730
14,3730
16,3730
22,3730
4,3731
24,3731
5,3732
1,3733
2,3734
3,3735
4,3736
8,3736
4,3738
3,3739
1,3740
5,3740
17,3741
2,3742
5,3742
1,3743
3,3744
1,3745
5,3746
2,3747
2,3748
16,3750
25,3751
5,3751
25,3752
4,3752
3,3753
7,3753
1,3755
4,3755
1,3756
20,3759
2,3760
15,3760
2,3762
13,3762
1,3764
2,3767
3,3770
5,3771
23,3771
16,3774
4,3775
4,3776
1,3777
11,3777
1,3778
14,3778
2,3779
7,3779
5,3780
2,3781
22,3781
1,3782
3,3782
2,3783
19,3789
8,3791
1,3798
7,3798
2,3799
11,3799
1,3800
1,3802
2,3802
7,3802
1,3803
16,3803
13,3805
16,3805
2,3808
1,3809
19,3809
2,3811
1,3812
15,3812
2,3813
1,3814
2,3816
21,3816
25,3818
21,3819
25,3820
15,3820
25,3824
2,3826
21,3833
16,3843
10,3844
8,3845
10,3846
22,3848
6,3849
11,3852
9,3853
13,3854
25,3856
9,3864
3,3865
16,3866
24,3867
20,3869
3,3870
4,3872
5,3874
5,3875
11,3875
3,3877
4,3879
7,3882
3,3885
5,3887
4,3890
11,3893
14,3893
4,3895
7,3895
5,3896
19,3896
3,3897
7,3899
8,3899
25,3901
24,3904
25,3906
10,3906
7,3907
3,3915
19,3915
22,3915
4,3916
7,3916
4,3917
17,3919
23,3919
3,3921
5,3922
5,3923
13,3925
24,3925
19,3927
1,3930
1,3931
15,3931
21,3933
22,3933
2,3934
14,3934
2,3935
22,3935
1,3937
2,3938
8,3939
11,3940
12,3941
18,3945
3,3953
5,3954
13,3955
4,3956
3,3958
5,3959
18,3959
24,3959
1,3961
2,3962
4,3962
1,3964
3,3965
7,3965
14,3965
2,3967
1,3968
7,3968
2,3969
1,3971
5,3971
1,3972
2,3973
3,3973
1,3974
2,3976
2,3977
4,3977
11,3977
18,3977
15,3979
17,3979
19,3980
3,3981
4,3982
5,3984
19,3984
10,3985
8,3988
20,3988
2,3990
2,3995
20,3998
14,4001
20,4003
6,4005
19,4006
17,4011
25,4018
5,4018
10,4018
20,4020
19,4022
15,4023
11,4028
15,4030
3,4031
1,4032
5,4032
7,4034
4,4035
7,4035
21,4035
1,4036
5,4036
4,4038
25,4039
2,4039
1,4040
2,4041
3,4041
21,4041
2,4043
15,4044
20,4044
3,4047
24,4049
4,4050
18,4051
3,4053
10,4053
13,4055
25,4056
5,4056
8,4056
4,4057
17,4057
1,4058
5,4058
1,4060
3,4060
16,4060
4,4061
3,4062
2,4063
4,4063
12,4063
18,4063
1,4065
19,4065
2,4067
5,4067
2,4068
5,4068
7,4068
18,4071
22,4077
21,4080
20,4082
7,4083
8,4083
10,4083
19,4083
15,4084
3,4085
11,4086
4,4089
7,4089
13,4089
5,4091
17,4092
5,4095
3,4096
4,4098
12,4098
6,4099
24,4100
1,4101
12,4101
23,4101
25,4104
1,4104
8,4104
24,4104
2,4105
1,4106
2,4107
3,4107
20,4107
18,4109
2,4110
5,4110
4,4111
4,4114
3,4115
5,4116
15,4116
8,4117
9,4118
9,4119
24,4122
10,4123
12,4123
10,4125
1,4127
6,4127
2,4131
19,4132
11,4134
1,4136
15,4136
2,4137
24,4138
25,4139
1,4139
12,4139
2,4141
12,4142
13,4143
17,4148
3,4150
19,4150
25,4151
4,4151
21,4152
5,4153
5,4154
1,4155
3,4155
13,4155
4,4156
18,4156
12,4157
1,4158
2,4159
2,4160
1,4162
6,4163
18,4163
7,4164
2,4165
3,4166
5,4168
4,4169
15,4169
13,4171
3,4172
5,4174
9,4178
4,4180
8,4181
20,4183
11,4188
17,4194
22,4194
15,4197
13,4198
20,4200
8,4206
11,4206
9,4207
12,4207
13,4207
11,4212
25,4215
17,4219
13,4221
22,4221
24,4224
9,4226
18,4226
13,4227
8,4228
19,4230
7,4232
3,4233
22,4233
8,4234
4,4235
22,4236
5,4237
4,4238
25,4243
5,4244
3,4245
19,4245
24,4246
20,4248
10,4250
17,4250
16,4251
8,4253
20,4255
15,4256
14,4259
9,4267
8,4270
15,4274
25,4275
20,4275
10,4276
17,4277
25,4282
21,4283
7,4284
22,4284
6,4285
9,4287
3,4295
4,4296
4,4297
5,4298
5,4299
3,4300
14,4301
1,4306
1,4309
2,4312
3,4312
17,4312
4,4313
11,4313
4,4314
5,4316
5,4317
1,4318
2,4319
2,4320
3,4320
18,4320
14,4321
17,4323
17,4327
11,4328
18,4329
11,4330
1,4331
19,4331
2,4332
1,4333
1,4334
2,4336
20,4336
2,4337
7,4338
7,4341
15,4344
7,4345
3,4346
5,4347
4,4349
3,4350
6,4352
22,4352
4,4354
21,4354
5,4355
10,4356
3,4358
1,4359
5,4359
11,4359
15,4359
17,4359
2,4360
4,4360
9,4360
14,4360
3,4361
5,4362
1,4363
4,4363
11,4363
22,4364
1,4365
2,4370
24,4370
2,4371
14,4373
20,4373
11,4384
18,4387
20,4387
12,4388
25,4389
23,4390
16,4394
10,4403
8,4404
8,4408
10,4410
14,4414
3,4416
4,4417
4,4419
5,4421
5,4422
3,4425
1,4426
1,4427
16,4427
2,4431
1,4432
2,4433
12,4433
2,4434
6,4434
25,4438
10,4446
6,4447
20,4449
10,4452
1,4457
2,4458
13,4459
1,4460
15,4461
15,4462
2,4463
19,4463
8,4464
6,4466
25,4470
12,4470
1,4472
2,4473
11,4477
18,4478
8,4484
7,4487
10,4489
15,4490
13,4495
18,4501
6,4504
21,4505
18,4517
7,4521
14,4527
11,4529
15,4529
9,4530
10,4535
16,4535
15,4537
9,4538
17,4538
1,4540
2,4541
1,4542
1,4545
6,4545
2,4546
6,4547
2,4548
16,4548
20,4551
1,4555
22,4555
25,4557
2,4557
12,4557
1,4558
1,4559
2,4561
2,4562
24,4565
6,4569
3,4570
25,4571
21,4573
24,4574
15,4576
19,4576
14,4578
13,4582
15,4593
11,4597
25,4598
6,4598
24,4598
22,4600
13,4603
1,4610
23,4610
3,4611
2,4612
22,4612
1,4614
5,4615
8,4618
2,4619
15,4619
1,4620
9,4620
4,4623
12,4623
4,4624
5,4625
2,4626
3,4626
6,4630
1,4631
7,4631
8,4631
11,4632
22,4632
1,4633
2,4634
1,4635
12,4635
25,4636
14,4637
15,4639
21,4639
2,4640
25,4641
2,4641
20,4644
3,4649
4,4650
5,4652
19,4652
4,4653
23,4653
5,4655
17,4655
3,4656
15,4660
3,4661
7,4661
5,4662
5,4663
8,4663
25,4664
8,4664
4,4666
25,4667
4,4668
3,4670
16,4670
3,4671
5,4672
5,4675
8,4675
4,4682
4,4683
12,4683
25,4684
10,4684
12,4685
16,4686
12,4687
3,4688
12,4689
12,4692
24,4692
22,4695
15,4699
16,4699
22,4699
21,4701
16,4707
20,4709
1,4710
2,4711
1,4712
2,4713
1,4714
10,4715
2,4716
14,4720
13,4722
8,4726
7,4727
12,4727
6,4730
9,4732
22,4733
21,4735
19,4740
8,4743
5,4751
1,4752
3,4752
4,4755
11,4756
1,4757
5,4757
4,4758
5,4759
2,4761
3,4761
13,4761
18,4761
2,4763
9,4764
1,4765
17,4767
2,4769
1,4772
1,4773
10,4773
2,4774
11,4774
12,4774
1,4775
10,4775
2,4777
19,4777
8,4778
12,4778
22,4781
2,4782
12,4782
22,4782
7,4783
9,4784
11,4785
16,4786
3,4787
5,4790
5,4791
7,4791
4,4792
11,4792
3,4795
4,4796
13,4798
21,4799
25,4800
18,4801
18,4804
17,4805
24,4805
17,4807
17,4808
24,4808
19,4809
3,4810
1,4811
5,4811
12,4811
4,4812
10,4813
11,4813
9,4814
23,4814
10,4815
18,4815
2,4816
3,4817
1,4819
2,4820
1,4821
5,4821
8,4821
4,4822
7,4822
2,4824
1,4826
10,4827
13,4827
2,4828
11,4828
1,4829
3,4829
12,4829
15,4829
2,4830
14,4830
16,4830
4,4832
16,4832
1,4833
2,4834
3,4834
5,4835
7,4835
22,4835
4,4839
5,4840
22,4840
24,4841
18,4842
1,4843
13,4844
21,4844
25,4845
1,4845
14,4845
1,4846
2,4846
1,4849
2,4850
6,4851
15,4851
2,4852
13,4852
3,4853
1,4854
4,4854
10,4854
2,4855
4,4856
19,4856
1,4857
5,4857
24,4857
2,4858
1,4859
5,4859
18,4859
3,4860
12,4860
2,4862
7,4862
23,4862
3,4863
5,4864
4,4865
4,4866
16,4866
24,4866
5,4867
8,4867
21,4867
4,4868
3,4869
15,4870
6,4871
23,4873
14,4878
19,4878
15,4883
22,4883
24,4883
6,4884
15,4884
16,4885
1,4887
20,4890
11,4892
12,4892
24,4894
8,4895
20,4895
23,4897
25,4899
11,4899
2,4902
17,4902
22,4902
14,4906
21,4916
14,4918
22,4920
17,4922
1,4924
12,4926
1,4927
21,4928
2,4929
1,4930
2,4931
25,4932
2,4932
6,4932
18,4933
1,4935
3,4937
18,4938
4,4940
9,4940
7,4941
5,4943
3,4944
10,4945
5,4946
4,4947
15,4948
20,4951
13,4952
25,4955
15,4957
20,4960
22,4960
3,4962
23,4962
8,4963
25,4964
4,4964
5,4964
16,4964
3,4965
16,4966
13,4967
4,4968
6,4968
5,4969
5,4970
11,4973
22,4973
24,4975
11,4978
23,4983
8,4984
20,4985
12,4987
19,4988
20,4988
10,4991
11,4992
13,4993
22,4998
3,5003
13,5003
4,5005
4,5007
5,5008
13,5008
3,5009
15,5009
5,5010
4,5012
10,5012
4,5013
22,5014
24,5017
16,5018
9,5026
24,5031
23,5033
2,5040
22,5040
17,5043
7,5044
1,5047
2,5048
10,5049
1,5050
17,5050
2,5051
1,5052
2,5053
8,5053
19,5057
12,5059
9,5061
17,5061
24,5061
11,5062
23,5063
23,5065
3,5077
16,5077
1,5079
4,5079
5,5082
2,5083
13,5083
3,5084
1,5085
2,5087
1,5088
2,5089
4,5090
6,5090
5,5091
10,5092
7,5093
12,5093
17,5094
1,5096
20,5096
11,5097
1,5099
17,5099
1,5100
15,5101
22,5101
20,5102
2,5105
1,5106
9,5106
2,5107
14,5107
18,5107
2,5109
12,5109
20,5109
24,5109
1,5110
7,5110
16,5110
12,5111
1,5115
13,5116
2,5117
2,5119
3,5119
1,5120
4,5120
2,5121
19,5122
5,5124
5,5125
25,5126
4,5126
3,5127
9,5127
19,5128
11,5129
8,5130
18,5130
11,5132
1,5133
2,5135
1,5136
1,5137
7,5138
10,5138
2,5139
2,5140
12,5142
13,5142
10,5145
12,5146
12,5149
3,5151
4,5153
5,5154
21,5154
5,5155
23,5155
3,5156
4,5158
19,5160
9,5163
16,5167
1,5168
21,5169
22,5169
2,5170
1,5172
23,5172
1,5173
2,5177
13,5177
2,5179
6,5180
24,5181
2,5183
8,5183
19,5184
8,5185
4,5186
18,5188
24,5191
1,5196
21,5196
2,5197
10,5198
1,5200
1,5201
2,5202
2,5204
10,5205
20,5205
25,5208
20,5211
14,5213
6,5217
13,5217
21,5218
7,5219
9,5222
20,5222
16,5227
16,5232
3,5233
25,5236
4,5237
5,5240
6,5240
4,5242
8,5244
7,5246
5,5247
13,5247
3,5248
5,5250
12,5253
20,5255
4,5256
10,5259
23,5261
3,5263
24,5264
5,5267
4,5268
4,5269
5,5270
18,5270
3,5272
8,5275
20,5275
15,5276
11,5277
1,5280
2,5281
16,5281
1,5282
3,5284
2,5285
4,5285
6,5286
8,5286
3,5287
1,5288
12,5288
19,5288
2,5289
4,5289
20,5290
5,5291
5,5293
7,5298
15,5300
7,5304
12,5307
6,5309
1,5313
14,5315
1,5316
22,5316
2,5317
1,5318
2,5319
7,5320
2,5321
8,5322
21,5327
1,5328
7,5329
1,5333
3,5333
6,5334
21,5334
5,5335
4,5336
2,5337
3,5337
23,5337
2,5338
4,5340
1,5341
1,5342
2,5342
5,5342
8,5350
17,5357
9,5360
13,5361
14,5361
17,5362
16,5365
3,5366
1,5367
15,5369
4,5370
13,5370
1,5371
3,5371
4,5372
19,5372
5,5373
13,5373
25,5374
5,5374
9,5374
2,5375
2,5377
1,5378
3,5379
2,5380
24,5380
4,5382
5,5384
3,5387
5,5388
23,5389
4,5390
3,5391
6,5391
1,5392
5,5392
25,5393
4,5394
9,5394
1,5396
4,5396
2,5397
25,5398
2,5398
5,5398
8,5398
1,5400
7,5400
2,5401
7,5401
3,5402
21,5402
25,5404
11,5406
10,5407
12,5407
23,5407
13,5408
21,5410
15,5412
1,5413
3,5413
1,5414
1,5415
21,5415
2,5417
4,5418
4,5419
25,5420
1,5420
2,5421
3,5421
2,5422
10,5425
1,5426
5,5426
1,5427
5,5427
2,5428
23,5428
2,5429
1,5431
25,5432
2,5432
23,5435
9,5436
12,5438
13,5438
3,5440
24,5441
5,5442
5,5444
4,5445
19,5448
3,5449
19,5449
17,5450
23,5450
19,5451
4,5455
17,5456
10,5457
14,5458
18,5458
18,5460
22,5462
18,5466
17,5468
23,5468
19,5471
14,5475
8,5481
12,5481
16,5481
10,5482
8,5485
16,5488
23,5488
22,5490
11,5493
16,5494
23,5494
10,5496
12,5498
1,5503
21,5504
1,5505
8,5505
2,5507
1,5510
1,5511
19,5513
2,5515
9,5516
24,5516
2,5518
10,5523
19,5523
7,5524
9,5526
9,5528
24,5531
19,5537
6,5539
18,5541
5,5544
10,5544
3,5547
4,5549
9,5549
5,5551
11,5551
3,5552
8,5552
20,5552
5,5553
4,5554
25,5557
13,5558
9,5560
3,5561
24,5561
4,5562
5,5563
14,5563
3,5564
23,5564
4,5568
4,5572
5,5572
13,5576
14,5576
1,5580
10,5581
1,5582
2,5583
1,5584
21,5584
2,5586
1,5588
7,5590
21,5590
2,5592
11,5593
13,5594
6,5595
13,5598
8,5602
15,5608
9,5609
21,5611
10,5613
1,5618
23,5618
2,5619
1,5620
2,5623
19,5625
8,5627
1,5630
2,5631
23,5633
11,5637
19,5637
3,5638
18,5638
22,5638
14,5639
4,5640
7,5640
8,5640
25,5641
11,5641
11,5643
16,5643
5,5644
11,5644
8,5645
3,5648
4,5648
7,5648
4,5649
18,5649
5,5650
3,5651
7,5651
11,5652
22,5653
10,5654
8,5655
16,5655
5,5656
9,5656
11,5656
4,5657
3,5658
4,5659
5,5660
20,5662
22,5662
20,5663
24,5663
21,5664
20,5665
1,5666
2,5667
1,5669
1,5671
2,5672
2,5674
21,5675
14,5686
23,5686
9,5688
23,5688
3,5690
4,5691
5,5692
1,5694
2,5695
3,5695
16,5695
1,5696
1,5697
2,5698
5,5698
14,5698
4,5700
1,5701
2,5701
3,5703
5,5704
13,5704
4,5705
8,5705
4,5706
12,5707
13,5707
19,5708
5,5709
3,5712
20,5713
16,5714
15,5715
3,5716
4,5718
4,5719
5,5720
10,5722
1,5723
5,5723
10,5723
2,5724
1,5725
3,5725
19,5725
1,5726
7,5727
2,5728
2,5730
25,5731
19,5733
7,5735
22,5740
15,5741
1,5742
22,5744
16,5747
1,5748
2,5749
2,5750
1,5751
17,5751
2,5752
3,5752
1,5753
4,5753
2,5754
9,5754
13,5754
11,5756
5,5757
3,5758
13,5759
5,5760
10,5760
1,5761
2,5762
4,5762
13,5762
21,5763
25,5764
1,5765
18,5765
2,5766
17,5767
20,5768
5,5769
17,5769
16,5780
6,5784
24,5785
12,5790
18,5791
12,5795
13,5796
3,5799
4,5800
20,5800
15,5801
5,5802
11,5802
3,5803
5,5804
4,5805
16,5806
1,5808
2,5809
1,5810
2,5812
22,5812
1,5813
2,5814
17,5814
9,5816
22,5816
22,5817
24,5819
23,5820
23,5824
18,5827
3,5828
6,5831
15,5833
13,5844
14,5845
21,5845
23,5846
25,5848
3,5849
4,5850
16,5850
4,5851
19,5852
13,5854
1,5856
16,5856
3,5857
16,5857
1,5858
9,5859
2,5860
5,5860
5,5861
23,5862
13,5864
21,5864
2,5865
9,5866
22,5866
1,5867
2,5869
8,5869
3,5870
4,5871
18,5871
5,5872
23,5873
4,5874
25,5875
5,5875
3,5876
22,5877
1,5878
2,5881
1,5882
1,5885
13,5886
2,5887
2,5888
13,5888
23,5889
21,5890
18,5894
20,5898
24,5898
10,5899
17,5903
7,5909
23,5910
24,5910
19,5920
14,5923
14,5930
23,5930
15,5931
22,5932
14,5933
23,5933
3,5935
9,5939
13,5940
8,5941
12,5944
13,5944
8,5947
25,5948
10,5948
20,5949
24,5949
8,5953
24,5954
10,5956
20,5957
1,5962
12,5964
1,5965
12,5965
13,5966
22,5966
3,5967
18,5967
4,5968
6,5968
22,5968
11,5970
3,5971
5,5973
17,5973
5,5975
4,5976
4,5982
17,5982
9,5985
6,5988
25,5991
8,5991
3,5992
16,5992
20,5992
22,5992
4,5994
16,5994
1,5995
12,5995
11,5996
17,5996
5,5997
15,5997
1,5998
1,5999
2,6000
3,6000
17,6000
2,6001
1,6002
5,6002
4,6004
7,6004
12,6004
2,6005
16,6006
18,6006
13,6007
22,6008
12,6009
16,6009
11,6010
6,6013
19,6014
11,6016
7,6019
24,6021
1,6022
1,6024
3,6024
5,6025
20,6025
4,6027
2,6028
4,6028
10,6028
1,6029
2,6030
2,6031
5,6031
3,6034
1,6038
2,6040
1,6041
1,6042
14,6043
22,6046
2,6047
23,6047
2,6050
17,6050
4,6051
11,6054
15,6057
17,6058
20,6058
23,6059
4,6061
9,6062
16,6071
22,6072
21,6073
1,6074
1,6075
3,6075
21,6075
4,6076
5,6077
2,6078
5,6078
1,6079
2,6080
4,6080
8,6080
23,6080
3,6081
14,6082
2,6083
10,6087
9,6089
10,6091
12,6092
9,6093
17,6095
21,6096
1,6099
2,6100
1,6101
2,6102
19,6102
1,6103
2,6104
8,6105
11,6105
1,6107
8,6108
10,6108
1,6109
3,6110
4,6111
2,6112
3,6112
1,6113
8,6113
5,6114
4,6115
4,6116
14,6116
2,6117
2,6119
5,6119
12,6119
1,6123
2,6124
1,6125
12,6126
2,6128
25,6129
1,6130
24,6130
2,6131
19,6131
12,6133
14,6133
8,6135
18,6135
18,6137
1,6138
20,6139
1,6140
2,6141
16,6141
2,6142
1,6143
6,6143
2,6144
1,6145
18,6145
2,6147
1,6150
12,6151
2,6152
1,6153
2,6155
23,6156
15,6162
25,6166
9,6166
9,6175
20,6177
7,6182
21,6183
13,6187
6,6190
11,6192
15,6193
16,6194
8,6195
13,6195
11,6200
18,6208
12,6209
23,6210
10,6211
22,6213
6,6215
23,6215
20,6223
1,6228
11,6229
2,6230
3,6232
1,6233
3,6233
7,6233
9,6233
1,6234
5,6234
22,6234
2,6235
4,6235
23,6235
2,6236
5,6236
18,6236
20,6236
3,6238
4,6239
19,6241
22,6241
22,6242
9,6244
14,6245
11,6246
11,6249
21,6252
3,6254
4,6255
3,6256
14,6256
4,6257
5,6258
5,6259
13,6259
10,6261
8,6262
6,6264
25,6265
13,6265
15,6267
3,6269
18,6269
18,6270
23,6271
5,6273
4,6274
8,6274
4,6276
21,6276
5,6277
21,6279
3,6280
25,6284
16,6288
17,6288
1,6294
3,6294
1,6295
5,6295
2,6296
24,6296
2,6297
1,6298
16,6298
2,6299
5,6304
4,6305
18,6306
7,6311
4,6312
3,6314
6,6314
11,6315
16,6315
1,6318
1,6321
2,6321
24,6321
10,6323
1,6324
3,6324
1,6325
18,6326
24,6326
4,6329
5,6330
9,6330
2,6332
9,6332
19,6332
3,6333
4,6334
2,6335
1,6337
5,6337
2,6338
1,6340
1,6342
2,6343
2,6344
6,6344
25,6349
7,6351
23,6351
14,6353
8,6361
4,6362
23,6366
14,6370
10,6371
17,6374
13,6375
21,6375
19,6377
20,6377
3,6379
17,6379
4,6380
1,6381
5,6381
25,6382
4,6382
2,6383
1,6384
3,6384
22,6385
5,6387
24,6389
18,6392
1,6394
17,6394
10,6395
2,6396
2,6397
16,6397
13,6401
15,6404
14,6408
7,6409
8,6413
16,6415
1,6417
12,6417
9,6419
1,6421
22,6421
2,6422
1,6423
2,6424
1,6425
2,6426
10,6426
9,6428
15,6429
1,6430
1,6431
2,6432
1,6433
9,6433
20,6433
24,6435
2,6436
3,6436
2,6437
5,6437
12,6437
18,6437
4,6438
4,6439
13,6439
3,6440
5,6441
19,6441
24,6442
22,6444
6,6447
25,6448
1,6452
11,6454
2,6455
17,6455
1,6456
1,6457
18,6457
2,6458
2,6459
14,6460
16,6463
9,6464
21,6465
11,6466
23,6467
21,6471
16,6472
15,6473
25,6474
3,6475
3,6477
4,6477
25,6478
9,6478
5,6479
5,6481
17,6483
22,6483
4,6484
25,6485
3,6485
3,6487
19,6487
10,6493
16,6493
18,6496
3,6508
4,6510
5,6511
10,6515
3,6517
5,6519
4,6520
17,6521
12,6523
10,6525
22,6528
20,6529
14,6532
6,6535
14,6536
19,6538
11,6541
8,6542
14,6544
8,6547
11,6548
6,6550
20,6551
10,6553
16,6554
24,6554
6,6555
3,6556
4,6558
3,6559
5,6560
4,6561
5,6562
21,6562
3,6563
5,6564
5,6565
4,6567
3,6568
20,6568
4,6570
6,6578
15,6578
17,6579
13,6581
21,6581
23,6584
12,6585
25,6586
12,6586
10,6592
10,6596
25,6598
1,6601
20,6602
1,6603
2,6604
6,6604
3,6605
1,6607
4,6607
4,6608
11,6608
2,6609
5,6609
2,6610
3,6613
13,6615
15,6616
5,6617
13,6619
24,6619
19,6621
24,6622
17,6623
11,6627
1,6628
11,6628
1,6629
25,6630
2,6630
18,6630
6,6631
2,6632
2,6633
1,6634
25,6635
2,6635
17,6637
15,6638
1,6640
17,6640
2,6643
14,6643
1,6645
13,6645
2,6646
16,6646
1,6648
3,6650
2,6651
4,6651
5,6653
10,6653
3,6654
18,6655
15,6656
5,6657
4,6658
19,6661
7,6662
1,6663
17,6665
1,6672
11,6672
13,6672
2,6673
2,6674
1,6675
22,6675
2,6676
22,6678
24,6680
14,6681
22,6681
11,6682
8,6683
10,6686
17,6690
1,6691
1,6693
2,6695
6,6695
15,6695
1,6697
2,6699
14,6699
2,6701
18,6709
16,6715
3,6719
15,6719
5,6720
5,6721
8,6721
4,6726
4,6727
3,6729
10,6729
10,6730
3,6739
7,6739
10,6740
19,6741
1,6743
14,6743
12,6744
11,6745
22,6745
9,6746
23,6747
2,6750
1,6751
18,6751
1,6754
2,6756
7,6756
11,6756
2,6757
6,6758
9,6761
10,6764
8,6770
6,6773
15,6773
13,6774
15,6774
18,6774
25,6775
22,6776
17,6777
23,6779
6,6780
21,6785
8,6793
15,6795
11,6800
1,6801
2,6802
21,6804
1,6805
1,6806
2,6809
2,6810
6,6810
21,6813
1,6815
3,6815
17,6818
1,6820
3,6820
23,6820
2,6821
4,6821
2,6822
5,6822
1,6824
4,6824
2,6825
3,6828
18,6828
23,6828
22,6829
24,6831
5,6833
24,6833
8,6839
1,6841
11,6841
2,6844
1,6846
1,6847
2,6848
6,6849
8,6849
2,6850
16,6851
17,6851
10,6853
19,6853
9,6854
15,6857
22,6860
7,6861
24,6865
3,6866
1,6868
21,6868
25,6869
2,6869
19,6869
24,6870
1,6872
3,6872
22,6872
2,6873
4,6873
8,6873
5,6874
7,6874
1,6875
4,6875
2,6876
10,6876
3,6877
24,6877
5,6878
18,6878
3,6879
4,6880
7,6881
4,6882
9,6884
25,6885
3,6885
5,6886
1,6887
5,6888
25,6889
2,6889
1,6891
17,6891
22,6892
1,6893
8,6894
2,6895
12,6897
20,6897
2,6898
7,6904
20,6912
9,6919
9,6927
12,6928
19,6928
1,6929
25,6930
1,6930
22,6930
14,6932
2,6934
2,6935
16,6936
23,6937
1,6938
11,6939
2,6941
19,6941
3,6942
25,6943
4,6943
10,6945
3,6946
6,6946
5,6947
4,6951
18,6951
5,6952
6,6952
23,6953
17,6954
14,6955
16,6955
3,6956
4,6958
4,6959
5,6960
7,6961
14,6961
1,6962
5,6962
20,6963
2,6964
1,6965
3,6965
7,6967
18,6969
21,6969
1,6970
23,6971
19,6972
2,6974
6,6974
12,6974
19,6974
2,6975
17,6976
15,6979
17,6981
20,6984
14,6985
17,6987
15,6988
16,6990
6,6993
1,6998
1,6999
24,6999
2,7000
2,7001
1,7002
2,7003
23,7003
10,7004
10,7005
7,7006
4,7008
8,7009
3,7011
10,7011
11,7011
24,7011
13,7013
11,7014
19,7014
1,7015
4,7015
2,7016
19,7016
1,7019
5,7019
5,7020
7,7020
2,7021
1,7022
3,7022
4,7023
9,7024
12,7025
3,7027
19,7027
2,7029
1,7034
19,7034
2,7037
23,7038
1,7039
8,7040
25,7041
16,7041
8,7042
1,7043
2,7044
13,7044
2,7046
14,7046
23,7050
24,7052
20,7053
3,7059
5,7061
4,7062
22,7063
9,7064
3,7065
24,7065
4,7066
23,7068
5,7069
13,7073
8,7074
25,7078
24,7081
9,7082
24,7082
3,7083
7,7083
21,7083
1,7084
10,7084
12,7085
5,7086
2,7087
1,7088
2,7089
1,7090
2,7094
1,7097
12,7099
1,7101
22,7101
2,7102
24,7103
1,7104
3,7104
2,7106
2,7107
5,7108
4,7109
20,7109
5,7111
23,7111
25,7112
3,7112
14,7112
4,7115
25,7116
5,7116
1,7117
2,7119
21,7120
10,7121
19,7121
16,7122
20,7122
1,7123
9,7123
2,7124
1,7125
2,7127
3,7129
7,7129
19,7129
5,7131
14,7131
4,7133
5,7134
10,7134
20,7136
3,7137
25,7138
4,7138
21,7138
18,7143
19,7147
17,7148
13,7151
15,7152
19,7153
13,7154
16,7154
22,7155
24,7158
6,7164
22,7166
13,7168
7,7169
20,7169
3,7170
14,7175
4,7176
5,7177
9,7177
4,7179
5,7180
18,7180
3,7181
13,7184
7,7185
17,7185
20,7185
3,7187
16,7187
19,7187
4,7189
5,7191
13,7191
4,7193
11,7193
3,7194
5,7197
16,7199
3,7204
12,7205
1,7207
4,7207
2,7208
1,7209
3,7209
1,7210
5,7211
20,7212
2,7215
12,7216
4,7217
6,7217
2,7218
5,7218
17,7218
14,7220
10,7221
17,7222
12,7223
19,7224
18,7228
19,7229
3,7234
5,7237
4,7238
3,7239
22,7239
4,7242
19,7242
6,7243
25,7246
17,7246
9,7247
5,7248
8,7250
10,7256
15,7257
6,7258
20,7258
25,7260
1,7261
8,7261
1,7262
10,7263
19,7263
2,7264
2,7266
1,7267
15,7267
13,7268
2,7269
18,7269
22,7270
9,7274
1,7276
4,7276
2,7277
9,7277
1,7278
23,7279
2,7281
17,7282
1,7284
3,7284
2,7285
5,7285
20,7285
4,7286
21,7287
24,7287
3,7288
6,7288
7,7288
1,7289
25,7290
2,7290
13,7290
25,7291
1,7291
21,7291
2,7292
4,7292
16,7292
1,7293
5,7293
21,7293
2,7294
22,7294
24,7294
9,7299
18,7304
18,7305
25,7314
19,7314
8,7316
22,7318
10,7320
20,7320
16,7324
3,7325
9,7325
10,7325
24,7325
23,7326
4,7327
3,7330
5,7332
1,7333
4,7333
1,7336
2,7336
5,7337
24,7339
2,7340
2,7341
1,7342
2,7343
1,7345
2,7349
18,7349
1,7350
24,7350
5,7351
1,7352
14,7352
2,7353
11,7353
11,7355
2,7356
9,7356
11,7356
14,7357
20,7358
3,7359
4,7360
4,7361
20,7362
19,7365
18,7366
12,7368
5,7369
8,7369
3,7371
10,7372
5,7373
12,7373
12,7377
15,7377
20,7377
15,7380
3,7384
17,7384
4,7385
5,7387
4,7388
3,7389
11,7391
5,7392
9,7393
1,7395
2,7397
1,7398
14,7398
2,7399
15,7399
21,7399
1,7401
24,7402
2,7405
21,7408
8,7409
6,7411
18,7411
10,7413
12,7413
25,7416
8,7418
18,7418
17,7424
3,7427
4,7428
4,7429
6,7429
20,7430
23,7430
5,7431
3,7433
2,7434
5,7435
20,7438
3,7446
4,7449
7,7449
4,7454
10,7454
5,7455
12,7456
3,7457
5,7458
25,7460
17,7464
13,7468
1,7470
8,7470
12,7470
8,7471
11,7471
17,7475
1,7476
13,7476
2,7478
3,7478
2,7479
1,7480
5,7480
22,7480
2,7482
4,7483
4,7484
5,7485
13,7485
21,7485
3,7487
5,7488
24,7488
20,7489
13,7495
15,7495
13,7497
2,7498
10,7499
21,7499
24,7502
14,7510
1,7515
8,7516
2,7519
9,7519
1,7521
23,7521
1,7522
2,7523
6,7524
2,7525
10,7525
3,7528
9,7529
4,7530
6,7531
5,7532
3,7533
4,7534
7,7534
5,7536
12,7536
1,7538
2,7540
22,7540
1,7544
21,7544
18,7545
1,7550
9,7551
2,7552
2,7553
12,7553
23,7557
8,7564
1,7566
2,7567
3,7567
5,7568
1,7569
2,7570
4,7572
8,7572
13,7572
1,7575
21,7575
2,7576
22,7576
7,7577
3,7580
1,7581
5,7581
11,7581
2,7582
4,7583
1,7586
9,7587
19,7587
1,7588
2,7589
2,7592
10,7593
14,7594
20,7594
20,7596
13,7601
14,7601
19,7603
20,7607
1,7609
15,7609
23,7610
2,7611
25,7612
1,7612
2,7613
1,7615
6,7615
6,7619
7,7619
2,7621
19,7621
19,7624
14,7626
22,7627
4,7630
1,7634
2,7635
12,7635
1,7636
1,7637
17,7638
19,7638
2,7641
3,7644
2,7645
5,7647
18,7647
4,7649
18,7649
4,7650
16,7651
5,7653
22,7653
3,7654
15,7654
22,7657
8,7658
22,7660
17,7666
7,7675
13,7676
20,7677
8,7683
14,7683
15,7684
11,7686
8,7687
11,7687
12,7687
24,7690
21,7691
13,7692
16,7693
20,7696
9,7697
19,7698
14,7701
25,7703
12,7705
20,7705
11,7706
13,7709
23,7711
14,7713
18,7713
12,7716
10,7720
12,7720
21,7724
8,7726
24,7727
25,7731
18,7732
22,7732
25,7734
16,7734
3,7737
6,7737
22,7739
4,7740
24,7740
1,7741
4,7743
25,7744
1,7745
11,7745
13,7745
1,7746
2,7746
13,7746
15,7746
1,7747
5,7747
15,7747
2,7748
21,7748
2,7749
5,7749
3,7751
18,7751
24,7752
9,7753
17,7754
3,7757
10,7757
5,7760
4,7761
20,7761
3,7762
4,7763
18,7763
5,7764
20,7764
10,7767
25,7768
7,7768
16,7768
23,7771
10,7773
13,7774
24,7777
20,7785
18,7789
21,7795
8,7797
23,7799
7,7805
24,7805
25,7806
15,7806
16,7806
9,7809
17,7809
23,7812
21,7814
22,7815
6,7817
11,7819
20,7819
22,7820
23,7827
25,7832
11,7836
25,7839
10,7843
14,7843
14,7852
24,7853
21,7854
8,7855
16,7855
12,7859
20,7859
3,7862
4,7863
13,7863
5,7866
5,7867
15,7867
4,7869
18,7870
25,7871
8,7871
21,7872
14,7873
3,7874
15,7875
21,7875
20,7881
18,7882
22,7886
1,7890
1,7891
23,7891
11,7893
2,7894
1,7895
2,7897
3,7897
2,7898
8,7898
5,7900
4,7902
19,7902
3,7904
5,7905
4,7908
23,7915
22,7918
1,7919
7,7919
1,7920
2,7921
24,7922
3,7923
7,7923
4,7924
2,7925
3,7925
16,7925
4,7926
21,7926
5,7927
1,7928
5,7929
2,7930
12,7932
10,7933
21,7936
3,7939
10,7941
12,7941
9,7944
11,7944
10,7945
23,7946
14,7951
13,7954
22,7956
19,7959
23,7961
23,7962
11,7967
14,7977
9,7979
20,7979
24,7980
15,7983
3,7984
4,7985
25,7988
17,7988
11,7990
9,7993
7,7994
1,7996
9,7997
13,7997
24,7997
14,7999
2,8000
1,8001
2,8002
10,8003
14,8003
21,8003
1,8005
22,8005
20,8008
2,8009
25,8016
6,8017
19,8017
21,8018
3,8019
4,8020
4,8021
8,8021
9,8021
20,8021
3,8023
5,8024
5,8025
24,8026
17,8028
2,8031
3,8031
4,8032
23,8034
3,8035
3,8036
13,8036
21,8037
9,8038
24,8039
5,8041
5,8042
8,8042
4,8043
12,8051
3,8052
4,8054
10,8054
3,8055
13,8056
14,8056
4,8057
5,8059
9,8062
17,8062
5,8063
10,8073
17,8073
9,8076
15,8078
22,8078
10,8079
12,8081
13,8082
1,8083
9,8083
1,8084
2,8086
3,8088
1,8089
4,8090
5,8090
5,8091
2,8092
4,8094
6,8095
3,8096
9,8096
2,8097
4,8097
10,8098
20,8098
24,8098
19,8099
11,8100
9,8101
13,8102
15,8104
23,8106
20,8107
1,8110
2,8111
10,8111
11,8111
1,8112
19,8112
1,8113
2,8114
17,8114
22,8114
2,8115
1,8122
12,8123
1,8127
22,8127
23,8127
9,8128
2,8130
6,8130
16,8130
2,8132
1,8133
2,8134
8,8134
24,8134
23,8135
12,8136
2,8150
15,8150
25,8155
22,8157
12,8158
3,8160
10,8161
5,8162
8,8162
7,8163
5,8166
13,8167
18,8167
23,8167
4,8168
21,8168
4,8169
18,8169
15,8170
3,8171
25,8172
18,8173
17,8175
3,8180
1,8183
15,8183
2,8186
9,8187
17,8188
1,8189
1,8191
2,8192
14,8192
2,8193
22,8193
22,8196
3,8198
22,8198
1,8203
3,8204
1,8205
4,8205
12,8205
2,8206
4,8206
1,8207
3,8207
2,8209
5,8209
2,8210
14,8210
17,8210
24,8210
5,8214
12,8214
11,8215
12,8215
25,8216
16,8219
24,8223
8,8224
3,8228
14,8228
23,8228
4,8229
25,8230
5,8230
1,8231
3,8231
4,8232
20,8232
1,8234
5,8234
2,8236
1,8237
3,8237
15,8237
2,8238
4,8238
2,8239
4,8239
5,8240
10,8240
3,8242
5,8243
19,8243
20,8243
16,8246
13,8247
14,8253
18,8255
16,8256
25,8257
24,8258
14,8263
9,8266
19,8267
20,8269
15,8270
21,8274
9,8276
13,8276
21,8276
14,8280
21,8281
7,8283
13,8283
24,8283
12,8288
7,8292
24,8294
10,8296
14,8296
18,8296
9,8302
24,8302
9,8305
12,8305
12,8309
17,8309
18,8312
2,8315
22,8317
12,8320
3,8323
11,8323
12,8323
18,8324
22,8324
5,8325
4,8326
5,8327
10,8327
4,8329
11,8329
3,8331
8,8331
25,8343
10,8343
8,8345
10,8349
25,8350
16,8351
9,8356
13,8357
6,8360
10,8363
22,8363
15,8365
20,8365
7,8375
20,8376
11,8377
12,8377
16,8377
21,8377
25,8378
12,8378
22,8378
9,8380
14,8380
24,8384
19,8386
1,8387
9,8387
11,8387
2,8388
16,8388
21,8388
3,8392
1,8393
4,8393
5,8394
1,8395
2,8396
3,8396
2,8397
1,8403
20,8403
1,8408
2,8410
4,8411
7,8411
1,8412
5,8412
22,8412
1,8413
2,8415
6,8415
2,8416
10,8418
3,8420
19,8420
5,8423
21,8423
4,8424
9,8424
10,8425
24,8425
3,8426
4,8427
7,8427
10,8427
5,8428
22,8433
1,8435
2,8436
1,8437
2,8438
1,8440
23,8442
2,8443
18,8444
6,8451
16,8452
1,8460
14,8460
2,8462
3,8462
11,8462
3,8463
4,8464
1,8465
5,8465
18,8465
3,8467
10,8467
2,8468
4,8468
5,8469
13,8470
1,8471
2,8472
12,8472
13,8473
1,8475
4,8476
23,8476
1,8477
2,8479
20,8479
19,8480
12,8481
2,8482
1,8483
24,8483
2,8484
21,8488
21,8489
25,8490
9,8490
8,8491
16,8491
1,8496
24,8496
2,8497
1,8498
25,8499
2,8500
12,8501
24,8501
1,8502
6,8502
8,8502
19,8502
2,8503
23,8503
12,8504
22,8505
16,8515
1,8517
2,8518
1,8519
2,8520
1,8521
24,8521
2,8524
20,8524
18,8526
24,8531
17,8534
24,8534
14,8541
15,8541
3,8542
1,8543
12,8543
5,8545
1,8546
4,8546
2,8547
9,8548
11,8548
12,8548
4,8550
1,8551
5,8552
2,8553
3,8554
14,8554
2,8557
15,8557
21,8558
22,8558
13,8565
20,8567
15,8568
14,8570
8,8573
25,8574
3,8579
4,8580
5,8581
4,8582
25,8585
3,8585
5,8586
1,8594
20,8594
12,8595
8,8596
2,8597
3,8597
1,8598
1,8599
4,8600
17,8600
24,8600
2,8601
2,8602
3,8602
15,8602
5,8603
6,8603
15,8603
19,8603
19,8604
4,8605
5,8606
15,8606
1,8607
16,8607
1,8608
2,8609
9,8611
18,8611
1,8612
12,8612
2,8614
11,8614
2,8615
23,8618
12,8619
15,8622
18,8628
10,8630
13,8637
14,8641
19,8641
9,8642
17,8649
15,8654
25,8655
23,8658
2,8659
1,8661
7,8661
11,8661
1,8662
2,8663
1,8664
2,8665
3,8665
24,8665
2,8666
4,8667
20,8671
15,8673
25,8675
5,8675
1,8676
1,8677
3,8677
13,8678
2,8679
4,8679
22,8679
5,8680
1,8684
17,8684
2,8685
22,8685
2,8687
3,8687
5,8688
23,8689
4,8690
6,8690
5,8691
11,8691
4,8695
3,8697
21,8701
3,8704
5,8705
14,8705
4,8706
12,8706
5,8707
13,8707
4,8709
1,8712
3,8712
13,8712
1,8713
13,8714
2,8715
2,8717
21,8717
25,8719
1,8719
24,8720
2,8722
10,8724
11,8726
20,8726
21,8726
18,8731
5,8732
7,8733
3,8736
4,8737
4,8738
5,8739
20,8739
3,8740
5,8741
8,8741
23,8743
11,8744
14,8744
15,8745
25,8746
1,8748
2,8749
1,8750
15,8750
1,8751
2,8753
2,8755
16,8755
3,8756
9,8757
5,8758
4,8759
11,8760
23,8761
5,8762
16,8764
24,8765
12,8766
8,8770
11,8770
3,8773
4,8774
15,8778
11,8780
7,8784
20,8785
6,8787
6,8791
25,8793
6,8793
1,8797
7,8800
25,8801
3,8811
5,8812
4,8813
4,8815
3,8816
5,8818
16,8818
12,8828
25,8829
12,8830
21,8831
14,8832
20,8834
9,8841
23,8842
11,8843
25,8844
7,8853
24,8856
3,8857
5,8858
4,8859
22,8860
24,8860
3,8861
4,8863
25,8865
5,8865
20,8866
11,8868
21,8870
22,8875
23,8875
18,8876
17,8877
12,8880
19,8886
6,8888
24,8890
3,8900
5,8901
13,8901
5,8903
4,8904
19,8905
3,8906
4,8908
13,8908
20,8908
3,8909
6,8909
5,8910
19,8911
20,8911
4,8912
1,8913
2,8915
12,8915
15,8916
9,8917
25,8918
5,8918
1,8919
2,8920
4,8920
1,8921
3,8921
6,8921
21,8923
2,8925
15,8927
11,8928
21,8932
7,8933
16,8933
17,8939
23,8939
10,8945
11,8945
18,8945
5,8946
25,8947
1,8947
11,8947
24,8949
2,8950
1,8951
24,8951
2,8953
1,8954
2,8955
11,8962
1,8965
7,8965
1,8967
6,8967
22,8967
2,8968
2,8969
16,8970
1,8972
8,8972
25,8974
2,8975
3,8975
5,8977
4,8980
6,8982
5,8983
14,8983
3,8985
21,8985
4,8987
6,8989
7,8994
10,8995
18,8996
1,8998
14,8998
21,8998
1,8999
2,9001
5,9001
1,9005
2,9006
2,9007
7,9009
13,9010
21,9010
15,9012
13,9013
20,9013
24,9013
25,9015
16,9020
18,9023
7,9025
18,9026
19,9026
7,9027
24,9029
16,9030
18,9037
6,9040
23,9040
3,9043
9,9043
17,9046
5,9047
7,9047
4,9048
1,9050
1,9051
3,9052
2,9053
24,9053
2,9054
1,9055
5,9055
2,9056
4,9056
7,9056
24,9058
14,9061
16,9062
23,9064
7,9066
7,9067
6,9069
22,9070
9,9071
15,9072
18,9073
25,9076
4,9081
22,9082
14,9087
16,9089
15,9092
14,9094
17,9096
7,9098
3,9099
4,9101
13,9102
21,9102
24,9102
3,9105
5,9107
4,9109
17,9109
5,9110
21,9110
14,9112
25,9113
23,9113
16,9126
20,9126
7,9130
8,9130
11,9133
21,9136
22,9137
13,9145
1,9150
2,9151
1,9153
13,9153
16,9154
2,9157
18,9157
1,9160
12,9160
2,9162
16,9166
10,9167
19,9167
9,9170
1,9172
11,9172
1,9173
20,9174
2,9175
1,9176
17,9176
6,9177
2,9178
7,9179
2,9180
19,9180
3,9181
12,9181
4,9183
8,9183
5,9184
5,9185
4,9186
3,9187
12,9189
18,9189
7,9192
20,9194
1,9197
1,9198
3,9199
8,9200
23,9200
25,9201
6,9201
25,9202
6,9202
20,9204
2,9206
1,9209
3,9209
19,9209
4,9210
15,9212
1,9213
20,9213
2,9214
14,9214
2,9215
4,9218
20,9218
5,9220
5,9221
9,9222
3,9224
14,9224
4,9225
25,9227
19,9227
15,9228
23,9232
7,9234
19,9235
13,9236
16,9237
8,9238
14,9241
1,9247
11,9247
2,9248
6,9248
1,9249
8,9249
1,9250
22,9250
2,9251
2,9255
21,9258
22,9264
1,9265
24,9266
2,9268
1,9270
1,9271
2,9273
2,9274
11,9275
22,9276
17,9277
24,9280
9,9281
16,9284
25,9287
20,9287
1,9288
21,9288
18,9289
2,9290
20,9290
1,9291
2,9292
1,9294
2,9295
11,9297
12,9298
16,9298
20,9302
17,9303
21,9306
1,9308
3,9310
1,9311
4,9312
20,9312
2,9313
5,9316
1,9317
2,9318
3,9318
13,9318
2,9319
4,9319
12,9319
5,9320
17,9323
19,9324
25,9325
11,9328
19,9328
1,9330
22,9330
2,9332
1,9334
3,9334
1,9336
12,9336
2,9337
6,9337
1,9338
4,9338
14,9338
20,9338
2,9339
3,9339
5,9340
4,9341
5,9343
13,9344
13,9346
21,9347
3,9349
25,9350
15,9351
13,9352
8,9353
4,9355
3,9357
4,9361
19,9361
5,9362
5,9363
25,9367
5,9368
21,9372
20,9373
6,9376
15,9376
9,9381
23,9381
11,9383
17,9384
8,9386
8,9390
24,9391
23,9396
25,9397
15,9398
18,9398
21,9398
1,9400
1,9401
2,9402
1,9403
16,9404
2,9405
2,9406
19,9410
12,9415
16,9416
15,9417
9,9420
14,9420
1,9423
1,9424
6,9425
23,9425
2,9426
2,9428
22,9431
1,9433
2,9435
7,9439
11,9439
8,9440
23,9440
8,9441
25,9444
19,9444
23,9445
14,9449
22,9449
6,9450
23,9450
9,9451
3,9453
10,9454
4,9455
13,9455
15,9455
21,9457
1,9459
1,9461
3,9461
10,9461
13,9461
5,9462
2,9463
4,9463
5,9464
2,9465
1,9469
19,9469
11,9470
2,9471
8,9472
9,9475
21,9477
25,9479
6,9481
11,9481
17,9482
16,9483
6,9484
13,9484
22,9485
5,9486
17,9487
12,9488
21,9488
13,9489
19,9490
3,9492
5,9493
20,9493
4,9494
7,9495
5,9496
3,9497
4,9500
1,9502
1,9503
14,9503
2,9504
1,9505
16,9505
17,9505
2,9507
23,9507
2,9508
18,9509
3,9515
4,9518
4,9519
22,9519
24,9519
16,9522
3,9523
5,9524
6,9524
5,9526
6,9526
20,9529
6,9538
25,9539
3,9540
5,9541
20,9541
5,9543
16,9543
21,9544
4,9545
11,9545
3,9547
4,9548
12,9551
6,9552
18,9552
6,9557
13,9557
22,9559
1,9562
1,9565
4,9565
2,9567
7,9567
3,9568
20,9572
2,9573
1,9574
2,9575
21,9575
7,9576
10,9576
13,9578
3,9579
9,9579
5,9580
7,9581
13,9581
4,9583
3,9586
5,9588
4,9590
17,9590
3,9591
8,9591
4,9594
3,9595
15,9595
22,9595
18,9596
15,9597
4,9599
7,9599
10,9599
5,9601
8,9603
20,9603
5,9604
16,9607
24,9610
17,9613
20,9622
21,9627
10,9630
8,9632
7,9637
16,9643
7,9645
15,9646
3,9647
5,9649
18,9649
24,9650
12,9651
4,9653
13,9653
14,9653
3,9654
4,9655
17,9655
5,9656
10,9663
17,9669
3,9671
5,9672
4,9673
3,9675
4,9676
25,9678
5,9678
21,9678
12,9679
19,9684
16,9687
13,9692
22,9692
17,9693
11,9694
21,9697
20,9698
22,9698
25,9705
20,9707
3,9708
4,9709
23,9709
5,9710
4,9711
3,9714
5,9716
11,9719
22,9719
11,9720
7,9723
8,9724
4,9726
22,9728
15,9732
12,9733
23,9735
13,9737
12,9738
13,9742
8,9743
11,9744
1,9750
10,9750
1,9752
2,9753
16,9753
17,9755
1,9757
2,9758
10,9758
2,9759
19,9760
9,9762
8,9764
16,9764
25,9765
12,9765
14,9765
18,9767
15,9775
13,9776
23,9777
18,9779
16,9782
7,9784
12,9784
12,9787
24,9787
17,9788
13,9789
8,9796
7,9804
10,9806
14,9807
25,9810
22,9814
22,9817
7,9819
19,9822
3,9825
18,9826
4,9827
10,9827
5,9828
8,9828
3,9829
19,9829
11,9830
5,9831
4,9832
21,9836
11,9837
22,9837
9,9838
9,9839
18,9840
9,9845
22,9845
25,9846
7,9853
16,9853
17,9856
14,9859
21,9860
3,9862
16,9863
4,9864
17,9864
1,9865
2,9866
4,9866
7,9866
1,9867
3,9867
1,9869
5,9869
25,9870
5,9871
25,9872
6,9872
25,9873
2,9876
13,9877
2,9879
3,9879
8,9879
11,9879
4,9880
5,9881
9,9882
3,9883
20,9883
9,9884
4,9885
15,9885
4,9886
5,9886
17,9895
3,9898
14,9898
4,9899
19,9899
3,9901
17,9901
4,9902
5,9903
5,9905
21,9905
16,9909
25,9910
15,9912
16,9912
25,9914
19,9914
25,9919
8,9928
3,9933
1,9936
7,9936
5,9937
2,9938
9,9939
1,9940
25,9941
5,9941
2,9942
12,9942
23,9942
1,9943
4,9944
24,9944
2,9946
13,9946
3,9947
4,9948
6,9948
9,9948
20,9948
3,9950
8,9952
15,9954
21,9954
18,9957
20,9957
14,9964
7,9966
1,9968
2,9970
17,9970
1,9972
2,9973
1,9974
10,9974
14,9974
16,9976
3,9978
2,9979
15,9980
7,9981
7,9982
5,9983
25,9984
4,9985
3,9986
4,9987
5,9988
11,9989
18,9992
6,9994
7,9995
20,9995
1,9996
1,9998
6,9999
