57,1
24,2
45,2
18,3
52,3
30,4
35,4
33,5
23,7
33,9
3,10
10,10
50,12
12,13
47,13
30,14
36,14
5,15
39,15
44,15
30,17
10,18
15,20
14,21
15,21
44,21
21,24
31,24
39,25
52,25
43,28
14,29
18,29
19,29
50,29
3,31
18,31
18,32
34,33
47,33
25,34
40,34
53,35
21,36
1,37
40,37
44,38
33,39
54,40
21,41
33,41
22,42
4,43
6,45
58,47
16,48
49,49
54,49
22,52
24,52
25,54
45,54
38,55
20,56
28,56
39,57
58,57
14,58
36,58
41,58
50,58
59,58
23,59
9,61
17,61
7,62
12,66
16,66
29,66
59,66
12,67
52,67
8,68
9,68
26,69
8,70
46,70
7,71
27,72
41,73
25,74
21,75
20,76
48,76
15,78
60,79
5,79
51,79
6,81
5,82
51,84
26,86
15,88
18,88
51,88
12,93
23,94
20,95
46,96
53,97
14,98
26,99
38,99
16,100
45,100
52,100
7,103
60,107
33,107
38,109
56,109
20,111
20,112
37,112
33,113
48,113
56,113
13,114
48,114
53,114
20,115
25,116
51,116
20,117
37,119
28,121
32,121
5,122
23,122
25,122
32,122
6,123
19,123
35,123
37,123
49,123
34,124
3,125
12,125
41,125
26,129
22,130
13,131
20,131
36,132
48,134
15,135
46,135
8,137
12,138
20,138
51,138
23,139
6,140
55,141
32,143
29,145
15,146
21,146
31,148
20,149
22,149
60,150
36,151
57,152
19,153
1,154
2,155
19,155
29,155
1,156
46,156
1,157
47,158
2,159
5,159
59,160
2,161
49,161
49,162
13,164
17,164
20,164
42,164
13,166
41,167
55,167
51,168
49,171
37,173
13,174
35,175
48,175
4,176
28,176
49,177
55,177
48,179
29,180
9,181
12,181
59,181
28,183
47,184
51,184
20,185
23,185
36,187
56,187
24,190
27,190
3,191
31,191
16,192
24,194
26,194
34,194
40,194
19,195
38,195
23,196
2,198
59,201
16,205
43,206
57,206
46,207
50,207
7,209
46,209
39,212
10,213
18,213
46,214
12,215
26,218
10,219
49,219
58,219
52,220
46,221
13,223
29,224
42,224
15,225
18,226
32,227
27,228
50,228
25,229
11,230
13,231
58,232
25,233
58,234
60,238
13,238
28,238
41,239
46,240
6,241
30,242
49,244
13,245
30,245
60,247
25,247
56,248
35,249
47,249
20,250
23,251
22,253
45,253
31,254
57,254
13,257
14,259
24,259
50,260
55,260
57,260
11,261
11,262
45,262
28,264
32,264
15,265
23,265
38,265
5,266
49,266
42,267
45,267
49,267
57,267
1,268
25,268
1,270
12,271
50,271
2,272
24,272
40,272
59,272
43,273
3,274
9,275
21,275
25,276
49,276
2,277
21,277
51,277
1,278
27,278
24,279
25,279
33,280
27,281
2,284
16,284
42,285
17,286
40,287
47,287
56,288
2,290
40,293
29,294
18,295
22,299
46,300
30,302
29,303
49,303
13,304
40,305
19,307
4,308
46,309
30,310
45,310
37,311
42,311
50,313
7,315
28,315
48,316
51,316
60,317
41,317
41,318
56,318
4,319
39,319
56,321
15,322
47,322
33,325
28,326
52,326
6,327
28,328
32,328
47,328
53,328
59,328
8,329
38,330
15,331
13,332
15,332
36,332
23,333
53,333
40,335
54,336
22,337
4,338
13,340
56,340
58,340
9,341
51,341
10,342
12,342
33,342
19,343
58,343
12,346
52,346
54,346
53,348
40,349
55,349
27,351
48,352
51,353
2,354
44,354
51,354
6,355
46,356
47,356
55,356
30,357
56,358
58,358
10,359
44,360
6,363
55,363
4,364
59,365
2,366
8,368
31,368
48,368
19,369
47,369
43,370
32,372
25,373
34,373
6,376
57,376
59,376
25,377
12,379
16,379
44,379
34,380
44,380
42,383
19,384
9,385
29,386
39,388
50,389
41,390
32,391
19,393
8,396
46,397
3,400
57,400
8,401
26,401
50,402
43,404
27,405
29,407
7,410
44,410
18,411
22,411
27,411
55,411
43,413
44,413
52,414
41,415
33,417
17,418
46,419
47,419
16,422
39,423
32,425
14,427
15,427
29,427
55,429
8,430
9,430
39,430
43,430
60,431
31,431
7,432
6,433
24,434
44,434
23,436
33,437
33,438
43,438
46,439
13,441
16,442
19,442
43,442
60,444
12,444
40,444
50,444
60,446
56,447
51,449
25,450
48,450
1,451
25,452
32,452
29,454
2,455
16,455
26,455
7,456
31,456
60,457
60,458
1,458
18,458
45,458
23,459
55,460
2,461
43,461
1,462
38,462
2,463
26,463
36,463
55,463
31,464
44,465
52,465
55,465
9,467
34,467
26,468
29,468
34,470
30,471
43,471
59,471
3,472
4,473
39,474
20,477
24,477
51,477
1,478
35,478
2,479
26,479
57,479
1,480
32,480
35,481
2,482
1,483
37,483
2,484
58,484
8,485
11,485
46,486
60,487
19,487
25,487
37,487
60,488
49,488
6,489
21,489
39,489
45,491
5,492
13,492
32,493
7,494
40,494
14,496
18,496
37,497
44,497
57,497
54,499
38,500
50,500
56,501
25,502
13,503
53,504
16,505
18,505
58,506
36,507
56,507
57,507
25,508
5,509
42,509
17,510
42,510
37,511
15,512
26,513
49,514
1,517
33,517
55,517
1,520
23,523
2,524
2,525
5,525
19,525
31,525
37,525
43,525
1,526
16,526
34,526
2,527
20,527
33,527
13,529
14,536
21,536
52,536
24,538
35,538
44,538
46,539
5,540
36,540
41,540
55,543
4,547
20,547
44,547
43,548
59,548
43,550
17,552
24,552
50,554
38,555
6,556
8,557
3,558
10,558
40,558
34,562
54,562
47,563
26,564
56,564
18,567
55,567
11,568
40,568
7,571
16,571
32,571
6,572
29,572
42,573
25,577
38,577
50,578
53,578
58,578
59,578
3,582
11,582
15,583
17,583
46,583
12,584
42,584
43,584
58,585
33,587
38,587
50,587
25,588
57,588
53,589
56,589
45,590
52,590
13,591
15,591
52,591
36,592
42,592
53,592
13,593
50,594
47,595
1,596
1,597
15,597
42,598
2,599
27,599
1,600
59,600
2,601
2,602
54,602
59,602
45,604
47,604
52,604
56,604
58,604
45,605
27,606
35,608
47,608
14,609
18,610
47,611
37,613
4,614
42,615
51,616
57,616
60,617
3,618
17,619
35,620
13,621
14,621
31,621
42,621
13,623
32,623
35,625
31,628
21,632
15,633
32,633
1,637
38,637
11,638
19,638
2,639
12,639
1,640
4,640
2,641
39,641
60,642
38,643
1,644
2,645
22,646
26,646
57,646
52,647
55,648
46,649
4,650
11,651
23,652
55,652
1,653
21,654
55,654
57,654
2,655
32,655
43,655
1,656
22,656
40,656
46,656
45,657
49,657
59,657
1,658
59,658
39,659
46,659
48,661
46,662
59,663
27,664
2,666
20,666
24,666
2,667
11,667
44,668
54,668
9,669
35,670
22,671
44,672
51,673
55,673
46,675
1,676
30,676
15,677
19,677
52,677
58,678
1,679
2,680
20,680
22,680
17,681
44,682
16,683
1,684
16,684
2,685
8,685
48,685
49,685
2,686
31,686
1,687
2,688
1,689
18,690
47,690
2,691
39,691
55,691
1,692
2,693
53,693
6,694
21,695
21,699
27,699
11,700
21,700
5,701
19,701
42,701
7,702
54,703
14,704
52,704
34,705
41,705
25,707
10,711
22,712
20,714
28,714
27,715
21,719
59,719
19,720
39,720
44,720
3,721
55,721
10,722
52,722
33,723
53,723
16,725
44,725
26,726
21,727
38,729
39,729
52,729
20,731
5,732
19,732
50,732
51,733
19,734
20,735
52,735
16,736
17,736
27,736
40,737
59,738
57,739
46,740
51,740
24,741
7,743
34,743
44,743
7,744
15,744
34,744
51,745
58,745
36,746
57,746
43,747
39,748
39,750
32,751
37,751
39,751
42,752
60,753
8,754
15,755
37,756
6,757
14,757
3,758
8,759
11,759
21,761
41,762
5,764
34,764
58,764
3,765
15,765
53,766
15,768
21,769
17,770
22,772
57,772
53,775
20,776
6,777
27,777
31,777
45,778
4,781
11,781
24,781
30,781
25,782
44,782
41,783
8,784
12,784
20,784
34,784
27,785
52,785
1,786
28,786
15,788
26,789
50,789
9,790
53,790
6,793
17,793
21,793
46,794
39,795
27,796
47,796
58,796
17,797
35,798
7,799
32,799
37,799
10,801
18,802
50,802
27,803
59,806
19,807
30,808
3,809
4,809
52,809
37,810
5,811
48,811
4,812
53,813
59,813
34,815
37,815
6,816
10,816
40,817
44,817
52,818
38,819
18,821
54,821
14,822
53,823
18,824
29,824
37,824
48,824
60,825
29,825
31,825
11,826
21,826
57,827
60,828
12,828
48,828
28,831
44,831
10,832
30,832
54,832
23,833
17,834
8,835
14,835
32,836
53,836
9,837
18,837
10,839
15,839
44,839
54,840
16,841
28,845
59,846
5,847
10,848
19,851
35,852
52,852
57,853
55,854
31,856
39,856
58,856
59,858
38,859
44,859
48,859
56,859
20,860
47,860
35,862
50,862
6,864
13,864
40,864
41,873
44,873
59,873
11,874
48,874
43,875
50,877
21,878
44,878
4,879
8,879
47,879
40,881
60,882
9,882
59,883
26,884
21,885
36,885
59,885
20,886
21,888
33,888
37,889
38,890
44,890
46,890
3,894
39,894
10,895
42,896
59,897
41,898
44,899
1,900
57,900
1,901
7,901
23,901
24,901
27,902
2,903
8,903
23,904
1,905
33,905
10,906
13,907
21,908
7,910
37,910
45,910
43,912
11,913
2,914
23,914
3,915
12,915
2,916
16,916
32,917
39,917
54,917
14,918
59,918
43,920
42,922
24,923
38,924
50,926
22,928
10,929
33,929
46,929
42,930
56,930
60,931
58,931
56,933
60,934
6,934
47,935
43,936
18,937
26,940
23,941
57,941
40,942
6,943
9,943
17,944
23,944
42,944
11,948
40,949
26,950
53,950
8,952
60,953
8,953
8,954
15,954
43,956
33,959
36,960
49,960
21,961
11,962
31,962
36,965
21,966
33,966
35,966
54,967
58,967
45,968
60,969
31,969
9,970
35,970
52,970
37,971
3,972
16,972
28,973
13,975
39,975
40,976
7,978
31,978
1,979
2,980
58,981
1,982
28,982
45,982
50,982
2,985
9,985
1,986
4,986
43,986
2,987
50,987
22,988
20,989
44,989
6,990
58,990
9,991
38,991
59,991
10,992
28,992
56,992
28,993
35,993
54,996
38,998
50,998
7,999
12,999
1,1000
59,1000
1,1001
40,1001
2,1002
26,1004
57,1004
58,1004
42,1005
57,1005
3,1006
5,1006
2,1007
4,1008
1,1009
11,1009
2,1011
51,1011
19,1012
48,1013
36,1014
51,1015
32,1016
45,1016
49,1016
4,1017
20,1019
20,1020
34,1021
40,1023
49,1024
59,1024
55,1027
27,1028
43,1028
27,1030
1,1031
5,1034
44,1034
54,1034
7,1035
1,1036
7,1036
2,1037
11,1037
36,1037
47,1037
2,1038
58,1038
1,1039
58,1039
2,1040
36,1040
48,1040
50,1040
23,1045
41,1046
7,1047
31,1048
23,1049
6,1051
34,1051
6,1052
41,1053
60,1054
35,1054
20,1057
26,1057
43,1057
43,1058
31,1059
35,1059
11,1060
16,1060
14,1061
53,1061
15,1063
36,1064
4,1065
17,1065
26,1065
25,1068
34,1068
39,1068
23,1069
44,1070
57,1070
59,1071
54,1072
7,1073
14,1075
22,1076
4,1077
20,1077
40,1077
50,1077
7,1078
21,1078
45,1078
48,1078
56,1079
37,1080
26,1081
29,1081
40,1082
48,1082
28,1083
8,1085
32,1085
41,1085
6,1086
25,1086
34,1086
41,1086
10,1088
22,1088
33,1089
20,1090
60,1091
5,1092
10,1092
60,1093
43,1093
47,1093
35,1094
42,1094
44,1094
3,1095
31,1095
58,1096
50,1098
56,1098
23,1100
27,1100
20,1102
23,1102
34,1103
19,1104
51,1104
60,1105
20,1105
10,1107
12,1109
33,1112
54,1113
33,1114
33,1115
56,1116
7,1119
8,1119
57,1120
24,1121
25,1122
31,1122
53,1122
29,1123
39,1123
54,1123
11,1124
35,1127
12,1128
45,1128
60,1129
8,1129
10,1129
34,1129
59,1129
38,1132
58,1132
23,1136
43,1136
8,1137
60,1138
3,1138
1,1139
7,1139
52,1139
1,1140
30,1140
53,1140
8,1141
21,1141
45,1141
2,1142
2,1143
24,1143
51,1144
1,1145
9,1145
43,1145
48,1146
53,1146
60,1147
2,1147
25,1147
29,1147
34,1147
58,1147
16,1149
35,1150
39,1150
12,1152
37,1152
16,1155
25,1155
40,1155
25,1156
38,1156
35,1158
57,1158
29,1161
39,1161
3,1162
19,1162
40,1162
36,1163
46,1163
55,1164
41,1165
46,1165
21,1166
8,1167
48,1168
60,1169
43,1171
50,1171
15,1172
16,1172
24,1173
20,1174
45,1174
52,1175
24,1176
30,1177
57,1177
11,1178
26,1179
56,1179
25,1180
47,1180
5,1181
47,1184
9,1185
12,1185
29,1185
34,1187
35,1187
36,1187
58,1187
3,1188
10,1189
24,1189
37,1189
56,1189
35,1195
14,1196
39,1196
56,1196
10,1197
32,1197
15,1198
24,1199
22,1200
35,1200
11,1201
50,1201
17,1203
52,1203
7,1204
44,1205
55,1205
11,1207
41,1208
46,1208
60,1209
42,1210
47,1211
19,1212
34,1212
38,1212
54,1212
56,1213
13,1214
30,1215
55,1215
42,1216
4,1217
20,1217
55,1217
35,1219
29,1220
16,1222
21,1222
35,1222
7,1224
33,1224
35,1226
29,1229
38,1229
14,1231
1,1232
6,1232
58,1232
2,1233
38,1233
4,1234
11,1234
57,1234
1,1235
59,1235
9,1236
43,1237
51,1237
2,1238
4,1238
51,1238
1,1240
40,1240
16,1241
23,1241
23,1242
31,1243
47,1243
2,1244
37,1244
11,1245
20,1247
23,1249
51,1249
7,1250
5,1252
37,1252
13,1253
12,1255
42,1255
17,1257
38,1257
53,1257
34,1258
4,1259
19,1259
49,1260
48,1261
53,1261
56,1261
57,1261
32,1262
48,1262
39,1263
34,1264
35,1264
54,1264
45,1269
53,1269
28,1270
8,1271
22,1271
46,1272
54,1272
16,1275
5,1277
22,1277
8,1278
33,1278
25,1279
7,1281
41,1282
38,1284
13,1286
59,1287
8,1288
24,1288
27,1289
34,1290
34,1291
36,1292
53,1292
22,1293
40,1293
29,1294
11,1295
26,1295
52,1296
17,1297
28,1298
56,1298
6,1301
13,1301
41,1301
9,1303
34,1303
3,1304
20,1304
59,1304
33,1305
36,1305
9,1307
32,1307
60,1308
26,1308
40,1308
59,1308
18,1311
25,1311
48,1312
13,1313
17,1313
34,1314
31,1315
3,1317
25,1317
38,1318
47,1318
15,1319
30,1319
36,1319
1,1320
18,1320
31,1320
2,1321
48,1321
32,1322
1,1323
16,1323
50,1323
55,1323
1,1326
2,1328
23,1328
2,1329
22,1329
60,1330
19,1331
42,1331
25,1332
23,1334
19,1336
6,1339
13,1339
25,1339
10,1341
57,1341
12,1342
49,1342
50,1342
55,1342
8,1343
46,1343
53,1343
5,1345
49,1345
55,1346
2,1347
26,1347
45,1347
57,1350
14,1351
43,1351
6,1352
48,1353
54,1353
58,1353
16,1354
16,1355
27,1355
31,1355
44,1355
51,1356
14,1357
11,1358
15,1358
28,1358
55,1358
57,1358
34,1360
39,1360
9,1361
32,1361
36,1361
55,1363
3,1365
7,1365
45,1365
57,1365
29,1367
9,1368
37,1368
22,1371
35,1371
16,1375
48,1375
49,1376
19,1377
7,1378
35,1378
24,1379
28,1379
47,1380
60,1381
57,1381
26,1382
40,1382
41,1383
44,1383
35,1385
48,1386
7,1387
35,1387
5,1388
35,1389
45,1389
47,1389
27,1390
41,1390
52,1390
10,1392
21,1392
33,1392
9,1395
10,1397
22,1399
39,1399
7,1400
19,1400
54,1401
22,1402
42,1404
7,1405
55,1406
48,1409
10,1410
32,1411
27,1412
5,1413
32,1413
33,1414
16,1415
28,1415
40,1415
13,1417
47,1417
32,1418
43,1418
47,1419
31,1421
6,1422
9,1422
7,1423
41,1423
58,1423
52,1424
53,1424
58,1424
40,1425
9,1426
36,1427
40,1428
8,1429
39,1429
19,1430
41,1430
33,1432
48,1432
51,1432
50,1434
22,1435
57,1437
35,1438
43,1440
4,1444
58,1444
9,1445
32,1445
47,1447
43,1448
59,1448
49,1450
52,1450
35,1452
52,1452
6,1453
32,1455
56,1455
8,1456
40,1459
12,1461
30,1461
17,1462
58,1464
36,1465
52,1466
6,1468
36,1469
25,1470
29,1470
42,1470
15,1471
21,1472
31,1472
12,1474
29,1474
47,1474
20,1475
43,1475
15,1477
26,1478
52,1478
11,1479
7,1481
36,1484
32,1485
6,1486
28,1486
41,1486
55,1486
24,1487
6,1489
23,1489
42,1491
60,1493
43,1493
26,1497
38,1498
20,1499
12,1501
20,1502
22,1505
28,1506
46,1508
10,1509
35,1509
27,1510
32,1510
43,1510
53,1511
60,1512
35,1512
37,1512
48,1512
1,1513
56,1513
2,1514
21,1514
32,1514
57,1514
1,1516
1,1517
36,1517
18,1518
2,1519
40,1520
54,1520
51,1521
57,1522
11,1523
2,1524
21,1524
40,1524
25,1526
14,1528
31,1528
37,1528
50,1528
32,1529
48,1529
18,1530
54,1530
41,1531
48,1531
11,1532
54,1533
50,1534
51,1534
10,1535
57,1538
13,1539
38,1542
58,1544
29,1545
8,1546
26,1546
58,1546
59,1546
10,1548
17,1548
57,1548
23,1550
48,1554
49,1554
53,1556
31,1557
23,1559
14,1561
18,1561
50,1563
54,1563
43,1564
29,1566
31,1566
56,1566
32,1567
20,1568
23,1568
58,1569
1,1570
38,1570
2,1572
53,1573
28,1574
1,1575
49,1575
22,1576
4,1578
44,1578
2,1579
29,1579
1,1581
28,1581
2,1582
43,1583
36,1584
23,1586
49,1587
17,1588
52,1589
16,1590
3,1591
38,1591
43,1592
20,1594
32,1594
38,1594
40,1594
1,1595
2,1596
46,1596
5,1597
1,1599
1,1600
28,1600
2,1601
19,1601
42,1601
44,1601
2,1603
6,1603
60,1604
32,1606
9,1608
26,1608
33,1609
60,1611
3,1611
9,1611
7,1613
27,1615
25,1616
54,1617
16,1619
1,1620
59,1620
2,1622
1,1623
23,1623
42,1623
1,1624
5,1624
7,1624
51,1624
2,1626
24,1626
7,1628
29,1628
2,1629
24,1631
41,1631
14,1635
19,1637
22,1637
34,1638
16,1639
5,1640
16,1642
12,1643
49,1643
55,1643
52,1644
45,1645
60,1649
42,1649
44,1649
46,1650
53,1650
1,1652
25,1652
1,1653
24,1653
57,1653
2,1654
38,1654
2,1655
1,1656
49,1657
58,1657
2,1658
54,1660
43,1662
56,1662
8,1663
10,1663
15,1664
48,1664
58,1664
5,1665
28,1665
54,1665
4,1666
14,1666
35,1666
47,1667
54,1667
3,1668
31,1668
54,1669
12,1670
57,1670
1,1671
27,1671
1,1672
6,1672
20,1672
48,1672
44,1674
2,1675
4,1675
2,1676
22,1676
3,1677
9,1677
1,1678
33,1679
51,1680
2,1682
21,1682
23,1682
39,1683
22,1684
38,1690
42,1690
43,1691
30,1693
45,1693
44,1694
46,1694
40,1696
58,1696
18,1697
26,1697
53,1699
34,1700
42,1702
55,1702
24,1703
25,1703
23,1707
45,1708
14,1709
41,1711
5,1713
10,1713
15,1716
18,1716
7,1717
36,1717
6,1719
31,1719
47,1720
21,1721
46,1721
32,1723
42,1725
36,1727
37,1728
46,1729
53,1729
14,1731
39,1731
54,1732
32,1734
29,1735
45,1735
12,1736
18,1739
1,1740
39,1740
52,1740
1,1741
38,1741
14,1742
17,1742
31,1742
19,1743
30,1743
2,1745
4,1745
41,1745
51,1745
1,1746
23,1746
6,1748
14,1748
2,1749
2,1750
50,1750
17,1752
38,1754
24,1757
6,1758
23,1758
33,1758
43,1758
26,1760
45,1761
52,1761
48,1763
49,1763
7,1766
13,1766
11,1767
43,1767
17,1768
57,1768
37,1769
13,1771
7,1772
32,1772
11,1773
30,1773
48,1773
20,1777
21,1778
60,1779
27,1779
42,1779
49,1779
18,1780
18,1783
51,1784
60,1785
7,1785
17,1785
27,1785
36,1785
60,1786
14,1788
20,1788
27,1788
40,1789
33,1792
57,1793
27,1794
34,1794
47,1794
37,1795
38,1795
7,1796
13,1797
53,1797
9,1798
45,1799
49,1800
21,1801
27,1801
41,1801
55,1801
56,1801
48,1803
48,1806
33,1807
24,1809
55,1809
4,1810
35,1810
1,1811
38,1813
2,1814
29,1814
48,1815
7,1816
1,1817
52,1817
5,1818
15,1818
2,1820
15,1820
53,1820
58,1820
51,1821
1,1822
9,1823
28,1823
53,1824
4,1825
41,1825
48,1825
46,1826
2,1827
43,1827
33,1828
4,1829
23,1830
25,1830
40,1832
30,1833
21,1834
39,1835
57,1835
14,1836
31,1836
6,1837
29,1837
5,1841
10,1841
60,1843
1,1843
1,1844
8,1844
2,1846
14,1847
4,1850
15,1850
23,1850
24,1850
2,1851
9,1851
24,1851
60,1852
4,1852
1,1853
26,1853
34,1855
54,1855
2,1856
42,1856
55,1857
21,1858
51,1858
15,1861
24,1861
11,1862
13,1863
42,1863
48,1863
1,1864
14,1864
25,1864
29,1864
36,1864
37,1864
2,1865
46,1865
55,1865
1,1866
7,1866
5,1867
2,1868
49,1868
59,1868
1,1869
7,1869
58,1869
2,1870
59,1871
23,1872
54,1872
29,1873
9,1874
42,1874
11,1876
17,1876
57,1876
27,1877
20,1878
27,1878
50,1879
32,1880
40,1880
57,1880
29,1881
47,1881
36,1882
54,1882
17,1883
31,1883
38,1883
1,1885
15,1885
1,1886
27,1886
2,1887
2,1888
29,1888
52,1889
11,1890
21,1891
30,1891
54,1891
59,1891
18,1892
44,1892
51,1893
54,1894
60,1895
13,1895
1,1896
2,1897
23,1897
51,1897
53,1897
54,1898
10,1899
60,1900
19,1902
26,1902
47,1903
3,1905
45,1905
55,1906
60,1908
20,1911
34,1911
18,1912
6,1913
45,1913
55,1913
42,1914
48,1915
34,1916
38,1916
50,1916
12,1918
17,1918
41,1921
48,1921
9,1922
14,1923
29,1923
30,1924
40,1924
6,1927
12,1930
38,1930
7,1931
54,1931
40,1932
60,1934
14,1934
20,1934
46,1934
4,1936
6,1936
16,1936
32,1937
6,1941
34,1941
20,1942
35,1942
20,1943
5,1944
18,1945
58,1947
3,1949
43,1949
37,1950
38,1950
37,1951
16,1952
26,1952
29,1952
47,1953
50,1953
18,1954
5,1955
37,1958
4,1959
20,1959
48,1959
59,1959
17,1962
54,1962
16,1963
12,1964
5,1965
58,1966
5,1968
53,1968
55,1968
8,1969
12,1970
21,1970
44,1970
3,1971
20,1971
9,1972
27,1976
12,1977
30,1978
46,1981
21,1983
46,1983
39,1984
54,1984
1,1985
37,1985
56,1987
6,1988
35,1988
1,1989
51,1989
2,1991
30,1991
41,1991
60,1992
2,1992
24,1993
1,1994
9,1994
11,1995
14,1996
41,1996
2,1997
10,1999
29,1999
53,1999
57,1999
24,2000
16,2001
56,2001
22,2002
41,2002
12,2003
15,2003
51,2004
27,2005
55,2005
9,2006
10,2006
18,2006
25,2007
7,2009
27,2009
51,2009
33,2011
56,2011
51,2012
17,2014
34,2014
15,2016
49,2017
55,2018
17,2019
39,2019
48,2020
17,2021
20,2021
23,2021
32,2021
40,2021
40,2024
33,2026
59,2029
60,2030
13,2031
32,2032
48,2032
3,2033
26,2033
4,2034
50,2035
6,2038
20,2039
9,2040
19,2040
54,2040
4,2041
60,2042
30,2044
13,2045
41,2045
36,2046
6,2047
30,2047
24,2048
21,2049
22,2049
19,2050
10,2051
32,2051
47,2051
15,2053
34,2053
5,2054
33,2055
34,2055
3,2058
27,2060
50,2061
33,2063
14,2067
49,2067
16,2068
19,2068
59,2069
35,2071
20,2072
24,2072
44,2072
56,2075
23,2078
52,2080
30,2081
42,2081
48,2082
36,2083
22,2086
5,2087
29,2087
41,2088
14,2089
19,2089
25,2089
15,2090
53,2090
20,2091
32,2091
53,2091
33,2092
39,2092
21,2093
46,2094
37,2095
13,2097
33,2097
41,2098
52,2099
56,2101
32,2102
38,2102
49,2102
26,2103
58,2104
46,2105
41,2106
47,2106
45,2107
11,2109
28,2110
42,2111
27,2114
7,2115
53,2115
3,2116
42,2118
43,2118
59,2118
42,2119
1,2120
18,2120
22,2120
2,2121
36,2121
27,2122
41,2122
1,2123
58,2123
2,2124
25,2124
27,2124
46,2124
30,2126
1,2127
9,2127
57,2127
2,2128
33,2128
31,2131
59,2131
50,2132
25,2134
12,2136
26,2136
46,2136
41,2137
54,2138
4,2139
13,2139
19,2139
42,2140
52,2140
26,2141
37,2141
21,2142
34,2142
2,2143
30,2145
20,2148
34,2148
15,2149
3,2151
12,2151
19,2151
41,2151
4,2152
47,2153
46,2154
34,2155
1,2156
8,2156
25,2157
1,2158
24,2159
20,2160
26,2160
37,2160
53,2160
57,2160
2,2161
16,2161
2,2162
24,2162
1,2163
10,2163
47,2163
2,2164
6,2164
59,2164
18,2167
21,2167
23,2167
32,2167
56,2167
52,2168
37,2169
7,2170
45,2172
57,2173
21,2174
51,2175
55,2175
59,2175
26,2177
18,2180
35,2180
50,2180
27,2181
2,2183
17,2183
43,2184
20,2185
24,2185
48,2185
51,2187
7,2188
3,2192
38,2192
54,2194
56,2194
7,2195
34,2195
14,2196
31,2196
46,2196
20,2197
32,2198
52,2198
58,2198
5,2199
33,2199
37,2199
47,2200
5,2202
36,2203
57,2203
29,2204
49,2204
7,2205
16,2206
19,2206
8,2207
31,2207
9,2208
15,2208
33,2208
35,2209
24,2210
35,2211
48,2211
26,2212
14,2213
49,2213
9,2214
39,2218
9,2220
9,2221
23,2222
58,2222
42,2224
5,2225
10,2225
18,2225
26,2225
12,2226
15,2226
46,2226
50,2227
42,2230
10,2231
52,2231
47,2233
60,2234
28,2234
37,2235
40,2236
50,2237
51,2237
10,2239
10,2240
47,2240
33,2242
14,2243
19,2243
23,2243
42,2243
49,2243
4,2246
20,2246
30,2246
38,2246
45,2247
19,2249
45,2249
3,2251
10,2252
16,2253
59,2253
24,2254
40,2254
29,2255
57,2256
15,2257
17,2258
47,2258
40,2260
37,2261
27,2262
27,2263
28,2263
36,2263
7,2266
1,2267
6,2267
20,2267
50,2267
38,2268
1,2270
46,2270
47,2270
2,2271
40,2271
2,2272
30,2272
25,2273
1,2275
37,2276
49,2276
2,2277
15,2277
20,2280
27,2280
14,2281
53,2282
51,2283
8,2285
26,2287
9,2288
18,2288
35,2289
9,2290
56,2290
1,2292
24,2292
34,2292
1,2293
38,2293
52,2293
12,2294
29,2294
2,2295
30,2295
40,2295
56,2295
1,2296
2,2297
22,2297
44,2297
2,2298
53,2298
41,2299
26,2304
26,2305
46,2305
36,2307
42,2307
11,2308
12,2308
34,2309
8,2310
21,2311
24,2311
33,2312
1,2313
17,2315
19,2316
48,2316
49,2316
6,2317
7,2320
20,2320
57,2321
14,2322
48,2322
14,2323
36,2324
32,2325
55,2325
57,2325
49,2327
7,2328
24,2328
6,2329
39,2329
11,2330
15,2332
44,2334
51,2334
55,2334
11,2335
3,2336
13,2338
12,2339
27,2339
1,2340
13,2340
32,2340
28,2341
33,2341
6,2342
8,2342
55,2342
57,2342
49,2343
59,2343
15,2344
45,2345
15,2346
2,2347
23,2347
1,2348
14,2349
43,2349
5,2350
45,2350
2,2352
59,2352
1,2353
28,2353
2,2354
8,2354
18,2354
43,2356
46,2358
36,2360
23,2361
21,2362
40,2362
57,2362
31,2364
59,2366
7,2368
25,2368
41,2368
29,2369
51,2369
53,2369
50,2370
50,2371
30,2372
53,2372
24,2375
10,2376
19,2376
56,2376
5,2377
38,2377
44,2378
8,2382
41,2382
55,2383
32,2385
1,2386
15,2386
2,2387
8,2387
17,2387
40,2387
49,2387
1,2388
39,2388
2,2389
11,2390
51,2390
1,2391
48,2391
2,2392
40,2396
45,2397
49,2397
25,2398
25,2399
32,2399
45,2399
4,2401
17,2403
44,2403
45,2403
34,2405
56,2405
4,2406
50,2406
21,2407
58,2408
58,2412
44,2413
57,2414
7,2415
14,2415
44,2415
7,2418
53,2418
51,2419
14,2420
19,2420
36,2420
56,2420
18,2423
23,2426
52,2426
32,2427
31,2429
57,2429
22,2431
38,2431
49,2433
50,2433
33,2434
45,2434
56,2434
19,2438
37,2438
3,2444
51,2446
22,2447
34,2447
18,2448
13,2450
16,2450
5,2451
27,2452
47,2452
3,2453
12,2453
14,2456
38,2456
27,2457
30,2457
36,2457
50,2458
24,2460
53,2460
55,2462
26,2463
51,2463
16,2464
36,2465
48,2466
51,2466
18,2467
1,2469
18,2469
1,2471
4,2471
9,2471
28,2471
33,2471
46,2471
9,2472
2,2473
1,2474
11,2474
30,2475
37,2476
56,2476
2,2478
3,2478
2,2479
27,2479
40,2479
45,2480
4,2481
6,2481
55,2482
46,2483
45,2484
46,2484
54,2486
36,2488
31,2490
49,2491
33,2492
30,2495
28,2496
54,2496
37,2497
54,2497
5,2499
25,2499
49,2500
56,2500
39,2501
58,2501
37,2502
59,2502
58,2504
2,2505
20,2505
1,2506
28,2506
46,2506
47,2506
1,2507
22,2507
2,2508
38,2508
2,2509
12,2509
46,2510
1,2511
2,2512
14,2512
22,2512
24,2513
34,2513
44,2513
5,2515
53,2515
13,2518
52,2518
7,2519
46,2519
30,2520
33,2520
34,2521
50,2521
59,2522
19,2524
1,2525
48,2525
1,2526
2,2527
41,2527
50,2527
24,2528
42,2528
2,2529
8,2529
1,2531
9,2531
16,2531
2,2532
43,2533
52,2533
58,2533
28,2536
53,2538
2,2539
38,2539
7,2540
31,2540
3,2541
58,2541
19,2542
5,2543
36,2543
25,2544
54,2544
46,2545
32,2547
7,2548
10,2548
19,2549
53,2550
28,2551
35,2551
40,2552
12,2553
49,2556
32,2557
41,2557
48,2558
32,2560
5,2562
25,2562
32,2562
44,2562
51,2563
6,2565
59,2565
28,2566
25,2567
27,2567
51,2567
3,2569
21,2569
42,2569
58,2570
48,2572
49,2572
47,2573
13,2574
18,2575
38,2575
32,2576
53,2576
10,2577
9,2580
22,2580
14,2582
32,2582
52,2582
59,2582
7,2583
10,2585
38,2585
56,2586
8,2587
23,2587
54,2589
19,2590
29,2592
50,2592
52,2592
36,2594
42,2594
32,2595
56,2595
57,2595
4,2596
5,2599
24,2602
58,2603
17,2604
19,2605
38,2605
8,2606
22,2607
24,2610
15,2611
39,2612
58,2613
42,2614
1,2615
39,2615
58,2615
36,2617
2,2618
20,2618
48,2618
1,2619
29,2619
2,2620
14,2620
44,2622
1,2623
54,2623
56,2623
2,2624
27,2627
27,2628
43,2628
47,2629
53,2629
57,2629
47,2630
13,2631
46,2632
10,2633
40,2634
50,2634
4,2635
24,2636
10,2637
12,2637
13,2637
24,2637
45,2638
56,2638
60,2639
7,2639
52,2640
15,2641
45,2641
1,2643
5,2643
10,2644
33,2645
15,2647
55,2647
13,2648
28,2648
45,2649
17,2650
44,2650
60,2651
39,2651
25,2652
39,2653
46,2653
6,2654
14,2654
22,2655
18,2658
33,2659
26,2660
7,2661
19,2661
22,2661
24,2664
54,2665
48,2666
13,2667
30,2668
16,2669
54,2670
12,2671
14,2671
15,2671
21,2672
38,2672
13,2674
38,2674
15,2675
20,2675
48,2675
10,2676
36,2676
28,2677
43,2677
28,2678
4,2679
24,2679
27,2679
57,2679
13,2682
23,2683
31,2684
54,2684
50,2685
8,2687
12,2687
15,2687
14,2688
29,2691
60,2692
13,2692
15,2692
20,2692
39,2692
48,2693
37,2694
39,2694
21,2696
23,2696
4,2697
38,2698
33,2699
55,2701
3,2704
59,2704
8,2707
33,2707
14,2708
49,2708
36,2709
52,2709
19,2710
25,2710
17,2711
30,2711
43,2711
58,2711
56,2712
7,2713
15,2713
35,2713
22,2715
17,2716
49,2716
24,2717
9,2719
51,2720
39,2722
21,2724
4,2726
8,2726
33,2726
1,2727
2,2728
15,2728
52,2728
25,2729
5,2730
7,2731
11,2731
1,2732
1,2733
2,2734
5,2734
6,2734
9,2734
16,2734
2,2736
14,2737
37,2738
43,2738
59,2739
1,2740
4,2740
1,2741
16,2741
33,2741
24,2742
2,2743
34,2743
35,2743
37,2743
2,2744
11,2744
1,2745
59,2746
45,2748
36,2749
2,2750
14,2750
18,2750
30,2750
10,2751
55,2752
5,2753
60,2754
36,2754
47,2754
27,2756
40,2757
55,2757
24,2758
35,2759
40,2761
3,2763
26,2763
37,2764
42,2764
3,2766
27,2767
59,2769
43,2770
16,2772
18,2772
47,2772
9,2773
14,2773
23,2773
55,2773
21,2774
51,2774
18,2775
34,2776
44,2776
36,2780
55,2780
41,2782
11,2784
31,2784
30,2785
5,2788
43,2788
11,2792
15,2792
45,2792
19,2794
56,2794
10,2796
17,2797
45,2798
5,2799
54,2801
46,2802
49,2802
54,2802
18,2804
54,2804
1,2805
27,2805
31,2806
23,2808
32,2808
44,2808
55,2812
18,2813
21,2813
12,2814
15,2814
27,2815
22,2817
56,2817
56,2818
9,2819
43,2819
8,2820
21,2820
30,2820
31,2820
4,2821
60,2822
1,2822
19,2822
47,2822
2,2824
28,2824
32,2824
1,2825
31,2826
47,2826
2,2827
11,2827
1,2828
31,2828
2,2829
55,2829
7,2832
33,2832
50,2832
57,2832
10,2833
53,2835
54,2836
53,2837
7,2840
24,2840
5,2844
51,2844
24,2845
23,2846
15,2849
12,2850
18,2850
25,2850
31,2850
41,2850
48,2851
39,2853
45,2853
42,2854
43,2854
52,2855
11,2856
19,2856
17,2857
57,2857
59,2857
14,2858
11,2859
27,2859
59,2860
40,2862
60,2863
49,2863
40,2865
23,2866
49,2869
22,2870
7,2871
40,2871
43,2871
44,2872
29,2874
36,2874
54,2874
30,2875
1,2876
2,2877
1,2878
22,2878
29,2880
2,2881
37,2881
26,2882
23,2885
1,2886
2,2887
11,2887
36,2887
37,2887
38,2887
49,2887
31,2888
7,2889
10,2889
27,2889
23,2890
54,2891
23,2892
12,2893
48,2894
59,2895
39,2896
52,2896
60,2897
14,2897
40,2898
47,2898
58,2898
35,2900
51,2903
52,2903
27,2904
52,2904
25,2905
45,2905
33,2907
40,2908
13,2911
31,2911
8,2912
26,2912
18,2914
19,2915
10,2916
11,2916
52,2918
17,2919
25,2919
39,2920
24,2924
32,2926
22,2927
29,2927
31,2927
13,2929
47,2929
49,2929
56,2930
13,2932
56,2932
57,2932
46,2933
5,2934
12,2934
58,2934
21,2936
40,2937
18,2938
59,2938
1,2939
43,2939
1,2940
19,2940
37,2940
16,2941
18,2941
32,2942
2,2943
1,2944
11,2944
53,2945
2,2946
13,2946
23,2946
41,2946
14,2948
2,2949
7,2950
8,2951
15,2951
23,2951
37,2951
1,2955
28,2955
47,2955
17,2956
38,2956
5,2957
45,2957
19,2958
28,2959
21,2960
18,2962
55,2964
11,2965
31,2968
10,2971
38,2971
44,2971
15,2972
56,2973
8,2974
6,2975
40,2975
6,2978
11,2978
15,2978
18,2978
6,2979
48,2979
25,2980
22,2981
33,2983
54,2983
47,2984
51,2984
42,2986
20,2988
24,2990
46,2990
59,2990
15,2991
3,2992
26,2992
52,2994
56,2995
46,2996
16,2997
46,2997
33,2998
44,2999
41,3000
22,3004
13,3005
48,3005
4,3006
7,3006
37,3006
49,3007
19,3008
35,3008
31,3010
38,3011
15,3012
58,3013
45,3014
19,3017
51,3017
16,3019
20,3021
28,3021
10,3022
53,3022
25,3025
28,3025
42,3025
4,3026
24,3026
1,3027
50,3027
2,3028
45,3029
7,3032
29,3034
34,3034
37,3034
43,3035
53,3035
24,3036
29,3036
38,3036
1,3037
10,3037
20,3038
17,3039
40,3039
2,3040
25,3041
31,3041
1,3042
2,3043
41,3044
21,3045
16,3049
46,3051
14,3052
46,3053
23,3054
31,3054
36,3054
1,3055
33,3055
36,3055
53,3055
3,3056
3,3057
3,3058
33,3059
52,3060
16,3062
24,3062
23,3063
53,3065
50,3066
52,3066
55,3066
26,3067
5,3069
21,3069
23,3069
41,3069
13,3070
54,3070
5,3071
13,3071
3,3072
44,3074
30,3075
50,3077
51,3077
4,3078
60,3079
30,3079
42,3079
59,3080
9,3083
49,3083
25,3084
6,3086
48,3086
53,3086
15,3090
59,3090
35,3091
7,3092
49,3092
42,3093
15,3094
17,3095
44,3095
35,3097
55,3097
3,3098
22,3098
52,3098
9,3101
36,3102
22,3110
25,3112
47,3112
12,3113
43,3113
55,3113
12,3115
26,3115
47,3115
17,3116
27,3116
7,3118
48,3119
35,3121
15,3122
23,3125
26,3125
54,3126
17,3127
28,3127
1,3128
20,3128
23,3129
46,3129
10,3130
23,3132
49,3134
52,3136
1,3137
54,3137
17,3139
1,3140
41,3140
2,3141
35,3142
36,3142
55,3142
1,3143
25,3143
2,3144
8,3145
29,3145
2,3146
19,3146
29,3146
11,3147
16,3147
24,3148
3,3149
9,3150
10,3151
34,3151
14,3152
50,3152
39,3153
19,3157
41,3159
54,3159
48,3160
43,3161
37,3164
43,3164
33,3167
42,3167
9,3168
42,3168
48,3168
34,3172
29,3174
51,3174
58,3174
39,3175
15,3176
17,3178
32,3178
1,3180
1,3181
45,3181
4,3182
20,3184
18,3185
54,3185
2,3186
4,3186
2,3188
7,3189
44,3189
1,3190
38,3191
2,3192
34,3192
44,3193
6,3194
36,3194
16,3195
22,3196
59,3196
22,3200
35,3201
38,3201
24,3202
36,3202
8,3203
19,3204
10,3206
30,3206
59,3207
18,3210
25,3211
7,3212
12,3213
20,3213
25,3213
29,3213
33,3213
7,3214
17,3214
9,3216
14,3216
10,3217
7,3219
3,3220
6,3220
36,3221
31,3222
12,3223
34,3223
44,3223
26,3224
49,3225
28,3226
1,3227
23,3227
57,3227
12,3229
34,3229
49,3229
52,3229
44,3231
17,3233
21,3234
54,3234
25,3235
15,3237
51,3238
55,3238
22,3239
24,3240
49,3240
42,3241
49,3243
15,3244
20,3246
45,3246
51,3246
53,3246
1,3247
59,3247
2,3248
23,3249
43,3249
59,3249
33,3250
58,3250
33,3252
38,3252
1,3253
30,3253
32,3253
35,3254
1,3256
6,3256
34,3256
14,3257
15,3257
2,3258
2,3259
49,3259
33,3260
39,3261
48,3261
1,3262
15,3262
2,3263
3,3264
28,3266
1,3267
1,3268
47,3268
2,3269
17,3269
27,3269
56,3269
33,3270
30,3271
2,3272
6,3272
8,3272
13,3272
55,3272
4,3273
58,3273
3,3274
41,3274
58,3274
33,3275
8,3276
22,3276
28,3277
13,3278
52,3279
37,3280
21,3281
3,3282
50,3282
43,3284
45,3285
22,3286
51,3286
3,3287
45,3287
32,3288
7,3289
20,3289
47,3290
48,3290
49,3290
29,3291
54,3292
43,3294
35,3295
33,3296
45,3296
46,3296
3,3297
11,3298
45,3299
23,3300
39,3300
40,3301
28,3302
58,3303
11,3304
21,3304
51,3304
54,3305
22,3308
26,3308
44,3308
56,3309
27,3310
60,3311
23,3312
46,3312
6,3313
55,3313
4,3316
41,3316
47,3317
54,3318
13,3319
47,3319
1,3320
32,3321
2,3322
36,3323
1,3324
39,3324
1,3325
4,3325
17,3325
2,3326
13,3326
2,3328
20,3328
28,3329
41,3329
59,3331
18,3333
20,3333
23,3334
40,3334
18,3335
34,3337
43,3337
7,3338
34,3338
6,3339
39,3339
9,3340
26,3341
1,3342
2,3343
37,3343
45,3343
53,3343
17,3344
1,3345
1,3346
19,3346
50,3346
2,3347
52,3347
35,3348
2,3349
51,3349
10,3350
56,3350
58,3350
5,3353
4,3354
21,3354
32,3354
7,3355
9,3355
15,3355
42,3355
43,3355
18,3356
36,3356
40,3356
33,3357
50,3357
13,3359
7,3360
13,3360
34,3360
24,3361
29,3361
36,3361
20,3362
17,3363
27,3365
35,3365
7,3366
58,3366
35,3368
52,3368
55,3368
6,3369
17,3370
34,3370
12,3371
55,3371
8,3372
19,3372
14,3373
9,3374
54,3374
60,3377
34,3377
36,3377
59,3378
3,3379
54,3379
56,3380
33,3381
47,3381
20,3382
27,3382
47,3383
27,3385
53,3385
17,3386
20,3386
17,3387
28,3387
51,3388
29,3389
40,3389
44,3389
45,3389
56,3389
60,3390
5,3393
59,3393
36,3394
35,3395
13,3397
31,3397
33,3398
47,3398
28,3401
30,3401
12,3402
7,3403
17,3404
27,3404
51,3404
28,3405
39,3405
35,3406
57,3407
20,3409
21,3411
37,3411
49,3411
41,3412
47,3412
55,3412
10,3413
43,3413
48,3413
3,3414
47,3414
47,3417
29,3418
35,3419
36,3419
12,3421
42,3422
17,3423
44,3424
15,3425
49,3425
18,3426
34,3426
39,3426
31,3428
34,3428
14,3429
57,3429
5,3430
36,3430
57,3430
26,3431
60,3432
60,3433
20,3433
44,3433
26,3434
37,3434
13,3435
39,3435
47,3435
45,3438
52,3438
23,3439
44,3440
53,3441
6,3443
31,3443
13,3445
12,3446
37,3446
19,3447
20,3449
41,3449
35,3450
3,3451
33,3451
14,3453
19,3453
38,3454
39,3454
50,3454
43,3457
23,3459
44,3460
26,3461
41,3461
21,3464
12,3468
1,3469
41,3469
3,3470
54,3470
56,3470
4,3472
44,3472
57,3472
4,3473
12,3474
20,3474
7,3476
31,3476
52,3476
1,3477
17,3477
33,3477
41,3477
25,3478
50,3478
1,3481
35,3481
11,3482
59,3482
10,3484
10,3485
37,3485
29,3486
49,3486
2,3487
4,3487
2,3488
43,3488
1,3489
26,3489
3,3490
19,3490
6,3491
25,3491
2,3492
39,3492
38,3493
45,3493
7,3494
28,3494
21,3497
40,3497
33,3499
52,3499
5,3500
37,3500
39,3500
59,3500
9,3501
37,3501
59,3502
20,3504
4,3505
6,3508
22,3508
45,3508
7,3510
8,3510
26,3510
32,3510
5,3512
6,3512
56,3514
17,3516
32,3519
34,3519
35,3519
44,3519
48,3520
34,3523
45,3523
33,3525
23,3528
36,3528
57,3528
10,3529
53,3529
7,3530
37,3530
48,3530
50,3530
51,3531
12,3532
40,3532
57,3533
38,3534
6,3535
13,3536
30,3537
31,3541
60,3544
18,3545
45,3547
35,3548
46,3548
39,3549
48,3549
58,3549
3,3550
16,3550
33,3550
34,3551
41,3551
12,3552
53,3552
31,3554
41,3554
45,3554
9,3555
53,3555
24,3556
29,3556
30,3556
35,3557
54,3557
22,3558
31,3559
39,3559
43,3559
1,3560
2,3561
7,3561
17,3561
1,3562
4,3562
43,3562
2,3565
51,3565
1,3566
58,3566
2,3568
20,3568
38,3568
55,3568
10,3569
10,3574
21,3575
45,3575
14,3577
42,3579
13,3580
27,3580
45,3580
11,3582
34,3582
58,3582
28,3583
35,3583
4,3584
20,3584
7,3585
22,3587
53,3587
44,3589
41,3592
11,3593
49,3593
59,3593
44,3594
12,3595
47,3595
56,3595
58,3595
59,3595
9,3597
40,3597
44,3598
7,3599
18,3599
27,3602
48,3602
47,3603
17,3604
23,3606
8,3608
37,3610
50,3610
11,3611
23,3611
36,3611
25,3612
48,3612
6,3614
16,3614
36,3615
48,3615
9,3616
8,3617
24,3617
50,3617
58,3617
60,3618
12,3618
50,3620
13,3621
57,3621
18,3622
37,3622
48,3622
39,3623
53,3623
3,3624
4,3626
57,3626
59,3626
45,3628
7,3629
52,3630
56,3630
5,3631
9,3631
14,3631
32,3631
53,3632
27,3633
4,3634
7,3634
10,3634
58,3634
43,3635
31,3639
31,3640
60,3642
40,3642
22,3644
44,3645
28,3646
13,3647
49,3647
41,3648
48,3648
52,3648
55,3648
4,3649
53,3650
8,3651
16,3651
19,3651
59,3652
37,3653
49,3653
55,3654
54,3655
5,3656
47,3656
56,3659
4,3661
35,3662
54,3664
30,3665
13,3667
31,3669
37,3669
60,3672
20,3672
23,3673
60,3675
44,3676
7,3677
36,3678
13,3679
40,3679
41,3679
38,3680
30,3681
59,3681
30,3682
29,3683
6,3684
29,3684
25,3685
35,3685
17,3686
21,3686
27,3687
44,3687
22,3688
9,3689
11,3689
51,3689
25,3692
31,3692
54,3692
14,3693
43,3693
11,3694
46,3695
55,3695
7,3697
49,3697
45,3698
26,3699
41,3699
50,3700
7,3702
22,3702
54,3703
15,3705
24,3705
11,3706
12,3706
22,3707
7,3708
36,3708
38,3708
40,3708
17,3709
5,3710
40,3710
46,3710
42,3711
33,3713
42,3713
41,3714
16,3715
7,3716
19,3717
23,3718
42,3718
11,3719
21,3719
32,3719
38,3719
4,3720
9,3720
12,3720
13,3720
18,3720
50,3720
13,3722
12,3724
56,3725
32,3726
33,3726
31,3727
15,3728
5,3729
18,3729
27,3729
39,3729
34,3732
56,3732
9,3733
55,3733
1,3735
54,3735
8,3736
45,3736
57,3736
55,3737
60,3738
1,3738
12,3738
56,3738
44,3739
38,3740
2,3741
2,3742
28,3742
32,3742
1,3745
26,3745
39,3746
41,3747
2,3748
57,3749
1,3750
14,3750
2,3751
56,3751
18,3752
1,3753
45,3753
25,3754
49,3754
2,3755
12,3755
54,3756
6,3757
1,3758
2,3760
60,3763
5,3765
13,3765
24,3767
36,3767
37,3768
58,3768
6,3769
45,3769
5,3772
10,3773
28,3773
40,3773
28,3774
26,3775
59,3775
8,3777
36,3777
27,3778
32,3778
27,3779
35,3779
46,3780
58,3782
1,3783
15,3783
1,3784
16,3784
48,3785
49,3785
52,3785
54,3785
2,3786
2,3787
35,3787
38,3787
1,3788
34,3788
40,3788
2,3789
17,3792
18,3792
57,3792
10,3793
41,3795
4,3797
27,3797
33,3797
42,3797
20,3800
43,3800
19,3801
39,3801
1,3808
1,3809
39,3809
49,3809
2,3811
18,3812
32,3812
2,3813
28,3813
37,3813
16,3814
41,3814
1,3815
16,3815
60,3816
26,3816
27,3816
29,3818
53,3819
8,3820
14,3820
2,3821
22,3821
32,3821
35,3821
25,3822
58,3822
60,3823
48,3823
34,3826
5,3828
60,3829
25,3831
34,3832
11,3834
5,3835
29,3835
50,3835
15,3836
16,3836
24,3837
13,3838
29,3838
35,3838
56,3838
6,3839
27,3839
51,3839
57,3839
46,3840
31,3841
34,3841
37,3841
49,3841
42,3842
11,3843
15,3843
8,3845
4,3847
15,3848
9,3849
26,3851
35,3851
59,3851
36,3852
14,3853
47,3854
19,3855
10,3856
7,3857
39,3860
23,3861
44,3861
29,3862
21,3865
45,3865
39,3866
16,3867
32,3868
45,3868
38,3869
17,3870
4,3871
6,3871
57,3871
7,3872
27,3872
57,3872
32,3873
34,3875
11,3876
45,3876
57,3878
22,3879
25,3879
26,3879
26,3880
54,3880
44,3882
60,3884
57,3884
1,3889
17,3890
24,3890
25,3890
26,3890
1,3892
35,3892
54,3892
5,3893
15,3895
33,3895
8,3896
1,3897
19,3897
28,3897
57,3897
2,3898
31,3898
56,3898
2,3899
55,3899
6,3900
1,3901
4,3901
58,3901
27,3902
51,3902
24,3903
34,3903
44,3903
2,3904
10,3904
39,3904
14,3905
11,3906
12,3906
14,3909
11,3910
55,3910
16,3911
47,3911
30,3912
52,3912
57,3912
58,3912
24,3914
46,3915
55,3915
57,3916
18,3919
57,3919
16,3920
28,3921
20,3922
57,3922
30,3923
32,3924
34,3924
35,3925
38,3925
22,3928
8,3929
19,3929
24,3930
5,3933
46,3933
57,3933
47,3934
30,3937
35,3937
9,3939
27,3940
49,3940
31,3941
58,3942
7,3944
43,3944
47,3944
45,3945
1,3946
19,3946
19,3947
45,3947
6,3948
24,3948
57,3948
38,3949
59,3949
20,3950
51,3951
39,3952
15,3953
53,3953
43,3956
39,3957
44,3957
20,3958
39,3959
23,3961
19,3962
58,3962
46,3963
25,3964
47,3964
52,3964
41,3965
42,3965
11,3966
14,3966
24,3967
54,3967
59,3967
31,3968
16,3970
27,3970
35,3970
25,3971
44,3971
8,3972
23,3972
48,3972
3,3973
30,3974
30,3975
26,3976
57,3976
34,3977
35,3978
11,3979
46,3980
16,3981
55,3982
32,3983
15,3984
10,3985
16,3985
31,3986
34,3987
27,3988
46,3988
35,3990
14,3994
45,3994
55,3994
55,3995
19,3997
27,3998
41,3998
59,3998
4,3999
56,3999
9,4000
11,4001
20,4001
27,4001
54,4002
35,4005
34,4006
59,4006
18,4007
34,4007
20,4009
1,4010
27,4010
16,4011
11,4012
57,4012
1,4013
45,4013
56,4014
2,4015
10,4016
2,4017
34,4017
58,4017
1,4018
2,4019
27,4019
48,4019
55,4020
24,4021
57,4021
31,4022
51,4023
11,4025
31,4025
34,4025
21,4027
45,4028
21,4030
33,4032
48,4032
12,4034
15,4034
21,4034
45,4034
28,4035
24,4038
29,4038
60,4039
6,4039
41,4040
56,4040
1,4041
51,4042
6,4043
32,4043
38,4043
1,4044
32,4044
57,4045
2,4046
2,4047
55,4047
1,4048
23,4049
2,4050
17,4050
52,4051
38,4052
5,4053
24,4053
25,4055
14,4056
23,4056
52,4058
4,4059
50,4059
60,4061
49,4062
23,4064
24,4064
58,4064
28,4065
7,4066
41,4067
1,4068
6,4068
1,4069
2,4070
49,4070
54,4070
1,4072
37,4072
44,4072
14,4073
2,4074
22,4074
49,4074
2,4075
10,4075
11,4077
21,4077
28,4079
30,4079
6,4080
34,4082
22,4083
27,4083
32,4083
13,4084
23,4084
18,4085
50,4085
24,4086
57,4086
18,4087
36,4087
22,4090
28,4093
48,4093
12,4094
13,4095
20,4095
38,4096
46,4098
36,4101
58,4104
36,4106
4,4110
27,4111
21,4112
49,4112
2,4113
25,4113
34,4113
7,4114
31,4114
19,4115
37,4115
50,4115
12,4119
17,4119
23,4119
7,4120
9,4121
20,4122
21,4122
25,4123
33,4124
39,4124
55,4124
11,4125
51,4125
32,4128
3,4130
52,4130
42,4131
5,4132
9,4132
21,4132
33,4132
30,4133
44,4133
60,4135
27,4135
42,4135
22,4136
57,4136
29,4137
32,4138
42,4140
55,4142
9,4143
45,4145
28,4146
35,4146
22,4147
35,4147
5,4148
7,4148
28,4149
36,4149
15,4154
50,4154
12,4155
50,4158
4,4159
38,4159
47,4159
49,4159
24,4160
22,4162
39,4163
59,4163
13,4164
50,4164
20,4166
54,4170
43,4171
3,4173
19,4174
55,4177
44,4178
21,4179
38,4179
54,4182
29,4184
47,4184
47,4186
3,4187
7,4187
41,4188
1,4190
45,4191
1,4192
34,4192
52,4192
55,4192
2,4193
46,4193
4,4194
51,4194
28,4195
19,4196
25,4196
41,4196
18,4197
23,4197
19,4198
1,4199
2,4201
5,4201
12,4201
22,4202
2,4203
11,4203
24,4203
25,4204
35,4204
57,4204
25,4205
5,4207
35,4207
32,4208
53,4208
50,4209
43,4210
18,4211
34,4211
26,4213
42,4214
57,4214
9,4215
23,4215
42,4215
4,4216
18,4216
60,4218
26,4222
13,4224
25,4224
23,4225
28,4225
3,4226
11,4226
52,4226
12,4227
3,4228
5,4229
26,4229
46,4229
41,4230
54,4230
25,4231
31,4232
46,4232
12,4233
4,4234
52,4235
9,4236
40,4238
48,4238
11,4241
12,4241
34,4242
47,4242
50,4242
19,4244
24,4244
11,4245
15,4245
53,4248
22,4249
55,4249
10,4250
59,4251
28,4252
39,4252
20,4253
41,4257
27,4258
50,4260
59,4260
27,4261
29,4262
9,4263
51,4263
57,4263
4,4264
16,4264
23,4264
27,4264
39,4264
27,4265
14,4266
26,4266
23,4268
42,4268
56,4268
1,4269
47,4269
11,4271
19,4271
5,4272
54,4272
5,4273
18,4274
41,4274
2,4276
25,4276
43,4276
29,4277
43,4277
58,4277
1,4278
15,4278
24,4278
1,4279
23,4279
27,4279
49,4281
2,4282
2,4283
49,4283
15,4284
35,4284
14,4287
55,4288
56,4288
25,4289
34,4289
29,4291
52,4292
25,4293
1,4294
2,4295
13,4295
15,4295
56,4295
1,4296
58,4296
1,4297
45,4297
49,4297
60,4298
6,4298
45,4298
48,4299
12,4300
2,4301
33,4301
41,4301
16,4302
21,4302
8,4303
38,4303
56,4303
2,4304
9,4305
13,4305
16,4307
46,4307
13,4309
15,4309
25,4309
54,4309
59,4309
15,4311
33,4312
3,4314
13,4314
19,4314
28,4314
4,4315
56,4315
19,4318
37,4318
57,4319
7,4320
10,4320
34,4321
47,4321
56,4321
26,4322
60,4323
38,4323
20,4328
53,4328
1,4329
28,4329
1,4330
2,4331
22,4333
3,4335
28,4335
49,4335
1,4336
14,4336
21,4336
9,4337
2,4338
55,4338
2,4339
11,4340
13,4340
28,4340
3,4341
33,4341
49,4341
56,4341
30,4342
55,4344
10,4345
10,4346
16,4347
21,4348
36,4348
39,4349
40,4349
17,4350
18,4350
26,4351
15,4352
33,4353
50,4354
3,4355
9,4355
10,4356
23,4356
37,4356
33,4357
40,4357
6,4359
3,4362
46,4363
5,4364
12,4364
47,4364
51,4364
26,4367
43,4367
59,4368
30,4370
16,4376
33,4377
38,4377
40,4377
16,4378
3,4379
57,4379
4,4380
15,4381
47,4382
39,4383
55,4383
42,4384
55,4384
44,4385
40,4386
15,4388
39,4388
9,4389
1,4390
55,4390
57,4390
29,4391
41,4391
59,4392
16,4393
17,4395
34,4396
54,4397
59,4398
44,4399
7,4401
32,4401
18,4403
38,4404
44,4404
49,4405
4,4407
34,4407
55,4407
42,4409
9,4410
36,4410
42,4410
32,4412
33,4414
43,4414
3,4415
8,4415
45,4415
7,4416
50,4416
53,4417
9,4419
23,4419
34,4419
1,4420
48,4420
11,4421
29,4421
43,4421
60,4423
45,4423
36,4424
23,4425
53,4427
1,4430
2,4432
6,4432
21,4433
28,4433
40,4433
48,4433
25,4438
1,4439
32,4439
11,4440
40,4440
1,4441
11,4441
20,4442
2,4443
17,4443
2,4444
5,4445
51,4445
35,4446
36,4446
2,4447
11,4448
38,4449
14,4450
3,4451
45,4451
49,4451
3,4452
7,4452
17,4452
24,4452
28,4453
33,4453
54,4453
14,4455
29,4455
6,4456
21,4456
10,4458
13,4459
30,4460
47,4460
41,4462
55,4463
54,4464
46,4465
58,4465
45,4466
58,4466
59,4466
1,4469
26,4469
29,4469
2,4470
56,4470
6,4471
41,4471
1,4472
28,4472
45,4473
13,4475
26,4475
28,4475
2,4476
49,4476
1,4477
7,4477
2,4478
3,4478
7,4480
22,4481
29,4481
29,4482
39,4483
48,4483
45,4484
59,4485
25,4486
15,4487
4,4488
38,4488
3,4489
6,4489
35,4489
48,4490
7,4491
14,4492
41,4492
14,4494
30,4494
60,4495
35,4495
42,4497
13,4499
28,4499
16,4500
37,4501
24,4503
57,4503
16,4504
37,4504
7,4505
8,4505
54,4505
44,4507
17,4508
22,4508
51,4508
58,4508
39,4509
37,4510
44,4512
3,4514
15,4515
5,4516
36,4518
37,4518
8,4519
44,4519
10,4520
60,4522
37,4525
52,4525
27,4526
33,4526
16,4527
37,4527
13,4529
46,4529
51,4530
42,4531
8,4532
12,4533
33,4533
35,4533
57,4533
59,4533
28,4535
35,4535
52,4535
58,4537
5,4538
56,4538
1,4540
38,4540
59,4540
2,4542
45,4542
8,4543
44,4543
1,4544
12,4544
10,4546
1,4547
18,4547
2,4548
5,4548
31,4548
2,4549
6,4549
31,4549
47,4549
7,4550
18,4550
19,4550
32,4550
21,4552
26,4553
49,4553
59,4553
11,4556
8,4557
26,4557
37,4558
7,4560
16,4560
20,4561
40,4561
45,4561
3,4562
16,4564
27,4566
38,4566
23,4567
48,4568
37,4569
53,4569
18,4571
27,4572
21,4573
50,4573
54,4573
58,4573
31,4574
53,4574
54,4574
9,4576
28,4576
43,4577
36,4578
47,4579
54,4579
59,4579
9,4580
7,4581
53,4581
49,4583
10,4585
17,4586
13,4587
19,4588
52,4588
3,4589
15,4589
39,4589
51,4589
22,4591
21,4592
13,4593
56,4593
37,4595
10,4596
51,4597
7,4599
38,4599
5,4601
57,4601
34,4602
38,4602
34,4604
35,4604
46,4604
34,4605
40,4605
27,4606
40,4606
22,4607
52,4607
2,4608
23,4609
39,4611
43,4612
59,4612
5,4613
34,4613
34,4614
43,4614
55,4614
7,4615
43,4615
35,4616
43,4617
31,4618
31,4619
43,4619
38,4620
6,4621
4,4622
55,4623
17,4624
36,4624
40,4624
58,4624
18,4626
4,4628
44,4628
34,4631
43,4635
54,4636
48,4637
35,4638
37,4639
58,4640
18,4642
28,4643
42,4644
21,4645
4,4647
21,4648
19,4649
56,4649
38,4650
13,4652
30,4652
37,4653
30,4657
12,4658
13,4658
35,4658
11,4660
54,4660
32,4662
9,4664
40,4664
39,4665
10,4666
35,4666
33,4668
60,4669
10,4671
5,4672
14,4673
16,4674
18,4675
38,4675
7,4676
29,4676
15,4677
59,4677
12,4678
53,4678
54,4678
8,4679
14,4681
47,4683
50,4683
20,4684
29,4687
44,4688
60,4689
10,4689
25,4689
39,4689
60,4690
54,4690
5,4692
23,4692
14,4693
14,4694
15,4694
34,4694
14,4695
59,4695
4,4696
15,4696
24,4697
43,4697
39,4698
49,4700
5,4701
18,4701
4,4703
10,4703
20,4704
53,4709
22,4711
53,4711
9,4712
27,4712
17,4715
29,4715
42,4716
56,4716
3,4717
1,4718
26,4718
55,4718
2,4719
11,4719
3,4720
47,4720
5,4721
26,4721
48,4721
1,4722
1,4723
43,4723
23,4724
34,4726
53,4726
42,4727
2,4730
22,4730
40,4730
53,4730
1,4731
6,4731
21,4731
46,4731
2,4732
5,4732
22,4734
37,4735
18,4736
55,4738
29,4739
53,4746
59,4746
42,4747
9,4748
12,4748
53,4748
16,4749
45,4749
11,4750
39,4750
20,4752
26,4753
12,4754
1,4755
2,4756
38,4756
1,4757
2,4760
22,4760
23,4760
59,4761
2,4763
19,4763
1,4764
2,4765
40,4766
46,4766
7,4768
16,4768
13,4769
1,4770
2,4771
55,4771
27,4773
1,4774
55,4775
55,4776
58,4776
1,4778
23,4779
2,4780
3,4780
2,4781
30,4782
58,4783
20,4784
58,4784
30,4785
45,4788
56,4788
11,4789
13,4790
53,4791
47,4792
26,4793
29,4793
52,4793
54,4794
34,4795
42,4795
13,4796
20,4797
13,4798
22,4799
36,4800
40,4804
41,4805
30,4806
7,4807
35,4807
58,4808
3,4809
40,4810
7,4814
47,4814
3,4815
39,4815
14,4820
29,4820
36,4820
56,4820
7,4821
18,4821
38,4822
40,4822
1,4823
28,4823
25,4824
2,4825
1,4827
1,4828
14,4828
16,4828
43,4828
54,4828
59,4828
2,4829
31,4830
2,4831
52,4831
49,4832
19,4834
32,4834
41,4834
16,4835
23,4835
37,4837
17,4842
26,4842
57,4844
35,4848
40,4848
28,4849
47,4849
15,4850
11,4851
45,4851
60,4852
29,4852
33,4852
60,4854
12,4855
34,4856
55,4856
5,4858
1,4859
43,4859
5,4860
47,4860
50,4860
22,4861
29,4863
19,4864
59,4864
35,4866
57,4867
20,4868
42,4872
4,4875
11,4877
12,4878
6,4880
19,4880
59,4881
42,4882
50,4882
13,4883
18,4883
53,4883
29,4887
54,4887
9,4888
24,4888
22,4889
55,4889
7,4890
56,4891
1,4895
2,4896
23,4896
24,4896
37,4896
43,4896
48,4896
1,4897
41,4897
2,4899
1,4900
15,4900
2,4901
39,4902
22,4903
35,4904
31,4905
13,4906
24,4908
31,4908
36,4909
46,4910
22,4911
3,4913
46,4913
55,4913
34,4915
9,4917
19,4917
23,4917
31,4918
38,4918
41,4918
48,4918
11,4919
30,4922
1,4925
27,4925
56,4925
24,4926
14,4927
15,4927
40,4927
13,4929
55,4931
57,4931
60,4932
33,4932
17,4933
20,4933
30,4933
33,4933
37,4933
50,4933
52,4933
16,4935
39,4935
57,4936
17,4938
43,4939
47,4939
7,4941
27,4941
4,4943
24,4945
43,4945
23,4946
37,4946
4,4949
14,4949
52,4950
48,4951
8,4953
19,4953
55,4953
56,4954
11,4955
13,4955
17,4955
60,4956
12,4956
27,4957
48,4959
5,4960
16,4960
25,4960
14,4961
18,4962
46,4962
48,4962
56,4962
8,4963
42,4964
35,4965
6,4967
12,4967
17,4967
7,4968
14,4968
28,4968
27,4972
27,4974
45,4974
11,4975
42,4976
53,4976
54,4977
55,4977
48,4978
32,4980
5,4982
24,4984
6,4985
7,4985
33,4990
35,4992
46,4992
18,4994
36,4994
52,4994
57,4994
3,4996
50,4996
9,4997
57,4997
27,4998
33,4998
24,4999
24,5000
33,5000
59,5001
5,5006
10,5007
9,5008
16,5009
47,5009
11,5010
40,5011
13,5012
14,5012
47,5015
42,5016
43,5017
46,5018
51,5019
44,5020
51,5020
6,5021
16,5022
14,5023
22,5023
27,5023
33,5025
8,5026
54,5026
57,5026
60,5027
52,5028
55,5028
39,5029
58,5029
1,5030
1,5031
2,5032
7,5032
8,5033
4,5035
46,5035
1,5036
2,5037
2,5038
30,5038
3,5040
37,5040
3,5042
2,5043
30,5044
37,5044
5,5047
14,5047
33,5047
32,5048
36,5048
37,5048
13,5049
15,5049
14,5050
21,5050
40,5050
45,5050
58,5050
23,5054
44,5054
49,5055
25,5056
58,5056
18,5057
24,5057
40,5059
23,5060
38,5060
20,5061
43,5061
28,5062
40,5063
23,5064
19,5065
1,5067
29,5068
1,5069
58,5069
12,5070
37,5070
50,5070
56,5070
2,5071
56,5071
54,5072
2,5073
1,5074
60,5075
2,5075
8,5075
59,5076
5,5077
54,5079
46,5082
8,5083
14,5083
37,5083
53,5083
56,5085
28,5086
28,5088
23,5089
51,5091
8,5092
41,5093
4,5095
51,5095
6,5096
13,5096
3,5097
44,5097
44,5099
45,5099
10,5100
57,5100
45,5101
29,5102
7,5104
54,5104
5,5105
12,5108
45,5109
42,5110
31,5111
26,5112
28,5113
29,5113
34,5115
1,5116
37,5117
51,5117
8,5119
15,5119
52,5119
8,5120
2,5121
55,5121
1,5123
8,5123
46,5123
54,5124
1,5125
8,5125
11,5125
34,5125
23,5127
26,5127
41,5127
4,5128
20,5128
2,5129
53,5129
2,5131
3,5131
17,5131
32,5131
55,5131
11,5132
19,5132
21,5132
46,5132
40,5133
25,5134
39,5134
13,5135
42,5136
16,5137
7,5138
41,5138
15,5139
19,5140
26,5140
43,5141
8,5142
42,5142
25,5143
49,5144
53,5144
60,5145
18,5145
25,5145
40,5145
50,5145
12,5147
44,5147
6,5148
11,5149
30,5149
44,5149
8,5151
25,5151
23,5152
13,5153
32,5153
7,5154
50,5154
14,5156
8,5157
3,5159
60,5160
47,5160
18,5161
42,5161
58,5161
9,5162
23,5162
21,5163
56,5163
57,5163
26,5164
6,5165
51,5165
56,5166
10,5167
34,5167
37,5167
41,5167
53,5167
12,5168
24,5168
40,5169
49,5169
54,5169
24,5171
60,5173
20,5174
3,5175
31,5175
20,5176
25,5176
43,5176
58,5179
21,5180
27,5180
31,5180
55,5180
3,5181
7,5181
24,5181
38,5181
3,5183
10,5183
23,5183
51,5184
60,5185
15,5185
42,5185
47,5185
57,5185
31,5187
52,5188
22,5190
36,5190
29,5193
28,5195
32,5196
19,5197
45,5199
11,5200
29,5200
49,5201
50,5201
47,5202
13,5203
26,5203
27,5203
27,5204
59,5204
15,5205
54,5205
60,5206
11,5207
8,5208
51,5209
52,5209
40,5210
18,5211
41,5211
9,5212
29,5212
42,5212
34,5214
4,5215
17,5215
7,5216
47,5216
14,5218
59,5218
13,5219
59,5219
14,5220
35,5220
12,5222
35,5222
10,5223
46,5223
40,5224
4,5225
35,5227
42,5227
8,5228
10,5228
23,5229
10,5230
40,5232
48,5233
53,5233
54,5234
9,5237
25,5237
33,5237
42,5238
35,5239
43,5239
46,5240
54,5240
11,5241
40,5241
48,5241
5,5242
45,5242
55,5242
29,5244
10,5247
35,5247
37,5247
52,5248
33,5249
18,5250
4,5251
60,5252
54,5252
4,5253
44,5254
52,5254
15,5255
1,5257
31,5257
8,5258
13,5258
23,5258
29,5258
39,5258
1,5260
2,5261
2,5262
21,5262
1,5263
44,5263
46,5263
2,5264
6,5264
10,5264
37,5265
39,5265
51,5266
14,5267
29,5267
34,5267
7,5268
8,5268
17,5268
43,5268
47,5268
16,5269
59,5269
55,5270
42,5272
59,5273
1,5274
3,5274
58,5275
2,5276
14,5276
57,5276
19,5277
45,5278
1,5279
35,5279
60,5280
32,5281
22,5282
55,5282
30,5283
2,5284
26,5284
30,5284
38,5284
43,5285
57,5285
1,5286
15,5286
17,5286
49,5286
2,5287
29,5287
48,5288
52,5289
47,5290
52,5290
50,5291
48,5294
51,5296
12,5297
33,5297
56,5297
10,5300
23,5301
4,5305
47,5305
57,5307
3,5308
42,5308
51,5308
19,5309
7,5310
60,5311
8,5311
22,5311
26,5311
19,5312
53,5313
47,5315
53,5315
33,5316
19,5317
21,5317
37,5317
59,5318
31,5319
27,5320
43,5320
53,5320
55,5320
17,5322
18,5329
17,5330
19,5330
22,5332
58,5333
34,5334
58,5334
52,5336
28,5337
50,5337
56,5337
20,5338
49,5338
3,5339
14,5339
17,5339
33,5339
1,5341
18,5341
37,5341
47,5341
48,5341
1,5344
40,5344
57,5344
26,5345
29,5345
39,5346
2,5347
32,5347
1,5348
2,5349
2,5350
6,5352
26,5352
45,5352
26,5353
28,5354
47,5354
48,5354
54,5354
60,5355
52,5355
17,5357
32,5357
51,5359
10,5360
28,5361
54,5361
56,5362
60,5364
1,5365
1,5366
2,5367
11,5367
2,5368
1,5369
18,5369
59,5369
3,5370
17,5370
43,5370
53,5370
5,5371
17,5371
32,5371
2,5372
53,5372
16,5373
37,5373
5,5375
33,5378
7,5379
11,5381
18,5381
26,5381
50,5381
1,5382
7,5382
2,5383
41,5383
1,5384
2,5385
15,5385
25,5385
57,5385
12,5386
1,5387
17,5387
2,5388
34,5390
41,5390
52,5391
44,5393
49,5393
51,5394
39,5395
16,5396
58,5396
42,5397
37,5398
9,5400
30,5401
54,5401
4,5402
33,5402
20,5404
27,5404
44,5404
13,5406
55,5406
5,5409
32,5409
42,5409
46,5409
49,5410
55,5412
15,5414
59,5414
1,5415
41,5415
56,5415
38,5416
12,5417
14,5417
34,5417
2,5418
10,5419
26,5420
31,5420
46,5421
1,5422
16,5423
44,5423
1,5424
42,5424
2,5425
32,5425
56,5425
2,5426
14,5426
36,5430
36,5431
52,5431
54,5431
60,5432
13,5432
4,5434
12,5434
17,5434
30,5435
52,5436
42,5440
44,5440
28,5441
53,5441
48,5442
26,5443
48,5443
43,5444
8,5445
4,5446
29,5447
59,5448
9,5452
12,5452
27,5452
30,5452
8,5453
38,5453
46,5453
11,5454
5,5456
49,5457
46,5459
9,5460
31,5460
19,5461
15,5462
32,5462
43,5462
18,5463
47,5463
4,5466
41,5466
54,5466
25,5467
52,5469
22,5471
15,5472
41,5472
46,5472
4,5473
12,5474
18,5475
36,5477
55,5478
46,5479
4,5480
24,5481
43,5482
27,5484
37,5485
45,5485
13,5486
48,5486
4,5488
48,5488
36,5490
43,5492
44,5492
60,5493
10,5493
24,5493
8,5494
6,5495
54,5495
40,5497
42,5499
7,5500
30,5501
5,5502
10,5502
11,5503
8,5504
25,5504
52,5504
12,5506
26,5507
54,5508
44,5511
52,5511
40,5513
9,5514
43,5514
12,5516
21,5516
40,5516
33,5517
1,5519
29,5519
35,5519
46,5520
2,5521
28,5521
1,5522
11,5522
56,5522
1,5523
5,5523
14,5523
2,5524
47,5524
2,5525
26,5526
21,5529
9,5530
49,5530
25,5534
30,5534
8,5537
44,5538
57,5538
27,5539
11,5540
29,5540
26,5541
58,5541
34,5542
46,5542
27,5545
59,5546
2,5547
56,5548
15,5549
34,5549
49,5549
4,5552
40,5554
23,5556
60,5557
18,5558
39,5560
9,5561
7,5562
19,5562
15,5563
28,5563
3,5565
45,5565
10,5566
44,5567
40,5568
53,5570
36,5571
55,5572
13,5573
42,5573
22,5574
37,5574
54,5574
15,5575
19,5576
24,5577
50,5578
60,5579
28,5579
35,5579
49,5579
30,5580
56,5580
16,5581
46,5582
53,5582
38,5585
32,5586
56,5586
14,5587
36,5587
19,5588
21,5588
32,5590
38,5590
47,5590
52,5590
50,5591
41,5592
15,5593
35,5593
53,5593
20,5594
58,5594
11,5595
18,5595
41,5595
31,5596
36,5597
41,5597
49,5597
60,5598
45,5600
26,5601
36,5602
32,5603
33,5603
39,5603
56,5603
15,5604
41,5604
42,5605
35,5606
43,5606
3,5607
15,5607
49,5607
7,5608
2,5609
19,5609
31,5609
40,5610
29,5611
3,5612
11,5613
4,5614
13,5615
6,5616
44,5619
35,5622
17,5623
51,5623
17,5624
21,5624
31,5624
54,5624
50,5625
35,5627
4,5628
26,5628
32,5628
38,5628
15,5634
47,5634
55,5634
57,5634
43,5635
47,5636
25,5639
42,5641
11,5643
53,5643
6,5644
33,5646
36,5646
60,5648
26,5648
45,5650
13,5651
11,5653
39,5653
11,5654
5,5655
8,5655
17,5656
6,5657
55,5657
26,5658
24,5660
58,5660
34,5661
38,5662
52,5662
10,5663
11,5664
41,5664
19,5665
22,5666
27,5666
41,5666
34,5667
11,5668
37,5668
50,5669
26,5670
33,5670
36,5670
30,5672
13,5673
17,5673
19,5674
56,5675
8,5676
18,5677
47,5677
60,5678
49,5678
1,5679
5,5679
49,5679
19,5681
41,5682
49,5682
50,5682
30,5683
47,5683
23,5684
27,5684
55,5684
1,5685
14,5686
20,5687
2,5688
19,5688
26,5688
53,5688
57,5689
2,5690
22,5690
35,5690
1,5691
47,5691
2,5693
19,5693
47,5693
50,5694
57,5694
6,5696
50,5697
4,5698
12,5699
40,5699
60,5700
8,5700
20,5700
25,5700
1,5702
1,5703
29,5703
51,5703
58,5703
2,5705
11,5706
37,5706
5,5707
26,5707
52,5708
2,5709
5,5709
57,5709
49,5710
1,5711
2,5712
32,5712
60,5713
8,5713
32,5713
2,5715
27,5715
51,5716
10,5717
20,5717
29,5717
43,5717
14,5718
31,5719
26,5720
42,5720
54,5720
13,5721
22,5722
24,5722
33,5722
48,5722
60,5723
1,5723
40,5723
56,5723
57,5723
1,5724
2,5725
35,5725
55,5725
2,5727
42,5728
1,5729
2,5730
49,5732
9,5734
45,5734
55,5734
39,5735
16,5736
6,5737
47,5737
57,5740
25,5741
29,5742
13,5744
17,5745
46,5746
12,5747
20,5747
14,5748
42,5748
49,5749
49,5752
55,5752
36,5753
49,5753
10,5754
28,5754
37,5754
22,5755
46,5755
60,5756
26,5756
56,5757
26,5760
15,5761
54,5764
12,5765
53,5765
59,5765
5,5766
49,5766
52,5766
60,5767
4,5767
13,5767
14,5767
38,5767
41,5769
35,5770
54,5770
57,5770
55,5771
6,5772
16,5775
41,5777
29,5778
53,5778
1,5780
12,5781
3,5782
28,5782
2,5783
1,5784
27,5784
1,5786
43,5786
47,5786
2,5787
2,5788
26,5789
57,5792
3,5793
28,5793
31,5796
22,5797
30,5798
46,5798
54,5802
4,5804
51,5804
36,5805
46,5805
30,5806
31,5806
57,5806
22,5807
36,5808
18,5809
45,5809
1,5810
52,5810
17,5811
21,5811
58,5811
52,5812
1,5813
38,5813
15,5814
6,5815
2,5816
24,5816
40,5816
7,5817
44,5818
2,5819
10,5819
1,5820
2,5822
37,5822
13,5823
27,5823
51,5823
22,5825
37,5825
48,5826
10,5828
10,5829
28,5829
59,5830
52,5832
11,5833
36,5833
39,5836
4,5837
53,5837
44,5838
42,5840
27,5841
12,5842
17,5843
22,5843
12,5844
38,5845
3,5846
46,5846
58,5847
1,5848
42,5848
45,5849
44,5850
35,5851
51,5851
43,5852
58,5852
1,5853
20,5853
41,5853
57,5854
19,5855
24,5855
43,5855
57,5855
2,5856
2,5857
1,5858
4,5858
56,5859
2,5860
38,5860
35,5861
56,5861
54,5863
14,5864
21,5864
17,5865
5,5867
25,5867
37,5867
8,5869
39,5869
49,5869
11,5870
20,5872
4,5875
1,5876
42,5876
29,5877
5,5878
8,5878
19,5878
43,5878
1,5881
15,5881
17,5882
1,5883
2,5884
2,5885
23,5885
48,5886
1,5887
5,5887
34,5887
50,5887
9,5888
26,5888
42,5888
17,5889
6,5890
60,5891
2,5891
5,5891
26,5892
21,5894
32,5895
40,5895
6,5897
34,5897
56,5899
39,5901
39,5903
55,5903
40,5904
30,5905
37,5905
58,5905
30,5906
21,5907
57,5907
29,5909
44,5909
59,5910
60,5911
4,5911
27,5913
39,5913
46,5913
18,5916
19,5916
50,5920
30,5921
46,5921
60,5922
41,5922
23,5923
38,5923
8,5925
44,5925
9,5927
44,5927
25,5928
28,5928
44,5928
49,5928
37,5929
21,5930
36,5930
49,5930
53,5932
8,5934
54,5934
7,5935
49,5935
3,5937
7,5937
52,5937
21,5938
26,5939
35,5939
21,5940
9,5942
30,5942
55,5943
28,5944
32,5945
34,5945
48,5945
48,5946
36,5949
60,5952
12,5953
45,5953
53,5953
58,5953
58,5954
56,5955
56,5956
18,5959
23,5959
58,5960
24,5961
56,5961
34,5962
27,5964
44,5964
23,5965
54,5966
26,5968
35,5968
38,5968
54,5968
44,5969
57,5970
33,5971
48,5972
3,5975
10,5976
27,5976
37,5976
47,5976
1,5980
50,5980
1,5982
10,5983
11,5983
31,5984
44,5984
34,5985
38,5986
52,5986
24,5987
2,5988
1,5991
2,5992
8,5992
55,5992
39,5993
5,5994
53,5995
56,5995
2,5996
22,5998
23,5998
27,5998
35,5998
3,5999
10,5999
27,5999
54,5999
58,5999
48,6000
52,6001
9,6002
27,6002
24,6003
9,6004
19,6005
32,6006
7,6008
8,6008
12,6008
12,6009
26,6010
32,6010
15,6011
53,6011
56,6011
26,6013
33,6013
37,6013
23,6014
52,6015
59,6015
20,6016
46,6016
52,6016
54,6017
14,6018
37,6018
56,6019
20,6021
24,6022
35,6024
41,6024
47,6024
57,6024
22,6025
45,6025
6,6026
14,6027
21,6028
24,6028
46,6029
55,6029
29,6030
28,6031
59,6031
15,6032
33,6032
52,6032
6,6035
19,6035
8,6036
13,6036
49,6036
56,6036
46,6037
12,6039
15,6039
25,6039
14,6040
43,6040
55,6041
40,6042
54,6042
41,6043
31,6045
39,6047
55,6048
42,6050
4,6055
36,6055
32,6056
50,6057
23,6059
14,6060
20,6060
33,6060
16,6062
20,6065
13,6068
14,6069
36,6069
38,6069
24,6071
10,6072
38,6072
23,6073
21,6074
36,6074
30,6075
32,6075
15,6077
28,6078
17,6079
39,6079
48,6079
4,6080
43,6080
43,6081
51,6081
3,6084
55,6084
10,6086
37,6086
53,6089
23,6090
56,6091
16,6094
17,6098
27,6098
36,6101
52,6101
32,6102
52,6102
1,6103
1,6104
2,6105
11,6105
41,6105
1,6106
14,6106
51,6106
2,6107
27,6107
45,6107
2,6108
8,6109
20,6110
8,6111
55,6111
27,6113
3,6114
11,6115
38,6116
40,6116
45,6116
23,6118
22,6119
28,6119
26,6120
39,6120
58,6121
7,6122
15,6122
39,6122
58,6122
25,6123
40,6123
49,6123
51,6124
58,6124
25,6125
44,6125
46,6125
33,6126
55,6126
13,6127
44,6127
53,6127
14,6128
25,6129
32,6130
36,6131
16,6133
47,6135
56,6135
27,6136
33,6136
34,6138
40,6138
36,6139
20,6140
27,6140
42,6140
5,6141
44,6141
24,6143
6,6144
25,6145
43,6145
24,6146
25,6146
58,6146
23,6149
40,6149
51,6149
38,6150
13,6151
28,6151
36,6151
57,6152
15,6153
17,6153
24,6153
29,6153
43,6154
50,6154
32,6155
27,6156
9,6158
52,6158
22,6159
50,6159
52,6160
57,6160
5,6161
10,6164
55,6165
13,6166
27,6166
28,6166
31,6166
52,6166
44,6169
55,6170
1,6171
39,6171
31,6173
1,6174
11,6174
20,6174
29,6174
59,6175
2,6176
32,6176
1,6177
5,6177
7,6177
33,6177
2,6178
52,6178
2,6179
25,6179
49,6179
13,6180
22,6180
24,6180
39,6180
52,6180
23,6181
51,6182
15,6184
46,6184
19,6185
9,6188
51,6189
56,6189
30,6190
12,6192
59,6192
30,6194
17,6195
57,6196
49,6197
20,6198
19,6199
15,6200
34,6200
45,6200
52,6200
12,6201
11,6202
25,6202
40,6205
14,6206
32,6206
39,6206
40,6207
41,6207
4,6208
17,6209
4,6210
34,6210
1,6211
38,6212
41,6213
4,6214
8,6214
34,6214
43,6214
1,6215
17,6215
2,6216
6,6216
57,6216
1,6217
18,6217
51,6217
2,6218
17,6218
40,6219
2,6222
26,6222
54,6225
58,6226
40,6228
54,6228
7,6229
47,6229
21,6230
19,6233
22,6233
35,6233
49,6234
14,6235
40,6235
24,6236
27,6236
58,6236
12,6237
26,6238
59,6238
32,6239
48,6239
53,6239
22,6241
26,6247
59,6247
7,6248
41,6248
23,6250
47,6250
37,6253
39,6254
18,6255
9,6259
23,6259
30,6259
4,6262
9,6262
40,6262
46,6262
29,6264
37,6264
13,6265
18,6266
19,6266
27,6268
46,6269
41,6270
31,6271
23,6272
50,6272
12,6273
40,6274
55,6275
36,6277
54,6279
40,6280
18,6281
34,6281
50,6282
49,6283
24,6284
32,6284
45,6284
58,6284
41,6285
45,6290
6,6291
1,6292
36,6292
1,6294
2,6295
37,6295
18,6297
43,6297
41,6298
1,6299
2,6300
45,6300
2,6301
40,6301
27,6302
13,6303
38,6303
43,6303
40,6304
57,6304
30,6305
60,6306
20,6307
50,6310
45,6311
44,6312
4,6313
9,6313
20,6313
12,6314
43,6315
59,6315
17,6316
34,6316
34,6317
36,6317
53,6317
58,6317
18,6318
46,6318
8,6319
21,6319
26,6319
47,6319
35,6320
9,6322
18,6322
8,6323
22,6323
23,6323
37,6324
52,6326
57,6328
56,6329
58,6329
31,6331
39,6331
30,6332
39,6332
3,6333
5,6333
54,6334
46,6336
7,6338
31,6338
48,6339
22,6340
31,6340
9,6341
45,6341
18,6343
1,6344
16,6344
22,6344
6,6345
28,6345
39,6345
45,6345
7,6347
4,6348
43,6348
2,6350
1,6351
28,6352
22,6353
23,6353
45,6353
2,6354
3,6354
1,6355
60,6356
23,6358
33,6358
42,6358
2,6359
59,6360
4,6361
6,6361
42,6361
47,6361
52,6362
59,6362
40,6363
47,6363
24,6364
8,6365
41,6365
52,6365
57,6365
8,6366
26,6366
50,6366
51,6366
11,6367
27,6368
34,6368
13,6369
51,6369
47,6371
18,6372
43,6372
57,6372
17,6373
15,6374
1,6375
35,6376
1,6377
41,6377
7,6378
24,6378
39,6378
52,6378
2,6379
21,6379
25,6379
1,6380
46,6380
2,6381
9,6381
2,6382
49,6382
29,6383
60,6385
10,6385
15,6385
18,6385
33,6385
51,6386
52,6387
28,6390
50,6393
10,6395
11,6395
42,6398
46,6398
55,6399
40,6401
5,6402
10,6402
30,6402
35,6402
58,6402
25,6403
35,6404
34,6405
49,6406
49,6407
8,6409
11,6409
33,6409
60,6410
18,6410
40,6410
58,6410
42,6411
57,6411
17,6412
42,6412
44,6414
49,6414
45,6416
1,6417
2,6417
11,6417
47,6417
42,6418
45,6418
27,6419
36,6419
40,6419
20,6420
49,6420
9,6421
22,6421
41,6423
22,6424
50,6424
29,6425
56,6425
19,6426
37,6426
56,6426
60,6427
33,6429
51,6430
59,6431
4,6432
8,6432
50,6432
58,6432
1,6434
6,6434
50,6435
44,6436
1,6438
44,6438
18,6439
2,6440
21,6440
1,6441
37,6441
16,6442
26,6442
2,6443
44,6443
2,6444
28,6445
23,6446
24,6446
16,6449
32,6449
54,6452
23,6453
3,6455
21,6455
25,6457
46,6457
19,6458
52,6458
31,6459
18,6460
23,6461
15,6462
7,6463
42,6463
49,6463
23,6465
26,6465
28,6465
55,6465
20,6467
19,6469
31,6469
25,6470
57,6470
21,6471
55,6471
52,6472
21,6473
3,6474
53,6474
21,6475
26,6475
28,6475
3,6476
17,6476
33,6476
21,6478
22,6478
46,6479
43,6480
35,6483
46,6483
8,6484
33,6484
5,6485
36,6486
1,6487
13,6487
2,6488
7,6492
16,6492
21,6492
57,6492
12,6493
1,6494
10,6494
38,6494
1,6495
9,6495
20,6495
38,6495
42,6496
46,6497
2,6498
54,6498
2,6499
15,6499
33,6500
39,6500
17,6501
57,6501
47,6504
20,6505
34,6505
14,6506
31,6507
48,6507
31,6508
28,6509
22,6511
49,6511
22,6513
59,6514
57,6516
3,6517
23,6518
48,6518
58,6518
11,6519
16,6519
48,6520
35,6521
24,6522
4,6524
29,6524
4,6525
43,6526
37,6527
56,6529
32,6530
36,6530
25,6532
28,6532
40,6532
13,6533
50,6533
43,6535
5,6536
32,6536
51,6538
59,6539
53,6541
42,6542
33,6543
42,6543
32,6544
34,6544
15,6545
37,6545
40,6545
45,6545
52,6545
58,6546
39,6547
46,6547
47,6547
40,6548
42,6549
47,6551
54,6551
55,6551
12,6553
39,6553
8,6554
11,6554
26,6554
46,6554
52,6554
3,6555
5,6556
54,6557
9,6558
13,6558
44,6558
2,6560
20,6563
24,6563
54,6563
60,6564
21,6565
26,6566
39,6566
54,6567
31,6568
56,6568
36,6569
56,6569
11,6570
8,6571
17,6572
19,6572
21,6572
37,6572
29,6573
50,6574
59,6574
52,6575
56,6575
52,6577
25,6579
29,6579
19,6580
47,6580
11,6581
23,6581
30,6581
4,6582
44,6585
6,6586
37,6586
16,6587
30,6587
49,6587
34,6589
11,6590
25,6591
48,6591
35,6592
47,6592
1,6593
34,6593
13,6595
2,6596
12,6596
31,6596
43,6597
49,6598
1,6599
59,6600
1,6601
49,6601
23,6602
31,6602
45,6602
46,6602
2,6603
42,6603
2,6604
39,6604
46,6604
56,6604
52,6605
42,6606
6,6607
5,6608
52,6608
60,6610
59,6610
60,6611
14,6612
41,6612
10,6614
59,6615
38,6616
6,6617
21,6618
59,6618
12,6619
29,6619
58,6619
9,6620
55,6620
20,6621
44,6621
21,6623
23,6623
52,6623
41,6624
57,6627
1,6628
23,6630
12,6631
48,6631
49,6632
19,6634
6,6635
25,6636
58,6638
19,6639
35,6639
55,6640
25,6642
29,6642
10,6643
15,6643
20,6643
4,6644
25,6645
32,6645
42,6647
7,6648
1,6649
18,6649
46,6649
2,6650
50,6651
56,6651
1,6652
29,6652
1,6654
36,6654
2,6655
1,6656
2,6657
20,6657
1,6658
56,6658
2,6659
24,6659
1,6660
10,6660
2,6661
3,6661
16,6661
38,6661
22,6662
8,6663
59,6663
1,6664
23,6665
2,6666
29,6666
3,6668
7,6668
33,6668
21,6669
44,6670
28,6671
40,6671
59,6671
27,6675
43,6675
60,6676
23,6676
45,6676
48,6676
53,6676
5,6677
24,6678
28,6678
5,6679
49,6679
34,6680
30,6681
13,6682
34,6682
35,6682
10,6687
24,6687
6,6689
3,6690
5,6690
18,6690
3,6691
27,6691
56,6691
17,6692
16,6694
43,6694
1,6695
1,6696
17,6696
51,6696
2,6697
10,6697
23,6697
59,6697
2,6698
1,6700
38,6701
56,6701
2,6702
35,6702
45,6702
47,6702
8,6703
31,6704
54,6706
27,6707
34,6707
60,6708
4,6708
43,6708
52,6708
11,6709
14,6710
39,6710
5,6711
23,6713
37,6713
50,6714
23,6716
33,6717
33,6721
30,6724
36,6724
6,6725
16,6727
56,6729
25,6730
47,6732
18,6733
25,6735
29,6738
40,6739
31,6740
41,6741
45,6741
56,6741
37,6742
59,6742
23,6743
7,6744
19,6744
28,6744
44,6745
9,6748
12,6748
14,6748
6,6749
16,6749
27,6749
4,6750
16,6750
33,6750
10,6751
37,6751
53,6751
33,6752
28,6754
27,6756
40,6756
52,6757
6,6758
23,6759
30,6760
59,6760
6,6761
60,6762
11,6762
24,6762
23,6765
13,6767
41,6767
1,6768
46,6769
1,6771
33,6771
23,6772
47,6772
2,6773
42,6773
2,6774
18,6774
1,6775
2,6777
43,6778
60,6781
5,6781
44,6781
49,6781
11,6782
12,6782
48,6782
58,6783
7,6784
46,6790
12,6791
45,6791
13,6792
54,6792
52,6795
19,6796
24,6796
5,6797
13,6797
28,6798
42,6799
38,6802
40,6802
60,6803
20,6803
18,6804
40,6805
44,6807
35,6808
54,6808
29,6809
18,6811
34,6811
9,6813
41,6813
46,6814
43,6819
1,6820
48,6820
50,6820
34,6821
60,6823
2,6824
11,6824
1,6825
40,6827
1,6828
13,6828
30,6828
2,6829
14,6829
35,6829
2,6830
47,6830
49,6830
8,6831
50,6831
22,6832
38,6832
7,6833
13,6833
48,6833
33,6834
1,6835
1,6836
19,6836
22,6836
2,6840
23,6840
25,6841
1,6843
46,6843
49,6843
58,6843
2,6844
34,6844
2,6845
6,6845
53,6845
33,6847
5,6848
54,6848
56,6850
5,6851
3,6853
16,6854
1,6855
31,6855
49,6855
52,6857
53,6857
24,6859
35,6859
6,6860
24,6860
38,6860
8,6861
21,6862
48,6862
49,6863
6,6866
48,6866
52,6866
48,6867
14,6869
25,6870
32,6870
47,6871
19,6872
19,6873
13,6874
21,6876
24,6876
21,6877
47,6877
7,6880
54,6880
17,6881
43,6882
42,6885
48,6885
27,6886
31,6886
44,6886
16,6887
43,6887
18,6888
46,6889
44,6893
51,6893
5,6894
5,6896
37,6898
12,6900
56,6900
59,6900
41,6902
4,6903
5,6903
12,6904
17,6906
45,6907
49,6908
5,6910
55,6911
57,6914
1,6915
8,6915
1,6916
2,6917
46,6917
50,6917
1,6918
34,6918
2,6919
24,6919
56,6919
2,6920
32,6920
20,6922
11,6923
37,6923
42,6923
46,6924
5,6925
51,6927
56,6927
28,6928
4,6929
59,6929
6,6930
49,6930
58,6932
18,6933
46,6934
1,6936
39,6937
40,6938
10,6939
2,6940
5,6940
53,6940
1,6941
26,6941
42,6941
58,6941
2,6942
1,6944
34,6944
56,6944
2,6946
39,6946
12,6947
16,6948
27,6948
16,6949
46,6950
38,6951
8,6952
13,6952
44,6952
57,6952
37,6954
53,6954
17,6956
36,6956
55,6957
37,6958
41,6958
53,6958
9,6960
41,6961
38,6963
39,6964
47,6964
55,6965
6,6966
22,6966
12,6967
19,6967
46,6968
57,6968
13,6969
54,6969
14,6970
29,6972
52,6973
4,6975
44,6975
16,6976
60,6977
20,6978
29,6979
55,6979
39,6980
57,6980
19,6982
30,6982
43,6982
13,6983
52,6984
4,6986
16,6986
26,6986
34,6986
3,6987
52,6989
3,6990
7,6990
57,6990
1,6996
28,6997
15,6998
59,6998
57,6999
1,7000
14,7000
18,7000
25,7001
55,7001
9,7002
43,7002
2,7003
29,7003
13,7004
23,7004
43,7004
43,7005
2,7006
58,7006
38,7007
1,7009
23,7009
50,7009
20,7010
8,7012
22,7012
29,7012
44,7012
51,7012
2,7013
9,7013
31,7013
37,7013
56,7014
58,7017
7,7021
41,7024
58,7024
10,7025
12,7026
40,7026
1,7027
2,7028
39,7028
43,7028
1,7030
22,7030
2,7031
4,7032
24,7032
1,7034
14,7034
52,7034
54,7034
2,7035
31,7035
25,7036
23,7037
13,7038
31,7038
7,7039
13,7039
56,7039
15,7040
25,7040
4,7041
11,7041
22,7041
17,7042
54,7042
14,7043
34,7044
34,7046
47,7046
35,7048
49,7050
12,7051
36,7051
52,7051
46,7052
50,7052
20,7053
45,7053
24,7055
60,7056
52,7057
34,7059
3,7060
36,7061
3,7062
52,7062
55,7062
56,7062
25,7063
5,7065
29,7065
2,7066
6,7066
23,7066
1,7068
4,7068
12,7069
42,7069
48,7069
1,7072
26,7072
13,7073
33,7073
12,7076
30,7077
31,7077
46,7077
2,7078
26,7078
2,7079
17,7081
53,7081
56,7081
19,7083
21,7083
35,7083
19,7084
24,7084
1,7085
54,7085
58,7085
2,7086
17,7086
22,7086
9,7088
52,7088
47,7089
50,7090
55,7090
49,7091
37,7092
31,7094
4,7095
31,7095
39,7096
11,7098
16,7098
55,7098
8,7099
29,7099
6,7100
13,7100
43,7100
26,7101
49,7101
51,7101
2,7103
11,7103
39,7103
47,7103
15,7106
24,7106
59,7106
59,7111
22,7112
31,7113
47,7113
34,7116
1,7117
60,7118
2,7118
20,7118
6,7119
17,7120
38,7120
32,7121
1,7124
22,7124
2,7125
18,7125
52,7125
43,7127
1,7128
14,7128
54,7128
5,7130
13,7131
2,7132
4,7133
60,7134
8,7134
22,7134
44,7134
56,7135
4,7136
37,7136
55,7136
16,7137
1,7139
20,7139
41,7139
1,7141
7,7141
52,7141
2,7142
42,7142
1,7143
24,7144
32,7144
39,7144
2,7146
13,7146
18,7146
9,7147
27,7147
14,7148
19,7148
29,7149
60,7150
28,7150
54,7150
2,7151
5,7151
12,7151
47,7153
25,7154
60,7155
47,7156
15,7160
54,7162
11,7164
1,7165
26,7165
43,7165
52,7165
2,7166
1,7167
24,7167
27,7167
42,7167
53,7167
59,7167
2,7168
1,7170
13,7170
46,7170
2,7171
60,7172
12,7172
21,7172
47,7172
51,7173
12,7175
52,7175
53,7175
28,7178
38,7178
20,7180
32,7180
52,7180
2,7181
6,7181
52,7181
33,7182
6,7185
34,7185
45,7185
57,7186
53,7187
59,7187
24,7188
18,7192
6,7193
32,7194
59,7194
21,7196
25,7198
31,7198
45,7198
11,7199
38,7199
49,7200
50,7201
57,7204
14,7209
18,7209
51,7209
47,7210
19,7211
48,7211
50,7211
23,7212
7,7213
19,7214
3,7215
33,7218
17,7219
18,7219
25,7219
13,7220
8,7221
36,7221
59,7221
17,7222
44,7222
12,7223
18,7223
15,7224
20,7224
6,7225
19,7227
23,7228
9,7229
15,7229
12,7230
34,7231
21,7232
29,7233
39,7233
48,7233
27,7234
28,7235
60,7237
38,7238
43,7238
10,7239
12,7239
51,7239
14,7240
49,7240
56,7240
9,7243
38,7243
11,7244
37,7244
24,7245
35,7246
44,7246
9,7247
60,7248
41,7248
41,7249
1,7250
20,7250
23,7251
44,7251
57,7251
7,7252
24,7252
48,7252
2,7254
46,7255
30,7256
1,7257
2,7258
17,7259
8,7260
1,7262
58,7262
59,7262
31,7263
54,7263
2,7264
28,7264
39,7264
41,7264
6,7265
50,7266
41,7267
49,7267
1,7268
20,7268
42,7268
1,7269
2,7270
11,7270
18,7270
2,7271
16,7272
1,7273
45,7273
54,7274
30,7275
47,7275
2,7276
43,7277
6,7278
35,7278
58,7280
38,7282
52,7282
44,7283
12,7284
1,7287
1,7288
13,7289
25,7289
37,7289
59,7289
2,7291
17,7291
19,7291
1,7294
16,7294
26,7294
12,7295
24,7295
50,7295
3,7296
2,7297
20,7297
59,7297
2,7299
41,7299
43,7299
12,7300
19,7301
57,7301
33,7302
41,7302
45,7302
8,7303
15,7303
33,7303
43,7303
52,7303
59,7303
5,7304
16,7306
38,7307
42,7307
39,7308
17,7310
50,7310
21,7311
27,7312
25,7313
56,7314
3,7315
10,7315
11,7315
47,7315
13,7316
39,7316
50,7316
12,7317
15,7317
55,7317
31,7318
31,7319
51,7319
11,7320
15,7320
16,7320
23,7320
28,7320
5,7321
4,7322
53,7322
12,7323
18,7323
28,7323
35,7323
18,7327
27,7327
7,7328
27,7328
41,7328
16,7329
6,7330
27,7330
39,7331
42,7331
8,7332
14,7333
51,7333
24,7334
60,7335
36,7335
54,7335
7,7336
57,7336
36,7338
53,7338
51,7341
13,7342
27,7342
14,7347
28,7348
8,7351
21,7352
46,7352
23,7353
5,7356
43,7356
15,7358
30,7360
56,7362
23,7364
38,7366
51,7366
48,7368
58,7368
31,7369
53,7370
39,7371
31,7372
42,7373
31,7374
47,7374
12,7375
48,7375
22,7376
44,7376
33,7377
39,7377
49,7377
5,7378
18,7378
55,7380
5,7382
10,7384
13,7384
38,7384
43,7384
45,7384
13,7385
35,7385
53,7385
30,7386
48,7386
53,7387
18,7388
48,7389
14,7390
35,7391
51,7392
19,7393
8,7394
12,7394
28,7395
10,7396
45,7397
15,7398
10,7400
27,7400
30,7400
36,7404
39,7404
41,7404
43,7404
28,7406
23,7409
10,7410
31,7410
11,7411
45,7411
47,7411
4,7412
26,7416
29,7417
43,7417
7,7418
28,7418
41,7419
58,7419
48,7420
3,7421
42,7421
20,7422
50,7423
58,7423
60,7424
18,7424
36,7424
4,7425
15,7425
50,7425
6,7426
17,7426
59,7426
60,7427
19,7427
59,7429
3,7430
29,7430
41,7430
54,7430
57,7430
17,7431
56,7431
6,7432
10,7433
26,7433
39,7433
15,7434
29,7434
17,7435
18,7436
31,7436
21,7438
43,7438
35,7440
16,7441
12,7442
43,7443
55,7445
4,7446
25,7447
26,7447
36,7447
49,7448
9,7449
4,7452
47,7452
59,7453
60,7454
44,7454
39,7456
14,7458
39,7458
43,7459
49,7459
26,7460
32,7460
36,7461
14,7462
41,7463
47,7465
31,7466
53,7466
1,7468
5,7468
10,7470
25,7471
2,7472
43,7472
58,7472
1,7473
10,7473
26,7473
32,7473
57,7473
2,7474
8,7474
12,7474
1,7475
35,7476
2,7477
37,7478
1,7479
47,7479
34,7480
54,7481
29,7482
57,7482
12,7483
21,7483
16,7485
36,7486
8,7487
16,7487
53,7487
52,7488
58,7488
20,7489
21,7489
7,7490
30,7490
4,7491
19,7491
23,7491
41,7491
44,7491
11,7492
21,7492
28,7492
7,7493
17,7493
36,7493
40,7493
38,7494
10,7495
15,7495
34,7496
53,7496
57,7496
51,7497
6,7499
14,7499
43,7499
23,7500
11,7501
23,7501
16,7502
54,7502
40,7503
18,7505
24,7505
37,7506
38,7507
49,7507
24,7508
48,7508
42,7509
5,7510
23,7510
35,7512
60,7513
46,7513
60,7514
56,7514
57,7514
24,7515
6,7516
18,7516
22,7516
17,7518
27,7518
51,7519
58,7520
5,7522
34,7522
44,7523
33,7524
52,7525
39,7527
47,7527
8,7528
31,7528
20,7530
52,7533
14,7534
33,7534
44,7535
15,7536
31,7536
36,7538
37,7538
6,7539
41,7539
45,7539
16,7540
28,7540
37,7541
24,7542
35,7543
11,7544
48,7544
8,7545
6,7546
11,7546
18,7546
26,7546
53,7547
27,7550
3,7551
28,7551
34,7551
42,7551
5,7552
28,7552
34,7553
45,7553
18,7555
19,7555
26,7555
34,7555
57,7556
53,7557
41,7562
32,7567
4,7570
43,7570
10,7572
42,7572
53,7572
60,7574
53,7574
40,7576
15,7579
6,7582
39,7582
51,7582
44,7585
4,7587
8,7587
28,7590
36,7590
41,7590
18,7591
13,7592
25,7592
23,7596
44,7596
3,7597
37,7597
57,7597
19,7598
11,7600
16,7600
43,7600
56,7600
56,7601
60,7602
4,7602
24,7602
26,7602
6,7603
12,7603
49,7605
60,7607
41,7608
59,7608
41,7609
56,7609
20,7610
55,7611
24,7612
18,7613
29,7615
15,7616
29,7616
31,7616
41,7616
38,7617
41,7619
39,7622
12,7623
60,7624
40,7624
51,7624
18,7627
47,7627
46,7628
10,7629
3,7630
14,7630
53,7631
25,7632
60,7633
9,7634
19,7634
33,7634
48,7634
56,7635
32,7637
58,7638
34,7639
35,7640
15,7642
33,7643
52,7644
50,7646
26,7647
51,7647
41,7648
14,7649
38,7649
58,7649
4,7650
20,7650
22,7650
48,7650
44,7651
53,7652
13,7653
20,7654
37,7654
39,7654
44,7655
56,7655
26,7658
28,7659
4,7661
30,7663
31,7664
57,7664
7,7665
28,7667
52,7667
58,7667
38,7670
36,7672
33,7673
9,7675
28,7676
33,7676
28,7677
40,7677
43,7677
56,7677
17,7678
43,7679
53,7679
18,7681
40,7683
41,7684
53,7684
5,7685
44,7685
49,7685
56,7685
26,7687
50,7688
29,7689
31,7689
25,7690
57,7690
41,7691
9,7693
46,7693
11,7696
53,7696
17,7697
21,7697
13,7699
47,7699
54,7700
33,7703
20,7706
15,7707
30,7707
48,7707
55,7707
59,7707
31,7708
34,7712
5,7713
40,7714
43,7714
9,7715
4,7716
13,7717
29,7717
32,7718
22,7720
47,7720
15,7721
41,7721
48,7721
45,7722
53,7722
57,7723
16,7725
10,7727
53,7727
50,7728
27,7729
36,7729
38,7730
46,7730
35,7731
59,7732
6,7733
30,7733
39,7733
10,7734
34,7734
37,7736
52,7736
58,7737
19,7738
52,7738
60,7740
20,7740
57,7742
23,7744
56,7745
49,7746
15,7747
14,7748
5,7749
28,7749
57,7749
13,7750
14,7750
16,7750
1,7751
2,7752
1,7753
43,7754
2,7756
60,7757
22,7757
47,7758
55,7758
1,7759
15,7759
42,7760
2,7762
59,7764
27,7766
52,7768
31,7769
56,7769
58,7769
20,7771
35,7771
36,7772
37,7772
43,7772
12,7774
43,7774
34,7776
22,7777
19,7779
7,7780
44,7780
18,7781
13,7782
17,7783
48,7784
54,7784
44,7787
7,7789
9,7789
56,7789
37,7790
55,7790
17,7791
43,7792
34,7795
30,7796
49,7797
23,7798
28,7798
31,7798
6,7799
52,7799
5,7800
34,7801
60,7802
43,7803
40,7804
1,7807
3,7808
43,7808
22,7809
24,7810
41,7810
10,7811
48,7811
39,7813
8,7814
31,7814
14,7815
41,7815
42,7816
26,7817
31,7817
53,7817
32,7818
49,7818
13,7820
52,7820
5,7821
55,7821
22,7823
48,7827
54,7827
58,7827
20,7828
44,7829
5,7830
24,7830
30,7830
9,7832
49,7832
4,7834
18,7834
22,7834
22,7835
42,7835
1,7837
15,7838
1,7839
19,7839
51,7839
58,7839
2,7840
18,7840
40,7840
35,7841
22,7842
18,7844
36,7844
5,7845
13,7845
46,7845
52,7846
23,7847
25,7847
28,7848
56,7848
57,7848
9,7849
54,7849
1,7851
22,7851
23,7851
2,7852
39,7852
39,7853
2,7854
22,7854
21,7856
28,7856
57,7858
19,7859
23,7860
38,7860
52,7860
5,7862
1,7864
26,7864
38,7864
4,7867
8,7867
44,7867
2,7868
1,7870
1,7871
20,7871
60,7873
2,7873
17,7874
31,7876
38,7876
2,7877
21,7877
16,7881
15,7882
26,7883
49,7884
11,7885
24,7885
33,7885
47,7885
45,7887
58,7887
24,7888
37,7888
43,7888
18,7889
30,7889
59,7889
9,7892
9,7893
58,7894
46,7895
5,7896
19,7897
22,7899
45,7899
22,7900
6,7901
21,7902
34,7904
19,7906
28,7907
30,7907
19,7908
23,7908
26,7908
56,7910
5,7911
60,7912
35,7912
40,7912
51,7915
35,7916
42,7916
27,7918
36,7918
4,7919
48,7919
19,7921
30,7924
54,7924
59,7924
1,7925
59,7925
2,7926
9,7926
30,7926
1,7927
35,7929
1,7930
9,7931
34,7931
58,7931
2,7932
34,7932
2,7933
18,7933
10,7934
36,7935
39,7935
11,7940
53,7940
28,7941
34,7941
60,7943
23,7943
50,7943
56,7943
37,7944
47,7945
11,7946
60,7947
59,7947
35,7948
41,7948
47,7948
49,7949
54,7949
23,7950
41,7951
21,7952
22,7953
6,7954
18,7954
52,7955
28,7956
53,7956
1,7957
16,7957
17,7957
36,7957
51,7957
1,7959
11,7959
22,7959
44,7959
12,7960
40,7960
2,7961
43,7962
41,7963
1,7965
23,7966
29,7966
30,7967
50,7967
2,7969
15,7969
27,7969
42,7969
60,7971
2,7971
59,7971
52,7973
5,7976
16,7976
9,7978
29,7980
34,7980
59,7981
45,7983
40,7984
24,7985
35,7985
22,7986
55,7986
20,7987
46,7987
23,7989
40,7989
36,7990
57,7990
46,7991
16,7992
8,7994
12,7994
22,7996
32,7997
47,7998
9,7999
28,7999
33,7999
13,8001
18,8001
30,8001
47,8002
22,8003
23,8004
31,8004
56,8004
50,8006
55,8006
50,8010
52,8010
18,8011
47,8011
32,8012
56,8013
20,8015
24,8017
59,8019
3,8020
31,8028
44,8028
31,8029
4,8033
21,8033
13,8034
60,8036
4,8036
12,8036
41,8039
5,8040
33,8041
5,8042
16,8042
19,8043
30,8044
54,8044
40,8045
1,8046
2,8048
1,8049
16,8049
27,8049
36,8050
2,8051
27,8051
36,8051
52,8051
60,8052
1,8052
16,8053
2,8054
38,8055
18,8056
40,8056
59,8057
4,8058
60,8059
31,8059
42,8059
54,8059
41,8060
12,8061
4,8062
26,8062
13,8063
19,8063
47,8063
3,8064
60,8066
5,8068
39,8069
57,8070
53,8071
58,8071
16,8073
4,8074
21,8074
28,8076
50,8076
56,8078
56,8079
14,8081
28,8083
43,8083
48,8083
59,8083
20,8084
8,8085
13,8085
36,8085
38,8085
42,8087
1,8088
1,8089
7,8089
30,8090
41,8090
22,8091
25,8091
2,8092
3,8092
18,8092
2,8093
59,8093
1,8094
2,8095
58,8095
25,8096
11,8097
38,8097
40,8097
20,8099
10,8100
42,8102
50,8102
13,8103
5,8104
40,8104
22,8105
29,8106
45,8106
55,8106
30,8108
12,8109
45,8109
38,8112
30,8113
12,8114
50,8114
38,8116
39,8116
45,8116
59,8117
8,8118
59,8119
17,8120
39,8120
57,8120
11,8121
43,8121
11,8123
1,8126
2,8127
14,8127
20,8127
41,8128
54,8128
1,8129
45,8131
2,8132
13,8132
37,8132
45,8132
1,8134
60,8135
53,8135
59,8135
2,8137
44,8137
20,8138
29,8138
44,8138
52,8138
10,8139
14,8139
42,8140
54,8140
56,8141
42,8142
52,8142
26,8143
45,8143
24,8144
28,8144
58,8145
33,8146
21,8148
23,8148
4,8150
6,8150
21,8154
55,8155
52,8156
31,8157
18,8158
53,8158
47,8159
3,8161
28,8162
21,8164
26,8164
27,8164
49,8164
23,8165
40,8165
5,8166
31,8166
6,8167
24,8167
60,8168
32,8168
55,8168
27,8169
33,8169
18,8170
43,8170
43,8171
50,8172
13,8173
35,8173
14,8174
52,8174
53,8175
31,8176
57,8176
4,8177
5,8177
25,8177
58,8178
16,8179
46,8179
30,8180
25,8181
1,8183
12,8183
17,8183
18,8183
2,8184
1,8185
50,8185
2,8186
49,8186
19,8187
31,8187
1,8188
34,8188
51,8188
56,8188
58,8188
18,8189
33,8189
44,8189
2,8190
31,8191
52,8191
60,8192
4,8193
29,8193
12,8194
18,8194
28,8194
46,8194
14,8196
41,8197
59,8197
36,8198
45,8198
13,8199
39,8200
28,8203
57,8203
33,8204
58,8204
25,8206
35,8206
42,8206
28,8207
35,8207
40,8207
30,8208
27,8211
58,8211
12,8212
14,8212
18,8212
18,8213
39,8213
46,8214
58,8215
33,8217
32,8218
45,8218
5,8221
25,8221
33,8222
24,8223
27,8224
9,8225
53,8225
6,8227
31,8227
55,8227
3,8228
40,8228
6,8229
15,8229
18,8229
14,8230
24,8230
33,8231
23,8232
37,8232
19,8234
32,8235
22,8237
25,8237
3,8238
33,8238
42,8238
27,8239
21,8240
1,8242
26,8242
38,8242
47,8242
53,8243
12,8244
52,8244
2,8245
3,8245
1,8246
10,8246
1,8247
3,8247
2,8248
33,8248
12,8249
44,8249
47,8249
2,8250
13,8250
23,8251
12,8252
41,8252
39,8254
14,8256
48,8256
29,8260
7,8261
47,8261
56,8261
13,8262
50,8262
27,8263
30,8263
39,8264
60,8265
17,8265
43,8265
50,8265
57,8265
57,8266
28,8269
54,8270
26,8271
7,8272
57,8272
15,8276
21,8276
4,8278
50,8278
53,8278
5,8279
32,8279
49,8279
14,8280
11,8281
21,8283
51,8283
21,8285
51,8286
54,8287
57,8287
12,8289
8,8290
9,8290
38,8290
17,8291
14,8293
42,8293
23,8294
19,8295
12,8299
17,8299
45,8299
15,8300
15,8302
18,8302
23,8304
42,8304
58,8304
15,8305
45,8305
60,8306
1,8306
21,8306
29,8306
56,8306
42,8307
13,8308
2,8309
56,8309
1,8311
1,8312
13,8312
2,8313
2,8314
48,8316
45,8319
56,8320
40,8322
12,8324
35,8325
3,8326
27,8327
40,8327
43,8330
50,8330
26,8331
13,8332
16,8332
48,8332
17,8333
54,8333
55,8333
43,8334
11,8336
3,8338
30,8338
23,8339
9,8343
42,8343
16,8346
37,8348
55,8348
10,8349
30,8349
52,8349
47,8350
42,8352
58,8352
29,8353
49,8353
3,8354
1,8358
1,8359
60,8360
2,8360
17,8360
46,8360
18,8361
32,8361
53,8361
15,8362
23,8362
43,8363
1,8365
16,8365
21,8365
33,8365
35,8365
44,8365
45,8365
36,8366
57,8366
3,8368
8,8368
2,8369
19,8369
2,8370
10,8371
48,8371
12,8372
35,8372
49,8372
43,8373
60,8374
1,8374
1,8375
15,8375
7,8376
15,8376
26,8376
42,8377
2,8378
8,8378
20,8378
13,8379
23,8379
2,8381
26,8381
1,8382
17,8382
34,8382
2,8383
15,8383
14,8384
60,8385
13,8386
14,8386
31,8386
41,8386
45,8388
31,8389
37,8389
60,8390
29,8390
6,8392
37,8393
26,8394
47,8394
49,8394
37,8396
59,8396
27,8397
31,8397
22,8398
1,8399
2,8400
44,8400
30,8401
1,8402
8,8402
17,8403
19,8404
49,8404
2,8405
1,8406
22,8406
59,8406
37,8407
53,8407
2,8408
31,8409
49,8409
17,8410
25,8410
57,8410
39,8411
36,8412
42,8412
42,8413
57,8414
26,8415
38,8416
13,8418
41,8418
35,8420
10,8421
23,8421
40,8421
54,8421
10,8422
22,8423
32,8423
29,8425
17,8426
32,8426
45,8427
6,8429
53,8429
32,8431
39,8431
12,8432
36,8433
15,8436
20,8436
33,8436
57,8436
20,8437
46,8437
51,8437
58,8440
41,8441
52,8441
6,8442
30,8442
32,8442
50,8443
34,8444
24,8448
35,8449
39,8449
42,8449
5,8450
54,8450
47,8453
15,8454
4,8457
17,8457
21,8457
47,8458
52,8458
56,8458
24,8459
2,8460
8,8460
46,8460
51,8461
58,8464
15,8465
24,8470
35,8470
1,8474
56,8474
44,8475
19,8477
5,8478
30,8479
10,8480
59,8481
45,8482
3,8483
30,8483
14,8484
28,8484
35,8484
42,8484
36,8485
58,8485
11,8486
60,8487
14,8487
56,8487
20,8488
9,8489
47,8489
21,8490
7,8491
41,8491
44,8491
23,8492
33,8492
59,8492
9,8494
18,8494
31,8494
8,8496
39,8497
24,8498
41,8498
16,8499
26,8500
19,8501
27,8501
42,8501
5,8502
40,8502
42,8502
19,8504
56,8504
58,8504
9,8505
43,8508
17,8510
16,8512
32,8512
15,8513
34,8513
11,8515
48,8519
10,8523
11,8523
17,8523
38,8523
15,8524
52,8524
43,8525
55,8526
20,8527
42,8527
26,8528
45,8531
16,8532
40,8532
49,8532
12,8533
21,8533
31,8534
27,8535
20,8538
46,8539
7,8540
55,8540
14,8541
55,8542
59,8542
50,8543
41,8544
27,8547
45,8549
54,8550
34,8551
8,8552
39,8552
11,8553
56,8553
59,8553
33,8554
42,8555
38,8556
9,8557
25,8557
15,8558
41,8558
36,8559
29,8560
55,8560
12,8563
18,8563
24,8563
60,8565
7,8565
9,8565
57,8565
19,8566
13,8567
35,8567
35,8570
29,8571
34,8572
41,8572
60,8573
15,8573
35,8573
43,8573
41,8574
46,8575
54,8575
44,8576
48,8576
49,8576
22,8577
36,8578
33,8582
49,8582
30,8583
4,8584
46,8586
15,8587
30,8587
59,8588
35,8589
54,8589
14,8590
20,8590
20,8591
35,8592
22,8593
25,8593
44,8593
33,8594
47,8595
29,8599
41,8599
47,8599
35,8601
38,8601
43,8602
7,8603
20,8604
43,8604
12,8605
41,8606
19,8607
52,8607
16,8610
12,8612
1,8614
5,8616
47,8616
9,8617
35,8617
49,8617
51,8617
39,8618
1,8619
52,8619
2,8620
14,8620
37,8620
14,8621
23,8621
40,8621
1,8622
2,8624
4,8625
11,8625
48,8625
2,8626
26,8626
42,8626
56,8626
13,8627
23,8627
6,8628
39,8628
40,8628
29,8629
33,8631
42,8631
8,8633
51,8633
54,8633
18,8634
41,8634
48,8634
14,8636
29,8636
40,8636
18,8637
49,8637
6,8638
11,8638
24,8638
41,8638
58,8638
6,8640
22,8640
51,8640
52,8641
5,8643
18,8644
47,8644
33,8645
39,8645
41,8647
54,8647
30,8648
25,8649
28,8650
55,8650
8,8651
30,8651
19,8652
44,8652
5,8654
44,8654
46,8654
52,8654
3,8656
8,8656
26,8656
46,8656
48,8656
22,8657
14,8658
48,8661
43,8662
28,8663
27,8665
4,8666
21,8668
5,8670
37,8670
44,8671
46,8671
47,8671
1,8672
50,8672
1,8673
7,8673
14,8673
47,8674
36,8675
24,8676
52,8676
2,8678
6,8678
31,8679
34,8679
1,8680
57,8680
51,8681
1,8682
2,8684
10,8684
2,8686
29,8686
33,8686
20,8687
40,8687
45,8687
10,8689
34,8690
60,8693
27,8694
42,8695
37,8697
13,8698
34,8698
3,8699
30,8699
45,8699
43,8702
47,8702
6,8703
19,8703
15,8704
27,8706
57,8706
4,8707
49,8708
7,8709
10,8709
39,8709
8,8710
38,8711
45,8711
50,8711
30,8712
50,8712
25,8713
8,8714
42,8715
1,8716
2,8717
7,8717
44,8717
1,8718
22,8718
39,8718
8,8720
18,8720
16,8721
1,8722
59,8722
2,8723
51,8723
2,8725
27,8725
56,8725
55,8726
5,8729
4,8731
10,8731
21,8731
30,8731
53,8731
17,8732
46,8733
36,8734
4,8735
27,8735
27,8737
28,8737
35,8738
36,8740
45,8740
60,8744
42,8744
55,8745
28,8746
7,8747
15,8747
59,8747
23,8748
17,8749
60,8750
33,8752
17,8756
23,8757
34,8757
38,8757
3,8759
42,8759
48,8759
52,8759
26,8761
35,8761
50,8761
5,8763
16,8764
33,8764
2,8766
47,8766
54,8766
37,8767
53,8767
59,8767
28,8768
50,8768
58,8768
21,8769
41,8770
4,8771
31,8772
38,8772
1,8777
2,8778
24,8778
21,8779
15,8780
21,8782
3,8783
29,8783
58,8783
5,8784
26,8785
35,8785
42,8786
44,8786
13,8789
29,8789
25,8790
35,8790
60,8791
12,8791
46,8794
36,8797
56,8797
16,8798
28,8798
53,8798
37,8800
43,8800
24,8801
31,8801
50,8802
31,8803
57,8803
35,8804
53,8804
36,8805
41,8807
10,8808
11,8808
32,8808
51,8808
34,8809
1,8810
5,8811
12,8811
25,8811
40,8811
2,8813
8,8813
10,8813
42,8813
1,8814
1,8815
3,8815
44,8815
2,8816
46,8816
2,8817
19,8818
6,8819
40,8820
28,8821
36,8821
54,8821
47,8823
26,8825
40,8827
11,8828
9,8829
44,8829
25,8830
10,8831
20,8832
35,8832
52,8832
12,8833
57,8834
19,8835
22,8835
23,8835
20,8839
13,8840
28,8840
39,8840
54,8840
20,8841
44,8842
16,8843
54,8844
24,8845
35,8845
7,8847
39,8847
7,8848
51,8848
59,8848
47,8849
17,8850
29,8851
43,8852
36,8853
35,8855
40,8855
5,8856
35,8856
11,8857
17,8860
58,8860
23,8863
36,8863
35,8864
41,8865
13,8866
37,8866
45,8867
16,8868
48,8870
54,8870
56,8870
7,8872
21,8872
51,8872
19,8873
40,8873
42,8873
60,8874
25,8876
49,8876
54,8876
59,8876
41,8877
60,8878
1,8879
35,8879
44,8879
41,8880
29,8881
30,8881
32,8881
10,8882
19,8882
2,8883
17,8883
32,8884
1,8885
29,8886
21,8887
49,8888
2,8889
7,8889
14,8889
1,8890
11,8890
23,8890
2,8891
8,8893
15,8893
56,8894
44,8895
9,8896
39,8896
24,8898
36,8898
14,8899
41,8899
8,8902
28,8903
39,8904
45,8904
14,8906
17,8907
27,8907
59,8908
4,8910
40,8910
50,8911
60,8912
50,8912
57,8913
22,8915
29,8915
41,8915
57,8916
34,8917
27,8918
58,8918
10,8919
35,8919
15,8920
18,8921
43,8922
10,8923
29,8923
37,8923
57,8924
35,8925
47,8925
22,8926
12,8927
1,8929
39,8929
52,8929
57,8929
1,8931
38,8931
22,8932
46,8932
2,8933
51,8933
2,8934
12,8934
14,8934
44,8934
27,8935
1,8936
31,8936
44,8936
59,8936
2,8940
44,8940
55,8940
19,8941
38,8941
13,8942
16,8942
6,8943
28,8943
4,8944
53,8945
47,8946
9,8948
26,8950
5,8953
16,8953
54,8953
38,8954
42,8954
16,8957
12,8958
25,8958
35,8958
1,8959
4,8959
1,8960
4,8961
19,8961
44,8961
45,8961
2,8962
16,8962
1,8963
52,8963
54,8963
57,8963
2,8964
31,8964
31,8965
2,8966
23,8966
38,8967
26,8968
12,8969
11,8970
17,8970
31,8972
58,8972
15,8974
59,8974
13,8976
25,8977
42,8979
1,8982
15,8982
45,8982
47,8982
2,8983
49,8984
53,8984
1,8985
2,8986
4,8986
1,8987
8,8987
15,8987
56,8987
24,8988
2,8989
19,8989
52,8989
41,8990
5,8991
28,8991
38,8992
11,8993
54,8993
47,8994
24,8995
58,8995
28,8996
5,8997
30,8997
60,8998
25,8999
27,9000
30,9000
44,9000
33,9001
46,9001
18,9002
4,9003
37,9003
40,9005
19,9007
35,9008
56,9009
16,9010
46,9012
7,9013
24,9013
15,9014
31,9014
31,9015
20,9016
22,9018
27,9018
28,9018
36,9018
55,9019
9,9021
45,9021
5,9022
21,9022
37,9022
53,9023
38,9024
45,9024
10,9025
18,9025
43,9025
8,9026
12,9026
21,9026
1,9027
2,9029
33,9029
39,9029
30,9030
18,9031
1,9032
14,9032
21,9032
58,9032
1,9033
8,9033
33,9033
41,9033
2,9034
45,9034
2,9035
31,9035
31,9036
49,9036
59,9036
1,9037
31,9037
38,9037
2,9038
21,9038
1,9039
23,9041
53,9042
2,9043
30,9043
34,9044
1,9045
14,9045
33,9045
39,9045
2,9046
44,9046
59,9046
49,9047
57,9047
10,9049
24,9049
31,9052
8,9054
14,9055
27,9055
46,9055
21,9056
56,9057
19,9058
16,9063
36,9063
28,9064
31,9064
3,9065
48,9065
24,9066
50,9067
60,9068
17,9068
35,9068
19,9069
35,9069
27,9071
22,9072
36,9074
46,9074
42,9075
51,9076
58,9076
12,9077
25,9077
47,9077
40,9078
46,9080
42,9081
46,9081
24,9082
38,9082
17,9084
20,9086
42,9087
59,9087
26,9088
39,9089
52,9089
23,9090
15,9093
45,9093
17,9094
33,9094
57,9094
25,9095
39,9095
60,9098
21,9099
24,9100
36,9101
3,9102
35,9102
34,9103
45,9103
19,9105
25,9106
30,9106
24,9107
1,9108
1,9109
2,9110
46,9111
48,9111
5,9112
32,9112
2,9113
60,9114
10,9114
12,9115
1,9116
38,9116
19,9117
2,9118
5,9118
22,9119
44,9119
23,9120
24,9122
28,9122
12,9123
54,9123
33,9124
42,9126
45,9126
22,9127
4,9128
59,9128
46,9129
3,9131
49,9131
3,9132
42,9132
51,9132
49,9133
41,9134
47,9134
13,9135
41,9135
56,9135
18,9136
54,9137
16,9138
44,9139
53,9139
55,9139
40,9141
8,9142
29,9142
46,9142
15,9143
6,9145
39,9145
47,9145
25,9146
44,9146
20,9148
59,9148
8,9149
48,9149
16,9150
25,9150
42,9150
7,9151
1,9154
17,9155
52,9155
2,9157
10,9157
21,9157
1,9158
43,9158
1,9159
2,9161
2,9162
12,9163
23,9163
46,9163
51,9163
40,9164
7,9165
1,9166
60,9167
13,9167
22,9167
39,9167
2,9168
1,9169
6,9169
40,9169
2,9170
28,9170
53,9170
57,9171
8,9172
1,9173
40,9173
2,9174
13,9178
55,9179
8,9181
50,9182
45,9183
2,9184
12,9184
24,9184
16,9185
29,9185
18,9186
39,9186
27,9187
14,9188
40,9188
7,9189
11,9190
27,9190
23,9191
26,9192
20,9193
39,9193
22,9195
24,9195
10,9196
15,9196
24,9196
29,9196
60,9199
3,9199
40,9199
58,9199
31,9200
51,9200
18,9202
28,9204
37,9204
57,9204
21,9205
3,9207
33,9208
43,9208
11,9209
19,9209
36,9210
47,9210
41,9211
4,9212
22,9212
49,9212
1,9213
37,9213
1,9214
18,9214
20,9214
2,9215
32,9215
53,9215
1,9217
4,9217
25,9217
39,9217
43,9217
2,9218
59,9218
16,9219
2,9220
26,9221
22,9222
49,9222
19,9223
22,9223
33,9223
1,9224
8,9224
14,9224
2,9225
13,9225
42,9225
16,9226
52,9226
1,9227
28,9227
38,9228
47,9228
1,9229
3,9229
7,9229
22,9229
46,9229
25,9230
43,9230
33,9231
2,9232
20,9232
43,9233
2,9234
46,9235
56,9236
29,9237
59,9237
41,9238
44,9240
12,9242
54,9242
44,9243
51,9243
59,9243
32,9245
20,9248
43,9248
40,9250
47,9250
30,9251
52,9251
23,9252
42,9253
58,9254
17,9255
1,9256
7,9256
19,9257
27,9257
49,9257
2,9258
3,9258
32,9258
1,9259
49,9259
2,9260
14,9260
57,9261
1,9262
3,9263
7,9263
54,9263
37,9264
2,9266
4,9266
13,9266
52,9266
33,9267
35,9268
36,9268
21,9269
46,9269
33,9270
54,9270
10,9272
18,9273
24,9273
7,9274
45,9274
53,9275
8,9277
11,9278
20,9278
33,9278
18,9282
54,9282
4,9285
40,9285
4,9286
15,9289
58,9289
13,9290
46,9290
16,9292
14,9293
29,9293
28,9294
39,9294
44,9294
9,9295
31,9295
33,9295
14,9297
39,9297
20,9299
26,9299
54,9299
17,9300
25,9300
56,9300
6,9301
18,9301
6,9302
9,9302
60,9303
3,9303
11,9304
13,9304
29,9304
16,9305
22,9305
34,9305
16,9306
19,9306
45,9306
15,9308
47,9308
56,9309
59,9310
26,9312
46,9312
15,9313
49,9314
60,9315
7,9317
32,9317
41,9317
43,9318
48,9319
60,9320
29,9320
53,9320
6,9321
30,9322
55,9323
56,9323
55,9325
11,9326
32,9326
36,9328
15,9332
48,9332
47,9333
50,9333
1,9334
43,9334
2,9335
26,9335
1,9336
1,9337
2,9338
14,9338
14,9341
21,9341
25,9341
52,9341
2,9342
40,9343
20,9344
35,9344
45,9344
37,9346
10,9347
57,9348
59,9349
15,9351
25,9352
54,9352
19,9353
27,9353
41,9353
44,9353
30,9354
6,9356
17,9357
5,9358
39,9360
54,9360
4,9361
39,9361
40,9361
41,9361
15,9362
23,9362
7,9363
31,9364
37,9364
51,9364
11,9365
16,9365
32,9365
38,9365
17,9366
29,9366
39,9366
16,9367
17,9368
26,9369
10,9370
5,9371
36,9372
59,9373
10,9374
20,9374
46,9374
4,9376
59,9376
54,9377
58,9379
22,9380
29,9380
34,9380
7,9381
40,9382
46,9382
30,9383
32,9384
46,9384
35,9385
11,9386
20,9386
35,9386
56,9386
6,9387
35,9388
31,9389
52,9390
11,9391
5,9393
9,9393
15,9393
30,9393
34,9396
10,9397
18,9397
10,9398
22,9399
51,9400
38,9401
50,9402
32,9403
1,9404
6,9404
45,9405
49,9405
8,9406
2,9407
4,9407
1,9413
5,9413
6,9414
9,9414
32,9414
16,9415
2,9416
6,9416
17,9417
27,9417
53,9417
1,9418
15,9418
2,9419
13,9419
7,9420
1,9421
2,9422
1,9423
23,9423
32,9423
1,9424
50,9424
59,9424
2,9425
41,9425
22,9426
2,9427
48,9427
50,9427
1,9428
38,9428
48,9428
2,9429
40,9429
11,9430
49,9430
19,9431
35,9431
57,9431
10,9432
37,9432
58,9432
38,9435
18,9438
35,9439
37,9440
48,9444
48,9445
22,9446
26,9448
32,9448
35,9450
44,9450
9,9451
2,9452
13,9452
26,9454
17,9455
30,9455
43,9456
31,9458
9,9459
36,9459
13,9460
14,9462
28,9462
42,9462
26,9464
31,9465
32,9465
44,9465
49,9465
26,9466
39,9467
47,9469
13,9470
7,9473
21,9474
46,9475
22,9479
4,9480
16,9481
29,9481
56,9481
31,9482
52,9483
34,9484
14,9486
51,9486
55,9486
8,9487
10,9487
32,9487
39,9487
48,9488
23,9490
31,9491
43,9491
58,9492
32,9493
1,9496
15,9497
24,9497
53,9497
1,9500
37,9501
53,9501
1,9503
27,9503
40,9503
33,9504
2,9505
10,9505
56,9505
1,9506
36,9506
2,9508
2,9509
17,9509
6,9510
24,9510
26,9510
27,9511
44,9511
50,9512
40,9513
37,9514
29,9515
53,9515
18,9516
23,9516
11,9520
37,9521
12,9522
56,9523
44,9524
23,9525
23,9527
26,9527
38,9528
42,9528
27,9530
52,9530
34,9531
41,9532
13,9533
18,9533
6,9535
17,9535
16,9536
32,9537
36,9539
48,9539
12,9540
53,9540
58,9540
7,9541
34,9541
17,9542
26,9543
52,9544
59,9545
56,9547
1,9548
18,9548
2,9549
1,9550
41,9550
39,9551
16,9552
52,9552
8,9553
44,9553
2,9554
48,9554
59,9554
1,9556
36,9556
59,9557
2,9558
48,9558
16,9560
57,9560
5,9561
44,9562
1,9564
52,9564
15,9565
47,9565
1,9566
60,9567
1,9567
53,9568
2,9569
54,9569
2,9570
1,9571
51,9571
2,9572
20,9572
19,9574
29,9574
10,9576
51,9576
11,9577
45,9577
32,9578
36,9578
6,9579
19,9580
44,9580
60,9581
3,9582
10,9583
10,9584
18,9585
39,9585
54,9586
40,9587
37,9589
31,9591
15,9592
27,9592
32,9592
38,9592
20,9593
17,9595
54,9595
7,9597
22,9597
23,9598
29,9598
41,9599
47,9600
29,9601
32,9601
14,9602
25,9602
28,9604
5,9605
20,9605
53,9605
9,9606
12,9606
46,9607
21,9609
20,9611
1,9612
60,9613
5,9613
49,9614
17,9615
19,9615
8,9616
20,9616
43,9616
57,9616
4,9618
17,9618
35,9621
38,9621
29,9622
49,9622
30,9623
25,9624
21,9626
20,9628
28,9629
53,9629
4,9631
11,9635
50,9635
18,9638
27,9641
15,9642
42,9642
43,9645
17,9647
23,9647
19,9649
47,9650
39,9652
44,9652
45,9652
50,9654
11,9655
50,9655
37,9658
39,9660
49,9660
53,9660
2,9661
31,9661
32,9662
33,9662
5,9663
16,9663
31,9663
40,9663
48,9663
14,9665
59,9665
1,9666
28,9666
55,9666
21,9667
3,9669
18,9669
21,9669
23,9669
34,9669
2,9670
48,9670
55,9670
28,9672
52,9673
5,9676
56,9676
1,9678
55,9678
1,9679
3,9679
60,9680
2,9681
28,9681
2,9682
30,9682
13,9684
53,9684
60,9685
20,9685
36,9686
13,9687
25,9687
35,9687
59,9688
9,9689
33,9689
37,9689
13,9690
55,9692
48,9693
42,9696
28,9697
6,9699
26,9702
7,9703
59,9703
54,9704
34,9705
6,9706
16,9706
48,9706
16,9707
31,9707
13,9708
51,9710
9,9711
32,9712
57,9712
6,9713
30,9713
30,9716
54,9716
30,9717
36,9718
23,9720
47,9720
16,9721
27,9722
54,9722
27,9723
39,9723
42,9723
60,9725
35,9726
38,9726
15,9727
34,9727
15,9728
46,9729
59,9730
24,9732
27,9733
28,9733
14,9734
53,9734
10,9736
18,9736
45,9736
38,9737
28,9738
16,9739
60,9740
13,9740
2,9741
21,9741
18,9742
40,9742
50,9742
59,9742
33,9744
31,9745
31,9747
4,9750
33,9751
49,9751
31,9752
41,9752
22,9754
42,9754
40,9755
33,9757
45,9757
33,9758
41,9758
8,9759
12,9759
58,9759
57,9760
10,9761
4,9762
26,9762
51,9763
10,9764
41,9764
33,9767
12,9768
38,9768
44,9768
5,9769
53,9769
48,9771
50,9771
10,9772
19,9772
32,9772
12,9773
37,9773
37,9774
12,9775
4,9776
56,9776
15,9778
4,9780
10,9780
20,9780
53,9780
19,9781
27,9781
32,9782
41,9782
37,9783
9,9784
15,9784
37,9785
41,9785
33,9787
29,9789
56,9789
13,9790
21,9790
23,9790
31,9790
19,9792
16,9795
55,9795
14,9796
22,9799
56,9799
17,9800
24,9800
27,9800
34,9800
28,9801
42,9801
41,9802
50,9802
6,9803
3,9804
4,9805
17,9805
35,9807
45,9807
55,9807
19,9810
54,9810
27,9811
33,9811
7,9812
49,9812
20,9816
27,9816
59,9817
28,9818
27,9821
41,9822
12,9823
34,9823
16,9824
20,9824
32,9824
9,9827
40,9827
55,9827
9,9828
21,9828
31,9828
46,9828
48,9828
16,9829
13,9830
32,9830
4,9831
9,9831
24,9831
19,9832
30,9832
39,9832
36,9834
42,9834
8,9835
47,9839
4,9840
7,9840
50,9840
59,9842
39,9843
28,9844
6,9845
47,9845
5,9846
15,9848
24,9849
20,9851
22,9853
33,9854
39,9855
1,9856
34,9856
2,9857
12,9857
23,9858
1,9859
1,9861
2,9862
57,9862
2,9863
28,9863
55,9864
7,9865
15,9865
51,9866
32,9870
34,9870
12,9871
27,9871
45,9871
40,9872
29,9874
42,9875
47,9875
60,9876
3,9876
26,9878
17,9879
39,9879
36,9880
17,9881
6,9882
35,9882
13,9883
34,9883
54,9885
4,9886
37,9886
7,9887
6,9888
42,9888
25,9889
11,9890
37,9890
47,9890
35,9892
44,9892
36,9893
38,9893
35,9894
32,9895
43,9896
40,9900
55,9902
17,9903
27,9903
46,9903
55,9903
8,9904
3,9906
16,9906
23,9906
22,9908
25,9908
45,9908
8,9910
31,9910
32,9911
49,9911
21,9912
52,9912
28,9913
21,9914
26,9914
4,9915
13,9915
23,9915
50,9915
35,9916
55,9916
13,9917
47,9918
53,9919
60,9920
1,9920
6,9921
42,9922
1,9923
22,9923
56,9923
2,9924
3,9924
33,9924
2,9925
10,9925
1,9926
28,9926
56,9926
2,9927
52,9928
55,9928
13,9929
35,9929
52,9932
4,9934
11,9934
24,9935
54,9935
50,9936
14,9937
47,9937
30,9938
56,9940
33,9941
56,9942
23,9943
5,9945
51,9945
52,9946
10,9947
46,9948
53,9949
31,9953
43,9953
2,9954
39,9954
42,9954
50,9954
4,9955
36,9956
27,9958
47,9958
48,9958
52,9958
40,9959
41,9960
49,9962
59,9962
48,9963
59,9964
56,9966
3,9967
55,9969
58,9973
16,9974
28,9974
47,9974
60,9975
9,9975
10,9975
60,9977
58,9978
7,9979
13,9979
51,9979
12,9981
59,9982
38,9983
11,9984
3,9985
21,9985
7,9987
20,9988
28,9988
13,9989
37,9989
40,9989
14,9991
26,9992
17,9994
21,9994
17,9995
13,9998
22,9998
51,9998
40,9999
