9,6
42,6
31,7
11,8
20,8
11,9
28,9
50,12
17,12
19,14
13,15
46,15
27,16
43,17
44,17
45,17
48,17
3,18
5,19
24,19
2,20
4,21
5,23
29,23
4,25
44,25
3,26
6,29
10,29
9,30
25,32
50,34
40,34
49,34
42,35
13,38
30,39
29,41
20,42
45,43
25,44
32,44
45,44
22,45
12,46
33,46
16,48
49,49
26,51
36,51
20,53
50,60
33,60
35,60
7,61
23,61
14,62
18,62
18,63
9,64
22,66
2,69
48,69
14,71
30,71
31,74
49,75
23,76
29,76
14,77
9,80
30,80
33,80
17,81
29,81
39,81
6,83
33,85
45,86
6,89
9,89
9,90
24,90
40,90
20,94
43,97
9,98
13,98
37,98
21,100
3,101
18,101
42,101
46,102
8,103
40,104
5,105
37,105
4,106
22,108
25,108
50,109
4,109
6,109
11,110
31,110
35,110
3,111
46,113
5,118
37,118
12,119
29,119
3,121
4,122
9,123
5,125
28,126
34,126
3,127
29,128
5,129
32,130
41,130
4,132
40,133
1,134
3,135
8,137
47,137
2,138
12,139
44,139
1,140
43,140
2,141
40,141
48,141
19,142
1,143
2,145
9,145
18,145
12,147
31,147
26,148
10,149
29,149
27,150
40,150
17,151
12,152
48,153
9,154
3,156
36,156
38,156
4,157
25,157
4,158
6,158
20,158
5,159
8,160
3,161
6,161
5,162
7,162
10,162
37,162
10,164
17,165
26,165
1,167
39,169
2,170
22,171
1,173
29,173
10,174
2,175
32,175
1,176
22,176
2,177
18,177
23,177
43,177
16,178
48,178
11,179
33,179
41,179
28,180
12,181
17,181
23,181
29,181
40,181
30,182
23,184
12,185
14,186
33,186
26,187
32,187
11,189
44,190
9,191
11,192
40,192
30,193
46,193
20,194
38,194
16,197
40,198
3,199
48,199
4,201
5,202
27,202
4,203
21,203
5,204
3,205
15,205
23,205
31,206
40,206
10,208
46,210
37,211
23,212
50,214
35,214
3,215
33,215
35,215
8,216
5,217
29,218
4,219
3,220
5,221
43,221
4,222
24,222
14,223
13,224
26,224
44,224
1,225
10,225
26,225
49,225
2,226
9,226
1,227
45,227
2,228
15,228
21,228
28,228
1,229
12,229
49,230
14,231
36,231
13,232
37,232
43,232
29,233
37,233
39,233
2,234
3,235
27,236
4,237
37,237
35,238
37,238
27,239
3,240
49,240
50,241
8,241
36,241
11,242
45,243
4,244
5,245
12,245
5,246
13,247
18,248
17,249
39,250
48,250
31,254
11,255
48,255
15,256
21,257
47,257
34,258
20,261
7,262
39,263
25,264
22,266
17,267
45,268
13,269
3,270
6,270
33,270
50,271
28,272
3,275
4,276
10,277
15,277
4,278
5,279
33,279
1,282
3,283
6,283
48,283
1,284
5,284
2,285
11,285
19,285
22,285
2,286
26,286
35,286
36,286
1,287
16,287
19,288
2,289
31,289
37,289
41,289
5,290
40,292
25,293
15,294
22,295
28,295
30,296
43,296
11,298
22,301
23,302
26,302
38,303
31,306
48,307
24,309
33,310
30,311
43,312
26,313
22,314
33,314
43,314
45,314
8,315
25,316
46,317
47,317
1,318
17,319
3,320
32,322
5,323
41,323
4,324
20,324
36,324
35,325
4,326
20,326
32,326
2,327
36,327
39,327
1,328
5,329
3,330
13,330
24,330
47,330
1,331
45,331
11,333
41,333
2,335
7,335
2,336
49,338
1,339
3,339
10,339
17,339
36,339
37,339
2,340
5,340
23,340
31,340
11,341
34,341
1,342
1,343
4,343
10,343
2,344
46,344
2,345
5,346
46,346
46,347
38,349
49,349
9,352
8,353
3,355
20,355
28,357
29,357
4,358
31,359
24,361
43,361
4,363
43,363
38,365
20,367
29,367
13,368
32,369
14,370
39,370
50,371
6,371
14,371
49,372
28,374
47,377
16,378
26,380
32,380
1,382
37,382
48,382
1,383
42,383
46,383
8,384
44,385
2,386
1,387
21,387
2,388
2,390
46,390
27,391
9,392
11,392
40,395
13,399
43,399
9,400
10,400
22,400
25,400
15,402
16,403
26,404
39,405
1,406
20,406
31,406
35,406
1,407
4,407
33,407
15,409
45,409
2,410
17,411
28,411
2,412
14,412
50,414
1,414
17,414
2,415
13,415
41,415
49,416
40,420
41,420
22,422
33,423
45,425
27,426
7,428
36,429
7,430
12,431
17,431
31,431
41,432
42,433
27,434
1,435
35,436
1,437
28,437
15,438
2,439
42,439
1,440
11,440
44,441
37,442
2,443
6,443
2,444
8,444
1,445
29,445
2,446
11,446
1,449
11,449
44,449
1,451
46,451
2,452
8,452
17,452
2,453
26,453
6,454
9,455
21,455
25,455
27,456
16,457
1,459
1,460
2,461
7,461
1,462
18,462
2,463
7,463
2,464
17,465
19,465
31,466
50,467
46,467
37,470
35,472
15,473
39,473
48,475
13,476
16,476
48,478
19,479
36,479
8,481
8,482
29,482
14,484
38,484
44,485
35,486
36,486
3,487
22,488
23,488
15,489
5,491
4,492
41,492
6,493
20,493
5,495
37,495
7,496
4,497
3,498
31,501
35,502
8,503
10,506
19,506
30,506
1,510
1,511
15,511
2,512
24,514
1,515
14,515
38,515
6,516
7,516
42,517
44,517
2,518
17,518
2,520
25,520
35,520
43,521
11,522
50,524
40,524
50,525
15,526
24,526
26,527
16,528
7,531
28,531
22,534
24,535
4,536
20,537
10,539
13,539
41,543
41,544
14,545
16,545
48,545
32,547
47,547
20,548
31,548
12,550
50,552
39,553
37,554
19,557
17,558
32,558
46,559
14,562
10,565
26,565
42,565
9,566
18,567
23,570
10,572
49,573
3,574
33,576
5,578
37,580
43,580
14,581
8,582
35,582
40,582
4,583
25,583
33,583
50,586
3,586
1,587
5,587
49,587
44,589
1,590
20,590
27,590
2,591
4,591
28,591
32,591
49,591
2,593
1,594
2,595
18,596
25,596
37,597
43,597
20,599
22,599
45,599
40,600
26,601
28,601
46,603
24,604
41,607
1,608
34,608
46,610
2,612
1,613
28,613
41,614
1,615
20,615
2,616
21,617
2,618
43,618
35,619
27,621
50,623
39,624
42,624
22,626
46,627
17,628
7,629
8,631
31,631
8,633
25,633
28,637
5,638
38,638
42,640
1,641
3,641
7,641
22,642
2,644
16,644
1,645
5,646
2,647
31,648
4,649
25,649
3,650
1,651
1,652
21,652
2,653
5,653
12,653
4,654
18,654
24,655
29,658
47,659
19,660
37,662
43,662
49,662
2,663
3,670
16,670
29,670
4,671
50,674
3,674
19,674
21,674
42,674
50,678
5,678
50,679
5,679
42,679
4,681
32,681
41,681
48,681
18,682
17,686
27,687
30,687
11,689
16,689
49,689
1,690
30,690
2,693
28,694
50,697
31,698
3,701
7,701
23,701
27,701
1,702
23,702
44,702
23,703
48,703
1,705
4,705
2,706
4,706
5,707
38,707
40,707
11,708
49,708
2,710
5,710
16,710
27,711
35,711
36,712
3,713
3,714
17,715
3,716
6,716
39,716
5,717
4,718
10,718
3,719
50,720
15,720
41,720
33,721
37,722
5,723
4,724
34,724
29,726
35,726
1,728
16,729
24,729
43,730
32,731
38,731
47,731
1,734
49,735
2,736
43,738
48,738
29,739
1,740
48,740
2,743
27,743
32,743
32,744
2,745
6,745
18,745
30,746
25,748
26,748
45,748
49,748
40,749
44,749
45,749
18,750
6,751
9,751
14,751
17,756
46,756
33,757
26,761
32,762
24,763
20,768
24,770
48,774
19,776
28,776
36,777
50,780
14,780
37,780
13,781
24,782
40,782
39,783
35,784
18,785
19,788
20,788
32,788
48,790
1,792
39,792
46,792
3,793
1,794
4,794
15,794
39,794
5,795
17,795
23,795
30,795
35,795
2,796
37,796
3,798
39,798
10,799
1,800
4,800
22,800
34,800
2,801
3,801
5,801
7,801
37,801
39,802
2,803
24,803
20,805
45,805
1,806
24,807
28,807
2,808
1,809
1,810
25,810
2,811
44,811
2,814
6,814
1,815
2,815
25,815
43,815
2,817
9,817
15,817
33,817
50,818
24,819
1,821
29,821
16,823
38,823
2,824
18,825
1,826
11,826
16,826
21,828
2,829
7,829
1,830
23,831
2,833
48,834
1,835
49,836
1,837
19,837
2,838
2,839
45,839
30,840
50,841
36,841
14,844
39,845
8,847
31,848
23,850
29,850
31,850
9,852
30,852
30,854
47,854
7,857
23,858
28,858
37,859
1,861
3,861
14,861
2,862
4,862
1,863
1,865
3,865
4,867
2,868
5,868
5,869
35,869
2,871
13,871
24,871
35,871
46,871
24,873
36,876
45,876
14,878
40,878
44,878
12,880
26,880
27,880
47,881
7,882
13,882
24,882
20,883
45,883
1,884
12,884
42,884
11,887
49,887
8,888
24,889
34,889
3,890
35,890
48,890
5,891
3,892
4,892
3,893
5,895
30,895
4,897
29,898
40,898
46,898
18,899
16,900
20,901
47,901
13,904
24,905
46,905
12,908
10,909
35,910
27,911
22,912
39,912
15,913
28,913
23,915
24,915
15,918
11,920
30,920
16,922
8,923
35,923
3,926
6,926
10,926
21,926
4,927
30,927
49,927
23,928
10,929
43,929
17,930
24,930
9,932
38,932
12,933
15,933
3,935
4,935
5,936
11,937
22,937
4,938
13,938
14,938
11,939
5,942
49,945
36,946
8,947
18,947
43,947
12,949
24,949
42,949
19,951
21,951
41,953
31,956
18,959
13,961
34,966
6,967
7,967
3,968
31,968
40,970
28,971
4,972
17,972
49,972
15,973
3,974
14,974
15,974
21,975
28,976
5,977
12,979
21,979
4,981
15,982
39,983
5,984
6,985
17,985
25,985
22,986
36,986
47,987
5,988
10,988
35,991
8,992
33,992
44,994
20,996
29,996
34,996
3,998
4,999
4,1000
5,1001
41,1001
45,1002
7,1004
22,1004
47,1004
5,1005
16,1005
44,1005
18,1006
42,1007
3,1008
17,1008
29,1008
8,1009
21,1009
12,1011
47,1011
25,1012
10,1013
45,1013
15,1017
32,1017
3,1018
5,1019
40,1019
4,1020
49,1020
4,1021
48,1021
38,1022
3,1023
41,1023
49,1023
5,1024
25,1024
18,1025
22,1026
41,1026
49,1026
33,1027
26,1028
32,1029
39,1030
40,1030
41,1031
34,1033
46,1033
10,1034
15,1036
22,1036
21,1037
32,1037
18,1039
49,1039
48,1041
10,1042
28,1043
42,1043
23,1044
9,1046
27,1048
30,1049
18,1050
25,1052
1,1053
7,1053
1,1055
2,1057
1,1058
47,1058
2,1059
2,1060
48,1062
49,1063
15,1066
29,1066
41,1066
44,1066
19,1067
10,1068
2,1071
7,1071
32,1071
36,1072
43,1072
50,1074
8,1074
29,1076
30,1077
35,1079
36,1079
6,1080
25,1080
39,1080
6,1084
49,1084
22,1085
14,1086
8,1087
28,1088
33,1088
18,1090
42,1090
47,1090
1,1091
41,1091
31,1092
1,1095
10,1095
2,1096
3,1096
24,1096
5,1097
42,1097
4,1098
28,1098
39,1098
1,1099
2,1100
9,1101
2,1102
3,1102
5,1103
32,1103
1,1105
4,1105
25,1105
28,1106
36,1106
2,1107
29,1107
33,1107
47,1107
1,1109
32,1110
3,1111
22,1111
1,1112
8,1112
2,1113
23,1114
28,1114
50,1115
4,1115
2,1116
21,1116
29,1117
26,1118
40,1119
14,1120
28,1120
43,1123
5,1124
7,1124
4,1125
33,1125
36,1125
3,1129
19,1129
31,1130
38,1130
5,1131
6,1131
3,1133
8,1133
32,1133
42,1133
4,1134
11,1134
3,1135
47,1135
34,1136
5,1137
16,1137
37,1138
5,1139
19,1139
8,1140
23,1140
4,1141
26,1141
31,1142
50,1143
32,1144
45,1144
50,1145
21,1145
15,1147
29,1147
39,1147
47,1149
8,1150
17,1151
22,1151
27,1151
8,1154
16,1154
25,1154
7,1156
32,1157
6,1158
40,1160
28,1161
37,1164
2,1165
9,1165
36,1165
50,1166
32,1166
42,1166
14,1167
16,1167
21,1167
15,1169
7,1172
13,1173
23,1173
48,1175
37,1176
10,1177
25,1177
1,1179
2,1180
36,1180
46,1180
43,1182
48,1182
1,1183
5,1184
36,1184
1,1185
25,1186
29,1186
33,1186
43,1187
10,1188
31,1188
33,1188
39,1188
2,1189
33,1189
45,1189
28,1190
39,1190
2,1192
27,1192
28,1192
32,1192
47,1192
10,1193
19,1194
30,1195
38,1196
33,1197
1,1200
2,1201
10,1201
1,1202
24,1202
44,1203
2,1204
30,1204
31,1204
47,1204
41,1205
10,1206
21,1206
41,1207
1,1208
26,1208
25,1209
46,1209
2,1211
30,1211
1,1212
18,1212
2,1213
6,1213
27,1213
34,1213
46,1214
1,1215
39,1215
1,1217
3,1218
48,1218
4,1219
4,1220
15,1220
33,1220
5,1221
10,1222
37,1223
44,1223
3,1224
34,1224
2,1226
5,1226
45,1228
2,1229
8,1229
13,1230
48,1230
3,1231
14,1231
5,1232
4,1233
18,1233
32,1234
5,1235
44,1235
38,1236
14,1237
34,1237
14,1239
3,1240
47,1240
4,1241
33,1241
45,1242
50,1243
38,1245
44,1247
48,1250
3,1253
16,1253
38,1253
5,1254
7,1254
4,1255
30,1255
38,1255
46,1255
5,1258
9,1259
20,1259
37,1259
3,1260
6,1260
26,1261
4,1263
23,1263
3,1265
9,1265
24,1265
4,1266
1,1268
5,1268
48,1268
4,1269
40,1270
44,1270
5,1271
22,1271
3,1273
32,1273
1,1274
28,1274
2,1276
12,1276
2,1277
1,1278
21,1279
29,1279
26,1280
45,1280
12,1281
28,1281
15,1282
2,1283
3,1283
25,1283
4,1284
32,1284
4,1285
36,1285
3,1287
37,1287
5,1290
27,1290
36,1290
19,1291
5,1292
38,1293
1,1294
7,1294
12,1294
30,1299
9,1300
24,1300
11,1303
40,1303
45,1303
28,1307
31,1307
39,1309
11,1310
18,1310
34,1312
49,1312
24,1313
29,1313
47,1314
14,1316
11,1317
43,1319
3,1320
9,1320
36,1321
49,1321
11,1322
17,1322
3,1324
24,1325
4,1326
13,1327
9,1328
29,1328
3,1329
32,1329
46,1329
5,1330
20,1330
5,1331
10,1332
18,1332
19,1333
31,1333
4,1335
20,1335
47,1335
21,1337
37,1337
1,1338
12,1340
49,1340
50,1341
1,1341
22,1342
33,1342
2,1343
23,1343
36,1343
2,1344
29,1344
1,1345
2,1346
16,1348
30,1348
7,1349
12,1351
28,1352
6,1354
29,1354
13,1355
32,1355
34,1355
43,1355
9,1356
48,1356
1,1358
33,1358
43,1359
18,1360
34,1360
2,1361
17,1361
45,1361
19,1362
45,1363
1,1364
7,1364
45,1365
1,1366
12,1366
16,1366
2,1367
7,1368
19,1368
36,1368
2,1369
44,1371
14,1372
8,1373
29,1373
24,1374
32,1374
28,1377
48,1377
38,1379
18,1380
50,1382
14,1383
23,1383
47,1383
43,1384
48,1385
20,1390
41,1390
32,1393
45,1395
5,1396
32,1396
29,1397
23,1399
29,1402
11,1403
30,1404
30,1405
32,1405
33,1405
37,1405
43,1405
16,1407
3,1409
4,1410
20,1410
43,1410
5,1412
16,1415
8,1416
5,1417
3,1418
4,1421
22,1421
25,1422
48,1422
19,1423
8,1425
24,1425
47,1425
38,1426
6,1431
44,1431
49,1434
24,1436
49,1439
43,1443
15,1445
47,1445
11,1448
41,1448
21,1449
3,1450
43,1450
46,1452
48,1452
16,1453
26,1454
41,1457
14,1458
30,1459
32,1459
44,1460
27,1461
6,1462
8,1462
25,1462
28,1462
35,1462
36,1462
26,1464
49,1465
8,1466
24,1466
16,1468
17,1468
15,1469
16,1470
6,1473
8,1473
41,1473
22,1474
48,1474
17,1480
20,1480
14,1481
30,1481
34,1481
3,1482
21,1482
24,1482
39,1482
37,1483
4,1484
36,1484
5,1485
11,1486
21,1486
46,1486
9,1487
30,1488
3,1489
15,1490
33,1490
44,1490
5,1491
7,1491
36,1491
37,1492
34,1493
19,1494
4,1496
25,1499
20,1500
32,1500
1,1501
18,1502
2,1503
41,1503
1,1504
45,1504
1,1505
45,1505
2,1506
10,1506
2,1507
39,1508
17,1509
21,1509
25,1509
42,1509
12,1510
10,1512
38,1518
16,1520
18,1520
47,1520
24,1521
17,1523
23,1523
40,1523
44,1523
15,1524
47,1525
22,1526
28,1528
42,1528
1,1529
25,1529
27,1529
41,1529
22,1530
31,1531
22,1532
18,1533
45,1533
17,1534
32,1534
49,1534
1,1535
2,1536
37,1538
40,1538
1,1540
49,1540
38,1541
42,1543
2,1544
1,1546
10,1549
2,1550
22,1550
1,1551
34,1552
39,1552
1,1553
6,1553
2,1554
1,1555
40,1555
45,1555
2,1556
29,1556
43,1556
16,1557
42,1557
15,1558
13,1559
14,1559
39,1559
2,1560
3,1562
24,1562
34,1563
4,1564
5,1565
3,1566
40,1566
12,1567
38,1567
4,1568
20,1570
47,1570
13,1572
41,1572
5,1574
34,1575
50,1579
37,1579
35,1580
34,1581
22,1582
48,1584
12,1586
19,1586
21,1586
27,1586
27,1587
28,1587
34,1587
26,1588
23,1591
41,1591
10,1592
6,1594
11,1594
36,1595
4,1596
12,1596
21,1596
25,1599
39,1599
6,1600
24,1602
46,1603
35,1604
40,1605
17,1606
30,1606
11,1607
21,1607
35,1607
16,1608
27,1608
46,1608
2,1610
15,1610
3,1612
14,1612
18,1612
4,1613
50,1614
5,1614
4,1615
5,1616
3,1617
38,1617
26,1618
2,1619
8,1620
32,1620
48,1620
25,1622
34,1622
13,1623
44,1625
38,1626
48,1626
31,1628
37,1632
8,1633
13,1633
34,1633
36,1633
9,1634
27,1634
28,1635
31,1635
48,1636
37,1637
20,1638
36,1638
50,1639
30,1639
13,1640
14,1640
24,1640
10,1641
3,1643
34,1643
44,1643
4,1644
20,1644
3,1645
34,1646
5,1647
6,1647
5,1648
47,1648
21,1649
9,1650
4,1651
6,1651
6,1652
8,1652
50,1654
10,1654
12,1655
36,1658
26,1659
28,1659
3,1661
25,1662
1,1663
1,1664
17,1664
22,1664
30,1665
6,1666
45,1666
48,1666
23,1667
15,1668
2,1669
17,1669
3,1670
2,1671
1,1674
5,1675
9,1675
4,1676
29,1676
5,1677
17,1677
2,1678
3,1678
9,1678
4,1679
11,1679
21,1679
20,1680
30,1680
41,1680
44,1680
26,1681
47,1681
48,1681
48,1682
9,1683
6,1685
18,1686
32,1688
3,1690
4,1691
50,1693
3,1694
10,1694
18,1694
21,1694
38,1694
49,1694
5,1695
20,1695
43,1695
47,1695
40,1696
4,1697
19,1697
2,1698
5,1698
26,1698
20,1700
33,1701
49,1701
36,1703
24,1705
5,1706
38,1706
33,1707
39,1712
6,1718
26,1718
39,1718
7,1723
11,1723
17,1723
26,1725
26,1726
16,1729
17,1733
43,1733
5,1735
18,1735
19,1737
30,1737
19,1741
3,1743
16,1743
17,1743
11,1746
45,1746
48,1746
46,1747
33,1750
15,1751
28,1751
1,1752
15,1752
25,1753
27,1754
22,1756
13,1757
1,1758
49,1758
2,1759
42,1759
3,1760
6,1760
30,1760
1,1761
4,1761
22,1761
37,1761
49,1761
1,1764
5,1764
19,1764
2,1765
5,1765
17,1765
2,1766
19,1766
4,1768
3,1769
49,1769
34,1771
27,1774
30,1774
39,1775
46,1775
18,1776
38,1776
16,1779
24,1779
9,1780
18,1780
38,1780
33,1781
47,1781
3,1782
41,1782
5,1783
35,1783
38,1783
4,1785
3,1786
40,1786
8,1787
5,1788
9,1788
37,1788
4,1789
28,1789
37,1789
26,1791
31,1792
40,1792
48,1792
29,1794
24,1795
30,1796
42,1796
22,1797
36,1799
11,1801
16,1801
43,1808
1,1809
15,1809
37,1809
27,1810
23,1811
1,1813
8,1813
20,1814
38,1814
2,1815
2,1816
7,1816
11,1816
33,1816
41,1817
15,1818
1,1820
33,1822
14,1823
15,1823
47,1823
11,1824
18,1824
42,1824
2,1825
13,1825
41,1825
40,1826
50,1827
19,1829
8,1830
17,1830
36,1830
25,1831
11,1832
44,1833
48,1833
22,1835
25,1835
30,1835
46,1837
41,1839
43,1839
20,1840
46,1840
13,1841
14,1842
45,1844
33,1847
12,1850
39,1850
40,1850
8,1852
32,1852
7,1855
21,1856
13,1857
49,1857
38,1858
27,1859
19,1862
48,1863
16,1864
22,1864
37,1865
24,1867
25,1867
33,1867
31,1869
43,1869
11,1870
29,1870
10,1872
43,1872
3,1873
6,1873
28,1874
47,1875
4,1879
13,1882
27,1883
16,1885
7,1887
10,1887
1,1891
11,1891
1,1892
33,1892
2,1893
2,1894
3,1894
47,1894
5,1895
24,1895
1,1896
4,1896
14,1896
34,1896
37,1896
2,1898
5,1899
3,1900
22,1901
4,1902
14,1902
22,1902
41,1904
14,1905
42,1907
27,1908
3,1910
4,1911
27,1912
5,1913
35,1913
1,1915
5,1915
20,1915
24,1915
2,1916
1,1917
3,1917
26,1917
2,1918
4,1918
38,1918
40,1918
46,1918
1,1919
2,1920
32,1920
45,1920
38,1921
3,1923
5,1925
26,1925
30,1925
47,1926
21,1927
22,1927
32,1927
34,1928
5,1929
26,1929
31,1929
4,1930
4,1931
22,1931
3,1932
7,1933
9,1933
20,1933
23,1933
25,1935
38,1935
50,1936
11,1938
16,1938
21,1938
33,1938
6,1942
20,1942
49,1942
12,1948
9,1949
30,1951
3,1952
25,1952
4,1953
30,1953
5,1954
9,1954
27,1954
30,1954
33,1954
4,1955
5,1956
17,1957
30,1957
40,1957
34,1959
3,1960
14,1960
31,1960
12,1962
47,1962
43,1963
46,1964
49,1964
50,1966
1,1966
19,1966
7,1967
26,1967
33,1967
11,1968
36,1968
29,1970
35,1970
19,1973
22,1974
43,1974
29,1977
19,1979
23,1983
37,1985
42,1987
35,1988
9,1989
1,1990
1,1991
40,1991
2,1994
48,1994
49,1994
2,1995
1,1996
13,1996
15,1997
39,1998
2,1999
1,2000
48,2000
2,2001
7,2001
16,2001
40,2001
10,2002
44,2002
11,2004
1,2005
37,2005
43,2005
2,2006
48,2006
37,2007
35,2008
1,2009
6,2010
40,2010
2,2012
30,2014
50,2016
3,2017
4,2018
5,2019
4,2021
48,2021
3,2022
5,2023
16,2023
39,2023
45,2023
34,2025
38,2025
32,2028
45,2029
10,2030
9,2034
48,2036
29,2038
3,2039
33,2039
4,2040
13,2040
29,2040
33,2040
5,2041
19,2043
35,2043
3,2044
5,2045
4,2047
24,2047
11,2050
33,2050
34,2050
12,2052
23,2053
11,2056
19,2058
50,2059
17,2059
27,2059
39,2059
49,2059
9,2060
21,2060
25,2061
24,2062
50,2064
16,2065
24,2066
31,2066
36,2067
49,2068
35,2070
42,2070
43,2071
14,2073
18,2074
28,2074
35,2074
22,2075
41,2075
44,2077
36,2078
12,2079
48,2080
1,2081
1,2082
9,2082
23,2082
42,2085
43,2085
17,2086
45,2086
2,2087
40,2087
1,2089
43,2089
48,2089
38,2090
49,2090
2,2091
29,2091
31,2091
36,2091
2,2092
3,2092
26,2092
4,2093
1,2095
5,2095
1,2096
3,2096
34,2096
2,2097
5,2098
18,2098
1,2099
4,2099
24,2099
2,2100
31,2100
33,2100
2,2101
33,2102
3,2103
29,2103
39,2103
42,2103
5,2104
4,2105
34,2105
4,2106
41,2106
5,2107
10,2107
24,2107
30,2108
3,2109
8,2109
15,2109
8,2110
18,2110
35,2110
22,2112
23,2112
42,2114
28,2116
12,2119
26,2120
31,2120
15,2122
7,2123
23,2124
49,2124
21,2125
31,2125
46,2125
12,2131
38,2133
16,2134
29,2135
48,2135
1,2136
25,2136
31,2136
33,2136
1,2137
24,2137
2,2139
25,2139
2,2140
36,2140
1,2141
24,2142
50,2144
46,2144
17,2145
15,2146
19,2146
2,2147
49,2147
10,2148
12,2150
39,2150
40,2151
3,2152
6,2152
35,2152
15,2153
4,2154
4,2155
26,2155
5,2156
39,2156
42,2156
29,2158
45,2158
5,2159
14,2159
39,2159
49,2159
3,2161
16,2161
5,2162
25,2163
1,2165
15,2165
1,2166
10,2166
2,2169
2,2170
34,2170
1,2171
35,2171
47,2171
16,2172
2,2173
19,2174
24,2178
7,2181
24,2181
2,2184
31,2185
34,2185
24,2186
31,2186
18,2187
39,2187
22,2188
42,2188
38,2190
24,2191
42,2193
23,2194
25,2197
37,2197
11,2198
28,2198
8,2199
22,2199
39,2199
7,2200
3,2201
9,2201
12,2202
4,2204
41,2204
50,2205
3,2206
1,2207
5,2207
1,2208
5,2208
11,2208
12,2208
21,2208
4,2209
18,2209
2,2211
2,2212
36,2212
8,2213
1,2214
2,2215
9,2216
9,2217
15,2218
23,2218
1,2220
24,2220
26,2221
2,2222
26,2222
1,2223
12,2224
26,2224
32,2224
26,2225
42,2225
49,2225
1,2226
2,2228
30,2229
41,2229
2,2230
15,2231
3,2234
24,2237
40,2237
43,2237
26,2240
37,2241
40,2241
29,2243
14,2245
17,2245
26,2246
43,2248
26,2249
19,2251
23,2251
30,2252
46,2252
38,2254
41,2254
29,2255
49,2257
36,2259
50,2260
12,2260
25,2260
26,2261
3,2263
6,2263
35,2263
43,2264
7,2265
4,2266
28,2266
43,2267
26,2268
29,2268
43,2268
10,2269
3,2271
5,2272
46,2272
4,2273
7,2273
37,2273
5,2274
19,2274
41,2274
46,2275
13,2277
40,2279
9,2283
15,2283
10,2288
39,2288
28,2289
34,2289
18,2290
40,2291
36,2294
10,2298
18,2301
33,2303
34,2303
42,2303
23,2304
26,2305
37,2306
11,2307
31,2307
9,2308
13,2309
37,2310
48,2310
24,2312
25,2314
24,2317
43,2317
23,2318
35,2318
25,2321
43,2321
7,2322
15,2323
28,2323
50,2325
36,2325
43,2326
20,2330
36,2330
41,2330
9,2331
50,2333
8,2333
50,2335
42,2335
48,2335
49,2335
45,2337
10,2338
43,2340
21,2341
33,2345
22,2347
6,2351
1,2352
2,2352
13,2353
22,2354
32,2354
41,2354
33,2356
22,2357
2,2358
1,2359
3,2359
2,2360
5,2360
22,2360
1,2361
2,2362
4,2363
19,2363
44,2363
24,2364
11,2365
49,2365
22,2366
42,2367
14,2368
21,2369
28,2371
36,2372
49,2372
5,2374
17,2374
4,2375
45,2375
47,2376
3,2378
17,2378
34,2378
10,2380
16,2380
28,2380
34,2380
40,2380
32,2381
28,2382
35,2382
38,2382
1,2383
42,2384
12,2386
28,2386
46,2386
1,2387
2,2388
5,2390
12,2392
1,2395
7,2395
9,2396
2,2397
34,2397
2,2398
34,2398
49,2398
45,2399
14,2400
17,2400
10,2401
30,2402
1,2404
25,2404
25,2405
15,2406
33,2406
19,2408
9,2409
10,2409
22,2409
23,2409
2,2412
3,2412
46,2412
5,2413
10,2413
38,2413
4,2415
29,2415
40,2415
5,2416
4,2417
20,2417
3,2418
17,2418
50,2419
9,2419
41,2419
27,2420
12,2422
27,2423
31,2423
34,2423
38,2423
50,2424
12,2424
33,2424
31,2425
1,2426
2,2427
48,2427
13,2429
47,2429
49,2429
1,2430
23,2430
38,2431
15,2432
43,2432
1,2433
12,2433
2,2434
27,2435
32,2435
2,2437
47,2438
7,2439
24,2442
14,2443
25,2443
50,2447
1,2447
2,2448
34,2448
1,2449
3,2449
10,2449
28,2450
33,2450
44,2450
4,2451
2,2453
16,2453
5,2454
25,2454
5,2455
1,2456
3,2456
8,2456
26,2456
2,2457
4,2457
1,2459
29,2459
1,2460
3,2460
11,2460
5,2461
32,2461
47,2462
2,2463
18,2463
43,2463
36,2464
7,2465
1,2466
9,2466
31,2466
37,2466
2,2467
4,2467
10,2467
27,2467
4,2468
11,2468
3,2469
23,2469
34,2469
2,2470
5,2470
6,2471
10,2473
42,2473
32,2474
1,2475
9,2475
50,2479
1,2479
21,2479
15,2480
31,2480
49,2480
19,2482
2,2483
41,2483
1,2485
2,2486
43,2486
3,2488
20,2488
50,2489
31,2489
16,2490
2,2491
15,2491
36,2492
11,2495
25,2495
46,2495
3,2497
11,2497
39,2497
34,2498
4,2499
5,2499
10,2499
17,2499
5,2500
3,2502
25,2503
23,2504
36,2504
44,2504
4,2505
26,2505
5,2506
6,2507
12,2508
38,2508
47,2508
16,2509
10,2510
47,2512
49,2512
19,2513
38,2513
16,2514
9,2517
42,2518
45,2518
45,2520
19,2521
12,2522
9,2523
40,2523
23,2524
41,2524
10,2526
7,2527
34,2527
27,2528
31,2529
47,2529
1,2531
24,2532
25,2532
26,2532
2,2533
23,2533
1,2535
31,2535
2,2537
43,2537
1,2538
10,2538
41,2539
2,2540
11,2541
33,2541
47,2542
11,2544
16,2544
10,2545
17,2548
22,2549
37,2549
18,2550
35,2551
41,2552
46,2553
48,2553
4,2554
6,2554
9,2554
22,2554
30,2554
43,2554
35,2555
3,2557
42,2557
5,2558
11,2558
30,2558
27,2559
30,2559
32,2559
42,2559
4,2560
12,2560
16,2560
5,2561
35,2562
3,2565
24,2565
10,2566
22,2566
4,2567
26,2568
3,2569
6,2569
4,2573
3,2574
49,2575
5,2576
25,2576
30,2577
5,2578
17,2578
4,2580
18,2582
7,2583
32,2585
48,2586
32,2587
39,2587
48,2587
13,2589
50,2591
1,2591
35,2592
43,2592
1,2594
38,2594
2,2595
33,2595
48,2597
1,2598
3,2598
2,2600
17,2600
2,2601
4,2601
4,2602
17,2602
6,2603
25,2603
35,2603
18,2604
47,2604
1,2605
5,2605
1,2606
42,2606
32,2607
37,2607
5,2608
2,2609
3,2609
7,2609
15,2609
2,2610
8,2610
42,2610
44,2611
1,2612
26,2612
31,2612
10,2614
21,2614
2,2615
16,2615
2,2616
19,2618
37,2619
23,2623
49,2624
16,2625
30,2628
27,2629
37,2629
15,2630
17,2633
19,2633
10,2636
6,2637
11,2637
36,2637
44,2637
37,2638
49,2638
40,2639
22,2640
30,2641
13,2642
31,2642
42,2642
49,2642
22,2644
37,2646
21,2648
36,2648
19,2649
25,2649
35,2649
39,2650
43,2650
37,2654
45,2655
32,2656
11,2657
19,2657
27,2657
46,2659
47,2661
17,2662
19,2665
31,2665
17,2666
35,2667
39,2667
50,2669
42,2670
13,2674
41,2676
50,2679
20,2679
46,2682
35,2684
50,2688
21,2688
39,2688
45,2688
22,2690
25,2691
10,2693
37,2694
15,2696
40,2696
5,2697
8,2697
41,2698
18,2701
3,2702
25,2702
5,2703
28,2703
38,2703
7,2704
3,2705
5,2705
41,2706
47,2707
43,2708
47,2708
4,2709
3,2710
14,2710
27,2710
36,2710
49,2711
8,2713
30,2713
39,2713
4,2714
47,2714
7,2715
14,2716
45,2717
32,2718
43,2718
24,2720
1,2722
36,2722
26,2723
2,2724
48,2724
1,2725
23,2726
2,2729
3,2729
1,2730
7,2730
2,2731
24,2731
5,2733
8,2733
18,2733
33,2733
11,2734
4,2735
33,2735
4,2736
18,2736
3,2737
20,2737
36,2737
5,2738
8,2738
41,2739
39,2740
47,2740
1,2741
31,2741
43,2741
2,2742
6,2742
16,2742
1,2744
1,2745
8,2745
15,2748
2,2749
2,2750
26,2750
27,2751
23,2752
26,2752
30,2754
46,2754
23,2755
5,2758
44,2758
24,2760
35,2760
22,2763
8,2764
19,2764
23,2765
11,2766
17,2767
31,2768
33,2771
38,2772
3,2773
9,2773
17,2775
45,2775
5,2776
38,2776
4,2777
12,2777
4,2778
3,2779
5,2780
14,2780
49,2781
43,2783
46,2786
1,2787
27,2787
1,2788
2,2789
12,2789
2,2790
1,2791
2,2792
34,2793
43,2793
48,2794
17,2795
39,2795
45,2796
20,2797
14,2798
33,2798
17,2799
21,2800
3,2801
17,2802
43,2802
16,2803
50,2804
35,2804
5,2805
9,2805
5,2806
5,2807
4,2808
44,2808
4,2809
21,2809
40,2809
3,2810
21,2812
38,2812
12,2813
46,2813
13,2815
30,2815
34,2815
18,2818
20,2818
31,2819
25,2820
33,2821
10,2823
40,2823
6,2825
14,2825
27,2825
50,2828
15,2830
49,2831
40,2834
31,2836
20,2840
29,2840
27,2841
3,2842
5,2843
10,2843
23,2843
1,2844
5,2844
22,2844
25,2844
4,2845
28,2845
1,2846
4,2846
33,2846
2,2847
3,2847
19,2848
50,2849
18,2849
1,2850
23,2852
49,2852
2,2853
2,2856
9,2857
25,2857
32,2857
29,2858
39,2859
18,2861
18,2862
27,2862
6,2863
6,2864
13,2864
22,2866
34,2866
50,2868
16,2869
43,2870
23,2874
27,2876
19,2879
35,2880
1,2881
18,2881
47,2882
1,2883
50,2884
10,2884
25,2884
2,2885
6,2885
43,2885
2,2886
1,2887
2,2888
3,2888
32,2888
47,2888
36,2889
18,2890
4,2891
5,2892
12,2892
4,2893
15,2894
5,2895
3,2896
6,2896
14,2897
15,2898
17,2898
21,2898
26,2898
34,2898
17,2899
40,2899
24,2900
28,2904
46,2904
47,2904
23,2905
26,2905
29,2905
5,2906
40,2906
8,2907
31,2907
32,2908
37,2908
39,2908
45,2908
3,2909
5,2910
4,2912
43,2912
3,2913
19,2913
30,2913
28,2915
45,2915
4,2917
22,2917
5,2918
33,2918
12,2919
29,2919
22,2920
9,2924
20,2925
38,2927
35,2928
36,2928
37,2932
11,2933
16,2933
50,2936
19,2937
43,2937
40,2938
49,2940
46,2941
17,2945
39,2946
3,2947
22,2947
22,2948
9,2949
5,2950
11,2950
19,2950
17,2951
46,2951
37,2952
1,2955
5,2955
30,2955
31,2955
34,2955
2,2956
4,2956
6,2956
1,2957
4,2957
33,2957
2,2958
3,2958
1,2959
2,2960
20,2960
22,2960
29,2962
35,2962
37,2962
3,2963
32,2964
45,2964
14,2965
4,2966
36,2967
14,2968
29,2968
34,2968
4,2969
22,2969
3,2970
19,2970
5,2971
5,2972
23,2973
24,2973
19,2974
40,2974
27,2976
9,2977
39,2978
1,2979
1,2981
39,2981
44,2981
33,2982
18,2985
2,2986
30,2986
1,2988
29,2988
2,2989
29,2989
43,2989
2,2991
5,2993
9,2993
10,2994
30,2994
10,2997
36,2998
1,3000
2,3001
31,3001
35,3001
50,3002
34,3002
30,3003
1,3004
28,3004
48,3004
25,3005
2,3006
46,3006
47,3006
1,3007
2,3010
47,3010
12,3012
11,3013
42,3016
8,3017
21,3017
22,3017
35,3017
27,3018
50,3019
9,3019
12,3021
26,3021
7,3022
1,3024
2,3025
38,3026
3,3027
1,3029
4,3029
13,3029
2,3030
43,3030
1,3031
4,3031
7,3031
31,3031
44,3031
2,3032
5,3032
38,3033
49,3034
34,3036
40,3037
50,3039
3,3039
20,3039
50,3040
5,3040
44,3040
14,3041
6,3043
7,3044
43,3045
13,3046
49,3049
9,3051
46,3053
35,3054
43,3058
25,3060
33,3063
35,3063
15,3064
29,3065
10,3066
40,3066
50,3068
26,3069
14,3072
43,3072
21,3074
48,3074
37,3077
41,3079
29,3080
13,3082
47,3082
21,3083
23,3083
2,3086
26,3088
14,3089
42,3089
47,3090
25,3091
34,3092
32,3093
21,3094
11,3095
27,3096
16,3097
33,3098
10,3100
41,3101
24,3102
44,3102
4,3103
35,3103
47,3104
45,3105
46,3105
45,3106
49,3107
39,3108
39,3109
37,3110
3,3111
41,3111
35,3112
18,3114
20,3114
23,3114
4,3115
13,3115
45,3116
39,3117
42,3117
4,3119
40,3119
23,3120
31,3120
29,3121
43,3121
47,3122
5,3123
31,3123
3,3127
30,3127
5,3128
23,3129
47,3129
42,3131
28,3132
21,3133
29,3133
32,3133
45,3133
18,3134
33,3134
39,3134
25,3135
29,3135
46,3135
31,3138
35,3138
46,3139
21,3144
17,3145
37,3145
26,3147
17,3148
41,3148
22,3149
30,3149
36,3151
13,3152
17,3153
31,3153
41,3153
3,3154
26,3155
4,3156
44,3156
4,3157
5,3158
28,3158
45,3158
5,3159
41,3159
3,3160
32,3161
9,3162
3,3165
9,3165
38,3165
1,3166
5,3166
50,3168
1,3168
4,3168
2,3169
20,3169
1,3170
3,3170
4,3171
5,3172
38,3172
2,3173
6,3173
3,3174
5,3175
2,3176
45,3176
23,3177
44,3177
22,3178
31,3179
27,3181
10,3182
9,3183
18,3183
19,3183
35,3183
40,3184
14,3185
42,3185
16,3186
44,3186
50,3188
1,3189
16,3190
16,3193
45,3193
3,3195
39,3195
15,3196
37,3197
30,3199
16,3200
4,3202
12,3202
4,3203
5,3204
6,3204
49,3204
31,3205
7,3206
3,3207
24,3208
3,3211
9,3211
34,3211
1,3212
43,3212
5,3213
7,3215
40,3215
42,3215
2,3216
49,3217
1,3218
1,3220
35,3221
37,3221
2,3222
9,3222
46,3222
2,3223
29,3223
45,3224
33,3228
15,3229
29,3230
49,3230
25,3231
25,3232
30,3232
25,3233
11,3234
49,3234
47,3238
3,3239
28,3239
6,3241
9,3241
42,3244
27,3245
46,3246
26,3248
34,3250
43,3250
29,3252
9,3254
19,3254
23,3255
38,3257
44,3257
49,3258
13,3259
26,3259
37,3259
5,3260
20,3262
30,3262
3,3264
36,3264
13,3265
5,3267
28,3267
4,3268
15,3268
1,3269
4,3270
20,3270
26,3270
45,3270
3,3271
10,3271
16,3271
26,3271
1,3272
5,3272
2,3273
2,3278
11,3278
28,3280
1,3281
10,3281
2,3283
43,3285
38,3286
48,3286
14,3288
32,3288
48,3288
9,3290
24,3290
41,3290
1,3292
33,3292
35,3292
43,3292
1,3293
35,3293
2,3294
46,3294
2,3296
7,3296
50,3297
1,3298
2,3299
4,3299
25,3299
38,3300
44,3300
35,3303
28,3304
41,3306
46,3307
6,3308
35,3308
18,3309
1,3310
6,3310
33,3310
19,3311
21,3311
2,3312
9,3312
15,3312
33,3312
34,3312
43,3312
1,3314
10,3314
2,3315
1,3316
2,3316
3,3316
6,3316
19,3316
5,3317
2,3318
4,3318
37,3318
1,3319
1,3321
4,3321
2,3322
3,3322
29,3323
2,3324
21,3324
5,3327
46,3327
1,3330
2,3331
11,3331
50,3332
43,3332
12,3334
14,3334
21,3335
41,3336
30,3337
44,3337
9,3338
48,3338
16,3339
40,3339
49,3339
15,3341
22,3341
17,3342
39,3343
8,3344
43,3344
32,3346
10,3347
17,3349
30,3349
1,3350
3,3350
8,3350
5,3351
4,3352
13,3352
24,3352
2,3353
4,3353
14,3353
3,3354
5,3355
8,3355
1,3356
1,3357
32,3357
38,3358
27,3359
25,3360
2,3361
9,3362
39,3362
2,3364
31,3364
28,3365
28,3366
37,3366
1,3367
2,3368
16,3369
38,3369
3,3370
30,3370
34,3370
36,3371
1,3372
4,3372
5,3373
2,3374
40,3374
3,3375
10,3375
30,3375
1,3376
4,3376
38,3376
5,3377
2,3378
17,3378
17,3380
49,3380
37,3381
42,3381
1,3382
3,3382
10,3382
39,3382
47,3382
1,3383
24,3383
47,3383
4,3384
7,3384
5,3386
9,3386
11,3386
33,3386
44,3386
2,3387
12,3387
9,3388
1,3390
5,3390
50,3391
3,3391
25,3391
41,3391
6,3392
43,3392
4,3394
8,3394
17,3394
2,3397
3,3397
8,3398
21,3398
2,3399
7,3400
10,3400
49,3401
12,3405
25,3405
38,3405
41,3405
6,3409
41,3409
22,3412
42,3416
36,3417
38,3417
23,3418
43,3418
13,3420
27,3421
19,3423
12,3424
15,3424
15,3425
36,3425
45,3427
1,3429
22,3429
34,3429
1,3430
13,3431
23,3431
26,3431
36,3431
8,3432
38,3432
2,3433
1,3434
22,3434
2,3435
2,3436
10,3436
16,3436
21,3436
23,3437
1,3440
8,3440
2,3441
4,3441
1,3442
15,3443
36,3443
31,3444
2,3445
3,3445
1,3446
4,3446
2,3447
22,3448
34,3448
32,3449
35,3449
5,3450
31,3452
4,3453
9,3453
13,3453
33,3454
5,3455
5,3457
20,3458
33,3458
3,3459
19,3459
11,3460
14,3460
7,3463
33,3463
38,3463
7,3465
33,3465
44,3465
46,3465
11,3467
17,3467
20,3468
26,3468
20,3471
35,3472
18,3473
26,3475
28,3475
30,3475
49,3475
24,3476
3,3477
11,3477
22,3479
48,3479
19,3480
6,3481
1,3482
36,3484
2,3485
36,3485
43,3485
1,3486
2,3486
1,3488
6,3489
28,3490
11,3491
7,3492
48,3492
2,3493
6,3493
44,3493
2,3494
38,3494
1,3495
2,3497
38,3497
47,3497
1,3498
44,3498
18,3500
2,3501
1,3502
33,3502
45,3502
11,3503
40,3503
2,3504
11,3504
36,3505
15,3506
12,3507
22,3507
13,3508
42,3508
36,3509
3,3510
8,3511
50,3512
48,3513
21,3515
28,3515
11,3516
21,3516
37,3516
4,3517
32,3518
34,3518
17,3519
31,3521
5,3522
50,3523
10,3523
5,3524
3,3525
48,3525
16,3526
18,3526
36,3526
43,3526
4,3527
25,3528
10,3529
21,3529
41,3529
26,3531
39,3531
48,3531
23,3532
46,3533
50,3534
3,3534
9,3535
4,3536
45,3536
6,3538
11,3538
50,3539
4,3540
35,3541
30,3542
3,3543
37,3543
5,3544
5,3545
26,3546
7,3547
3,3548
4,3549
17,3550
27,3550
49,3550
3,3551
32,3552
49,3552
29,3553
43,3553
5,3555
48,3556
5,3557
40,3557
4,3559
10,3559
12,3559
32,3559
49,3559
15,3561
1,3562
35,3562
18,3564
39,3564
2,3565
37,3567
1,3568
6,3568
30,3568
45,3568
50,3569
9,3569
14,3569
15,3569
46,3569
40,3570
19,3571
11,3572
26,3573
36,3573
42,3573
34,3574
41,3574
1,3575
2,3576
17,3576
9,3578
15,3578
2,3579
20,3580
25,3580
35,3581
30,3584
42,3584
11,3587
36,3587
19,3589
37,3591
40,3591
27,3592
49,3593
12,3595
31,3595
46,3595
47,3596
48,3596
41,3598
43,3598
1,3599
27,3600
1,3601
40,3603
10,3604
29,3605
12,3606
2,3607
1,3609
11,3609
14,3610
26,3610
32,3610
2,3611
3,3611
18,3611
19,3611
2,3612
4,3612
18,3612
27,3612
4,3614
24,3614
33,3616
14,3617
34,3617
37,3618
5,3619
19,3619
19,3620
26,3620
45,3621
3,3622
39,3622
5,3623
24,3625
8,3626
14,3628
43,3628
44,3628
21,3629
33,3630
40,3632
6,3633
25,3633
47,3633
50,3634
29,3634
44,3634
17,3635
44,3635
3,3636
20,3636
13,3637
4,3639
34,3639
5,3640
18,3640
1,3641
4,3641
34,3641
3,3642
21,3642
5,3643
44,3643
1,3644
16,3644
41,3644
43,3644
2,3645
21,3646
2,3647
10,3647
17,3647
24,3648
1,3649
7,3649
28,3649
6,3650
8,3650
21,3650
34,3650
49,3650
2,3651
10,3651
27,3652
12,3653
6,3656
11,3656
31,3657
8,3658
16,3658
49,3658
24,3659
27,3659
30,3659
41,3660
23,3662
14,3666
15,3668
44,3668
24,3669
47,3669
23,3670
27,3674
40,3675
15,3676
18,3678
7,3680
28,3681
37,3681
50,3683
13,3683
18,3683
15,3685
43,3685
24,3686
25,3688
28,3691
27,3692
6,3693
44,3693
39,3696
22,3697
19,3698
8,3701
31,3702
9,3704
24,3704
27,3704
14,3706
30,3706
35,3708
14,3709
40,3710
31,3712
30,3713
6,3714
15,3716
16,3716
24,3717
5,3718
7,3718
16,3719
8,3720
39,3720
10,3721
31,3721
15,3724
24,3724
29,3724
33,3725
45,3727
3,3728
12,3728
26,3728
22,3729
4,3730
5,3732
4,3733
6,3733
28,3733
42,3733
5,3734
8,3734
9,3734
3,3736
35,3736
30,3742
27,3743
42,3745
38,3747
2,3748
10,3748
43,3749
35,3750
8,3751
26,3751
36,3751
33,3754
36,3754
44,3754
47,3754
38,3756
44,3757
1,3758
1,3759
25,3759
39,3759
49,3759
6,3760
14,3760
16,3760
27,3760
45,3760
6,3761
29,3762
47,3764
2,3765
1,3766
35,3767
13,3768
41,3769
6,3770
43,3770
9,3771
30,3771
42,3771
2,3772
13,3772
18,3772
33,3772
2,3773
19,3775
7,3776
31,3776
7,3777
8,3777
12,3777
45,3777
33,3778
23,3779
23,3781
39,3781
37,3782
17,3783
23,3783
28,3783
41,3783
29,3784
41,3785
48,3785
40,3786
44,3786
14,3787
41,3787
6,3788
26,3788
39,3789
33,3790
36,3790
41,3790
35,3792
47,3794
28,3797
1,3799
35,3799
47,3799
2,3801
1,3802
16,3802
34,3802
25,3803
26,3803
35,3803
6,3804
2,3805
16,3807
1,3808
2,3809
7,3809
45,3809
12,3810
49,3813
50,3814
19,3815
21,3815
47,3815
49,3815
47,3816
6,3817
11,3817
38,3817
8,3820
11,3823
38,3823
13,3824
37,3824
43,3824
46,3828
3,3830
10,3830
4,3831
40,3831
3,3832
22,3832
6,3833
50,3834
4,3834
8,3834
14,3834
5,3835
6,3835
34,3835
5,3836
1,3837
2,3838
1,3839
31,3839
1,3840
27,3840
34,3842
18,3843
21,3843
2,3844
2,3846
33,3847
32,3849
33,3849
46,3850
6,3851
38,3851
7,3853
15,3853
1,3854
3,3854
21,3854
31,3854
1,3855
2,3856
4,3856
39,3856
1,3857
3,3857
5,3858
2,3859
4,3859
26,3859
35,3859
16,3860
29,3860
5,3861
2,3863
9,3864
6,3865
23,3865
29,3865
42,3867
15,3868
16,3868
30,3869
37,3869
16,3870
49,3870
19,3873
35,3873
33,3874
49,3875
9,3877
15,3877
11,3879
23,3882
45,3882
6,3884
23,3884
25,3884
32,3885
30,3886
6,3891
35,3892
37,3895
4,3896
6,3897
50,3902
13,3902
43,3902
28,3904
6,3905
16,3906
28,3906
15,3907
31,3907
10,3911
6,3913
39,3914
49,3914
3,3916
11,3916
21,3916
13,3918
25,3918
30,3918
29,3921
35,3921
42,3921
13,3922
2,3923
3,3924
46,3925
5,3926
29,3926
47,3926
16,3927
4,3928
5,3929
45,3929
50,3930
4,3930
1,3932
3,3932
12,3932
46,3932
1,3933
5,3933
40,3933
25,3934
2,3935
2,3938
26,3938
14,3939
22,3939
1,3940
42,3940
10,3941
17,3941
24,3941
43,3941
2,3943
14,3945
6,3947
47,3947
18,3948
19,3948
24,3948
34,3948
50,3949
32,3949
12,3950
1,3953
25,3953
16,3954
2,3956
32,3956
36,3956
32,3957
41,3959
1,3960
42,3960
48,3960
1,3963
34,3963
2,3964
16,3964
2,3965
29,3969
16,3970
50,3971
23,3971
3,3973
15,3973
4,3975
3,3977
41,3978
5,3980
38,3980
48,3980
47,3981
45,3982
43,3983
4,3985
47,3985
41,3986
45,3986
46,3986
36,3987
44,3987
5,3988
7,3988
39,3991
46,3991
49,3991
50,3993
10,3993
44,3993
12,3994
45,3998
15,3999
15,4000
16,4000
18,4004
31,4004
24,4005
31,4005
41,4006
40,4007
48,4008
8,4009
1,4010
45,4012
47,4012
7,4014
19,4018
30,4018
38,4018
8,4019
23,4019
40,4019
8,4020
46,4020
40,4022
16,4024
28,4024
37,4024
3,4027
5,4029
19,4029
20,4029
37,4029
38,4029
40,4029
11,4030
5,4034
10,4034
4,4036
13,4036
24,4036
4,4037
14,4037
15,4037
48,4038
28,4039
3,4040
10,4040
12,4045
41,4045
48,4048
10,4049
18,4049
24,4053
40,4053
44,4053
24,4054
29,4055
45,4055
10,4056
15,4056
8,4057
11,4058
12,4059
24,4059
8,4061
30,4061
7,4062
45,4062
8,4063
28,4064
38,4064
18,4067
45,4067
7,4068
25,4068
43,4069
6,4070
15,4070
23,4071
44,4071
13,4072
19,4072
20,4072
21,4073
50,4075
31,4075
16,4076
42,4078
27,4079
20,4082
10,4083
34,4085
9,4087
28,4088
14,4090
34,4090
24,4091
21,4092
41,4094
30,4095
12,4096
19,4096
47,4096
1,4097
2,4098
8,4098
20,4098
26,4099
1,4100
17,4100
26,4100
43,4101
44,4102
2,4105
28,4105
1,4106
9,4107
18,4107
2,4108
31,4110
46,4110
41,4111
15,4112
22,4114
48,4114
8,4117
25,4119
50,4121
9,4121
19,4122
23,4122
31,4124
17,4125
50,4126
11,4126
47,4126
33,4130
40,4131
8,4132
39,4132
17,4133
22,4133
47,4134
20,4135
28,4135
23,4136
34,4137
3,4140
32,4140
5,4141
42,4141
46,4141
41,4142
4,4143
6,4143
13,4143
44,4143
32,4144
36,4145
5,4146
8,4147
10,4147
25,4147
13,4148
3,4151
4,4152
11,4152
38,4153
41,4155
15,4159
15,4160
18,4160
33,4160
36,4160
3,4161
5,4162
41,4162
18,4163
15,4164
4,4165
13,4165
47,4165
15,4166
3,4167
28,4168
5,4169
14,4169
14,4170
45,4170
4,4171
22,4171
33,4171
40,4171
8,4172
19,4173
42,4173
30,4174
36,4176
15,4177
33,4177
42,4177
44,4177
10,4178
13,4178
22,4178
28,4179
26,4180
45,4180
21,4181
26,4181
25,4183
32,4183
10,4184
25,4184
39,4184
29,4185
34,4185
30,4186
36,4186
44,4190
47,4190
3,4191
45,4191
4,4192
37,4192
49,4192
3,4193
4,4194
7,4194
30,4194
5,4195
18,4195
35,4198
5,4199
8,4199
20,4199
24,4200
46,4200
23,4202
39,4202
6,4204
39,4206
47,4206
49,4207
20,4208
42,4210
1,4211
3,4211
21,4211
28,4211
36,4211
2,4212
7,4212
10,4212
5,4213
1,4214
7,4214
8,4214
5,4215
14,4216
2,4217
4,4217
38,4217
48,4217
27,4218
4,4220
18,4220
3,4221
1,4222
44,4222
2,4223
13,4223
20,4223
30,4225
18,4226
34,4229
14,4230
26,4230
25,4231
27,4233
47,4234
12,4235
33,4235
12,4237
19,4237
45,4238
43,4242
47,4244
48,4245
49,4245
50,4246
38,4246
45,4247
25,4248
39,4248
30,4249
11,4250
18,4251
36,4251
16,4253
14,4254
38,4254
28,4255
48,4255
34,4257
38,4258
47,4259
49,4259
19,4260
48,4262
13,4263
18,4265
1,4266
5,4266
30,4266
1,4267
2,4268
19,4268
20,4268
33,4268
46,4268
1,4269
13,4270
18,4270
2,4271
2,4272
8,4272
10,4272
14,4273
2,4274
49,4275
12,4276
17,4276
29,4279
46,4279
26,4280
9,4282
34,4282
7,4284
32,4284
19,4286
21,4286
23,4289
48,4289
12,4291
29,4291
34,4291
35,4291
50,4292
8,4292
18,4292
36,4292
34,4294
37,4295
11,4296
34,4297
13,4298
10,4299
36,4299
45,4299
14,4300
33,4300
37,4300
44,4300
27,4302
33,4302
8,4304
14,4304
50,4306
27,4306
32,4307
37,4307
20,4309
27,4309
40,4309
26,4311
36,4311
18,4312
44,4313
9,4315
14,4317
22,4317
28,4318
27,4319
28,4319
34,4319
9,4320
39,4320
29,4321
38,4322
42,4322
31,4325
41,4325
15,4326
18,4326
19,4326
43,4326
13,4327
33,4327
36,4327
42,4330
12,4331
43,4331
48,4332
22,4333
16,4335
15,4336
16,4336
43,4337
43,4338
44,4338
14,4340
18,4340
28,4340
6,4341
1,4342
1,4343
2,4344
20,4344
30,4345
1,4348
2,4349
11,4349
13,4349
28,4350
38,4350
42,4350
2,4351
22,4351
34,4353
41,4353
1,4357
1,4358
25,4358
32,4358
2,4360
1,4361
20,4361
33,4361
2,4362
3,4363
4,4364
2,4365
13,4365
28,4365
30,4365
37,4365
41,4365
3,4366
4,4367
5,4370
22,4370
5,4371
37,4371
11,4372
22,4372
43,4373
6,4374
7,4374
15,4375
30,4377
39,4377
7,4378
40,4378
32,4379
21,4380
30,4380
33,4382
46,4382
42,4383
25,4384
33,4384
38,4386
49,4388
1,4389
27,4389
18,4390
34,4391
35,4391
36,4391
1,4393
12,4393
2,4394
1,4395
2,4397
29,4397
48,4397
16,4398
2,4399
6,4399
40,4399
39,4400
43,4402
7,4403
46,4405
11,4406
10,4407
49,4407
18,4408
40,4408
15,4409
21,4409
15,4410
31,4411
26,4412
32,4413
6,4414
21,4415
43,4415
16,4416
25,4416
24,4417
40,4417
15,4419
28,4419
34,4419
41,4419
4,4420
36,4420
17,4422
23,4426
4,4428
11,4428
37,4429
19,4431
47,4433
24,4435
39,4435
49,4435
47,4437
48,4440
1,4444
2,4445
1,4446
2,4447
1,4448
13,4448
3,4449
4,4450
10,4451
2,4452
3,4452
5,4453
1,4454
5,4455
4,4456
15,4456
12,4457
35,4457
31,4459
1,4460
2,4461
2,4462
1,4463
39,4463
24,4464
2,4465
36,4466
3,4467
33,4467
7,4468
26,4468
38,4468
47,4468
4,4469
3,4470
5,4471
5,4472
38,4472
19,4473
4,4475
32,4475
42,4476
47,4477
18,4478
45,4479
7,4480
3,4483
5,4485
4,4486
5,4487
3,4488
4,4489
22,4490
46,4491
14,4493
19,4493
1,4495
25,4495
47,4495
28,4496
2,4498
18,4499
44,4499
23,4500
1,4502
2,4502
2,4503
1,4505
2,4506
7,4506
17,4506
20,4508
27,4509
11,4520
24,4521
33,4521
23,4522
35,4523
50,4525
9,4525
27,4528
26,4529
30,4529
20,4530
32,4530
42,4531
49,4533
18,4536
31,4536
50,4538
8,4539
25,4540
41,4540
49,4540
14,4541
8,4542
25,4543
44,4543
23,4546
26,4547
14,4548
33,4549
3,4550
7,4550
19,4550
4,4551
23,4551
36,4551
3,4552
5,4553
5,4554
28,4555
4,4556
50,4557
11,4562
16,4562
37,4562
49,4562
36,4566
8,4567
6,4568
23,4568
27,4568
3,4570
33,4570
43,4570
5,4571
34,4572
20,4573
4,4574
5,4574
32,4574
41,4574
50,4575
3,4575
22,4575
45,4575
26,4576
5,4577
4,4579
16,4579
17,4580
25,4581
37,4581
18,4584
20,4584
45,4585
9,4587
23,4587
47,4587
12,4588
44,4588
28,4591
10,4592
23,4593
12,4594
3,4596
21,4596
33,4596
43,4596
5,4597
4,4598
4,4599
1,4600
10,4600
16,4600
32,4600
2,4601
3,4601
5,4602
1,4603
31,4604
1,4605
4,4605
8,4605
18,4605
2,4606
36,4606
2,4608
18,4609
43,4609
49,4609
20,4610
48,4610
31,4611
32,4611
42,4614
1,4615
2,4616
34,4616
4,4617
8,4617
1,4618
29,4618
12,4620
48,4620
2,4621
21,4621
38,4621
41,4621
1,4623
27,4623
35,4623
10,4625
14,4625
2,4627
26,4630
44,4630
1,4633
50,4634
2,4634
1,4635
50,4636
2,4636
26,4636
36,4636
31,4637
46,4637
7,4638
1,4639
10,4639
2,4641
33,4641
42,4641
41,4645
41,4650
14,4652
38,4653
16,4654
39,4655
19,4656
32,4657
9,4658
25,4658
9,4659
46,4659
12,4660
20,4662
29,4662
17,4663
22,4664
46,4664
31,4665
34,4665
18,4666
40,4666
43,4666
50,4667
45,4668
11,4672
22,4672
45,4672
48,4672
23,4673
33,4674
43,4674
25,4676
31,4680
37,4681
38,4681
28,4683
10,4684
16,4684
45,4685
42,4686
46,4686
22,4687
24,4688
45,4688
19,4690
37,4691
47,4691
10,4692
15,4698
50,4699
46,4699
23,4700
8,4702
30,4703
50,4704
39,4704
48,4704
12,4706
29,4706
43,4706
10,4707
23,4708
29,4708
49,4710
39,4711
10,4712
30,4713
14,4714
41,4714
46,4716
24,4720
40,4723
3,4726
25,4727
45,4727
5,4728
46,4728
25,4729
4,4730
22,4730
30,4730
5,4732
4,4733
1,4734
3,4734
1,4735
1,4736
36,4736
2,4737
42,4737
21,4738
2,4739
6,4739
38,4739
1,4740
3,4740
26,4740
5,4741
2,4742
5,4742
18,4742
1,4743
4,4743
37,4743
27,4744
1,4745
2,4746
4,4746
11,4746
31,4746
43,4746
48,4746
23,4747
1,4748
3,4748
2,4749
3,4749
20,4750
2,4751
4,4751
12,4751
40,4751
31,4752
5,4753
17,4755
4,4756
29,4756
5,4757
11,4757
34,4757
10,4759
3,4760
12,4760
49,4760
27,4761
8,4762
25,4763
36,4763
7,4764
30,4766
36,4766
25,4769
29,4769
43,4771
45,4771
23,4772
19,4773
36,4774
45,4774
7,4776
26,4776
19,4778
1,4779
29,4779
2,4780
22,4782
28,4782
39,4782
50,4783
19,4783
1,4785
20,4785
1,4786
2,4787
31,4787
35,4787
23,4789
48,4789
2,4790
44,4790
22,4791
3,4792
40,4792
4,4793
26,4793
26,4794
6,4795
41,4795
16,4797
1,4798
44,4798
10,4799
35,4799
5,4800
5,4801
19,4805
1,4806
18,4807
42,4808
3,4809
7,4809
8,4809
45,4810
12,4811
37,4811
4,4812
39,4812
14,4813
14,4818
15,4819
40,4819
34,4823
31,4826
3,4827
28,4827
1,4828
5,4828
10,4828
2,4829
4,4829
38,4829
40,4829
1,4830
6,4830
29,4830
1,4831
14,4832
3,4833
50,4834
27,4834
2,4835
4,4835
5,4836
9,4836
48,4836
17,4838
31,4839
9,4840
2,4841
35,4842
38,4842
50,4843
1,4844
8,4845
10,4845
25,4845
29,4845
35,4845
1,4848
4,4848
13,4848
22,4849
28,4849
2,4851
1,4852
10,4852
36,4852
2,4853
33,4853
43,4854
2,4855
46,4855
44,4857
42,4859
13,4860
3,4861
25,4862
5,4863
43,4863
4,4864
17,4864
39,4865
5,4867
3,4868
4,4869
17,4870
26,4871
49,4872
26,4873
31,4873
31,4878
27,4880
19,4882
47,4882
3,4883
24,4883
25,4883
17,4884
15,4885
4,4886
38,4886
48,4886
5,4888
4,4889
13,4889
3,4891
5,4892
32,4893
7,4894
49,4894
21,4895
24,4895
43,4896
27,4897
13,4899
17,4899
6,4900
1,4901
2,4902
20,4902
1,4903
38,4903
1,4904
25,4904
2,4905
38,4905
2,4906
10,4906
25,4907
26,4908
12,4910
14,4911
7,4912
10,4912
31,4912
11,4913
49,4913
9,4917
38,4918
38,4919
39,4920
15,4924
25,4926
47,4926
26,4927
40,4928
40,4929
9,4930
50,4931
3,4931
34,4931
28,4932
8,4933
13,4933
44,4935
26,4936
34,4936
35,4937
4,4940
41,4940
22,4941
9,4942
31,4944
1,4945
33,4945
2,4946
1,4947
31,4947
39,4947
9,4948
47,4948
1,4949
2,4950
9,4950
2,4951
49,4953
27,4955
43,4959
16,4961
17,4961
48,4961
30,4962
31,4962
42,4964
20,4966
10,4967
15,4967
29,4967
46,4967
16,4970
13,4972
39,4973
46,4973
3,4974
12,4974
14,4974
42,4974
1,4975
7,4975
18,4975
33,4975
1,4976
41,4976
2,4977
4,4977
16,4977
2,4978
5,4978
11,4978
1,4979
4,4979
2,4980
10,4980
45,4980
31,4981
3,4982
31,4982
5,4983
44,4984
3,4985
17,4986
32,4986
37,4986
5,4988
15,4988
31,4988
6,4989
24,4989
11,4991
24,4991
43,4993
1,4994
5,4994
16,4994
1,4995
33,4995
4,4996
41,4996
4,4997
15,4997
3,4998
2,4999
9,4999
2,5000
34,5001
23,5002
11,5003
27,5003
20,5004
13,5005
17,5006
26,5006
1,5008
25,5008
1,5009
2,5009
48,5009
41,5010
1,5011
24,5011
26,5012
44,5012
1,5013
26,5014
34,5014
2,5015
45,5016
1,5017
2,5018
12,5018
36,5019
2,5020
40,5021
23,5022
24,5022
26,5022
13,5023
17,5027
3,5029
4,5030
5,5031
31,5031
49,5031
5,5034
16,5034
17,5035
27,5035
29,5035
4,5036
16,5036
3,5037
17,5037
45,5037
32,5041
41,5042
12,5043
23,5043
11,5045
23,5045
50,5046
14,5046
25,5046
32,5047
40,5047
30,5048
34,5048
49,5049
14,5050
37,5051
48,5052
28,5055
36,5055
48,5056
24,5057
21,5058
44,5059
8,5060
49,5060
3,5061
35,5061
3,5062
5,5063
16,5063
41,5063
4,5066
11,5067
3,5068
50,5069
4,5070
28,5070
30,5070
5,5071
27,5071
45,5071
22,5074
32,5074
8,5077
1,5078
14,5079
15,5079
48,5083
14,5084
27,5084
16,5088
21,5088
6,5089
33,5089
40,5089
11,5090
48,5090
50,5091
3,5091
8,5091
23,5091
27,5091
4,5092
4,5093
3,5095
13,5095
41,5095
45,5095
5,5096
11,5096
41,5098
5,5099
9,5099
10,5099
26,5101
7,5102
37,5102
13,5103
49,5103
37,5105
1,5107
1,5108
19,5108
8,5110
2,5111
1,5112
2,5113
3,5113
2,5114
5,5114
25,5114
4,5115
3,5116
27,5116
29,5117
4,5119
21,5119
17,5120
50,5121
28,5121
5,5122
32,5123
3,5124
4,5125
13,5125
5,5126
5,5127
3,5128
37,5128
45,5129
50,5130
4,5130
1,5131
29,5131
2,5132
1,5133
14,5133
36,5133
1,5134
2,5135
26,5135
2,5136
36,5137
37,5137
3,5139
13,5140
26,5141
8,5142
18,5142
30,5143
16,5144
26,5144
35,5144
6,5145
10,5146
15,5146
20,5148
25,5148
5,5149
4,5150
5,5151
4,5152
10,5152
16,5152
22,5152
23,5152
3,5153
17,5153
34,5153
8,5158
8,5160
18,5160
11,5163
3,5165
15,5166
10,5167
17,5168
45,5168
15,5170
20,5170
41,5172
16,5173
10,5177
41,5177
30,5179
34,5180
8,5181
15,5184
42,5184
43,5187
27,5189
24,5192
27,5192
41,5192
44,5192
50,5195
37,5195
18,5198
28,5198
35,5198
32,5200
13,5201
50,5202
26,5203
11,5204
39,5204
8,5208
21,5208
29,5208
45,5212
46,5214
49,5214
18,5216
28,5216
27,5219
4,5222
43,5224
38,5228
22,5229
39,5229
50,5230
3,5230
19,5230
2,5231
4,5231
9,5231
5,5233
37,5233
29,5235
4,5236
28,5237
35,5237
36,5237
44,5237
3,5239
5,5240
32,5240
33,5240
11,5241
13,5241
17,5241
6,5242
39,5242
7,5243
33,5244
36,5244
7,5247
9,5248
26,5248
14,5249
26,5249
46,5249
49,5253
10,5254
12,5254
29,5254
48,5254
49,5254
25,5255
27,5255
44,5256
33,5258
33,5259
3,5260
37,5260
7,5261
43,5261
26,5263
50,5264
5,5264
31,5265
4,5267
4,5268
10,5269
12,5269
5,5270
3,5271
34,5271
4,5273
23,5273
39,5275
50,5276
18,5276
10,5277
36,5277
45,5278
36,5279
38,5279
39,5280
39,5281
37,5282
1,5283
3,5283
24,5283
28,5283
2,5285
29,5285
5,5288
1,5289
4,5289
2,5290
4,5290
1,5291
3,5291
14,5291
14,5292
22,5292
2,5293
36,5293
39,5293
24,5294
5,5295
10,5295
41,5295
20,5297
40,5297
49,5297
42,5298
7,5299
17,5299
10,5300
27,5301
28,5303
3,5304
35,5305
28,5306
1,5307
40,5307
1,5308
3,5312
2,5313
7,5313
27,5313
1,5314
18,5314
46,5314
2,5315
5,5315
2,5316
4,5316
25,5316
1,5317
5,5318
11,5318
18,5318
2,5319
8,5319
10,5320
18,5321
1,5322
30,5322
46,5323
3,5324
2,5327
21,5327
4,5328
21,5328
1,5329
10,5329
2,5330
37,5330
41,5330
18,5331
37,5331
23,5334
33,5334
8,5335
1,5337
4,5337
2,5338
1,5339
11,5339
14,5340
13,5341
26,5342
49,5342
2,5343
24,5343
47,5343
10,5345
1,5346
26,5346
2,5348
16,5349
47,5351
7,5352
36,5352
45,5352
39,5354
47,5354
28,5355
22,5361
9,5362
6,5365
23,5365
42,5367
17,5368
46,5368
24,5369
47,5370
50,5372
24,5372
25,5372
3,5373
4,5374
45,5375
4,5376
5,5377
5,5378
12,5378
31,5378
39,5379
1,5381
3,5381
24,5381
50,5383
32,5383
1,5384
9,5384
19,5384
2,5386
1,5387
2,5389
29,5389
2,5390
3,5390
5,5393
6,5393
21,5393
30,5393
38,5393
4,5394
19,5394
5,5395
4,5396
3,5397
16,5397
1,5398
2,5399
43,5399
1,5400
3,5400
49,5400
2,5401
4,5401
25,5401
41,5401
45,5402
1,5403
4,5403
1,5405
2,5406
5,5406
3,5408
50,5409
5,5409
44,5409
19,5413
31,5416
12,5417
21,5418
3,5419
21,5419
5,5420
40,5420
45,5420
4,5421
18,5422
22,5422
20,5423
5,5424
15,5424
21,5425
3,5426
4,5427
32,5427
14,5428
41,5428
9,5432
39,5434
47,5434
8,5435
49,5435
12,5436
34,5436
29,5439
41,5440
50,5441
43,5441
48,5441
38,5443
29,5444
31,5444
5,5445
32,5446
43,5447
19,5449
38,5449
33,5452
33,5453
50,5454
6,5456
13,5456
24,5457
20,5459
27,5459
18,5460
44,5460
46,5460
12,5461
50,5464
19,5466
24,5466
38,5466
24,5468
18,5470
34,5470
36,5470
22,5471
16,5473
36,5475
41,5475
9,5477
11,5481
31,5481
9,5482
43,5482
11,5483
13,5483
45,5484
44,5486
14,5487
24,5487
37,5487
31,5488
19,5489
3,5490
4,5491
22,5491
39,5492
11,5493
47,5493
5,5495
43,5495
4,5496
3,5497
45,5497
46,5497
5,5498
29,5498
8,5499
14,5505
32,5505
13,5506
36,5506
38,5509
8,5510
50,5513
9,5514
11,5520
41,5522
43,5522
32,5523
38,5523
35,5524
49,5524
9,5526
35,5526
1,5527
2,5529
1,5530
1,5531
26,5531
2,5533
18,5534
1,5536
6,5536
19,5536
42,5536
2,5537
27,5537
26,5541
40,5541
2,5543
40,5543
50,5546
18,5546
41,5547
28,5548
4,5549
24,5551
48,5551
10,5552
10,5553
26,5556
39,5558
20,5559
33,5561
24,5562
28,5563
48,5564
50,5565
20,5565
42,5565
3,5566
37,5566
8,5567
36,5567
44,5568
45,5568
4,5570
23,5571
48,5571
5,5572
3,5576
48,5576
9,5577
22,5577
4,5578
6,5578
43,5578
5,5579
46,5579
9,5580
23,5580
33,5581
22,5582
12,5584
15,5586
38,5586
22,5587
24,5587
50,5589
29,5589
43,5589
50,5590
10,5590
3,5591
22,5591
24,5591
26,5591
45,5591
18,5592
39,5592
21,5593
49,5596
43,5599
20,5600
21,5600
50,5601
45,5601
36,5604
9,5608
50,5610
24,5610
3,5611
4,5612
5,5613
9,5613
41,5613
18,5614
5,5615
6,5615
24,5615
32,5615
39,5616
42,5616
49,5616
4,5617
42,5617
19,5618
3,5619
33,5619
17,5620
39,5620
7,5624
34,5624
40,5624
15,5625
33,5626
42,5626
18,5628
9,5629
13,5630
42,5634
34,5635
16,5636
24,5638
1,5639
2,5640
6,5640
1,5641
7,5641
1,5643
36,5643
41,5643
2,5646
43,5646
17,5648
50,5650
2,5650
50,5652
8,5654
39,5654
3,5657
4,5658
27,5658
25,5659
43,5659
4,5660
1,5661
3,5661
12,5661
31,5662
35,5662
5,5663
2,5664
5,5664
1,5665
14,5665
1,5666
2,5667
10,5668
13,5668
22,5668
2,5670
3,5670
47,5670
49,5674
9,5681
48,5681
18,5682
25,5683
33,5683
39,5683
24,5684
27,5684
37,5684
26,5687
27,5688
25,5689
28,5689
9,5691
16,5691
47,5692
46,5695
49,5696
1,5697
8,5697
12,5697
47,5698
2,5699
3,5699
1,5700
26,5700
1,5701
43,5701
7,5702
14,5702
2,5704
4,5704
8,5704
2,5705
36,5705
5,5707
3,5708
19,5708
20,5709
40,5709
5,5710
18,5710
50,5712
4,5713
12,5713
43,5714
3,5715
21,5715
1,5716
4,5716
31,5716
42,5716
2,5717
25,5717
34,5717
1,5718
3,5718
5,5719
17,5719
38,5719
5,5720
23,5720
36,5720
1,5721
32,5721
37,5721
4,5722
2,5723
21,5724
26,5724
29,5724
31,5724
2,5725
27,5725
49,5725
20,5726
49,5727
3,5728
43,5728
4,5730
5,5731
50,5732
33,5733
4,5734
34,5734
30,5735
5,5736
3,5737
17,5737
22,5738
41,5738
9,5739
13,5741
35,5741
12,5742
44,5742
24,5743
27,5743
50,5744
35,5745
16,5746
46,5746
19,5747
14,5748
30,5748
13,5749
21,5749
34,5749
30,5752
47,5753
21,5754
43,5754
50,5755
36,5755
38,5757
6,5758
49,5758
16,5760
41,5760
14,5764
15,5765
40,5766
33,5768
6,5772
24,5772
37,5773
1,5775
2,5776
32,5776
42,5776
1,5777
25,5777
18,5778
1,5779
34,5779
2,5781
2,5782
6,5782
7,5782
43,5782
27,5783
46,5784
9,5786
9,5787
12,5787
44,5788
23,5789
12,5790
16,5790
35,5790
15,5791
17,5791
32,5791
48,5792
1,5793
2,5794
29,5794
48,5794
1,5795
2,5796
6,5796
28,5797
17,5798
39,5798
42,5798
4,5800
12,5801
1,5802
13,5802
30,5804
2,5805
8,5806
39,5807
14,5810
43,5810
38,5811
14,5812
21,5812
42,5814
48,5814
44,5816
16,5818
12,5820
26,5820
1,5823
1,5824
14,5824
40,5825
45,5825
2,5826
31,5826
3,5827
33,5827
4,5828
4,5829
1,5830
5,5830
3,5831
2,5832
12,5832
39,5832
16,5833
32,5833
2,5834
5,5834
39,5834
28,5835
1,5836
41,5836
8,5837
1,5838
11,5838
25,5838
44,5838
34,5839
46,5839
2,5840
2,5841
6,5841
19,5841
1,5842
2,5843
21,5843
33,5843
7,5845
16,5846
38,5846
36,5849
41,5849
3,5851
35,5851
4,5853
32,5853
3,5854
22,5854
36,5854
5,5855
19,5855
5,5856
4,5857
1,5859
11,5859
17,5859
1,5860
2,5861
33,5861
46,5861
36,5863
44,5863
18,5864
33,5865
2,5866
1,5867
9,5867
2,5868
22,5868
44,5869
31,5870
24,5871
27,5871
44,5871
17,5872
12,5873
38,5873
47,5874
30,5875
31,5875
41,5876
1,5878
10,5879
37,5879
42,5879
1,5880
2,5881
18,5881
36,5882
15,5883
2,5884
7,5884
1,5886
20,5886
21,5886
2,5887
39,5887
32,5889
37,5890
34,5892
1,5893
42,5893
2,5894
20,5894
29,5894
1,5895
1,5896
37,5897
2,5898
20,5898
28,5898
3,5899
36,5899
38,5899
4,5900
14,5900
5,5901
2,5902
29,5902
39,5902
4,5903
3,5904
6,5904
5,5905
1,5907
18,5907
1,5908
34,5909
49,5909
50,5911
6,5911
7,5911
40,5912
45,5914
2,5915
27,5915
2,5917
17,5918
22,5918
49,5918
1,5919
34,5919
2,5920
21,5920
43,5920
7,5922
14,5926
50,5927
30,5928
39,5929
17,5932
47,5932
40,5936
42,5936
22,5938
11,5939
14,5939
7,5941
42,5942
44,5942
19,5945
33,5947
35,5947
25,5948
28,5948
12,5949
10,5950
10,5951
49,5953
27,5954
28,5955
49,5955
26,5956
31,5956
14,5957
3,5959
23,5959
26,5960
13,5963
49,5963
1,5964
25,5964
39,5964
44,5964
1,5965
5,5965
30,5965
36,5965
38,5966
49,5966
2,5967
2,5968
4,5969
44,5969
1,5970
22,5970
41,5970
2,5972
4,5972
3,5974
42,5974
5,5975
27,5975
44,5975
44,5976
47,5979
21,5981
22,5981
24,5981
15,5983
21,5983
4,5984
41,5985
3,5988
4,5989
13,5989
1,5991
4,5991
41,5991
5,5992
22,5992
23,5992
24,5992
5,5993
3,5994
33,5994
19,5995
34,5995
46,5995
17,5998
48,5998
2,6000
25,6000
47,6000
29,6001
38,6001
16,6002
9,6003
1,6004
9,6005
1,6006
35,6006
43,6006
3,6007
2,6009
4,6009
30,6009
33,6009
3,6011
7,6012
27,6012
37,6012
2,6013
5,6013
43,6013
5,6014
6,6014
20,6014
4,6015
20,6015
23,6015
10,6016
49,6016
6,6017
18,6019
38,6021
46,6021
49,6023
18,6024
37,6024
1,6025
47,6025
2,6027
22,6027
1,6028
2,6030
1,6031
14,6032
28,6032
39,6032
48,6032
35,6033
39,6034
2,6036
18,6036
34,6036
35,6036
7,6037
11,6037
23,6038
36,6038
32,6040
26,6041
5,6042
12,6042
20,6042
11,6045
3,6046
32,6046
39,6048
48,6049
5,6050
5,6051
36,6052
15,6053
20,6053
23,6053
35,6054
4,6055
4,6056
3,6057
14,6057
7,6058
11,6058
29,6059
36,6059
23,6061
9,6064
10,6068
22,6073
8,6074
42,6076
32,6077
22,6078
17,6079
14,6081
9,6082
8,6083
49,6084
14,6086
35,6086
28,6088
49,6088
12,6090
24,6090
1,6091
30,6092
1,6093
2,6094
11,6095
2,6096
26,6097
1,6098
15,6099
2,6100
1,6101
23,6101
26,6101
2,6102
1,6104
20,6104
1,6105
2,6106
24,6106
2,6107
42,6109
26,6112
31,6112
8,6116
28,6116
33,6117
36,6118
10,6120
23,6120
32,6120
9,6122
14,6122
49,6122
3,6123
10,6123
35,6123
4,6124
30,6125
4,6126
19,6126
44,6127
3,6128
21,6128
11,6129
24,6129
1,6130
2,6131
19,6131
28,6132
42,6132
46,6132
5,6133
1,6134
5,6134
46,6134
49,6134
34,6135
2,6136
18,6136
26,6137
37,6137
35,6139
1,6140
35,6140
50,6141
9,6141
22,6141
2,6142
49,6142
15,6143
36,6144
38,6144
12,6146
29,6147
49,6147
32,6152
41,6153
20,6155
46,6156
13,6159
44,6160
47,6160
3,6161
35,6162
39,6163
4,6164
4,6165
3,6166
5,6167
30,6167
5,6169
8,6169
37,6169
12,6170
15,6170
20,6170
28,6170
26,6173
24,6175
3,6176
22,6176
4,6177
19,6177
46,6177
5,6178
5,6179
8,6179
19,6179
25,6179
14,6180
22,6180
4,6181
15,6181
21,6183
23,6184
25,6184
50,6185
1,6185
3,6185
2,6186
19,6186
3,6187
45,6188
4,6189
13,6189
41,6189
1,6190
3,6190
33,6191
1,6192
5,6192
46,6192
2,6193
25,6193
4,6194
34,6194
2,6195
5,6195
25,6195
29,6195
48,6198
24,6199
36,6200
6,6201
35,6201
11,6202
30,6202
18,6203
28,6204
43,6204
42,6205
1,6206
10,6207
35,6207
2,6208
31,6208
1,6209
19,6209
2,6213
38,6213
1,6215
34,6215
20,6216
27,6216
34,6216
2,6217
27,6220
21,6221
17,6222
21,6223
36,6224
15,6226
20,6227
12,6228
25,6228
34,6229
17,6231
7,6232
32,6232
37,6233
16,6234
32,6234
41,6235
8,6237
25,6237
3,6239
4,6241
18,6242
44,6242
5,6243
4,6244
3,6245
45,6245
10,6246
23,6247
5,6248
42,6248
19,6251
25,6251
7,6253
17,6253
20,6253
27,6256
1,6258
48,6258
19,6259
1,6260
2,6261
22,6262
31,6262
2,6263
3,6263
1,6264
11,6264
2,6265
5,6265
7,6265
4,6266
1,6268
4,6268
14,6268
32,6268
3,6270
39,6270
5,6271
3,6272
28,6272
50,6273
28,6273
14,6274
24,6274
5,6275
12,6275
2,6276
1,6277
5,6277
49,6277
2,6278
4,6278
31,6278
1,6279
4,6279
2,6280
15,6280
45,6280
9,6282
11,6282
43,6282
3,6283
21,6283
32,6284
37,6284
32,6285
50,6286
49,6286
1,6287
3,6288
2,6289
5,6289
30,6289
16,6290
37,6290
5,6291
1,6292
4,6292
1,6293
6,6293
2,6294
3,6294
21,6294
4,6295
7,6295
2,6296
49,6296
16,6298
45,6299
49,6299
21,6300
1,6301
6,6302
39,6302
2,6304
23,6305
25,6306
27,6306
35,6306
11,6307
42,6307
48,6307
8,6308
24,6310
35,6310
1,6311
32,6311
2,6313
45,6313
14,6314
25,6315
1,6316
42,6316
32,6317
4,6318
2,6319
11,6320
48,6320
27,6323
31,6325
6,6326
28,6328
49,6328
10,6330
21,6334
43,6334
9,6336
15,6336
16,6336
1,6337
2,6338
15,6338
31,6338
34,6338
1,6339
49,6339
1,6340
2,6341
32,6341
8,6342
47,6342
2,6343
13,6343
17,6343
15,6347
23,6347
25,6350
44,6351
25,6352
18,6353
3,6354
5,6355
14,6356
30,6356
14,6358
3,6359
19,6359
33,6359
4,6360
3,6362
45,6362
5,6363
10,6363
8,6365
4,6366
3,6369
38,6369
47,6369
31,6370
38,6372
45,6375
4,6376
45,6376
35,6377
37,6377
23,6379
41,6379
1,6380
9,6380
19,6380
1,6381
3,6381
4,6382
30,6382
5,6383
17,6384
2,6385
5,6385
39,6385
1,6386
17,6386
18,6386
39,6386
42,6386
15,6387
2,6388
26,6388
2,6389
31,6389
42,6389
37,6390
48,6391
3,6392
1,6393
47,6393
1,6394
5,6394
48,6394
4,6395
24,6395
3,6396
2,6397
37,6397
2,6399
4,6399
28,6399
32,6399
46,6399
13,6400
29,6400
36,6400
42,6400
6,6401
15,6401
1,6402
5,6402
22,6402
2,6403
26,6408
33,6408
18,6409
9,6410
32,6410
37,6410
48,6410
1,6412
11,6413
1,6414
8,6414
14,6414
35,6414
2,6415
48,6415
49,6415
6,6416
40,6416
9,6417
19,6417
39,6417
47,6417
2,6418
20,6418
26,6418
48,6420
1,6421
42,6421
48,6421
16,6422
31,6423
45,6423
2,6425
47,6425
28,6427
21,6428
22,6428
20,6429
37,6429
43,6432
42,6435
30,6436
46,6436
25,6437
17,6438
21,6438
27,6438
16,6439
21,6439
2,6440
28,6442
47,6444
21,6446
45,6446
41,6447
43,6447
3,6450
27,6450
4,6452
9,6452
5,6453
15,6454
18,6454
26,6454
4,6455
17,6456
3,6457
5,6459
8,6460
23,6462
26,6463
50,6464
15,6464
46,6464
17,6465
39,6468
48,6468
28,6469
10,6470
29,6471
28,6472
43,6472
7,6474
37,6475
11,6477
45,6477
33,6479
18,6480
39,6480
32,6481
15,6483
34,6483
41,6483
6,6487
27,6488
1,6489
1,6492
2,6494
21,6495
29,6495
12,6496
1,6497
40,6497
43,6497
2,6498
6,6498
16,6498
41,6498
1,6499
48,6499
43,6500
2,6501
31,6501
35,6501
44,6502
23,6503
19,6505
19,6506
20,6507
23,6507
34,6507
3,6509
10,6509
12,6509
13,6509
40,6509
4,6510
39,6510
5,6511
5,6512
24,6512
3,6513
34,6513
4,6514
14,6514
3,6515
27,6515
46,6515
5,6516
16,6516
18,6516
35,6516
1,6517
4,6517
30,6517
1,6518
18,6518
20,6518
35,6518
2,6519
4,6520
2,6521
11,6521
42,6521
44,6521
14,6522
42,6522
35,6523
1,6524
5,6524
2,6525
3,6525
7,6525
32,6526
4,6527
44,6527
15,6529
1,6530
14,6530
27,6530
1,6531
2,6532
23,6532
1,6533
33,6534
2,6535
42,6535
13,6537
19,6537
2,6538
8,6538
16,6538
27,6542
5,6544
21,6544
42,6545
30,6546
12,6547
15,6548
40,6548
16,6549
44,6550
28,6551
3,6552
41,6552
40,6553
5,6554
26,6554
4,6555
3,6557
11,6557
37,6559
5,6562
28,6565
4,6569
8,6569
10,6571
3,6572
4,6573
47,6573
8,6574
21,6574
26,6575
35,6575
5,6576
4,6577
10,6577
28,6577
30,6577
3,6578
31,6579
1,6580
5,6580
13,6580
12,6581
23,6581
1,6582
16,6583
44,6583
9,6584
38,6584
12,6585
2,6586
25,6586
37,6586
47,6586
2,6587
24,6587
1,6589
23,6589
31,6589
40,6589
29,6592
2,6593
39,6593
35,6596
30,6597
16,6598
42,6598
23,6599
25,6600
3,6601
36,6601
39,6601
4,6602
42,6602
45,6602
5,6603
6,6603
8,6605
5,6606
23,6606
28,6606
49,6606
4,6607
21,6607
30,6608
39,6609
33,6610
44,6610
3,6611
22,6611
31,6612
43,6612
25,6614
48,6616
23,6618
16,6620
19,6620
28,6620
37,6620
33,6621
7,6623
27,6624
29,6624
30,6624
16,6629
31,6633
1,6634
37,6634
2,6635
18,6635
38,6635
1,6636
30,6636
2,6637
40,6638
1,6639
2,6640
17,6640
19,6641
45,6641
3,6642
16,6642
45,6642
1,6643
1,6645
4,6645
3,6646
5,6647
4,6648
2,6649
5,6649
18,6649
49,6649
45,6650
49,6650
1,6651
38,6651
39,6652
2,6653
7,6653
20,6654
2,6655
3,6655
12,6656
6,6657
4,6658
49,6658
5,6659
4,6660
3,6662
5,6663
7,6664
1,6665
17,6665
27,6665
33,6667
25,6668
32,6668
42,6668
30,6669
3,6670
5,6671
4,6672
4,6673
5,6674
42,6675
47,6675
3,6676
44,6678
47,6678
32,6682
12,6683
22,6683
23,6683
13,6684
25,6684
9,6685
30,6685
13,6686
36,6686
27,6688
18,6689
19,6689
44,6691
27,6693
3,6694
5,6695
5,6696
6,6696
4,6697
4,6698
27,6698
3,6700
11,6700
41,6700
10,6702
17,6702
22,6704
8,6705
37,6705
33,6706
41,6707
45,6707
22,6711
21,6712
46,6712
17,6714
46,6714
24,6718
6,6719
21,6720
6,6722
17,6725
22,6726
3,6727
10,6727
24,6727
1,6728
15,6728
14,6729
25,6729
14,6730
19,6731
42,6731
1,6732
8,6732
2,6733
15,6733
38,6733
39,6733
1,6734
2,6735
25,6735
2,6736
25,6737
27,6739
25,6742
34,6742
37,6743
8,6744
3,6745
24,6745
4,6746
8,6746
4,6748
21,6749
3,6752
15,6752
5,6754
5,6756
15,6758
24,6759
21,6761
24,6761
45,6762
17,6763
29,6763
33,6765
7,6766
46,6766
26,6767
45,6767
19,6768
38,6768
49,6769
5,6770
17,6771
27,6776
36,6776
47,6776
3,6777
17,6777
5,6779
7,6779
12,6779
1,6780
5,6780
15,6780
1,6781
4,6781
39,6781
25,6782
2,6783
21,6783
27,6783
2,6784
18,6784
46,6784
1,6785
10,6785
19,6786
3,6787
4,6788
23,6788
35,6788
35,6789
2,6790
30,6790
40,6790
19,6792
37,6792
32,6795
11,6796
12,6796
14,6796
50,6797
46,6797
7,6798
24,6800
33,6801
43,6801
25,6802
28,6802
47,6803
18,6804
13,6805
38,6805
23,6806
41,6806
50,6808
16,6808
33,6808
8,6809
45,6811
3,6812
13,6812
50,6814
4,6814
18,6816
46,6816
28,6817
3,6818
12,6818
24,6818
36,6818
5,6819
25,6819
46,6819
36,6821
44,6821
40,6822
49,6822
4,6824
40,6824
45,6824
7,6825
5,6826
10,6826
35,6826
1,6827
19,6829
2,6830
49,6830
1,6831
45,6831
1,6833
2,6834
12,6834
33,6834
26,6835
44,6835
2,6836
3,6836
24,6836
23,6837
14,6838
38,6839
45,6839
4,6841
37,6841
40,6841
1,6842
4,6842
1,6843
5,6843
44,6843
2,6844
1,6845
8,6845
11,6845
2,6847
5,6847
7,6848
3,6849
28,6850
2,6851
3,6851
16,6851
8,6852
18,6852
4,6853
15,6853
41,6853
5,6854
21,6854
41,6854
38,6855
1,6856
5,6857
32,6857
22,6858
1,6859
4,6859
17,6859
45,6859
2,6860
3,6860
44,6860
2,6861
1,6863
2,6864
8,6864
13,6866
47,6867
36,6868
37,6869
46,6869
38,6870
11,6871
16,6871
26,6873
7,6875
28,6875
10,6878
12,6879
29,6880
36,6881
48,6881
23,6882
45,6883
15,6885
37,6886
25,6887
19,6888
8,6889
50,6892
15,6892
25,6892
45,6895
39,6897
47,6897
48,6897
5,6900
15,6900
2,6901
26,6901
27,6902
33,6902
45,6904
31,6905
34,6905
44,6905
17,6907
14,6909
28,6911
2,6913
13,6913
47,6914
34,6916
23,6917
38,6917
43,6918
27,6919
31,6919
7,6924
38,6924
21,6929
18,6930
43,6931
15,6932
3,6933
12,6933
38,6933
41,6933
5,6934
43,6937
29,6938
31,6938
5,6940
10,6940
50,6941
8,6941
4,6942
1,6943
4,6943
18,6944
21,6944
26,6944
32,6944
37,6944
8,6945
23,6946
25,6946
47,6947
20,6948
3,6949
7,6949
49,6949
7,6950
15,6955
40,6956
10,6958
11,6959
2,6961
1,6962
28,6962
2,6963
1,6964
40,6965
2,6966
6,6966
15,6967
40,6967
17,6968
1,6970
42,6970
27,6972
14,6974
2,6975
1,6977
11,6977
50,6978
50,6979
2,6979
24,6979
1,6980
23,6980
2,6981
47,6981
20,6982
1,6983
27,6983
8,6984
29,6985
1,6986
10,6986
12,6986
25,6987
2,6988
27,6988
1,6989
18,6989
8,6990
23,6991
2,6993
2,6994
45,6996
24,6997
32,6997
48,7000
23,7003
43,7003
40,7004
1,7005
10,7005
12,7005
2,7006
46,7006
34,7007
36,7007
35,7008
30,7009
19,7010
22,7010
1,7011
6,7011
48,7013
2,7014
1,7015
12,7015
2,7016
16,7016
28,7017
19,7018
3,7019
33,7019
4,7020
15,7020
23,7020
44,7020
4,7021
1,7022
2,7023
3,7023
5,7024
1,7025
5,7025
35,7025
25,7026
30,7027
17,7028
18,7029
30,7029
37,7030
39,7031
1,7032
47,7032
2,7034
2,7038
20,7040
45,7040
10,7045
29,7045
31,7045
32,7045
18,7047
38,7047
44,7047
35,7048
25,7049
23,7050
24,7050
25,7050
36,7050
1,7052
6,7052
17,7052
22,7052
1,7053
21,7053
17,7054
24,7054
31,7055
2,7056
1,7057
38,7057
43,7057
2,7058
2,7059
41,7059
21,7062
39,7063
22,7064
41,7066
50,7068
14,7069
35,7069
41,7069
19,7071
30,7072
42,7072
44,7074
6,7075
14,7075
1,7078
7,7079
39,7079
1,7080
22,7081
43,7081
2,7082
18,7082
1,7083
30,7084
39,7084
2,7086
19,7086
28,7086
31,7086
2,7088
35,7088
30,7092
38,7092
8,7093
31,7093
32,7093
16,7094
28,7095
27,7097
37,7097
7,7100
44,7101
43,7102
7,7103
15,7103
48,7103
1,7104
24,7104
9,7105
31,7105
12,7107
35,7107
1,7109
6,7109
2,7110
40,7110
2,7111
10,7111
44,7111
26,7112
8,7114
1,7115
13,7115
35,7115
2,7116
21,7116
35,7116
3,7117
36,7117
4,7118
20,7118
29,7118
49,7118
3,7119
5,7122
14,7122
40,7122
5,7123
15,7123
25,7123
40,7123
49,7123
4,7124
15,7124
30,7124
41,7125
24,7127
45,7127
26,7130
48,7130
36,7131
37,7131
47,7133
28,7134
44,7135
47,7136
35,7138
16,7139
18,7139
25,7139
36,7140
8,7144
35,7145
31,7146
21,7149
7,7150
24,7150
14,7151
25,7151
42,7152
48,7152
9,7154
35,7154
46,7154
47,7154
1,7155
6,7155
21,7155
2,7156
34,7156
1,7157
34,7157
2,7158
3,7158
37,7158
39,7158
1,7159
4,7159
3,7161
43,7161
2,7162
5,7163
8,7165
14,7165
49,7165
4,7166
14,7166
16,7166
38,7166
5,7167
18,7167
22,7167
36,7167
40,7169
20,7172
39,7173
46,7173
26,7174
9,7176
8,7178
39,7178
11,7179
28,7180
50,7183
21,7184
6,7186
31,7186
26,7187
1,7188
2,7189
16,7189
1,7191
14,7191
2,7192
20,7192
1,7193
43,7193
3,7194
21,7194
2,7195
25,7195
4,7196
3,7197
48,7198
13,7199
36,7199
42,7199
4,7200
23,7201
5,7202
22,7202
5,7203
1,7204
37,7205
28,7207
15,7209
44,7209
30,7212
37,7213
7,7214
37,7214
44,7215
30,7216
33,7216
24,7217
16,7218
37,7218
1,7219
11,7219
31,7221
1,7222
6,7222
31,7222
2,7223
6,7223
1,7224
1,7225
34,7226
2,7227
17,7227
38,7227
42,7227
13,7228
30,7229
38,7229
2,7230
8,7230
33,7231
34,7231
40,7231
45,7231
48,7231
36,7232
8,7233
30,7234
44,7235
29,7236
37,7236
42,7236
16,7237
48,7237
8,7239
11,7239
43,7240
50,7241
11,7241
7,7243
26,7243
50,7244
47,7245
3,7246
47,7246
4,7247
6,7248
44,7248
42,7249
38,7250
1,7251
15,7251
37,7251
2,7252
48,7252
1,7253
5,7253
5,7254
19,7255
44,7255
1,7256
6,7256
13,7256
17,7256
32,7256
2,7257
4,7257
34,7257
2,7258
3,7258
24,7259
1,7260
8,7260
8,7261
1,7262
7,7262
22,7262
40,7262
2,7263
1,7264
2,7265
23,7265
33,7265
34,7267
2,7268
31,7268
37,7268
50,7269
21,7270
44,7270
13,7271
28,7271
35,7271
37,7271
38,7271
32,7272
43,7272
46,7272
3,7274
6,7274
35,7274
48,7274
4,7275
37,7275
3,7276
34,7276
5,7277
5,7278
15,7278
23,7278
19,7279
4,7280
11,7281
12,7283
22,7283
17,7284
35,7284
38,7285
9,7287
14,7288
39,7288
42,7288
37,7291
20,7293
41,7293
41,7295
49,7296
8,7298
32,7298
27,7302
40,7302
24,7303
49,7303
8,7304
32,7304
18,7305
42,7307
8,7311
46,7311
43,7312
35,7314
44,7314
30,7315
40,7315
49,7315
8,7316
43,7316
33,7318
24,7319
28,7320
38,7320
42,7320
38,7322
32,7323
21,7325
16,7326
46,7326
42,7327
36,7328
42,7328
47,7328
26,7329
21,7330
26,7332
47,7332
39,7333
3,7334
9,7334
16,7334
4,7335
5,7336
6,7336
40,7337
15,7338
35,7338
29,7339
3,7340
24,7340
5,7341
7,7341
4,7342
29,7342
10,7343
9,7344
13,7344
38,7344
10,7347
35,7347
18,7348
10,7349
22,7349
31,7349
9,7354
7,7356
39,7356
43,7356
46,7356
8,7357
33,7358
37,7359
33,7360
23,7362
20,7363
36,7366
50,7367
27,7367
36,7367
8,7370
45,7373
1,7374
15,7374
32,7374
19,7375
1,7376
16,7377
23,7377
32,7377
6,7379
23,7379
33,7379
2,7380
3,7380
30,7380
2,7381
21,7381
41,7381
47,7381
1,7382
49,7382
2,7383
13,7384
4,7385
14,7385
50,7387
5,7387
41,7387
4,7389
43,7389
14,7390
3,7391
35,7391
23,7392
5,7393
1,7394
10,7394
11,7395
2,7396
3,7399
5,7400
4,7401
5,7401
30,7401
3,7402
29,7402
32,7402
43,7402
1,7403
2,7404
1,7405
27,7405
2,7407
5,7407
9,7407
1,7408
4,7408
1,7409
2,7410
33,7411
49,7411
1,7412
11,7412
2,7414
2,7415
7,7415
13,7415
46,7416
14,7417
18,7417
20,7417
13,7418
15,7418
22,7420
31,7420
33,7420
21,7421
22,7423
35,7424
30,7425
38,7425
46,7425
21,7426
32,7426
25,7427
20,7428
22,7428
15,7430
19,7430
15,7433
23,7435
24,7435
7,7436
29,7436
29,7437
38,7437
45,7437
6,7438
39,7439
48,7441
49,7441
24,7442
36,7444
43,7444
46,7444
13,7445
42,7445
2,7446
49,7446
3,7447
46,7447
5,7448
44,7448
4,7449
1,7451
5,7452
13,7452
26,7452
2,7453
4,7453
1,7454
3,7454
11,7454
35,7454
37,7454
1,7455
7,7455
28,7455
2,7457
31,7457
29,7458
43,7458
20,7459
2,7460
3,7460
17,7460
26,7460
4,7461
4,7462
31,7462
5,7463
3,7464
48,7465
5,7467
31,7467
1,7468
18,7468
49,7470
2,7471
1,7473
1,7474
2,7475
2,7476
21,7476
7,7479
33,7479
37,7480
50,7481
6,7481
30,7481
1,7482
2,7483
14,7483
4,7484
27,7485
18,7486
35,7486
1,7487
36,7487
22,7488
50,7489
1,7489
27,7489
46,7489
2,7490
2,7492
36,7494
12,7499
38,7500
43,7500
17,7502
14,7504
18,7506
28,7507
10,7508
37,7509
22,7510
38,7514
41,7514
1,7515
2,7517
41,7517
1,7518
2,7519
27,7519
30,7519
3,7520
40,7520
15,7521
22,7521
44,7521
1,7522
7,7523
22,7523
34,7523
39,7523
4,7524
19,7524
2,7525
9,7525
32,7525
33,7526
3,7527
32,7527
5,7528
19,7528
20,7528
13,7530
4,7531
17,7531
12,7532
13,7532
33,7532
46,7532
5,7533
15,7535
26,7536
7,7537
45,7537
34,7538
49,7539
17,7540
37,7542
10,7543
27,7544
30,7544
32,7544
39,7544
50,7545
12,7545
20,7545
38,7547
42,7547
3,7549
11,7550
19,7550
9,7551
10,7553
4,7554
28,7554
50,7555
5,7555
40,7555
4,7556
16,7556
39,7557
5,7558
25,7559
31,7559
32,7559
39,7559
3,7563
14,7563
47,7563
49,7563
12,7566
45,7567
47,7567
45,7568
11,7569
11,7570
19,7570
49,7570
17,7572
39,7573
8,7574
36,7574
12,7575
11,7578
16,7580
3,7581
40,7582
46,7582
19,7583
1,7584
4,7584
38,7584
43,7584
1,7585
4,7585
2,7586
3,7586
1,7587
5,7587
20,7587
22,7587
5,7588
10,7588
12,7588
14,7588
37,7590
2,7591
19,7591
28,7592
33,7592
15,7593
2,7594
9,7594
11,7594
39,7594
2,7595
13,7595
27,7595
1,7598
2,7599
3,7599
27,7599
1,7600
1,7601
4,7601
2,7602
3,7602
46,7602
7,7603
8,7603
9,7604
36,7604
22,7605
7,7607
2,7608
5,7609
29,7609
5,7610
49,7610
4,7611
48,7611
40,7612
44,7614
49,7614
13,7615
42,7615
16,7616
19,7616
28,7618
16,7619
41,7619
23,7621
1,7624
1,7626
10,7626
2,7627
31,7628
2,7629
25,7629
1,7630
2,7631
29,7631
37,7631
3,7634
4,7635
13,7635
4,7636
5,7637
5,7638
25,7638
44,7638
3,7639
14,7639
21,7639
45,7642
11,7644
12,7644
21,7647
1,7648
2,7649
3,7649
4,7650
22,7650
50,7651
1,7651
2,7652
3,7652
49,7652
50,7653
4,7653
13,7653
40,7653
42,7653
1,7654
5,7654
22,7654
2,7655
5,7655
19,7655
41,7655
14,7656
3,7658
6,7659
12,7659
15,7659
1,7660
4,7660
6,7660
26,7660
4,7661
2,7662
5,7662
28,7662
35,7662
1,7663
3,7663
33,7664
5,7665
42,7665
1,7667
33,7667
36,7667
45,7667
50,7668
2,7670
19,7670
29,7670
16,7672
20,7674
2,7675
15,7676
35,7676
41,7676
50,7678
42,7678
50,7681
25,7681
42,7681
23,7682
26,7683
3,7684
5,7685
13,7685
20,7685
44,7685
21,7686
1,7688
2,7689
10,7691
17,7692
36,7694
5,7695
7,7695
1,7696
1,7697
4,7697
40,7698
2,7699
4,7699
13,7699
2,7700
1,7701
3,7701
2,7702
1,7703
36,7704
20,7705
2,7706
26,7706
48,7706
1,7707
34,7707
2,7708
8,7708
3,7709
4,7711
3,7712
41,7712
48,7712
24,7713
39,7713
5,7714
50,7715
4,7715
34,7715
32,7716
5,7717
50,7721
3,7721
29,7722
40,7724
41,7724
9,7726
43,7726
4,7727
18,7727
39,7727
5,7728
9,7728
11,7728
3,7729
20,7729
5,7730
4,7731
17,7732
31,7732
28,7734
47,7734
3,7735
37,7736
43,7736
34,7737
15,7739
23,7739
5,7741
50,7742
4,7742
4,7743
31,7743
5,7744
16,7744
10,7745
3,7746
31,7747
40,7749
16,7751
19,7753
39,7753
16,7754
29,7755
11,7756
41,7758
21,7759
11,7760
4,7763
8,7763
22,7764
34,7764
46,7764
17,7765
45,7765
20,7766
44,7769
22,7771
44,7771
45,7773
50,7775
28,7775
17,7776
46,7776
1,7777
39,7778
2,7779
1,7780
9,7780
20,7780
1,7781
43,7781
2,7782
2,7783
44,7783
35,7784
10,7787
19,7787
34,7787
13,7788
27,7789
32,7793
26,7794
33,7794
23,7795
14,7797
21,7798
49,7799
3,7800
47,7803
5,7804
36,7805
40,7805
4,7806
4,7809
5,7810
50,7811
3,7811
11,7812
30,7813
41,7813
11,7814
14,7814
33,7814
18,7816
11,7817
41,7818
3,7822
11,7822
35,7822
40,7822
10,7823
45,7823
4,7824
4,7825
47,7825
5,7826
3,7827
29,7827
5,7828
29,7828
49,7828
35,7830
14,7831
42,7833
20,7835
36,7835
33,7836
30,7838
35,7838
18,7842
33,7842
43,7842
2,7845
7,7846
18,7848
29,7848
32,7850
25,7855
18,7857
49,7858
18,7860
7,7861
45,7861
8,7862
9,7863
3,7864
16,7864
25,7864
4,7865
31,7865
9,7866
40,7866
19,7868
22,7868
5,7869
21,7870
39,7870
10,7871
46,7871
3,7872
4,7873
35,7873
5,7874
41,7874
30,7875
38,7875
11,7876
25,7877
37,7877
41,7878
8,7879
29,7879
30,7879
9,7881
3,7882
41,7882
4,7883
45,7883
29,7884
39,7886
22,7887
5,7888
11,7888
4,7890
6,7890
3,7891
45,7893
29,7894
5,7895
12,7895
19,7897
16,7900
26,7900
6,7901
40,7902
46,7902
49,7902
47,7903
14,7905
45,7908
47,7908
17,7910
45,7910
2,7911
28,7912
43,7912
12,7913
17,7918
38,7918
38,7922
9,7924
18,7924
21,7924
23,7924
43,7925
25,7926
41,7926
45,7926
7,7928
45,7928
44,7929
24,7930
39,7931
40,7931
45,7931
32,7932
3,7933
15,7933
46,7933
48,7933
4,7934
5,7935
27,7935
9,7936
44,7936
5,7937
6,7940
3,7942
37,7943
4,7944
32,7945
47,7945
21,7946
21,7947
19,7948
15,7950
28,7950
6,7951
9,7951
3,7952
30,7952
4,7953
5,7954
46,7954
3,7955
19,7955
4,7956
33,7956
39,7956
5,7957
41,7957
24,7961
12,7962
7,7968
12,7969
28,7969
24,7972
47,7972
1,7974
5,7974
19,7974
2,7975
1,7976
2,7977
1,7978
45,7978
2,7981
22,7983
38,7983
43,7983
2,7985
36,7985
24,7989
43,7989
11,7991
38,7991
44,7993
13,7994
34,7994
48,7994
14,7996
15,7997
33,7998
49,7998
50,7999
19,7999
44,7999
20,8000
19,8001
11,8002
12,8002
50,8004
23,8004
25,8004
43,8004
31,8005
23,8006
3,8008
4,8010
13,8010
3,8011
45,8011
49,8011
5,8012
50,8014
11,8014
15,8017
5,8018
5,8019
31,8019
4,8020
39,8021
41,8021
13,8022
23,8022
27,8022
6,8023
29,8023
38,8024
27,8026
32,8026
20,8027
49,8027
36,8028
41,8028
20,8030
27,8030
40,8030
18,8031
11,8032
25,8032
27,8032
33,8032
43,8032
10,8035
31,8035
33,8035
1,8039
6,8039
31,8039
24,8040
14,8041
22,8042
37,8042
38,8042
20,8043
41,8043
2,8044
1,8045
7,8045
3,8046
2,8047
8,8047
1,8049
4,8049
34,8050
2,8051
30,8051
4,8052
34,8052
7,8053
15,8053
44,8053
3,8054
27,8054
28,8054
5,8056
14,8056
18,8056
42,8057
5,8058
40,8059
22,8062
32,8062
19,8063
45,8063
13,8064
39,8065
7,8066
26,8066
3,8068
4,8069
16,8069
5,8070
25,8071
5,8072
4,8073
12,8073
9,8074
21,8074
1,8075
1,8076
2,8077
3,8077
11,8077
26,8077
28,8077
1,8078
22,8078
24,8078
36,8078
34,8079
41,8079
47,8081
2,8082
24,8082
2,8083
21,8084
18,8085
28,8085
41,8085
1,8086
2,8088
45,8089
47,8090
42,8091
6,8092
21,8092
33,8092
1,8093
14,8093
23,8093
42,8093
1,8094
17,8094
34,8094
30,8095
24,8096
37,8096
2,8097
19,8097
38,8097
2,8099
38,8100
33,8103
47,8103
7,8110
28,8110
39,8110
49,8111
31,8115
15,8116
22,8117
19,8119
32,8120
35,8122
10,8124
14,8126
46,8127
16,8129
46,8129
14,8130
35,8130
25,8131
42,8131
22,8132
40,8133
45,8135
23,8136
30,8136
39,8137
50,8139
10,8141
14,8141
41,8141
3,8142
5,8143
5,8146
9,8146
14,8146
4,8147
12,8147
42,8147
45,8147
48,8147
4,8148
9,8148
3,8149
12,8149
8,8150
16,8150
36,8151
17,8152
23,8152
33,8152
17,8154
7,8155
11,8156
5,8157
24,8157
50,8159
12,8161
45,8161
23,8162
40,8163
20,8164
48,8164
50,8167
8,8167
32,8168
32,8169
16,8170
15,8171
33,8172
16,8173
1,8177
24,8179
39,8179
2,8183
1,8184
23,8184
38,8184
32,8185
2,8186
25,8186
14,8187
1,8189
18,8191
26,8191
18,8192
20,8192
2,8193
41,8193
50,8194
11,8195
42,8196
29,8197
11,8199
1,8203
10,8203
1,8204
2,8205
2,8207
37,8207
1,8208
2,8209
49,8211
45,8213
21,8214
30,8214
31,8214
29,8215
15,8217
49,8217
13,8218
26,8218
36,8219
35,8220
42,8220
11,8223
15,8224
3,8227
48,8227
4,8228
24,8229
45,8229
3,8230
38,8230
31,8232
35,8232
5,8233
4,8234
5,8235
18,8236
15,8238
8,8240
18,8240
8,8241
20,8242
30,8242
35,8242
31,8243
47,8243
21,8244
27,8245
29,8245
24,8246
49,8246
41,8247
30,8249
3,8251
19,8251
38,8251
5,8252
2,8253
4,8253
3,8254
16,8255
5,8256
19,8256
27,8256
35,8256
4,8257
7,8257
28,8258
12,8259
31,8259
7,8261
40,8261
42,8261
46,8262
39,8264
50,8265
20,8265
30,8265
11,8266
1,8269
7,8269
2,8270
41,8271
44,8272
1,8273
12,8273
25,8273
17,8274
47,8274
48,8275
2,8276
1,8277
13,8277
2,8279
6,8280
22,8281
25,8281
43,8281
8,8283
6,8285
12,8286
31,8287
29,8288
33,8288
34,8289
50,8292
3,8292
30,8293
45,8293
28,8294
38,8295
25,8296
50,8298
4,8298
8,8298
23,8299
40,8299
3,8301
23,8301
48,8302
3,8303
17,8303
5,8304
21,8304
30,8304
33,8306
48,8306
6,8307
23,8308
26,8309
47,8309
5,8310
20,8311
4,8313
20,8314
1,8315
19,8315
37,8315
3,8316
4,8317
20,8318
21,8318
32,8318
3,8319
5,8319
4,8320
5,8321
30,8322
3,8324
15,8324
24,8324
13,8326
27,8327
30,8327
37,8327
39,8328
16,8329
28,8330
47,8330
12,8332
18,8332
44,8332
22,8335
8,8336
40,8337
41,8337
36,8338
19,8344
43,8344
49,8344
16,8346
46,8346
11,8347
13,8347
13,8350
28,8350
33,8350
42,8351
7,8352
24,8352
47,8352
37,8353
42,8354
12,8356
44,8356
16,8358
38,8358
1,8361
1,8362
2,8363
7,8365
18,8365
1,8366
2,8367
9,8368
46,8368
2,8371
18,8371
42,8371
12,8374
37,8375
3,8378
8,8378
19,8378
1,8379
2,8380
22,8380
5,8381
42,8381
4,8382
4,8383
44,8383
1,8384
2,8385
5,8385
3,8386
1,8387
2,8389
34,8389
48,8389
42,8390
11,8391
18,8392
24,8392
35,8393
49,8395
38,8398
48,8400
13,8401
16,8404
42,8404
22,8405
9,8406
1,8407
1,8408
2,8409
30,8409
35,8409
2,8410
37,8410
11,8412
19,8412
45,8412
49,8412
1,8413
2,8414
9,8414
11,8414
31,8415
38,8415
18,8417
25,8418
6,8419
28,8419
50,8421
3,8421
5,8422
25,8422
4,8423
32,8423
38,8423
24,8424
31,8424
46,8425
8,8426
4,8427
15,8427
19,8427
5,8428
27,8428
35,8428
44,8428
3,8429
22,8429
34,8431
3,8432
46,8432
4,8433
31,8433
5,8434
1,8435
4,8435
2,8436
3,8436
15,8437
5,8438
37,8438
1,8439
18,8439
26,8440
29,8442
2,8443
15,8443
31,8444
1,8446
31,8446
2,8448
12,8449
33,8449
40,8449
47,8449
7,8453
12,8453
21,8453
11,8455
8,8458
24,8460
30,8461
6,8462
24,8462
31,8464
45,8464
2,8465
14,8465
8,8466
27,8466
38,8467
42,8467
3,8468
4,8469
38,8469
48,8469
5,8470
11,8470
4,8471
15,8471
5,8472
6,8472
10,8472
17,8472
3,8473
29,8473
36,8477
46,8478
3,8479
15,8479
4,8481
50,8482
5,8482
3,8483
5,8484
4,8485
24,8485
25,8486
30,8486
33,8486
32,8487
46,8488
23,8490
49,8490
3,8492
1,8493
4,8493
23,8494
2,8495
3,8495
11,8495
29,8495
1,8496
5,8496
1,8497
4,8497
5,8498
17,8498
32,8498
42,8498
49,8498
2,8499
30,8499
38,8499
2,8500
23,8502
4,8503
34,8503
48,8503
15,8504
17,8506
49,8507
3,8509
5,8510
12,8511
28,8511
41,8511
4,8512
3,8513
5,8514
5,8515
27,8516
4,8518
32,8519
25,8521
46,8521
44,8524
17,8526
32,8528
10,8529
50,8530
30,8531
39,8531
44,8531
34,8532
42,8533
1,8536
6,8536
26,8536
34,8537
2,8538
23,8538
1,8540
27,8540
30,8540
2,8541
15,8541
31,8541
42,8541
1,8542
38,8542
18,8543
1,8544
33,8544
21,8545
25,8550
38,8550
28,8552
49,8552
32,8553
2,8554
18,8554
44,8554
33,8555
31,8556
48,8558
31,8559
43,8559
12,8560
12,8563
37,8565
46,8566
47,8566
49,8567
37,8568
7,8569
14,8569
22,8569
47,8569
49,8569
25,8570
49,8571
8,8574
14,8575
22,8575
21,8576
48,8577
3,8578
5,8579
13,8581
34,8581
35,8582
5,8583
50,8584
12,8584
4,8585
7,8587
22,8587
44,8587
36,8591
3,8592
4,8594
8,8594
24,8594
23,8595
11,8596
22,8596
48,8597
32,8600
38,8600
44,8600
11,8601
27,8602
33,8603
39,8603
7,8605
24,8605
41,8605
14,8607
45,8607
4,8608
21,8608
42,8608
49,8608
17,8610
5,8614
14,8614
15,8615
12,8616
7,8617
12,8617
12,8618
35,8620
39,8620
12,8621
43,8621
3,8624
10,8624
28,8624
3,8625
20,8627
42,8628
13,8630
6,8631
34,8632
7,8633
15,8634
9,8636
8,8637
48,8637
18,8638
20,8640
21,8640
24,8642
41,8642
43,8642
3,8644
8,8644
31,8645
5,8646
5,8647
4,8648
14,8648
3,8649
25,8649
47,8650
49,8650
8,8651
10,8651
31,8651
18,8652
4,8653
7,8653
43,8653
24,8654
6,8655
50,8656
1,8656
8,8656
25,8656
42,8658
2,8660
43,8661
1,8662
26,8663
1,8665
2,8666
12,8666
2,8667
19,8667
36,8667
1,8668
9,8668
50,8669
36,8669
1,8671
2,8672
3,8673
4,8674
22,8674
32,8674
40,8674
2,8675
35,8675
49,8675
1,8676
18,8676
16,8677
2,8678
3,8678
3,8679
25,8679
4,8680
25,8680
5,8681
5,8682
11,8682
7,8683
15,8683
3,8684
5,8685
5,8686
38,8686
41,8687
4,8688
4,8689
3,8690
19,8690
39,8690
42,8691
48,8691
16,8692
29,8692
37,8693
18,8695
46,8695
16,8696
27,8696
8,8698
10,8698
47,8699
21,8701
7,8702
49,8702
32,8704
26,8706
49,8706
1,8707
7,8707
18,8707
33,8707
2,8708
37,8708
1,8709
28,8709
43,8709
50,8710
1,8710
2,8711
6,8711
2,8712
32,8712
1,8713
9,8713
2,8714
8,8714
1,8715
35,8715
21,8716
2,8717
36,8717
40,8717
1,8718
2,8719
38,8719
1,8720
19,8720
22,8720
31,8720
13,8721
42,8721
45,8722
46,8722
10,8723
13,8723
33,8725
38,8725
9,8726
13,8726
32,8726
17,8727
31,8727
17,8728
10,8733
21,8733
49,8733
13,8734
20,8734
46,8734
36,8741
14,8743
18,8744
3,8745
10,8746
4,8747
28,8747
46,8747
5,8748
43,8749
5,8751
3,8753
14,8753
4,8754
25,8755
9,8756
1,8757
2,8758
42,8758
1,8759
35,8759
1,8760
2,8761
11,8761
14,8761
50,8762
2,8763
29,8765
41,8765
34,8766
20,8767
32,8769
19,8771
9,8772
27,8773
15,8775
18,8777
21,8778
29,8778
35,8778
10,8780
39,8780
11,8783
38,8784
42,8784
43,8784
7,8785
10,8785
17,8785
10,8786
36,8787
38,8788
30,8789
22,8790
39,8791
47,8791
23,8792
43,8795
32,8796
50,8797
25,8797
3,8799
7,8799
11,8799
46,8799
46,8800
4,8802
5,8803
41,8804
7,8805
23,8805
1,8808
38,8808
4,8809
23,8809
3,8810
40,8811
1,8812
5,8813
13,8813
24,8814
2,8815
10,8816
2,8817
3,8817
34,8817
4,8818
3,8819
44,8819
1,8820
5,8820
9,8820
4,8821
22,8821
43,8821
2,8822
5,8822
11,8823
36,8824
44,8827
49,8831
3,8832
23,8832
5,8833
5,8834
4,8835
16,8835
33,8836
3,8837
28,8837
4,8838
23,8838
45,8839
21,8842
11,8843
39,8849
19,8852
15,8853
14,8854
18,8854
24,8856
42,8860
45,8860
48,8860
33,8862
19,8863
34,8863
10,8864
16,8864
31,8864
37,8866
46,8867
27,8868
31,8868
14,8869
25,8869
20,8870
33,8870
42,8870
28,8871
37,8871
32,8872
29,8873
37,8873
7,8875
17,8875
45,8875
39,8876
14,8877
26,8877
18,8878
21,8878
6,8879
26,8879
39,8881
11,8882
14,8883
6,8884
11,8884
6,8887
24,8889
43,8889
34,8890
42,8890
47,8890
31,8892
35,8893
33,8894
26,8898
44,8898
12,8899
50,8900
20,8900
47,8900
3,8901
27,8901
28,8901
31,8901
43,8901
4,8902
11,8902
47,8902
5,8903
35,8903
5,8904
17,8904
4,8905
18,8905
3,8906
3,8908
4,8908
26,8908
3,8911
24,8911
5,8913
48,8913
7,8914
4,8916
5,8916
50,8918
4,8918
14,8918
40,8920
41,8920
3,8921
5,8922
5,8924
6,8924
5,8925
41,8926
50,8927
21,8927
27,8928
6,8930
43,8930
47,8931
1,8932
16,8933
40,8934
47,8934
2,8935
29,8935
32,8935
1,8936
21,8937
1,8938
24,8938
2,8940
2,8941
9,8941
1,8942
1,8944
49,8944
45,8945
1,8946
13,8947
13,8948
17,8948
2,8949
37,8949
1,8951
38,8951
2,8952
21,8952
35,8952
2,8953
6,8953
9,8953
29,8954
40,8954
32,8956
42,8956
44,8956
3,8957
22,8959
4,8960
4,8961
5,8965
32,8965
5,8967
3,8968
9,8969
29,8969
12,8970
26,8970
33,8970
1,8971
7,8972
22,8973
25,8973
42,8974
1,8975
17,8975
19,8976
50,8977
3,8978
31,8978
2,8979
5,8979
30,8979
2,8980
28,8980
33,8980
40,8980
1,8981
4,8982
3,8983
25,8984
2,8985
10,8985
42,8985
4,8986
2,8987
21,8987
7,8988
2,8989
22,8989
40,8989
5,8990
21,8990
14,8991
23,8993
6,8995
16,8997
10,8998
40,8998
22,8999
34,8999
13,9001
12,9002
20,9002
50,9003
9,9003
16,9004
22,9004
9,9007
31,9007
34,9007
1,9009
50,9010
2,9010
39,9010
14,9011
41,9011
47,9011
3,9012
1,9013
6,9014
27,9014
2,9016
5,9016
20,9016
1,9017
4,9017
13,9017
2,9018
4,9018
3,9019
5,9020
10,9020
45,9022
24,9023
32,9025
19,9026
11,9028
31,9028
38,9028
37,9029
24,9032
27,9032
49,9033
23,9035
35,9037
25,9038
10,9039
40,9041
30,9045
47,9045
9,9046
32,9046
26,9049
12,9050
40,9050
6,9052
14,9052
19,9052
38,9053
7,9055
39,9056
45,9056
48,9056
23,9057
48,9059
3,9060
19,9060
19,9061
13,9062
15,9063
43,9063
22,9064
15,9065
5,9066
35,9066
37,9066
43,9066
4,9067
3,9069
43,9069
1,9070
26,9070
27,9070
1,9071
31,9072
37,9073
2,9074
4,9074
26,9074
45,9074
1,9075
43,9075
5,9076
22,9078
2,9079
32,9079
38,9079
2,9080
10,9080
7,9082
16,9082
5,9083
12,9088
31,9088
49,9088
50,9089
50,9090
19,9090
33,9090
9,9091
18,9091
40,9091
14,9092
44,9092
30,9096
36,9097
41,9099
25,9100
17,9101
7,9103
43,9103
10,9104
46,9104
11,9108
27,9109
39,9109
19,9112
12,9114
15,9114
8,9116
35,9116
18,9117
35,9117
6,9119
26,9120
28,9120
10,9121
10,9123
28,9123
3,9124
38,9125
4,9126
3,9127
1,9128
5,9128
22,9129
1,9130
4,9130
2,9131
5,9131
9,9132
32,9132
24,9133
2,9134
41,9134
1,9135
22,9135
2,9136
20,9137
42,9137
6,9138
25,9138
20,9139
33,9139
41,9139
49,9139
31,9140
20,9141
17,9142
3,9143
12,9143
18,9144
30,9145
23,9146
35,9148
2,9149
12,9152
39,9154
43,9154
36,9156
4,9158
17,9159
7,9160
50,9162
25,9162
19,9163
50,9164
14,9164
44,9164
44,9165
47,9165
49,9165
34,9167
38,9168
10,9169
24,9169
49,9169
24,9170
11,9173
12,9173
23,9173
9,9175
42,9175
13,9176
49,9176
1,9177
6,9179
22,9179
8,9181
50,9183
1,9184
48,9185
2,9187
43,9187
1,9189
37,9189
40,9189
1,9190
48,9190
2,9191
2,9192
30,9195
3,9197
9,9198
27,9198
33,9198
37,9199
47,9201
37,9202
6,9206
15,9206
36,9206
21,9208
22,9209
41,9210
48,9210
6,9211
28,9211
17,9212
29,9214
3,9215
23,9215
37,9215
4,9216
14,9216
25,9216
35,9216
41,9217
4,9218
5,9219
7,9219
44,9219
3,9220
20,9220
26,9221
5,9222
24,9222
15,9227
10,9228
8,9229
41,9230
26,9232
3,9233
4,9234
10,9234
14,9234
1,9235
5,9235
43,9235
1,9236
5,9236
40,9236
26,9237
4,9238
31,9238
42,9238
3,9239
2,9240
25,9240
2,9241
17,9241
1,9242
25,9243
2,9247
38,9247
27,9252
48,9252
17,9253
34,9253
46,9255
13,9256
39,9256
13,9257
47,9257
15,9259
48,9259
13,9261
23,9261
25,9261
39,9261
35,9262
1,9264
16,9264
2,9265
7,9266
11,9266
1,9268
4,9269
30,9269
15,9270
35,9270
44,9270
2,9271
17,9272
43,9272
1,9273
43,9273
2,9274
21,9276
11,9277
35,9281
47,9282
33,9284
42,9285
28,9286
16,9289
24,9290
45,9292
15,9294
11,9296
11,9299
27,9299
37,9299
45,9300
9,9301
8,9308
43,9308
3,9309
20,9309
4,9311
12,9311
27,9311
3,9312
5,9313
11,9313
19,9313
4,9315
40,9315
45,9315
5,9318
44,9318
3,9320
4,9321
5,9323
20,9323
4,9324
3,9325
41,9325
48,9325
1,9326
21,9327
22,9327
50,9328
1,9328
5,9328
6,9328
12,9328
2,9329
38,9329
41,9329
2,9330
1,9331
43,9332
7,9333
8,9333
2,9334
10,9334
31,9334
16,9335
33,9335
37,9335
18,9336
26,9336
1,9337
28,9337
1,9339
30,9339
50,9340
2,9341
21,9342
1,9343
9,9343
12,9344
2,9345
48,9345
25,9346
12,9347
9,9348
19,9348
2,9349
48,9349
46,9351
8,9352
19,9353
33,9353
29,9354
40,9355
17,9357
29,9357
9,9358
19,9358
21,9361
17,9363
14,9364
9,9365
10,9366
40,9366
16,9369
44,9369
45,9369
5,9371
3,9372
50,9373
4,9374
10,9374
6,9375
38,9375
42,9375
47,9377
5,9378
34,9379
3,9380
20,9380
47,9380
4,9381
16,9381
45,9381
9,9382
23,9383
1,9384
5,9384
37,9384
1,9385
9,9385
36,9385
2,9386
3,9386
1,9387
28,9389
31,9389
7,9391
2,9393
25,9393
2,9394
36,9394
19,9395
50,9396
19,9396
17,9399
25,9400
10,9403
44,9403
45,9403
1,9404
21,9404
41,9404
45,9404
3,9405
37,9405
24,9406
28,9406
1,9407
2,9408
20,9408
36,9408
6,9409
11,9409
48,9409
1,9410
1,9411
14,9411
2,9412
6,9412
14,9412
29,9412
2,9413
6,9414
28,9414
16,9415
12,9418
47,9419
14,9422
19,9424
11,9425
15,9425
35,9425
47,9425
1,9428
45,9428
18,9429
1,9430
2,9432
3,9432
20,9432
1,9433
5,9433
2,9434
5,9434
2,9435
18,9435
48,9436
23,9437
30,9437
25,9438
29,9438
4,9439
19,9439
33,9439
47,9439
4,9440
15,9440
42,9440
44,9440
24,9441
46,9442
3,9443
19,9445
37,9445
18,9446
28,9449
40,9450
37,9451
35,9453
19,9454
43,9454
1,9456
1,9458
23,9459
28,9459
21,9460
32,9460
33,9460
39,9460
13,9461
38,9461
2,9462
16,9463
25,9464
38,9464
1,9466
9,9466
34,9466
2,9467
34,9467
2,9469
47,9471
21,9472
27,9472
10,9473
17,9473
35,9474
19,9475
22,9475
1,9476
19,9476
25,9477
27,9477
1,9478
23,9478
24,9478
43,9478
45,9478
2,9479
41,9479
2,9481
44,9481
1,9482
21,9482
9,9483
2,9484
3,9486
6,9486
4,9489
33,9489
5,9490
4,9492
27,9492
16,9493
22,9494
40,9494
3,9496
12,9496
30,9496
31,9497
5,9498
12,9499
34,9499
20,9500
39,9500
49,9501
31,9502
43,9502
35,9503
34,9504
28,9505
24,9506
35,9509
15,9510
40,9510
15,9514
45,9514
43,9515
50,9516
29,9516
9,9519
42,9521
45,9522
7,9525
9,9525
42,9525
15,9528
36,9528
33,9529
12,9531
38,9531
26,9533
21,9534
1,9535
1,9536
30,9536
19,9537
23,9537
42,9539
2,9541
35,9541
39,9541
49,9541
8,9542
29,9542
39,9542
47,9542
35,9543
1,9544
40,9544
2,9545
14,9545
22,9545
12,9546
46,9546
20,9547
34,9547
2,9548
11,9550
15,9551
32,9551
29,9553
24,9556
32,9556
34,9556
40,9556
15,9559
21,9560
29,9560
41,9560
23,9561
41,9563
28,9564
39,9564
1,9567
10,9569
13,9569
21,9573
12,9574
17,9574
46,9574
18,9575
44,9575
9,9576
26,9576
45,9576
18,9578
37,9579
13,9581
48,9581
3,9582
22,9582
4,9584
5,9585
20,9585
4,9586
8,9586
3,9587
36,9587
30,9588
5,9591
13,9594
3,9595
24,9596
5,9597
4,9598
19,9598
40,9598
45,9598
16,9599
3,9600
5,9602
4,9603
14,9603
41,9603
42,9605
28,9606
1,9607
34,9609
2,9610
30,9611
1,9612
2,9614
38,9614
1,9615
2,9616
38,9618
36,9619
14,9620
15,9623
39,9624
13,9625
27,9625
3,9626
28,9629
5,9630
25,9630
40,9631
4,9636
4,9637
44,9637
32,9638
3,9639
33,9639
46,9639
5,9640
47,9640
42,9641
11,9642
17,9642
29,9646
48,9648
3,9649
24,9649
39,9649
4,9650
3,9651
45,9652
4,9653
5,9655
16,9655
34,9657
5,9658
16,9659
46,9659
32,9661
47,9661
28,9666
48,9669
23,9670
35,9670
43,9670
45,9671
7,9672
3,9673
4,9674
8,9674
31,9674
38,9674
3,9675
35,9676
40,9676
5,9678
4,9679
16,9679
5,9681
34,9683
19,9685
44,9687
14,9688
24,9689
1,9691
42,9691
1,9692
27,9692
24,9693
31,9693
16,9694
2,9695
2,9696
6,9696
41,9696
1,9697
24,9697
15,9698
2,9699
11,9701
22,9701
40,9703
1,9705
44,9705
29,9706
48,9706
1,9707
2,9707
34,9707
2,9708
24,9710
2,9711
23,9711
17,9712
16,9714
20,9715
1,9716
38,9716
2,9717
33,9720
1,9721
3,9721
2,9722
4,9722
39,9722
41,9722
1,9723
4,9724
1,9725
3,9725
23,9725
5,9727
36,9727
42,9728
49,9728
5,9729
12,9730
16,9730
2,9733
48,9733
11,9734
18,9734
47,9734
2,9735
29,9735
21,9736
3,9737
10,9737
19,9737
4,9738
4,9739
18,9740
33,9740
35,9741
38,9741
28,9742
50,9743
30,9743
5,9744
8,9744
14,9745
38,9745
3,9746
5,9747
6,9747
14,9747
20,9748
21,9748
28,9748
29,9750
34,9750
17,9751
20,9751
31,9751
4,9752
20,9752
31,9752
13,9753
19,9753
32,9753
41,9753
14,9754
29,9756
33,9756
37,9758
49,9759
6,9760
11,9760
27,9760
50,9761
13,9765
20,9767
42,9767
45,9768
12,9769
39,9769
6,9771
13,9771
31,9771
47,9774
12,9777
28,9777
20,9778
17,9779
35,9779
19,9780
41,9780
18,9781
25,9781
15,9784
35,9785
40,9785
8,9786
20,9786
22,9786
38,9787
41,9789
49,9789
17,9792
25,9793
18,9794
5,9796
33,9797
39,9798
45,9799
16,9800
26,9800
38,9802
18,9803
26,9803
32,9803
45,9803
3,9806
10,9806
48,9807
1,9808
15,9808
2,9809
16,9809
39,9809
37,9810
36,9811
1,9812
2,9814
33,9814
35,9814
43,9814
48,9814
9,9815
1,9816
2,9817
15,9817
18,9817
45,9818
46,9818
16,9820
24,9820
29,9820
17,9821
33,9821
41,9822
35,9823
45,9826
15,9827
32,9827
34,9827
12,9828
44,9828
44,9829
24,9830
19,9831
8,9832
29,9833
33,9833
8,9835
38,9835
18,9837
38,9837
36,9838
3,9841
8,9842
47,9842
50,9843
17,9843
43,9845
26,9846
45,9847
37,9852
13,9855
20,9855
40,9859
43,9860
14,9861
50,9865
9,9865
26,9865
34,9865
42,9865
46,9868
13,9869
1,9871
13,9871
10,9872
24,9872
31,9872
43,9872
17,9875
34,9875
39,9875
32,9876
1,9877
29,9877
35,9877
25,9878
30,9878
26,9879
49,9879
50,9881
3,9881
11,9881
33,9881
2,9882
22,9882
1,9883
5,9883
5,9884
15,9884
50,9886
14,9886
2,9887
20,9887
43,9887
2,9888
4,9888
6,9888
3,9889
9,9889
18,9889
36,9889
27,9890
30,9890
50,9891
4,9891
15,9892
13,9895
16,9897
45,9897
36,9898
3,9899
4,9900
28,9901
48,9901
4,9903
36,9903
21,9904
27,9904
5,9905
15,9905
3,9906
49,9906
5,9907
22,9907
1,9908
18,9908
49,9908
1,9909
3,9909
5,9910
5,9912
18,9912
2,9913
2,9914
4,9914
9,9915
25,9915
4,9916
42,9916
1,9917
3,9917
2,9919
21,9919
48,9920
50,9921
15,9924
34,9924
23,9925
29,9927
44,9928
1,9929
6,9929
41,9929
5,9931
25,9931
38,9931
2,9932
1,9933
20,9933
12,9934
19,9934
1,9935
41,9936
46,9936
2,9937
30,9940
43,9940
26,9941
18,9942
6,9943
23,9943
46,9943
2,9944
3,9945
12,9945
37,9945
5,9946
28,9946
39,9946
5,9947
4,9949
49,9949
20,9950
4,9951
45,9951
3,9952
47,9952
47,9953
7,9955
18,9958
7,9959
16,9959
34,9960
18,9961
30,9962
37,9962
47,9963
34,9964
30,9965
47,9965
22,9966
41,9966
1,9967
32,9967
10,9969
27,9969
26,9971
47,9971
1,9972
38,9972
27,9973
38,9973
2,9974
6,9974
22,9974
1,9978
2,9979
16,9979
32,9979
2,9982
21,9983
25,9984
37,9985
47,9985
29,9986
29,9988
37,9989
49,9989
44,9990
24,9993
44,9993
50,9994
34,9994
28,9998
31,9998
48,9999
