10,6
40,6
7,9
40,11
9,19
20,19
31,20
36,22
16,23
28,24
3,26
50,27
1,29
4,29
30,29
2,30
4,30
1,32
5,33
34,33
46,34
1,35
5,36
47,36
2,37
3,37
23,37
2,38
7,38
19,38
3,40
19,41
34,43
17,48
24,48
38,48
41,53
42,53
21,61
34,61
11,62
26,63
6,67
27,67
2,73
7,76
36,76
50,79
42,80
17,81
6,82
14,83
32,83
41,86
3,87
10,90
4,91
4,92
1,93
5,93
3,94
1,95
5,96
30,96
24,98
30,98
12,99
2,100
1,102
36,102
2,104
2,105
26,106
46,107
6,111
25,113
39,115
20,118
26,122
28,125
10,128
13,128
3,131
1,132
16,132
5,133
4,134
13,134
3,135
5,137
16,137
33,137
4,138
24,142
40,142
33,144
23,148
39,148
46,151
27,152
13,154
20,155
30,158
17,160
10,161
15,161
47,161
40,162
7,165
8,165
40,165
3,167
5,168
5,169
6,170
37,170
1,171
4,171
28,171
2,172
38,172
3,173
47,173
1,174
41,174
4,175
1,176
46,176
2,177
2,178
3,178
24,180
36,181
46,181
4,182
4,183
5,184
1,185
5,185
11,185
40,185
2,186
3,186
1,187
6,188
13,188
2,189
1,192
42,192
26,193
34,193
44,193
33,194
2,195
50,202
29,202
44,215
8,216
30,217
38,221
46,222
23,224
33,226
42,229
31,230
6,231
7,233
38,233
14,240
30,240
21,246
27,247
2,248
45,249
49,249
37,252
6,253
20,265
3,273
9,273
10,274
32,274
5,276
5,277
4,278
35,278
4,279
28,280
3,281
8,282
1,287
8,287
38,287
1,289
40,289
48,289
2,291
6,292
39,292
2,293
13,293
31,293
1,294
47,294
2,296
7,297
1,300
23,300
12,302
1,303
3,303
30,303
4,306
3,307
5,308
5,309
2,311
1,312
4,312
5,314
24,314
2,315
2,317
36,318
11,319
44,324
36,325
1,327
1,328
35,328
2,329
28,329
2,331
34,331
45,332
22,333
31,334
47,334
1,335
2,336
13,337
3,343
4,347
5,348
4,351
5,352
30,352
3,353
42,354
3,355
28,356
29,356
4,358
25,359
3,362
5,363
4,364
5,365
39,367
35,369
13,370
48,371
16,373
33,374
8,376
44,377
47,379
1,380
2,381
1,382
1,384
3,384
34,384
2,386
2,387
4,387
47,387
4,388
10,388
3,390
5,391
26,391
5,392
14,392
30,394
42,400
3,404
31,404
4,405
5,407
3,408
29,408
4,409
5,410
9,411
48,412
44,413
9,418
18,424
48,425
9,428
43,429
28,431
39,432
26,433
1,436
1,437
39,437
2,440
35,441
1,442
7,442
46,448
2,449
2,451
43,452
17,454
44,456
45,458
46,459
23,463
19,471
41,475
5,476
50,479
39,486
12,492
23,494
39,494
45,496
14,498
38,504
25,505
26,508
37,508
30,510
31,512
30,513
28,515
31,518
28,520
27,524
49,524
1,529
16,529
1,530
35,530
2,531
22,531
1,534
2,535
25,536
30,536
2,537
38,540
6,542
3,544
42,544
19,545
5,546
18,546
39,546
4,547
3,549
17,549
4,550
19,550
7,551
31,552
35,553
45,554
5,555
20,556
3,557
1,559
1,560
2,561
4,562
9,562
1,563
5,563
2,564
2,565
3,567
5,568
49,570
4,571
9,572
30,573
44,573
3,576
5,577
30,577
4,578
21,579
38,579
4,581
3,582
4,584
45,584
50,585
12,585
12,586
27,586
5,588
31,588
48,589
50,590
50,591
46,591
36,592
1,594
1,595
2,597
17,598
29,600
3,601
2,602
39,602
1,603
2,604
4,604
5,605
11,605
47,607
4,608
1,609
1,611
3,611
8,611
2,612
29,612
1,613
2,614
5,614
33,614
2,615
7,620
47,622
33,626
38,626
24,627
14,629
17,629
45,632
3,634
38,634
4,635
4,637
4,639
37,639
5,641
45,641
3,642
12,643
5,644
34,644
36,645
13,648
21,648
33,650
8,651
45,653
49,653
36,654
43,656
41,657
10,658
8,662
48,663
24,669
27,669
28,669
13,670
28,670
49,670
16,672
39,675
26,676
9,679
10,681
15,681
41,684
29,685
48,685
22,686
21,687
19,689
20,689
44,693
3,694
5,696
5,697
6,697
4,700
17,700
47,700
4,701
3,703
23,704
16,705
37,706
12,709
28,719
14,720
3,722
5,725
5,726
4,727
30,728
35,728
10,729
17,729
3,730
31,731
4,732
11,732
17,735
49,737
18,738
41,739
28,741
36,743
19,744
27,746
3,748
5,749
32,749
4,751
5,752
15,752
3,754
7,755
4,756
27,757
33,758
7,761
32,761
1,763
2,764
22,764
7,765
1,767
1,768
15,768
40,768
3,769
2,770
48,770
2,771
4,771
5,772
47,772
3,773
21,773
4,775
5,776
24,778
32,780
34,789
9,793
13,794
23,796
12,798
1,804
28,808
2,809
1,810
28,810
1,812
14,813
50,814
2,814
10,814
12,815
38,815
3,817
2,818
5,820
30,821
4,822
5,824
34,824
4,825
3,828
45,828
27,831
38,835
16,837
36,839
11,840
27,840
47,841
3,842
4,843
22,843
4,844
24,844
3,847
5,848
5,849
12,849
43,849
1,852
43,852
30,854
11,855
2,859
1,860
2,862
1,863
2,864
3,864
24,865
3,866
5,867
18,867
40,867
4,868
27,871
24,873
3,874
20,875
5,876
34,877
4,878
20,879
9,882
11,883
15,888
9,889
34,891
42,895
49,897
20,899
36,900
22,901
11,904
23,904
3,906
6,906
5,908
37,910
48,910
9,911
4,913
5,914
24,915
4,917
10,917
3,918
9,919
3,924
26,924
4,928
5,930
5,931
15,931
14,932
4,933
19,934
24,934
26,934
44,936
3,938
25,941
27,942
1,944
2,945
12,945
26,945
13,946
1,947
1,948
11,950
24,951
24,952
2,954
39,954
2,956
15,959
42,960
36,961
28,962
47,962
46,969
24,970
30,971
14,972
1,976
2,977
1,979
11,979
1,980
37,980
16,981
32,981
2,982
34,982
16,983
47,983
2,985
21,987
29,988
1,990
2,992
18,993
1,994
1,995
2,997
2,1000
8,1002
20,1005
3,1015
22,1015
5,1016
44,1016
4,1017
5,1019
37,1019
1,1020
4,1020
45,1020
2,1022
17,1022
1,1023
2,1025
3,1025
27,1025
49,1025
11,1026
30,1027
36,1027
1,1028
2,1029
12,1030
15,1031
45,1033
27,1034
38,1037
1,1038
15,1039
26,1039
2,1040
1,1041
1,1042
30,1042
2,1043
2,1046
10,1049
20,1050
13,1051
47,1051
10,1052
13,1053
30,1058
49,1058
4,1061
48,1062
45,1064
3,1066
4,1067
48,1067
4,1068
33,1069
5,1071
34,1076
3,1077
5,1078
3,1079
11,1080
14,1080
4,1081
16,1081
5,1082
50,1083
5,1084
44,1085
4,1086
7,1087
3,1088
50,1090
34,1090
46,1090
13,1091
20,1091
41,1093
1,1094
1,1095
29,1098
2,1099
1,1100
2,1106
20,1106
2,1107
27,1109
3,1112
46,1112
3,1117
5,1118
4,1120
35,1120
4,1123
41,1123
3,1124
7,1125
5,1126
1,1127
1,1128
37,1128
2,1129
2,1130
40,1131
1,1134
2,1135
46,1135
23,1137
36,1138
45,1142
17,1147
48,1148
13,1155
8,1157
19,1158
23,1158
3,1161
21,1161
27,1161
5,1162
27,1164
6,1165
10,1167
47,1167
4,1168
43,1168
9,1170
4,1171
46,1173
3,1176
42,1176
5,1179
8,1179
47,1179
22,1182
45,1188
38,1193
35,1195
15,1196
49,1198
20,1199
3,1201
4,1202
4,1203
43,1203
3,1204
5,1205
5,1206
27,1207
37,1208
43,1208
9,1212
13,1213
21,1215
37,1215
12,1218
26,1220
9,1221
13,1223
3,1225
40,1226
4,1228
49,1232
5,1233
14,1233
20,1235
4,1236
5,1237
3,1238
38,1239
45,1242
1,1244
27,1244
2,1245
1,1246
50,1248
2,1248
26,1248
9,1249
33,1249
1,1250
2,1251
44,1255
27,1259
14,1261
31,1262
39,1262
1,1266
38,1267
50,1270
3,1280
34,1281
5,1282
21,1282
4,1283
19,1283
4,1284
20,1284
3,1285
35,1285
36,1285
5,1286
21,1286
21,1293
31,1294
42,1296
44,1296
35,1299
18,1301
4,1302
3,1303
4,1304
3,1305
5,1306
5,1307
12,1307
32,1307
4,1308
19,1312
30,1312
46,1316
1,1317
15,1317
2,1318
22,1318
1,1319
39,1319
9,1320
1,1321
2,1322
2,1323
37,1328
37,1331
8,1333
29,1334
48,1334
38,1335
35,1336
18,1339
20,1339
43,1342
47,1346
9,1348
28,1348
20,1349
35,1352
12,1357
3,1359
4,1360
5,1361
3,1362
4,1363
14,1363
19,1363
1,1364
5,1364
27,1365
2,1367
1,1368
1,1369
2,1370
26,1373
17,1376
26,1376
2,1377
29,1377
11,1378
21,1381
2,1382
46,1384
3,1385
5,1387
19,1387
4,1388
5,1389
4,1390
38,1391
8,1393
27,1393
45,1394
3,1395
9,1397
33,1398
25,1404
41,1404
29,1406
7,1408
31,1408
47,1409
36,1410
24,1412
30,1412
38,1413
45,1413
48,1414
21,1419
23,1421
42,1421
33,1423
3,1424
4,1425
34,1426
5,1427
42,1427
3,1428
5,1429
4,1430
39,1432
6,1434
46,1435
3,1437
42,1437
47,1437
42,1439
7,1441
15,1442
5,1446
18,1447
38,1447
27,1448
5,1451
20,1452
4,1453
24,1453
4,1458
33,1462
1,1463
3,1463
32,1463
14,1464
1,1465
31,1465
17,1466
37,1466
2,1467
20,1467
36,1467
1,1468
2,1469
2,1471
7,1471
30,1472
47,1472
25,1473
22,1476
17,1483
30,1483
10,1485
15,1485
6,1487
26,1487
3,1488
5,1490
4,1491
4,1492
5,1493
3,1496
3,1498
1,1500
4,1501
1,1502
4,1502
24,1502
5,1504
22,1504
5,1505
14,1505
2,1506
1,1507
3,1507
2,1508
3,1509
2,1510
5,1512
27,1514
14,1516
8,1518
4,1522
14,1523
29,1525
4,1526
3,1527
5,1528
12,1528
21,1531
19,1537
23,1537
46,1538
3,1543
4,1544
9,1544
50,1545
46,1545
24,1546
50,1547
4,1547
5,1548
5,1550
3,1551
20,1551
26,1553
31,1554
3,1555
19,1556
37,1556
40,1556
11,1557
47,1562
34,1564
47,1564
1,1568
40,1571
46,1572
1,1573
20,1573
3,1574
2,1575
5,1576
1,1577
43,1577
2,1579
4,1579
2,1580
5,1581
30,1583
3,1584
4,1585
17,1585
39,1585
1,1586
5,1586
1,1587
15,1587
2,1590
40,1590
2,1591
17,1591
36,1592
1,1593
10,1593
17,1594
2,1595
31,1597
40,1597
48,1600
9,1606
14,1606
7,1607
12,1608
17,1608
28,1611
30,1611
43,1617
8,1618
1,1622
2,1623
1,1625
8,1625
1,1626
2,1629
41,1631
2,1633
2,1635
14,1635
25,1635
1,1636
2,1637
26,1637
1,1639
2,1639
2,1640
32,1640
1,1641
3,1641
39,1641
4,1642
46,1642
2,1644
7,1644
25,1644
47,1644
1,1645
4,1645
41,1645
5,1646
1,1647
5,1647
2,1648
3,1649
45,1649
1,1650
2,1651
2,1652
36,1652
43,1661
18,1662
1,1674
2,1675
8,1675
1,1676
44,1676
1,1677
27,1677
11,1679
2,1680
2,1682
17,1682
30,1683
3,1684
34,1684
43,1684
4,1685
3,1686
27,1687
5,1688
4,1689
27,1691
5,1692
10,1692
38,1696
3,1697
4,1700
45,1700
33,1701
29,1702
31,1702
33,1703
3,1704
5,1705
5,1706
10,1707
15,1709
4,1710
24,1711
43,1712
24,1716
1,1718
33,1718
1,1719
46,1719
2,1720
2,1721
1,1722
2,1724
7,1727
24,1731
50,1734
3,1736
4,1737
26,1738
5,1739
4,1740
9,1740
3,1741
5,1742
26,1747
10,1748
10,1750
50,1751
27,1751
20,1753
28,1757
24,1759
26,1759
16,1761
47,1761
14,1763
27,1763
33,1769
10,1771
28,1771
3,1773
37,1773
33,1774
4,1776
29,1777
5,1778
4,1780
5,1782
3,1783
40,1783
34,1784
1,1787
43,1788
37,1790
3,1793
4,1794
4,1795
3,1796
8,1798
28,1798
5,1799
17,1800
50,1801
5,1801
16,1801
40,1802
20,1807
23,1808
40,1809
17,1811
45,1812
50,1819
1,1820
2,1821
19,1822
37,1822
40,1822
1,1823
2,1824
1,1825
38,1827
2,1828
5,1832
36,1833
36,1834
23,1835
29,1838
3,1847
23,1847
5,1848
4,1849
42,1849
45,1849
15,1851
39,1851
1,1852
29,1852
2,1853
4,1853
42,1854
1,1855
7,1855
1,1856
3,1856
25,1856
30,1856
2,1857
5,1857
3,1859
45,1859
5,1860
2,1861
4,1861
13,1861
4,1862
10,1862
12,1862
39,1862
3,1864
5,1865
26,1865
5,1866
22,1868
24,1868
28,1868
28,1871
29,1871
34,1872
35,1874
17,1877
25,1880
44,1882
1,1884
26,1884
44,1884
46,1884
7,1886
1,1887
7,1887
2,1888
1,1889
4,1889
7,1889
9,1889
41,1889
2,1890
12,1891
27,1893
2,1894
33,1894
43,1895
49,1896
45,1898
38,1901
14,1903
1,1910
41,1910
2,1911
1,1912
1,1913
3,1913
39,1913
36,1914
7,1915
49,1915
31,1916
2,1917
5,1917
2,1918
4,1920
4,1921
15,1921
21,1924
5,1925
3,1926
20,1928
47,1929
46,1931
3,1932
4,1933
3,1934
5,1936
42,1936
5,1937
4,1938
9,1941
17,1941
26,1942
29,1942
25,1943
28,1943
3,1944
29,1944
40,1944
4,1945
3,1947
47,1947
5,1948
5,1949
40,1949
39,1951
4,1952
40,1957
45,1960
35,1962
34,1963
25,1972
17,1976
23,1977
23,1981
33,1982
48,1982
1,1983
1,1988
27,1988
2,1989
41,1991
1,1993
2,1997
12,1997
21,1997
2,1998
49,1999
3,2001
5,2003
44,2003
12,2005
5,2006
4,2007
3,2008
16,2008
29,2009
23,2010
4,2012
17,2015
23,2015
29,2017
34,2017
41,2017
3,2020
34,2020
50,2021
5,2022
6,2022
4,2024
3,2025
34,2025
48,2027
5,2030
4,2031
1,2033
43,2033
2,2034
1,2035
19,2035
2,2036
1,2038
28,2038
39,2039
2,2040
1,2043
14,2047
25,2047
17,2050
19,2051
45,2056
18,2057
1,2059
23,2059
1,2061
2,2062
41,2062
42,2062
2,2063
3,2063
1,2064
31,2065
2,2066
12,2066
46,2066
46,2067
49,2067
4,2070
26,2070
3,2071
14,2071
1,2073
5,2074
41,2074
1,2075
4,2077
2,2078
5,2078
2,2079
13,2079
34,2079
37,2079
1,2080
22,2080
2,2083
36,2085
7,2089
33,2089
9,2091
48,2091
26,2094
29,2103
19,2107
24,2107
31,2107
48,2110
45,2111
6,2115
8,2118
50,2119
50,2120
34,2121
41,2123
3,2125
48,2126
5,2127
42,2127
4,2128
3,2130
29,2131
19,2132
4,2135
16,2137
5,2138
34,2139
33,2142
25,2143
46,2143
47,2150
19,2151
24,2155
29,2157
24,2158
16,2164
18,2166
39,2167
28,2168
37,2171
12,2173
28,2174
13,2178
16,2180
28,2180
21,2182
27,2182
24,2185
7,2186
11,2187
31,2187
1,2189
28,2189
20,2190
1,2191
2,2192
1,2193
20,2193
2,2194
2,2195
8,2196
8,2197
1,2199
34,2199
45,2200
17,2201
2,2204
1,2207
2,2208
1,2210
2,2211
18,2211
1,2213
2,2214
3,2214
24,2214
5,2215
4,2217
1,2218
2,2219
4,2219
31,2219
46,2219
1,2220
13,2220
40,2221
3,2222
2,2223
5,2223
1,2224
1,2225
2,2226
50,2227
1,2227
2,2228
2,2229
33,2230
29,2231
1,2232
39,2232
2,2233
46,2233
1,2234
2,2235
13,2235
39,2235
1,2236
2,2237
28,2238
43,2243
45,2244
32,2245
34,2245
40,2245
17,2249
13,2253
30,2253
44,2254
3,2255
13,2255
4,2256
4,2257
34,2257
41,2257
38,2258
44,2258
6,2260
34,2261
26,2263
39,2263
21,2264
34,2264
3,2266
5,2267
5,2268
37,2270
10,2271
16,2271
50,2272
29,2279
13,2282
34,2282
3,2292
32,2292
5,2293
48,2293
4,2294
36,2295
4,2299
3,2300
27,2300
5,2302
28,2304
49,2305
13,2309
8,2310
45,2310
49,2311
38,2315
49,2315
1,2316
34,2316
2,2317
19,2317
49,2317
1,2318
2,2319
1,2320
2,2321
6,2321
7,2322
38,2325
1,2326
1,2327
35,2327
2,2328
23,2328
35,2330
45,2330
1,2331
23,2331
34,2331
43,2331
15,2332
3,2333
38,2333
4,2334
2,2335
5,2335
38,2335
2,2336
4,2336
3,2338
37,2338
5,2340
11,2341
40,2342
6,2343
41,2345
7,2346
36,2346
21,2347
35,2349
30,2350
39,2350
13,2351
39,2351
3,2352
5,2353
1,2354
4,2356
2,2358
4,2358
1,2360
5,2360
30,2360
31,2360
2,2361
3,2361
37,2361
17,2362
40,2362
1,2363
29,2363
42,2363
2,2364
13,2364
7,2369
17,2370
22,2371
45,2371
49,2374
34,2375
38,2375
9,2377
5,2383
11,2386
20,2387
26,2387
15,2396
3,2399
39,2399
5,2400
21,2400
29,2400
33,2400
4,2401
50,2402
3,2404
1,2405
4,2405
12,2405
16,2405
17,2405
49,2407
5,2409
11,2409
30,2410
41,2411
45,2411
16,2414
49,2416
3,2417
1,2418
5,2418
1,2419
4,2419
17,2419
2,2420
6,2420
4,2421
3,2422
14,2423
14,2424
5,2426
2,2428
1,2429
14,2429
2,2430
27,2430
37,2439
1,2441
1,2443
13,2443
2,2444
48,2444
1,2446
3,2446
4,2447
26,2447
2,2448
5,2448
41,2448
4,2449
3,2450
42,2450
48,2450
5,2451
2,2452
22,2455
34,2455
14,2458
41,2458
1,2459
2,2460
16,2460
1,2464
1,2465
18,2466
3,2467
2,2468
11,2468
47,2468
30,2469
4,2471
2,2473
4,2473
12,2473
5,2475
16,2475
3,2476
5,2477
13,2488
14,2488
22,2489
35,2489
9,2490
21,2492
35,2495
23,2497
8,2498
19,2499
33,2499
39,2499
18,2503
5,2504
49,2504
1,2506
3,2506
2,2507
4,2507
5,2507
15,2507
1,2508
5,2509
2,2510
14,2510
1,2512
20,2514
2,2515
21,2515
3,2516
35,2516
4,2517
5,2518
13,2518
3,2519
4,2520
4,2521
31,2522
14,2523
5,2524
5,2525
50,2527
3,2527
34,2528
21,2529
16,2530
24,2531
8,2534
28,2534
45,2541
24,2546
22,2548
3,2549
5,2550
4,2551
26,2551
3,2552
30,2553
5,2554
15,2555
25,2555
49,2555
4,2557
44,2562
18,2563
20,2565
21,2566
42,2567
12,2568
16,2569
41,2569
37,2570
49,2570
8,2571
46,2571
9,2575
13,2577
13,2582
17,2582
2,2586
39,2587
43,2595
21,2596
15,2597
5,2600
33,2602
25,2603
27,2603
15,2604
17,2605
44,2606
6,2610
11,2613
40,2616
10,2618
10,2620
32,2620
26,2623
10,2626
44,2626
1,2628
1,2629
2,2630
12,2630
34,2631
1,2632
2,2633
38,2635
48,2635
2,2636
18,2639
7,2640
12,2642
30,2642
24,2643
43,2643
39,2644
13,2646
36,2646
50,2648
31,2650
35,2650
1,2652
2,2653
1,2654
33,2654
2,2655
3,2656
4,2657
31,2657
44,2657
5,2658
9,2658
11,2658
1,2659
4,2659
2,2661
5,2661
23,2662
29,2662
3,2663
38,2664
47,2665
25,2669
6,2671
47,2671
40,2673
28,2674
34,2677
36,2677
7,2678
10,2678
38,2678
15,2679
9,2683
34,2683
1,2685
2,2686
17,2686
19,2687
1,2688
48,2689
2,2691
17,2692
8,2693
1,2694
2,2697
15,2701
36,2701
50,2706
1,2707
16,2709
2,2712
13,2712
37,2712
43,2712
1,2713
1,2714
3,2714
5,2715
5,2716
4,2717
2,2718
3,2718
14,2718
49,2718
2,2720
4,2720
15,2724
23,2728
42,2728
11,2730
35,2734
7,2736
6,2738
11,2738
3,2740
38,2740
17,2741
32,2744
4,2745
3,2747
13,2747
5,2748
46,2748
4,2749
14,2749
5,2750
1,2753
1,2754
2,2756
2,2757
1,2758
2,2759
21,2761
48,2764
10,2767
29,2767
43,2768
12,2771
43,2772
1,2773
48,2774
1,2775
41,2775
2,2776
50,2777
2,2777
22,2778
1,2779
2,2780
39,2784
27,2785
3,2787
33,2787
21,2792
34,2795
48,2795
3,2800
16,2800
5,2801
4,2804
11,2804
3,2805
44,2805
5,2806
32,2806
4,2809
41,2809
19,2813
35,2813
26,2815
8,2821
34,2821
27,2822
18,2827
33,2827
41,2829
17,2832
8,2834
37,2839
37,2840
17,2844
12,2850
25,2850
1,2851
12,2851
29,2851
45,2851
2,2852
1,2853
48,2853
1,2854
32,2854
2,2855
11,2856
2,2857
48,2858
21,2859
16,2860
19,2862
1,2863
32,2864
2,2866
29,2866
26,2868
1,2873
16,2874
29,2874
2,2875
1,2876
15,2876
46,2876
46,2877
2,2880
1,2881
2,2882
21,2882
1,2883
1,2884
2,2886
3,2886
38,2886
2,2887
4,2888
44,2888
13,2890
5,2891
45,2892
5,2894
25,2896
48,2896
3,2897
16,2897
4,2898
7,2903
23,2905
25,2907
38,2910
43,2918
31,2920
16,2923
30,2925
1,2926
2,2927
1,2928
2,2929
1,2930
50,2932
2,2934
35,2934
43,2934
36,2935
7,2936
17,2936
37,2941
26,2943
50,2947
39,2948
8,2949
13,2949
39,2949
18,2953
11,2960
44,2961
27,2962
3,2971
4,2972
20,2973
5,2975
4,2976
5,2977
3,2978
7,2978
26,2980
50,2983
25,2985
31,2985
36,2985
30,2989
47,2990
23,2996
10,2998
3,3002
8,3002
33,3002
40,3002
5,3003
4,3004
44,3004
4,3005
5,3009
3,3010
32,3012
14,3021
50,3024
29,3025
50,3027
47,3028
32,3032
32,3034
38,3034
33,3037
12,3038
23,3038
17,3039
25,3040
3,3041
4,3042
3,3043
10,3044
4,3046
6,3047
33,3047
5,3048
5,3049
42,3050
44,3053
43,3054
17,3055
18,3056
37,3056
43,3056
49,3056
1,3057
13,3057
1,3058
49,3058
2,3059
46,3060
2,3062
1,3063
37,3064
2,3065
29,3067
3,3068
5,3070
4,3072
46,3073
3,3077
5,3078
42,3078
11,3079
26,3079
4,3080
14,3080
48,3083
44,3086
32,3090
1,3092
12,3092
16,3093
38,3094
2,3097
1,3098
6,3098
2,3099
35,3099
41,3099
30,3101
1,3102
2,3103
8,3106
6,3108
48,3110
10,3112
37,3113
24,3114
14,3118
26,3119
30,3119
44,3121
38,3123
13,3126
47,3126
22,3127
26,3127
33,3127
19,3129
47,3130
27,3131
42,3134
12,3140
13,3142
9,3146
15,3147
23,3147
44,3147
22,3148
41,3150
19,3151
13,3153
15,3155
27,3156
3,3163
1,3164
1,3166
2,3168
2,3169
27,3169
4,3170
37,3170
1,3171
5,3171
2,3173
4,3173
49,3173
5,3174
48,3174
3,3175
38,3176
1,3178
48,3178
30,3181
11,3182
22,3183
1,3185
8,3185
22,3186
1,3187
3,3187
2,3189
4,3189
23,3189
3,3190
45,3190
2,3191
6,3191
1,3192
4,3192
18,3193
2,3194
5,3194
5,3195
7,3195
25,3195
47,3196
43,3197
50,3200
26,3203
41,3206
11,3210
43,3211
25,3212
31,3213
38,3217
18,3222
22,3224
24,3226
9,3228
38,3233
25,3235
3,3237
41,3237
50,3239
4,3240
5,3241
3,3243
4,3246
33,3246
44,3246
5,3247
39,3249
3,3255
28,3255
11,3256
4,3257
20,3257
4,3258
17,3258
46,3258
48,3258
3,3259
17,3260
18,3260
5,3261
5,3262
28,3266
22,3270
24,3270
45,3273
18,3274
39,3274
43,3275
3,3276
5,3277
4,3279
4,3280
11,3280
19,3281
36,3281
16,3282
42,3282
5,3284
3,3285
36,3285
22,3294
19,3296
6,3298
14,3298
22,3299
41,3300
47,3301
9,3303
16,3311
17,3313
16,3315
19,3318
39,3324
38,3328
34,3333
38,3338
1,3342
9,3342
38,3343
2,3344
29,3344
34,3344
1,3345
17,3345
15,3346
50,3347
22,3348
3,3349
4,3350
11,3350
44,3350
3,3351
4,3352
19,3352
1,3353
5,3353
14,3353
2,3354
5,3354
48,3354
2,3355
1,3356
1,3357
11,3360
47,3361
9,3362
19,3364
23,3365
2,3366
2,3368
1,3369
4,3369
2,3371
43,3372
6,3374
38,3378
15,3380
6,3381
3,3383
5,3385
23,3387
28,3387
4,3389
38,3389
3,3393
23,3393
5,3394
26,3394
9,3395
43,3395
9,3396
29,3396
45,3396
1,3397
1,3398
4,3398
2,3399
33,3401
11,3402
42,3402
2,3403
1,3404
2,3405
49,3406
24,3407
44,3408
39,3411
48,3416
23,3417
41,3420
1,3421
1,3422
2,3425
45,3425
1,3426
14,3427
31,3427
2,3428
3,3428
2,3429
38,3429
3,3433
4,3434
18,3434
3,3436
4,3437
5,3438
5,3439
22,3441
6,3443
1,3446
2,3448
29,3448
33,3448
1,3449
1,3450
2,3451
2,3452
26,3452
3,3454
30,3456
4,3457
8,3457
4,3461
9,3462
5,3463
35,3463
5,3464
48,3464
3,3465
26,3466
32,3466
47,3466
42,3467
11,3468
43,3469
14,3478
19,3479
38,3480
22,3482
3,3484
4,3485
4,3487
5,3488
21,3488
16,3489
3,3490
37,3490
5,3491
4,3494
14,3496
36,3496
8,3500
8,3501
13,3501
30,3508
50,3509
35,3512
46,3512
1,3514
27,3516
2,3517
19,3518
3,3520
34,3521
45,3521
4,3522
20,3522
23,3522
1,3523
5,3523
2,3524
1,3525
5,3525
4,3526
3,3527
2,3528
2,3529
9,3529
22,3530
32,3530
50,3534
13,3535
44,3535
15,3536
27,3536
39,3537
1,3539
25,3539
1,3540
32,3540
30,3541
33,3541
2,3542
2,3543
1,3545
9,3546
2,3547
30,3549
14,3552
3,3553
24,3553
4,3556
5,3557
4,3558
5,3559
22,3560
3,3561
3,3566
34,3567
4,3569
5,3570
30,3570
1,3572
3,3572
1,3573
27,3573
5,3575
42,3575
2,3576
4,3576
48,3576
6,3577
42,3579
1,3583
30,3583
15,3584
38,3586
11,3587
22,3587
2,3588
8,3588
22,3589
33,3592
49,3592
2,3593
14,3593
12,3594
1,3596
34,3598
26,3600
26,3601
12,3602
41,3602
10,3603
25,3603
47,3605
40,3606
28,3607
43,3608
9,3611
3,3616
4,3616
5,3619
29,3619
12,3620
4,3621
10,3621
4,3623
18,3623
5,3624
42,3624
44,3624
3,3625
6,3627
37,3628
27,3629
43,3629
44,3629
18,3631
45,3631
48,3632
17,3634
29,3638
20,3640
43,3641
20,3647
20,3649
32,3649
3,3650
47,3651
22,3652
1,3654
2,3655
1,3656
2,3657
4,3657
1,3658
4,3658
31,3658
5,3659
5,3660
2,3661
3,3661
27,3664
36,3666
38,3671
41,3671
15,3676
32,3676
14,3683
11,3684
34,3684
31,3688
30,3691
24,3693
15,3695
3,3696
8,3696
9,3697
27,3701
47,3705
20,3706
27,3707
43,3709
3,3711
37,3711
4,3712
5,3713
5,3714
38,3714
32,3715
26,3716
4,3717
20,3717
31,3718
3,3721
21,3724
38,3729
22,3732
33,3732
44,3735
31,3736
26,3737
21,3738
11,3741
25,3742
30,3742
43,3742
30,3743
39,3744
42,3746
42,3747
33,3749
46,3752
7,3753
13,3754
3,3755
40,3755
10,3757
11,3758
42,3759
39,3762
7,3764
17,3766
40,3768
13,3774
1,3775
34,3775
37,3776
30,3777
40,3777
2,3779
1,3780
13,3782
43,3782
2,3783
1,3784
17,3784
2,3785
7,3786
25,3790
46,3790
48,3793
3,3795
4,3796
19,3796
4,3797
5,3798
24,3798
5,3800
3,3801
29,3802
38,3802
40,3804
1,3806
1,3807
2,3810
20,3810
30,3810
1,3812
3,3813
4,3814
2,3815
4,3815
49,3815
3,3816
22,3816
2,3817
5,3817
14,3817
5,3819
26,3819
38,3820
41,3821
8,3822
43,3822
22,3824
3,3825
37,3825
1,3826
4,3826
14,3826
45,3826
2,3828
4,3828
33,3828
35,3828
46,3828
49,3828
5,3829
6,3830
47,3830
49,3831
5,3832
28,3832
1,3833
3,3834
44,3835
29,3837
3,3838
1,3839
12,3839
31,3839
2,3840
5,3840
34,3840
5,3841
2,3843
4,3843
4,3844
33,3845
3,3846
26,3849
17,3851
23,3851
3,3853
50,3854
4,3854
3,3856
38,3856
5,3857
38,3857
4,3858
5,3859
18,3862
26,3862
34,3863
3,3865
4,3866
3,3867
32,3868
29,3871
5,3873
40,3873
4,3874
43,3874
32,3875
36,3875
5,3876
15,3876
18,3876
31,3876
10,3881
35,3886
37,3886
13,3891
23,3893
42,3895
7,3896
12,3897
3,3898
5,3899
24,3899
39,3899
4,3900
5,3901
4,3902
3,3906
9,3907
15,3909
30,3913
31,3913
28,3917
3,3918
5,3919
36,3921
45,3921
4,3922
6,3922
5,3923
4,3926
29,3926
3,3927
44,3927
44,3930
23,3931
31,3933
18,3935
3,3937
5,3939
46,3941
15,3942
4,3944
3,3945
5,3946
4,3947
15,3947
3,3948
28,3949
27,3950
5,3952
16,3956
4,3957
46,3957
3,3958
4,3959
6,3959
5,3960
7,3960
10,3961
32,3961
5,3963
1,3966
1,3969
10,3969
12,3969
2,3971
2,3972
1,3973
15,3973
2,3974
3,3975
37,3975
5,3977
37,3977
8,3978
27,3978
4,3979
31,3979
5,3982
4,3983
21,3983
22,3983
32,3986
3,3987
41,3988
46,3989
10,3990
14,3991
22,3991
29,3991
1,3997
3,4000
1,4001
4,4001
2,4002
5,4002
1,4004
2,4005
4,4005
14,4005
5,4006
2,4007
3,4009
21,4010
12,4012
42,4018
16,4019
19,4026
46,4026
18,4028
9,4032
33,4032
1,4037
1,4038
3,4038
2,4039
4,4040
2,4042
3,4042
30,4042
1,4043
17,4043
5,4044
2,4045
5,4046
9,4047
4,4049
33,4050
36,4056
2,4060
1,4061
42,4061
2,4063
1,4064
11,4064
1,4065
33,4066
47,4066
2,4067
17,4071
2,4072
6,4072
33,4073
14,4078
34,4082
20,4083
6,4084
28,4086
2,4090
10,4095
24,4095
37,4102
37,4104
8,4106
3,4108
10,4109
48,4111
5,4114
23,4117
4,4118
12,4118
39,4118
4,4122
45,4123
2,4124
3,4125
12,4126
45,4126
46,4127
50,4128
28,4129
5,4130
13,4130
49,4133
19,4137
12,4138
40,4139
49,4141
12,4142
8,4145
23,4147
21,4148
26,4151
3,4153
4,4155
5,4156
42,4156
4,4157
3,4160
25,4160
1,4161
48,4161
2,4162
5,4162
6,4162
1,4163
47,4164
2,4165
1,4166
2,4168
26,4169
3,4170
27,4170
4,4172
18,4173
50,4174
30,4175
5,4176
3,4177
40,4177
4,4178
5,4180
18,4180
32,4182
3,4183
14,4183
5,4185
5,4186
4,4189
4,4190
37,4190
3,4192
9,4192
3,4194
42,4195
9,4197
4,4198
14,4198
5,4199
13,4202
5,4204
6,4204
25,4204
15,4205
32,4205
6,4206
3,4207
35,4207
4,4212
7,4212
27,4212
34,4213
7,4219
31,4221
14,4222
20,4225
46,4225
34,4227
36,4227
45,4232
13,4233
23,4233
44,4233
14,4234
36,4235
1,4236
2,4237
48,4238
1,4239
42,4239
2,4241
7,4241
1,4245
2,4246
29,4250
30,4250
41,4252
9,4253
28,4256
46,4256
1,4264
24,4264
1,4265
2,4267
44,4267
1,4268
2,4269
18,4269
2,4270
26,4271
1,4272
1,4273
2,4274
16,4275
2,4276
1,4278
25,4279
35,4283
2,4284
15,4284
1,4286
13,4287
9,4288
26,4288
47,4291
2,4292
3,4293
4,4294
48,4294
5,4295
1,4296
3,4296
34,4296
2,4297
15,4297
21,4297
1,4298
3,4298
5,4298
2,4300
49,4300
4,4301
8,4301
14,4302
48,4304
18,4305
36,4306
7,4307
11,4310
23,4310
34,4310
36,4310
12,4311
3,4312
28,4313
1,4314
5,4314
4,4317
1,4320
5,4323
39,4323
2,4324
3,4324
2,4325
4,4325
1,4327
2,4328
21,4328
34,4328
3,4330
5,4331
1,4332
4,4332
4,4333
2,4334
32,4334
1,4337
1,4338
21,4339
2,4340
47,4340
2,4342
5,4342
49,4342
3,4345
50,4352
7,4356
1,4362
26,4362
15,4363
16,4363
35,4363
3,4364
1,4365
2,4368
7,4369
41,4370
1,4371
44,4371
2,4373
2,4375
18,4376
24,4377
42,4377
44,4378
24,4379
16,4381
28,4381
19,4382
32,4382
15,4383
34,4383
27,4384
48,4386
6,4387
7,4387
15,4387
3,4390
4,4391
5,4393
43,4394
4,4395
3,4396
24,4398
5,4401
27,4402
40,4402
46,4403
6,4404
10,4404
21,4407
41,4407
44,4409
1,4410
6,4411
2,4412
1,4413
25,4413
1,4415
25,4415
2,4416
2,4417
38,4419
7,4422
12,4422
7,4426
14,4427
36,4427
49,4428
38,4430
32,4433
40,4435
48,4448
10,4449
50,4450
21,4453
46,4455
30,4466
47,4466
10,4469
38,4469
11,4470
40,4470
23,4471
15,4473
7,4479
48,4479
22,4482
38,4482
13,4483
28,4483
43,4483
20,4484
18,4485
19,4485
22,4485
50,4487
23,4487
50,4488
30,4488
13,4490
31,4492
26,4493
3,4498
1,4500
4,4500
11,4500
16,4500
4,4501
21,4501
30,4501
2,4502
5,4502
3,4503
40,4503
5,4504
37,4504
1,4507
2,4508
11,4508
1,4510
2,4511
6,4514
39,4516
22,4518
25,4518
20,4521
19,4526
32,4527
34,4528
12,4529
31,4531
24,4532
21,4540
14,4547
17,4552
38,4553
39,4559
8,4560
1,4561
11,4561
12,4561
1,4562
2,4564
23,4565
2,4567
16,4567
1,4568
15,4568
26,4569
6,4571
15,4571
2,4572
42,4573
20,4576
43,4578
45,4582
28,4586
36,4587
43,4587
6,4588
42,4592
35,4593
3,4594
4,4595
5,4596
33,4597
3,4599
44,4599
5,4600
4,4601
32,4603
14,4605
32,4605
8,4607
14,4607
22,4609
1,4610
1,4611
2,4612
1,4613
2,4614
2,4615
1,4616
18,4616
2,4617
1,4618
2,4620
1,4621
2,4623
24,4623
14,4625
1,4629
49,4630
1,4632
3,4634
2,4635
30,4635
2,4636
4,4636
1,4637
5,4637
2,4638
32,4638
33,4638
3,4639
4,4640
5,4641
39,4641
32,4643
28,4649
41,4653
41,4655
43,4661
21,4667
22,4667
1,4670
2,4673
1,4674
47,4675
1,4678
2,4679
8,4679
2,4680
48,4680
28,4682
27,4688
41,4693
14,4694
50,4696
11,4696
33,4696
17,4697
44,4701
1,4703
1,4704
2,4706
2,4707
42,4707
1,4708
2,4709
9,4710
11,4710
22,4711
12,4716
32,4717
1,4718
3,4718
1,4719
46,4719
46,4720
2,4721
5,4721
34,4721
2,4722
5,4722
1,4723
20,4724
2,4725
4,4725
3,4726
4,4727
11,4727
45,4728
27,4729
22,4733
44,4734
6,4737
27,4741
15,4742
46,4744
1,4745
2,4746
1,4747
17,4748
1,4749
33,4752
41,4752
2,4753
2,4755
9,4759
28,4761
36,4761
43,4761
1,4762
11,4762
2,4764
14,4764
48,4764
1,4767
1,4768
2,4769
28,4770
32,4770
2,4771
36,4771
3,4772
19,4772
5,4773
4,4775
4,4776
48,4782
3,4783
5,4784
25,4785
27,4789
24,4799
28,4800
3,4802
19,4803
31,4804
12,4805
18,4805
31,4805
1,4809
48,4809
26,4811
1,4813
2,4814
1,4815
26,4815
2,4816
2,4817
36,4818
3,4820
25,4823
1,4824
2,4825
4,4825
48,4825
1,4826
3,4826
48,4826
1,4829
5,4829
2,4830
31,4830
35,4830
2,4833
36,4833
4,4834
31,4834
38,4834
5,4835
36,4836
37,4838
3,4841
34,4841
17,4844
33,4844
4,4849
19,4849
22,4849
4,4850
35,4851
5,4852
33,4852
3,4853
48,4854
20,4855
38,4855
20,4856
21,4856
5,4858
13,4860
46,4861
12,4862
47,4865
48,4874
6,4875
32,4875
33,4877
44,4878
41,4880
3,4881
36,4881
1,4882
44,4882
4,4883
1,4884
3,4884
5,4885
22,4885
2,4886
4,4886
2,4887
5,4887
1,4890
26,4892
27,4892
2,4893
16,4893
9,4894
25,4894
10,4899
26,4899
36,4899
46,4900
49,4902
48,4903
19,4909
29,4910
33,4912
1,4915
16,4915
1,4916
2,4919
2,4920
3,4922
1,4923
30,4924
9,4926
10,4926
2,4927
24,4927
22,4937
38,4937
30,4939
44,4948
36,4952
22,4953
3,4956
4,4957
5,4958
5,4959
4,4961
35,4962
39,4962
3,4965
39,4968
44,4968
44,4969
31,4975
26,4976
46,4976
47,4976
18,4981
25,4981
8,4983
16,4984
8,4993
20,4993
33,4996
16,4997
3,5001
12,5005
37,5005
4,5007
3,5008
5,5009
27,5009
1,5011
2,5012
1,5013
19,5013
2,5014
19,5015
1,5016
5,5017
2,5018
5,5018
4,5020
6,5023
23,5024
1,5025
38,5025
1,5026
48,5026
2,5030
23,5030
42,5030
47,5031
1,5032
42,5032
15,5034
19,5034
2,5037
2,5038
9,5039
12,5041
8,5045
26,5045
36,5046
47,5046
24,5047
1,5055
29,5056
7,5057
2,5058
40,5058
1,5060
6,5060
2,5061
24,5063
1,5065
44,5065
2,5068
49,5068
35,5072
19,5073
21,5074
15,5075
41,5075
23,5076
41,5081
45,5082
6,5087
21,5088
26,5089
10,5092
9,5094
23,5098
44,5101
41,5103
9,5106
21,5108
42,5108
49,5111
19,5112
28,5112
6,5114
15,5115
22,5115
42,5115
1,5116
29,5118
2,5120
23,5120
1,5121
1,5122
34,5122
2,5123
34,5124
3,5125
22,5125
2,5127
4,5127
8,5127
4,5128
14,5128
42,5128
5,5130
5,5132
20,5132
3,5133
31,5140
32,5144
25,5145
27,5150
9,5151
3,5152
15,5153
40,5153
4,5154
9,5155
3,5156
5,5157
5,5159
4,5160
13,5162
35,5163
22,5166
31,5168
49,5170
7,5174
27,5175
46,5177
50,5178
17,5186
13,5188
38,5188
41,5188
19,5189
6,5193
44,5196
12,5197
28,5202
16,5204
43,5205
23,5209
45,5216
10,5219
16,5222
1,5224
2,5225
44,5225
35,5226
1,5228
2,5231
24,5231
39,5231
31,5232
48,5232
1,5233
2,5234
1,5235
2,5236
16,5236
1,5237
20,5237
2,5238
1,5240
2,5241
17,5241
38,5242
17,5246
27,5249
31,5251
47,5254
7,5255
24,5255
4,5257
16,5258
1,5260
30,5260
37,5260
2,5261
12,5261
18,5261
1,5262
42,5263
1,5264
2,5265
19,5269
44,5269
13,5270
2,5271
9,5272
19,5276
37,5277
3,5278
32,5278
48,5278
5,5279
4,5280
29,5282
31,5282
4,5283
3,5286
5,5287
41,5290
48,5292
3,5301
4,5302
46,5303
44,5304
3,5305
17,5307
26,5307
4,5308
13,5308
18,5309
21,5309
5,5311
5,5312
30,5313
1,5316
1,5317
2,5318
2,5319
7,5319
1,5322
2,5323
33,5323
29,5324
14,5332
44,5335
13,5336
37,5336
49,5338
1,5344
36,5345
2,5346
1,5349
48,5349
1,5350
2,5351
2,5353
30,5361
50,5362
13,5363
33,5363
35,5365
37,5366
29,5367
1,5368
3,5368
21,5368
4,5369
29,5369
2,5370
4,5370
1,5371
3,5371
15,5371
1,5372
10,5372
2,5373
20,5373
5,5374
2,5375
5,5376
3,5380
30,5381
5,5382
5,5384
13,5390
4,5391
10,5391
4,5392
3,5395
1,5397
22,5398
5,5399
39,5400
46,5400
1,5401
13,5402
2,5403
1,5404
39,5404
2,5405
3,5406
5,5408
9,5408
48,5408
5,5409
16,5409
4,5410
2,5412
30,5412
4,5413
3,5414
41,5414
43,5416
7,5417
31,5417
33,5417
34,5417
31,5421
26,5422
28,5422
45,5423
28,5424
6,5425
49,5426
12,5428
26,5432
40,5435
18,5437
1,5439
3,5440
13,5440
4,5441
3,5443
43,5443
5,5445
25,5445
40,5448
5,5449
4,5450
43,5450
14,5452
37,5452
10,5453
35,5453
11,5457
38,5457
26,5458
23,5460
36,5460
49,5461
48,5464
17,5467
12,5472
17,5474
45,5475
27,5478
22,5483
7,5485
42,5486
48,5486
24,5487
46,5487
46,5489
29,5495
46,5495
45,5498
42,5500
1,5509
1,5511
9,5512
13,5512
45,5512
3,5515
4,5516
2,5517
5,5517
1,5518
8,5518
2,5519
36,5520
5,5521
12,5521
2,5522
6,5522
4,5523
3,5524
44,5527
6,5532
36,5533
32,5534
43,5537
13,5542
48,5544
23,5546
25,5547
24,5549
12,5553
20,5553
8,5554
43,5554
21,5557
31,5561
15,5565
44,5566
38,5567
24,5568
1,5571
2,5572
3,5572
9,5572
4,5573
13,5574
33,5574
1,5575
5,5575
46,5575
2,5577
36,5577
42,5578
1,5579
5,5580
2,5581
5,5581
1,5583
28,5585
15,5586
31,5587
2,5588
3,5589
4,5591
46,5591
1,5592
11,5592
45,5593
1,5595
2,5597
20,5597
27,5597
2,5599
33,5602
38,5604
1,5605
3,5605
17,5605
29,5606
5,5607
5,5608
2,5609
1,5610
9,5612
12,5613
27,5613
2,5614
1,5615
4,5615
2,5616
4,5616
3,5618
11,5620
38,5620
36,5623
29,5624
7,5625
36,5625
28,5629
12,5633
35,5635
16,5642
48,5644
49,5644
31,5645
42,5645
24,5649
34,5649
48,5651
20,5653
39,5654
22,5655
12,5657
3,5660
5,5662
10,5662
4,5663
3,5665
41,5665
5,5667
4,5668
9,5671
41,5672
41,5674
30,5676
48,5680
49,5681
19,5684
36,5684
3,5686
13,5686
4,5688
7,5689
3,5691
16,5691
1,5694
5,5694
5,5695
2,5697
4,5697
1,5698
1,5699
26,5699
41,5699
16,5700
6,5701
2,5703
22,5703
41,5703
2,5704
39,5705
21,5707
17,5709
49,5710
1,5711
2,5712
1,5713
1,5714
20,5714
2,5715
49,5715
23,5717
2,5718
19,5719
11,5722
22,5724
1,5725
16,5726
44,5726
11,5727
1,5728
2,5729
11,5729
48,5729
1,5730
1,5733
2,5734
47,5734
24,5735
44,5735
3,5736
2,5737
4,5738
16,5740
5,5741
43,5741
3,5742
4,5743
41,5745
36,5747
5,5748
11,5748
30,5748
17,5749
19,5750
47,5751
40,5752
50,5753
8,5757
23,5757
36,5757
37,5758
3,5761
4,5763
5,5765
4,5769
5,5770
21,5770
25,5771
3,5772
39,5772
9,5777
30,5778
48,5782
3,5785
4,5786
26,5787
3,5788
1,5789
41,5789
50,5790
3,5790
4,5790
2,5791
5,5791
1,5792
5,5792
46,5792
45,5793
1,5794
47,5795
2,5796
31,5800
2,5801
23,5802
49,5802
32,5804
18,5806
48,5810
34,5811
36,5811
15,5812
31,5812
14,5813
43,5817
1,5820
25,5820
5,5821
12,5821
35,5821
2,5822
1,5825
1,5827
2,5828
2,5830
1,5834
1,5835
3,5835
11,5836
40,5836
2,5837
33,5838
2,5839
1,5840
14,5840
17,5840
2,5841
7,5843
3,5845
4,5848
1,5851
5,5852
47,5852
1,5853
5,5853
2,5854
3,5854
27,5854
1,5855
31,5855
2,5857
4,5857
20,5857
2,5858
22,5860
47,5860
39,5862
11,5863
42,5863
42,5866
41,5867
23,5868
19,5869
3,5871
6,5871
4,5872
39,5872
5,5873
3,5874
4,5875
12,5875
5,5879
25,5880
33,5880
31,5881
41,5881
49,5881
26,5882
7,5886
28,5888
32,5890
10,5891
34,5891
21,5892
17,5896
9,5897
34,5898
18,5901
24,5908
49,5909
11,5910
10,5911
34,5916
47,5917
11,5918
25,5921
39,5921
25,5922
17,5923
22,5923
32,5923
49,5923
30,5927
43,5928
48,5929
19,5934
14,5937
43,5944
14,5945
32,5945
1,5948
17,5948
39,5948
1,5949
27,5949
20,5951
41,5951
2,5954
2,5956
20,5957
21,5957
1,5958
9,5958
2,5959
40,5961
15,5962
6,5965
7,5966
49,5967
38,5968
39,5968
42,5970
46,5971
11,5972
8,5976
43,5976
7,5979
44,5980
29,5981
3,5984
29,5984
39,5986
50,5987
5,5987
25,5987
4,5988
5,5989
16,5989
15,5990
3,5992
11,5992
4,5993
11,5994
47,5996
29,5997
49,5997
12,5998
16,5998
35,6002
50,6005
16,6008
49,6011
19,6013
3,6019
4,6022
14,6022
29,6023
5,6025
32,6025
3,6026
45,6026
5,6027
4,6028
29,6028
20,6030
42,6030
18,6036
46,6041
1,6043
32,6043
40,6043
43,6044
1,6045
2,6047
1,6049
24,6049
2,6050
2,6052
21,6058
41,6061
19,6062
45,6062
14,6065
17,6072
10,6073
13,6075
26,6075
6,6076
17,6076
28,6077
15,6078
27,6079
20,6081
20,6082
28,6083
1,6084
7,6084
2,6085
1,6086
41,6086
1,6088
2,6089
2,6091
41,6091
5,6092
22,6092
6,6095
30,6100
1,6102
16,6102
2,6103
1,6104
20,6105
2,6107
19,6107
1,6108
2,6108
2,6109
13,6112
43,6112
3,6120
4,6121
31,6121
5,6125
3,6126
5,6128
9,6128
4,6129
49,6130
23,6131
1,6139
41,6139
43,6142
3,6143
21,6143
13,6146
31,6147
5,6148
17,6148
5,6149
18,6149
4,6150
3,6151
8,6151
16,6151
4,6152
19,6152
28,6154
16,6155
42,6159
3,6160
36,6160
3,6162
24,6162
32,6162
46,6162
4,6163
3,6164
45,6164
5,6165
42,6165
4,6166
5,6168
42,6168
1,6169
2,6171
18,6171
1,6172
46,6172
2,6173
21,6176
39,6176
22,6178
26,6178
1,6182
2,6183
20,6183
39,6184
11,6187
39,6191
14,6192
11,6193
2,6194
42,6195
15,6197
12,6198
18,6200
33,6200
30,6202
46,6204
8,6205
34,6205
49,6206
43,6207
32,6216
8,6219
50,6221
33,6222
1,6224
1,6225
2,6227
50,6230
2,6230
1,6231
2,6232
29,6232
15,6233
32,6233
36,6234
1,6238
36,6238
12,6239
24,6239
1,6240
39,6240
2,6241
36,6241
1,6242
16,6243
2,6245
25,6245
40,6245
2,6246
34,6246
39,6249
19,6252
18,6253
28,6254
34,6254
23,6257
19,6272
32,6276
16,6279
49,6279
8,6283
22,6283
49,6285
28,6287
32,6287
3,6290
22,6290
20,6292
1,6293
3,6295
24,6295
24,6296
4,6297
33,6297
4,6300
7,6300
37,6301
3,6302
36,6302
5,6303
5,6304
22,6307
9,6308
3,6309
4,6312
3,6313
5,6315
39,6315
4,6316
22,6317
5,6318
12,6318
32,6321
17,6322
1,6324
47,6324
13,6328
17,6328
1,6329
10,6329
32,6329
8,6330
38,6331
22,6332
30,6332
15,6333
1,6336
21,6336
22,6336
42,6336
31,6337
2,6338
22,6338
2,6339
1,6341
2,6342
39,6343
3,6346
4,6347
25,6348
5,6349
3,6351
4,6352
5,6353
48,6353
29,6363
45,6363
25,6364
12,6365
32,6367
37,6369
19,6371
3,6372
12,6372
1,6375
4,6375
1,6376
4,6376
2,6377
40,6377
50,6379
2,6381
5,6381
1,6382
2,6383
24,6383
5,6387
3,6388
31,6390
21,6395
37,6396
17,6400
38,6401
13,6405
10,6406
49,6407
20,6413
39,6416
10,6421
23,6421
37,6423
2,6425
13,6427
40,6427
10,6428
42,6429
12,6430
46,6430
19,6434
40,6435
43,6436
29,6438
31,6440
29,6441
6,6447
14,6448
43,6449
21,6453
41,6456
17,6459
17,6462
24,6463
1,6468
7,6469
17,6470
2,6471
34,6471
40,6472
44,6472
1,6473
1,6474
2,6475
26,6475
2,6476
33,6476
24,6480
10,6486
22,6487
16,6492
25,6492
24,6499
1,6502
2,6503
3,6503
15,6503
1,6504
2,6506
1,6507
5,6507
2,6508
4,6508
48,6508
17,6510
20,6510
2,6513
5,6514
7,6515
26,6515
3,6516
4,6517
22,6519
1,6520
28,6520
38,6520
1,6522
7,6522
30,6522
2,6523
8,6524
1,6525
2,6526
7,6526
20,6526
2,6527
45,6528
35,6533
11,6534
13,6534
39,6539
46,6539
35,6541
28,6545
27,6547
27,6548
7,6549
27,6551
10,6562
29,6565
38,6573
20,6574
49,6575
4,6580
21,6581
33,6589
3,6590
19,6591
1,6593
47,6593
4,6595
4,6596
38,6596
3,6597
5,6599
11,6600
25,6600
5,6603
36,6603
1,6605
1,6606
2,6607
2,6608
46,6609
1,6610
2,6612
6,6614
12,6619
29,6624
36,6625
7,6626
11,6627
44,6627
1,6628
26,6628
1,6629
2,6630
2,6631
15,6631
18,6631
21,6631
29,6631
1,6632
2,6636
8,6640
12,6642
1,6647
1,6648
3,6648
2,6649
5,6649
1,6650
5,6651
2,6652
22,6652
2,6653
4,6655
3,6656
26,6656
33,6656
4,6659
16,6662
50,6664
19,6664
45,6669
18,6672
45,6673
41,6674
19,6678
17,6680
35,6680
43,6680
7,6682
41,6684
41,6687
34,6689
23,6690
23,6695
42,6695
3,6697
45,6697
4,6700
1,6701
4,6701
10,6701
23,6701
49,6701
5,6702
14,6702
28,6702
5,6703
45,6704
3,6705
24,6706
49,6707
39,6713
36,6715
19,6717
46,6717
14,6719
36,6720
3,6721
32,6721
41,6721
4,6722
7,6722
26,6722
4,6726
36,6726
38,6727
45,6727
46,6727
5,6728
28,6729
33,6729
5,6730
3,6732
28,6736
29,6739
38,6739
39,6740
36,6741
1,6742
43,6744
2,6748
5,6748
11,6748
36,6749
1,6751
2,6752
1,6753
3,6754
2,6755
4,6755
45,6759
49,6760
8,6761
1,6765
1,6766
2,6768
43,6768
1,6769
3,6769
2,6770
23,6770
24,6770
2,6771
5,6771
19,6772
4,6773
5,6774
44,6774
1,6777
2,6778
7,6779
18,6781
10,6782
11,6782
43,6782
41,6783
1,6784
3,6784
1,6786
2,6787
4,6787
4,6788
20,6788
34,6790
42,6790
2,6791
15,6791
5,6792
28,6792
5,6793
6,6794
49,6795
3,6796
22,6796
21,6800
25,6801
17,6803
19,6804
35,6804
21,6806
24,6808
38,6808
17,6809
5,6812
6,6812
27,6814
25,6815
47,6820
33,6821
3,6824
4,6825
25,6825
36,6825
4,6826
26,6826
5,6828
37,6828
33,6830
3,6831
35,6831
1,6835
5,6835
42,6835
20,6836
22,6836
1,6837
24,6837
2,6838
1,6841
2,6842
2,6843
44,6843
3,6848
9,6848
4,6849
3,6850
38,6853
11,6854
21,6854
5,6855
4,6857
46,6857
5,6861
1,6862
28,6862
2,6863
44,6863
7,6864
1,6865
29,6865
2,6866
1,6867
35,6867
2,6868
30,6868
2,6871
14,6873
1,6876
36,6877
2,6878
23,6878
1,6879
19,6879
30,6880
29,6881
1,6882
7,6882
41,6882
2,6883
34,6884
2,6885
3,6885
5,6886
25,6886
4,6887
42,6887
4,6888
5,6890
13,6890
1,6891
3,6891
38,6891
41,6891
28,6894
41,6894
42,6894
1,6895
1,6896
2,6897
3,6897
4,6900
3,6903
5,6904
2,6906
5,6906
1,6907
7,6907
2,6908
42,6908
2,6909
29,6910
31,6910
4,6911
41,6913
49,6913
1,6914
32,6920
32,6922
38,6923
31,6924
9,6925
22,6926
26,6926
48,6926
32,6928
39,6928
3,6929
29,6929
18,6930
4,6934
33,6934
5,6935
15,6935
5,6936
21,6936
3,6937
4,6940
39,6942
4,6943
40,6945
41,6945
49,6945
6,6946
46,6946
11,6948
48,6951
45,6955
18,6957
3,6959
4,6960
8,6960
5,6961
4,6962
34,6963
3,6964
1,6965
5,6966
45,6967
2,6970
29,6970
1,6972
2,6973
11,6973
1,6974
2,6977
6,6978
46,6978
1,6981
2,6983
1,6984
2,6985
1,6986
2,6987
4,6990
16,6995
30,6997
11,6998
15,6998
35,6998
39,7001
23,7004
8,7005
10,7005
17,7006
26,7010
10,7011
23,7011
44,7012
47,7012
28,7014
19,7020
21,7020
22,7020
27,7020
3,7024
1,7025
4,7025
32,7025
33,7025
5,7026
3,7027
2,7028
1,7029
5,7029
21,7029
2,7030
4,7032
1,7033
2,7034
19,7034
39,7036
3,7038
5,7039
5,7040
4,7041
4,7042
3,7044
24,7044
20,7048
25,7048
38,7051
13,7055
25,7055
1,7057
33,7057
2,7059
13,7059
35,7060
3,7061
25,7061
1,7062
5,7062
2,7063
1,7064
4,7064
20,7065
1,7066
3,7066
48,7066
5,7067
36,7067
4,7068
2,7069
11,7074
17,7074
49,7074
11,7079
25,7082
27,7082
46,7083
18,7086
32,7090
3,7093
5,7094
4,7095
3,7096
5,7097
4,7098
3,7101
4,7101
40,7101
4,7102
3,7104
5,7105
22,7105
5,7106
9,7106
41,7114
50,7115
4,7115
7,7115
48,7115
36,7116
9,7120
13,7120
41,7120
50,7122
38,7125
7,7127
10,7127
10,7128
39,7130
43,7132
39,7133
3,7136
5,7137
5,7138
4,7142
4,7143
3,7145
24,7148
42,7149
4,7151
41,7153
14,7154
31,7155
32,7156
6,7157
18,7159
50,7160
22,7160
11,7161
30,7167
46,7167
28,7168
12,7169
30,7169
18,7171
23,7171
25,7171
40,7174
1,7179
16,7179
1,7180
10,7183
32,7183
46,7183
12,7185
2,7188
11,7188
1,7189
26,7190
36,7190
46,7190
2,7191
2,7192
25,7194
33,7194
41,7194
42,7194
13,7197
7,7198
45,7199
34,7203
43,7206
7,7208
49,7209
1,7210
2,7211
1,7212
25,7213
28,7213
2,7215
45,7217
1,7219
2,7220
8,7222
25,7222
34,7222
1,7223
2,7224
1,7225
2,7229
25,7230
16,7232
1,7233
15,7233
21,7234
28,7234
30,7234
43,7234
46,7234
49,7235
2,7237
21,7237
23,7238
36,7238
36,7245
26,7246
1,7247
3,7247
10,7247
4,7248
2,7250
5,7250
5,7251
9,7251
4,7253
1,7254
3,7254
2,7255
3,7257
1,7258
5,7258
23,7258
28,7258
2,7259
4,7259
46,7259
4,7262
5,7263
37,7263
34,7264
3,7266
20,7266
28,7274
6,7276
1,7278
39,7283
29,7284
32,7285
23,7286
28,7287
1,7290
38,7291
1,7292
2,7293
23,7294
1,7297
3,7297
2,7298
5,7300
2,7301
4,7301
3,7302
17,7302
5,7304
6,7305
18,7305
4,7306
16,7309
21,7310
27,7314
38,7314
20,7315
7,7316
42,7317
44,7317
37,7318
41,7320
43,7320
9,7322
29,7322
10,7328
17,7328
34,7333
10,7334
41,7339
8,7340
42,7340
3,7342
22,7343
40,7345
4,7346
3,7347
4,7348
5,7349
43,7351
5,7352
41,7352
11,7353
29,7354
18,7355
26,7355
1,7356
17,7358
39,7359
18,7360
9,7362
23,7364
19,7365
30,7370
37,7370
50,7371
19,7371
18,7372
3,7374
5,7375
13,7376
4,7377
1,7378
4,7378
1,7379
3,7379
2,7380
5,7380
19,7380
2,7381
1,7382
38,7382
10,7383
28,7383
36,7384
2,7385
3,7387
8,7387
29,7387
4,7388
18,7388
3,7390
16,7392
5,7395
5,7396
4,7397
34,7399
37,7399
3,7403
8,7403
15,7404
31,7405
5,7406
48,7406
49,7406
4,7408
5,7410
3,7411
4,7413
3,7416
16,7416
1,7417
4,7418
41,7418
3,7419
26,7419
5,7420
13,7420
4,7421
5,7422
23,7424
26,7432
48,7437
38,7438
28,7440
33,7441
10,7447
46,7447
22,7448
8,7449
31,7450
49,7450
24,7451
39,7451
17,7453
44,7456
35,7457
38,7466
12,7467
17,7467
46,7468
42,7469
24,7470
26,7472
31,7472
34,7472
19,7473
6,7478
46,7481
3,7484
5,7485
34,7486
4,7489
4,7491
3,7492
20,7492
5,7493
31,7493
34,7495
21,7504
15,7507
47,7507
39,7511
38,7513
19,7516
42,7516
22,7518
18,7519
39,7519
44,7519
3,7524
24,7525
15,7527
7,7532
7,7533
23,7533
44,7533
46,7533
3,7534
47,7534
24,7535
4,7536
3,7538
4,7539
4,7541
17,7542
43,7542
6,7543
17,7543
41,7544
5,7546
23,7546
5,7547
27,7547
29,7547
47,7547
34,7548
36,7548
16,7550
26,7551
18,7552
1,7554
2,7555
30,7555
47,7556
1,7557
15,7557
2,7559
1,7560
7,7560
35,7560
39,7560
2,7563
49,7564
27,7565
1,7566
11,7566
1,7567
48,7568
18,7570
25,7570
2,7571
15,7571
2,7572
6,7573
10,7573
22,7573
1,7574
50,7579
16,7582
2,7584
3,7586
5,7588
49,7589
42,7590
5,7593
37,7593
4,7594
37,7594
23,7596
1,7597
4,7597
16,7598
2,7599
3,7599
3,7600
15,7600
1,7601
4,7601
2,7602
5,7602
13,7602
31,7602
1,7603
4,7603
24,7604
42,7605
2,7606
41,7607
20,7610
5,7611
3,7612
16,7613
16,7614
1,7615
7,7616
39,7616
44,7616
2,7617
1,7618
2,7626
1,7630
8,7631
38,7631
39,7632
2,7633
18,7633
3,7634
5,7635
4,7636
39,7636
3,7638
4,7639
19,7639
5,7640
24,7645
17,7646
25,7652
26,7652
35,7653
24,7655
33,7655
9,7657
24,7659
34,7660
25,7664
28,7664
44,7666
17,7668
46,7668
49,7668
26,7670
44,7673
18,7679
3,7680
9,7680
4,7681
28,7681
5,7682
1,7683
3,7683
1,7684
5,7685
2,7686
4,7687
15,7689
1,7690
18,7690
2,7691
2,7692
31,7692
14,7695
19,7696
40,7696
14,7698
20,7702
26,7703
46,7703
28,7706
3,7707
5,7708
9,7708
1,7709
2,7710
4,7711
3,7713
1,7714
4,7714
7,7714
2,7715
1,7716
5,7720
2,7723
12,7724
34,7728
48,7733
13,7736
44,7737
3,7738
4,7740
5,7741
3,7742
4,7743
5,7744
22,7747
32,7747
41,7747
16,7750
44,7750
17,7754
1,7756
1,7757
19,7757
44,7757
2,7759
1,7760
47,7760
2,7761
11,7761
34,7761
40,7761
3,7762
41,7762
2,7763
14,7765
23,7765
27,7765
4,7766
36,7766
45,7766
5,7769
24,7771
6,7772
36,7772
39,7772
44,7772
19,7773
5,7774
8,7774
4,7776
3,7780
40,7780
3,7782
26,7783
5,7786
32,7786
4,7787
46,7788
36,7789
3,7790
27,7790
4,7791
49,7793
22,7794
35,7794
5,7796
19,7796
18,7797
31,7798
3,7799
8,7799
29,7799
33,7799
9,7801
5,7802
4,7803
17,7804
4,7805
31,7805
3,7808
5,7810
10,7810
30,7811
16,7814
32,7815
46,7816
33,7825
25,7829
39,7829
20,7830
16,7836
11,7837
33,7838
7,7843
11,7846
26,7847
27,7847
27,7856
1,7857
6,7857
2,7858
38,7858
1,7859
1,7862
2,7863
45,7866
28,7869
2,7870
31,7875
49,7878
3,7880
42,7880
42,7881
47,7881
4,7883
16,7884
46,7884
40,7886
4,7887
46,7888
48,7888
5,7889
47,7889
11,7891
5,7892
3,7893
1,7896
1,7897
6,7897
2,7898
18,7898
21,7898
2,7900
1,7901
2,7903
33,7903
9,7905
33,7905
12,7912
1,7914
40,7916
41,7916
46,7916
2,7917
17,7917
1,7918
23,7918
27,7918
28,7919
2,7921
6,7921
49,7921
1,7922
2,7923
40,7925
12,7927
21,7929
29,7929
46,7930
10,7936
43,7937
31,7938
45,7939
37,7941
42,7942
35,7944
28,7948
28,7953
7,7954
36,7954
44,7957
11,7958
41,7963
1,7968
23,7969
39,7969
1,7970
24,7970
2,7971
2,7972
13,7973
1,7976
44,7976
2,7979
3,7979
22,7980
29,7983
4,7984
10,7984
39,7984
5,7985
4,7986
40,7986
5,7987
3,7989
49,7991
10,7992
11,7992
13,7993
22,7994
41,7995
29,7997
49,7997
16,8002
38,8003
8,8004
17,8005
18,8005
48,8006
18,8009
43,8009
35,8014
13,8020
15,8020
38,8022
19,8027
3,8028
38,8028
50,8032
21,8033
19,8035
26,8036
34,8037
25,8040
35,8042
20,8046
48,8047
31,8049
8,8058
12,8061
19,8064
28,8064
16,8066
47,8068
4,8069
29,8070
34,8072
39,8073
40,8075
23,8079
24,8080
12,8086
6,8087
9,8087
24,8088
22,8089
14,8092
28,8092
30,8092
7,8095
15,8096
44,8099
19,8100
29,8100
12,8103
31,8105
23,8111
28,8113
29,8113
35,8116
3,8117
43,8117
4,8118
44,8118
3,8119
4,8120
5,8121
5,8122
18,8124
38,8124
38,8125
18,8131
24,8131
1,8135
34,8135
1,8136
41,8137
50,8138
2,8138
9,8138
29,8138
1,8139
46,8139
2,8140
2,8142
48,8143
37,8149
3,8150
36,8150
5,8151
4,8152
45,8152
3,8153
23,8153
4,8154
16,8154
5,8158
22,8158
34,8159
32,8161
49,8161
36,8162
40,8166
1,8167
28,8168
1,8169
2,8170
11,8170
18,8170
1,8171
2,8172
2,8174
32,8175
13,8177
34,8179
15,8180
11,8183
3,8184
20,8184
4,8185
5,8186
6,8186
9,8186
5,8187
4,8188
3,8189
3,8191
49,8192
4,8193
45,8193
5,8194
13,8194
30,8194
3,8195
1,8196
5,8196
4,8197
17,8197
2,8198
1,8199
40,8199
1,8203
26,8204
41,8204
2,8207
42,8208
2,8209
19,8209
8,8215
17,8215
21,8218
45,8219
12,8221
38,8229
25,8231
32,8233
39,8243
21,8246
14,8247
7,8249
1,8250
34,8250
2,8251
3,8251
43,8251
1,8252
4,8252
6,8252
1,8253
4,8253
36,8253
45,8253
46,8253
2,8254
5,8254
15,8254
2,8255
5,8255
38,8255
20,8256
3,8257
1,8261
45,8267
21,8269
2,8271
13,8271
20,8271
1,8274
15,8276
1,8277
3,8277
4,8278
2,8279
5,8279
3,8281
2,8282
5,8283
14,8283
41,8283
38,8284
4,8286
37,8286
1,8287
11,8287
34,8289
16,8290
2,8291
26,8291
1,8293
22,8293
39,8293
43,8293
2,8294
24,8295
11,8296
37,8296
1,8297
28,8297
35,8297
26,8298
2,8299
3,8301
6,8301
50,8302
20,8302
9,8303
24,8303
4,8304
21,8304
25,8304
42,8304
17,8305
5,8306
5,8307
16,8308
4,8310
1,8311
3,8311
2,8312
1,8313
40,8313
2,8314
1,8315
2,8316
23,8318
37,8318
7,8320
30,8324
32,8325
22,8328
41,8328
1,8330
7,8330
10,8330
1,8331
39,8331
13,8333
37,8334
2,8335
6,8335
11,8335
1,8336
2,8338
2,8339
8,8343
19,8343
15,8345
22,8350
11,8351
6,8356
33,8357
39,8357
31,8358
43,8359
31,8361
38,8361
8,8362
13,8366
24,8366
11,8368
40,8368
41,8369
15,8373
7,8376
7,8380
8,8384
13,8384
16,8384
8,8385
33,8386
7,8389
8,8394
18,8395
19,8395
29,8395
26,8399
6,8400
23,8402
30,8404
14,8407
27,8407
50,8408
19,8408
45,8408
12,8409
27,8409
22,8411
3,8415
21,8415
46,8415
4,8416
5,8417
20,8418
32,8418
41,8418
30,8421
3,8422
8,8422
9,8423
4,8424
5,8426
42,8426
17,8427
21,8427
16,8429
10,8430
20,8430
16,8432
1,8433
1,8434
14,8434
3,8435
2,8438
5,8438
24,8438
2,8439
1,8440
2,8441
5,8441
30,8443
1,8445
38,8445
2,8446
49,8448
1,8449
4,8449
1,8450
2,8451
3,8451
32,8451
2,8452
4,8453
43,8454
3,8456
21,8458
4,8460
38,8461
47,8461
3,8462
24,8463
40,8467
5,8473
5,8475
33,8475
4,8477
26,8481
32,8481
5,8482
38,8483
37,8485
23,8487
3,8488
26,8489
5,8490
4,8491
39,8491
4,8493
1,8494
3,8494
21,8494
2,8495
1,8496
28,8496
45,8496
5,8497
1,8499
11,8499
9,8500
2,8504
15,8506
17,8506
31,8506
2,8509
41,8512
13,8513
7,8519
43,8519
3,8520
5,8521
23,8521
4,8523
48,8524
4,8525
5,8527
6,8527
3,8528
18,8529
21,8529
32,8530
34,8530
38,8530
12,8531
5,8534
13,8538
31,8538
15,8541
17,8543
3,8544
9,8549
37,8549
9,8550
3,8551
24,8553
38,8553
5,8554
40,8554
4,8557
3,8558
16,8558
8,8559
4,8560
9,8560
31,8560
49,8560
15,8561
5,8562
18,8564
48,8565
30,8568
38,8575
26,8579
24,8583
23,8588
36,8588
12,8589
48,8589
9,8590
34,8590
37,8591
7,8600
44,8603
34,8606
10,8612
19,8612
29,8612
37,8613
46,8614
7,8619
11,8619
3,8620
4,8621
49,8621
5,8622
25,8622
33,8622
20,8624
37,8625
4,8626
3,8628
47,8628
13,8629
5,8630
40,8632
49,8641
36,8650
13,8653
1,8659
1,8664
37,8665
31,8666
2,8667
49,8668
1,8671
2,8673
2,8674
28,8674
18,8676
21,8678
26,8681
24,8685
14,8688
12,8693
21,8694
33,8694
35,8696
14,8698
43,8698
17,8700
29,8701
38,8701
44,8702
16,8705
3,8707
5,8708
4,8709
3,8710
5,8711
4,8712
37,8712
39,8714
50,8715
14,8719
26,8719
35,8720
1,8724
20,8724
2,8725
1,8726
9,8727
20,8727
1,8728
12,8730
44,8730
3,8731
6,8731
13,8731
5,8732
21,8732
30,8732
2,8734
2,8735
5,8738
4,8739
4,8740
3,8741
38,8741
45,8741
40,8742
15,8743
42,8743
34,8744
1,8745
8,8745
10,8746
2,8747
1,8748
1,8749
32,8750
44,8751
1,8752
2,8752
50,8753
27,8754
14,8755
17,8755
2,8757
23,8761
1,8764
49,8764
27,8766
2,8770
1,8771
1,8772
5,8777
32,8778
2,8779
3,8780
5,8781
4,8782
48,8782
3,8786
2,8788
35,8789
43,8789
5,8792
44,8793
4,8794
22,8794
2,8795
11,8798
23,8802
40,8802
20,8803
42,8803
50,8804
40,8809
21,8810
22,8813
39,8815
46,8817
3,8819
35,8819
5,8820
45,8821
9,8823
4,8824
5,8825
4,8826
23,8826
32,8826
13,8828
6,8829
3,8830
19,8832
20,8832
25,8833
28,8834
43,8837
50,8844
44,8844
50,8847
27,8847
37,8848
34,8853
1,8857
1,8859
8,8860
2,8861
2,8862
31,8864
43,8864
13,8865
32,8867
1,8868
12,8868
3,8869
45,8869
2,8870
5,8870
4,8871
34,8872
50,8873
5,8874
3,8877
45,8878
4,8879
12,8881
34,8881
10,8882
1,8883
16,8883
11,8884
38,8884
9,8889
47,8889
2,8890
9,8890
1,8892
39,8893
1,8894
2,8895
16,8895
21,8895
2,8896
30,8896
19,8897
28,8899
24,8905
41,8905
35,8908
47,8913
15,8916
50,8920
22,8920
38,8924
26,8926
24,8928
36,8931
3,8932
32,8932
42,8932
4,8935
31,8935
5,8937
34,8937
39,8937
5,8938
4,8939
3,8940
6,8943
46,8944
1,8945
46,8946
2,8947
45,8947
1,8948
33,8948
1,8949
2,8950
2,8951
3,8953
19,8956
44,8956
19,8959
31,8959
40,8959
38,8960
4,8961
4,8962
45,8963
25,8965
3,8966
31,8966
47,8966
49,8966
5,8967
5,8969
28,8971
16,8972
45,8972
37,8973
23,8976
4,8978
29,8982
23,8983
49,8983
8,8984
49,8984
24,8985
45,8986
14,8988
35,8989
38,8989
9,8990
1,8991
39,8991
1,8992
2,8993
24,8993
48,8993
24,8994
31,8994
2,8995
1,8997
2,8999
14,8999
39,9002
41,9009
46,9009
24,9015
44,9017
28,9019
19,9022
43,9022
19,9027
1,9029
1,9032
39,9032
2,9033
1,9034
22,9034
27,9034
2,9035
3,9037
35,9037
2,9040
37,9040
5,9041
37,9041
48,9041
49,9041
1,9042
5,9042
4,9043
1,9044
3,9044
2,9045
4,9045
34,9045
46,9045
2,9047
24,9047
3,9048
37,9048
1,9049
41,9049
2,9051
5,9052
1,9054
4,9054
4,9055
3,9056
5,9057
6,9057
11,9058
20,9058
13,9063
18,9063
3,9067
8,9067
47,9067
37,9069
5,9070
5,9071
20,9073
4,9076
4,9077
40,9078
3,9079
17,9083
17,9084
30,9084
25,9087
28,9088
1,9090
1,9091
2,9092
1,9093
24,9093
40,9093
46,9093
35,9094
2,9095
2,9097
34,9098
11,9102
43,9102
10,9103
1,9105
2,9106
1,9107
2,9114
1,9115
24,9116
45,9116
29,9118
2,9119
12,9121
34,9121
37,9121
3,9123
5,9125
11,9125
49,9125
4,9126
3,9127
28,9127
4,9128
5,9129
8,9129
10,9129
23,9129
29,9129
28,9131
43,9131
13,9133
28,9133
13,9134
37,9134
3,9136
24,9138
32,9138
28,9139
32,9139
28,9141
39,9149
11,9152
16,9157
50,9158
1,9161
47,9161
1,9162
15,9162
2,9163
3,9163
2,9165
1,9166
4,9167
2,9168
4,9168
5,9169
5,9170
3,9171
36,9176
40,9176
49,9176
11,9177
23,9177
40,9177
34,9178
37,9179
4,9186
22,9189
3,9201
28,9202
3,9203
4,9203
23,9203
47,9203
1,9204
1,9205
12,9205
34,9205
43,9205
2,9207
3,9207
5,9208
21,9208
27,9208
2,9209
5,9209
1,9211
4,9211
2,9214
44,9215
28,9216
50,9218
44,9221
50,9224
25,9225
1,9226
1,9227
28,9227
2,9228
39,9228
2,9229
1,9230
10,9230
5,9232
2,9233
1,9234
2,9235
3,9235
1,9236
1,9237
4,9238
2,9240
3,9240
2,9241
4,9242
48,9243
5,9244
9,9244
50,9247
5,9248
2,9249
3,9249
49,9249
5,9251
4,9254
6,9254
49,9255
4,9257
15,9257
3,9258
17,9258
5,9259
1,9260
15,9260
18,9261
22,9261
2,9262
17,9262
32,9263
20,9264
25,9264
23,9266
1,9267
6,9267
1,9269
11,9271
2,9273
48,9273
2,9275
32,9277
21,9278
22,9279
47,9279
35,9283
44,9283
35,9285
31,9288
18,9291
19,9292
48,9292
1,9294
1,9295
2,9296
17,9296
1,9298
2,9299
3,9300
2,9301
4,9301
39,9302
42,9302
4,9304
18,9305
3,9306
35,9307
38,9307
5,9309
5,9311
9,9312
21,9315
3,9318
4,9319
23,9319
41,9319
32,9320
5,9321
23,9322
5,9323
3,9325
4,9326
8,9327
12,9330
40,9332
20,9334
46,9335
27,9337
43,9337
18,9338
13,9339
36,9339
36,9343
7,9345
9,9345
38,9348
20,9352
38,9352
15,9353
23,9353
45,9355
33,9356
29,9357
33,9357
35,9357
10,9360
36,9362
21,9366
10,9370
18,9370
7,9372
28,9375
35,9377
10,9379
39,9379
45,9379
18,9380
30,9381
12,9383
44,9383
41,9385
3,9387
4,9390
3,9391
9,9394
23,9394
5,9395
4,9397
5,9398
37,9399
27,9400
10,9402
32,9402
25,9403
30,9405
22,9407
7,9408
3,9409
19,9409
4,9410
49,9410
5,9411
4,9412
3,9413
32,9413
33,9413
5,9415
17,9420
49,9427
40,9428
15,9429
50,9432
21,9440
33,9440
15,9441
1,9442
33,9444
36,9446
42,9447
22,9448
35,9448
23,9451
22,9457
40,9457
8,9459
16,9459
39,9462
7,9464
40,9469
22,9473
15,9477
10,9479
29,9481
3,9483
6,9486
1,9487
5,9487
48,9487
1,9488
5,9488
4,9489
2,9490
1,9491
3,9492
2,9494
31,9495
2,9496
50,9497
4,9497
33,9497
49,9498
11,9499
26,9499
42,9500
28,9502
3,9504
5,9505
12,9505
41,9506
44,9506
5,9507
4,9508
34,9508
4,9509
23,9509
30,9510
3,9511
35,9514
27,9521
36,9527
11,9528
20,9529
1,9532
2,9533
3,9533
1,9534
5,9535
7,9536
1,9537
4,9537
2,9538
3,9538
49,9539
2,9540
4,9540
50,9541
15,9541
5,9542
30,9542
15,9544
40,9544
13,9545
47,9546
43,9547
6,9551
16,9553
6,9558
24,9559
12,9560
8,9561
9,9562
49,9562
6,9565
48,9568
41,9570
38,9575
31,9576
18,9577
12,9578
50,9582
47,9584
6,9585
10,9588
48,9590
6,9591
24,9591
18,9595
13,9596
3,9598
4,9599
3,9601
5,9602
4,9603
26,9605
6,9606
5,9607
37,9608
16,9609
38,9609
8,9611
1,9614
41,9615
1,9616
45,9616
2,9618
2,9621
1,9627
2,9628
3,9628
37,9628
5,9629
11,9630
4,9631
22,9632
3,9633
46,9633
26,9634
6,9635
47,9635
50,9638
4,9639
17,9639
40,9639
5,9640
35,9646
31,9649
35,9650
16,9651
16,9653
1,9654
1,9655
2,9656
16,9657
2,9659
9,9659
1,9664
12,9666
38,9667
14,9669
2,9670
18,9671
24,9672
36,9674
29,9676
24,9678
14,9679
47,9679
1,9683
1,9684
12,9684
38,9686
2,9687
28,9687
45,9687
3,9688
1,9689
36,9689
2,9690
16,9690
2,9691
24,9691
21,9698
16,9699
35,9700
11,9703
37,9705
48,9705
22,9707
28,9707
37,9712
7,9714
21,9715
21,9716
42,9718
49,9719
17,9721
26,9722
49,9722
1,9728
18,9728
50,9729
2,9729
1,9730
42,9730
25,9731
47,9731
2,9732
18,9732
1,9733
2,9734
21,9736
27,9741
50,9744
13,9744
28,9744
47,9749
25,9758
32,9760
42,9760
36,9762
11,9763
13,9763
15,9763
9,9764
33,9765
43,9765
50,9767
25,9773
44,9775
40,9779
16,9780
20,9781
38,9782
50,9785
3,9788
35,9788
5,9789
27,9789
31,9789
5,9790
4,9791
3,9792
4,9794
39,9794
39,9801
40,9802
43,9804
39,9805
26,9810
21,9813
49,9813
29,9814
17,9819
15,9821
40,9821
47,9821
50,9823
15,9826
37,9826
20,9828
31,9830
20,9831
31,9831
7,9834
30,9835
35,9837
13,9839
6,9841
15,9844
36,9846
41,9848
23,9855
9,9858
15,9858
38,9862
22,9863
49,9863
50,9866
36,9866
6,9870
1,9873
1,9874
2,9875
1,9876
3,9876
37,9876
5,9877
4,9878
2,9879
3,9879
2,9880
5,9880
18,9883
4,9884
29,9884
12,9887
39,9888
35,9889
7,9890
10,9894
32,9896
3,9897
4,9898
14,9898
1,9899
5,9899
4,9900
2,9901
30,9901
43,9901
1,9902
5,9902
1,9903
42,9903
3,9904
2,9905
23,9905
48,9905
1,9906
29,9907
37,9908
2,9910
7,9910
30,9910
3,9911
5,9912
4,9913
1,9914
4,9914
21,9914
2,9915
5,9915
1,9916
2,9917
25,9917
1,9919
3,9919
16,9920
2,9924
49,9924
16,9925
21,9926
22,9927
47,9927
33,9932
7,9933
43,9934
27,9937
28,9937
37,9938
48,9939
32,9943
21,9945
48,9948
32,9950
41,9950
31,9957
11,9958
24,9958
32,9961
12,9963
21,9963
8,9965
40,9969
8,9971
1,9973
2,9976
1,9978
2,9979
25,9980
26,9980
43,9983
1,9985
20,9985
24,9987
2,9988
32,9988
27,9989
32,9990
29,9991
36,9991
10,9998
