39,3
27,5
13,6
26,6
24,7
75,12
87,12
48,13
49,13
1,14
48,14
2,15
20,15
84,16
94,16
1,17
51,17
82,18
1,19
71,19
76,19
58,20
74,21
37,23
78,23
71,24
2,25
39,26
40,26
2,27
14,28
30,28
65,28
32,30
85,30
21,31
88,31
20,32
25,32
74,33
58,34
80,34
15,35
80,35
39,36
3,37
23,38
44,38
4,39
5,40
15,40
34,42
64,42
80,42
4,44
84,44
5,45
62,45
44,46
3,47
47,47
54,48
26,49
14,50
85,50
100,51
37,51
85,51
40,52
73,53
40,54
43,54
49,54
25,56
36,59
60,60
80,60
40,64
46,64
18,65
24,65
33,65
55,68
84,69
29,71
14,72
55,72
70,74
20,76
21,76
9,77
3,78
1,79
1,80
68,81
2,82
7,82
73,82
87,82
4,83
68,83
5,84
11,84
41,84
2,85
14,85
49,85
5,86
4,87
10,87
1,90
2,91
3,91
53,92
59,92
81,92
78,93
13,97
23,100
30,101
91,101
15,102
88,102
53,103
64,104
24,105
84,105
70,106
3,107
7,107
94,107
95,107
5,108
95,108
20,110
95,110
74,111
68,113
74,113
100,114
92,114
4,118
15,118
16,119
34,119
5,120
62,120
4,121
52,121
3,122
84,122
95,122
62,123
67,124
23,125
46,125
55,125
61,126
3,127
4,128
5,129
4,130
39,130
42,130
1,131
3,131
10,131
23,131
44,131
61,131
5,133
34,133
1,136
100,137
2,137
7,138
2,139
12,139
84,140
1,141
51,141
2,142
80,145
86,146
52,148
3,149
6,149
15,149
31,149
50,149
5,150
21,150
62,150
4,151
39,151
5,152
96,152
4,154
3,155
10,157
63,157
36,158
9,160
88,160
46,161
93,162
70,163
8,164
98,165
54,166
88,166
79,167
89,169
35,170
37,170
60,171
44,173
63,173
46,174
35,175
52,175
97,176
78,177
11,178
60,180
13,181
61,181
73,182
88,182
3,183
1,184
4,184
2,185
1,186
3,187
85,187
1,188
4,188
55,188
2,189
2,190
83,190
5,191
85,191
90,191
67,192
5,193
11,193
30,193
37,193
96,194
50,195
61,196
74,196
25,197
29,197
51,197
66,197
51,200
17,201
53,201
82,202
53,205
70,205
89,205
39,206
64,206
21,207
1,208
87,208
61,211
98,211
21,212
68,212
76,212
6,215
52,215
10,218
17,220
24,220
1,222
35,223
1,225
17,225
2,226
19,227
25,228
1,229
34,229
89,229
25,231
2,232
12,233
2,234
28,235
75,235
56,236
28,239
74,239
77,239
91,239
39,241
56,241
60,243
45,245
77,245
75,246
26,247
43,247
61,249
78,251
96,251
91,252
68,253
85,253
99,253
55,254
26,255
89,255
9,256
13,256
34,257
42,258
1,259
2,260
1,262
1,263
2,264
19,264
78,264
2,265
62,265
66,265
11,268
50,268
79,268
11,269
32,270
58,270
74,270
66,272
26,274
30,274
60,276
26,277
95,277
29,278
90,280
31,282
20,283
53,283
76,283
88,283
5,284
54,284
1,285
77,285
95,285
96,286
1,288
79,288
11,289
23,289
100,290
2,290
32,291
72,291
27,292
2,293
39,293
42,296
100,298
1,298
77,298
2,299
80,300
73,301
11,303
83,303
64,306
80,306
1,307
11,307
79,307
1,309
43,309
2,312
63,313
100,314
2,316
3,316
42,316
31,317
42,317
67,317
1,318
80,318
2,319
74,321
43,322
73,323
84,323
4,324
5,326
75,327
3,328
55,328
4,330
65,330
5,331
35,334
63,334
85,336
16,338
69,338
59,340
75,340
75,341
77,345
73,347
47,349
74,351
3,352
44,352
4,354
48,355
9,356
35,356
90,356
35,357
5,358
11,358
88,358
3,359
96,359
30,360
5,361
4,363
85,364
98,364
20,365
99,365
60,368
46,369
29,370
57,371
20,373
59,374
90,374
23,375
88,375
82,376
94,376
97,376
46,379
92,379
95,380
12,382
15,382
46,382
99,382
83,384
27,386
46,386
57,386
36,388
98,388
47,389
56,390
51,391
78,391
24,395
42,396
47,396
91,396
32,401
75,401
85,401
86,401
87,401
16,402
70,402
3,404
4,405
47,405
80,405
55,406
17,407
97,407
8,408
5,409
65,409
81,409
5,410
4,411
59,412
97,412
32,417
3,418
30,418
97,419
12,420
42,421
28,422
1,423
24,423
39,423
2,425
10,425
71,425
1,426
8,426
2,427
96,427
64,428
91,428
1,429
55,429
2,431
20,431
8,433
12,433
53,435
75,436
75,437
30,440
19,442
37,442
48,443
96,443
69,444
35,445
10,446
59,448
35,450
3,452
12,452
58,453
4,455
5,456
38,456
5,457
52,457
3,458
12,458
4,459
22,459
66,459
93,460
9,462
24,462
67,462
76,463
49,465
96,465
1,466
85,466
95,466
68,469
1,470
3,472
39,472
2,474
20,474
60,474
2,475
1,476
84,476
91,476
98,476
5,479
2,480
66,480
5,482
12,482
27,482
78,483
4,484
67,484
87,484
59,485
4,486
32,486
55,486
3,488
34,489
35,493
13,494
72,494
32,495
26,499
96,500
36,502
42,502
79,502
74,504
11,505
88,505
78,506
71,507
75,509
9,510
33,510
32,511
74,512
25,513
3,515
4,516
100,517
82,517
5,518
41,519
5,520
3,521
4,522
100,525
21,526
57,526
1,527
64,527
2,529
46,530
85,530
1,531
2,533
24,533
25,533
40,533
1,534
35,534
42,534
59,535
2,538
9,539
57,539
57,540
63,541
15,542
28,542
21,543
86,543
41,545
43,545
65,547
97,547
13,548
52,549
57,549
42,550
59,550
22,552
54,553
1,554
36,555
1,556
23,556
81,556
31,557
28,558
2,559
46,559
1,560
98,560
2,561
16,561
10,562
3,563
35,563
41,563
84,563
2,564
14,564
48,564
65,564
100,565
36,569
91,569
11,571
71,571
8,572
98,573
79,574
42,576
89,576
21,578
53,580
26,584
53,585
1,586
1,587
2,589
1,590
52,591
83,591
86,591
2,592
57,592
69,593
9,594
64,594
95,594
2,596
86,597
84,602
64,606
3,607
50,607
4,608
88,608
3,609
66,609
5,612
4,613
88,613
60,614
85,615
16,616
20,616
52,616
59,616
12,620
5,622
9,622
58,622
54,623
4,625
25,627
49,627
92,627
2,628
97,628
24,629
77,629
83,632
92,634
44,635
63,635
51,636
96,636
23,638
98,638
42,639
75,639
99,639
10,641
19,642
34,642
7,643
47,646
44,647
58,649
61,649
3,650
60,650
5,651
21,651
77,651
4,652
3,653
72,653
5,654
13,654
30,654
94,654
4,655
8,658
17,660
89,660
17,661
75,661
41,662
57,664
40,665
10,666
90,666
61,667
92,667
36,669
29,670
88,670
11,671
97,671
64,672
6,673
47,674
14,675
88,676
74,677
3,679
13,681
14,681
4,682
42,682
91,682
41,684
8,686
5,687
11,687
22,687
4,688
28,688
3,689
25,689
13,690
90,690
57,691
71,691
86,691
77,693
25,694
86,694
53,695
5,696
24,696
77,696
33,698
48,698
54,700
56,700
90,700
94,700
1,701
14,701
35,701
2,702
43,702
96,702
36,703
1,704
15,705
77,705
2,707
9,707
40,707
46,707
1,708
29,708
51,709
2,710
74,710
32,711
43,713
3,715
70,715
40,716
87,716
45,717
70,717
79,718
47,720
6,721
47,721
61,721
54,723
3,724
5,725
15,725
85,728
96,728
4,729
88,729
99,729
1,731
4,731
54,731
1,732
2,733
5,733
3,734
48,734
2,736
65,736
87,736
1,737
32,737
55,737
76,737
2,738
28,738
71,738
93,738
83,739
25,741
15,742
85,742
8,744
94,744
99,744
8,745
15,745
19,747
1,748
74,749
88,749
1,750
97,750
2,752
41,752
54,752
99,752
1,753
18,753
2,754
2,756
30,756
51,756
52,756
29,757
57,758
69,759
67,761
23,762
42,762
48,762
56,762
7,764
50,766
42,768
97,768
1,769
1,770
2,771
25,771
44,771
44,773
1,774
36,775
34,776
57,776
2,779
26,779
29,779
91,779
19,780
55,780
2,781
99,781
51,785
8,786
10,786
88,786
38,788
54,788
78,788
3,789
5,790
49,790
1,791
4,791
68,791
3,792
5,793
4,794
35,794
48,794
63,794
48,795
97,795
27,796
13,797
95,797
61,799
89,800
39,802
78,803
28,804
65,804
58,805
46,806
62,806
71,807
29,808
31,810
17,811
20,812
38,812
87,813
3,814
37,814
40,814
81,814
100,815
5,815
4,817
4,818
32,818
31,821
77,821
81,821
3,822
11,822
28,823
75,823
99,823
44,824
5,825
50,825
22,827
16,829
58,829
88,830
56,831
20,834
86,834
51,836
3,837
84,837
5,838
83,838
1,840
5,840
31,840
1,841
4,841
4,842
13,842
75,842
87,842
2,843
3,843
37,844
1,846
17,847
27,847
2,848
42,848
88,848
2,850
11,850
3,851
5,852
32,852
4,853
4,854
5,855
59,855
54,856
3,858
100,860
68,860
92,861
48,862
29,863
18,864
30,864
81,864
48,865
69,865
41,867
56,867
27,868
39,868
62,868
99,868
27,869
70,869
78,869
35,870
36,872
98,872
6,873
78,873
66,874
6,875
55,875
36,876
3,877
95,877
67,878
93,878
4,879
12,879
23,879
80,880
4,881
44,881
5,882
3,883
53,883
33,884
100,885
45,885
5,886
50,886
44,887
32,890
18,891
21,892
14,893
79,893
84,893
45,894
41,895
62,895
34,896
54,896
17,897
86,898
93,899
40,900
84,902
60,904
86,904
35,906
68,907
100,908
38,908
72,908
35,909
94,909
12,910
72,912
93,914
25,918
62,918
3,920
72,921
73,921
4,922
55,922
99,922
70,923
91,925
5,926
4,927
31,927
19,928
88,928
24,929
85,930
3,931
5,932
53,932
54,932
77,932
83,933
1,935
2,936
1,937
3,937
86,937
1,939
4,939
72,940
4,941
2,942
3,943
16,943
53,943
2,944
5,944
41,944
62,944
78,944
11,948
5,950
23,951
67,951
98,951
37,952
48,952
3,953
15,953
86,953
99,953
5,954
76,954
47,955
4,956
23,956
59,956
5,957
3,958
89,958
4,959
97,959
100,960
84,960
1,962
13,962
44,962
82,962
1,963
2,964
32,966
1,967
2,970
2,971
31,971
14,972
23,972
45,972
87,973
100,974
31,974
77,974
81,974
61,977
1,979
2,980
98,980
40,982
1,983
1,984
30,984
59,984
2,985
44,985
2,987
78,988
40,989
75,991
93,992
58,994
74,995
52,996
37,998
12,999
52,1001
60,1001
48,1002
34,1003
100,1004
78,1005
42,1009
61,1009
24,1010
79,1010
3,1011
9,1011
68,1011
4,1013
86,1013
13,1014
88,1016
69,1017
3,1018
7,1018
5,1019
65,1019
5,1020
4,1021
9,1021
66,1024
10,1025
66,1026
92,1026
81,1028
24,1031
58,1031
51,1032
28,1033
51,1033
51,1038
95,1038
100,1039
39,1039
23,1041
33,1041
61,1041
100,1042
78,1042
22,1043
97,1043
13,1049
57,1051
19,1052
41,1053
69,1053
56,1054
94,1054
95,1054
40,1057
30,1059
90,1059
58,1062
90,1063
52,1064
9,1065
48,1067
97,1067
11,1068
41,1069
48,1070
76,1070
59,1071
78,1073
32,1074
98,1074
3,1076
42,1076
5,1077
56,1077
4,1078
5,1079
1,1081
3,1081
6,1081
11,1081
2,1082
23,1082
25,1082
45,1084
58,1084
81,1084
85,1084
100,1085
1,1085
4,1085
2,1087
39,1087
72,1087
1,1088
85,1088
2,1089
86,1089
3,1091
34,1091
73,1092
4,1093
81,1093
1,1095
89,1095
1,1096
3,1096
2,1097
62,1097
96,1097
28,1098
43,1098
5,1099
21,1099
96,1099
24,1100
53,1100
64,1101
2,1103
5,1103
70,1103
81,1103
4,1104
58,1105
63,1105
93,1105
1,1106
2,1107
6,1107
69,1109
8,1110
27,1110
61,1112
5,1113
3,1116
5,1117
34,1117
32,1119
58,1119
4,1120
24,1120
97,1121
22,1122
36,1122
89,1122
4,1123
72,1123
5,1124
31,1124
37,1124
57,1124
3,1125
9,1125
36,1126
67,1127
11,1128
63,1128
74,1128
8,1130
39,1132
1,1134
15,1134
34,1134
39,1134
79,1134
83,1134
14,1137
90,1137
1,1138
35,1138
59,1138
85,1138
7,1139
13,1139
92,1139
98,1140
2,1141
1,1142
10,1142
51,1142
80,1143
2,1144
50,1144
28,1145
1,1148
93,1148
2,1150
2,1151
75,1153
83,1153
27,1154
95,1154
3,1155
46,1156
4,1157
4,1158
3,1159
16,1159
58,1159
68,1159
5,1160
24,1160
94,1160
67,1162
5,1163
19,1163
34,1164
39,1165
82,1165
19,1166
71,1166
72,1167
83,1167
3,1168
9,1168
37,1168
77,1168
5,1169
6,1169
84,1169
100,1170
4,1170
8,1171
88,1171
4,1172
84,1173
58,1174
5,1175
3,1176
13,1176
92,1176
89,1177
23,1178
61,1181
91,1182
10,1183
64,1183
29,1184
85,1184
44,1185
59,1185
33,1186
63,1187
88,1187
88,1191
98,1191
7,1192
70,1192
46,1193
56,1195
70,1195
69,1196
94,1196
9,1199
70,1199
98,1199
29,1200
57,1200
67,1200
72,1201
79,1201
53,1202
10,1203
13,1203
35,1203
55,1204
17,1206
27,1208
55,1209
100,1210
3,1212
5,1216
38,1216
4,1217
5,1218
4,1219
3,1220
29,1222
8,1224
13,1224
45,1228
82,1228
14,1232
64,1232
73,1232
21,1234
75,1234
86,1235
77,1236
83,1237
36,1239
99,1239
1,1240
30,1240
9,1241
32,1241
91,1242
18,1243
41,1246
100,1247
1,1247
82,1247
39,1248
2,1249
72,1249
2,1251
32,1251
58,1251
75,1251
1,1252
8,1253
2,1254
46,1255
93,1256
95,1256
46,1261
49,1261
60,1261
1,1264
13,1264
57,1264
2,1265
1,1266
72,1266
2,1267
26,1267
58,1267
6,1268
99,1268
1,1269
7,1269
42,1269
68,1270
2,1271
46,1271
49,1272
42,1274
85,1276
100,1279
26,1279
29,1279
79,1279
6,1281
43,1282
29,1284
59,1284
83,1284
8,1286
3,1288
80,1288
4,1289
56,1289
83,1289
7,1290
67,1290
10,1291
36,1292
73,1293
5,1295
49,1295
25,1296
82,1298
32,1299
27,1300
3,1301
12,1301
5,1303
26,1303
20,1304
24,1304
20,1305
45,1305
4,1306
12,1306
13,1306
61,1307
88,1307
72,1309
99,1310
61,1311
6,1314
48,1314
63,1315
97,1317
65,1320
40,1321
56,1321
98,1321
42,1322
65,1323
89,1323
58,1325
35,1326
21,1328
83,1329
67,1330
10,1331
18,1332
6,1334
34,1334
100,1335
65,1337
82,1337
15,1338
69,1340
77,1340
98,1341
67,1342
20,1343
88,1343
58,1344
38,1345
72,1345
8,1346
43,1348
29,1349
50,1352
13,1353
42,1354
88,1354
17,1355
50,1355
72,1355
77,1355
52,1356
58,1359
89,1359
23,1360
53,1360
67,1360
21,1361
21,1362
69,1362
73,1362
85,1364
80,1365
90,1365
13,1366
59,1367
55,1368
57,1368
13,1369
72,1369
1,1371
23,1371
60,1371
92,1371
2,1372
1,1373
2,1374
30,1374
73,1375
86,1375
98,1375
45,1376
1,1377
22,1377
2,1378
8,1378
20,1378
18,1379
55,1379
94,1379
93,1380
82,1381
3,1382
47,1384
4,1386
27,1386
4,1387
34,1387
23,1389
5,1390
3,1391
29,1391
70,1392
5,1393
20,1393
3,1395
11,1395
21,1395
42,1395
67,1396
80,1397
5,1398
89,1399
94,1399
5,1400
4,1401
3,1402
4,1404
27,1405
35,1405
83,1409
99,1412
62,1413
19,1414
54,1415
76,1415
39,1416
8,1417
99,1417
1,1419
6,1419
71,1419
1,1420
36,1420
2,1421
57,1421
2,1423
1,1424
60,1424
17,1425
2,1426
26,1426
65,1426
25,1427
36,1428
13,1429
84,1429
3,1432
67,1432
74,1432
4,1434
8,1434
77,1434
4,1436
58,1436
88,1436
19,1438
70,1438
5,1439
11,1439
46,1439
5,1440
40,1440
84,1440
10,1441
33,1441
36,1441
42,1441
28,1442
3,1444
17,1444
36,1445
24,1447
53,1448
67,1450
19,1451
30,1451
82,1451
11,1454
24,1454
29,1459
98,1459
35,1460
43,1461
3,1462
53,1462
5,1463
25,1464
43,1464
8,1465
33,1465
78,1465
96,1465
5,1466
4,1467
4,1468
21,1468
3,1469
22,1469
15,1470
24,1470
76,1470
93,1471
55,1473
48,1475
66,1475
99,1476
8,1477
30,1477
65,1477
42,1478
55,1478
14,1479
18,1479
30,1481
54,1481
89,1481
10,1482
15,1482
59,1482
70,1482
86,1483
89,1483
33,1486
66,1487
14,1488
34,1488
53,1488
21,1489
99,1491
24,1492
41,1492
50,1492
78,1493
35,1494
61,1494
93,1495
31,1496
58,1497
42,1498
63,1498
12,1499
28,1502
89,1503
72,1504
46,1505
56,1505
97,1505
9,1506
23,1506
33,1506
3,1508
65,1509
82,1509
28,1511
46,1511
6,1513
4,1514
67,1514
90,1515
5,1516
47,1516
18,1517
3,1518
28,1521
5,1522
40,1522
84,1524
4,1525
11,1525
91,1525
16,1526
99,1526
21,1527
70,1528
16,1529
43,1532
93,1533
47,1534
59,1534
18,1535
33,1535
14,1536
32,1537
6,1538
11,1539
8,1542
26,1542
99,1545
40,1546
97,1549
65,1550
40,1551
70,1552
6,1553
58,1553
99,1553
21,1556
90,1556
98,1556
64,1557
20,1558
78,1558
38,1560
11,1561
69,1562
71,1563
78,1563
79,1563
42,1564
1,1568
7,1568
88,1568
2,1569
20,1570
83,1570
1,1571
59,1571
39,1572
2,1573
69,1574
70,1574
20,1575
32,1575
1,1576
24,1576
2,1577
20,1577
1,1578
73,1578
80,1579
1,1580
38,1580
16,1581
41,1581
77,1581
2,1582
91,1582
40,1583
2,1584
35,1584
50,1584
62,1584
73,1584
1,1585
82,1585
17,1586
44,1587
80,1587
10,1588
45,1588
2,1589
82,1591
98,1591
68,1592
33,1593
9,1594
64,1595
45,1596
89,1597
39,1598
43,1598
80,1598
93,1598
19,1600
52,1600
89,1600
44,1601
1,1602
17,1602
65,1602
83,1602
31,1604
1,1607
82,1607
2,1608
17,1608
1,1609
84,1609
2,1610
25,1611
2,1612
3,1615
5,1617
72,1617
76,1617
4,1618
82,1618
6,1619
14,1619
29,1619
42,1621
91,1621
92,1621
3,1622
10,1622
4,1623
13,1623
48,1623
73,1623
5,1624
1,1628
2,1629
1,1630
11,1631
87,1631
1,1632
2,1633
40,1633
2,1634
75,1634
52,1635
39,1636
63,1636
67,1636
10,1637
13,1638
57,1638
82,1638
63,1639
32,1640
98,1640
7,1641
31,1641
13,1642
10,1643
6,1644
58,1644
1,1646
58,1646
100,1649
66,1650
22,1652
24,1652
42,1652
35,1654
60,1658
65,1658
71,1658
68,1659
82,1661
26,1662
34,1662
94,1663
52,1664
54,1664
73,1665
66,1667
92,1667
8,1668
31,1668
59,1668
62,1669
88,1669
15,1670
60,1672
45,1674
74,1677
44,1678
86,1678
34,1679
76,1679
72,1681
19,1683
1,1684
39,1684
1,1685
11,1686
64,1686
26,1687
70,1687
96,1687
2,1688
35,1690
61,1690
2,1691
55,1691
64,1691
1,1692
2,1694
11,1694
97,1695
85,1696
59,1698
59,1699
97,1700
17,1701
52,1703
11,1704
10,1705
15,1705
56,1705
66,1705
58,1706
60,1707
75,1707
78,1708
17,1711
84,1711
88,1711
16,1712
92,1712
54,1713
58,1713
64,1714
46,1716
63,1716
66,1718
68,1719
95,1720
62,1722
76,1724
4,1725
37,1725
99,1727
56,1728
95,1729
82,1730
71,1731
17,1732
22,1733
49,1733
83,1733
85,1733
95,1734
98,1734
68,1735
77,1737
43,1738
50,1738
61,1739
95,1739
7,1740
29,1740
67,1740
92,1742
13,1744
93,1744
3,1745
17,1745
36,1745
4,1746
5,1747
21,1747
36,1747
44,1747
3,1748
99,1748
4,1749
46,1749
82,1749
86,1749
39,1750
5,1751
10,1751
13,1753
76,1753
17,1755
34,1755
44,1757
39,1758
22,1759
43,1759
99,1759
41,1763
54,1763
1,1767
22,1767
33,1767
53,1767
2,1769
35,1770
1,1771
30,1773
2,1774
1,1775
25,1775
2,1776
9,1777
67,1778
70,1778
42,1779
18,1780
6,1781
39,1781
17,1782
36,1782
94,1785
1,1786
1,1787
2,1788
38,1788
67,1788
28,1789
61,1789
1,1790
3,1790
100,1791
2,1791
4,1791
3,1792
2,1793
5,1793
40,1793
44,1793
4,1794
16,1794
24,1794
45,1794
63,1795
65,1795
31,1796
38,1796
82,1796
60,1797
5,1798
94,1798
19,1800
27,1800
38,1800
90,1800
41,1801
37,1803
40,1803
52,1803
38,1804
43,1806
14,1808
15,1808
1,1809
44,1810
45,1810
2,1811
4,1811
7,1811
1,1812
94,1812
28,1814
1,1815
68,1815
2,1816
62,1816
24,1818
75,1818
80,1818
21,1819
43,1819
2,1820
3,1823
62,1823
1,1825
59,1825
96,1826
82,1827
1,1828
6,1828
2,1829
2,1830
1,1832
52,1832
2,1833
75,1833
94,1836
22,1838
98,1839
58,1841
55,1842
52,1843
84,1844
91,1844
33,1845
28,1848
92,1850
3,1851
5,1853
5,1854
96,1854
4,1855
24,1855
3,1856
16,1856
4,1858
47,1858
60,1858
49,1859
8,1860
45,1861
89,1862
80,1863
20,1864
17,1865
79,1865
87,1865
46,1866
1,1867
6,1868
1,1869
83,1869
2,1870
6,1870
9,1871
98,1872
1,1873
2,1874
2,1875
19,1876
47,1876
49,1876
1,1877
2,1878
20,1879
1,1880
2,1882
3,1882
26,1882
6,1883
1,1884
2,1886
18,1887
67,1887
14,1888
40,1888
44,1888
20,1889
34,1890
42,1890
48,1890
70,1891
75,1891
14,1893
12,1894
26,1895
66,1896
99,1896
3,1897
12,1897
55,1897
63,1898
72,1901
10,1902
48,1902
58,1902
1,1903
4,1903
55,1903
79,1903
2,1904
3,1905
33,1905
44,1905
1,1906
5,1906
14,1906
74,1906
43,1907
2,1908
5,1908
1,1909
67,1909
2,1910
4,1912
29,1912
98,1912
19,1914
14,1915
16,1915
25,1916
67,1920
3,1921
5,1923
4,1925
99,1925
4,1926
15,1926
5,1928
30,1928
44,1932
86,1932
3,1933
52,1933
92,1933
46,1935
47,1936
69,1936
91,1936
30,1937
85,1937
29,1938
23,1939
46,1940
76,1941
16,1943
73,1943
63,1944
22,1945
53,1945
31,1946
11,1947
31,1947
84,1948
15,1951
96,1953
66,1954
67,1954
62,1955
1,1957
50,1957
2,1958
29,1958
82,1958
83,1958
97,1960
19,1961
38,1962
89,1962
93,1964
1,1965
73,1965
2,1967
37,1968
43,1968
60,1968
1,1969
18,1969
64,1969
23,1970
57,1970
100,1971
2,1973
58,1973
73,1973
86,1975
8,1976
9,1977
98,1977
20,1978
42,1978
26,1979
40,1980
76,1980
27,1983
66,1984
30,1985
39,1986
59,1987
81,1987
8,1988
26,1989
13,1990
64,1990
37,1993
76,1993
74,1994
86,1995
88,1996
60,1997
65,1997
20,1998
25,1998
62,1998
21,1999
39,1999
93,2003
8,2004
20,2004
76,2004
32,2005
70,2005
41,2007
21,2009
6,2010
90,2010
9,2011
7,2014
59,2014
92,2014
15,2015
26,2016
82,2016
52,2017
61,2017
90,2020
12,2021
63,2022
97,2022
81,2023
30,2024
25,2025
33,2025
87,2026
93,2026
8,2028
66,2028
88,2028
34,2029
8,2031
52,2031
3,2032
25,2032
31,2032
73,2032
4,2034
5,2035
49,2035
5,2036
49,2036
59,2037
4,2039
43,2039
3,2040
17,2040
43,2041
23,2043
98,2043
1,2045
3,2045
17,2045
5,2046
2,2048
89,2048
1,2049
75,2049
1,2050
5,2050
13,2050
4,2051
8,2051
33,2051
2,2052
3,2053
18,2053
2,2054
4,2054
84,2054
89,2055
52,2056
79,2058
58,2059
87,2060
42,2061
82,2063
75,2065
49,2066
69,2068
12,2070
37,2071
7,2072
45,2075
61,2075
96,2075
23,2076
66,2076
37,2077
47,2077
83,2079
84,2080
29,2081
18,2082
76,2083
91,2084
69,2085
1,2086
17,2087
62,2087
74,2087
1,2088
2,2089
3,2089
49,2089
77,2089
1,2090
51,2090
75,2090
2,2091
5,2092
44,2092
2,2093
7,2095
4,2097
41,2097
86,2097
25,2098
34,2098
32,2099
3,2101
16,2101
93,2101
4,2102
38,2102
29,2103
5,2104
32,2108
70,2109
12,2111
53,2111
74,2114
60,2115
98,2117
88,2118
1,2119
79,2119
80,2120
98,2120
1,2121
58,2122
13,2123
2,2124
48,2125
21,2126
2,2127
1,2128
28,2128
74,2129
32,2131
2,2132
48,2132
25,2134
23,2137
81,2137
44,2138
60,2138
17,2139
47,2139
22,2140
80,2140
3,2142
75,2142
4,2143
9,2143
66,2143
4,2144
26,2144
3,2148
14,2148
62,2149
5,2150
94,2150
10,2151
23,2151
78,2152
88,2152
64,2153
5,2154
18,2155
12,2156
41,2156
48,2157
99,2157
15,2158
73,2162
75,2163
40,2164
44,2166
97,2168
25,2169
43,2172
60,2172
3,2173
22,2173
76,2175
1,2177
76,2177
26,2178
1,2179
2,2180
2,2181
50,2181
1,2184
4,2184
51,2184
3,2185
58,2187
2,2188
37,2188
5,2189
4,2191
5,2192
3,2194
4,2194
35,2194
5,2195
32,2195
85,2195
25,2196
4,2197
17,2198
3,2200
17,2200
4,2204
33,2204
41,2204
43,2204
5,2205
44,2208
22,2209
59,2209
38,2210
34,2212
74,2212
9,2213
76,2214
75,2216
50,2217
1,2220
6,2221
92,2221
2,2222
34,2222
88,2222
81,2224
88,2224
85,2226
1,2227
40,2227
56,2227
6,2228
39,2229
69,2229
2,2231
8,2231
1,2232
43,2232
68,2232
93,2233
69,2235
2,2236
16,2238
1,2239
38,2240
2,2241
3,2241
73,2241
44,2242
22,2243
73,2243
1,2244
47,2244
59,2245
2,2246
18,2246
54,2246
61,2247
1,2248
2,2249
18,2249
3,2250
40,2250
58,2250
5,2251
48,2252
63,2252
71,2252
88,2252
4,2253
48,2255
1,2256
18,2257
27,2257
1,2258
5,2258
35,2258
75,2258
83,2261
50,2263
2,2264
3,2264
2,2265
1,2266
4,2266
2,2267
58,2267
80,2267
65,2268
42,2269
25,2270
97,2270
49,2273
64,2273
90,2274
64,2275
31,2276
76,2276
19,2277
34,2277
67,2277
35,2278
62,2278
49,2281
66,2281
8,2282
76,2284
50,2285
46,2286
79,2287
44,2288
80,2289
30,2290
60,2291
64,2291
22,2292
57,2292
55,2293
30,2295
25,2296
87,2298
33,2299
32,2300
54,2300
32,2301
14,2302
18,2302
72,2303
64,2304
97,2305
5,2308
49,2309
79,2309
18,2311
21,2313
27,2313
44,2313
91,2313
3,2314
5,2316
72,2316
93,2316
5,2317
26,2317
4,2318
4,2319
54,2321
75,2321
55,2322
8,2323
73,2323
3,2325
1,2326
3,2326
29,2326
4,2327
3,2329
1,2330
5,2330
30,2330
4,2331
2,2332
22,2332
1,2333
36,2333
5,2334
2,2336
39,2336
2,2337
67,2337
56,2338
91,2338
3,2340
38,2340
61,2340
4,2341
4,2342
73,2342
82,2342
27,2343
92,2343
63,2345
5,2346
79,2346
3,2347
5,2350
25,2351
41,2351
52,2351
68,2351
88,2351
91,2351
49,2352
9,2353
31,2353
64,2353
38,2357
47,2357
31,2358
99,2358
72,2359
60,2360
97,2360
49,2361
64,2361
27,2364
45,2365
32,2366
67,2366
3,2369
86,2369
76,2370
24,2373
25,2373
63,2373
26,2374
4,2375
47,2375
4,2376
61,2376
68,2376
19,2377
22,2377
54,2379
9,2380
5,2381
78,2381
3,2382
65,2382
5,2383
83,2384
43,2385
70,2385
85,2385
89,2385
93,2385
69,2387
85,2387
98,2387
70,2388
39,2392
81,2392
61,2393
64,2394
82,2394
8,2396
47,2396
92,2397
8,2399
79,2400
79,2401
54,2402
42,2404
60,2405
78,2410
58,2411
80,2413
95,2413
13,2414
82,2417
45,2419
76,2419
33,2421
49,2421
3,2422
43,2422
11,2423
13,2423
4,2424
34,2424
5,2425
49,2425
14,2426
31,2428
71,2428
85,2428
8,2430
5,2431
94,2431
14,2432
1,2433
41,2433
4,2434
52,2434
2,2435
3,2435
9,2435
97,2436
1,2437
17,2438
58,2438
2,2439
20,2439
1,2440
19,2440
2,2441
59,2441
88,2442
65,2443
30,2446
38,2446
38,2447
80,2448
91,2448
17,2449
44,2449
50,2449
65,2450
16,2451
34,2451
22,2453
68,2453
20,2455
25,2456
60,2456
26,2457
34,2457
52,2457
68,2457
9,2458
17,2458
1,2459
25,2459
1,2460
2,2461
44,2461
1,2462
40,2462
2,2463
39,2463
64,2463
2,2464
98,2465
1,2466
46,2466
1,2467
2,2468
15,2468
2,2469
24,2469
1,2470
33,2470
65,2470
2,2471
24,2471
8,2472
26,2472
40,2472
25,2475
35,2475
31,2478
69,2478
82,2478
41,2480
3,2481
62,2483
6,2484
5,2485
35,2485
4,2486
4,2487
65,2487
5,2488
25,2488
43,2488
68,2489
3,2490
8,2490
3,2491
4,2493
82,2494
3,2495
60,2495
80,2495
5,2496
5,2497
72,2497
65,2498
26,2499
4,2500
87,2500
61,2501
50,2502
76,2502
38,2504
46,2504
58,2504
3,2507
56,2507
96,2507
4,2508
68,2508
90,2508
1,2509
5,2509
63,2509
5,2510
70,2510
19,2511
61,2511
3,2512
25,2512
2,2513
4,2513
1,2514
3,2514
1,2515
4,2515
2,2516
2,2517
4,2517
32,2517
57,2517
82,2517
3,2519
5,2520
20,2520
71,2520
79,2520
5,2521
57,2522
3,2524
7,2524
54,2524
77,2524
91,2524
4,2525
3,2526
18,2526
5,2528
95,2528
17,2529
4,2530
54,2530
14,2531
5,2532
89,2534
3,2536
48,2536
78,2536
40,2537
22,2538
63,2539
69,2539
24,2542
46,2542
47,2544
72,2544
12,2545
68,2545
70,2546
85,2547
16,2548
97,2549
3,2550
46,2550
4,2551
52,2551
4,2552
3,2553
33,2553
58,2554
88,2554
45,2555
5,2557
21,2557
5,2558
47,2559
67,2559
19,2560
80,2562
70,2566
82,2566
36,2567
1,2568
16,2568
52,2568
1,2569
2,2570
41,2570
68,2571
2,2573
18,2573
95,2573
1,2575
43,2575
75,2576
87,2576
92,2577
2,2578
15,2578
37,2578
50,2578
83,2578
11,2580
81,2580
54,2581
60,2581
53,2582
56,2582
59,2582
44,2587
95,2587
99,2587
97,2590
7,2592
99,2593
65,2594
25,2595
68,2596
85,2597
3,2602
12,2602
81,2603
100,2604
80,2604
5,2606
90,2606
4,2607
15,2607
80,2607
3,2608
4,2610
11,2610
61,2610
62,2610
75,2610
87,2610
88,2610
5,2611
64,2611
88,2611
22,2613
88,2613
95,2613
53,2615
8,2616
70,2616
92,2616
72,2617
32,2618
18,2620
23,2620
62,2620
1,2621
2,2622
3,2622
52,2623
24,2624
1,2625
4,2625
17,2625
91,2625
2,2626
73,2626
1,2627
3,2628
31,2628
55,2628
2,2629
5,2633
79,2633
5,2634
41,2634
49,2635
4,2637
36,2639
3,2641
4,2642
21,2642
4,2644
90,2645
5,2646
43,2646
5,2647
25,2648
64,2648
3,2649
22,2649
10,2650
4,2652
22,2654
85,2655
16,2657
66,2657
81,2657
98,2657
32,2658
57,2658
39,2659
49,2659
31,2661
4,2663
30,2663
16,2664
19,2664
36,2664
70,2664
13,2665
33,2665
34,2665
60,2665
68,2666
3,2667
12,2667
53,2667
83,2667
88,2669
94,2669
89,2670
5,2671
4,2673
4,2674
42,2674
99,2674
3,2676
40,2676
5,2677
97,2677
54,2679
82,2679
34,2680
85,2682
12,2685
68,2686
78,2686
94,2688
9,2689
28,2689
60,2689
84,2691
35,2692
63,2692
56,2694
82,2695
37,2696
70,2696
23,2697
42,2698
81,2698
3,2699
19,2699
29,2699
39,2699
43,2700
4,2703
32,2704
46,2705
5,2706
5,2707
30,2707
55,2707
3,2708
58,2708
26,2709
37,2710
68,2710
9,2712
41,2712
4,2713
89,2713
99,2713
13,2714
11,2715
18,2715
49,2715
43,2716
71,2716
52,2717
63,2717
8,2718
31,2718
31,2719
77,2719
85,2719
89,2719
52,2720
90,2720
1,2721
24,2721
13,2722
2,2723
16,2725
71,2725
5,2726
6,2727
8,2727
100,2728
1,2729
45,2729
2,2730
43,2730
70,2730
97,2730
100,2731
3,2732
41,2732
1,2733
2,2734
4,2734
31,2734
3,2735
61,2735
62,2735
5,2736
4,2737
97,2737
67,2738
5,2739
93,2741
36,2742
63,2742
95,2742
66,2743
86,2743
3,2745
13,2745
4,2746
50,2746
95,2746
77,2747
86,2747
98,2747
56,2748
9,2749
56,2749
4,2750
3,2751
8,2752
30,2752
52,2754
96,2754
5,2755
33,2755
5,2756
13,2756
40,2756
1,2757
2,2758
15,2758
91,2758
44,2759
3,2761
97,2761
4,2762
89,2762
1,2763
61,2763
3,2764
93,2764
69,2765
1,2766
2,2767
16,2767
5,2768
96,2768
2,2769
82,2769
94,2769
5,2770
10,2770
58,2770
83,2770
4,2771
61,2772
79,2773
86,2773
89,2773
74,2774
3,2775
72,2775
4,2777
24,2777
20,2778
5,2779
51,2779
4,2780
23,2780
3,2781
5,2782
8,2783
96,2785
66,2786
73,2786
50,2789
98,2789
95,2790
1,2791
1,2792
2,2793
2,2794
10,2794
30,2794
1,2796
3,2796
48,2796
87,2796
5,2797
2,2798
4,2798
3,2799
41,2799
27,2800
4,2801
5,2802
3,2803
6,2803
29,2804
5,2805
81,2805
4,2807
54,2807
69,2807
4,2809
11,2809
3,2810
88,2811
5,2812
96,2814
23,2815
28,2815
73,2815
77,2816
98,2816
1,2817
58,2817
2,2818
3,2818
12,2818
90,2818
54,2819
65,2819
1,2820
4,2820
2,2821
4,2822
12,2823
68,2823
1,2824
5,2824
65,2824
82,2824
91,2824
2,2825
37,2825
66,2825
40,2827
65,2827
3,2830
100,2831
42,2831
5,2833
12,2833
41,2833
63,2834
93,2834
23,2835
12,2839
15,2839
23,2839
89,2841
13,2842
21,2846
68,2846
31,2848
1,2850
2,2851
1,2852
32,2852
1,2853
2,2855
58,2855
29,2857
57,2857
2,2858
47,2858
1,2860
41,2860
1,2863
2,2864
1,2865
90,2865
2,2866
36,2866
2,2867
91,2868
10,2870
59,2871
34,2872
82,2872
3,2874
55,2874
82,2874
4,2875
92,2877
5,2879
14,2879
25,2880
68,2880
46,2881
5,2882
20,2883
45,2883
46,2883
3,2884
54,2884
51,2885
4,2886
37,2886
59,2886
16,2887
50,2887
3,2888
99,2888
100,2889
4,2890
5,2891
63,2891
32,2892
89,2892
3,2893
25,2893
60,2893
5,2894
57,2894
1,2895
4,2895
100,2897
35,2898
80,2899
94,2899
100,2900
45,2901
73,2901
23,2902
70,2902
68,2904
69,2904
96,2905
39,2909
81,2910
19,2912
10,2913
67,2913
10,2915
50,2917
75,2917
14,2918
63,2918
6,2919
23,2919
31,2919
72,2919
48,2920
39,2921
37,2923
46,2923
26,2925
39,2925
55,2927
85,2927
47,2928
82,2929
51,2932
53,2934
65,2935
84,2935
14,2936
49,2936
87,2937
49,2938
1,2939
9,2940
32,2941
62,2941
1,2942
41,2942
2,2943
2,2944
1,2945
2,2947
16,2947
24,2949
73,2950
65,2952
46,2953
59,2954
64,2955
8,2957
81,2957
13,2958
76,2958
44,2959
95,2959
13,2960
86,2960
87,2960
75,2963
15,2964
53,2964
55,2964
70,2964
81,2964
23,2965
38,2965
6,2966
84,2968
95,2969
50,2970
33,2971
66,2971
42,2972
98,2972
76,2973
88,2973
23,2975
88,2976
89,2976
26,2978
83,2978
81,2979
23,2980
11,2981
47,2981
57,2981
1,2983
3,2986
45,2986
85,2986
5,2987
8,2987
5,2988
26,2988
53,2988
4,2991
57,2993
4,2994
29,2994
25,2995
38,2995
83,2995
21,2996
77,2996
3,2997
72,2998
79,2998
68,3002
50,3004
6,3005
28,3005
86,3007
73,3008
90,3009
3,3010
4,3011
43,3011
95,3011
41,3012
59,3013
5,3014
11,3014
97,3014
1,3015
6,3015
1,3016
3,3016
2,3017
4,3017
1,3019
68,3019
5,3020
29,3021
54,3021
2,3022
23,3022
51,3022
2,3023
54,3025
28,3026
22,3027
99,3027
12,3031
92,3031
59,3032
3,3034
95,3034
4,3035
3,3036
43,3036
5,3037
34,3037
76,3037
4,3038
64,3038
83,3038
10,3040
27,3040
5,3041
96,3041
91,3042
30,3043
54,3043
93,3045
3,3047
93,3047
1,3048
63,3048
79,3049
25,3050
71,3050
4,3051
43,3051
5,3052
78,3052
3,3054
62,3054
5,3056
82,3056
4,3057
73,3057
10,3058
58,3058
96,3059
28,3061
91,3064
24,3067
34,3067
35,3067
42,3068
48,3073
66,3074
75,3074
33,3075
23,3076
58,3078
59,3080
46,3081
54,3082
5,3083
65,3086
7,3088
8,3088
53,3091
85,3091
51,3092
76,3092
36,3094
3,3097
25,3097
76,3099
5,3100
52,3100
72,3100
5,3101
35,3101
4,3103
19,3103
79,3103
3,3104
97,3104
4,3105
93,3106
1,3108
1,3109
27,3110
33,3111
25,3112
41,3112
96,3113
82,3114
2,3115
2,3116
1,3117
89,3118
99,3118
2,3119
92,3119
38,3121
59,3121
45,3123
81,3123
9,3125
51,3126
27,3127
69,3127
56,3128
43,3129
7,3130
51,3130
13,3132
50,3132
57,3135
34,3137
99,3137
1,3139
1,3140
35,3140
2,3141
55,3141
59,3141
65,3141
2,3142
1,3144
32,3144
51,3144
2,3146
8,3147
6,3148
32,3149
38,3149
69,3150
70,3150
3,3151
61,3151
40,3154
99,3154
32,3155
10,3156
6,3160
9,3160
9,3163
3,3164
60,3164
73,3164
5,3165
23,3165
4,3166
52,3166
4,3167
46,3167
93,3167
5,3169
37,3169
66,3171
89,3171
97,3171
3,3172
62,3173
70,3174
52,3175
88,3175
86,3178
60,3181
3,3182
17,3182
5,3183
4,3184
27,3184
82,3187
48,3188
3,3189
55,3189
89,3189
5,3190
7,3190
4,3191
40,3192
59,3194
83,3194
13,3195
47,3195
93,3195
21,3196
38,3196
59,3196
43,3197
91,3197
20,3198
74,3198
75,3200
80,3201
82,3201
19,3202
20,3202
32,3205
41,3206
15,3207
16,3208
47,3209
69,3210
39,3212
85,3215
27,3217
40,3217
47,3217
35,3219
89,3220
96,3220
10,3221
4,3224
58,3227
92,3227
44,3228
99,3230
65,3231
27,3232
24,3234
50,3234
42,3237
100,3238
71,3238
41,3240
87,3240
62,3242
11,3243
87,3243
40,3247
100,3248
55,3249
33,3250
23,3259
59,3259
60,3259
88,3260
23,3261
82,3261
78,3263
72,3264
72,3267
87,3267
55,3270
30,3271
65,3274
1,3277
9,3277
64,3277
1,3278
66,3278
2,3279
10,3279
2,3280
6,3280
96,3280
1,3281
44,3281
2,3282
3,3282
50,3282
32,3284
4,3286
16,3286
50,3286
3,3287
34,3287
4,3288
10,3288
40,3289
80,3289
90,3289
5,3290
6,3290
10,3290
11,3290
5,3291
59,3295
70,3295
75,3297
78,3297
91,3297
37,3298
8,3299
66,3299
72,3299
80,3299
87,3302
50,3307
72,3308
23,3311
53,3311
28,3312
9,3313
83,3313
96,3313
80,3314
24,3316
81,3316
60,3319
93,3320
77,3321
44,3322
54,3322
58,3324
24,3326
91,3326
97,3326
28,3327
67,3327
1,3328
2,3329
13,3329
1,3331
34,3331
83,3331
41,3332
54,3332
89,3333
1,3336
45,3336
2,3337
2,3338
22,3338
48,3338
27,3339
100,3340
55,3340
95,3340
1,3341
12,3341
1,3342
59,3342
86,3342
2,3346
29,3346
3,3347
73,3347
1,3348
5,3348
38,3348
2,3349
2,3350
6,3350
4,3351
15,3351
27,3352
55,3352
66,3352
5,3353
79,3353
3,3354
4,3355
30,3356
60,3356
88,3356
95,3357
48,3358
64,3358
67,3360
17,3361
82,3362
26,3366
8,3367
70,3367
75,3367
38,3368
54,3368
48,3369
57,3369
15,3370
26,3370
28,3371
85,3371
35,3373
60,3373
95,3373
23,3374
69,3374
32,3375
18,3376
18,3379
45,3379
48,3379
65,3379
90,3379
14,3380
63,3382
28,3384
41,3384
47,3384
49,3384
3,3385
38,3385
24,3386
56,3386
1,3388
31,3388
1,3389
2,3390
4,3391
46,3391
5,3393
49,3393
2,3394
1,3395
2,3396
1,3397
39,3397
95,3397
1,3398
2,3399
3,3399
63,3399
2,3400
4,3400
1,3401
92,3401
42,3403
2,3404
17,3404
27,3404
5,3407
60,3407
93,3407
26,3411
50,3411
19,3412
42,3412
54,3412
69,3412
61,3413
78,3413
61,3414
83,3414
19,3417
34,3417
45,3417
81,3417
77,3418
77,3419
6,3420
23,3420
3,3421
4,3423
5,3424
3,3425
96,3425
5,3426
21,3426
89,3426
4,3427
93,3427
15,3428
22,3428
43,3428
89,3428
92,3428
1,3430
28,3430
59,3432
84,3432
15,3433
81,3433
2,3434
3,3434
75,3434
1,3435
23,3436
4,3437
20,3437
1,3438
3,3438
94,3438
2,3439
4,3439
13,3439
2,3440
5,3440
21,3440
65,3440
81,3440
87,3440
81,3441
5,3442
35,3443
38,3444
43,3444
36,3445
37,3445
79,3445
27,3446
61,3446
36,3447
53,3447
77,3447
33,3448
94,3448
71,3449
99,3450
46,3452
74,3452
34,3456
10,3460
65,3461
7,3462
9,3462
87,3462
81,3463
93,3464
100,3466
56,3467
66,3467
43,3469
3,3470
42,3470
57,3470
79,3470
47,3471
5,3472
13,3473
17,3473
4,3474
92,3474
1,3475
4,3475
24,3475
62,3476
65,3476
34,3477
29,3478
91,3478
1,3479
5,3479
7,3479
2,3480
100,3481
3,3481
42,3481
2,3482
40,3482
84,3484
1,3485
97,3485
2,3486
93,3486
72,3488
15,3489
25,3489
58,3489
42,3493
90,3494
41,3499
28,3500
13,3501
3,3503
31,3504
5,3505
22,3506
75,3506
4,3507
68,3507
81,3508
60,3509
41,3510
56,3510
83,3511
3,3512
10,3512
1,3513
5,3513
50,3513
58,3513
4,3514
1,3515
3,3515
91,3515
2,3517
5,3517
62,3517
1,3518
20,3518
4,3519
14,3519
4,3520
14,3520
55,3521
2,3522
2,3523
5,3523
19,3524
19,3525
21,3525
24,3525
31,3525
18,3526
48,3526
3,3527
1,3528
50,3529
78,3529
56,3530
1,3532
8,3532
62,3532
63,3532
76,3532
79,3532
2,3533
84,3533
90,3533
2,3534
48,3534
1,3535
34,3535
2,3536
35,3536
65,3536
84,3539
7,3540
49,3540
63,3541
83,3541
41,3543
1,3544
3,3544
4,3545
23,3546
34,3546
4,3547
3,3548
84,3548
1,3549
5,3550
14,3550
53,3550
85,3550
2,3551
5,3551
34,3551
1,3552
32,3552
54,3553
71,3553
49,3554
76,3554
80,3554
2,3556
2,3557
88,3557
1,3558
69,3558
2,3559
75,3559
37,3561
6,3562
52,3562
1,3563
86,3564
2,3565
18,3565
36,3565
72,3565
1,3566
9,3566
36,3566
2,3568
93,3568
25,3570
16,3573
84,3573
19,3575
13,3576
24,3577
77,3578
3,3579
56,3579
4,3580
49,3580
5,3581
66,3581
4,3583
57,3583
60,3583
93,3583
5,3584
97,3586
1,3587
2,3587
3,3587
16,3588
49,3588
2,3589
78,3589
1,3590
25,3590
32,3590
93,3590
1,3592
23,3592
33,3592
44,3592
47,3592
58,3594
24,3595
73,3595
81,3595
28,3597
42,3597
50,3597
58,3597
2,3598
24,3598
33,3598
52,3598
2,3599
37,3599
67,3600
83,3600
55,3602
42,3603
13,3604
41,3604
16,3605
61,3605
1,3606
42,3606
1,3608
3,3608
66,3608
71,3611
2,3612
79,3612
1,3613
98,3613
2,3614
66,3614
94,3614
100,3615
2,3615
92,3616
92,3618
8,3619
51,3619
8,3621
68,3623
85,3623
42,3624
99,3624
50,3625
82,3626
61,3629
59,3631
68,3631
96,3633
63,3634
69,3634
19,3635
35,3636
56,3636
8,3637
57,3640
46,3641
60,3643
10,3644
83,3646
83,3649
46,3650
67,3652
44,3653
56,3653
65,3653
90,3653
1,3654
45,3655
78,3655
15,3656
24,3657
45,3657
86,3657
2,3658
1,3659
56,3659
63,3661
2,3662
9,3662
1,3664
46,3664
50,3664
99,3664
2,3667
80,3668
94,3668
82,3671
90,3672
92,3672
19,3677
100,3679
95,3680
64,3681
26,3682
47,3682
61,3682
99,3682
19,3683
52,3683
91,3684
64,3685
44,3688
32,3690
60,3691
97,3692
62,3694
63,3696
32,3698
38,3698
44,3698
30,3699
34,3699
50,3699
52,3699
89,3700
40,3701
32,3702
43,3702
59,3703
1,3704
43,3704
63,3704
1,3705
50,3705
41,3707
67,3707
67,3709
2,3710
1,3711
2,3712
40,3712
2,3713
76,3714
56,3716
1,3718
89,3718
1,3719
13,3719
29,3721
78,3721
57,3722
2,3724
95,3724
1,3725
3,3725
2,3727
4,3727
51,3729
2,3730
4,3730
16,3730
42,3730
3,3731
5,3732
56,3732
73,3732
5,3733
15,3733
75,3733
22,3734
14,3735
46,3735
71,3735
51,3736
38,3738
47,3739
5,3744
15,3744
84,3745
95,3746
42,3748
1,3750
58,3750
2,3751
1,3752
3,3752
1,3753
4,3753
50,3753
4,3754
100,3755
66,3755
2,3756
32,3756
85,3756
68,3757
2,3758
73,3759
94,3760
17,3761
64,3761
33,3762
86,3762
3,3763
15,3763
24,3763
57,3763
72,3764
5,3765
81,3765
27,3766
1,3767
1,3768
14,3768
2,3769
18,3769
67,3769
1,3771
5,3771
55,3771
2,3772
60,3772
2,3773
45,3773
84,3775
76,3777
63,3779
84,3779
58,3781
18,3782
40,3783
90,3783
29,3784
61,3784
25,3786
27,3786
28,3786
97,3787
96,3788
93,3789
23,3790
24,3792
65,3792
96,3792
82,3793
3,3794
1,3795
33,3795
4,3796
2,3797
3,3797
33,3797
62,3797
78,3797
1,3798
5,3798
82,3798
84,3798
2,3799
4,3799
16,3799
71,3800
84,3800
1,3801
2,3802
42,3802
95,3802
10,3803
97,3803
51,3804
5,3805
63,3806
46,3807
89,3807
49,3809
18,3810
57,3810
3,3811
20,3811
50,3811
74,3811
4,3813
73,3813
81,3813
96,3813
5,3814
21,3814
4,3815
39,3815
51,3815
3,3816
5,3817
15,3817
75,3817
26,3818
52,3818
96,3821
7,3823
8,3823
51,3823
27,3825
14,3828
3,3829
51,3831
4,3832
78,3832
5,3835
70,3836
93,3836
39,3837
8,3838
72,3838
76,3838
4,3840
5,3841
3,3842
22,3842
49,3842
90,3842
12,3843
18,3844
42,3844
28,3845
73,3845
3,3846
7,3848
15,3848
5,3849
4,3850
28,3851
71,3851
3,3852
81,3852
4,3853
43,3853
19,3854
5,3855
14,3855
52,3855
77,3856
49,3857
50,3859
82,3859
11,3860
99,3860
47,3861
90,3861
74,3862
88,3862
95,3864
69,3865
12,3867
13,3869
13,3870
60,3870
61,3873
9,3874
14,3874
65,3874
76,3874
63,3876
42,3877
72,3877
1,3878
60,3878
1,3879
40,3879
63,3880
95,3880
2,3881
20,3881
96,3881
2,3882
42,3882
62,3882
1,3883
8,3883
2,3884
3,3885
20,3886
24,3886
76,3886
4,3887
3,3889
73,3889
77,3889
78,3889
4,3890
1,3891
5,3892
2,3893
5,3893
7,3893
65,3893
17,3894
34,3895
1,3896
15,3896
71,3896
2,3897
10,3897
1,3898
41,3898
48,3898
72,3898
25,3899
2,3902
3,3902
5,3903
73,3903
30,3904
43,3904
66,3904
89,3904
92,3906
4,3907
6,3907
4,3909
35,3910
42,3910
95,3910
3,3911
25,3911
45,3911
58,3911
81,3911
5,3912
14,3913
79,3913
23,3914
66,3914
37,3915
74,3917
62,3920
3,3921
24,3921
28,3921
61,3921
5,3923
49,3923
37,3924
4,3925
14,3925
25,3925
5,3926
3,3927
27,3927
81,3928
4,3929
69,3931
76,3932
97,3932
15,3933
20,3933
28,3933
71,3933
24,3934
43,3934
81,3934
57,3935
62,3937
24,3938
97,3938
39,3939
68,3939
74,3939
61,3940
92,3941
95,3943
16,3944
62,3944
57,3945
65,3947
84,3947
74,3949
85,3949
8,3950
12,3950
35,3950
78,3950
97,3950
82,3951
37,3953
31,3954
66,3955
93,3955
23,3957
17,3961
93,3964
32,3965
39,3965
73,3965
54,3967
27,3969
30,3970
34,3970
66,3971
13,3972
76,3972
21,3973
55,3973
35,3974
99,3976
68,3977
70,3978
32,3979
54,3980
76,3984
1,3985
7,3985
13,3986
23,3986
68,3987
95,3987
56,3988
78,3988
98,3988
23,3989
26,3989
6,3990
32,3991
92,3991
6,3992
38,3992
53,3994
93,3994
48,3995
16,3997
21,3997
75,3997
93,3997
38,3998
33,4003
86,4003
16,4005
87,4005
3,4006
4,4008
5,4010
5,4011
66,4011
3,4012
34,4013
37,4013
58,4013
4,4014
71,4014
98,4015
40,4016
35,4017
93,4019
58,4020
83,4020
97,4021
47,4023
62,4023
8,4025
24,4025
93,4025
97,4025
81,4027
54,4029
95,4029
1,4032
3,4032
87,4032
63,4033
1,4034
52,4034
77,4034
2,4035
4,4035
94,4036
1,4037
64,4037
2,4038
5,4038
88,4038
2,4039
3,4039
77,4040
5,4041
13,4042
45,4042
35,4043
86,4043
100,4044
4,4045
34,4046
59,4047
41,4048
16,4050
1,4052
20,4052
11,4053
1,4054
2,4055
91,4055
70,4057
73,4057
58,4058
86,4058
40,4059
55,4059
87,4059
87,4060
2,4061
57,4061
1,4062
64,4064
15,4065
2,4066
65,4067
21,4068
50,4069
56,4069
88,4069
94,4069
18,4070
63,4070
78,4071
97,4071
75,4072
31,4073
70,4073
87,4073
34,4075
97,4076
72,4077
37,4078
55,4079
3,4081
4,4083
5,4084
21,4084
32,4084
38,4084
43,4085
61,4085
100,4086
3,4086
80,4086
5,4087
58,4087
84,4087
4,4088
38,4091
7,4092
19,4092
99,4092
80,4093
69,4095
74,4095
76,4095
99,4096
96,4097
44,4100
53,4100
40,4101
63,4102
93,4102
94,4102
44,4104
62,4105
33,4106
23,4108
50,4108
80,4113
96,4113
83,4115
64,4116
90,4117
67,4118
38,4122
67,4122
71,4125
49,4126
13,4127
1,4128
64,4128
54,4129
1,4130
98,4133
3,4134
18,4134
77,4134
99,4134
5,4135
61,4135
4,4136
19,4136
2,4137
62,4137
5,4138
99,4138
1,4139
2,4140
80,4140
2,4141
21,4143
78,4143
96,4143
4,4144
3,4145
61,4147
65,4149
76,4149
22,4150
54,4150
76,4150
88,4150
45,4154
1,4155
1,4156
13,4156
50,4156
58,4156
70,4156
55,4157
2,4159
2,4160
97,4160
1,4161
55,4161
70,4161
2,4162
56,4165
58,4166
79,4167
11,4168
90,4169
97,4169
86,4170
89,4171
47,4173
67,4174
87,4174
31,4177
48,4178
60,4178
69,4178
35,4182
38,4182
48,4182
15,4183
27,4183
59,4183
22,4184
47,4184
92,4187
1,4188
44,4189
69,4189
1,4190
3,4190
87,4190
2,4191
4,4192
18,4192
1,4193
2,4194
8,4194
1,4195
5,4195
8,4195
62,4195
80,4195
2,4196
3,4196
75,4196
4,4197
54,4198
5,4199
70,4199
84,4199
85,4200
92,4200
65,4201
5,4202
24,4204
15,4205
24,4205
53,4205
3,4207
24,4208
89,4208
31,4209
4,4210
4,4211
28,4211
41,4211
30,4212
70,4212
91,4212
5,4214
39,4214
33,4215
81,4215
39,4217
57,4218
8,4219
40,4219
13,4220
32,4221
5,4222
3,4223
80,4223
85,4223
42,4224
76,4225
28,4226
64,4226
70,4226
1,4227
1,4228
89,4228
2,4229
6,4229
12,4229
1,4230
87,4230
26,4231
43,4232
54,4232
90,4233
2,4235
67,4235
2,4236
73,4237
87,4237
92,4238
2,4239
60,4240
39,4241
44,4242
64,4243
85,4243
89,4243
1,4244
18,4244
21,4248
36,4248
1,4249
77,4250
2,4251
32,4251
2,4252
1,4253
71,4254
2,4255
81,4255
58,4257
9,4258
34,4258
40,4258
58,4258
89,4258
15,4262
79,4262
93,4262
72,4264
81,4264
13,4265
22,4266
58,4266
27,4267
56,4267
39,4269
9,4271
45,4273
85,4273
50,4276
75,4277
37,4278
9,4279
47,4280
3,4281
56,4281
9,4282
29,4282
84,4282
4,4283
28,4284
100,4285
1,4285
93,4285
3,4287
62,4287
2,4288
47,4289
1,4290
2,4291
4,4291
5,4292
14,4292
24,4292
5,4293
1,4294
3,4294
62,4294
89,4294
98,4295
2,4296
13,4296
82,4296
7,4298
19,4298
76,4299
30,4300
78,4301
32,4302
21,4303
59,4303
62,4303
76,4303
91,4303
29,4305
3,4306
1,4307
5,4307
55,4307
4,4308
83,4309
31,4312
1,4313
73,4313
88,4313
75,4314
2,4315
5,4315
49,4315
100,4316
1,4318
56,4318
61,4318
2,4319
4,4319
12,4321
36,4321
3,4322
59,4322
72,4322
2,4323
94,4324
97,4324
30,4326
87,4326
42,4328
1,4332
30,4332
80,4333
70,4334
6,4335
24,4335
89,4335
70,4336
48,4337
96,4338
85,4339
97,4340
27,4343
34,4343
3,4344
38,4344
49,4344
8,4345
26,4346
94,4346
5,4347
46,4348
80,4348
1,4349
23,4350
48,4350
4,4351
98,4351
1,4352
2,4353
3,4354
1,4355
4,4356
38,4356
52,4356
5,4357
94,4357
2,4358
76,4358
2,4359
26,4359
66,4360
8,4361
11,4361
22,4365
63,4367
1,4368
52,4369
53,4369
62,4369
74,4369
1,4370
11,4370
20,4371
70,4371
40,4372
2,4373
2,4374
69,4374
86,4374
31,4375
1,4376
50,4378
37,4379
2,4380
14,4382
9,4383
30,4384
41,4384
57,4384
85,4387
84,4388
20,4389
57,4392
75,4392
88,4392
97,4392
58,4394
30,4395
10,4396
32,4396
48,4396
27,4400
46,4400
76,4400
1,4401
1,4402
3,4402
2,4404
1,4405
5,4405
22,4405
27,4405
2,4406
4,4406
32,4406
2,4407
3,4407
6,4407
5,4408
92,4408
41,4409
61,4409
92,4409
25,4410
4,4411
42,4413
10,4414
45,4414
54,4419
30,4420
85,4420
3,4421
5,4422
14,4422
5,4423
12,4423
4,4424
53,4424
12,4425
57,4426
80,4426
32,4428
3,4429
3,4430
53,4430
57,4430
4,4432
42,4432
68,4432
93,4432
1,4433
23,4433
64,4434
80,4434
88,4434
2,4435
1,4437
1,4438
2,4439
46,4439
68,4439
2,4440
37,4440
8,4441
82,4442
10,4443
18,4444
50,4444
3,4445
1,4446
20,4446
2,4447
4,4447
1,4449
5,4449
5,4450
39,4451
7,4452
12,4452
4,4453
3,4454
67,4455
86,4456
90,4456
2,4457
25,4457
1,4458
90,4458
13,4459
26,4459
43,4459
2,4460
63,4462
76,4462
21,4466
51,4466
16,4467
63,4467
90,4467
98,4467
10,4469
42,4469
60,4470
67,4470
87,4473
7,4475
43,4475
50,4476
70,4476
25,4477
3,4478
49,4478
63,4479
31,4480
52,4481
57,4481
99,4481
5,4482
10,4483
4,4484
4,4486
15,4486
38,4486
3,4487
97,4487
70,4490
5,4491
51,4491
22,4493
47,4495
86,4495
26,4496
32,4496
16,4497
19,4498
31,4498
39,4498
11,4500
1,4505
26,4506
2,4507
88,4507
1,4509
91,4509
14,4510
2,4511
1,4512
69,4512
2,4513
69,4516
90,4516
11,4517
59,4517
34,4518
43,4518
59,4519
74,4519
93,4519
21,4520
58,4520
63,4520
5,4521
94,4521
7,4523
9,4523
15,4523
56,4524
66,4525
98,4525
40,4526
47,4527
51,4528
43,4529
30,4534
95,4535
48,4536
31,4537
36,4537
26,4538
45,4538
38,4539
40,4539
5,4540
12,4540
52,4540
66,4540
30,4541
42,4542
100,4543
31,4543
43,4544
95,4544
41,4546
53,4546
82,4546
33,4548
37,4548
39,4548
65,4548
6,4549
36,4551
41,4552
84,4556
99,4556
80,4557
45,4558
44,4559
27,4560
50,4560
62,4560
90,4560
48,4563
91,4564
9,4565
31,4565
55,4566
43,4567
56,4568
48,4569
55,4569
30,4570
39,4570
83,4570
16,4571
39,4572
81,4572
100,4573
18,4573
92,4573
18,4576
12,4577
22,4577
80,4582
41,4584
26,4586
62,4587
93,4589
82,4591
95,4592
49,4593
82,4594
24,4595
5,4596
6,4596
46,4596
13,4597
53,4597
39,4598
15,4599
68,4599
19,4602
28,4602
98,4604
6,4606
42,4607
46,4608
55,4609
37,4610
76,4610
44,4611
40,4612
39,4613
44,4614
70,4614
3,4615
79,4615
4,4616
49,4616
53,4616
21,4617
59,4617
93,4617
34,4618
60,4618
94,4619
20,4620
68,4621
3,4622
76,4622
4,4623
5,4624
46,4626
5,4627
1,4629
88,4629
1,4630
14,4630
34,4630
85,4630
88,4631
2,4632
17,4634
7,4636
22,4636
34,4636
2,4637
26,4637
29,4637
54,4637
1,4638
21,4638
34,4638
33,4639
52,4639
2,4640
59,4641
63,4641
3,4642
1,4644
4,4644
4,4645
5,4646
42,4646
68,4648
1,4649
3,4649
48,4649
97,4649
2,4650
73,4650
5,4651
16,4651
47,4651
86,4651
62,4652
71,4652
1,4654
62,4654
93,4654
2,4655
55,4655
70,4655
90,4655
2,4656
46,4656
54,4657
75,4658
10,4659
21,4659
99,4659
14,4661
50,4662
68,4663
12,4665
93,4665
24,4666
65,4669
32,4670
36,4670
35,4671
33,4673
79,4673
55,4674
62,4674
92,4674
93,4674
97,4674
98,4674
98,4677
41,4678
64,4678
88,4679
36,4681
10,4682
36,4682
62,4682
67,4682
14,4685
44,4686
61,4686
35,4687
63,4692
87,4692
54,4693
3,4694
4,4695
21,4695
4,4696
34,4697
61,4697
69,4697
91,4698
5,4699
72,4699
3,4700
5,4701
16,4701
15,4702
54,4702
58,4702
1,4703
65,4703
1,4704
29,4704
66,4704
81,4704
3,4705
5,4706
20,4707
24,4707
86,4707
4,4708
2,4709
23,4709
69,4709
2,4710
12,4710
99,4710
37,4711
1,4712
4,4712
2,4713
70,4713
3,4715
5,4716
28,4717
63,4717
26,4718
62,4718
75,4719
66,4721
85,4722
10,4723
25,4724
52,4725
68,4725
13,4728
91,4735
18,4736
52,4736
31,4737
55,4739
95,4740
18,4741
13,4742
29,4742
95,4745
61,4746
69,4746
76,4747
8,4748
94,4748
16,4754
67,4755
56,4756
74,4756
53,4757
28,4758
16,4759
12,4760
80,4763
8,4764
74,4765
75,4765
70,4766
78,4766
98,4766
28,4767
33,4769
57,4769
30,4770
85,4770
14,4771
55,4771
24,4772
28,4773
55,4773
63,4774
84,4776
9,4777
76,4777
94,4778
20,4779
82,4780
95,4781
19,4783
73,4783
84,4783
55,4784
17,4785
11,4788
79,4789
22,4790
46,4791
4,4792
34,4793
90,4794
53,4795
3,4796
21,4798
4,4799
31,4799
4,4800
17,4800
28,4800
33,4800
13,4802
85,4804
36,4805
5,4806
5,4807
67,4807
25,4809
3,4811
43,4811
18,4812
81,4812
3,4813
49,4813
81,4813
4,4815
5,4816
4,4817
5,4818
38,4818
53,4818
3,4819
38,4819
71,4820
16,4821
29,4821
53,4822
88,4822
29,4823
44,4823
79,4823
43,4824
100,4825
35,4825
45,4826
30,4828
74,4828
41,4831
43,4832
50,4834
68,4834
8,4835
16,4837
29,4837
65,4837
3,4838
8,4838
5,4841
42,4842
64,4842
25,4843
4,4845
53,4845
73,4846
5,4847
18,4847
33,4847
23,4848
14,4849
1,4850
4,4850
3,4851
22,4851
62,4851
21,4852
51,4852
16,4853
68,4853
21,4854
42,4856
50,4856
69,4857
91,4858
9,4859
18,4859
73,4859
77,4859
87,4859
11,4860
41,4860
83,4860
31,4864
98,4864
15,4865
44,4866
80,4866
18,4869
39,4869
61,4874
96,4874
20,4875
31,4875
10,4876
25,4877
89,4877
60,4878
80,4878
87,4878
69,4880
3,4881
81,4884
6,4886
29,4886
5,4887
15,4887
45,4887
75,4888
67,4890
73,4890
86,4890
29,4891
34,4891
11,4892
41,4892
65,4895
68,4895
3,4896
74,4896
80,4896
68,4897
11,4899
17,4899
36,4899
42,4899
44,4901
53,4901
3,4902
57,4902
4,4903
93,4903
5,4904
75,4904
17,4905
30,4905
3,4907
17,4907
73,4907
5,4909
62,4910
4,4911
64,4912
1,4913
14,4913
39,4914
1,4915
13,4915
2,4917
99,4918
1,4920
2,4921
18,4921
52,4921
62,4921
79,4921
2,4923
23,4923
44,4923
3,4924
41,4924
4,4926
9,4926
19,4926
5,4927
85,4928
4,4929
9,4931
14,4931
81,4932
3,4933
5,4934
41,4934
64,4934
35,4935
63,4935
32,4939
81,4939
65,4941
10,4942
3,4943
4,4944
34,4944
5,4945
3,4946
4,4948
52,4948
5,4949
57,4950
97,4951
1,4952
26,4953
72,4953
1,4954
41,4954
87,4954
2,4956
72,4957
1,4958
37,4958
99,4959
2,4960
2,4961
22,4961
6,4962
9,4963
15,4963
64,4966
16,4968
35,4968
93,4968
70,4969
1,4970
82,4970
1,4971
5,4971
21,4972
83,4972
2,4973
59,4973
68,4973
71,4973
2,4974
1,4975
54,4975
40,4976
2,4977
49,4977
11,4978
84,4978
44,4981
14,4982
80,4982
69,4983
13,4984
74,4984
64,4987
81,4987
3,4989
38,4989
91,4989
66,4991
4,4992
29,4992
4,4993
62,4993
80,4993
5,4994
69,4994
59,4995
5,4996
77,4996
82,4996
98,4996
7,4997
40,4997
48,4998
89,4998
97,4998
3,4999
35,4999
91,4999
92,4999
77,5000
90,5001
33,5002
91,5003
57,5004
11,5006
66,5006
88,5007
3,5008
4,5009
5,5010
3,5011
46,5011
60,5011
40,5012
5,5016
29,5016
46,5016
48,5018
4,5019
2,5020
28,5021
1,5022
42,5022
59,5022
71,5022
1,5023
13,5023
2,5026
93,5027
1,5028
45,5028
88,5028
29,5029
38,5029
67,5029
2,5030
41,5030
100,5031
2,5031
12,5031
23,5032
14,5033
100,5034
32,5034
71,5036
23,5039
99,5040
74,5042
87,5043
54,5044
29,5046
28,5048
84,5049
6,5051
25,5051
41,5051
55,5053
1,5054
67,5054
97,5054
1,5055
26,5055
2,5056
14,5057
93,5057
54,5058
35,5059
56,5059
68,5059
2,5060
87,5061
1,5062
8,5064
100,5065
2,5065
23,5065
80,5066
28,5067
56,5067
66,5069
94,5069
19,5070
38,5070
1,5071
7,5071
26,5071
46,5072
56,5072
65,5072
1,5073
66,5073
90,5073
2,5075
24,5075
65,5075
67,5075
60,5076
62,5076
70,5076
92,5076
1,5077
2,5078
51,5078
80,5079
2,5080
13,5080
40,5080
65,5081
9,5083
64,5083
86,5083
1,5084
15,5084
36,5084
41,5084
15,5085
30,5085
1,5086
50,5086
2,5087
19,5087
1,5088
35,5088
43,5088
93,5088
45,5089
51,5089
52,5089
2,5090
27,5090
2,5092
69,5093
93,5094
9,5097
28,5098
60,5098
54,5099
74,5099
7,5100
43,5100
98,5101
84,5102
28,5103
35,5103
15,5104
44,5104
93,5104
14,5106
96,5106
98,5107
39,5109
69,5109
1,5111
1,5112
2,5114
7,5115
1,5116
78,5116
80,5116
83,5116
85,5116
39,5117
2,5118
28,5119
85,5119
2,5121
83,5121
30,5122
73,5122
85,5123
49,5124
58,5125
99,5125
11,5126
36,5127
62,5129
43,5130
65,5130
58,5131
82,5132
19,5134
3,5137
18,5137
46,5137
4,5138
10,5138
48,5138
19,5139
5,5141
44,5141
19,5142
31,5142
5,5143
3,5144
53,5144
54,5144
4,5145
36,5150
72,5150
78,5151
55,5154
22,5157
46,5158
70,5159
81,5159
90,5159
47,5161
13,5162
46,5162
84,5162
30,5163
34,5163
31,5164
16,5167
19,5167
96,5167
31,5168
87,5168
11,5176
72,5176
38,5178
76,5178
61,5180
97,5181
12,5183
76,5183
89,5183
36,5185
43,5186
75,5187
78,5189
80,5190
23,5192
55,5192
12,5193
46,5194
89,5194
26,5196
3,5198
80,5198
70,5199
5,5201
4,5203
86,5203
4,5204
5,5205
3,5206
85,5207
69,5208
31,5209
73,5209
60,5211
75,5214
98,5215
18,5216
80,5216
41,5217
57,5218
47,5219
25,5221
29,5221
26,5222
33,5224
64,5224
95,5224
68,5229
19,5232
1,5233
11,5233
35,5233
94,5233
2,5234
1,5235
44,5235
91,5235
2,5236
46,5236
1,5237
12,5238
55,5238
2,5239
23,5240
41,5240
3,5241
4,5242
3,5243
25,5244
65,5244
39,5245
4,5246
82,5246
5,5248
5,5249
19,5249
99,5250
25,5251
68,5251
30,5252
58,5252
62,5252
3,5253
18,5254
16,5255
83,5255
5,5256
85,5256
55,5257
72,5257
4,5258
33,5258
95,5258
5,5259
30,5259
4,5261
66,5262
3,5263
79,5263
98,5263
26,5265
7,5266
59,5267
6,5268
45,5269
100,5273
84,5273
94,5273
98,5275
1,5277
16,5277
27,5277
99,5277
8,5278
95,5278
90,5279
18,5281
45,5281
19,5284
10,5285
7,5286
18,5287
91,5289
32,5290
47,5290
45,5292
48,5292
85,5295
32,5296
42,5296
19,5297
1,5298
90,5298
2,5299
1,5300
88,5301
2,5302
98,5302
19,5306
48,5307
1,5308
87,5309
30,5310
2,5311
87,5311
84,5312
23,5313
24,5317
59,5318
63,5318
20,5319
50,5320
32,5321
41,5321
77,5321
73,5322
10,5323
3,5324
4,5325
5,5326
70,5326
3,5327
67,5327
4,5328
9,5328
74,5329
94,5329
5,5330
42,5332
56,5332
5,5333
36,5333
83,5334
24,5335
49,5337
15,5342
44,5343
60,5343
67,5343
70,5343
3,5344
38,5345
55,5345
4,5346
46,5346
26,5347
76,5347
5,5348
53,5348
3,5349
21,5349
70,5350
5,5351
28,5351
4,5352
61,5352
20,5353
46,5353
79,5353
3,5355
9,5355
59,5355
50,5356
65,5356
4,5357
4,5358
9,5358
43,5358
86,5358
1,5359
3,5359
1,5360
5,5360
77,5360
5,5361
6,5361
57,5361
24,5362
48,5362
6,5363
4,5364
2,5365
9,5365
54,5365
54,5367
2,5368
29,5368
1,5370
2,5372
71,5373
80,5373
100,5376
18,5376
84,5376
41,5377
39,5378
77,5380
33,5381
62,5383
46,5384
63,5384
10,5385
73,5385
12,5386
60,5386
19,5388
94,5388
54,5389
84,5389
44,5390
48,5391
52,5391
86,5391
10,5392
9,5393
33,5395
45,5395
59,5396
56,5397
80,5397
87,5397
89,5397
44,5399
60,5399
25,5400
87,5401
88,5401
10,5403
92,5403
81,5404
71,5405
83,5405
21,5407
79,5408
11,5409
48,5409
16,5410
30,5410
65,5411
57,5413
72,5413
1,5414
44,5414
1,5415
43,5415
2,5416
35,5416
37,5416
47,5416
1,5417
63,5417
100,5418
2,5418
56,5418
28,5419
92,5419
3,5420
43,5420
84,5420
2,5422
4,5423
4,5424
9,5425
97,5425
5,5426
3,5427
83,5427
93,5427
35,5428
86,5428
74,5429
5,5430
62,5430
79,5430
66,5431
92,5432
35,5434
40,5435
35,5437
76,5438
36,5439
74,5440
29,5442
16,5443
60,5443
13,5444
48,5444
55,5446
63,5446
75,5446
13,5447
1,5448
7,5448
2,5449
82,5449
1,5451
23,5452
29,5452
1,5453
71,5453
15,5455
35,5455
2,5458
30,5458
2,5459
22,5459
23,5459
59,5459
27,5461
34,5462
15,5463
22,5463
41,5463
58,5463
69,5464
1,5465
93,5465
2,5467
43,5467
1,5468
69,5468
1,5469
96,5470
2,5471
48,5471
2,5472
15,5472
38,5472
55,5472
2,5473
97,5473
68,5474
3,5475
8,5475
48,5475
56,5476
87,5476
4,5477
5,5478
33,5478
25,5479
3,5480
11,5480
1,5481
51,5481
4,5482
62,5483
5,5484
90,5484
32,5485
85,5486
56,5490
59,5491
58,5497
84,5497
95,5499
27,5500
14,5502
92,5502
79,5503
87,5504
97,5504
24,5505
44,5505
21,5506
30,5507
81,5507
50,5508
34,5509
15,5510
25,5511
82,5511
13,5512
92,5512
31,5513
44,5513
10,5514
20,5514
61,5514
42,5515
27,5516
32,5517
49,5518
82,5519
3,5520
94,5524
5,5526
4,5527
39,5527
5,5528
72,5528
4,5529
12,5529
3,5530
9,5530
61,5530
62,5530
49,5531
52,5533
3,5534
94,5534
92,5535
4,5536
50,5537
97,5538
32,5539
4,5542
27,5542
32,5542
5,5543
3,5544
5,5545
36,5545
38,5546
85,5546
32,5548
34,5550
46,5550
25,5552
95,5553
7,5554
23,5554
46,5554
46,5557
88,5557
48,5559
18,5561
75,5562
65,5563
68,5563
77,5563
14,5564
9,5565
76,5567
81,5567
89,5567
12,5568
77,5569
10,5570
30,5570
37,5570
93,5571
67,5572
65,5575
68,5575
69,5575
52,5576
8,5578
43,5578
26,5580
54,5580
14,5581
36,5582
48,5585
18,5587
55,5587
67,5587
21,5588
67,5590
80,5590
56,5591
100,5592
43,5592
13,5595
21,5596
89,5597
11,5598
12,5598
96,5600
88,5601
3,5602
34,5602
37,5602
4,5603
57,5603
5,5604
4,5605
20,5606
84,5606
3,5607
15,5607
73,5607
21,5608
47,5608
5,5609
92,5609
96,5609
45,5611
21,5616
48,5616
84,5616
89,5617
51,5620
80,5620
52,5621
46,5622
70,5623
76,5623
55,5624
14,5625
81,5625
64,5628
12,5630
38,5630
22,5631
79,5631
94,5631
60,5634
33,5637
53,5642
26,5643
58,5643
83,5644
94,5644
38,5645
79,5645
56,5647
80,5647
81,5647
51,5649
35,5651
87,5652
53,5655
95,5656
97,5656
73,5657
1,5658
42,5658
2,5659
53,5659
99,5659
1,5660
1,5661
80,5661
2,5662
100,5665
40,5665
2,5667
1,5668
2,5669
18,5669
99,5669
1,5671
90,5671
27,5672
1,5674
94,5674
2,5675
75,5677
11,5678
99,5678
2,5680
15,5680
3,5681
38,5681
39,5681
4,5682
79,5682
13,5683
92,5683
3,5684
29,5684
5,5685
21,5686
1,5688
79,5688
2,5689
1,5690
4,5691
1,5692
5,5692
62,5692
63,5692
74,5692
2,5693
62,5693
2,5694
98,5694
14,5696
18,5698
92,5700
73,5701
3,5702
71,5702
86,5702
4,5703
5,5703
5,5704
3,5705
63,5706
80,5706
81,5706
4,5707
18,5707
5,5708
14,5708
28,5708
50,5710
1,5711
1,5712
49,5712
91,5712
3,5713
67,5714
73,5714
31,5715
75,5715
2,5716
32,5716
41,5717
65,5717
74,5717
1,5718
5,5719
2,5720
2,5721
97,5722
4,5723
75,5724
61,5725
77,5725
1,5726
4,5726
69,5727
89,5727
7,5728
2,5729
77,5730
5,5731
1,5732
1,5733
3,5733
20,5734
54,5734
65,5734
2,5735
2,5736
95,5738
98,5738
1,5739
39,5740
2,5741
40,5741
1,5743
3,5743
4,5744
3,5745
18,5745
47,5745
1,5746
5,5746
2,5747
4,5747
2,5749
5,5749
17,5749
62,5751
88,5752
54,5754
61,5754
92,5757
13,5759
86,5759
54,5761
89,5761
16,5762
37,5764
99,5764
26,5766
53,5766
68,5766
20,5770
76,5770
49,5771
35,5772
38,5772
35,5773
70,5773
92,5774
17,5776
79,5776
99,5777
92,5778
100,5779
59,5779
77,5779
1,5780
89,5780
52,5781
64,5781
84,5782
3,5783
25,5783
81,5783
2,5785
1,5788
1,5789
20,5789
2,5791
2,5792
63,5792
7,5793
62,5793
65,5793
84,5793
43,5794
30,5796
98,5796
65,5797
45,5798
94,5798
47,5802
54,5805
78,5805
3,5807
4,5811
1,5812
3,5812
73,5812
5,5813
5,5814
18,5814
98,5815
4,5816
45,5816
95,5816
17,5817
85,5817
91,5817
84,5818
1,5819
2,5820
33,5820
1,5821
99,5821
2,5822
2,5823
1,5824
37,5825
93,5825
10,5826
19,5826
95,5826
12,5828
42,5828
92,5829
93,5829
36,5830
93,5830
59,5834
22,5836
84,5836
24,5837
27,5837
69,5837
3,5839
12,5839
5,5840
6,5840
22,5841
87,5841
88,5841
81,5842
4,5843
61,5843
76,5843
4,5844
20,5844
3,5845
88,5846
96,5847
5,5849
34,5852
6,5853
57,5854
93,5854
37,5855
47,5855
12,5856
53,5856
58,5856
47,5860
77,5860
7,5861
21,5861
93,5861
12,5867
53,5869
37,5871
74,5873
2,5876
27,5876
97,5877
47,5878
73,5880
79,5881
96,5881
19,5882
30,5882
36,5882
43,5883
64,5885
92,5885
21,5890
34,5890
58,5890
1,5892
10,5892
2,5893
1,5894
25,5894
2,5895
100,5896
78,5896
16,5897
38,5897
70,5897
86,5897
36,5898
1,5899
25,5899
83,5899
49,5900
54,5901
2,5902
65,5902
67,5902
93,5902
94,5902
4,5904
19,5904
43,5905
68,5906
86,5906
71,5907
93,5907
34,5908
59,5909
79,5909
12,5911
57,5911
44,5912
6,5913
18,5915
42,5915
61,5915
85,5915
23,5916
24,5916
7,5917
18,5917
82,5917
42,5919
71,5920
78,5920
57,5921
37,5924
59,5924
40,5926
44,5926
82,5926
30,5929
62,5929
60,5930
1,5931
1,5933
2,5936
1,5937
82,5938
97,5938
2,5940
2,5942
75,5945
94,5947
54,5949
34,5954
99,5956
22,5958
70,5958
12,5959
17,5960
61,5962
94,5963
61,5964
48,5967
28,5968
74,5968
85,5968
15,5969
10,5970
20,5970
26,5971
39,5973
12,5975
33,5975
45,5975
30,5977
33,5977
24,5979
42,5979
88,5980
7,5982
87,5983
96,5987
30,5988
19,5990
51,5990
54,5991
80,5991
13,5992
27,5992
67,5992
28,5993
48,5993
95,5993
45,5995
61,5995
85,5995
25,5996
27,5997
88,5999
68,6000
79,6000
47,6001
57,6001
86,6002
62,6005
86,6005
99,6008
55,6009
62,6010
3,6011
68,6011
1,6012
5,6012
55,6013
4,6014
36,6016
49,6016
40,6017
4,6019
99,6019
10,6020
12,6020
95,6023
3,6024
43,6024
84,6024
5,6025
41,6025
99,6027
16,6029
51,6029
10,6032
31,6033
52,6034
41,6037
7,6039
67,6039
83,6039
88,6039
12,6040
56,6041
23,6042
20,6045
6,6047
84,6047
89,6047
40,6049
11,6050
19,6050
47,6051
82,6051
28,6052
7,6053
69,6053
48,6054
14,6055
96,6056
24,6057
33,6058
81,6058
3,6060
73,6060
4,6061
43,6061
49,6061
28,6064
24,6065
25,6066
96,6066
5,6067
4,6069
39,6069
77,6069
3,6071
34,6071
57,6072
5,6073
18,6073
63,6074
71,6074
84,6075
42,6076
72,6076
12,6077
44,6077
75,6077
3,6078
4,6079
36,6080
3,6082
48,6083
54,6083
82,6083
1,6085
42,6085
92,6085
2,6086
33,6087
52,6087
1,6089
65,6089
100,6090
5,6090
4,6091
1,6092
47,6092
2,6093
2,6094
5,6094
1,6095
73,6095
51,6096
2,6098
24,6099
56,6099
75,6099
1,6100
90,6100
68,6101
19,6102
72,6102
92,6102
96,6102
1,6103
16,6103
9,6104
33,6104
70,6105
87,6105
2,6106
55,6106
57,6108
88,6108
65,6110
2,6113
18,6115
74,6115
68,6118
94,6118
56,6119
57,6121
6,6123
29,6123
95,6124
51,6126
3,6127
41,6127
5,6128
4,6129
40,6129
68,6129
3,6130
17,6130
4,6132
5,6133
58,6133
92,6133
31,6135
38,6135
30,6136
83,6136
93,6137
35,6141
62,6141
63,6141
28,6144
7,6145
57,6147
15,6148
86,6148
42,6149
61,6149
41,6150
39,6151
79,6151
30,6153
7,6154
91,6154
23,6155
13,6156
10,6157
33,6158
77,6158
8,6159
37,6160
1,6163
10,6163
2,6164
84,6164
37,6165
1,6167
92,6167
9,6168
2,6169
1,6171
2,6172
69,6172
32,6173
7,6175
36,6176
57,6177
71,6177
82,6177
7,6180
18,6180
54,6182
63,6185
91,6187
41,6189
70,6190
26,6191
66,6191
94,6191
24,6192
50,6192
60,6193
85,6193
44,6194
69,6195
3,6197
66,6197
4,6198
7,6199
50,6199
64,6199
5,6200
3,6201
19,6201
5,6202
88,6202
4,6203
59,6206
89,6206
20,6207
92,6207
32,6208
96,6208
51,6209
43,6210
16,6213
65,6215
11,6217
54,6218
40,6219
98,6219
86,6220
28,6225
19,6227
8,6229
1,6230
1,6231
2,6232
37,6232
2,6233
20,6233
1,6234
12,6234
2,6235
42,6237
17,6238
33,6238
1,6240
10,6241
1,6242
24,6242
2,6244
17,6244
2,6245
46,6245
47,6245
94,6245
69,6246
1,6248
15,6248
2,6249
14,6249
47,6249
62,6249
18,6251
74,6252
36,6257
41,6257
8,6259
15,6259
78,6261
31,6262
36,6262
74,6263
69,6264
83,6264
97,6266
48,6267
3,6268
24,6268
27,6269
92,6271
4,6273
9,6273
30,6274
59,6274
72,6274
5,6275
4,6276
5,6277
36,6277
44,6278
94,6278
47,6279
39,6281
3,6282
15,6283
24,6283
99,6283
90,6285
45,6288
12,6291
83,6292
100,6294
57,6294
10,6295
22,6296
73,6297
4,6298
100,6299
52,6300
50,6301
80,6302
61,6308
83,6308
100,6309
12,6309
64,6311
28,6313
3,6314
48,6315
72,6315
87,6317
92,6317
81,6318
5,6319
23,6319
65,6319
18,6320
4,6322
46,6322
83,6322
49,6323
65,6323
3,6324
67,6324
77,6324
42,6326
55,6326
4,6328
64,6328
85,6328
71,6330
96,6330
5,6331
23,6331
38,6331
78,6331
94,6332
98,6332
96,6333
26,6335
52,6335
70,6335
48,6336
55,6336
100,6337
14,6339
38,6339
60,6340
44,6341
67,6341
80,6342
94,6342
62,6343
10,6345
53,6346
63,6346
36,6347
95,6348
100,6350
1,6351
20,6351
34,6351
57,6353
90,6353
2,6354
51,6354
1,6355
1,6356
21,6356
56,6359
2,6360
26,6360
2,6361
41,6362
50,6362
35,6363
43,6363
28,6366
99,6366
48,6367
3,6368
64,6368
77,6368
94,6368
63,6369
1,6371
5,6371
1,6372
92,6372
2,6373
4,6373
5,6374
28,6374
81,6374
2,6375
4,6375
37,6376
76,6376
3,6377
38,6377
56,6377
75,6378
80,6378
13,6379
15,6379
20,6379
16,6380
81,6380
3,6381
65,6381
77,6381
1,6382
5,6382
17,6382
76,6382
85,6382
4,6383
48,6383
4,6385
46,6385
2,6386
3,6386
12,6386
14,6386
56,6387
5,6390
52,6390
43,6392
23,6393
12,6396
96,6396
78,6398
30,6399
79,6401
11,6402
29,6402
62,6403
69,6403
97,6403
80,6404
97,6404
67,6405
48,6406
87,6406
92,6406
27,6408
54,6408
17,6410
44,6410
30,6411
80,6411
100,6412
53,6413
16,6416
3,6417
5,6418
31,6418
4,6419
13,6420
48,6420
51,6420
95,6420
12,6421
5,6422
38,6422
4,6423
51,6423
3,6424
100,6425
46,6426
65,6426
87,6426
58,6427
11,6428
12,6428
12,6429
36,6429
95,6429
40,6430
1,6431
1,6432
68,6432
94,6433
69,6434
22,6435
96,6435
2,6436
1,6437
60,6437
85,6437
90,6437
93,6437
2,6438
77,6438
85,6438
2,6439
43,6440
31,6441
3,6442
43,6442
46,6442
4,6443
5,6444
85,6444
55,6445
5,6446
4,6447
3,6448
59,6448
30,6453
19,6458
45,6460
65,6460
82,6461
39,6462
96,6462
55,6463
39,6466
79,6467
60,6469
13,6470
65,6470
84,6470
43,6472
60,6472
16,6475
56,6475
31,6477
54,6477
57,6477
43,6478
45,6479
81,6480
3,6482
79,6482
51,6483
79,6483
91,6483
4,6484
26,6484
66,6486
78,6486
84,6486
5,6487
4,6488
56,6488
92,6488
5,6489
81,6490
3,6493
20,6494
50,6494
81,6494
96,6494
35,6495
82,6495
21,6498
28,6499
66,6500
22,6501
53,6501
58,6502
66,6502
29,6503
95,6505
28,6507
82,6507
91,6507
94,6507
79,6508
30,6511
33,6511
37,6512
50,6512
33,6513
77,6513
88,6513
93,6513
30,6515
54,6516
61,6517
76,6518
62,6520
1,6521
3,6523
93,6523
62,6524
53,6525
72,6525
45,6526
98,6526
28,6527
85,6527
6,6528
55,6528
89,6529
97,6529
38,6530
57,6530
73,6530
71,6532
91,6532
81,6534
22,6536
38,6539
42,6539
32,6540
75,6540
1,6541
47,6541
87,6542
2,6544
90,6544
85,6545
1,6546
94,6547
1,6549
2,6550
38,6551
71,6552
71,6553
38,6554
53,6554
1,6555
2,6555
16,6556
21,6556
32,6556
9,6558
41,6561
58,6561
35,6564
71,6564
67,6565
83,6565
19,6568
7,6569
27,6569
71,6569
64,6570
3,6572
56,6572
46,6573
4,6574
55,6574
5,6575
60,6575
5,6576
40,6576
4,6577
32,6577
77,6577
3,6578
96,6578
73,6580
47,6581
6,6583
80,6583
86,6583
97,6583
37,6585
88,6586
37,6588
59,6588
16,6589
16,6590
7,6591
40,6591
73,6593
42,6595
67,6595
7,6597
40,6602
54,6602
11,6603
51,6603
67,6607
75,6607
30,6608
97,6610
50,6611
68,6611
89,6611
91,6611
97,6611
49,6612
53,6612
78,6612
32,6614
49,6614
50,6614
95,6615
79,6616
32,6617
50,6617
50,6619
59,6622
17,6624
19,6624
86,6625
97,6625
1,6626
73,6626
2,6628
33,6628
37,6628
87,6628
25,6629
28,6629
83,6629
1,6630
79,6630
2,6631
51,6631
10,6633
16,6633
43,6633
7,6635
54,6636
1,6637
78,6637
81,6637
2,6638
100,6639
8,6640
26,6640
97,6641
46,6642
60,6642
95,6642
28,6643
91,6643
1,6645
1,6646
12,6648
7,6649
20,6649
98,6649
10,6650
6,6651
22,6651
2,6654
72,6654
81,6654
1,6655
2,6656
34,6657
64,6657
2,6658
96,6658
71,6660
77,6660
69,6661
3,6662
45,6665
98,6665
5,6666
19,6666
89,6666
5,6667
12,6667
4,6668
7,6668
69,6668
4,6671
27,6673
31,6673
40,6673
47,6673
69,6674
90,6674
95,6674
51,6675
62,6675
3,6678
20,6678
45,6679
60,6680
81,6681
61,6682
69,6682
29,6683
83,6683
9,6689
26,6690
3,6691
29,6691
5,6692
74,6692
60,6693
4,6694
4,6695
62,6695
5,6696
61,6696
90,6696
23,6697
3,6700
50,6700
91,6700
95,6700
9,6701
87,6701
97,6701
23,6704
95,6704
70,6705
91,6706
20,6707
74,6709
70,6710
85,6710
23,6711
48,6711
69,6712
27,6713
51,6713
42,6714
52,6714
74,6714
9,6717
99,6717
48,6719
89,6719
24,6720
46,6720
29,6721
31,6721
40,6721
44,6722
53,6722
8,6724
34,6724
14,6725
64,6726
67,6726
4,6727
60,6727
96,6727
1,6732
1,6733
2,6735
24,6736
1,6738
52,6738
97,6739
2,6740
63,6740
26,6741
2,6742
26,6743
70,6745
80,6746
87,6747
75,6750
45,6755
91,6756
3,6758
5,6759
47,6759
64,6760
44,6761
4,6762
97,6763
5,6767
95,6767
4,6768
75,6768
3,6769
24,6770
14,6771
29,6771
37,6771
27,6772
77,6772
17,6773
82,6775
12,6776
15,6776
19,6776
61,6778
33,6780
3,6781
52,6784
4,6785
22,6785
35,6785
27,6786
58,6786
17,6787
34,6787
5,6788
5,6789
4,6790
3,6791
67,6792
70,6792
79,6792
3,6796
11,6796
24,6796
77,6796
14,6797
30,6797
77,6798
38,6799
80,6799
96,6799
5,6800
58,6800
63,6800
4,6801
31,6801
38,6801
70,6801
3,6803
9,6804
53,6804
5,6805
4,6806
53,6809
62,6809
33,6811
52,6812
63,6812
75,6814
82,6815
10,6816
60,6817
74,6817
83,6817
8,6818
76,6818
32,6819
86,6821
17,6822
83,6822
100,6827
65,6827
68,6828
81,6829
44,6830
8,6834
12,6835
74,6835
43,6837
60,6839
66,6839
4,6841
59,6841
24,6842
95,6843
16,6844
42,6844
46,6845
82,6845
12,6847
98,6847
92,6848
80,6849
52,6850
100,6851
12,6851
55,6851
25,6853
45,6853
62,6853
85,6855
18,6856
59,6856
34,6859
68,6859
27,6860
50,6860
7,6861
35,6862
42,6862
23,6863
27,6863
40,6864
38,6865
3,6866
4,6867
79,6867
5,6868
27,6869
32,6869
89,6869
4,6870
96,6870
3,6871
37,6871
5,6872
95,6874
8,6875
15,6876
80,6877
19,6879
35,6879
15,6880
31,6881
98,6884
61,6885
65,6885
75,6886
27,6887
80,6887
83,6887
96,6887
89,6888
99,6888
54,6889
60,6889
87,6889
96,6890
6,6891
39,6891
52,6891
95,6891
44,6893
63,6893
66,6894
99,6895
15,6899
25,6902
36,6902
98,6902
11,6903
94,6904
96,6904
27,6905
47,6905
60,6907
95,6907
3,6909
25,6909
87,6909
5,6910
13,6910
4,6913
4,6915
79,6915
3,6916
70,6917
5,6918
13,6918
64,6918
78,6918
81,6918
29,6920
76,6920
59,6921
94,6921
24,6922
36,6922
13,6923
38,6923
71,6923
60,6926
94,6926
42,6927
82,6927
14,6928
1,6929
85,6929
91,6929
2,6930
32,6930
56,6930
32,6932
99,6932
1,6933
1,6934
75,6934
2,6935
25,6935
2,6936
12,6937
87,6937
93,6937
46,6940
3,6942
91,6942
4,6943
56,6943
75,6944
5,6946
3,6947
55,6948
74,6948
88,6948
46,6949
56,6949
4,6950
79,6950
5,6951
22,6951
49,6952
29,6954
40,6954
3,6955
4,6956
1,6957
3,6957
43,6957
1,6959
49,6960
5,6962
46,6962
97,6962
1,6963
4,6963
75,6963
84,6963
2,6964
31,6964
1,6965
48,6965
68,6965
2,6966
5,6967
59,6967
82,6968
2,6970
21,6970
62,6975
98,6976
17,6978
24,6978
61,6978
44,6979
12,6980
51,6980
1,6986
28,6986
62,6986
70,6986
22,6987
42,6989
62,6989
2,6990
74,6990
48,6991
53,6991
56,6991
1,6994
1,6996
32,6996
37,6996
2,6997
51,6997
50,7001
73,7001
2,7002
39,7002
63,7003
38,7004
96,7004
71,7005
68,7006
56,7008
79,7008
75,7011
79,7015
82,7015
10,7016
45,7016
96,7017
73,7018
66,7019
35,7024
3,7026
17,7026
4,7027
8,7028
13,7028
90,7028
5,7029
81,7029
4,7030
65,7030
55,7031
22,7034
44,7035
3,7036
5,7037
69,7037
77,7037
1,7038
34,7038
40,7038
3,7039
47,7039
2,7040
1,7042
42,7042
46,7042
2,7043
47,7043
74,7043
99,7043
1,7044
4,7044
2,7045
59,7045
56,7046
85,7047
4,7048
46,7048
77,7048
91,7048
5,7049
10,7049
62,7049
96,7049
3,7050
10,7050
72,7050
5,7051
77,7053
10,7054
51,7055
1,7056
2,7057
46,7057
1,7058
2,7059
29,7059
62,7059
82,7059
98,7059
1,7062
25,7063
65,7063
7,7064
90,7064
2,7065
50,7065
4,7066
59,7069
91,7069
56,7071
87,7071
34,7072
1,7073
86,7073
1,7074
15,7074
23,7074
2,7076
3,7076
71,7076
77,7076
1,7077
75,7077
4,7078
3,7079
66,7079
46,7080
53,7080
95,7080
56,7081
38,7082
2,7083
21,7083
36,7083
84,7083
2,7084
4,7084
12,7084
46,7084
5,7085
87,7085
5,7086
79,7086
97,7086
89,7087
17,7089
71,7091
77,7092
98,7092
67,7096
77,7098
17,7100
39,7102
68,7103
52,7104
54,7106
88,7109
3,7110
5,7111
80,7111
4,7113
62,7113
84,7113
53,7115
54,7115
4,7117
40,7117
90,7117
11,7118
5,7119
18,7119
22,7119
42,7119
3,7120
10,7121
97,7122
92,7123
39,7124
78,7125
3,7126
68,7126
98,7126
64,7127
96,7127
4,7128
4,7129
23,7129
5,7130
92,7130
5,7131
83,7131
87,7132
3,7133
16,7133
51,7133
95,7133
59,7137
64,7138
83,7138
89,7139
24,7140
37,7140
19,7142
35,7143
89,7144
21,7146
18,7148
20,7148
3,7150
76,7150
4,7151
35,7151
3,7152
60,7152
4,7153
23,7153
5,7154
75,7154
5,7155
28,7155
61,7155
1,7156
25,7157
98,7158
25,7159
78,7159
1,7160
93,7160
97,7160
2,7161
58,7161
1,7162
31,7162
53,7165
2,7167
6,7167
62,7167
2,7168
3,7168
66,7168
69,7168
26,7169
63,7169
75,7170
22,7171
89,7174
56,7175
89,7175
3,7176
100,7177
89,7177
4,7178
99,7178
4,7179
5,7180
22,7182
42,7182
75,7182
45,7183
42,7184
49,7184
50,7184
54,7186
76,7186
5,7187
10,7187
29,7188
3,7189
34,7189
90,7189
46,7190
99,7190
99,7193
64,7194
23,7197
37,7197
62,7197
90,7197
75,7198
56,7199
86,7200
38,7202
50,7202
87,7202
53,7204
67,7205
77,7205
83,7206
71,7209
61,7210
62,7210
95,7210
1,7211
86,7211
96,7211
95,7212
4,7213
68,7214
49,7216
91,7217
1,7218
2,7219
34,7219
1,7220
72,7220
75,7221
65,7222
2,7223
76,7224
89,7224
65,7225
2,7226
1,7227
4,7227
37,7227
1,7228
33,7228
2,7229
70,7229
2,7230
57,7230
5,7231
50,7232
96,7232
78,7233
1,7234
10,7234
2,7235
3,7236
90,7236
5,7237
85,7237
51,7238
75,7238
5,7239
84,7240
4,7241
33,7242
34,7242
91,7242
3,7243
4,7244
34,7244
38,7244
8,7247
43,7247
81,7247
94,7250
61,7251
62,7252
27,7253
45,7255
100,7258
15,7258
10,7259
27,7259
44,7259
49,7259
67,7259
86,7259
34,7262
20,7263
21,7263
97,7266
9,7267
12,7267
17,7267
6,7269
27,7269
53,7270
49,7271
61,7271
72,7271
49,7272
67,7272
3,7274
12,7274
39,7275
1,7276
5,7276
2,7277
94,7277
4,7278
63,7279
1,7280
3,7280
62,7280
1,7281
42,7281
2,7282
8,7282
16,7282
57,7282
89,7282
1,7283
3,7283
24,7283
2,7284
60,7284
5,7285
9,7285
82,7285
42,7290
1,7292
27,7292
4,7293
95,7293
39,7294
65,7294
82,7294
67,7295
12,7296
27,7296
83,7297
20,7298
33,7299
24,7300
71,7300
95,7300
98,7300
46,7301
49,7301
55,7308
47,7309
17,7313
55,7313
87,7313
52,7314
29,7316
74,7317
83,7317
16,7318
58,7318
89,7318
16,7319
27,7319
41,7324
79,7325
28,7326
34,7326
15,7328
80,7330
80,7331
79,7332
51,7334
96,7336
8,7337
65,7337
1,7339
68,7339
2,7340
51,7340
1,7341
46,7341
1,7342
2,7343
16,7343
72,7343
74,7345
2,7346
73,7346
19,7347
50,7347
97,7349
75,7350
99,7350
13,7354
49,7354
93,7354
21,7356
66,7357
1,7360
83,7360
91,7360
22,7361
88,7361
2,7363
1,7364
20,7364
88,7364
2,7365
62,7365
84,7365
1,7366
2,7367
70,7368
94,7370
6,7371
18,7371
84,7371
48,7375
50,7375
22,7376
61,7376
37,7379
24,7380
61,7380
83,7380
48,7382
78,7382
82,7382
3,7387
1,7388
5,7388
97,7388
1,7389
4,7389
2,7390
43,7390
59,7390
1,7392
3,7392
71,7392
75,7392
4,7393
65,7393
5,7394
36,7394
2,7395
3,7395
57,7395
2,7396
4,7396
3,7397
53,7397
5,7398
61,7399
78,7399
15,7400
46,7400
5,7402
15,7402
30,7402
53,7402
66,7402
68,7402
4,7403
97,7403
59,7404
92,7406
55,7407
65,7407
35,7408
62,7411
85,7412
91,7412
23,7413
34,7413
42,7413
34,7415
21,7416
91,7416
100,7417
3,7417
4,7418
44,7418
67,7418
4,7419
5,7419
6,7420
5,7421
94,7421
1,7422
22,7422
54,7422
3,7424
86,7424
1,7425
16,7425
2,7426
4,7426
58,7426
28,7427
53,7427
86,7427
1,7428
2,7429
95,7429
96,7430
16,7431
52,7431
84,7431
2,7432
21,7437
75,7437
80,7437
28,7440
91,7440
73,7441
34,7443
62,7443
84,7443
55,7445
80,7445
15,7446
60,7446
15,7447
73,7453
95,7453
47,7454
61,7455
16,7456
1,7457
41,7457
59,7457
2,7458
8,7458
81,7458
1,7459
9,7459
45,7459
93,7459
1,7460
2,7461
55,7462
2,7463
33,7464
13,7465
47,7465
75,7466
1,7467
99,7468
31,7469
49,7469
37,7470
73,7470
84,7471
94,7471
25,7473
30,7473
42,7473
42,7474
62,7474
93,7474
100,7475
24,7475
51,7476
63,7476
85,7476
7,7478
94,7478
3,7480
56,7480
91,7480
4,7481
29,7481
5,7483
4,7484
37,7484
79,7484
23,7485
90,7485
6,7486
97,7486
12,7487
63,7487
61,7488
3,7489
95,7489
43,7490
54,7491
70,7491
5,7493
67,7494
97,7495
19,7497
52,7497
34,7499
44,7499
54,7499
3,7500
25,7500
59,7500
92,7500
5,7501
4,7502
17,7503
77,7503
1,7504
3,7505
7,7505
16,7505
1,7506
5,7506
70,7506
2,7507
4,7507
38,7507
27,7508
2,7509
1,7510
28,7510
74,7510
67,7511
2,7512
10,7512
72,7512
47,7515
73,7515
58,7518
1,7519
35,7519
72,7519
73,7519
87,7519
2,7520
10,7521
37,7521
63,7521
78,7521
87,7521
1,7522
72,7523
1,7524
19,7524
56,7524
96,7524
16,7526
1,7527
2,7528
2,7530
83,7530
16,7533
53,7534
74,7538
24,7539
44,7539
45,7539
78,7539
29,7540
63,7541
27,7542
71,7544
74,7544
14,7549
71,7552
10,7553
38,7554
67,7554
3,7555
12,7555
27,7555
48,7555
4,7556
57,7556
75,7556
88,7556
5,7558
49,7560
64,7560
100,7561
1,7561
4,7561
64,7561
2,7562
64,7562
5,7564
1,7565
16,7565
96,7565
1,7566
96,7566
2,7567
3,7567
2,7568
4,7568
18,7568
32,7568
21,7574
40,7575
1,7577
40,7577
3,7579
29,7579
96,7579
99,7579
2,7580
4,7580
35,7580
66,7580
74,7580
1,7581
8,7581
81,7581
4,7582
44,7583
1,7584
7,7584
58,7584
89,7584
2,7585
20,7585
56,7585
3,7586
44,7586
70,7586
5,7587
31,7588
38,7588
57,7588
2,7589
44,7589
71,7590
47,7591
2,7592
92,7592
5,7593
18,7594
59,7595
26,7596
48,7596
87,7596
82,7599
16,7600
41,7600
34,7602
30,7603
61,7603
22,7604
59,7606
66,7608
1,7611
82,7612
2,7613
7,7615
79,7615
1,7616
34,7616
42,7617
45,7617
1,7618
2,7619
6,7619
50,7619
2,7620
12,7623
78,7623
68,7624
20,7625
56,7625
16,7629
87,7629
41,7632
52,7632
87,7632
4,7634
87,7634
37,7635
49,7635
98,7635
7,7643
56,7643
99,7643
30,7644
61,7645
73,7645
79,7645
55,7647
51,7648
6,7649
19,7649
27,7649
30,7651
32,7651
39,7651
71,7651
26,7652
93,7652
31,7653
1,7654
84,7654
77,7656
80,7657
36,7658
1,7659
23,7659
18,7660
65,7661
16,7662
2,7664
35,7664
1,7665
47,7665
75,7665
79,7665
2,7666
2,7669
97,7673
1,7674
91,7674
31,7676
43,7677
19,7678
30,7678
27,7679
2,7680
1,7681
2,7682
35,7682
1,7683
11,7683
53,7683
2,7684
75,7686
44,7688
60,7689
59,7690
67,7691
62,7692
19,7693
36,7693
88,7693
84,7694
21,7697
52,7697
32,7700
45,7700
54,7701
68,7701
29,7703
73,7704
14,7708
26,7709
43,7709
50,7709
87,7709
47,7710
52,7710
100,7711
69,7711
3,7713
41,7713
4,7715
4,7716
84,7716
33,7717
52,7717
3,7718
73,7718
5,7720
69,7720
98,7720
38,7721
70,7721
5,7722
9,7724
31,7726
35,7726
49,7726
68,7726
96,7726
31,7727
3,7729
5,7730
48,7730
64,7730
4,7732
71,7732
45,7733
5,7735
13,7735
62,7735
64,7735
3,7736
26,7736
4,7737
35,7738
41,7738
77,7738
55,7739
39,7740
81,7740
55,7743
26,7744
35,7744
54,7744
89,7745
1,7746
68,7746
86,7746
95,7746
62,7747
95,7747
1,7749
2,7750
84,7750
1,7751
85,7751
89,7751
98,7752
2,7753
2,7754
28,7755
44,7755
14,7757
27,7757
83,7757
17,7758
42,7758
76,7762
29,7763
9,7764
11,7765
25,7766
52,7766
36,7767
68,7768
75,7768
29,7769
44,7770
59,7770
97,7770
38,7771
59,7771
27,7775
31,7775
78,7775
25,7777
68,7781
29,7784
28,7785
99,7785
34,7787
73,7787
95,7792
55,7793
56,7794
65,7794
57,7797
28,7798
73,7798
98,7801
94,7804
56,7805
3,7806
10,7806
41,7806
46,7806
86,7806
95,7806
50,7807
1,7808
4,7811
93,7811
4,7812
2,7813
53,7813
1,7814
5,7814
31,7814
1,7815
2,7816
5,7816
39,7816
3,7817
36,7817
2,7818
54,7818
21,7819
11,7820
3,7821
42,7821
71,7821
78,7821
4,7822
7,7822
50,7822
3,7823
28,7823
5,7824
4,7825
56,7825
85,7825
5,7826
13,7826
16,7826
46,7826
51,7827
37,7829
44,7829
88,7829
91,7829
12,7830
28,7830
44,7831
80,7831
24,7832
41,7833
45,7833
64,7834
76,7834
87,7834
89,7834
24,7836
2,7837
71,7837
67,7838
58,7840
86,7840
14,7844
6,7845
93,7845
19,7847
30,7847
53,7848
71,7848
82,7848
95,7848
11,7849
39,7849
83,7853
61,7855
87,7855
22,7859
65,7859
45,7860
51,7861
17,7870
83,7870
10,7871
10,7874
99,7874
7,7876
71,7876
1,7878
13,7878
1,7880
76,7880
89,7880
2,7881
6,7881
77,7881
78,7881
9,7882
2,7883
22,7883
1,7884
43,7884
63,7885
50,7886
2,7887
87,7887
81,7890
3,7891
51,7891
96,7892
63,7893
86,7893
4,7894
44,7894
3,7895
67,7895
5,7896
11,7896
4,7897
86,7897
87,7897
11,7899
63,7899
52,7901
5,7903
50,7904
52,7905
35,7906
38,7906
76,7906
77,7908
87,7908
30,7909
72,7909
90,7909
33,7910
75,7910
86,7910
7,7916
8,7916
64,7918
1,7919
41,7920
78,7920
82,7920
92,7920
14,7922
12,7923
7,7924
26,7925
28,7925
73,7926
3,7927
30,7927
2,7928
7,7928
9,7928
12,7928
34,7928
56,7929
1,7930
2,7931
80,7931
100,7932
1,7932
31,7932
1,7933
72,7934
2,7935
63,7935
86,7938
2,7939
3,7940
83,7940
1,7942
5,7942
41,7942
46,7942
28,7943
2,7944
54,7944
67,7944
1,7945
39,7945
54,7945
1,7946
4,7946
54,7946
4,7948
22,7948
2,7949
11,7949
77,7949
2,7950
5,7950
62,7950
3,7951
51,7953
29,7954
1,7955
100,7956
1,7956
33,7956
57,7956
2,7959
2,7960
12,7961
13,7961
86,7961
96,7961
99,7961
25,7963
84,7963
6,7964
1,7965
63,7965
7,7966
2,7967
27,7968
1,7970
14,7970
17,7971
1,7972
37,7973
65,7973
2,7975
2,7976
37,7976
1,7977
2,7978
16,7978
41,7979
95,7981
53,7982
98,7982
62,7984
62,7987
79,7987
47,7988
49,7988
48,7990
1,7991
88,7991
2,7992
69,7992
47,7993
64,7993
1,7994
21,7994
56,7995
93,7995
2,7997
36,7998
1,7999
49,8000
2,8001
39,8001
39,8002
46,8003
89,8003
37,8004
27,8005
42,8005
10,8006
54,8006
1,8008
2,8009
26,8009
1,8010
73,8010
83,8010
66,8011
100,8012
1,8012
35,8012
4,8013
48,8014
97,8014
2,8015
93,8015
36,8016
55,8016
2,8018
19,8018
16,8020
78,8020
78,8024
6,8026
17,8027
30,8027
40,8027
6,8028
24,8029
28,8029
60,8029
19,8032
17,8033
95,8034
29,8036
35,8036
1,8037
96,8037
58,8038
2,8039
60,8040
29,8041
8,8043
69,8043
1,8044
3,8044
28,8044
1,8045
4,8046
5,8047
2,8048
5,8049
97,8049
2,8050
96,8050
3,8051
1,8053
67,8053
2,8054
1,8055
62,8055
4,8056
15,8056
35,8057
40,8057
94,8058
49,8059
2,8060
11,8060
19,8060
27,8060
1,8061
40,8061
2,8062
68,8062
87,8063
59,8064
36,8065
86,8065
10,8066
50,8066
89,8066
39,8068
48,8069
75,8069
69,8070
15,8071
74,8075
66,8080
9,8082
37,8082
67,8082
9,8083
18,8083
21,8084
56,8084
66,8084
58,8085
2,8086
60,8087
22,8089
27,8089
96,8089
75,8095
11,8096
81,8096
97,8096
38,8097
41,8097
43,8097
96,8097
3,8098
4,8099
8,8101
12,8102
34,8102
32,8103
35,8103
5,8104
37,8104
97,8104
100,8105
26,8105
27,8105
4,8106
40,8106
26,8107
62,8107
21,8108
24,8108
46,8108
5,8109
64,8110
3,8111
69,8112
66,8115
93,8115
79,8116
64,8117
16,8118
69,8118
91,8118
10,8119
30,8120
8,8122
50,8122
1,8123
74,8124
90,8124
1,8125
2,8126
51,8126
88,8127
89,8127
48,8128
2,8129
14,8129
17,8129
40,8129
1,8130
98,8130
15,8131
99,8132
2,8134
57,8134
38,8135
83,8135
3,8136
4,8137
56,8137
69,8137
97,8137
3,8139
4,8140
5,8141
28,8141
40,8141
31,8142
5,8143
27,8143
58,8143
63,8144
67,8144
70,8144
33,8145
55,8145
35,8147
24,8148
57,8148
100,8151
82,8153
95,8154
96,8155
1,8158
98,8158
2,8159
39,8159
1,8160
14,8160
46,8160
1,8161
26,8162
57,8163
43,8164
18,8165
21,8165
69,8165
2,8166
6,8166
31,8166
35,8166
57,8166
2,8167
14,8167
26,8167
17,8169
88,8169
91,8169
93,8169
13,8170
9,8171
22,8171
17,8172
96,8172
18,8175
72,8175
39,8176
96,8176
60,8178
99,8178
59,8179
82,8179
19,8180
15,8181
38,8183
55,8184
75,8184
10,8185
67,8185
63,8186
61,8187
93,8188
61,8189
69,8189
26,8190
7,8191
9,8191
10,8191
12,8191
86,8193
31,8195
28,8198
43,8199
72,8199
53,8200
94,8201
57,8204
36,8205
56,8205
12,8206
19,8206
21,8206
69,8206
10,8208
66,8209
87,8209
91,8209
7,8210
63,8210
37,8211
16,8212
60,8212
82,8212
48,8213
17,8215
93,8215
31,8216
92,8216
14,8217
45,8217
3,8220
18,8220
66,8221
85,8222
5,8224
23,8224
98,8224
4,8226
51,8226
100,8227
3,8227
36,8227
96,8227
62,8229
69,8229
5,8230
4,8232
98,8233
53,8234
89,8235
98,8235
9,8236
69,8236
6,8237
96,8237
62,8239
75,8239
41,8240
32,8241
7,8242
29,8242
3,8244
43,8244
56,8244
16,8245
77,8245
28,8246
39,8247
81,8250
3,8251
4,8252
5,8253
4,8254
9,8254
14,8254
3,8255
34,8255
5,8258
11,8258
15,8258
25,8259
38,8259
39,8260
88,8260
13,8261
62,8261
61,8262
42,8264
98,8268
78,8269
12,8270
30,8272
12,8273
91,8274
84,8275
76,8276
16,8277
66,8277
81,8277
92,8277
36,8278
77,8279
37,8280
97,8280
79,8281
81,8281
49,8282
91,8282
69,8283
71,8284
47,8285
51,8285
16,8286
44,8286
62,8287
69,8288
97,8288
99,8288
39,8289
3,8290
63,8292
79,8292
24,8293
4,8295
4,8296
42,8296
54,8296
69,8296
5,8297
22,8297
73,8297
5,8298
18,8298
3,8299
98,8299
8,8300
14,8300
26,8300
35,8300
68,8300
73,8301
36,8303
38,8304
2,8305
51,8306
75,8306
27,8309
1,8314
19,8314
2,8315
32,8315
1,8316
49,8316
84,8316
1,8319
80,8319
100,8320
2,8320
36,8320
95,8320
37,8322
88,8322
52,8323
100,8324
25,8324
2,8325
91,8325
89,8328
29,8329
40,8329
42,8329
74,8330
14,8331
8,8332
65,8332
26,8334
54,8334
12,8335
19,8335
11,8336
37,8336
48,8336
24,8337
14,8338
27,8338
53,8338
10,8340
56,8343
26,8346
59,8347
15,8348
27,8348
61,8348
25,8349
83,8350
85,8350
23,8351
57,8351
21,8352
22,8353
63,8353
69,8353
11,8355
77,8355
42,8356
47,8356
41,8357
46,8357
92,8357
65,8358
15,8359
55,8359
24,8360
90,8360
17,8361
26,8361
87,8361
34,8362
57,8363
79,8365
60,8366
38,8368
76,8369
81,8370
9,8371
48,8373
59,8373
67,8373
93,8373
61,8374
34,8375
75,8375
3,8376
93,8377
5,8379
4,8380
5,8382
65,8382
86,8384
22,8385
47,8385
93,8386
4,8387
13,8388
42,8388
95,8389
47,8390
75,8390
83,8390
56,8392
93,8392
3,8393
24,8394
29,8394
25,8395
10,8398
11,8398
91,8398
38,8399
3,8400
63,8400
56,8401
97,8401
46,8402
84,8402
4,8403
72,8404
56,8405
88,8405
4,8406
55,8406
5,8407
37,8408
1,8409
3,8409
2,8410
1,8411
2,8411
5,8412
1,8415
30,8415
84,8415
2,8416
78,8416
82,8416
87,8416
2,8417
93,8417
54,8418
49,8419
48,8422
60,8422
40,8423
55,8424
37,8426
50,8426
16,8427
28,8427
89,8427
86,8428
65,8429
63,8431
67,8431
20,8433
33,8433
19,8435
22,8435
55,8436
71,8437
34,8438
64,8438
99,8441
28,8442
90,8447
17,8451
43,8452
45,8452
64,8452
24,8453
93,8453
32,8454
34,8454
20,8455
66,8458
10,8460
7,8461
1,8462
22,8462
2,8463
66,8465
1,8466
87,8467
2,8468
1,8469
2,8470
86,8470
87,8472
90,8472
1,8473
2,8474
1,8477
74,8477
96,8477
8,8479
49,8479
50,8479
78,8479
1,8481
3,8481
20,8481
43,8481
40,8482
2,8483
54,8483
2,8484
37,8484
4,8485
66,8486
77,8486
5,8488
56,8489
70,8489
87,8489
3,8490
5,8491
85,8492
4,8493
39,8493
36,8494
42,8495
63,8495
69,8495
55,8496
54,8497
87,8500
92,8500
9,8501
32,8501
46,8502
68,8503
19,8506
65,8506
41,8507
59,8507
55,8508
34,8509
50,8510
94,8510
69,8511
39,8512
90,8512
1,8513
1,8515
20,8515
69,8515
96,8515
42,8517
2,8519
99,8519
47,8520
63,8520
10,8521
53,8522
94,8523
87,8524
87,8525
1,8526
32,8526
33,8528
66,8528
99,8528
2,8529
3,8529
62,8529
83,8529
4,8530
18,8530
3,8531
70,8531
89,8531
25,8532
55,8532
26,8534
82,8534
95,8534
64,8536
2,8537
37,8537
4,8538
5,8539
64,8539
66,8539
82,8539
86,8542
56,8543
5,8544
2,8546
3,8548
29,8549
61,8550
99,8551
5,8552
11,8552
87,8552
4,8553
27,8553
64,8553
5,8554
1,8555
3,8555
1,8557
39,8557
45,8557
17,8558
2,8559
4,8559
1,8560
50,8560
2,8561
14,8562
78,8563
2,8565
97,8567
16,8568
76,8568
34,8570
45,8570
50,8572
61,8573
69,8574
85,8574
38,8575
66,8575
88,8575
31,8576
35,8576
27,8579
17,8580
82,8583
97,8583
96,8584
1,8586
1,8587
42,8587
94,8588
2,8589
74,8589
15,8590
45,8590
2,8591
1,8592
94,8592
14,8593
3,8594
4,8595
83,8595
4,8596
79,8596
48,8597
5,8598
27,8598
48,8598
84,8598
5,8599
2,8600
6,8600
40,8600
43,8600
1,8601
34,8602
41,8602
49,8602
32,8603
2,8604
3,8604
9,8604
1,8605
2,8606
28,8606
21,8607
1,8608
96,8608
2,8609
26,8609
94,8609
26,8610
35,8610
47,8610
85,8611
14,8612
42,8612
76,8614
1,8618
29,8619
1,8620
90,8620
91,8620
100,8621
2,8621
89,8621
1,8622
100,8623
12,8623
75,8623
96,8623
2,8626
2,8627
72,8627
91,8627
80,8628
21,8629
26,8629
51,8629
84,8629
28,8632
97,8632
4,8633
42,8633
48,8633
57,8633
28,8634
37,8635
86,8635
65,8636
39,8637
11,8638
53,8638
51,8639
80,8639
83,8640
92,8641
89,8642
66,8645
82,8646
13,8647
33,8647
40,8647
57,8648
94,8648
78,8649
86,8649
26,8650
47,8650
93,8653
53,8654
31,8655
32,8655
70,8656
54,8657
76,8657
67,8659
9,8663
81,8665
19,8669
22,8670
56,8670
74,8672
92,8672
6,8675
81,8675
12,8676
16,8676
50,8676
51,8676
20,8677
98,8677
36,8678
67,8679
38,8682
46,8682
8,8684
31,8685
8,8686
13,8688
79,8688
21,8690
39,8690
95,8691
32,8692
66,8696
84,8696
29,8697
53,8697
74,8697
20,8698
78,8701
70,8702
97,8702
1,8704
13,8704
2,8705
36,8705
51,8706
31,8707
100,8708
34,8709
1,8710
15,8710
1,8711
18,8711
50,8711
3,8712
2,8713
81,8713
82,8713
2,8715
5,8715
68,8715
4,8716
81,8717
92,8717
4,8719
17,8719
5,8720
28,8720
3,8721
37,8724
31,8725
2,8726
34,8726
85,8726
1,8727
95,8727
1,8728
46,8728
12,8729
55,8729
92,8729
2,8730
39,8730
82,8730
1,8731
20,8731
2,8732
3,8732
11,8732
42,8732
100,8733
2,8734
7,8734
77,8734
5,8735
14,8736
53,8736
4,8739
12,8739
28,8739
77,8739
5,8740
20,8740
83,8741
96,8742
16,8743
18,8743
42,8744
3,8745
57,8745
80,8745
60,8746
4,8747
74,8748
23,8750
79,8751
28,8754
99,8756
4,8757
39,8757
43,8758
19,8759
3,8761
37,8765
48,8766
7,8767
33,8767
63,8768
95,8768
30,8770
67,8772
72,8777
88,8777
21,8779
57,8779
42,8781
54,8782
68,8783
14,8786
81,8786
18,8788
36,8788
68,8788
55,8789
24,8790
56,8790
37,8791
8,8793
72,8794
81,8794
89,8796
51,8799
74,8799
36,8801
91,8801
9,8803
3,8804
78,8805
5,8806
4,8807
3,8808
5,8809
30,8809
72,8809
4,8810
3,8811
5,8812
72,8812
8,8813
78,8813
5,8815
6,8815
84,8815
88,8815
4,8816
16,8816
82,8816
4,8817
25,8818
29,8818
33,8819
3,8821
81,8821
98,8821
57,8823
65,8824
34,8828
36,8829
43,8831
61,8831
30,8832
1,8833
2,8835
7,8835
46,8835
89,8835
28,8837
1,8838
2,8839
42,8839
53,8839
67,8839
1,8842
94,8842
2,8843
32,8843
23,8845
56,8845
86,8846
53,8848
69,8850
37,8852
29,8853
84,8857
22,8861
99,8861
56,8862
86,8862
68,8863
89,8864
28,8867
3,8868
77,8869
4,8870
6,8870
90,8870
5,8871
23,8871
33,8871
93,8871
4,8873
53,8874
3,8876
36,8876
62,8877
5,8878
79,8878
38,8879
50,8879
57,8879
1,8881
97,8881
2,8882
1,8883
2,8884
81,8884
66,8885
1,8886
2,8887
6,8887
22,8888
29,8889
88,8889
24,8890
75,8892
88,8892
33,8893
74,8893
4,8894
84,8894
1,8896
80,8896
2,8897
20,8897
15,8900
1,8901
55,8901
74,8902
8,8903
91,8903
16,8904
33,8904
2,8905
93,8905
77,8906
94,8906
98,8907
1,8908
58,8909
2,8910
73,8912
48,8917
29,8919
41,8919
62,8919
81,8919
97,8922
100,8924
63,8925
69,8926
21,8927
25,8927
25,8928
42,8929
30,8930
68,8932
3,8937
51,8937
43,8939
74,8942
85,8942
11,8943
83,8943
64,8944
98,8944
34,8945
78,8945
46,8946
35,8950
37,8950
71,8950
83,8950
89,8951
57,8952
35,8954
71,8954
3,8959
16,8959
66,8959
10,8960
45,8960
92,8960
4,8961
26,8961
3,8962
52,8962
17,8963
84,8963
96,8963
64,8964
72,8964
1,8965
5,8965
12,8966
2,8968
5,8968
4,8969
25,8969
21,8971
57,8971
1,8972
26,8972
78,8972
2,8973
1,8974
12,8974
45,8974
51,8974
84,8974
2,8975
13,8978
23,8982
72,8982
54,8983
44,8984
45,8985
61,8985
80,8988
29,8989
51,8990
72,8990
76,8993
95,8993
99,8993
75,8994
81,8994
61,8997
52,8998
63,8998
82,8998
72,8999
32,9001
33,9001
82,9002
3,9003
4,9004
44,9005
48,9005
71,9005
3,9006
58,9006
4,9008
25,9008
33,9008
5,9009
5,9010
89,9012
1,9013
38,9014
83,9014
2,9015
1,9016
1,9019
94,9020
2,9021
2,9022
3,9023
46,9024
7,9025
11,9025
83,9026
4,9027
6,9027
3,9028
94,9028
5,9029
1,9031
5,9031
10,9031
13,9031
2,9032
4,9032
30,9032
1,9033
82,9033
91,9033
97,9033
3,9034
1,9035
4,9035
30,9035
2,9036
5,9036
31,9036
2,9037
4,9037
39,9037
76,9038
20,9039
5,9041
3,9042
43,9044
59,9047
62,9047
76,9047
69,9048
8,9051
24,9051
42,9052
39,9054
60,9055
51,9056
30,9058
37,9058
78,9058
13,9060
63,9060
5,9061
6,9061
1,9062
43,9062
72,9062
1,9064
3,9064
2,9065
4,9065
1,9066
4,9067
2,9068
13,9068
33,9068
2,9069
5,9069
92,9070
3,9071
100,9073
64,9073
26,9074
5,9075
26,9075
37,9075
1,9076
1,9077
26,9077
2,9079
2,9080
47,9081
1,9082
58,9082
78,9082
86,9083
63,9085
70,9085
2,9086
32,9087
90,9088
48,9089
52,9089
33,9091
35,9091
11,9092
56,9093
69,9094
95,9095
90,9096
68,9097
29,9099
88,9099
43,9100
7,9101
1,9103
96,9103
1,9104
2,9106
27,9106
90,9107
30,9108
56,9109
78,9109
6,9110
49,9110
2,9111
18,9111
44,9112
1,9115
27,9116
89,9116
2,9117
7,9117
85,9117
20,9119
45,9119
49,9119
16,9120
26,9122
86,9122
60,9123
32,9124
46,9125
71,9126
97,9128
27,9129
52,9132
53,9132
79,9132
96,9132
17,9133
1,9135
41,9135
2,9137
73,9137
76,9137
31,9138
1,9140
2,9141
1,9142
2,9145
52,9146
64,9147
21,9149
11,9152
88,9152
34,9153
6,9154
59,9154
78,9154
75,9156
61,9158
65,9158
8,9159
21,9159
40,9160
46,9160
56,9160
3,9161
14,9161
67,9161
87,9161
100,9162
4,9162
16,9162
36,9162
46,9163
48,9163
71,9164
4,9165
78,9166
3,9167
19,9167
5,9169
5,9170
17,9171
40,9171
44,9171
9,9172
39,9173
46,9173
62,9173
3,9174
53,9174
5,9175
10,9175
53,9175
4,9176
33,9177
4,9178
79,9178
8,9179
44,9179
5,9181
97,9182
3,9183
34,9184
87,9185
23,9186
84,9190
50,9192
100,9193
32,9194
11,9195
62,9195
23,9196
28,9196
45,9199
96,9199
55,9200
89,9200
9,9202
35,9202
60,9202
91,9202
98,9204
11,9205
21,9206
78,9206
100,9209
23,9211
84,9213
100,9214
13,9214
93,9215
1,9220
40,9220
45,9220
1,9221
24,9221
2,9223
82,9223
90,9223
85,9225
2,9228
53,9228
34,9229
61,9230
1,9232
2,9233
33,9235
24,9236
66,9236
67,9239
63,9240
64,9240
33,9241
42,9244
3,9245
10,9245
50,9245
67,9245
4,9249
36,9249
5,9250
4,9251
71,9251
3,9252
6,9252
81,9253
1,9254
1,9255
5,9256
77,9256
8,9257
27,9258
39,9259
15,9261
2,9263
81,9264
91,9264
29,9265
2,9266
99,9266
1,9268
2,9270
43,9273
38,9275
19,9276
57,9277
70,9280
13,9282
36,9283
54,9283
83,9283
80,9285
13,9286
38,9287
26,9289
67,9290
6,9292
64,9295
10,9297
82,9297
48,9299
41,9302
43,9302
55,9303
96,9303
76,9305
9,9307
47,9307
59,9308
8,9310
34,9311
8,9312
51,9317
61,9317
56,9320
87,9320
94,9320
33,9322
91,9323
6,9324
72,9324
44,9325
6,9326
17,9326
19,9326
37,9328
67,9328
86,9332
42,9334
21,9335
67,9335
16,9336
23,9336
12,9338
18,9344
63,9344
1,9345
1,9346
57,9347
3,9348
71,9348
4,9350
47,9350
32,9351
76,9351
96,9351
2,9352
4,9352
21,9352
96,9352
3,9353
17,9353
80,9353
39,9354
5,9355
6,9355
1,9356
5,9356
2,9358
70,9360
2,9361
94,9362
97,9364
86,9365
35,9366
30,9369
26,9370
61,9370
97,9370
38,9371
34,9372
95,9374
1,9379
83,9380
3,9382
83,9382
4,9384
4,9385
5,9387
72,9387
89,9387
3,9389
87,9389
5,9390
80,9390
1,9392
56,9392
1,9393
26,9393
28,9393
38,9393
53,9393
2,9394
36,9394
45,9394
68,9395
10,9396
40,9396
78,9396
87,9398
63,9399
46,9401
61,9401
1,9402
62,9402
79,9402
3,9403
52,9403
4,9404
5,9405
97,9405
2,9406
5,9406
45,9406
57,9406
43,9407
72,9408
78,9408
2,9409
4,9410
3,9411
1,9412
71,9412
94,9412
39,9413
52,9413
1,9415
6,9416
69,9416
2,9417
3,9417
50,9417
2,9418
4,9418
97,9418
1,9419
2,9420
4,9420
63,9421
5,9423
5,9424
1,9425
3,9425
18,9425
30,9425
45,9425
53,9426
74,9426
15,9427
69,9427
74,9427
1,9428
33,9428
15,9429
63,9429
78,9429
76,9431
78,9431
92,9432
62,9433
72,9433
76,9433
2,9434
11,9435
20,9436
2,9437
59,9437
1,9438
14,9438
19,9438
2,9439
13,9439
14,9440
73,9440
3,9441
4,9442
54,9444
12,9445
24,9445
78,9445
5,9446
33,9446
38,9447
3,9448
75,9448
4,9449
26,9449
52,9450
1,9451
5,9451
22,9452
3,9453
4,9454
30,9454
72,9454
5,9455
92,9455
33,9456
47,9456
71,9457
3,9458
2,9459
5,9459
4,9461
46,9461
56,9461
72,9461
15,9463
1,9464
76,9464
90,9465
83,9466
35,9467
2,9468
7,9468
75,9468
1,9469
3,9469
5,9471
4,9472
28,9472
97,9472
4,9473
3,9475
2,9476
16,9476
40,9476
5,9477
22,9477
27,9478
27,9479
78,9480
59,9481
24,9483
25,9484
17,9489
6,9492
70,9492
13,9493
78,9494
99,9494
62,9495
65,9495
77,9495
25,9497
20,9498
65,9498
32,9500
28,9502
75,9503
91,9503
36,9506
52,9507
57,9507
84,9507
1,9509
61,9509
2,9510
50,9510
32,9511
42,9511
1,9512
69,9512
2,9513
47,9513
1,9514
2,9515
1,9517
85,9517
2,9518
1,9519
96,9519
1,9520
40,9520
66,9521
71,9521
2,9522
3,9522
5,9524
73,9524
2,9525
54,9525
83,9525
5,9526
94,9526
5,9528
14,9528
15,9528
100,9529
4,9529
16,9530
49,9530
19,9531
20,9531
37,9531
4,9533
92,9533
27,9534
3,9535
99,9535
50,9538
24,9541
28,9541
85,9542
11,9544
30,9546
58,9546
82,9546
97,9546
9,9549
77,9552
34,9553
16,9554
72,9555
90,9555
73,9557
18,9558
20,9558
70,9558
89,9559
91,9559
28,9561
33,9562
14,9563
12,9564
68,9565
72,9566
91,9566
34,9567
57,9567
66,9567
21,9568
42,9568
50,9568
39,9571
33,9572
51,9572
83,9573
43,9575
16,9579
79,9580
18,9581
34,9582
35,9584
36,9584
47,9586
49,9587
98,9587
34,9589
8,9590
60,9590
81,9590
68,9591
8,9592
63,9592
11,9593
93,9593
63,9595
76,9596
10,9604
69,9605
71,9605
82,9606
3,9607
5,9608
14,9608
46,9608
53,9611
4,9612
52,9612
4,9613
17,9613
50,9613
19,9615
22,9615
87,9616
91,9616
5,9617
3,9618
36,9618
76,9619
77,9619
89,9621
100,9622
96,9622
13,9623
14,9623
56,9623
40,9624
77,9624
22,9625
29,9626
55,9627
66,9627
14,9629
80,9629
73,9630
67,9632
3,9633
29,9634
32,9635
86,9635
42,9636
4,9637
27,9638
5,9640
50,9641
3,9642
24,9643
39,9644
59,9644
4,9645
5,9646
62,9646
49,9647
63,9649
62,9651
73,9652
69,9653
52,9655
72,9656
12,9657
35,9657
59,9657
14,9658
36,9658
55,9659
99,9660
43,9661
62,9661
86,9661
1,9662
100,9663
2,9663
52,9663
61,9663
81,9663
65,9664
1,9665
62,9665
2,9666
37,9666
1,9667
95,9667
64,9669
2,9670
66,9674
80,9675
90,9675
93,9675
46,9676
72,9676
83,9677
32,9678
21,9679
41,9679
79,9682
90,9683
8,9686
27,9686
75,9686
3,9689
4,9690
88,9690
3,9691
91,9691
5,9692
4,9693
44,9693
84,9693
32,9694
54,9694
5,9695
1,9696
3,9696
41,9696
59,9696
4,9697
3,9698
23,9698
32,9698
12,9699
32,9699
42,9699
2,9700
5,9700
30,9700
98,9700
1,9701
5,9701
2,9703
1,9704
4,9704
2,9705
84,9705
96,9705
96,9708
86,9709
44,9710
67,9710
31,9714
40,9715
96,9716
79,9717
81,9717
64,9721
22,9722
27,9722
1,9726
30,9728
38,9728
66,9728
83,9728
62,9729
94,9729
2,9730
16,9730
59,9731
1,9732
45,9732
44,9733
88,9733
51,9734
77,9734
2,9735
14,9735
1,9736
26,9736
35,9738
55,9738
99,9738
2,9739
9,9739
3,9742
4,9743
4,9744
20,9744
50,9744
75,9744
1,9745
1,9746
21,9746
5,9747
41,9747
42,9747
63,9747
3,9748
49,9748
2,9749
50,9749
50,9751
76,9751
2,9752
5,9752
55,9752
68,9752
1,9754
2,9757
46,9757
90,9757
38,9758
9,9759
39,9759
68,9762
25,9763
23,9764
48,9764
76,9765
81,9765
24,9766
31,9768
71,9768
25,9769
35,9769
43,9770
3,9773
18,9773
5,9775
82,9775
4,9776
95,9778
100,9779
3,9779
5,9781
4,9782
93,9783
62,9784
86,9784
99,9785
63,9787
66,9787
79,9787
99,9787
7,9788
54,9792
51,9797
99,9797
1,9798
21,9798
69,9798
1,9800
37,9800
76,9800
2,9801
93,9801
75,9802
91,9802
1,9803
35,9803
2,9804
37,9804
2,9806
38,9807
42,9807
80,9807
59,9810
83,9811
1,9812
72,9812
2,9813
48,9814
1,9815
67,9815
1,9816
2,9817
28,9817
70,9818
88,9818
2,9819
93,9819
50,9820
16,9823
44,9824
77,9824
100,9828
91,9828
50,9829
54,9831
90,9831
1,9833
3,9833
63,9833
81,9833
2,9834
20,9834
1,9835
57,9835
65,9836
4,9837
4,9838
5,9840
1,9841
3,9841
80,9841
2,9843
41,9844
59,9844
85,9844
2,9845
44,9845
5,9847
55,9849
94,9849
6,9850
99,9850
18,9853
85,9854
97,9854
7,9856
99,9856
24,9857
1,9861
2,9862
89,9862
1,9863
1,9866
77,9866
34,9867
57,9867
2,9868
45,9869
2,9871
6,9871
38,9875
44,9876
1,9877
8,9877
22,9877
55,9877
60,9877
18,9879
2,9880
3,9880
8,9880
1,9881
4,9881
16,9881
1,9882
4,9883
22,9883
90,9883
15,9884
46,9884
81,9884
2,9885
82,9886
2,9887
5,9887
26,9887
46,9887
18,9888
88,9888
91,9889
3,9890
5,9892
14,9892
22,9892
25,9892
57,9892
59,9892
61,9895
72,9895
83,9896
75,9897
100,9898
18,9898
48,9898
82,9899
27,9900
64,9901
26,9904
74,9908
97,9909
69,9910
6,9911
15,9911
21,9911
37,9911
92,9911
3,9912
7,9912
4,9914
81,9914
3,9915
4,9917
64,9917
97,9917
17,9918
56,9918
5,9919
34,9919
37,9919
14,9920
58,9920
15,9921
21,9921
78,9921
5,9923
12,9923
20,9924
43,9924
93,9924
68,9925
69,9925
74,9925
74,9932
18,9933
99,9933
55,9934
94,9934
38,9936
77,9937
24,9938
43,9938
30,9939
31,9939
34,9939
44,9939
25,9940
98,9941
17,9942
43,9942
57,9943
90,9943
29,9944
7,9945
7,9946
16,9946
49,9946
64,9946
46,9947
72,9948
94,9948
32,9949
55,9951
70,9952
15,9953
45,9954
73,9955
21,9957
3,9958
67,9958
4,9960
42,9960
5,9962
54,9962
40,9963
57,9963
72,9963
3,9964
4,9965
36,9965
96,9965
5,9966
42,9966
23,9967
1,9968
3,9968
78,9968
2,9969
4,9969
75,9969
1,9970
64,9970
2,9971
1,9972
5,9972
90,9972
4,9973
33,9973
48,9973
74,9973
80,9973
2,9975
100,9976
3,9976
1,9978
5,9978
7,9980
52,9980
93,9980
2,9981
29,9981
48,9981
57,9981
72,9981
76,9981
54,9982
68,9983
77,9983
1,9984
1,9985
38,9985
91,9985
2,9986
68,9986
81,9987
2,9988
36,9989
47,9989
80,9989
67,9990
77,9992
68,9993
3,9995
49,9995
67,9995
4,9996
5,9997
3,9998
26,9998
4,9999
20,9999
26,9999
33,9999
36,9999
