9,1
6,2
25,3
8,4
11,4
19,4
12,5
17,6
8,11
8,14
6,15
21,16
12,17
16,21
23,23
18,24
23,27
5,29
13,32
24,32
18,34
1,38
2,39
3,40
1,41
4,41
20,41
1,42
5,44
5,45
20,45
2,46
3,46
21,46
4,47
2,48
5,48
7,49
13,49
13,51
9,54
23,54
22,55
13,56
1,57
6,59
13,59
2,60
2,63
16,63
1,64
1,65
21,65
2,66
18,66
14,67
5,68
2,70
12,70
24,70
8,72
10,72
12,72
12,73
16,75
20,75
7,84
8,85
5,88
18,88
11,90
21,92
17,95
15,96
7,99
21,101
8,102
20,103
13,104
21,104
23,108
25,113
16,113
9,114
25,118
9,121
11,121
9,125
9,126
23,126
22,129
16,130
24,130
10,131
13,133
3,135
23,135
25,136
11,141
11,146
14,151
7,154
6,155
20,156
13,158
3,160
4,163
17,163
5,164
4,165
3,170
5,170
21,172
3,173
8,173
5,174
1,175
1,176
22,176
2,177
1,178
6,179
22,180
2,181
2,182
8,182
14,184
12,187
3,189
23,190
25,191
5,192
14,194
4,196
5,197
15,197
19,197
3,199
9,199
1,200
1,201
4,201
10,201
2,202
1,203
2,205
2,206
15,209
8,210
10,210
20,210
12,211
18,211
3,213
5,215
6,216
4,217
9,220
13,221
4,223
3,224
4,226
5,226
1,227
19,227
2,229
24,229
1,231
19,231
2,232
1,234
21,236
2,237
14,239
6,242
14,242
20,242
1,243
21,245
1,246
16,246
2,248
1,249
2,250
6,250
2,252
3,254
17,254
4,255
3,256
8,256
1,257
5,257
13,257
4,258
2,259
1,260
5,260
2,262
1,263
20,263
2,264
8,273
18,276
12,281
1,283
1,284
2,285
2,286
18,286
1,288
14,288
2,289
2,294
15,298
22,298
3,300
4,303
3,304
20,304
5,307
4,308
19,308
22,308
5,312
21,312
3,315
5,316
4,318
1,319
2,320
18,320
1,321
1,324
25,327
2,327
3,328
2,329
7,330
19,330
5,331
20,333
1,335
4,335
2,336
1,337
21,338
1,339
22,340
2,342
19,342
11,343
23,343
9,344
2,346
16,347
17,351
22,353
14,355
16,355
10,356
14,358
17,359
25,361
17,367
23,374
22,379
17,383
3,384
4,386
15,386
3,387
7,387
4,388
22,388
14,390
5,392
5,393
5,395
7,395
5,400
3,401
7,401
4,402
9,402
14,402
3,403
5,404
11,406
22,406
5,407
4,408
6,408
3,409
5,410
4,411
3,415
14,415
23,415
4,417
5,418
16,419
1,420
11,420
12,422
3,425
18,425
25,426
9,426
11,427
18,430
13,431
10,432
25,433
4,433
24,433
5,434
5,435
3,436
4,437
6,437
14,438
12,440
11,445
14,445
1,447
1,448
23,448
9,449
18,451
21,451
2,452
14,453
19,453
2,454
6,454
1,455
15,455
2,458
6,459
11,460
9,463
8,465
9,466
16,468
21,469
25,470
17,470
8,472
10,475
18,477
11,478
8,482
1,484
2,485
1,487
19,489
12,490
1,491
2,493
21,493
6,494
10,494
2,497
24,497
12,499
3,503
4,504
4,505
3,506
5,508
5,509
25,516
1,520
18,520
1,522
2,523
11,523
3,525
1,526
2,528
4,528
4,529
2,531
3,531
10,531
5,535
6,535
11,537
5,539
24,543
7,552
1,554
11,554
13,554
14,556
24,559
2,560
14,560
1,561
8,562
2,564
3,564
1,565
6,565
7,565
13,567
2,568
18,568
4,569
4,570
3,571
18,572
5,573
25,575
5,575
14,578
24,578
8,579
15,581
9,584
21,585
6,587
13,597
21,598
22,605
25,614
12,615
18,618
19,618
13,619
14,621
15,621
20,623
15,624
12,626
10,627
14,627
3,630
18,634
22,634
12,635
13,637
17,638
8,641
15,642
6,643
3,647
6,648
8,648
5,649
20,649
4,650
4,652
22,652
23,652
5,653
3,655
18,655
25,656
11,657
25,661
17,662
23,666
15,670
19,673
21,673
3,674
7,674
5,676
1,677
5,678
4,679
5,680
8,680
4,681
14,681
3,682
12,682
17,684
7,688
10,689
19,693
14,694
22,696
24,696
23,697
1,698
11,701
17,701
1,703
17,704
2,705
19,705
2,706
1,707
2,708
16,712
19,712
3,715
4,716
1,717
8,718
1,720
11,721
17,721
8,723
10,723
5,724
3,725
2,726
8,726
1,728
2,730
4,730
2,731
5,731
19,735
12,737
22,740
3,743
5,744
4,745
3,746
16,746
4,748
21,750
5,752
7,753
24,755
2,757
9,758
14,760
20,760
22,761
1,763
2,764
1,765
6,766
1,767
21,767
2,769
2,770
3,772
5,773
13,774
16,775
1,777
5,777
7,777
19,777
4,779
1,780
8,780
2,781
4,781
5,781
7,781
19,784
1,785
1,786
3,786
24,786
2,787
2,788
17,789
17,791
19,791
16,794
19,794
6,795
7,801
23,802
16,803
3,804
4,805
15,805
1,806
16,807
5,808
1,810
2,811
3,811
5,812
20,813
2,814
4,815
1,816
2,818
2,819
14,819
8,823
2,824
9,824
17,826
15,827
17,829
1,830
5,830
12,831
2,832
1,833
2,835
16,835
24,835
3,836
1,837
5,837
11,837
15,837
2,838
6,838
4,839
6,841
1,842
4,842
3,843
7,843
5,844
5,852
9,852
10,853
8,854
1,855
20,855
1,857
2,860
1,861
18,861
6,864
15,864
2,865
2,866
19,870
21,872
22,880
1,883
2,884
19,886
25,888
1,888
2,889
1,890
2,891
22,894
21,895
23,896
25,897
3,897
23,897
5,898
8,898
11,899
5,900
1,901
14,901
4,903
4,909
1,910
17,910
20,910
23,910
2,911
3,911
8,911
1,913
11,913
15,916
2,917
25,920
2,921
16,921
1,928
2,929
1,930
1,932
12,933
20,933
6,934
19,935
24,935
2,936
12,936
2,937
10,937
18,938
14,942
14,944
9,945
23,945
1,948
2,949
11,949
1,950
1,951
2,953
11,953
2,954
20,961
19,962
21,962
10,963
24,965
23,969
16,975
1,976
2,977
7,977
10,977
1,979
17,982
2,983
13,983
18,985
1,986
11,987
2,988
12,990
21,990
6,993
17,993
1,995
2,996
15,996
23,996
1,997
22,999
2,1002
1,1003
6,1003
12,1003
19,1003
24,1003
14,1006
8,1008
2,1010
21,1013
19,1014
13,1018
9,1024
10,1024
25,1029
18,1033
17,1034
25,1036
22,1036
25,1037
10,1038
23,1041
19,1044
25,1045
7,1046
22,1054
23,1054
25,1056
13,1057
14,1060
1,1062
1,1064
11,1064
14,1064
2,1065
1,1066
8,1066
2,1067
3,1068
2,1070
8,1070
8,1081
23,1081
6,1086
12,1086
20,1086
14,1089
9,1090
19,1091
3,1095
21,1096
1,1098
4,1098
4,1099
2,1100
5,1100
5,1101
1,1102
2,1103
1,1106
3,1107
2,1108
1,1112
1,1113
2,1114
20,1114
2,1115
18,1115
1,1118
2,1119
7,1120
15,1121
12,1125
11,1131
17,1131
1,1132
3,1135
11,1140
12,1140
1,1142
14,1142
23,1144
1,1145
12,1145
2,1146
22,1146
6,1147
1,1149
2,1150
19,1151
2,1152
21,1153
22,1161
12,1164
11,1166
14,1166
8,1167
14,1167
13,1173
19,1173
15,1182
19,1182
14,1187
19,1187
3,1189
9,1189
16,1189
1,1190
20,1190
1,1191
23,1191
2,1194
1,1195
5,1195
20,1196
23,1197
4,1198
13,1198
2,1199
3,1200
17,1200
25,1201
2,1201
4,1201
13,1202
5,1203
3,1206
21,1206
16,1207
21,1208
5,1210
4,1211
25,1212
4,1212
5,1213
15,1213
20,1215
3,1217
11,1217
6,1223
9,1226
24,1227
19,1228
16,1229
19,1229
6,1230
14,1232
3,1233
4,1234
8,1236
16,1236
3,1237
5,1238
19,1239
22,1239
4,1240
5,1241
7,1241
15,1241
17,1242
22,1242
22,1243
3,1245
5,1247
22,1247
4,1248
12,1248
3,1249
9,1250
5,1251
17,1253
4,1254
19,1257
12,1260
14,1265
14,1267
19,1268
14,1269
20,1269
25,1271
6,1273
10,1275
17,1275
9,1278
1,1279
13,1279
1,1280
20,1280
2,1282
3,1282
6,1282
9,1282
4,1284
2,1286
4,1286
1,1287
7,1287
3,1288
2,1289
5,1289
5,1290
1,1292
1,1293
19,1295
2,1297
1,1298
2,1299
2,1302
6,1304
11,1312
9,1315
9,1317
12,1317
14,1317
8,1322
10,1323
19,1324
20,1326
25,1327
17,1329
21,1330
19,1332
10,1333
11,1333
1,1335
23,1335
2,1336
1,1337
19,1337
2,1338
9,1338
17,1339
1,1340
2,1341
17,1341
1,1345
8,1345
1,1347
9,1348
2,1350
21,1353
1,1355
2,1356
2,1357
11,1361
18,1365
20,1365
21,1367
6,1372
3,1374
5,1375
5,1376
4,1377
3,1379
11,1379
4,1380
22,1382
12,1393
17,1398
18,1400
22,1400
20,1402
14,1404
12,1406
15,1406
21,1406
15,1414
3,1415
18,1415
4,1416
5,1419
3,1420
24,1421
4,1422
5,1424
19,1424
10,1426
14,1426
16,1426
13,1429
16,1429
24,1430
16,1431
17,1431
13,1433
21,1435
24,1437
17,1441
22,1443
24,1445
6,1452
13,1454
23,1454
25,1465
16,1467
1,1471
13,1474
2,1475
23,1477
1,1478
22,1479
9,1480
10,1480
2,1482
1,1483
24,1484
2,1485
3,1485
14,1486
4,1487
5,1488
6,1489
15,1492
17,1496
18,1496
5,1497
7,1498
3,1499
4,1503
1,1505
1,1510
6,1510
1,1511
15,1511
2,1512
15,1512
1,1514
6,1514
11,1514
24,1515
2,1516
2,1517
8,1518
3,1521
17,1522
3,1525
20,1526
5,1527
12,1528
22,1528
1,1530
4,1531
10,1531
1,1532
2,1533
5,1533
2,1535
8,1535
1,1536
4,1536
16,1536
2,1537
3,1537
14,1537
12,1540
25,1541
18,1544
1,1546
16,1548
1,1549
2,1552
2,1553
1,1554
2,1555
3,1555
5,1556
6,1556
4,1559
6,1559
14,1559
22,1559
12,1560
4,1561
3,1562
11,1563
5,1564
6,1573
9,1581
18,1584
1,1585
19,1585
1,1588
15,1588
16,1588
2,1590
3,1590
1,1591
25,1592
5,1592
2,1593
4,1593
19,1593
3,1594
2,1597
5,1597
4,1598
9,1598
24,1599
1,1602
2,1603
1,1604
1,1605
1,1606
3,1606
18,1606
2,1608
4,1610
14,1611
2,1613
9,1613
11,1613
13,1614
14,1614
14,1616
1,1618
1,1620
9,1620
17,1620
2,1621
17,1622
1,1623
18,1623
2,1625
13,1625
24,1629
2,1630
6,1632
20,1637
13,1639
14,1639
7,1640
14,1653
22,1657
1,1660
7,1660
1,1661
2,1662
2,1663
6,1663
10,1663
1,1664
19,1664
24,1665
2,1666
3,1673
4,1674
4,1675
3,1676
5,1677
18,1677
5,1678
6,1681
20,1682
7,1686
9,1686
20,1687
3,1688
7,1689
13,1689
4,1691
5,1692
3,1695
5,1696
8,1696
18,1696
4,1698
8,1701
24,1702
25,1703
1,1708
2,1710
13,1710
22,1712
17,1713
21,1713
1,1714
1,1715
24,1715
2,1716
19,1716
2,1718
3,1721
5,1722
14,1722
1,1723
1,1724
5,1726
2,1727
4,1727
1,1728
3,1728
2,1730
9,1730
2,1731
4,1731
16,1732
1,1740
1,1741
2,1745
2,1746
1,1748
5,1748
14,1748
2,1750
8,1750
5,1753
10,1753
3,1754
17,1754
10,1760
6,1761
7,1765
18,1769
7,1770
18,1771
10,1774
14,1775
10,1778
24,1782
1,1783
2,1784
6,1785
11,1785
22,1785
1,1786
1,1787
16,1787
2,1789
2,1790
12,1790
19,1791
11,1792
25,1797
12,1797
18,1803
3,1804
3,1805
9,1805
15,1805
22,1805
5,1806
20,1806
21,1806
9,1807
4,1809
15,1809
4,1810
3,1811
12,1812
5,1813
20,1813
3,1815
4,1816
22,1816
5,1817
3,1818
4,1819
13,1819
5,1820
19,1822
20,1824
6,1828
22,1833
13,1837
25,1839
24,1840
16,1841
22,1842
20,1843
17,1850
3,1851
5,1852
12,1852
5,1853
4,1858
3,1859
4,1860
12,1860
24,1862
20,1871
3,1877
13,1877
24,1878
6,1879
21,1879
12,1880
7,1882
17,1886
8,1889
19,1890
25,1897
22,1897
23,1897
15,1900
8,1906
18,1909
20,1909
8,1916
18,1916
25,1919
3,1920
11,1921
6,1928
17,1928
24,1929
6,1930
19,1930
6,1931
6,1933
21,1933
16,1936
8,1939
3,1943
4,1944
18,1944
22,1944
25,1946
5,1946
10,1946
1,1948
18,1948
19,1949
5,1950
2,1951
5,1951
3,1952
21,1952
1,1953
1,1954
4,1955
17,1955
2,1956
2,1957
3,1959
13,1959
5,1963
17,1963
4,1964
8,1964
4,1965
3,1966
12,1966
16,1966
5,1967
1,1974
1,1975
24,1975
24,1979
8,1983
2,1984
20,1985
1,1986
9,1986
2,1987
2,1988
9,1989
3,1990
12,1992
19,1992
25,1994
1,1995
1,1996
4,1996
17,1996
2,1997
3,1997
1,1998
5,1998
2,1999
5,2000
9,2000
16,2000
11,2001
2,2002
10,2006
4,2007
19,2008
16,2010
23,2012
19,2013
18,2014
17,2019
19,2019
1,2023
9,2023
2,2026
18,2026
1,2028
3,2028
13,2028
2,2029
4,2030
1,2031
2,2033
5,2036
4,2038
8,2038
3,2041
14,2041
5,2043
12,2047
3,2053
5,2054
4,2056
5,2057
4,2058
3,2059
7,2059
7,2061
11,2065
25,2066
11,2067
22,2067
11,2068
9,2069
8,2071
13,2071
2,2072
13,2072
3,2073
14,2074
11,2075
23,2075
5,2076
17,2076
4,2077
16,2079
19,2079
3,2084
21,2084
1,2085
25,2086
5,2086
9,2087
4,2088
1,2093
2,2095
8,2096
1,2097
21,2097
2,2098
1,2099
2,2100
19,2106
6,2107
12,2109
17,2109
24,2109
21,2112
13,2113
22,2115
20,2116
15,2117
9,2122
21,2124
7,2126
13,2131
23,2135
9,2141
14,2142
23,2142
18,2147
1,2148
2,2151
1,2152
24,2155
2,2157
19,2159
1,2160
2,2162
7,2163
3,2167
15,2167
17,2167
4,2169
5,2170
4,2171
3,2172
5,2173
15,2173
16,2177
24,2189
13,2190
16,2190
1,2194
2,2195
1,2200
1,2201
2,2203
18,2204
2,2205
12,2207
19,2208
8,2210
21,2212
22,2212
17,2213
3,2219
4,2221
6,2221
3,2223
8,2223
1,2225
2,2226
5,2226
16,2226
19,2226
24,2226
5,2227
23,2227
1,2229
4,2229
1,2231
16,2232
2,2234
23,2234
2,2235
15,2236
13,2237
3,2238
3,2239
6,2239
19,2239
9,2240
18,2241
20,2241
5,2245
11,2245
4,2248
25,2249
3,2249
11,2249
5,2250
4,2252
25,2256
9,2256
25,2259
20,2259
25,2260
1,2264
22,2265
8,2267
19,2267
16,2268
19,2269
19,2272
19,2277
24,2277
11,2284
11,2286
1,2289
1,2290
17,2290
16,2291
20,2291
2,2292
2,2294
24,2294
3,2295
20,2295
17,2296
1,2297
4,2298
6,2298
2,2299
6,2299
22,2300
4,2301
9,2301
3,2303
16,2303
5,2304
17,2306
5,2307
24,2307
11,2310
14,2310
15,2314
11,2315
1,2316
1,2317
4,2317
2,2318
1,2321
5,2321
2,2322
2,2325
25,2329
14,2331
16,2331
21,2332
8,2333
15,2333
14,2335
13,2336
20,2337
19,2338
11,2339
11,2340
3,2343
5,2344
4,2346
20,2348
3,2349
19,2350
4,2351
20,2351
1,2352
5,2352
9,2352
2,2353
25,2355
1,2355
7,2356
9,2357
3,2358
1,2360
2,2361
4,2361
2,2363
3,2363
9,2363
20,2364
5,2365
4,2366
5,2367
7,2368
14,2369
18,2377
11,2383
13,2385
20,2386
3,2390
5,2391
14,2391
4,2392
7,2392
4,2394
16,2396
15,2397
3,2399
5,2400
13,2401
22,2406
18,2408
10,2409
14,2409
9,2411
22,2416
14,2418
22,2418
2,2419
15,2419
19,2419
11,2420
6,2422
8,2426
20,2427
11,2429
16,2433
10,2437
6,2441
18,2447
18,2448
24,2448
11,2451
21,2452
3,2453
1,2454
4,2455
8,2455
14,2455
5,2458
24,2458
1,2459
3,2461
5,2461
17,2461
11,2462
2,2464
4,2465
11,2465
17,2465
3,2468
14,2470
14,2471
2,2473
14,2475
1,2478
2,2481
15,2481
25,2489
1,2492
2,2493
19,2494
23,2494
3,2497
1,2498
4,2498
15,2498
24,2498
5,2499
1,2500
5,2500
6,2500
15,2500
22,2500
2,2501
6,2501
2,2502
20,2502
8,2503
4,2504
21,2504
3,2505
21,2509
21,2512
19,2514
21,2514
22,2517
15,2519
7,2523
16,2525
22,2526
13,2527
14,2530
17,2532
25,2533
18,2533
1,2535
17,2536
2,2537
16,2537
17,2537
3,2538
1,2539
19,2539
1,2540
4,2540
2,2541
3,2542
19,2542
2,2543
5,2543
4,2544
5,2545
23,2548
21,2549
8,2550
16,2550
22,2551
23,2552
12,2557
14,2560
15,2562
20,2562
6,2565
23,2566
20,2567
3,2573
25,2576
25,2578
24,2581
20,2583
24,2584
7,2585
9,2585
21,2585
5,2587
3,2589
4,2590
5,2592
4,2593
5,2594
24,2594
3,2595
17,2595
15,2600
10,2603
1,2611
1,2614
12,2614
14,2614
20,2614
21,2615
17,2616
23,2616
2,2618
1,2619
2,2623
2,2624
20,2628
23,2633
18,2635
23,2635
19,2637
1,2639
22,2639
7,2641
16,2641
10,2642
1,2643
2,2644
11,2644
1,2645
6,2645
2,2646
23,2646
2,2649
10,2653
21,2657
17,2660
17,2664
18,2669
10,2671
19,2673
2,2678
14,2678
1,2681
6,2681
23,2681
2,2683
20,2685
1,2686
11,2686
2,2690
17,2690
1,2691
18,2691
2,2692
18,2696
19,2699
18,2703
1,2706
17,2709
2,2713
1,2716
8,2716
18,2716
11,2717
18,2718
1,2719
18,2721
2,2722
14,2722
2,2723
1,2724
13,2724
24,2724
2,2726
3,2726
1,2727
4,2727
21,2728
2,2729
4,2729
1,2730
25,2731
2,2731
5,2731
3,2732
11,2732
5,2734
23,2735
25,2736
3,2737
4,2738
6,2738
22,2738
5,2739
15,2739
3,2742
4,2744
5,2745
6,2745
20,2747
23,2747
8,2750
7,2751
14,2751
3,2754
24,2757
10,2758
19,2758
25,2759
17,2764
3,2765
17,2765
18,2766
21,2767
10,2768
4,2769
18,2769
5,2771
3,2772
5,2773
9,2773
4,2774
8,2776
22,2777
1,2783
20,2783
1,2785
18,2786
8,2787
2,2789
2,2790
10,2793
1,2794
18,2795
16,2796
2,2798
20,2803
20,2807
7,2811
1,2812
19,2812
3,2813
19,2813
1,2814
5,2814
21,2816
2,2817
5,2818
16,2818
4,2820
1,2821
10,2821
6,2822
3,2823
2,2824
14,2824
24,2824
2,2825
4,2825
6,2827
5,2828
10,2828
24,2828
25,2836
3,2845
6,2845
15,2846
22,2847
24,2848
7,2854
3,2860
5,2862
18,2862
4,2863
13,2864
4,2865
3,2866
6,2866
23,2867
1,2868
5,2868
8,2868
1,2869
2,2870
6,2872
20,2872
2,2873
8,2876
1,2878
17,2878
2,2879
16,2880
21,2882
13,2883
3,2886
11,2887
5,2889
4,2890
23,2890
6,2891
17,2892
5,2893
13,2893
4,2894
18,2895
3,2898
17,2903
21,2905
18,2908
7,2910
8,2914
6,2915
11,2915
5,2920
21,2922
3,2923
14,2923
24,2923
25,2924
23,2926
1,2927
1,2928
2,2930
22,2930
9,2931
15,2932
2,2933
7,2935
1,2937
2,2938
19,2942
1,2949
2,2951
1,2955
10,2955
1,2956
2,2957
6,2957
1,2959
14,2960
18,2960
2,2961
14,2964
6,2966
21,2967
7,2968
7,2979
11,2979
14,2980
6,2982
25,2985
6,2989
13,2989
23,2997
10,2998
17,2998
7,2999
12,3000
20,3003
11,3005
16,3006
3,3010
25,3011
4,3011
4,3012
5,3014
7,3014
5,3015
3,3017
7,3020
21,3020
11,3022
13,3031
10,3034
16,3036
20,3038
10,3040
6,3043
23,3043
5,3044
20,3048
8,3050
13,3050
14,3050
1,3051
1,3053
9,3054
15,3054
2,3056
12,3056
1,3058
2,3059
12,3059
24,3062
6,3063
10,3063
6,3065
2,3066
11,3067
12,3071
19,3071
1,3073
2,3074
1,3075
2,3076
4,3076
1,3077
2,3078
25,3079
15,3079
11,3080
11,3088
19,3089
23,3089
7,3090
1,3095
2,3096
6,3096
7,3096
9,3097
18,3098
1,3099
3,3099
6,3099
2,3100
10,3100
5,3102
1,3103
4,3103
11,3103
2,3104
3,3104
5,3105
4,3106
15,3111
6,3112
11,3113
14,3116
16,3116
3,3120
8,3120
13,3120
23,3120
4,3121
3,3122
23,3122
14,3123
20,3123
5,3128
4,3131
12,3132
5,3133
14,3133
7,3138
16,3141
8,3142
9,3147
7,3152
23,3152
19,3154
3,3155
4,3157
10,3157
5,3160
23,3160
5,3162
25,3164
1,3165
1,3166
3,3166
19,3166
4,3167
21,3167
2,3169
12,3169
20,3171
1,3173
2,3174
10,3175
15,3175
3,3176
5,3177
2,3178
4,3179
5,3180
5,3181
13,3181
4,3183
12,3184
17,3186
18,3186
3,3187
14,3187
17,3187
16,3188
25,3190
19,3192
17,3195
23,3198
17,3199
8,3203
14,3205
13,3209
2,3213
7,3216
22,3218
19,3220
22,3222
6,3224
10,3225
3,3227
15,3227
16,3227
4,3228
5,3229
3,3232
5,3235
4,3236
16,3237
15,3242
21,3253
16,3254
19,3254
11,3255
21,3255
10,3256
16,3257
19,3258
14,3259
8,3260
22,3261
15,3262
10,3263
18,3263
3,3265
4,3267
23,3267
3,3268
13,3268
16,3268
5,3270
15,3270
5,3271
22,3271
4,3272
15,3272
22,3273
20,3276
15,3277
5,3278
23,3278
24,3278
25,3279
11,3279
7,3284
19,3288
21,3288
3,3292
23,3292
4,3293
20,3293
5,3294
19,3294
5,3295
12,3295
3,3297
4,3298
13,3299
14,3303
18,3303
24,3303
22,3307
13,3310
19,3311
25,3315
14,3316
19,3316
8,3319
8,3321
10,3322
9,3327
21,3329
6,3331
17,3331
17,3333
18,3334
22,3334
8,3338
23,3342
1,3346
21,3346
1,3347
7,3347
2,3349
7,3349
10,3349
12,3349
1,3350
18,3350
2,3352
19,3353
2,3355
18,3359
14,3360
15,3360
14,3363
10,3364
20,3364
13,3375
21,3375
1,3376
1,3378
2,3379
13,3380
1,3382
2,3383
16,3383
22,3383
2,3384
18,3385
12,3386
23,3387
18,3388
1,3396
6,3396
20,3397
6,3400
9,3400
12,3400
12,3401
3,3408
4,3409
12,3409
3,3410
4,3410
5,3411
11,3411
10,3414
3,3417
24,3417
16,3418
20,3418
5,3420
7,3420
14,3420
13,3422
19,3422
13,3423
12,3424
17,3429
15,3430
19,3432
25,3433
11,3434
19,3435
18,3439
14,3440
3,3442
4,3443
15,3443
12,3444
3,3446
23,3446
5,3448
4,3449
17,3449
5,3453
13,3457
11,3458
5,3461
10,3461
20,3468
22,3468
9,3474
25,3475
14,3475
24,3476
5,3479
15,3484
19,3484
5,3487
24,3488
15,3494
16,3495
25,3496
13,3497
20,3497
14,3500
18,3502
3,3511
15,3513
24,3515
9,3517
2,3518
7,3520
13,3521
9,3522
17,3522
3,3537
4,3539
5,3540
5,3541
1,3542
4,3542
8,3542
3,3543
2,3544
6,3544
7,3544
1,3545
10,3547
22,3547
1,3548
2,3549
2,3550
1,3551
23,3551
13,3553
2,3555
23,3559
1,3561
1,3562
2,3563
2,3566
8,3566
9,3567
10,3567
11,3568
18,3568
21,3568
10,3575
24,3575
1,3577
2,3578
1,3582
2,3585
1,3587
6,3587
2,3592
1,3595
2,3598
8,3598
1,3600
2,3601
1,3602
15,3602
8,3604
7,3606
2,3607
25,3609
6,3611
11,3611
3,3612
17,3612
5,3614
4,3615
3,3616
21,3616
4,3617
1,3618
8,3618
2,3619
5,3619
1,3621
1,3623
2,3624
10,3624
2,3626
22,3629
21,3631
11,3635
18,3635
8,3636
14,3637
1,3638
23,3638
7,3643
19,3643
21,3643
23,3643
10,3651
24,3651
21,3653
9,3657
21,3660
3,3661
4,3662
5,3663
11,3664
4,3666
14,3666
22,3666
3,3668
5,3669
15,3672
10,3674
25,3675
23,3675
17,3679
3,3680
21,3680
5,3681
9,3681
4,3682
3,3684
5,3685
1,3686
4,3686
20,3687
2,3689
11,3689
1,3690
3,3690
9,3690
4,3691
2,3692
15,3692
5,3693
12,3693
25,3694
5,3694
3,3695
18,3695
21,3695
4,3696
6,3696
1,3699
2,3700
11,3702
10,3703
21,3703
25,3704
7,3704
12,3704
3,3706
13,3708
15,3711
8,3712
25,3714
17,3716
21,3717
1,3719
2,3720
9,3722
1,3723
19,3723
22,3724
1,3725
22,3725
2,3726
2,3728
20,3728
9,3731
11,3736
21,3738
11,3740
4,3744
16,3744
16,3756
6,3759
3,3762
10,3762
12,3763
21,3763
14,3765
12,3767
19,3772
1,3776
10,3776
23,3777
2,3778
12,3780
1,3781
8,3782
24,3782
2,3783
20,3783
1,3784
2,3785
23,3785
3,3788
25,3789
4,3795
20,3796
4,3797
22,3797
5,3799
3,3801
5,3802
15,3802
22,3802
12,3803
8,3805
8,3806
12,3806
25,3808
1,3809
14,3809
1,3811
2,3813
3,3814
13,3814
5,3815
14,3815
18,3815
2,3816
4,3816
4,3817
22,3818
2,3819
5,3821
19,3821
21,3821
3,3822
13,3824
9,3825
11,3827
18,3827
15,3829
1,3830
2,3831
23,3831
25,3833
4,3833
3,3835
5,3837
4,3839
2,3841
3,3841
5,3843
4,3845
15,3848
17,3848
18,3850
10,3856
15,3858
10,3860
6,3861
15,3862
12,3865
9,3866
17,3869
13,3870
12,3872
19,3872
17,3873
19,3874
5,3876
8,3877
16,3877
6,3883
23,3883
10,3886
21,3886
6,3889
12,3889
25,3890
7,3891
15,3892
14,3897
1,3898
2,3899
20,3901
1,3902
1,3903
2,3904
2,3905
13,3907
20,3907
9,3908
23,3908
17,3912
6,3914
12,3914
15,3915
11,3919
17,3928
12,3930
6,3931
20,3931
16,3938
12,3940
19,3940
21,3944
8,3945
21,3945
12,3946
15,3948
3,3950
4,3951
5,3953
6,3953
5,3954
19,3955
3,3956
14,3958
20,3958
4,3959
6,3962
21,3962
11,3966
13,3970
16,3971
13,3972
7,3973
10,3973
3,3974
9,3974
11,3977
11,3978
17,3980
14,3981
4,3982
10,3982
3,3985
7,3985
10,3985
13,3985
6,3986
24,3986
5,3987
25,3988
4,3989
6,3989
5,3991
15,3992
3,3997
16,3997
21,3998
18,3999
4,4000
3,4002
23,4002
5,4003
5,4004
1,4006
25,4007
2,4008
1,4010
4,4010
22,4010
3,4011
1,4012
4,4012
5,4013
4,4014
2,4015
5,4015
2,4016
3,4016
6,4016
19,4016
23,4017
11,4022
3,4023
11,4024
3,4032
4,4034
16,4036
5,4037
10,4037
4,4040
3,4041
5,4042
18,4044
24,4046
10,4047
11,4048
14,4050
17,4052
20,4053
18,4054
25,4055
15,4055
3,4059
12,4059
5,4060
22,4062
4,4064
10,4064
11,4064
3,4065
5,4065
1,4066
4,4067
5,4068
18,4068
1,4070
2,4071
25,4072
1,4072
8,4072
21,4072
3,4073
2,4074
5,4074
23,4074
24,4074
25,4075
4,4075
2,4076
4,4076
23,4077
3,4078
24,4078
5,4079
18,4079
8,4082
3,4083
4,4084
19,4085
4,4086
5,4086
5,4089
19,4089
12,4093
3,4094
5,4095
19,4095
5,4097
9,4098
18,4100
6,4103
18,4103
11,4104
17,4104
21,4105
9,4111
20,4111
20,4112
24,4114
14,4117
3,4119
5,4120
1,4122
5,4122
9,4123
4,4125
2,4126
4,4126
21,4126
3,4127
1,4128
10,4128
1,4132
2,4133
2,4135
3,4138
4,4139
15,4139
25,4140
3,4140
13,4140
5,4141
22,4141
5,4142
25,4144
4,4144
8,4150
15,4158
22,4160
1,4161
1,4164
13,4164
15,4164
2,4165
2,4166
1,4167
7,4168
20,4168
2,4169
14,4170
17,4170
22,4177
12,4180
1,4181
8,4181
2,4183
8,4183
12,4183
1,4184
1,4185
2,4186
2,4187
12,4188
7,4189
8,4197
15,4202
9,4205
1,4208
1,4210
8,4212
19,4212
2,4214
2,4216
23,4216
25,4217
1,4217
21,4217
2,4218
12,4218
18,4225
24,4228
12,4231
24,4231
17,4235
21,4236
24,4241
1,4246
7,4246
2,4248
10,4250
11,4251
20,4252
1,4255
1,4258
2,4259
14,4259
19,4260
2,4262
10,4267
8,4270
1,4272
22,4272
13,4277
1,4279
7,4279
2,4281
2,4282
1,4284
18,4284
5,4285
2,4286
12,4287
24,4289
5,4290
17,4293
18,4297
14,4298
25,4301
13,4301
3,4302
4,4304
4,4307
5,4308
5,4309
1,4310
3,4310
4,4314
2,4315
1,4316
10,4316
6,4318
1,4320
6,4321
22,4321
2,4322
10,4323
21,4324
2,4325
10,4331
16,4333
21,4335
20,4339
21,4340
10,4343
17,4343
23,4346
21,4347
3,4349
10,4349
22,4349
1,4350
2,4352
4,4352
9,4352
5,4353
1,4355
4,4355
2,4356
23,4358
3,4359
25,4360
1,4360
5,4360
12,4361
3,4364
2,4365
4,4366
4,4367
17,4367
3,4368
16,4368
25,4369
5,4370
5,4372
15,4374
22,4375
1,4382
8,4383
10,4383
22,4387
17,4392
22,4393
11,4394
9,4395
17,4400
18,4401
5,4402
11,4408
23,4410
1,4413
9,4415
9,4419
17,4420
19,4421
9,4422
13,4422
19,4423
22,4423
24,4429
20,4433
3,4436
9,4436
19,4436
5,4438
5,4439
9,4441
4,4443
3,4444
7,4444
4,4447
1,4449
1,4451
18,4451
2,4452
7,4452
1,4454
2,4455
19,4455
2,4457
12,4457
25,4458
23,4461
7,4462
20,4462
15,4464
18,4464
10,4465
14,4465
9,4467
19,4467
15,4470
7,4473
3,4475
12,4475
5,4476
9,4477
4,4478
8,4478
3,4479
4,4479
8,4479
22,4479
4,4480
5,4481
22,4481
24,4482
1,4483
3,4483
1,4484
18,4485
4,4486
3,4489
4,4490
5,4493
6,4493
5,4494
7,4494
9,4505
18,4506
23,4510
22,4511
3,4513
5,4515
4,4518
16,4518
17,4518
18,4519
20,4519
24,4519
5,4520
4,4521
24,4522
3,4523
6,4525
14,4526
23,4528
20,4535
6,4536
14,4536
7,4537
11,4537
16,4539
11,4542
1,4543
3,4543
4,4544
11,4544
5,4545
12,4546
19,4546
4,4547
13,4547
20,4550
3,4551
22,4551
5,4553
6,4554
10,4556
15,4557
9,4560
10,4561
12,4563
3,4566
5,4567
11,4568
4,4569
4,4571
5,4572
3,4573
7,4578
20,4579
7,4582
8,4582
14,4582
8,4584
25,4585
17,4588
14,4590
25,4591
11,4591
10,4601
3,4605
5,4607
4,4608
20,4608
4,4609
5,4610
3,4612
23,4613
6,4614
16,4614
13,4616
16,4620
17,4622
22,4624
24,4625
8,4626
22,4627
3,4631
4,4633
5,4634
23,4634
3,4635
19,4636
4,4637
19,4638
20,4638
5,4639
18,4639
10,4643
19,4643
9,4644
10,4644
11,4644
9,4649
22,4650
19,4651
14,4653
19,4658
24,4658
23,4659
9,4661
15,4669
23,4669
11,4675
19,4676
22,4686
6,4687
1,4688
2,4689
3,4691
1,4692
2,4695
1,4696
4,4696
21,4696
5,4698
7,4698
2,4699
5,4699
4,4700
25,4702
3,4702
23,4703
18,4706
14,4708
16,4713
6,4715
14,4716
22,4717
20,4722
14,4725
1,4727
21,4729
1,4733
2,4734
12,4734
1,4735
1,4736
21,4736
2,4737
16,4737
2,4738
22,4739
25,4741
1,4745
2,4746
21,4748
1,4749
11,4750
2,4752
23,4752
1,4753
23,4753
2,4754
9,4755
1,4756
1,4757
2,4759
24,4760
2,4761
1,4762
2,4763
12,4765
1,4772
2,4775
1,4776
17,4776
7,4780
1,4781
2,4783
17,4783
2,4784
20,4785
24,4796
7,4797
14,4797
10,4798
15,4799
23,4799
11,4803
13,4804
20,4805
1,4808
2,4809
1,4810
2,4811
1,4812
2,4813
19,4813
6,4824
15,4826
25,4827
19,4832
15,4834
16,4834
11,4836
23,4836
20,4840
18,4844
12,4845
19,4846
25,4849
19,4850
25,4852
15,4853
3,4854
5,4856
4,4859
5,4860
10,4860
25,4861
3,4861
8,4862
22,4863
4,4864
1,4866
1,4868
8,4868
2,4869
2,4874
12,4874
1,4875
20,4875
4,4876
21,4876
2,4877
21,4877
15,4879
22,4881
20,4889
7,4890
12,4891
22,4891
16,4892
18,4892
23,4893
23,4895
8,4897
14,4899
6,4901
16,4901
25,4902
3,4902
12,4902
20,4903
4,4904
16,4904
5,4905
11,4905
5,4906
1,4907
3,4910
6,4911
22,4911
4,4912
21,4913
25,4914
2,4916
22,4916
9,4917
22,4917
25,4918
19,4919
1,4920
3,4920
10,4920
1,4922
7,4922
7,4923
8,4923
4,4924
2,4925
3,4925
16,4925
2,4926
12,4927
5,4928
8,4928
25,4929
4,4929
5,4929
9,4931
4,4932
17,4934
25,4944
17,4946
18,4947
21,4947
14,4948
19,4948
1,4951
11,4952
2,4953
24,4953
6,4954
1,4955
1,4956
2,4957
24,4957
2,4958
20,4958
7,4959
9,4961
3,4962
4,4963
5,4964
3,4966
4,4968
5,4969
17,4969
1,4971
2,4974
6,4974
1,4975
2,4976
9,4977
23,4977
18,4979
1,4980
21,4982
2,4983
4,4983
8,4983
19,4983
15,4984
1,4985
2,4987
1,4990
7,4991
20,4991
9,4993
23,4993
23,4994
2,4995
1,4998
10,4998
2,4999
1,5003
2,5004
1,5005
18,5007
2,5008
10,5008
14,5008
19,5008
1,5009
3,5009
5,5010
19,5010
23,5010
2,5012
4,5012
4,5013
9,5013
6,5014
16,5015
3,5016
5,5017
9,5017
18,5018
1,5020
3,5020
6,5020
3,5021
9,5025
7,5026
25,5028
3,5028
4,5029
11,5029
5,5030
25,5031
4,5031
5,5032
3,5033
1,5036
1,5037
2,5040
2,5041
1,5042
2,5044
18,5045
12,5046
10,5048
1,5050
2,5052
3,5052
4,5053
9,5053
3,5054
3,5055
4,5055
17,5055
1,5056
13,5057
14,5057
2,5058
5,5058
1,5060
5,5060
2,5061
9,5063
17,5063
20,5063
15,5065
16,5066
17,5069
18,5069
25,5070
25,5073
22,5073
11,5075
6,5077
1,5078
15,5079
14,5084
10,5086
15,5091
10,5095
12,5096
24,5096
20,5100
6,5102
25,5104
1,5107
14,5107
1,5108
2,5109
6,5109
2,5110
14,5111
1,5112
23,5112
17,5113
2,5114
6,5116
6,5117
8,5117
11,5120
6,5122
6,5125
21,5126
1,5129
20,5129
1,5131
13,5131
22,5131
2,5132
19,5132
1,5134
2,5136
2,5137
22,5138
16,5139
17,5139
25,5141
21,5142
10,5146
15,5146
21,5146
6,5147
9,5148
15,5149
9,5151
20,5158
21,5159
7,5162
23,5162
19,5164
25,5166
22,5169
1,5171
1,5173
2,5174
1,5175
2,5176
15,5179
2,5180
5,5183
12,5185
16,5185
17,5185
17,5187
9,5188
1,5190
1,5192
2,5193
25,5194
2,5196
25,5197
1,5197
2,5198
14,5198
3,5199
5,5201
4,5202
5,5203
3,5204
4,5204
10,5204
17,5204
18,5204
4,5205
6,5205
12,5209
19,5210
24,5210
9,5213
10,5215
20,5216
19,5218
14,5222
22,5223
25,5225
3,5225
11,5225
11,5226
12,5228
3,5230
5,5231
19,5233
22,5233
12,5235
5,5236
7,5236
9,5236
4,5237
3,5238
4,5241
22,5241
17,5244
12,5247
16,5249
11,5250
13,5251
20,5253
15,5255
18,5256
1,5259
17,5260
2,5263
1,5264
2,5265
1,5267
2,5268
4,5270
9,5271
12,5273
19,5273
10,5276
15,5277
8,5280
25,5282
13,5282
17,5282
19,5282
3,5285
22,5285
23,5285
4,5287
13,5287
5,5288
5,5289
12,5289
4,5294
3,5295
10,5303
10,5306
11,5306
10,5308
12,5310
14,5313
7,5317
8,5320
22,5322
23,5323
4,5324
3,5327
10,5328
23,5328
4,5330
16,5330
8,5331
12,5333
5,5334
4,5335
13,5335
14,5336
6,5338
5,5339
9,5339
17,5339
3,5340
24,5342
19,5343
1,5348
1,5349
2,5350
2,5351
1,5352
2,5353
20,5355
18,5357
1,5361
14,5364
18,5364
1,5365
16,5370
10,5372
1,5375
2,5377
3,5378
13,5378
1,5379
8,5379
15,5379
2,5380
23,5380
8,5382
4,5383
1,5384
5,5384
18,5384
4,5385
3,5386
2,5387
5,5387
15,5387
17,5388
18,5389
25,5393
9,5393
13,5393
11,5395
11,5398
3,5399
4,5400
5,5401
19,5402
1,5406
19,5406
2,5407
5,5407
1,5408
7,5408
1,5409
4,5409
3,5410
22,5410
20,5412
7,5413
2,5414
2,5416
25,5417
19,5418
3,5420
4,5422
7,5423
4,5424
23,5424
5,5425
11,5425
12,5427
16,5427
3,5428
15,5428
17,5428
5,5429
7,5430
7,5431
17,5431
25,5436
25,5438
13,5441
15,5445
2,5446
7,5448
9,5448
3,5451
6,5452
4,5453
1,5454
5,5454
1,5455
2,5456
11,5456
24,5456
4,5457
1,5458
10,5458
4,5459
13,5459
2,5460
5,5460
2,5461
3,5462
16,5465
23,5465
14,5467
1,5468
19,5470
21,5470
24,5471
9,5478
18,5480
24,5480
10,5483
7,5484
8,5484
3,5490
10,5490
4,5493
19,5496
21,5496
5,5498
5,5500
1,5501
10,5501
15,5501
4,5502
10,5502
15,5502
2,5504
3,5504
15,5506
20,5506
1,5507
1,5508
2,5509
2,5511
24,5518
10,5520
9,5524
20,5524
24,5524
3,5528
4,5529
23,5529
5,5530
5,5531
22,5531
3,5532
4,5533
7,5535
22,5535
16,5537
24,5538
22,5539
23,5539
16,5549
24,5549
16,5551
3,5555
5,5557
19,5558
7,5560
10,5560
4,5561
3,5563
4,5564
16,5565
5,5566
12,5567
15,5568
1,5572
17,5572
1,5573
2,5575
10,5575
9,5576
2,5577
1,5579
2,5580
20,5580
22,5583
4,5588
11,5589
13,5589
17,5590
9,5594
19,5595
20,5595
18,5596
9,5597
17,5602
21,5607
6,5608
22,5610
25,5611
3,5611
12,5613
16,5627
16,5628
16,5629
3,5631
4,5633
4,5634
17,5634
3,5635
1,5636
5,5636
8,5636
8,5637
5,5639
10,5639
1,5640
22,5640
1,5641
11,5641
2,5642
2,5643
1,5644
2,5647
3,5648
16,5648
17,5649
4,5651
11,5652
20,5652
6,5654
5,5655
7,5655
4,5657
9,5657
22,5658
3,5659
5,5661
21,5663
13,5665
24,5665
25,5668
12,5675
1,5677
2,5680
1,5681
9,5681
15,5681
1,5683
2,5685
2,5688
16,5689
17,5689
25,5690
14,5695
19,5702
21,5702
18,5709
3,5710
11,5716
22,5717
7,5718
1,5720
2,5721
11,5721
1,5722
1,5723
3,5723
8,5723
2,5724
2,5725
5,5725
16,5727
12,5730
4,5731
19,5731
5,5732
16,5732
3,5735
4,5736
3,5741
5,5744
4,5745
12,5745
19,5745
20,5745
6,5746
4,5749
18,5749
3,5750
23,5753
5,5754
20,5754
23,5754
11,5757
6,5758
7,5764
17,5768
13,5773
1,5776
2,5777
1,5779
1,5781
2,5782
2,5783
16,5784
3,5786
23,5786
6,5788
10,5789
5,5790
4,5791
4,5793
3,5794
23,5794
5,5796
8,5796
10,5799
11,5801
24,5806
1,5809
1,5810
6,5810
8,5810
9,5811
25,5813
2,5813
18,5813
2,5815
13,5816
1,5817
25,5818
6,5818
19,5818
19,5819
2,5821
7,5826
13,5826
20,5827
3,5829
4,5830
5,5831
20,5832
10,5833
3,5834
18,5835
4,5837
11,5837
5,5839
1,5844
1,5846
2,5848
8,5849
1,5851
2,5852
2,5855
15,5857
9,5858
13,5858
10,5859
21,5859
7,5860
14,5860
1,5861
1,5862
2,5864
17,5864
8,5865
1,5866
25,5867
2,5867
3,5868
25,5869
2,5869
4,5870
7,5870
11,5870
3,5871
12,5871
5,5872
5,5873
18,5874
20,5876
1,5877
12,5877
4,5878
19,5878
2,5879
1,5881
7,5881
25,5882
1,5882
2,5883
20,5885
18,5886
25,5887
6,5887
2,5888
9,5888
25,5893
23,5893
3,5895
4,5896
1,5897
5,5897
1,5898
5,5898
2,5900
2,5901
1,5902
21,5902
2,5903
16,5903
3,5905
4,5907
22,5908
22,5910
1,5911
12,5911
1,5912
2,5915
21,5917
2,5918
18,5918
19,5918
1,5919
14,5921
2,5923
20,5925
3,5926
21,5926
9,5928
15,5928
18,5931
1,5936
1,5937
3,5938
2,5939
2,5940
4,5940
22,5940
20,5941
1,5942
4,5942
5,5944
16,5944
2,5945
20,5947
5,5948
1,5949
3,5949
9,5949
13,5949
1,5951
2,5952
11,5954
1,5955
9,5957
18,5957
2,5959
3,5959
22,5959
1,5960
5,5960
4,5962
10,5963
23,5963
2,5964
5,5964
4,5966
3,5968
18,5972
21,5974
11,5975
1,5976
22,5976
2,5977
10,5979
15,5979
1,5980
2,5981
1,5982
2,5983
7,5983
9,5983
20,5983
1,5990
2,5995
1,5996
6,5997
8,5997
9,5997
12,5997
1,5999
2,6000
2,6001
13,6001
12,6002
25,6003
20,6004
8,6006
18,6008
8,6011
17,6011
10,6013
13,6014
9,6015
20,6015
13,6021
15,6021
17,6022
24,6025
16,6028
10,6029
3,6030
21,6030
23,6030
4,6031
11,6031
1,6035
6,6035
1,6036
5,6036
3,6038
6,6038
2,6039
4,6039
1,6040
5,6040
2,6041
15,6041
17,6041
24,6041
2,6043
11,6043
12,6043
16,6043
14,6050
1,6052
24,6053
25,6054
22,6055
6,6057
3,6058
17,6058
2,6059
4,6059
1,6060
3,6060
2,6062
14,6063
1,6064
2,6066
10,6066
15,6066
5,6067
4,6068
22,6068
5,6069
11,6069
21,6070
25,6073
9,6074
21,6074
8,6082
22,6083
18,6086
16,6087
17,6089
3,6091
4,6092
4,6093
6,6094
17,6094
13,6096
5,6098
11,6099
18,6099
5,6100
1,6102
3,6102
2,6103
18,6103
1,6104
6,6107
25,6110
2,6110
18,6110
1,6111
3,6113
2,6115
4,6116
23,6117
5,6119
7,6119
19,6119
22,6119
19,6121
5,6122
16,6122
3,6123
24,6123
4,6127
16,6129
6,6131
1,6132
12,6132
2,6134
1,6138
2,6140
1,6143
2,6144
19,6148
25,6151
7,6153
20,6153
6,6155
15,6158
24,6158
15,6159
20,6162
9,6164
1,6166
22,6166
2,6167
3,6168
8,6168
1,6169
5,6169
13,6169
1,6170
15,6171
2,6173
4,6173
3,6174
2,6175
4,6177
5,6178
11,6179
23,6180
24,6180
18,6183
23,6183
17,6185
5,6190
22,6191
8,6194
18,6194
1,6197
25,6200
1,6201
2,6203
2,6204
2,6209
19,6210
24,6211
1,6213
2,6215
20,6217
13,6218
1,6220
2,6221
1,6222
2,6222
3,6222
1,6223
4,6223
5,6224
19,6224
24,6224
2,6225
14,6225
2,6226
3,6227
4,6228
5,6231
4,6233
8,6233
17,6234
14,6236
12,6237
11,6241
11,6242
7,6243
8,6243
20,6246
8,6250
14,6250
13,6254
3,6258
5,6258
11,6258
13,6261
21,6267
13,6269
16,6269
3,6271
4,6272
5,6275
21,6275
1,6278
24,6278
3,6279
2,6280
5,6280
1,6281
4,6281
11,6281
2,6282
4,6284
1,6285
2,6288
8,6290
19,6290
22,6291
3,6294
5,6295
12,6297
20,6298
4,6299
3,6301
5,6303
4,6304
17,6305
15,6306
12,6307
23,6310
6,6313
12,6314
22,6314
10,6315
1,6317
19,6317
7,6322
12,6324
24,6325
3,6326
18,6326
24,6326
16,6328
5,6329
4,6330
21,6330
22,6330
1,6331
1,6332
2,6332
3,6332
13,6333
2,6334
10,6334
2,6335
21,6335
1,6337
6,6337
4,6338
24,6338
2,6339
20,6339
5,6342
22,6342
20,6350
12,6353
19,6353
6,6354
21,6357
17,6358
13,6359
16,6360
1,6363
2,6365
1,6366
1,6367
2,6370
6,6370
15,6371
2,6372
25,6373
5,6373
10,6373
13,6373
22,6379
18,6381
24,6382
8,6383
19,6383
6,6386
9,6386
1,6389
1,6390
20,6390
2,6391
13,6391
1,6392
2,6393
2,6395
15,6395
16,6408
8,6409
15,6414
13,6421
21,6421
21,6424
20,6427
1,6431
23,6431
1,6432
2,6436
23,6436
10,6437
24,6437
2,6438
14,6438
25,6440
1,6441
3,6441
13,6441
2,6442
4,6442
4,6443
24,6443
5,6444
4,6449
19,6450
5,6451
10,6452
3,6455
25,6458
1,6464
3,6464
4,6465
2,6466
3,6466
1,6467
5,6467
24,6469
6,6470
21,6473
10,6474
16,6474
5,6475
2,6476
1,6477
4,6477
2,6478
18,6478
12,6479
15,6479
19,6487
6,6492
22,6492
24,6492
13,6494
24,6497
19,6498
18,6499
3,6501
20,6501
11,6504
4,6507
5,6508
4,6509
9,6510
5,6512
3,6514
23,6514
5,6515
23,6517
10,6518
1,6522
2,6523
1,6524
2,6525
6,6525
1,6526
2,6529
9,6529
9,6531
8,6532
18,6534
11,6535
20,6537
9,6542
6,6543
16,6543
1,6544
2,6545
23,6552
1,6554
2,6557
13,6557
1,6558
2,6561
7,6561
20,6561
16,6568
9,6571
1,6578
2,6579
9,6579
1,6581
16,6581
22,6581
2,6582
1,6585
11,6586
2,6587
14,6590
23,6590
15,6592
21,6594
18,6595
23,6598
22,6601
21,6602
12,6606
24,6606
6,6607
24,6610
14,6611
11,6613
1,6615
15,6615
1,6616
8,6617
2,6619
12,6619
2,6620
1,6621
2,6622
17,6622
8,6623
1,6624
19,6624
19,6625
22,6625
3,6626
15,6626
16,6626
4,6628
4,6629
2,6630
5,6630
19,6630
1,6631
5,6631
1,6632
3,6634
10,6634
18,6636
2,6638
21,6638
2,6640
24,6641
11,6642
18,6653
8,6656
14,6657
6,6658
3,6659
11,6660
5,6663
8,6663
4,6664
3,6665
4,6666
12,6668
5,6670
25,6671
22,6671
11,6672
18,6672
6,6678
21,6680
22,6680
14,6682
18,6684
22,6689
11,6690
6,6692
1,6695
2,6696
25,6699
1,6699
2,6703
1,6704
2,6705
9,6705
13,6705
20,6707
14,6709
20,6711
10,6713
24,6713
11,6714
19,6716
14,6719
16,6719
3,6721
13,6724
20,6724
5,6725
4,6726
10,6726
11,6726
4,6728
5,6729
3,6730
10,6730
1,6731
2,6733
8,6733
11,6734
1,6736
2,6737
19,6737
1,6739
15,6740
20,6740
2,6741
21,6742
6,6743
21,6744
15,6749
14,6753
19,6764
8,6765
10,6765
1,6766
3,6766
9,6766
20,6767
1,6768
5,6768
12,6768
2,6769
5,6769
2,6770
4,6770
22,6770
4,6771
1,6772
12,6772
8,6773
3,6774
2,6775
6,6775
16,6778
3,6791
1,6793
4,6793
4,6794
1,6795
5,6795
2,6796
5,6796
6,6796
13,6796
2,6797
14,6797
3,6798
1,6800
2,6802
14,6802
21,6810
20,6811
14,6815
8,6816
8,6820
17,6820
21,6821
10,6822
16,6823
11,6824
12,6828
11,6829
7,6833
11,6834
23,6836
13,6846
15,6846
2,6847
3,6847
5,6849
5,6850
6,6850
4,6851
14,6851
3,6853
20,6853
4,6854
6,6854
25,6855
1,6858
2,6859
24,6859
25,6861
1,6862
13,6862
1,6863
2,6864
2,6867
13,6867
11,6869
18,6870
6,6871
1,6872
1,6876
2,6877
6,6879
2,6880
1,6881
24,6881
2,6885
3,6888
5,6889
4,6890
3,6891
5,6894
25,6896
1,6896
2,6898
4,6898
18,6898
3,6900
1,6901
4,6901
18,6901
5,6903
1,6904
2,6905
5,6906
9,6906
7,6908
17,6908
4,6909
2,6910
3,6912
20,6917
16,6919
8,6921
6,6922
3,6923
4,6924
12,6924
5,6925
13,6926
13,6928
5,6929
4,6932
21,6932
3,6933
12,6933
15,6934
17,6935
21,6938
12,6940
15,6940
19,6944
20,6944
9,6949
22,6953
8,6954
7,6957
16,6957
7,6958
21,6960
1,6961
1,6962
2,6963
1,6965
2,6966
8,6967
2,6970
15,6973
22,6974
1,6981
5,6981
11,6983
19,6983
22,6986
9,6987
14,6987
25,6990
3,6993
1,6994
4,6996
9,6996
2,6997
3,6997
1,6998
5,6999
8,6999
13,6999
1,7000
5,7000
4,7001
12,7001
17,7001
2,7002
2,7004
1,7006
1,7007
18,7007
24,7007
2,7012
2,7013
1,7014
11,7017
2,7018
6,7019
17,7021
20,7024
25,7027
23,7027
8,7030
1,7031
25,7033
1,7033
2,7036
3,7036
2,7037
4,7037
1,7038
2,7039
3,7040
17,7041
5,7043
18,7044
4,7045
20,7045
5,7046
18,7051
17,7053
3,7055
1,7056
1,7057
12,7057
13,7057
2,7058
12,7058
20,7058
4,7059
1,7060
3,7060
2,7061
4,7061
5,7062
5,7064
2,7065
17,7066
22,7068
19,7070
3,7074
5,7075
4,7076
10,7077
1,7079
5,7079
4,7080
3,7081
1,7082
2,7084
3,7084
11,7085
2,7086
22,7086
1,7087
4,7087
2,7088
15,7088
3,7089
5,7091
5,7092
4,7093
11,7095
22,7095
3,7096
12,7097
19,7099
5,7102
5,7105
19,7105
4,7106
9,7106
17,7107
3,7109
4,7110
16,7113
14,7120
19,7122
25,7125
3,7128
4,7130
4,7131
3,7132
23,7133
1,7134
5,7134
21,7134
7,7135
12,7135
16,7135
19,7135
1,7136
2,7137
5,7137
1,7138
11,7138
18,7138
2,7140
18,7140
8,7142
2,7143
1,7146
1,7147
22,7147
2,7149
2,7150
8,7150
1,7151
22,7151
2,7152
25,7154
24,7156
10,7158
20,7160
15,7162
16,7162
3,7163
5,7164
16,7164
5,7165
1,7170
4,7171
3,7172
4,7173
2,7174
16,7174
1,7175
1,7176
2,7177
20,7179
2,7181
20,7181
21,7182
19,7183
1,7186
2,7187
1,7188
2,7189
8,7189
11,7189
17,7190
23,7192
21,7193
1,7195
2,7197
22,7197
3,7198
13,7199
4,7200
12,7200
21,7200
23,7200
3,7201
25,7203
5,7205
4,7207
5,7210
5,7213
9,7213
18,7217
17,7219
16,7220
23,7222
22,7223
14,7224
19,7224
4,7227
12,7230
12,7232
11,7239
10,7241
18,7245
25,7248
18,7250
25,7256
2,7259
1,7262
1,7264
20,7264
22,7264
2,7265
23,7265
1,7266
2,7268
2,7269
12,7277
7,7278
10,7280
15,7280
20,7281
20,7283
3,7285
4,7287
5,7288
6,7289
4,7290
3,7292
15,7293
5,7294
7,7294
9,7299
21,7302
25,7303
12,7304
16,7304
7,7307
1,7308
3,7308
19,7308
5,7310
12,7310
19,7310
20,7313
1,7314
4,7314
2,7315
1,7316
2,7317
4,7317
6,7317
2,7318
5,7321
1,7322
3,7323
25,7324
23,7327
18,7334
19,7337
22,7337
20,7338
17,7341
22,7342
12,7343
24,7343
10,7346
22,7346
11,7350
1,7354
1,7355
11,7355
2,7356
10,7356
17,7357
2,7360
24,7361
1,7362
2,7363
11,7363
15,7366
15,7375
8,7376
16,7379
6,7382
22,7382
19,7383
20,7383
13,7384
13,7389
8,7390
6,7391
13,7392
12,7395
24,7399
24,7402
24,7406
3,7407
13,7407
14,7408
4,7409
7,7411
25,7412
3,7412
5,7413
9,7413
4,7415
5,7417
14,7417
8,7421
25,7423
14,7425
23,7427
7,7436
8,7436
1,7437
13,7437
2,7442
1,7443
11,7443
2,7444
10,7444
16,7444
1,7445
2,7447
22,7449
1,7455
2,7456
16,7456
1,7457
1,7458
10,7458
2,7460
14,7460
25,7463
15,7466
20,7466
2,7467
9,7467
22,7473
22,7474
23,7475
7,7476
18,7478
8,7482
17,7482
3,7485
1,7486
2,7487
5,7487
4,7488
3,7489
1,7492
6,7492
11,7492
2,7493
5,7493
12,7493
1,7496
4,7496
2,7497
1,7500
1,7501
2,7502
6,7502
25,7503
22,7503
2,7506
17,7507
1,7508
14,7508
9,7509
2,7510
9,7510
9,7514
11,7520
1,7521
10,7521
1,7522
19,7522
24,7522
2,7523
2,7525
16,7526
1,7528
3,7528
5,7529
2,7530
4,7530
15,7530
4,7531
5,7534
19,7534
3,7535
22,7536
24,7537
18,7542
24,7542
15,7549
21,7551
2,7552
25,7553
8,7554
16,7554
24,7557
18,7560
1,7562
18,7562
1,7563
2,7564
17,7565
1,7566
18,7566
21,7566
17,7567
2,7568
2,7569
8,7571
20,7572
12,7578
7,7580
22,7581
14,7583
19,7584
23,7589
3,7590
5,7591
20,7591
5,7592
12,7592
4,7593
11,7593
4,7595
3,7596
8,7597
16,7598
13,7599
14,7604
14,7606
25,7608
13,7609
1,7610
12,7611
14,7611
22,7612
2,7613
1,7616
2,7619
1,7620
4,7620
2,7621
7,7625
21,7627
18,7628
25,7630
18,7630
3,7631
15,7637
22,7637
1,7638
1,7639
2,7640
2,7641
17,7641
25,7644
1,7644
10,7644
2,7645
19,7648
25,7650
16,7654
6,7657
10,7663
12,7664
23,7664
16,7666
25,7667
19,7668
11,7670
17,7671
1,7672
2,7673
15,7674
24,7674
1,7675
9,7675
1,7676
14,7677
2,7680
2,7681
10,7681
9,7683
11,7684
18,7687
3,7692
4,7694
5,7695
8,7695
11,7696
4,7697
5,7698
3,7699
7,7699
15,7704
9,7708
18,7710
6,7714
8,7714
15,7714
1,7715
1,7716
14,7717
6,7719
23,7719
11,7720
14,7720
11,7721
9,7722
2,7723
2,7724
1,7727
25,7729
2,7729
12,7731
15,7733
23,7734
10,7736
16,7736
5,7739
17,7739
8,7743
1,7745
1,7746
2,7747
3,7747
1,7748
4,7748
2,7749
2,7750
4,7750
11,7750
16,7750
3,7751
5,7753
5,7754
17,7754
1,7758
3,7766
4,7767
21,7767
4,7768
24,7771
3,7774
21,7774
5,7775
5,7776
16,7779
8,7782
7,7784
7,7785
19,7792
3,7793
4,7795
5,7797
21,7799
1,7801
3,7801
2,7802
5,7802
4,7803
17,7803
1,7804
18,7805
1,7806
2,7807
2,7810
6,7810
8,7815
20,7816
14,7817
21,7818
22,7825
8,7827
22,7827
4,7831
3,7834
15,7834
4,7838
6,7838
3,7839
5,7841
4,7843
5,7846
1,7850
2,7854
8,7854
11,7854
1,7855
17,7856
24,7857
13,7859
3,7866
2,7868
10,7869
8,7870
2,7873
1,7874
2,7875
15,7879
6,7882
13,7883
11,7884
5,7885
18,7885
23,7885
12,7895
14,7895
9,7899
23,7900
4,7903
6,7913
19,7913
23,7917
16,7919
1,7922
1,7924
12,7925
2,7927
1,7928
14,7928
2,7929
8,7929
16,7929
1,7930
9,7930
10,7930
2,7931
7,7934
7,7936
6,7937
11,7937
7,7939
19,7939
17,7941
12,7944
3,7945
4,7945
25,7946
4,7946
18,7946
22,7947
10,7949
13,7949
3,7950
4,7952
5,7953
13,7953
5,7954
7,7954
16,7954
13,7957
24,7957
8,7962
1,7963
10,7963
3,7964
1,7965
23,7966
2,7967
2,7968
25,7969
1,7969
10,7969
2,7973
9,7974
10,7978
2,7980
14,7981
11,7982
15,7988
16,7989
10,7993
3,7994
6,7994
15,7994
18,7994
19,7994
5,7995
7,7996
11,7996
4,7997
22,7997
4,7998
3,7999
5,8000
22,8000
9,8002
20,8002
19,8009
14,8010
3,8016
5,8018
4,8019
24,8019
6,8020
5,8021
1,8022
4,8022
1,8023
3,8023
21,8023
2,8024
5,8024
16,8024
1,8027
3,8028
5,8029
15,8030
2,8033
4,8033
14,8033
2,8034
5,8034
1,8035
1,8036
4,8036
3,8037
2,8039
18,8039
2,8040
22,8041
1,8045
15,8045
7,8046
21,8046
21,8051
2,8052
15,8057
11,8062
17,8062
20,8064
9,8067
15,8069
21,8069
1,8071
2,8072
1,8073
2,8074
16,8074
2,8076
7,8076
11,8077
1,8078
9,8080
2,8081
3,8081
4,8082
8,8082
22,8082
5,8083
4,8084
6,8086
3,8087
5,8088
9,8090
6,8094
18,8094
1,8095
10,8097
17,8101
23,8102
1,8103
2,8104
13,8105
1,8106
14,8107
1,8109
2,8110
2,8111
25,8112
3,8118
4,8119
11,8120
15,8120
5,8121
11,8122
19,8127
16,8128
4,8132
5,8135
17,8136
15,8137
19,8137
3,8138
6,8138
11,8138
3,8141
16,8141
24,8142
19,8143
5,8144
5,8145
14,8145
10,8146
10,8149
12,8151
8,8155
4,8156
6,8158
11,8158
16,8158
4,8159
7,8159
13,8159
1,8160
1,8162
3,8163
2,8164
3,8165
1,8168
5,8168
2,8169
5,8169
16,8169
4,8170
2,8171
4,8171
10,8171
3,8173
23,8176
9,8182
17,8185
22,8186
5,8188
22,8193
25,8194
8,8206
20,8209
9,8212
6,8220
4,8222
7,8222
8,8223
11,8227
13,8229
22,8230
4,8233
9,8235
8,8236
6,8245
12,8247
20,8248
3,8250
5,8252
20,8252
4,8253
7,8254
3,8256
23,8256
4,8259
17,8261
5,8262
1,8264
2,8265
15,8265
1,8267
2,8269
1,8271
2,8277
21,8277
11,8282
1,8286
2,8287
9,8287
20,8287
23,8290
10,8295
1,8296
1,8297
23,8297
2,8298
2,8299
18,8301
1,8302
1,8303
13,8305
2,8306
2,8308
1,8309
13,8309
10,8311
2,8314
3,8314
15,8315
4,8316
4,8317
5,8318
7,8318
5,8319
10,8319
3,8322
3,8323
4,8324
5,8325
5,8327
4,8328
3,8330
17,8331
18,8331
14,8332
24,8332
11,8334
20,8339
21,8341
12,8342
12,8343
16,8346
16,8347
18,8350
8,8353
19,8356
23,8356
3,8357
5,8358
7,8359
4,8360
4,8362
3,8363
5,8366
7,8367
3,8369
4,8370
5,8373
4,8374
13,8376
5,8377
1,8380
3,8380
1,8381
15,8381
2,8383
1,8384
3,8384
5,8387
4,8389
2,8390
7,8391
9,8391
2,8392
10,8394
4,8395
5,8395
4,8400
18,8400
3,8402
7,8403
3,8405
8,8405
4,8406
4,8407
16,8407
1,8408
5,8408
8,8408
1,8411
10,8412
23,8412
2,8414
1,8415
15,8415
5,8417
2,8418
6,8418
25,8419
22,8419
2,8420
3,8420
19,8420
23,8422
16,8423
20,8430
3,8432
12,8433
19,8433
10,8434
11,8434
19,8434
1,8435
4,8435
12,8435
16,8435
5,8438
23,8438
25,8440
21,8440
3,8441
4,8443
5,8445
24,8447
21,8451
20,8459
16,8461
6,8465
1,8466
11,8466
1,8468
19,8468
2,8470
25,8472
2,8472
11,8472
1,8473
2,8474
23,8474
16,8477
4,8478
25,8479
11,8479
16,8479
6,8481
7,8485
14,8485
11,8489
11,8491
1,8495
2,8496
1,8497
22,8497
1,8498
2,8499
16,8499
2,8501
13,8501
3,8504
8,8504
12,8504
15,8505
4,8507
5,8509
18,8509
4,8510
5,8511
3,8512
1,8519
3,8519
1,8520
4,8520
22,8521
4,8522
3,8523
5,8523
4,8524
5,8524
24,8524
2,8525
3,8529
19,8529
1,8530
2,8531
3,8535
2,8536
5,8538
19,8540
24,8541
5,8542
11,8542
4,8544
17,8544
23,8545
24,8546
3,8548
4,8549
23,8549
25,8551
3,8551
18,8551
5,8552
22,8552
4,8555
4,8556
7,8559
5,8560
3,8561
21,8563
23,8565
1,8568
2,8569
3,8569
21,8569
4,8570
1,8571
3,8572
5,8573
1,8576
22,8576
2,8577
4,8577
5,8578
1,8580
23,8580
2,8581
3,8582
4,8583
14,8583
3,8584
5,8586
4,8587
5,8588
24,8589
21,8590
1,8592
6,8593
1,8595
24,8595
16,8596
16,8598
21,8598
24,8599
2,8600
20,8601
22,8602
23,8603
1,8604
11,8604
22,8604
1,8607
3,8608
2,8610
4,8610
3,8611
5,8612
2,8614
12,8614
4,8615
8,8616
1,8617
5,8617
1,8618
9,8618
10,8619
15,8619
2,8620
6,8621
1,8622
19,8625
2,8626
2,8628
8,8633
20,8637
23,8641
25,8643
10,8645
3,8646
19,8649
4,8650
11,8650
18,8652
1,8653
1,8655
3,8656
22,8656
2,8657
23,8657
2,8658
1,8659
4,8659
2,8660
5,8661
15,8662
5,8663
15,8663
9,8664
3,8665
5,8666
5,8668
15,8668
4,8669
13,8670
4,8671
6,8671
3,8674
19,8674
3,8675
6,8676
13,8676
14,8676
20,8676
9,8679
5,8681
1,8682
10,8682
4,8683
22,8683
2,8684
5,8685
3,8686
6,8686
1,8687
1,8688
4,8688
10,8688
2,8690
19,8690
2,8691
2,8692
12,8692
3,8693
4,8695
11,8699
5,8701
14,8701
1,8703
4,8703
25,8705
24,8705
14,8706
3,8707
5,8708
24,8713
13,8718
17,8719
14,8720
24,8721
8,8723
1,8725
2,8726
1,8727
1,8730
2,8731
21,8731
2,8733
9,8733
4,8737
3,8738
15,8738
4,8740
5,8741
11,8742
19,8742
20,8744
3,8745
19,8745
4,8746
11,8746
5,8747
12,8750
1,8751
2,8752
7,8753
1,8757
3,8757
1,8758
4,8758
2,8759
2,8760
5,8761
3,8763
5,8765
7,8765
4,8769
11,8772
15,8773
12,8776
16,8776
15,8779
19,8785
8,8790
3,8792
17,8793
23,8793
5,8796
5,8797
22,8797
4,8798
17,8798
4,8801
16,8803
21,8803
3,8807
6,8807
20,8808
16,8809
9,8811
25,8812
13,8813
10,8815
17,8818
25,8820
8,8820
15,8822
1,8824
8,8826
2,8827
18,8828
1,8829
15,8829
20,8829
2,8830
1,8833
8,8835
2,8836
19,8843
9,8848
17,8849
9,8853
17,8853
23,8855
11,8857
8,8865
23,8867
8,8875
8,8879
3,8880
5,8882
4,8885
14,8886
4,8887
21,8887
6,8888
5,8889
12,8889
1,8890
3,8891
12,8893
12,8894
22,8894
25,8895
16,8895
8,8899
13,8899
9,8900
18,8900
8,8901
15,8902
17,8902
24,8902
20,8905
10,8907
18,8908
20,8908
20,8909
19,8912
21,8913
1,8915
19,8915
16,8916
1,8917
23,8918
2,8919
16,8919
2,8921
1,8922
11,8923
2,8926
3,8926
4,8927
4,8928
5,8929
25,8931
5,8931
3,8932
3,8935
1,8936
2,8937
19,8937
5,8938
1,8939
1,8940
4,8940
2,8942
4,8942
5,8943
2,8944
3,8945
10,8945
6,8947
9,8947
25,8949
10,8951
18,8956
11,8957
12,8957
21,8959
22,8959
22,8960
18,8963
22,8963
3,8966
11,8967
4,8969
24,8969
3,8970
6,8970
4,8971
5,8972
5,8974
12,8975
8,8977
14,8978
19,8978
19,8981
23,8981
25,8982
13,8986
22,8987
5,8988
16,8988
22,8991
3,8993
8,8993
17,8993
4,8995
5,8996
17,8996
7,9000
5,9001
4,9005
15,9005
24,9005
3,9006
2,9007
11,9007
15,9007
25,9008
9,9008
22,9008
11,9009
1,9013
19,9014
23,9015
21,9017
8,9018
15,9022
12,9023
3,9032
5,9033
4,9034
3,9035
7,9036
20,9036
11,9037
5,9038
13,9038
4,9040
11,9045
13,9045
5,9050
22,9051
23,9051
1,9052
4,9054
22,9055
1,9056
22,9056
2,9058
11,9058
12,9059
23,9060
13,9064
8,9065
20,9065
1,9068
2,9070
25,9074
2,9075
11,9080
16,9082
14,9088
21,9091
3,9093
7,9098
25,9099
12,9099
18,9101
20,9103
1,9108
2,9114
1,9115
9,9115
2,9116
1,9118
3,9118
9,9118
2,9119
24,9119
1,9120
5,9120
22,9120
2,9122
4,9122
12,9124
1,9128
2,9129
4,9129
1,9131
3,9131
2,9132
5,9132
1,9135
2,9137
21,9137
1,9138
2,9139
8,9139
1,9141
15,9142
2,9143
11,9147
16,9147
7,9151
4,9152
25,9153
13,9153
8,9154
14,9155
23,9156
3,9157
16,9159
12,9166
23,9166
3,9169
17,9170
8,9171
4,9173
8,9173
3,9174
6,9174
18,9174
19,9174
18,9175
4,9176
5,9177
25,9178
1,9178
8,9178
2,9181
1,9182
2,9183
21,9183
11,9185
1,9186
5,9186
7,9187
2,9188
24,9190
17,9191
16,9202
11,9209
21,9210
1,9211
16,9211
1,9212
17,9216
2,9217
2,9218
19,9219
1,9221
8,9225
2,9226
3,9226
4,9228
5,9229
4,9230
10,9230
5,9233
14,9234
3,9235
15,9235
24,9235
6,9236
23,9236
5,9237
8,9241
3,9247
6,9248
19,9248
4,9250
4,9251
5,9252
3,9253
25,9254
5,9256
8,9256
11,9260
1,9262
1,9264
2,9266
16,9270
12,9271
25,9273
1,9273
13,9274
2,9275
20,9275
10,9276
2,9277
1,9279
14,9282
1,9285
20,9287
2,9288
3,9288
1,9289
5,9290
1,9291
5,9291
6,9292
2,9293
2,9294
24,9294
25,9295
4,9295
17,9295
19,9300
4,9301
9,9301
14,9301
15,9301
20,9303
24,9305
3,9306
17,9307
13,9308
17,9309
7,9319
3,9322
4,9323
5,9327
1,9328
5,9329
4,9331
7,9331
24,9332
9,9333
3,9334
15,9339
18,9344
9,9348
9,9349
19,9349
25,9352
19,9354
23,9355
14,9356
17,9357
17,9362
12,9367
18,9367
18,9368
1,9374
1,9375
8,9377
15,9379
16,9379
2,9382
23,9382
24,9383
2,9384
1,9387
6,9387
14,9387
2,9388
23,9391
10,9393
10,9395
8,9399
12,9405
20,9405
17,9407
4,9409
7,9410
11,9412
3,9419
21,9419
5,9421
17,9422
4,9424
3,9425
4,9426
6,9426
14,9426
5,9428
4,9429
17,9429
10,9435
17,9436
19,9440
20,9441
8,9443
23,9450
7,9451
12,9455
13,9462
25,9465
9,9469
22,9475
3,9478
4,9480
22,9480
5,9481
3,9483
5,9484
22,9486
4,9489
20,9490
16,9491
12,9492
15,9493
20,9493
10,9494
4,9496
23,9496
8,9497
14,9498
8,9501
12,9501
25,9504
11,9504
17,9513
6,9521
1,9523
2,9524
18,9526
1,9527
2,9528
12,9529
24,9529
13,9531
1,9535
21,9538
14,9539
18,9539
2,9540
10,9542
22,9544
25,9545
23,9548
16,9549
8,9550
11,9553
23,9554
8,9555
22,9558
7,9560
19,9561
16,9565
3,9567
5,9569
1,9570
4,9572
25,9574
5,9574
4,9575
3,9576
1,9579
1,9580
2,9581
7,9581
2,9583
3,9583
1,9584
2,9585
4,9585
3,9586
5,9588
25,9589
4,9589
7,9589
6,9590
5,9591
18,9593
25,9595
23,9595
20,9598
1,9599
25,9601
5,9601
20,9602
21,9603
1,9604
2,9605
14,9605
23,9605
1,9607
22,9607
2,9609
2,9612
16,9614
9,9616
3,9617
25,9618
4,9618
4,9619
20,9619
3,9620
5,9621
5,9623
3,9624
4,9627
24,9628
5,9629
22,9629
3,9630
5,9631
4,9632
11,9635
16,9635
19,9636
9,9638
17,9642
12,9643
24,9644
21,9645
25,9646
6,9646
16,9646
25,9648
17,9648
20,9650
25,9651
24,9652
7,9655
25,9663
9,9666
7,9676
21,9676
2,9679
18,9679
16,9680
12,9682
20,9683
1,9685
1,9687
2,9688
13,9688
20,9688
21,9688
2,9691
6,9691
1,9693
6,9693
2,9695
11,9695
12,9696
20,9697
3,9698
12,9698
1,9699
4,9700
19,9700
1,9701
5,9702
2,9703
1,9704
4,9704
5,9704
18,9704
24,9704
2,9705
2,9706
3,9706
2,9707
4,9707
4,9708
8,9709
7,9712
23,9712
16,9718
11,9720
3,9722
4,9723
22,9725
13,9726
4,9727
20,9727
5,9728
23,9728
13,9732
20,9732
6,9733
3,9735
5,9736
16,9737
1,9739
2,9740
10,9740
10,9744
1,9745
15,9745
19,9746
21,9746
2,9747
7,9747
1,9748
2,9751
15,9753
22,9753
17,9755
17,9756
15,9759
13,9760
18,9760
10,9763
13,9769
9,9772
21,9773
1,9776
3,9776
4,9777
9,9777
2,9778
1,9779
4,9779
2,9780
1,9781
17,9781
2,9782
5,9782
14,9784
5,9785
1,9786
3,9786
1,9792
13,9793
2,9794
8,9795
19,9795
1,9796
1,9797
2,9798
2,9799
18,9799
21,9800
8,9801
11,9804
14,9805
24,9805
19,9806
6,9807
19,9808
9,9813
11,9814
3,9816
7,9821
6,9831
10,9831
8,9834
25,9836
3,9836
18,9836
4,9837
4,9839
5,9840
6,9841
9,9841
5,9842
3,9844
3,9845
4,9846
3,9850
21,9850
5,9852
9,9852
15,9852
19,9852
18,9853
5,9856
23,9856
4,9857
13,9858
1,9859
23,9859
2,9860
1,9861
8,9861
21,9861
1,9863
2,9866
2,9868
21,9868
22,9871
5,9873
14,9873
16,9873
8,9877
21,9878
6,9879
1,9880
23,9880
1,9881
17,9881
2,9882
16,9882
1,9884
4,9884
2,9885
2,9886
10,9896
19,9896
10,9898
16,9898
1,9899
8,9899
9,9900
2,9903
1,9904
7,9904
16,9904
1,9907
17,9907
3,9909
9,9909
2,9910
5,9910
15,9910
24,9910
2,9912
4,9913
4,9914
5,9915
3,9916
17,9916
21,9917
16,9921
6,9923
12,9923
25,9924
3,9935
14,9935
22,9936
5,9937
4,9938
17,9938
5,9941
25,9942
3,9943
4,9945
1,9946
3,9946
11,9946
1,9947
5,9948
15,9949
2,9950
2,9952
2,9953
1,9955
7,9956
2,9957
21,9958
22,9958
5,9963
25,9964
4,9967
4,9969
3,9971
18,9972
14,9973
15,9973
21,9975
6,9976
12,9976
18,9977
10,9979
20,9979
13,9980
1,9981
15,9982
1,9983
2,9985
24,9986
2,9987
12,9987
1,9989
22,9990
7,9994
11,9994
2,9995
