47,2
55,2
3,3
51,3
52,3
18,6
52,6
5,7
61,7
4,8
9,8
10,8
90,8
100,10
48,10
3,11
69,11
5,12
12,13
1,15
4,15
2,17
53,17
1,18
74,18
1,19
40,19
99,19
2,20
10,20
51,20
63,20
2,21
99,21
51,22
55,24
89,24
29,26
73,28
28,30
66,30
11,31
3,32
21,32
35,32
36,32
58,32
5,33
4,34
19,36
11,37
21,37
10,38
26,39
35,39
5,40
60,40
3,41
5,41
52,41
69,41
7,43
91,44
47,45
4,46
28,46
68,46
73,46
93,46
62,47
7,48
30,48
89,48
44,49
64,49
85,49
97,49
97,50
27,51
75,51
33,53
97,53
14,54
100,56
55,56
90,56
37,57
76,58
42,60
41,61
19,63
54,63
39,64
43,64
27,65
56,65
67,65
77,69
8,70
68,70
54,71
88,72
10,73
37,73
79,73
77,74
64,77
48,78
15,80
32,80
18,82
21,82
46,83
70,83
98,84
64,86
14,87
49,88
82,88
9,89
71,90
81,90
25,91
47,93
48,93
66,93
31,97
58,97
60,97
74,98
91,98
14,100
95,102
32,105
61,109
11,113
59,113
96,114
26,116
49,118
19,119
60,119
83,122
11,124
75,124
10,125
76,125
21,126
72,129
12,130
51,130
1,131
26,131
58,131
87,131
20,132
1,134
42,135
46,135
1,136
2,137
44,137
10,138
58,139
56,140
2,141
69,141
1,142
47,142
85,143
86,144
36,146
76,146
22,147
36,148
55,148
2,150
79,150
22,152
77,152
87,153
36,154
39,154
89,154
13,155
38,155
40,156
85,156
42,157
94,157
8,158
49,158
1,159
8,160
59,161
2,162
29,162
51,162
20,164
35,164
73,164
13,165
1,168
2,169
17,169
76,169
82,170
1,171
3,172
27,172
39,172
5,173
59,173
75,173
92,173
33,175
2,176
5,176
40,176
75,176
4,177
26,177
4,178
10,178
21,178
3,179
58,180
98,181
80,182
88,182
62,183
32,184
99,184
25,186
72,187
51,188
78,188
3,190
92,190
5,191
58,191
4,192
32,192
68,192
5,193
70,193
56,194
69,194
3,196
36,196
4,197
70,198
78,199
63,201
76,202
8,204
59,204
15,206
90,206
11,207
71,208
11,209
34,210
55,210
75,211
71,212
74,212
98,213
37,214
33,215
86,215
7,216
2,217
75,217
22,218
29,219
46,220
24,222
48,222
20,225
61,226
38,227
91,228
72,229
29,231
63,231
61,234
27,235
90,235
9,237
30,237
1,239
23,239
1,240
2,241
53,241
87,241
2,243
26,243
95,243
1,245
2,246
27,248
12,249
91,253
11,255
15,255
17,255
54,255
6,256
50,256
57,258
90,258
54,259
3,262
89,262
5,263
4,266
30,267
100,268
32,270
49,270
4,271
20,271
25,271
5,274
3,275
52,277
3,278
47,278
61,278
66,278
31,279
32,279
4,280
14,281
16,281
34,282
94,283
66,284
5,287
20,288
21,289
52,289
96,289
19,290
5,291
4,292
44,292
92,295
3,296
69,296
79,296
87,297
3,298
17,298
45,298
19,299
67,299
87,299
4,300
57,300
44,301
3,302
32,302
13,303
17,304
83,304
4,306
12,306
22,307
5,309
43,310
5,311
51,311
23,312
63,312
34,314
61,314
66,314
89,316
30,319
64,320
34,321
91,321
81,325
33,326
85,326
97,326
51,327
65,328
98,328
57,330
91,330
93,330
81,331
8,333
69,334
97,334
26,336
34,336
31,337
72,337
28,338
1,342
2,343
78,344
80,345
16,346
1,348
84,348
2,349
1,350
10,350
98,350
2,351
26,351
19,352
55,352
65,352
1,353
49,353
8,354
47,354
2,355
27,355
60,355
1,357
1,358
14,358
84,358
87,360
2,361
25,361
63,362
2,364
56,364
21,365
3,366
4,367
32,367
62,367
1,368
5,368
2,370
4,370
19,370
1,371
3,371
1,372
5,372
12,372
22,372
2,373
32,373
95,373
22,374
2,375
17,375
22,375
67,375
83,375
99,375
82,376
91,376
93,376
40,378
63,380
58,381
1,383
8,383
1,387
54,387
60,387
8,388
24,388
2,389
51,389
11,390
1,391
1,393
81,393
7,394
26,394
53,394
64,394
40,395
2,396
3,397
28,397
2,398
5,398
16,398
34,398
4,399
45,399
51,399
53,400
36,401
90,401
4,402
19,402
27,402
47,403
70,403
3,404
5,405
16,405
19,407
50,407
35,409
65,409
26,410
54,411
61,411
85,412
17,414
72,414
91,414
18,415
41,415
59,415
28,416
91,416
69,417
96,419
93,422
56,423
64,423
92,423
33,424
50,424
98,424
41,426
83,426
59,428
24,430
43,430
29,431
53,431
98,432
91,434
41,435
91,435
35,436
44,439
28,442
32,442
33,443
92,443
36,446
93,446
23,447
32,447
44,447
96,447
87,448
73,449
90,450
53,451
68,453
1,454
99,454
44,455
96,456
2,457
47,457
73,457
1,458
100,459
2,459
57,459
90,459
1,460
23,461
2,462
63,462
20,463
99,463
10,464
75,464
98,465
22,467
19,468
58,468
70,469
25,471
50,471
23,472
40,475
72,476
49,477
3,478
44,478
67,478
5,479
53,479
4,480
4,481
5,483
42,483
3,484
25,485
94,486
72,487
99,487
31,488
67,488
1,490
50,490
60,491
44,492
99,492
1,494
43,495
45,495
79,497
2,498
1,499
2,500
60,500
2,501
25,502
39,502
18,504
17,505
42,505
91,507
99,507
34,508
50,508
45,510
70,510
59,512
61,512
74,513
81,513
3,514
84,514
36,515
4,517
25,517
5,518
65,519
84,520
3,521
4,522
57,523
5,524
76,525
48,526
100,528
32,528
9,529
19,529
38,529
13,530
74,532
84,533
33,534
61,535
28,536
46,536
78,536
85,537
1,538
40,538
54,538
70,538
25,539
1,541
2,541
94,543
1,545
54,545
46,546
2,547
6,547
30,547
1,548
2,549
32,549
75,551
88,551
43,552
11,553
7,554
73,555
10,558
22,558
70,558
81,558
52,559
52,560
12,561
28,561
40,564
27,565
34,565
57,566
21,571
36,574
14,575
63,577
66,579
25,583
54,583
47,584
22,590
74,590
80,590
87,591
65,592
78,592
3,593
4,594
5,595
38,595
91,595
62,597
4,599
98,600
5,601
12,601
59,602
3,603
43,603
53,603
54,603
27,605
74,605
3,606
5,607
53,607
94,607
84,608
4,610
58,610
72,610
33,611
68,611
4,612
5,614
28,614
83,615
3,616
63,616
70,616
46,617
30,618
66,618
91,618
70,619
71,619
56,621
86,621
74,622
61,625
1,626
84,626
13,627
29,627
77,627
1,628
2,629
70,629
89,631
1,632
2,633
7,633
80,633
2,634
96,635
50,636
67,636
31,638
80,638
14,639
1,640
89,641
3,642
66,642
68,642
1,643
4,643
2,644
5,644
57,644
2,645
5,645
11,645
4,646
1,647
2,648
3,648
39,648
81,648
21,650
38,650
65,650
89,650
78,651
39,653
13,654
57,654
82,654
96,655
97,655
55,656
62,656
76,656
36,657
15,660
68,660
80,664
29,665
60,667
92,667
3,668
31,668
4,669
72,669
3,670
50,670
5,671
23,671
3,673
40,673
5,674
23,674
13,675
44,675
61,676
48,677
4,678
7,678
24,678
61,678
20,679
71,679
52,681
24,682
91,682
98,682
40,683
21,684
28,684
95,690
17,691
82,691
3,692
24,692
56,692
93,692
98,692
4,693
47,693
3,694
5,695
57,695
4,696
61,696
30,697
65,697
5,698
77,699
58,700
70,700
22,703
62,703
25,704
75,707
39,708
7,711
34,713
69,713
27,714
44,714
55,714
48,715
8,716
27,716
90,716
73,718
54,720
51,721
59,723
100,727
45,728
25,729
64,730
66,730
83,730
70,731
12,732
92,732
22,733
77,733
30,734
52,735
53,737
34,739
94,739
58,740
1,741
45,741
88,741
99,742
1,743
2,746
51,746
1,747
34,747
83,747
96,747
2,748
2,749
1,750
1,752
84,752
2,754
97,754
2,755
77,756
1,757
94,757
2,759
3,760
41,760
81,760
4,761
8,761
36,761
40,762
3,764
1,765
45,765
5,766
1,767
4,767
76,767
77,767
91,767
2,768
5,768
14,768
66,769
38,770
1,771
14,773
2,774
18,775
56,776
2,777
9,777
25,777
84,779
26,781
85,781
54,782
65,784
75,784
1,785
55,785
19,787
39,787
94,788
1,789
60,789
93,789
11,790
84,790
2,791
96,791
15,792
37,792
42,795
77,795
67,796
93,796
4,797
93,799
2,800
11,801
13,801
1,802
32,802
97,804
98,804
2,805
40,805
21,807
43,808
92,808
12,811
66,811
36,812
24,813
47,814
69,816
19,817
66,817
94,818
47,821
1,822
41,822
70,822
86,822
1,823
3,823
32,823
2,824
4,824
42,824
55,824
61,824
1,826
5,826
40,826
2,827
53,827
10,828
19,828
94,828
4,829
2,830
3,831
71,831
5,832
70,832
42,833
49,833
63,833
93,833
63,835
28,836
95,836
13,837
50,837
34,838
59,838
70,838
98,838
96,840
20,841
77,841
3,843
4,844
28,844
87,846
5,847
9,847
18,847
22,847
5,848
26,848
4,849
3,850
43,852
44,852
72,853
80,855
7,858
40,858
16,859
10,860
81,860
19,861
19,862
100,863
43,863
65,863
43,864
41,867
55,867
97,867
33,870
53,871
61,871
79,873
78,874
22,876
96,876
66,877
20,879
43,879
43,882
32,885
38,886
71,887
99,888
64,889
19,891
7,892
54,892
32,894
58,894
9,895
48,896
42,899
18,900
68,900
77,900
8,901
17,902
68,905
53,907
54,908
82,908
85,909
85,914
59,916
84,916
6,918
46,919
48,919
25,920
47,921
38,924
77,929
49,932
71,932
78,932
73,933
53,935
72,935
54,936
24,937
54,937
27,939
1,940
1,941
14,942
2,943
66,945
97,946
2,947
1,948
2,949
3,949
6,949
47,950
4,951
15,951
31,952
99,952
37,953
4,954
83,954
85,954
3,955
33,957
5,958
63,958
5,959
13,959
17,960
36,960
25,961
83,962
90,962
48,964
25,967
32,967
57,967
94,967
22,972
59,973
35,974
60,974
39,977
41,978
42,978
61,978
87,978
56,981
93,982
59,983
100,984
70,984
55,986
23,987
41,987
55,987
14,988
8,991
63,991
3,993
78,993
92,993
4,994
28,995
44,996
43,997
10,998
87,998
94,998
5,999
86,1000
4,1001
1,1002
5,1002
51,1002
1,1003
48,1003
2,1004
3,1004
1,1005
2,1006
43,1007
70,1007
2,1008
40,1008
64,1009
68,1011
75,1012
84,1012
30,1014
74,1015
88,1016
72,1017
29,1018
35,1018
35,1019
30,1020
36,1021
96,1021
76,1022
42,1023
96,1025
27,1027
53,1027
87,1028
51,1030
31,1031
75,1031
20,1032
6,1033
7,1033
30,1033
37,1033
17,1034
64,1034
26,1035
72,1035
26,1037
28,1037
48,1038
17,1039
92,1040
1,1042
11,1043
44,1043
34,1044
1,1045
14,1045
11,1047
40,1048
61,1048
73,1048
2,1051
33,1051
1,1052
44,1052
2,1053
42,1053
51,1053
84,1053
92,1053
2,1054
61,1055
84,1055
1,1056
1,1057
22,1057
31,1057
48,1057
37,1058
68,1058
2,1059
11,1059
88,1060
2,1061
58,1061
1,1062
3,1062
16,1062
18,1062
23,1063
77,1063
2,1064
83,1064
95,1064
21,1065
16,1066
61,1066
79,1069
4,1070
32,1070
34,1070
58,1070
80,1070
68,1072
3,1074
16,1074
5,1075
11,1075
56,1075
6,1076
41,1076
4,1078
51,1078
52,1078
47,1079
5,1081
14,1082
86,1082
49,1085
7,1087
92,1087
94,1089
8,1091
35,1092
70,1092
20,1093
83,1094
35,1095
62,1095
67,1095
96,1095
54,1096
60,1097
30,1098
78,1098
90,1098
5,1100
51,1100
77,1101
40,1102
3,1103
61,1103
4,1104
3,1105
21,1105
60,1105
82,1106
5,1107
26,1108
4,1110
22,1110
5,1111
14,1111
34,1111
99,1111
84,1113
29,1114
35,1114
57,1114
4,1116
38,1117
1,1118
77,1118
98,1118
2,1119
69,1120
1,1121
3,1121
1,1122
5,1122
2,1123
45,1123
61,1123
2,1124
29,1124
66,1124
100,1125
1,1125
4,1125
2,1126
13,1126
1,1127
74,1127
5,1128
87,1128
23,1129
2,1130
4,1130
92,1130
1,1131
3,1131
16,1131
2,1132
54,1134
86,1134
63,1135
3,1138
13,1139
27,1140
90,1140
1,1141
4,1141
70,1141
2,1142
5,1142
3,1143
1,1144
5,1144
37,1144
2,1145
34,1145
59,1145
72,1147
1,1148
53,1148
2,1151
80,1151
4,1152
15,1153
70,1153
46,1154
76,1155
79,1155
34,1156
44,1156
94,1156
51,1157
85,1157
53,1158
61,1158
3,1159
8,1160
20,1160
44,1160
4,1161
31,1161
3,1162
47,1162
98,1163
46,1164
89,1164
90,1164
5,1165
79,1166
5,1167
67,1167
4,1168
36,1170
94,1170
74,1171
17,1172
18,1172
19,1172
80,1173
1,1174
76,1175
85,1175
2,1176
90,1176
1,1177
60,1177
70,1177
38,1178
76,1178
1,1179
73,1179
89,1179
72,1180
89,1180
36,1181
52,1183
2,1184
49,1184
66,1184
95,1184
2,1186
87,1186
86,1187
93,1188
67,1190
85,1190
26,1191
79,1191
92,1191
27,1192
64,1192
73,1192
75,1192
52,1194
97,1195
3,1196
11,1196
23,1196
51,1196
67,1196
4,1197
5,1199
27,1199
5,1203
3,1204
43,1205
82,1205
4,1207
90,1207
26,1208
57,1208
82,1210
53,1214
94,1214
77,1216
66,1217
49,1221
59,1221
74,1221
23,1222
74,1223
76,1223
70,1225
11,1228
38,1228
53,1228
81,1228
82,1228
4,1229
7,1230
76,1230
26,1233
22,1234
30,1234
50,1234
12,1235
10,1236
35,1236
83,1236
49,1238
56,1239
18,1240
73,1240
20,1241
44,1241
53,1241
67,1241
84,1241
95,1241
71,1242
94,1243
27,1244
1,1246
92,1246
1,1247
21,1247
2,1248
86,1248
17,1249
43,1249
67,1249
70,1249
96,1249
2,1250
13,1250
1,1251
48,1252
2,1253
8,1254
17,1257
80,1261
1,1263
45,1263
46,1264
91,1264
91,1265
1,1266
43,1266
2,1267
2,1268
62,1268
66,1268
1,1269
82,1270
2,1273
30,1273
58,1273
89,1273
85,1274
8,1275
10,1275
40,1276
4,1277
86,1280
43,1283
72,1283
30,1284
51,1285
38,1286
1,1287
76,1287
2,1288
57,1288
34,1289
56,1289
1,1290
85,1290
2,1291
1,1292
21,1292
46,1292
45,1294
86,1295
2,1296
7,1296
51,1296
3,1298
41,1298
67,1299
15,1300
56,1301
59,1301
23,1304
1,1305
92,1305
56,1306
63,1306
2,1308
1,1309
7,1309
1,1310
53,1310
72,1310
97,1310
2,1311
7,1311
2,1312
9,1312
57,1312
28,1313
43,1318
50,1318
80,1318
54,1319
88,1319
1,1321
27,1321
2,1322
90,1322
1,1323
1,1324
95,1324
48,1325
2,1326
3,1327
30,1327
88,1327
2,1329
3,1329
65,1329
4,1330
26,1330
54,1330
83,1331
84,1331
3,1332
46,1332
75,1333
4,1334
49,1334
5,1335
67,1335
5,1336
95,1336
25,1338
44,1338
54,1339
1,1340
3,1341
62,1341
96,1341
4,1343
21,1343
23,1343
75,1343
5,1345
98,1345
3,1346
4,1347
26,1347
49,1347
5,1348
25,1349
62,1349
79,1350
18,1351
28,1351
81,1352
100,1353
90,1354
70,1356
100,1357
31,1357
37,1359
85,1359
66,1360
99,1361
17,1362
4,1363
34,1364
61,1366
43,1368
100,1369
15,1371
34,1371
65,1371
36,1372
44,1372
91,1372
75,1373
44,1374
6,1375
47,1377
33,1379
13,1380
27,1380
7,1381
69,1381
30,1382
52,1382
19,1383
29,1383
34,1385
86,1385
59,1386
14,1387
92,1388
32,1389
65,1390
84,1390
28,1391
92,1391
43,1392
83,1393
91,1393
6,1394
53,1395
64,1396
32,1397
2,1398
3,1400
16,1401
58,1401
4,1402
6,1402
58,1402
78,1402
97,1402
5,1403
85,1403
18,1404
42,1405
87,1405
1,1406
5,1406
14,1406
34,1406
2,1407
34,1408
3,1409
68,1409
1,1410
4,1410
41,1412
56,1412
1,1413
2,1414
24,1414
2,1415
67,1416
88,1416
71,1417
92,1418
30,1419
44,1419
93,1421
1,1422
2,1423
75,1423
1,1425
76,1425
2,1426
1,1427
88,1428
97,1428
16,1429
74,1430
75,1430
2,1431
9,1431
53,1433
86,1433
43,1434
50,1434
87,1434
97,1435
38,1436
72,1436
30,1437
43,1438
10,1441
36,1441
57,1441
18,1442
70,1442
1,1444
25,1445
39,1445
80,1446
28,1451
87,1451
45,1452
64,1453
51,1454
52,1454
62,1455
33,1456
1,1459
54,1459
1,1460
80,1460
2,1462
13,1462
48,1462
90,1462
53,1463
58,1463
1,1464
3,1464
4,1466
13,1466
34,1466
61,1466
94,1466
5,1467
2,1469
40,1470
2,1472
5,1472
20,1472
66,1472
50,1473
89,1473
99,1473
4,1474
3,1475
59,1475
51,1476
91,1477
8,1478
58,1478
3,1479
45,1479
45,1480
45,1481
9,1482
16,1484
44,1484
71,1484
93,1485
1,1486
66,1486
1,1487
2,1488
82,1488
1,1489
2,1491
18,1491
21,1491
72,1491
72,1492
2,1495
1,1496
91,1496
59,1497
71,1497
2,1498
1,1499
29,1499
82,1499
99,1500
1,1501
61,1501
2,1502
3,1502
62,1502
4,1503
52,1503
65,1503
47,1504
2,1505
75,1506
7,1508
97,1508
4,1509
65,1509
74,1509
3,1510
9,1511
31,1511
55,1511
5,1512
18,1512
84,1512
5,1513
30,1514
48,1517
88,1517
75,1518
25,1520
66,1521
90,1521
34,1522
58,1522
95,1524
5,1525
65,1525
82,1525
52,1526
15,1527
80,1528
72,1529
59,1530
71,1530
31,1531
85,1531
84,1533
23,1536
42,1536
75,1536
90,1536
50,1537
74,1537
41,1538
70,1538
91,1544
88,1546
71,1547
89,1547
78,1550
3,1551
96,1551
47,1552
71,1552
99,1552
4,1554
14,1554
79,1554
88,1554
44,1556
5,1557
86,1557
94,1557
5,1558
32,1559
13,1560
48,1562
68,1562
3,1563
78,1563
4,1565
36,1565
42,1565
69,1565
49,1568
75,1568
68,1569
76,1570
19,1574
48,1574
30,1575
31,1576
96,1576
23,1577
45,1578
55,1578
92,1578
69,1580
18,1581
25,1581
55,1581
1,1583
65,1584
84,1584
2,1585
50,1585
84,1585
1,1586
23,1586
45,1586
40,1587
96,1587
2,1588
1,1589
32,1589
48,1589
99,1589
2,1591
16,1591
38,1593
43,1593
13,1596
54,1596
68,1596
64,1597
86,1597
3,1599
7,1600
33,1600
49,1600
14,1601
50,1603
18,1604
4,1606
5,1607
34,1607
68,1607
4,1608
70,1608
24,1609
36,1609
55,1609
60,1609
5,1610
33,1610
28,1612
56,1612
3,1613
66,1614
98,1615
54,1617
41,1619
78,1622
12,1623
87,1624
35,1625
44,1626
46,1630
93,1630
49,1632
22,1633
46,1633
26,1634
1,1637
74,1637
2,1639
13,1639
20,1639
78,1640
1,1641
14,1641
24,1641
81,1641
2,1642
8,1642
1,1643
24,1643
5,1645
55,1645
56,1645
2,1646
25,1646
11,1647
16,1647
87,1647
39,1648
24,1649
48,1650
74,1650
98,1650
30,1651
64,1652
74,1652
63,1654
4,1655
91,1655
80,1657
25,1660
3,1661
5,1664
15,1664
66,1665
33,1666
4,1667
60,1667
4,1668
82,1668
3,1669
57,1670
79,1670
5,1671
47,1671
52,1671
27,1674
29,1674
37,1674
53,1674
61,1674
26,1675
57,1675
35,1676
3,1677
4,1680
43,1680
5,1681
52,1681
62,1681
31,1682
56,1682
29,1683
51,1683
4,1684
3,1686
5,1687
61,1688
9,1689
42,1689
67,1689
86,1689
31,1690
39,1691
47,1694
54,1696
19,1697
63,1698
66,1700
96,1701
92,1704
49,1706
67,1709
37,1710
38,1712
60,1712
97,1712
16,1713
64,1714
48,1716
86,1716
79,1717
98,1720
69,1721
86,1721
95,1721
3,1722
5,1723
90,1724
5,1725
4,1726
25,1726
51,1726
3,1727
94,1727
1,1728
4,1728
33,1728
1,1729
18,1729
66,1729
67,1730
97,1730
6,1731
29,1731
2,1732
7,1732
10,1732
81,1732
1,1733
2,1734
58,1734
2,1735
20,1735
75,1735
9,1736
21,1737
85,1737
29,1738
46,1738
39,1739
42,1739
100,1740
1,1740
86,1740
1,1741
90,1742
2,1743
22,1743
56,1744
81,1744
1,1746
2,1748
76,1751
95,1751
2,1752
99,1752
1,1753
2,1754
66,1754
68,1755
1,1756
20,1756
44,1756
61,1756
1,1757
36,1757
46,1757
90,1757
2,1758
2,1759
96,1759
54,1765
73,1765
89,1766
3,1769
4,1770
7,1770
12,1771
93,1772
4,1773
5,1774
52,1774
54,1774
95,1774
5,1775
3,1776
13,1777
23,1777
86,1777
13,1779
100,1780
9,1781
97,1782
94,1783
43,1784
51,1784
64,1784
84,1784
44,1785
1,1786
57,1786
1,1787
40,1787
71,1787
2,1788
76,1788
87,1788
29,1789
2,1790
15,1790
54,1791
67,1791
28,1795
1,1796
60,1796
11,1797
2,1798
15,1798
30,1798
11,1799
18,1801
47,1803
68,1803
13,1805
87,1805
70,1807
96,1807
48,1810
50,1810
84,1811
21,1812
34,1812
78,1812
97,1813
48,1814
51,1814
45,1816
33,1818
61,1818
63,1818
32,1819
66,1819
75,1819
63,1821
87,1821
90,1821
66,1822
82,1822
44,1823
34,1826
70,1827
95,1827
14,1829
27,1829
30,1829
33,1830
66,1830
84,1830
51,1831
88,1831
62,1833
40,1834
15,1836
56,1836
27,1839
82,1839
89,1840
32,1841
18,1842
46,1842
76,1843
90,1844
1,1845
68,1845
28,1846
58,1846
73,1846
2,1848
47,1848
62,1848
24,1849
64,1850
1,1852
1,1853
3,1853
57,1853
83,1853
2,1854
2,1855
5,1855
79,1855
4,1858
35,1859
3,1860
65,1860
5,1862
17,1862
4,1863
12,1863
55,1863
55,1864
69,1864
98,1864
50,1865
89,1867
28,1870
79,1870
92,1870
53,1871
72,1872
65,1873
57,1875
23,1877
51,1877
87,1878
92,1879
62,1880
19,1881
80,1882
17,1884
30,1885
39,1887
80,1887
3,1888
44,1888
4,1889
91,1890
3,1891
24,1891
4,1892
18,1892
63,1893
59,1894
97,1895
15,1896
24,1896
78,1896
52,1898
81,1899
5,1901
88,1901
77,1902
59,1903
5,1904
39,1904
48,1904
27,1905
40,1905
92,1906
71,1907
62,1909
67,1909
8,1911
54,1911
81,1911
1,1912
10,1912
1,1914
13,1914
44,1914
98,1914
2,1915
10,1915
30,1916
47,1918
78,1918
90,1918
13,1919
38,1921
1,1923
19,1923
52,1923
2,1925
2,1926
46,1928
86,1928
28,1929
21,1930
61,1931
88,1931
77,1932
95,1932
13,1933
75,1936
29,1938
52,1941
59,1941
69,1941
31,1942
45,1942
94,1942
90,1943
23,1945
73,1945
84,1945
44,1946
48,1946
3,1949
4,1950
5,1951
71,1951
88,1952
5,1953
3,1954
4,1955
70,1955
89,1955
84,1956
88,1961
82,1962
94,1963
51,1965
40,1968
61,1968
31,1969
90,1969
3,1973
81,1973
93,1973
4,1974
29,1975
5,1977
10,1977
5,1978
24,1978
64,1978
94,1978
68,1979
3,1980
56,1980
20,1982
99,1982
4,1983
35,1983
11,1984
74,1985
1,1986
25,1986
27,1986
69,1986
11,1987
1,1988
39,1988
32,1990
2,1991
51,1991
2,1994
8,1995
88,1995
1,1996
2,1997
28,1997
3,1998
25,1998
5,2000
25,2000
52,2000
65,2001
4,2002
3,2003
16,2003
4,2004
5,2005
10,2005
1,2007
91,2007
14,2009
52,2009
61,2009
94,2011
1,2012
25,2012
2,2015
8,2015
25,2015
28,2015
73,2015
18,2017
21,2017
36,2019
65,2019
75,2019
1,2020
11,2020
13,2020
46,2021
72,2021
2,2022
19,2022
34,2022
2,2024
75,2026
86,2028
37,2029
48,2030
99,2030
75,2031
92,2032
1,2034
2,2035
14,2035
32,2035
81,2035
1,2036
3,2036
5,2037
17,2037
5,2040
64,2040
4,2041
2,2042
4,2042
43,2043
71,2043
85,2043
1,2044
2,2045
3,2045
24,2045
27,2046
35,2047
97,2048
13,2049
21,2053
28,2053
34,2053
78,2053
26,2054
26,2055
45,2057
12,2061
34,2062
99,2063
44,2065
66,2065
7,2066
22,2066
49,2067
3,2068
52,2068
26,2070
100,2071
5,2071
40,2071
42,2072
53,2072
5,2073
28,2073
99,2073
4,2074
4,2075
1,2077
1,2078
3,2078
41,2078
62,2078
2,2079
3,2079
7,2079
88,2079
1,2080
13,2080
2,2081
4,2082
39,2083
2,2084
5,2084
42,2085
50,2086
3,2088
33,2088
70,2089
5,2090
57,2090
80,2091
4,2092
51,2092
92,2092
41,2094
52,2094
22,2095
33,2095
30,2097
38,2098
44,2098
29,2099
52,2100
58,2101
61,2101
68,2101
63,2102
1,2103
35,2103
53,2103
53,2104
57,2104
100,2105
53,2105
19,2107
74,2109
1,2110
86,2111
26,2113
82,2113
2,2114
1,2115
2,2116
63,2117
2,2118
46,2119
67,2119
76,2119
47,2120
33,2122
1,2123
1,2124
37,2124
2,2125
31,2125
48,2125
70,2125
2,2126
28,2126
3,2127
18,2127
45,2127
4,2128
73,2129
84,2129
1,2130
3,2130
66,2130
5,2131
21,2132
40,2132
72,2132
2,2133
4,2133
5,2134
43,2134
85,2134
91,2134
11,2135
72,2135
96,2135
75,2136
86,2136
3,2140
100,2141
34,2141
57,2141
90,2141
36,2142
5,2143
4,2144
3,2145
25,2145
5,2146
8,2146
25,2147
4,2148
1,2153
1,2154
20,2154
67,2155
79,2157
86,2157
2,2159
3,2159
94,2159
5,2160
23,2160
40,2160
2,2161
30,2161
4,2162
42,2162
8,2163
42,2163
64,2164
66,2164
89,2164
3,2165
1,2166
61,2167
79,2167
4,2170
71,2170
2,2171
5,2171
20,2171
64,2171
61,2173
22,2176
94,2177
39,2178
68,2179
8,2181
73,2181
95,2181
63,2182
63,2184
28,2185
29,2185
58,2188
33,2189
97,2190
45,2192
71,2192
93,2192
9,2193
44,2193
36,2194
23,2196
3,2197
14,2198
84,2200
5,2201
52,2201
94,2201
5,2202
4,2203
71,2203
3,2205
4,2206
19,2206
98,2206
10,2208
37,2208
44,2209
9,2211
48,2211
17,2212
76,2212
79,2213
20,2214
21,2214
29,2214
42,2216
1,2218
7,2218
2,2220
1,2221
80,2222
2,2223
57,2223
1,2224
67,2224
23,2225
47,2226
67,2228
81,2228
2,2229
12,2230
7,2232
36,2235
26,2236
63,2237
60,2239
57,2240
85,2240
47,2241
83,2241
91,2245
25,2246
1,2249
2,2250
1,2251
79,2251
9,2252
70,2253
90,2253
34,2255
95,2255
1,2256
76,2256
2,2257
78,2257
2,2259
62,2259
30,2260
48,2263
91,2263
21,2267
25,2267
84,2267
56,2270
39,2271
87,2271
19,2272
52,2272
86,2273
12,2274
44,2275
24,2276
78,2276
13,2277
28,2277
73,2278
59,2279
82,2279
46,2281
23,2282
37,2283
65,2283
50,2285
95,2285
85,2287
9,2288
47,2288
32,2290
73,2290
70,2291
30,2294
96,2294
62,2297
64,2297
62,2298
51,2299
85,2299
41,2300
63,2300
80,2300
52,2301
25,2302
57,2302
26,2303
63,2304
3,2305
34,2305
43,2305
95,2305
53,2306
91,2307
36,2308
45,2308
67,2308
78,2308
4,2309
48,2309
1,2310
4,2310
89,2310
53,2312
28,2313
1,2314
53,2314
79,2314
2,2315
3,2315
74,2315
76,2315
1,2316
5,2316
70,2316
2,2317
5,2317
30,2317
51,2317
75,2317
24,2319
2,2320
81,2320
59,2322
75,2322
10,2323
62,2323
19,2324
28,2324
75,2324
97,2327
61,2329
62,2329
23,2330
4,2331
46,2332
77,2333
10,2335
30,2335
62,2335
15,2336
43,2337
81,2337
1,2339
2,2340
7,2341
1,2342
1,2343
90,2343
35,2344
47,2344
85,2344
92,2344
2,2345
56,2345
2,2347
61,2347
64,2348
7,2349
31,2349
23,2350
11,2352
30,2353
69,2353
89,2353
59,2355
29,2356
1,2357
7,2358
51,2358
61,2358
78,2358
49,2359
61,2359
66,2359
51,2360
1,2361
19,2361
68,2361
2,2362
1,2363
9,2365
89,2365
14,2366
28,2366
51,2366
60,2366
92,2366
2,2367
48,2367
8,2368
51,2368
58,2368
61,2369
84,2369
2,2370
36,2373
86,2373
34,2374
72,2374
1,2375
1,2376
10,2376
98,2376
2,2377
2,2378
1,2379
3,2379
2,2380
4,2380
24,2380
5,2381
73,2381
3,2382
21,2382
25,2382
99,2382
13,2383
34,2383
51,2383
5,2384
8,2384
55,2384
4,2385
35,2385
99,2385
24,2387
15,2388
22,2388
56,2389
62,2389
26,2390
33,2390
58,2390
66,2390
31,2391
96,2391
18,2395
29,2396
52,2397
69,2397
65,2399
66,2399
41,2400
59,2400
46,2401
20,2404
74,2404
83,2404
89,2405
23,2406
9,2407
60,2408
83,2408
96,2408
76,2412
75,2413
99,2414
1,2415
30,2416
2,2417
32,2417
61,2417
1,2418
25,2419
34,2421
45,2421
59,2421
1,2422
2,2423
94,2423
2,2424
15,2424
35,2426
75,2426
65,2427
67,2428
93,2428
13,2430
22,2430
3,2436
5,2437
5,2438
24,2438
34,2438
4,2439
86,2439
3,2440
26,2441
28,2441
46,2441
57,2442
62,2442
5,2443
30,2443
4,2444
37,2447
57,2448
17,2449
100,2450
32,2451
7,2452
3,2453
79,2454
75,2455
52,2456
2,2459
4,2459
75,2459
5,2460
24,2460
30,2460
4,2462
52,2462
5,2463
6,2463
91,2463
3,2464
41,2464
6,2466
4,2467
78,2468
98,2469
56,2470
58,2471
51,2472
90,2472
10,2473
47,2473
60,2473
3,2477
72,2479
4,2480
87,2480
50,2482
41,2483
8,2484
14,2484
5,2485
4,2486
57,2486
44,2487
5,2488
30,2488
3,2489
74,2489
47,2490
6,2491
51,2491
64,2491
10,2493
51,2493
19,2495
13,2496
46,2499
86,2502
10,2504
32,2506
65,2506
76,2506
3,2507
32,2508
87,2508
4,2509
82,2510
98,2512
63,2513
72,2513
85,2513
5,2514
4,2515
53,2515
78,2515
3,2516
66,2517
80,2517
95,2517
5,2518
38,2520
42,2520
82,2520
81,2521
92,2521
98,2521
77,2522
30,2523
8,2524
19,2526
31,2527
49,2527
72,2527
19,2529
63,2529
47,2530
63,2533
48,2535
54,2535
58,2535
1,2536
1,2538
26,2538
64,2539
2,2540
40,2540
75,2540
1,2541
61,2541
97,2541
2,2542
47,2542
43,2543
78,2543
89,2543
2,2545
28,2545
16,2546
94,2546
1,2550
3,2553
42,2553
14,2554
62,2554
1,2556
5,2556
38,2556
41,2557
79,2557
94,2557
2,2558
4,2558
9,2558
5,2559
4,2560
43,2560
47,2560
2,2561
3,2561
1,2562
2,2563
48,2563
78,2563
95,2564
65,2565
62,2567
17,2568
60,2568
6,2572
50,2572
54,2572
30,2573
1,2575
68,2575
2,2576
15,2578
61,2578
44,2579
69,2580
1,2582
2,2583
30,2583
1,2584
57,2584
2,2585
40,2585
54,2585
17,2589
45,2589
79,2589
72,2590
78,2592
28,2593
46,2593
60,2593
77,2595
20,2596
93,2596
16,2597
78,2598
100,2600
57,2600
24,2605
55,2606
78,2606
60,2610
98,2610
68,2611
89,2611
78,2617
54,2619
20,2620
34,2620
75,2621
50,2622
53,2622
76,2622
39,2624
67,2625
17,2626
77,2626
48,2627
62,2627
74,2627
89,2627
94,2627
31,2628
3,2632
55,2632
5,2633
56,2633
5,2634
26,2634
42,2634
4,2635
3,2637
89,2637
4,2638
16,2638
61,2639
4,2641
25,2641
26,2642
94,2642
99,2643
57,2645
41,2646
54,2647
67,2647
90,2649
99,2650
88,2651
96,2651
33,2653
24,2655
51,2655
21,2657
91,2657
8,2659
13,2659
21,2659
22,2661
3,2663
1,2664
5,2664
2,2665
73,2665
90,2665
1,2666
2,2667
4,2667
4,2668
37,2668
1,2670
3,2670
51,2670
2,2671
5,2672
47,2672
60,2672
89,2676
7,2677
33,2677
28,2678
48,2678
41,2679
48,2679
31,2681
26,2682
40,2684
3,2685
68,2685
5,2686
86,2688
4,2689
23,2690
8,2691
45,2691
34,2692
4,2693
97,2693
3,2694
5,2695
22,2696
26,2697
27,2697
53,2697
52,2699
86,2701
56,2702
35,2703
47,2703
28,2704
39,2704
55,2707
20,2711
81,2711
41,2712
37,2713
58,2713
66,2713
48,2714
14,2716
44,2716
53,2716
99,2716
63,2717
49,2718
72,2718
99,2718
10,2719
32,2720
95,2720
96,2720
66,2722
88,2723
34,2725
79,2725
84,2725
89,2726
97,2726
10,2728
28,2728
60,2729
1,2730
70,2730
1,2731
24,2731
65,2731
95,2732
2,2734
18,2734
40,2736
96,2736
98,2736
2,2737
50,2737
1,2738
3,2738
62,2738
77,2738
10,2739
80,2739
2,2740
5,2740
100,2742
5,2742
51,2742
90,2742
4,2743
3,2744
46,2744
4,2746
20,2746
93,2749
38,2750
37,2751
95,2752
96,2752
7,2753
62,2753
34,2756
45,2756
63,2757
3,2758
38,2758
53,2758
78,2758
17,2759
65,2759
24,2761
8,2763
10,2763
9,2764
12,2764
12,2765
75,2766
50,2767
60,2767
86,2768
97,2769
60,2771
66,2771
1,2772
1,2773
72,2773
2,2774
1,2775
12,2775
2,2776
53,2777
22,2778
24,2778
2,2780
33,2781
48,2781
61,2782
88,2782
46,2783
14,2786
1,2787
62,2788
2,2789
23,2790
41,2790
82,2790
1,2791
99,2791
1,2794
2,2795
7,2796
34,2796
39,2796
2,2797
95,2799
27,2801
92,2801
62,2803
92,2804
85,2805
27,2807
69,2807
62,2809
63,2809
15,2810
37,2811
23,2814
49,2814
49,2815
41,2817
20,2818
24,2818
44,2821
96,2821
34,2822
57,2822
45,2823
76,2823
26,2827
44,2827
91,2830
67,2832
32,2833
62,2833
8,2834
43,2838
36,2840
89,2840
31,2841
42,2841
15,2842
82,2842
87,2843
50,2844
58,2845
54,2846
85,2846
30,2847
56,2847
78,2847
68,2850
46,2852
89,2852
86,2853
36,2854
65,2857
31,2858
88,2858
55,2859
57,2861
62,2861
66,2862
71,2862
40,2864
47,2864
3,2865
4,2866
10,2866
3,2867
68,2867
57,2868
5,2869
51,2869
4,2870
5,2871
23,2872
46,2876
85,2876
25,2877
94,2879
18,2880
30,2880
60,2880
71,2881
23,2883
38,2883
57,2884
21,2888
41,2888
81,2888
63,2889
65,2889
85,2890
64,2892
75,2892
28,2896
76,2897
74,2898
32,2899
33,2899
96,2901
40,2903
36,2905
42,2905
82,2906
25,2907
40,2908
18,2909
3,2910
7,2910
72,2910
4,2911
3,2912
4,2913
14,2913
75,2913
5,2914
73,2914
75,2914
94,2914
5,2916
68,2916
31,2917
59,2917
91,2917
97,2917
19,2918
32,2918
51,2919
56,2920
88,2921
53,2922
33,2925
47,2925
62,2926
70,2926
58,2928
28,2929
51,2929
59,2929
67,2930
43,2931
68,2931
77,2931
20,2934
87,2934
92,2936
50,2937
14,2938
41,2938
91,2938
55,2941
64,2941
66,2943
28,2944
43,2944
67,2945
36,2946
40,2946
75,2947
26,2948
74,2948
7,2949
45,2950
47,2950
3,2952
35,2952
63,2952
18,2953
42,2953
43,2953
4,2954
10,2954
85,2954
5,2957
4,2958
27,2958
35,2958
3,2960
9,2960
34,2961
5,2962
63,2962
39,2965
85,2967
85,2968
37,2969
82,2969
3,2970
91,2970
15,2971
5,2972
44,2972
4,2973
55,2973
4,2974
38,2975
3,2976
58,2977
88,2977
100,2979
50,2984
65,2984
5,2985
56,2985
28,2986
39,2986
1,2987
2,2989
18,2989
63,2989
1,2991
1,2992
21,2992
2,2993
23,2993
2,2994
50,2995
78,2998
45,2999
77,2999
1,3000
58,3000
1,3001
11,3001
60,3002
74,3003
75,3003
21,3004
2,3005
86,3005
55,3006
90,3006
1,3007
19,3007
2,3009
29,3009
90,3010
14,3011
2,3013
33,3013
71,3013
89,3014
20,3015
79,3015
99,3016
62,3018
3,3019
43,3019
11,3020
99,3021
38,3023
46,3023
92,3023
5,3024
1,3025
4,3025
85,3025
98,3025
1,3026
4,3026
27,3026
3,3027
2,3028
63,3029
96,3030
5,3032
2,3034
1,3036
65,3037
2,3038
98,3039
23,3040
44,3040
89,3040
3,3042
19,3042
14,3044
20,3044
4,3045
9,3045
4,3046
10,3047
32,3048
35,3048
43,3050
8,3051
67,3051
3,3052
50,3052
82,3052
98,3053
5,3054
32,3054
98,3054
5,3055
67,3056
21,3060
51,3061
70,3061
90,3061
82,3062
6,3063
10,3063
72,3063
58,3065
6,3066
19,3066
8,3068
30,3068
98,3068
13,3069
89,3069
98,3069
53,3071
17,3072
100,3073
19,3073
28,3073
93,3073
17,3074
8,3076
73,3076
44,3079
1,3081
57,3081
2,3082
1,3083
26,3083
41,3083
22,3084
39,3085
90,3085
1,3086
2,3087
18,3087
2,3088
65,3089
26,3090
11,3091
45,3091
90,3091
48,3092
25,3093
41,3093
48,3093
52,3093
53,3093
93,3097
29,3098
64,3098
20,3099
100,3100
44,3100
80,3101
9,3102
25,3102
91,3103
14,3104
82,3104
28,3105
94,3105
29,3106
8,3107
74,3107
1,3108
11,3108
76,3108
42,3109
2,3110
3,3111
1,3112
4,3113
2,3114
5,3114
12,3114
3,3115
94,3115
25,3116
29,3116
1,3117
2,3118
26,3119
33,3119
5,3120
30,3120
2,3121
18,3121
68,3121
79,3121
1,3122
76,3122
18,3123
96,3123
91,3124
1,3125
59,3125
4,3126
82,3126
6,3127
2,3128
8,3128
1,3130
2,3132
2,3133
13,3133
19,3133
69,3133
17,3134
37,3134
87,3134
18,3136
89,3138
94,3138
13,3139
16,3139
41,3140
70,3140
83,3140
1,3142
10,3142
87,3142
39,3144
43,3144
25,3145
100,3147
46,3147
26,3148
27,3148
29,3148
64,3148
12,3149
97,3149
4,3153
81,3153
92,3153
24,3155
79,3157
6,3158
76,3158
29,3159
9,3161
21,3161
31,3162
79,3163
27,3164
8,3165
20,3166
35,3166
34,3167
51,3168
21,3171
100,3178
88,3178
8,3180
39,3181
50,3181
58,3181
45,3183
94,3183
31,3184
40,3184
59,3184
37,3186
56,3186
44,3187
80,3189
74,3192
49,3193
59,3194
25,3196
35,3197
56,3198
68,3199
100,3201
1,3202
1,3203
26,3203
2,3205
63,3205
33,3206
2,3207
1,3209
16,3209
99,3209
15,3210
38,3210
2,3211
48,3211
75,3214
12,3216
18,3216
96,3216
4,3217
78,3217
75,3218
33,3219
46,3219
68,3219
52,3220
85,3221
6,3223
15,3223
28,3224
59,3224
49,3225
74,3227
93,3228
97,3228
39,3229
94,3229
96,3231
37,3233
13,3234
10,3236
44,3236
98,3236
59,3238
92,3238
84,3239
17,3241
61,3241
79,3241
35,3242
22,3244
60,3244
60,3245
58,3247
88,3248
18,3249
3,3250
29,3251
72,3251
5,3252
7,3252
63,3253
33,3254
5,3255
4,3256
26,3256
43,3256
50,3256
4,3258
3,3260
40,3261
85,3262
1,3263
2,3264
30,3264
1,3266
2,3268
1,3269
2,3270
31,3271
1,3273
2,3274
94,3276
9,3277
1,3278
2,3281
1,3282
71,3282
2,3283
98,3283
83,3285
86,3286
16,3287
27,3289
78,3289
86,3289
26,3294
96,3294
21,3295
62,3295
68,3296
56,3297
3,3299
30,3300
45,3301
5,3302
12,3302
20,3303
4,3304
3,3305
38,3305
4,3306
35,3307
84,3308
5,3309
32,3310
54,3310
58,3310
88,3310
38,3311
25,3312
12,3314
37,3315
54,3315
21,3316
89,3316
96,3316
99,3316
32,3319
37,3319
79,3319
63,3320
18,3321
44,3321
81,3322
49,3323
53,3323
80,3323
95,3323
36,3325
22,3326
65,3326
1,3327
81,3327
19,3328
36,3329
81,3329
3,3330
86,3330
91,3330
2,3331
4,3332
26,3332
47,3332
27,3333
1,3334
3,3334
71,3334
54,3335
2,3336
56,3336
1,3337
15,3337
2,3338
5,3338
71,3338
5,3339
11,3339
16,3339
91,3339
94,3339
6,3340
14,3340
4,3342
22,3343
68,3343
87,3344
81,3345
60,3346
82,3346
67,3349
95,3349
78,3350
19,3355
79,3355
7,3356
40,3357
98,3358
26,3361
10,3363
17,3364
20,3365
34,3365
1,3367
9,3367
18,3367
1,3368
46,3368
2,3369
55,3369
2,3370
1,3371
17,3371
18,3372
2,3373
51,3374
92,3374
98,3374
1,3375
19,3375
66,3375
2,3376
24,3376
1,3378
58,3378
2,3379
27,3379
92,3379
41,3380
1,3381
72,3381
98,3381
52,3382
2,3383
87,3384
50,3386
41,3387
58,3387
46,3388
2,3389
76,3390
43,3391
86,3391
45,3392
60,3393
94,3394
13,3395
28,3395
40,3395
38,3397
87,3399
85,3401
13,3403
23,3403
41,3404
67,3404
18,3405
46,3405
87,3406
98,3406
91,3407
79,3408
21,3410
94,3410
1,3411
49,3412
51,3412
2,3413
17,3413
69,3413
1,3415
31,3415
67,3415
2,3416
17,3416
1,3417
2,3418
24,3418
100,3419
2,3420
86,3420
98,3420
20,3423
78,3426
22,3428
23,3428
87,3430
39,3433
96,3434
41,3435
75,3436
82,3436
96,3436
66,3438
95,3440
47,3443
58,3443
90,3443
5,3444
65,3444
13,3446
23,3446
60,3446
50,3447
18,3448
95,3449
8,3450
41,3450
1,3452
3,3452
47,3452
4,3453
100,3454
2,3454
50,3454
68,3454
4,3455
6,3455
44,3455
68,3455
1,3456
3,3456
78,3456
1,3457
69,3457
2,3458
5,3458
2,3460
5,3461
40,3461
1,3465
57,3465
2,3466
39,3467
1,3468
14,3468
13,3469
82,3469
1,3470
90,3470
37,3471
2,3472
21,3472
73,3472
2,3474
36,3474
36,3475
38,3476
74,3477
9,3479
48,3480
54,3480
38,3482
89,3483
6,3486
32,3487
94,3487
5,3489
68,3489
85,3489
96,3490
49,3491
20,3492
26,3494
44,3494
85,3495
98,3495
89,3496
2,3497
3,3498
29,3498
81,3498
84,3498
4,3499
34,3499
44,3499
3,3500
5,3501
59,3501
83,3501
4,3503
60,3503
73,3503
78,3503
99,3503
5,3504
7,3504
16,3504
64,3505
84,3505
90,3511
38,3512
75,3512
59,3514
56,3515
100,3517
76,3517
23,3518
44,3519
56,3521
75,3521
70,3522
94,3525
5,3527
74,3527
53,3528
55,3528
6,3529
69,3533
7,3534
24,3534
58,3534
89,3534
48,3535
8,3536
11,3536
37,3536
60,3536
84,3536
4,3537
52,3538
18,3539
14,3541
20,3541
70,3541
11,3542
24,3543
43,3543
39,3546
94,3546
97,3546
82,3547
70,3548
1,3549
14,3549
2,3550
40,3551
42,3551
50,3551
39,3552
53,3552
1,3553
84,3553
1,3554
78,3554
19,3555
50,3555
83,3555
2,3556
3,3557
2,3558
26,3561
94,3561
4,3562
4,3563
46,3563
5,3565
19,3566
71,3566
3,3567
5,3568
10,3568
61,3568
97,3568
7,3572
100,3574
74,3574
9,3575
90,3576
98,3577
8,3578
44,3580
47,3581
19,3582
70,3582
95,3583
98,3583
70,3586
86,3586
20,3587
38,3587
69,3587
8,3588
13,3588
9,3589
22,3590
49,3590
70,3590
9,3592
38,3595
93,3596
59,3597
63,3597
13,3598
86,3598
1,3599
73,3599
75,3599
2,3600
1,3601
73,3601
2,3602
20,3602
99,3602
86,3604
1,3606
66,3607
2,3609
27,3609
61,3609
3,3611
87,3611
5,3612
33,3612
65,3612
4,3613
6,3613
94,3613
81,3614
3,3615
87,3615
31,3616
50,3616
4,3617
38,3617
5,3618
43,3618
61,3618
30,3619
60,3619
1,3620
12,3620
83,3620
1,3622
59,3622
2,3623
64,3623
51,3624
95,3624
1,3625
99,3625
2,3628
10,3629
70,3629
2,3630
53,3630
54,3630
72,3630
74,3630
48,3632
60,3633
4,3634
26,3634
3,3635
5,3636
52,3636
87,3637
4,3638
81,3638
5,3639
3,3640
20,3640
27,3640
46,3640
55,3640
76,3640
4,3643
6,3644
19,3644
41,3646
70,3646
8,3647
3,3648
65,3649
39,3650
34,3651
37,3652
64,3652
89,3652
22,3653
84,3653
22,3654
49,3654
3,3655
4,3656
64,3656
4,3658
55,3658
90,3659
5,3663
29,3665
38,3665
55,3665
68,3665
5,3667
18,3670
73,3670
82,3670
98,3670
41,3671
3,3672
62,3672
81,3673
100,3674
50,3674
84,3674
70,3675
27,3680
15,3683
32,3683
30,3685
42,3689
100,3691
3,3691
30,3691
56,3691
95,3692
4,3693
85,3693
4,3694
12,3694
36,3696
41,3696
75,3696
70,3697
5,3698
22,3698
73,3698
91,3698
88,3699
49,3700
1,3701
2,3702
5,3702
1,3703
3,3704
65,3704
16,3705
96,3705
44,3707
2,3710
19,3710
43,3710
71,3711
92,3712
1,3713
3,3714
2,3715
5,3715
33,3715
64,3715
4,3717
5,3719
4,3720
3,3722
35,3722
7,3724
59,3724
89,3724
71,3725
57,3727
81,3727
40,3728
39,3729
67,3731
95,3731
40,3732
87,3732
7,3733
11,3734
92,3734
17,3736
71,3741
49,3743
27,3744
59,3744
6,3745
92,3745
87,3746
35,3747
27,3748
37,3750
43,3750
45,3750
53,3750
74,3750
97,3750
49,3751
15,3752
32,3752
22,3754
84,3754
3,3755
49,3755
90,3755
4,3757
12,3757
30,3757
4,3758
18,3758
3,3759
72,3759
5,3761
19,3761
40,3761
68,3761
75,3762
3,3763
5,3763
30,3765
77,3768
8,3769
56,3770
3,3772
52,3772
4,3773
80,3773
4,3776
73,3776
5,3777
35,3777
52,3777
63,3777
5,3780
27,3781
3,3782
85,3786
81,3787
45,3788
78,3788
32,3791
94,3793
71,3795
49,3797
68,3797
32,3798
88,3798
99,3798
8,3799
29,3800
49,3800
12,3801
33,3801
37,3801
67,3803
10,3804
18,3804
28,3805
67,3805
29,3806
38,3806
44,3807
32,3810
51,3810
1,3813
86,3813
2,3814
74,3814
1,3817
26,3817
59,3818
2,3820
52,3820
58,3820
83,3820
80,3821
7,3822
45,3822
17,3823
1,3824
31,3824
2,3825
7,3825
95,3825
28,3826
1,3829
1,3830
2,3831
15,3831
1,3832
38,3833
87,3833
10,3834
2,3835
17,3835
2,3836
47,3836
54,3837
83,3838
12,3839
45,3841
83,3842
23,3843
67,3843
53,3844
80,3844
57,3845
72,3847
81,3847
62,3848
76,3848
32,3850
33,3850
53,3851
66,3852
67,3853
96,3853
31,3854
39,3854
85,3854
44,3856
89,3856
45,3857
1,3858
3,3858
69,3858
62,3859
1,3860
41,3860
2,3861
4,3861
61,3861
5,3863
48,3863
88,3863
89,3863
97,3863
1,3864
5,3864
2,3865
13,3865
100,3866
39,3866
4,3868
69,3868
98,3868
2,3870
58,3870
77,3870
3,3871
39,3872
95,3872
87,3875
82,3877
70,3878
15,3879
39,3880
1,3881
1,3883
3,3883
26,3884
2,3885
5,3885
11,3885
77,3885
57,3886
2,3887
1,3888
4,3888
21,3888
29,3888
2,3889
4,3889
10,3889
34,3890
81,3890
5,3891
95,3892
1,3893
25,3893
1,3894
10,3894
22,3894
81,3894
2,3895
3,3895
2,3897
35,3897
1,3898
2,3899
54,3899
91,3899
1,3901
3,3901
1,3902
5,3902
90,3902
4,3903
82,3903
2,3904
3,3904
2,3905
90,3905
4,3906
40,3906
95,3906
29,3908
5,3909
1,3910
60,3910
2,3911
1,3912
53,3912
98,3912
2,3913
99,3913
64,3914
19,3915
31,3917
61,3917
75,3917
90,3917
35,3919
17,3920
1,3921
30,3922
2,3923
92,3923
3,3924
1,3926
4,3926
2,3927
90,3927
4,3928
30,3932
83,3932
52,3933
5,3934
3,3935
16,3935
32,3935
70,3936
51,3937
61,3937
30,3938
50,3938
97,3938
5,3940
30,3940
91,3940
92,3940
21,3943
47,3944
87,3945
63,3946
98,3946
41,3947
69,3947
99,3948
3,3949
4,3951
32,3951
78,3951
5,3952
9,3952
21,3952
3,3953
6,3953
4,3956
10,3956
13,3956
49,3956
50,3956
5,3957
15,3957
37,3958
94,3958
69,3960
42,3961
44,3961
58,3965
2,3967
72,3967
53,3968
23,3969
51,3969
97,3969
3,3970
30,3971
53,3971
51,3977
33,3979
75,3979
30,3980
97,3984
83,3987
96,3987
24,3988
54,3989
71,3990
49,3991
54,3991
16,3993
20,3993
9,3994
55,3994
85,3994
67,3995
95,3997
74,3999
23,4002
43,4003
60,4004
60,4005
93,4005
76,4007
68,4008
41,4009
93,4009
8,4010
20,4012
33,4013
85,4014
10,4015
3,4016
14,4016
48,4016
86,4016
25,4019
4,4020
5,4021
16,4021
83,4021
84,4022
3,4023
15,4023
4,4024
72,4024
5,4025
88,4025
25,4026
25,4027
27,4027
46,4028
65,4028
77,4028
29,4029
87,4029
56,4030
58,4030
74,4031
47,4033
14,4036
10,4038
78,4039
89,4041
34,4043
77,4043
1,4044
57,4045
28,4046
50,4046
2,4048
70,4048
81,4048
1,4049
24,4049
2,4050
1,4051
18,4051
58,4051
50,4052
2,4053
56,4053
63,4053
92,4055
98,4055
15,4056
25,4056
60,4056
22,4058
98,4060
23,4061
12,4062
45,4062
71,4062
12,4063
44,4063
88,4066
7,4068
15,4069
94,4069
83,4071
18,4072
58,4072
75,4072
30,4073
34,4074
80,4076
62,4077
65,4077
31,4078
7,4080
58,4083
81,4084
60,4085
48,4086
63,4089
1,4090
67,4090
1,4091
2,4092
50,4092
2,4093
15,4093
21,4093
1,4094
22,4094
73,4094
62,4095
2,4096
7,4096
92,4096
57,4097
67,4099
1,4101
12,4102
66,4103
1,4104
41,4105
91,4105
80,4106
40,4107
100,4108
2,4109
99,4109
2,4110
26,4110
1,4111
62,4111
2,4112
89,4112
40,4114
1,4117
47,4118
16,4119
57,4119
52,4120
31,4121
54,4122
80,4122
9,4124
12,4124
53,4125
2,4126
3,4127
88,4127
4,4128
3,4129
23,4129
44,4129
64,4129
5,4130
77,4130
4,4131
47,4131
5,4132
21,4132
59,4132
2,4133
76,4134
73,4135
38,4136
9,4137
25,4139
40,4139
42,4141
55,4142
77,4142
79,4142
84,4142
97,4142
88,4143
81,4145
11,4146
23,4146
36,4147
38,4147
50,4147
52,4147
75,4147
13,4148
44,4148
61,4148
22,4149
39,4149
44,4149
3,4150
12,4150
11,4151
64,4151
90,4151
72,4153
86,4154
100,4156
68,4156
4,4157
55,4157
5,4158
91,4160
3,4161
10,4161
41,4161
82,4162
5,4163
99,4163
16,4164
60,4164
78,4164
10,4165
93,4165
4,4166
92,4166
10,4168
80,4169
26,4170
47,4170
13,4171
72,4172
88,4173
7,4176
3,4177
45,4178
2,4179
4,4181
5,4182
96,4184
5,4186
50,4188
92,4188
4,4190
59,4190
65,4190
3,4191
13,4191
77,4191
63,4192
19,4193
83,4198
62,4199
16,4200
24,4200
90,4201
11,4202
1,4203
77,4203
1,4204
2,4205
69,4205
99,4206
1,4207
9,4207
43,4207
15,4208
68,4208
81,4208
2,4209
2,4210
33,4210
96,4213
33,4214
43,4216
77,4216
56,4223
65,4223
76,4223
91,4223
84,4224
63,4225
38,4226
3,4228
4,4229
4,4230
50,4232
5,4233
30,4233
64,4233
5,4234
3,4235
12,4236
41,4236
24,4238
75,4238
77,4239
76,4240
69,4242
91,4242
86,4243
22,4244
65,4244
93,4246
25,4248
70,4249
86,4250
1,4251
42,4251
53,4251
2,4252
11,4252
88,4253
100,4254
1,4254
91,4255
2,4257
45,4257
68,4257
58,4258
63,4258
1,4260
2,4261
31,4262
89,4263
97,4263
1,4264
2,4266
25,4266
1,4268
16,4268
36,4269
82,4270
1,4271
2,4273
34,4273
39,4273
2,4274
14,4274
23,4274
52,4274
3,4275
81,4275
79,4276
94,4276
4,4277
44,4277
5,4279
1,4280
3,4280
64,4280
83,4280
2,4281
83,4281
57,4282
91,4282
1,4283
5,4283
85,4283
90,4283
4,4285
98,4285
15,4286
22,4286
58,4286
14,4287
20,4288
83,4288
84,4288
3,4289
65,4289
2,4291
4,4291
33,4291
4,4293
15,4293
64,4293
1,4294
2,4295
3,4295
30,4295
31,4295
36,4295
80,4295
57,4296
45,4298
64,4299
5,4300
18,4300
5,4301
35,4302
3,4304
72,4304
5,4305
36,4305
5,4306
81,4306
4,4307
20,4307
3,4309
41,4309
75,4309
93,4309
98,4310
14,4311
52,4311
4,4312
7,4312
33,4312
69,4312
88,4313
98,4313
10,4314
70,4314
84,4315
14,4316
21,4318
62,4320
8,4321
45,4323
86,4323
88,4323
100,4325
85,4325
75,4326
84,4326
83,4327
91,4327
20,4328
97,4328
30,4330
52,4331
54,4332
5,4334
41,4335
80,4335
45,4336
8,4337
99,4338
72,4339
69,4340
97,4340
56,4343
32,4344
88,4351
92,4352
8,4353
10,4353
89,4354
41,4355
26,4356
38,4356
54,4356
58,4357
73,4358
3,4360
79,4361
5,4362
26,4362
75,4362
4,4363
100,4364
91,4365
100,4367
5,4367
35,4368
3,4369
12,4369
4,4370
55,4370
96,4370
27,4371
67,4372
79,4373
80,4373
98,4373
25,4374
22,4375
58,4375
26,4376
65,4377
72,4377
44,4379
1,4380
36,4380
97,4381
2,4382
41,4382
56,4383
24,4385
1,4387
10,4387
2,4388
58,4388
1,4391
30,4391
2,4392
31,4392
62,4392
19,4394
35,4394
91,4394
32,4395
65,4396
25,4397
90,4397
1,4398
2,4399
45,4399
1,4400
2,4401
1,4402
74,4403
2,4404
31,4405
71,4405
16,4409
1,4410
10,4411
49,4411
2,4412
65,4414
99,4414
9,4415
1,4417
15,4417
57,4417
83,4417
64,4418
85,4421
99,4421
1,4422
61,4422
2,4424
54,4424
64,4424
46,4426
86,4426
2,4427
13,4427
64,4430
93,4431
31,4432
97,4433
44,4435
28,4437
31,4437
31,4438
33,4440
59,4440
19,4445
3,4449
100,4450
4,4450
11,4450
17,4451
3,4452
86,4452
50,4453
59,4454
5,4455
27,4455
4,4457
10,4457
25,4457
39,4458
99,4458
51,4459
83,4459
5,4460
27,4460
1,4461
2,4462
13,4462
31,4462
49,4462
11,4463
44,4463
1,4464
2,4465
43,4465
10,4466
53,4466
1,4467
81,4467
9,4468
15,4468
29,4468
2,4470
9,4470
99,4470
14,4471
19,4472
22,4473
60,4473
63,4473
98,4473
95,4474
31,4475
33,4475
88,4475
91,4475
68,4477
45,4478
84,4479
6,4480
35,4480
49,4480
7,4481
73,4481
75,4481
14,4483
85,4483
56,4486
17,4487
80,4487
45,4489
70,4489
79,4489
99,4489
42,4491
76,4491
88,4491
1,4493
92,4494
2,4495
36,4495
53,4496
1,4498
77,4499
2,4500
1,4502
53,4502
2,4503
30,4503
44,4505
53,4506
67,4507
68,4507
1,4510
1,4512
2,4513
94,4513
1,4514
69,4514
96,4514
7,4515
90,4515
2,4516
2,4517
10,4518
26,4518
13,4519
22,4519
17,4520
54,4520
26,4521
43,4521
65,4521
97,4521
83,4522
86,4522
26,4524
94,4524
63,4525
84,4526
16,4527
56,4529
67,4529
48,4532
26,4534
65,4543
40,4544
57,4545
95,4545
26,4546
21,4551
51,4552
9,4553
44,4553
72,4553
8,4555
11,4557
74,4559
63,4563
86,4563
69,4564
56,4566
65,4566
25,4567
68,4568
69,4568
3,4569
24,4569
56,4569
64,4569
5,4570
5,4571
45,4571
74,4571
43,4572
4,4573
40,4573
45,4573
59,4574
3,4575
62,4576
4,4577
57,4577
14,4579
84,4579
96,4580
87,4581
94,4581
31,4584
49,4584
3,4585
12,4585
4,4586
23,4586
84,4586
4,4587
52,4587
3,4589
37,4589
74,4590
85,4590
85,4592
5,4593
92,4593
25,4594
28,4594
48,4595
5,4596
51,4598
58,4600
71,4600
1,4602
2,4605
1,4606
92,4606
87,4608
2,4609
35,4609
1,4611
75,4611
87,4611
21,4612
35,4613
29,4614
56,4614
2,4615
41,4615
98,4615
81,4616
33,4617
78,4617
22,4618
25,4618
18,4619
99,4620
3,4621
4,4621
32,4621
65,4621
28,4622
59,4622
74,4623
97,4623
19,4624
21,4624
94,4624
17,4625
4,4627
5,4628
26,4628
85,4628
63,4629
70,4630
97,4630
4,4631
36,4631
49,4631
99,4631
1,4632
59,4632
3,4633
89,4633
5,4635
51,4635
53,4635
91,4635
12,4636
9,4637
42,4639
64,4641
84,4641
30,4642
20,4643
35,4643
28,4644
86,4644
14,4645
88,4646
3,4647
11,4647
99,4647
58,4648
21,4649
39,4649
46,4649
68,4650
84,4650
4,4651
94,4651
73,4652
5,4654
4,4655
23,4656
73,4656
3,4657
5,4658
81,4658
28,4659
31,4659
44,4660
34,4661
33,4663
81,4663
97,4664
88,4665
92,4666
82,4667
93,4667
22,4668
28,4668
55,4668
24,4669
13,4670
83,4672
74,4673
84,4675
30,4680
57,4681
47,4682
100,4685
45,4686
72,4686
81,4687
60,4688
78,4689
89,4690
3,4691
70,4691
4,4692
4,4693
59,4693
97,4694
3,4695
30,4695
27,4696
28,4696
5,4698
6,4699
7,4699
5,4700
61,4700
49,4704
35,4706
30,4708
34,4710
54,4710
73,4710
7,4714
8,4714
45,4714
1,4717
2,4718
82,4718
68,4719
1,4720
57,4720
2,4721
1,4722
88,4722
2,4723
27,4725
38,4725
3,4728
30,4730
16,4731
20,4731
5,4732
63,4732
45,4733
53,4733
31,4735
4,4737
66,4737
75,4737
4,4738
18,4738
28,4738
54,4739
3,4741
47,4741
63,4742
5,4743
70,4744
41,4745
10,4747
98,4747
63,4748
94,4749
47,4750
50,4750
90,4750
95,4750
100,4752
38,4757
90,4757
8,4760
50,4761
1,4764
93,4765
1,4766
57,4766
73,4766
6,4767
36,4767
2,4768
2,4770
1,4772
2,4773
83,4773
84,4776
85,4776
19,4778
22,4778
34,4778
76,4781
38,4782
60,4782
37,4783
49,4783
1,4786
100,4788
39,4788
44,4788
3,4789
4,4790
8,4790
27,4790
3,4791
5,4793
65,4794
72,4794
4,4795
24,4795
49,4795
89,4795
4,4796
5,4796
34,4796
8,4797
60,4797
28,4799
11,4801
40,4801
66,4802
94,4802
91,4805
18,4806
67,4806
3,4807
4,4808
81,4809
77,4810
83,4810
49,4812
5,4813
5,4814
13,4814
3,4815
59,4816
72,4816
83,4816
12,4817
4,4818
30,4819
58,4819
91,4819
26,4822
3,4823
61,4823
43,4824
4,4826
89,4826
4,4827
1,4828
3,4828
16,4828
5,4829
1,4830
2,4830
5,4830
14,4830
1,4831
90,4832
2,4833
15,4834
37,4835
6,4836
32,4836
56,4836
1,4837
12,4837
84,4837
2,4838
34,4838
77,4838
10,4840
11,4840
54,4840
85,4840
87,4840
12,4841
44,4843
38,4844
41,4847
57,4848
41,4850
8,4851
98,4851
26,4852
18,4853
5,4855
42,4855
42,4859
53,4859
40,4860
19,4861
10,4862
74,4862
3,4866
4,4867
82,4867
93,4867
3,4868
17,4868
43,4868
4,4869
24,4869
5,4870
57,4871
96,4871
5,4872
22,4872
59,4872
80,4874
61,4875
77,4876
1,4878
1,4879
2,4881
1,4882
52,4883
2,4885
24,4885
51,4885
91,4885
2,4886
65,4886
45,4887
3,4888
36,4888
98,4888
50,4890
59,4890
96,4891
4,4892
4,4893
16,4894
18,4894
3,4895
64,4895
30,4896
53,4896
92,4896
5,4897
45,4897
53,4897
32,4898
74,4900
5,4901
34,4902
90,4903
92,4904
97,4905
41,4907
72,4909
100,4910
33,4910
74,4910
1,4911
1,4913
2,4914
32,4914
44,4914
2,4915
3,4915
7,4915
89,4915
5,4916
16,4916
64,4916
81,4917
1,4918
2,4919
21,4919
55,4920
4,4922
30,4922
74,4922
3,4923
90,4923
4,4925
66,4925
100,4926
90,4927
5,4928
42,4928
47,4928
1,4929
41,4929
1,4931
5,4931
67,4931
2,4932
87,4932
1,4933
15,4933
18,4933
34,4933
82,4934
96,4934
2,4935
78,4935
39,4936
60,4936
2,4937
24,4937
86,4937
17,4939
46,4943
90,4943
45,4944
50,4944
24,4947
6,4949
58,4949
67,4950
35,4952
81,4952
91,4953
15,4954
79,4954
83,4954
1,4955
2,4956
59,4956
11,4957
50,4957
97,4957
59,4960
1,4961
93,4961
2,4963
78,4963
1,4964
88,4964
2,4965
88,4965
1,4966
91,4967
3,4969
78,4969
2,4970
1,4971
4,4972
19,4972
33,4972
1,4973
3,4973
54,4973
59,4973
2,4974
4,4974
2,4975
5,4975
66,4977
5,4978
79,4978
39,4979
88,4979
30,4981
43,4981
16,4983
77,4984
73,4986
94,4986
62,4987
87,4987
16,4990
19,4991
48,4993
76,4994
38,4995
70,4995
33,4996
70,4996
81,4997
73,4998
38,5000
54,5000
58,5000
1,5002
22,5002
5,5003
2,5004
35,5005
1,5006
31,5007
2,5008
3,5010
1,5011
5,5011
39,5011
66,5011
85,5012
4,5014
37,5014
44,5014
12,5015
36,5015
36,5016
2,5017
3,5018
85,5018
39,5019
79,5019
4,5020
78,5020
31,5021
5,5022
85,5022
11,5024
90,5024
28,5028
47,5028
1,5032
82,5032
2,5033
9,5033
72,5033
81,5034
85,5036
3,5037
66,5037
1,5038
4,5038
1,5039
4,5039
36,5039
86,5039
5,5040
76,5040
80,5040
98,5040
2,5042
3,5042
5,5043
47,5043
2,5044
2,5045
34,5046
79,5046
3,5047
17,5049
77,5049
83,5049
5,5050
15,5050
66,5050
4,5051
35,5051
88,5052
23,5054
36,5054
61,5055
63,5055
5,5056
25,5056
41,5056
84,5056
4,5057
29,5057
37,5057
63,5058
49,5059
73,5059
46,5060
67,5061
3,5062
61,5064
6,5066
23,5066
34,5067
42,5067
42,5068
71,5068
23,5069
45,5069
24,5072
82,5072
92,5072
57,5073
1,5074
89,5075
1,5076
2,5077
44,5077
69,5077
2,5078
1,5079
16,5080
2,5081
94,5081
29,5082
4,5084
30,5085
18,5087
72,5087
45,5089
60,5090
77,5091
65,5092
3,5093
4,5094
67,5094
3,5095
4,5096
69,5096
4,5097
5,5097
5,5098
81,5098
73,5099
25,5100
59,5101
17,5102
34,5102
67,5102
19,5103
71,5103
92,5105
41,5106
87,5107
40,5108
19,5109
3,5110
4,5111
5,5112
16,5112
41,5112
3,5113
4,5114
78,5114
77,5115
63,5116
35,5117
5,5119
29,5119
70,5119
71,5119
84,5119
83,5120
1,5122
34,5122
2,5123
90,5123
57,5125
1,5126
3,5126
47,5126
89,5126
34,5127
2,5128
88,5128
1,5129
23,5129
45,5131
2,5133
30,5133
51,5133
20,5134
23,5134
82,5138
27,5139
30,5141
41,5142
27,5143
87,5143
93,5143
51,5146
41,5148
81,5148
28,5149
17,5150
26,5150
34,5152
25,5153
79,5153
95,5153
39,5154
51,5154
2,5156
7,5156
44,5156
79,5156
86,5156
1,5157
86,5157
43,5158
95,5158
1,5160
26,5160
28,5161
10,5162
55,5162
2,5163
39,5163
2,5164
92,5165
88,5166
98,5166
1,5167
84,5167
2,5168
79,5169
93,5169
26,5170
80,5170
55,5171
89,5171
94,5174
10,5175
26,5175
62,5176
79,5178
95,5182
27,5183
35,5184
22,5186
12,5188
72,5188
98,5188
32,5190
15,5192
99,5192
7,5193
15,5193
49,5193
56,5196
1,5197
2,5199
30,5199
41,5201
54,5201
1,5202
1,5203
22,5203
2,5205
6,5205
2,5206
41,5206
66,5206
5,5210
16,5210
20,5210
71,5210
28,5211
74,5211
88,5211
6,5212
37,5212
48,5213
24,5214
31,5214
55,5214
7,5215
31,5215
59,5215
6,5216
83,5216
34,5217
34,5218
11,5219
59,5219
82,5220
1,5221
76,5221
96,5221
65,5223
2,5224
28,5224
48,5224
1,5225
52,5226
58,5226
1,5227
41,5227
68,5228
88,5228
55,5230
12,5232
22,5232
59,5232
6,5233
2,5234
47,5235
2,5236
7,5236
16,5237
21,5237
37,5237
42,5237
32,5238
82,5239
63,5240
85,5240
98,5241
93,5242
1,5244
87,5244
99,5244
2,5245
3,5245
5,5246
17,5246
5,5248
82,5248
4,5249
13,5250
1,5251
3,5251
86,5251
2,5252
4,5252
1,5253
20,5253
58,5253
94,5254
38,5255
88,5255
93,5256
32,5260
80,5260
2,5261
52,5261
77,5263
19,5264
50,5265
31,5266
1,5267
61,5267
19,5269
10,5270
46,5271
1,5272
8,5272
71,5272
17,5273
62,5273
75,5275
2,5276
52,5276
1,5277
54,5278
70,5278
56,5279
2,5280
70,5281
78,5281
2,5282
29,5282
37,5283
61,5283
71,5283
75,5283
81,5283
50,5285
99,5286
1,5287
15,5287
74,5287
95,5287
23,5288
94,5288
8,5290
52,5290
2,5291
8,5291
94,5292
95,5293
1,5294
50,5294
2,5296
1,5297
36,5297
100,5298
2,5298
83,5298
38,5301
14,5302
63,5302
1,5303
58,5303
74,5304
82,5304
2,5305
99,5305
1,5306
2,5307
1,5308
7,5308
9,5309
54,5309
2,5310
3,5310
91,5310
4,5311
5,5312
4,5313
17,5313
3,5314
80,5314
5,5315
74,5315
3,5316
52,5316
67,5316
69,5316
5,5317
56,5319
71,5319
4,5320
5,5321
28,5321
3,5322
66,5322
69,5322
99,5322
4,5324
77,5325
57,5328
63,5328
96,5329
59,5331
36,5332
69,5332
29,5334
39,5334
80,5334
97,5335
59,5336
86,5338
83,5339
94,5339
1,5340
54,5340
2,5341
13,5341
41,5341
33,5343
57,5344
100,5345
1,5345
85,5345
95,5345
1,5347
41,5347
49,5348
2,5349
64,5349
2,5350
57,5350
83,5352
8,5354
46,5354
81,5355
21,5356
37,5356
56,5356
73,5359
60,5360
84,5360
86,5360
89,5361
17,5364
1,5365
46,5366
1,5367
90,5367
48,5368
95,5368
18,5369
90,5369
99,5369
12,5370
98,5370
81,5371
2,5373
49,5373
2,5374
98,5374
47,5375
48,5375
1,5376
97,5376
2,5377
18,5377
91,5377
39,5379
87,5381
75,5382
1,5383
42,5383
58,5383
70,5384
83,5384
2,5385
1,5387
56,5387
2,5388
76,5389
1,5390
75,5390
9,5391
91,5393
7,5394
3,5395
7,5395
2,5396
5,5396
4,5397
7,5397
10,5397
24,5397
59,5397
98,5399
5,5401
60,5401
3,5402
4,5403
9,5403
54,5404
21,5405
9,5406
17,5406
67,5406
27,5407
29,5408
66,5409
1,5410
56,5410
2,5411
48,5411
1,5412
22,5412
28,5413
41,5414
74,5414
7,5415
2,5416
38,5416
26,5417
1,5419
21,5419
23,5419
79,5419
100,5420
2,5420
72,5420
72,5422
73,5422
29,5423
10,5424
62,5424
17,5425
1,5427
24,5427
2,5429
29,5430
66,5430
79,5430
75,5431
1,5433
71,5433
2,5434
16,5434
48,5434
30,5435
23,5436
67,5436
1,5437
2,5438
11,5438
57,5439
3,5440
5,5440
22,5440
4,5443
3,5446
69,5446
5,5447
77,5447
58,5448
58,5454
93,5454
4,5455
45,5455
17,5457
5,5458
38,5459
51,5459
37,5463
12,5464
19,5464
61,5466
67,5466
95,5466
84,5467
40,5470
68,5470
8,5471
14,5471
24,5474
95,5474
43,5475
92,5475
75,5476
60,5477
94,5477
92,5478
43,5480
21,5483
77,5483
67,5484
76,5484
95,5486
22,5489
53,5494
20,5495
39,5495
70,5495
29,5496
3,5497
88,5497
94,5497
4,5498
77,5498
5,5500
12,5500
22,5500
3,5501
83,5501
86,5501
4,5502
38,5502
5,5503
33,5503
67,5505
96,5505
28,5512
35,5513
1,5514
32,5514
76,5514
1,5517
72,5519
80,5519
2,5520
75,5520
1,5521
33,5521
77,5521
88,5521
99,5521
2,5522
55,5522
25,5523
3,5524
2,5525
72,5525
1,5526
13,5526
87,5526
1,5527
2,5528
29,5529
39,5529
25,5531
43,5531
4,5532
2,5533
47,5533
1,5535
4,5535
31,5535
90,5535
5,5536
71,5538
2,5539
38,5539
98,5539
24,5540
6,5542
69,5542
94,5542
3,5543
100,5544
5,5544
10,5544
15,5545
71,5545
15,5546
43,5546
1,5547
30,5547
1,5548
36,5549
65,5549
74,5549
100,5550
2,5550
25,5550
90,5550
1,5552
40,5552
70,5552
79,5552
2,5553
20,5555
75,5555
2,5556
17,5556
13,5557
36,5557
68,5557
66,5558
73,5558
88,5558
7,5562
1,5563
90,5564
2,5565
35,5565
55,5565
100,5566
1,5566
34,5566
86,5566
2,5567
67,5567
71,5567
100,5570
1,5570
77,5570
53,5571
25,5572
30,5573
40,5573
2,5574
98,5576
3,5577
26,5577
47,5577
52,5577
4,5578
7,5578
9,5578
26,5578
3,5580
85,5580
4,5581
81,5583
5,5584
58,5584
5,5585
36,5586
22,5587
70,5587
52,5588
75,5588
80,5588
55,5589
85,5589
33,5592
60,5594
78,5594
87,5595
8,5597
18,5597
62,5597
39,5598
1,5601
12,5601
49,5602
1,5604
3,5604
2,5605
4,5605
26,5605
1,5606
40,5606
3,5607
11,5607
4,5608
69,5608
85,5608
82,5609
81,5610
2,5612
5,5612
35,5612
46,5612
2,5614
5,5614
21,5614
59,5614
54,5616
71,5616
83,5616
1,5622
39,5622
53,5623
84,5623
83,5625
94,5625
13,5626
2,5627
1,5628
73,5628
1,5629
38,5629
2,5630
2,5631
7,5631
1,5633
1,5635
2,5636
72,5636
73,5636
47,5637
83,5637
1,5638
14,5638
43,5638
3,5639
2,5640
9,5640
90,5640
2,5641
10,5643
1,5645
64,5645
33,5647
79,5647
92,5647
30,5648
58,5649
73,5651
7,5652
45,5652
70,5652
71,5652
17,5655
59,5658
85,5658
3,5661
89,5661
4,5662
52,5662
5,5664
40,5664
77,5664
37,5665
78,5666
95,5666
3,5667
21,5667
93,5667
5,5668
12,5668
51,5668
18,5669
52,5669
80,5669
93,5669
4,5670
40,5670
39,5671
10,5672
90,5673
1,5674
32,5674
67,5674
95,5674
2,5675
46,5675
91,5677
10,5678
25,5678
42,5678
10,5679
65,5679
100,5680
1,5680
75,5680
2,5681
1,5682
23,5682
78,5682
94,5682
39,5683
2,5684
8,5684
26,5686
62,5686
85,5686
91,5686
22,5687
35,5688
1,5689
42,5689
55,5689
1,5690
2,5691
72,5691
12,5694
1,5695
2,5696
2,5697
40,5697
92,5699
25,5700
57,5703
95,5705
98,5706
12,5709
29,5709
96,5709
98,5709
83,5712
59,5714
51,5715
47,5716
91,5716
94,5716
57,5717
99,5717
62,5718
1,5720
42,5720
1,5721
19,5721
48,5721
69,5724
27,5725
64,5725
2,5726
29,5726
1,5727
2,5728
2,5730
41,5731
67,5732
59,5733
28,5736
90,5736
89,5738
8,5739
81,5740
3,5741
4,5742
26,5742
48,5742
5,5743
61,5743
3,5744
37,5745
54,5745
72,5745
70,5746
85,5746
5,5747
6,5748
4,5749
33,5749
8,5750
86,5750
95,5750
96,5750
54,5751
85,5758
91,5758
87,5760
86,5761
37,5763
79,5764
7,5765
10,5765
68,5765
71,5765
79,5765
77,5767
97,5767
63,5768
78,5768
68,5769
38,5771
19,5772
16,5774
18,5775
23,5775
85,5776
96,5778
7,5780
42,5781
9,5782
22,5782
23,5782
65,5783
68,5783
27,5784
60,5786
18,5787
54,5787
37,5788
36,5789
44,5790
6,5791
77,5791
89,5793
75,5794
14,5795
37,5795
68,5795
3,5798
19,5798
25,5798
62,5798
8,5799
16,5799
17,5799
4,5802
58,5802
94,5802
52,5803
64,5803
3,5804
69,5804
91,5804
84,5806
12,5807
85,5807
1,5809
1,5810
4,5810
5,5811
45,5811
2,5812
5,5812
2,5813
51,5813
1,5814
27,5814
2,5815
18,5817
47,5823
83,5823
18,5825
84,5825
98,5825
70,5826
40,5829
98,5829
14,5834
69,5834
36,5838
43,5838
77,5838
44,5839
98,5839
10,5840
26,5840
93,5840
27,5842
90,5845
24,5847
90,5850
92,5851
66,5853
59,5854
99,5855
13,5857
29,5857
92,5857
3,5858
75,5858
54,5860
7,5861
24,5861
99,5863
1,5864
4,5864
82,5864
2,5865
4,5865
20,5865
10,5866
3,5867
13,5868
54,5868
1,5869
5,5869
60,5869
2,5870
66,5870
5,5871
20,5871
36,5872
92,5872
68,5873
1,5874
6,5875
54,5875
6,5876
2,5877
66,5877
92,5877
28,5878
71,5878
73,5879
35,5880
73,5880
13,5881
46,5881
27,5882
93,5882
24,5883
50,5884
62,5885
20,5886
61,5886
31,5888
56,5888
33,5891
56,5891
85,5891
89,5891
21,5892
54,5893
55,5893
72,5894
63,5895
74,5895
43,5896
81,5897
84,5897
62,5898
16,5899
39,5900
20,5902
18,5903
3,5904
4,5905
35,5905
52,5905
4,5906
75,5907
37,5908
67,5908
5,5909
5,5910
25,5911
3,5912
97,5912
100,5913
78,5913
97,5913
7,5914
53,5914
69,5914
7,5915
71,5915
92,5915
56,5916
88,5916
1,5917
11,5917
1,5918
2,5919
53,5919
32,5920
1,5921
66,5921
80,5922
2,5923
17,5923
63,5926
2,5927
50,5927
1,5930
46,5930
79,5931
3,5932
5,5933
83,5933
43,5934
4,5935
18,5935
5,5936
10,5937
1,5938
4,5938
77,5938
96,5938
3,5939
27,5939
33,5939
2,5940
1,5941
82,5943
2,5944
90,5944
94,5944
20,5945
46,5945
88,5945
2,5946
8,5948
11,5949
27,5949
95,5949
34,5950
48,5950
52,5951
65,5952
70,5952
92,5952
89,5953
92,5953
25,5955
76,5955
98,5955
71,5957
77,5959
32,5961
39,5961
81,5962
24,5963
30,5963
82,5965
57,5966
48,5967
91,5967
29,5969
56,5969
68,5969
83,5969
14,5970
35,5970
28,5971
67,5971
73,5973
3,5976
4,5977
60,5977
5,5978
55,5978
81,5978
95,5978
35,5979
59,5979
84,5979
3,5980
98,5983
99,5983
5,5984
4,5986
38,5986
79,5987
89,5987
99,5988
66,5990
48,5991
36,5992
58,5992
63,5992
56,5993
5,5995
85,5997
88,5998
73,5999
31,6000
75,6001
7,6003
24,6003
38,6003
84,6003
20,6006
83,6006
35,6007
44,6008
19,6009
21,6009
74,6011
34,6013
79,6013
88,6013
9,6014
90,6014
92,6014
65,6015
75,6016
94,6016
15,6018
23,6019
75,6020
7,6021
41,6021
61,6022
72,6024
98,6025
23,6027
52,6028
8,6029
24,6030
32,6030
79,6030
86,6031
94,6031
81,6032
98,6032
78,6034
1,6038
64,6039
1,6040
3,6041
51,6041
69,6041
2,6042
31,6042
74,6042
34,6043
2,6044
63,6044
4,6047
10,6047
20,6047
1,6048
3,6048
9,6048
51,6048
5,6049
19,6049
20,6049
82,6049
85,6049
4,6050
23,6050
28,6050
54,6050
90,6052
2,6053
5,6053
33,6053
3,6054
5,6055
67,6055
4,6056
5,6057
50,6057
59,6057
24,6059
3,6060
64,6060
4,6061
37,6061
50,6061
8,6064
20,6065
44,6067
36,6070
71,6070
72,6074
13,6075
74,6075
95,6075
1,6077
23,6077
92,6077
94,6077
100,6078
2,6078
7,6078
90,6078
14,6079
1,6080
17,6080
27,6080
2,6081
39,6081
80,6081
1,6082
90,6082
2,6083
34,6083
52,6083
58,6083
99,6083
9,6084
56,6084
71,6084
92,6084
35,6086
84,6086
15,6087
78,6087
13,6088
66,6089
60,6090
95,6090
1,6091
2,6092
61,6092
74,6092
1,6093
1,6096
2,6097
16,6097
78,6097
69,6098
84,6098
2,6100
24,6102
27,6103
82,6103
48,6105
61,6106
94,6108
96,6110
3,6111
71,6111
73,6111
60,6112
65,6112
4,6113
100,6114
15,6114
4,6116
19,6116
20,6116
28,6116
3,6118
61,6118
5,6119
82,6120
74,6121
76,6121
5,6122
54,6122
60,6122
73,6122
92,6123
3,6124
5,6125
77,6125
5,6126
15,6126
47,6126
21,6128
90,6129
4,6130
6,6131
88,6132
4,6134
8,6134
75,6134
3,6135
14,6135
48,6135
54,6135
28,6136
51,6137
73,6137
94,6137
16,6138
69,6138
91,6138
18,6139
31,6142
32,6143
100,6145
6,6146
65,6146
81,6146
23,6148
53,6150
68,6150
61,6151
83,6151
1,6152
4,6153
35,6153
1,6155
3,6156
79,6156
5,6157
67,6157
2,6158
4,6158
28,6158
3,6159
70,6159
1,6160
4,6160
2,6161
5,6161
48,6161
54,6161
2,6162
69,6162
29,6163
74,6163
11,6167
62,6167
75,6167
80,6167
37,6169
73,6169
17,6170
3,6172
16,6173
4,6174
14,6174
94,6174
90,6175
4,6176
99,6176
5,6177
9,6177
65,6177
5,6178
18,6179
23,6180
3,6182
38,6183
54,6183
20,6185
33,6185
90,6185
78,6186
28,6187
92,6188
58,6191
61,6191
65,6191
14,6193
21,6193
27,6193
43,6195
1,6197
7,6197
30,6197
71,6197
1,6198
6,6200
10,6200
2,6201
19,6201
2,6202
45,6203
3,6204
23,6204
77,6204
1,6206
8,6206
4,6207
4,6209
20,6209
2,6210
5,6210
47,6210
79,6210
3,6211
7,6211
26,6211
74,6211
87,6211
5,6213
75,6214
100,6217
55,6217
20,6218
43,6218
95,6218
27,6219
71,6220
64,6221
60,6223
90,6224
1,6225
1,6226
2,6228
1,6229
49,6229
91,6229
2,6230
64,6230
17,6231
54,6232
57,6232
80,6232
90,6232
2,6234
80,6235
64,6237
9,6238
24,6239
41,6241
80,6241
87,6242
12,6243
79,6244
24,6247
40,6247
97,6247
98,6248
80,6250
56,6251
1,6253
54,6253
2,6254
67,6254
1,6256
2,6257
46,6257
1,6259
59,6259
2,6260
2,6261
13,6261
86,6262
28,6263
38,6263
92,6264
41,6265
57,6265
71,6265
24,6266
97,6268
6,6270
22,6270
37,6270
38,6273
21,6276
91,6277
95,6277
19,6278
69,6278
38,6279
47,6281
61,6281
78,6284
62,6285
65,6287
3,6288
86,6288
1,6289
2,6290
5,6290
65,6290
100,6291
1,6291
74,6291
2,6292
1,6293
4,6293
2,6294
4,6294
5,6295
3,6296
12,6296
31,6297
10,6298
35,6298
68,6298
1,6299
91,6299
60,6301
77,6301
73,6303
1,6304
62,6306
2,6307
1,6308
7,6308
16,6308
1,6309
16,6310
89,6310
44,6312
94,6312
2,6313
21,6313
22,6313
2,6314
15,6314
46,6314
100,6315
1,6315
91,6315
2,6317
23,6317
69,6317
1,6318
1,6319
11,6319
37,6319
62,6319
2,6321
2,6322
32,6322
36,6322
83,6322
16,6323
67,6324
84,6324
85,6325
3,6326
42,6328
13,6329
59,6329
42,6330
33,6332
59,6332
84,6332
50,6333
31,6334
8,6335
72,6335
61,6339
21,6340
28,6341
71,6343
53,6344
79,6344
97,6344
81,6345
95,6345
83,6346
11,6351
35,6352
26,6355
68,6356
77,6357
39,6358
29,6359
100,6361
3,6361
24,6362
55,6362
84,6362
64,6363
67,6364
87,6364
11,6365
53,6365
62,6365
91,6365
40,6367
56,6367
79,6367
58,6370
99,6370
48,6371
65,6371
63,6372
82,6372
31,6376
54,6376
76,6376
33,6378
73,6378
17,6383
40,6384
67,6384
35,6385
57,6386
39,6389
68,6390
70,6390
71,6390
56,6391
41,6393
3,6394
7,6394
67,6394
48,6397
4,6398
10,6399
97,6401
90,6402
4,6403
63,6403
5,6404
16,6404
22,6405
30,6406
33,6406
47,6408
75,6408
88,6408
93,6408
3,6409
5,6410
56,6411
46,6414
61,6415
87,6416
71,6417
86,6417
100,6418
9,6418
42,6418
13,6419
96,6419
29,6420
75,6421
81,6421
34,6423
52,6424
1,6426
65,6427
68,6427
2,6428
14,6428
55,6428
1,6430
2,6431
68,6431
3,6432
15,6432
46,6432
77,6432
1,6433
5,6433
26,6433
76,6433
2,6434
73,6434
25,6435
4,6436
21,6436
5,6437
26,6437
4,6439
3,6440
17,6440
29,6442
9,6443
26,6443
27,6443
89,6443
13,6444
35,6444
51,6444
3,6446
77,6446
88,6446
32,6447
71,6447
73,6447
95,6447
73,6448
4,6449
49,6450
5,6451
25,6451
5,6452
62,6452
4,6453
47,6453
83,6453
3,6454
6,6454
93,6454
53,6455
12,6456
46,6456
60,6457
94,6458
3,6459
76,6459
4,6461
67,6461
91,6461
4,6462
30,6462
69,6462
39,6463
77,6463
3,6464
69,6465
5,6466
5,6467
41,6467
87,6468
37,6469
40,6469
19,6470
91,6471
98,6471
36,6472
59,6472
83,6473
89,6473
80,6474
83,6476
98,6476
21,6477
60,6477
62,6477
21,6479
29,6481
3,6483
52,6483
4,6484
21,6485
64,6485
5,6486
20,6486
47,6486
62,6486
72,6486
95,6486
23,6488
3,6489
55,6490
7,6491
34,6492
4,6493
51,6493
35,6494
80,6494
5,6495
59,6497
67,6497
97,6500
78,6501
26,6502
31,6504
98,6504
83,6505
80,6507
37,6509
55,6510
50,6511
66,6511
88,6511
41,6513
41,6514
48,6514
53,6515
57,6515
40,6516
36,6517
3,6518
53,6518
5,6520
5,6521
23,6521
31,6521
40,6521
1,6523
4,6523
10,6523
63,6523
2,6524
32,6524
1,6525
32,6525
1,6526
4,6526
14,6526
71,6526
2,6527
3,6527
13,6527
64,6527
59,6528
71,6528
2,6529
92,6530
20,6532
70,6532
30,6533
72,6533
3,6534
4,6535
3,6536
3,6537
4,6537
99,6537
5,6538
77,6538
99,6538
14,6539
40,6539
84,6539
84,6540
28,6541
36,6541
5,6543
39,6543
40,6543
69,6543
50,6544
84,6544
18,6546
35,6547
72,6548
3,6549
45,6551
72,6551
95,6552
79,6553
62,6556
46,6557
82,6559
93,6561
43,6568
49,6570
63,6570
87,6573
59,6574
3,6575
50,6575
5,6576
53,6576
34,6577
44,6577
42,6578
93,6579
4,6580
56,6580
100,6583
4,6583
41,6583
80,6583
82,6583
5,6584
55,6585
70,6585
96,6585
3,6586
93,6588
42,6589
49,6589
62,6589
56,6590
7,6591
19,6592
83,6592
14,6593
96,6593
42,6594
31,6595
40,6595
35,6596
99,6597
42,6598
70,6599
94,6601
17,6602
59,6602
3,6603
4,6604
45,6605
76,6605
3,6606
95,6606
5,6607
96,6607
31,6608
45,6608
59,6608
31,6609
89,6609
4,6610
95,6610
46,6611
5,6612
43,6612
1,6615
48,6615
74,6615
99,6615
2,6616
28,6617
97,6618
1,6619
1,6620
2,6621
2,6622
75,6623
68,6624
69,6624
89,6626
66,6627
31,6628
72,6628
36,6629
91,6629
83,6631
30,6632
13,6633
1,6634
92,6634
2,6635
3,6635
58,6635
5,6636
1,6637
4,6637
25,6637
40,6638
76,6638
80,6639
5,6641
3,6642
31,6644
91,6644
2,6645
4,6645
44,6645
1,6646
3,6646
34,6647
83,6647
2,6648
17,6648
71,6648
5,6649
40,6649
31,6650
5,6651
8,6651
67,6651
32,6652
36,6652
97,6652
4,6653
56,6653
21,6654
46,6654
4,6655
64,6655
84,6655
3,6656
18,6657
21,6657
30,6657
15,6658
29,6658
77,6660
20,6666
45,6667
72,6667
89,6667
26,6668
79,6668
81,6669
40,6670
50,6672
65,6672
68,6672
14,6673
17,6673
64,6673
1,6675
1,6676
3,6676
23,6677
70,6677
4,6678
58,6678
69,6678
100,6680
30,6680
93,6680
62,6681
72,6681
93,6681
2,6682
52,6682
2,6683
4,6683
18,6683
39,6683
64,6683
1,6684
5,6684
3,6685
62,6685
71,6685
56,6687
72,6688
2,6689
14,6689
30,6689
37,6693
97,6694
78,6696
91,6696
5,6697
71,6697
1,6698
15,6698
66,6698
77,6698
2,6699
1,6700
94,6700
2,6701
31,6701
99,6701
1,6703
8,6703
63,6703
53,6704
2,6705
3,6706
86,6706
45,6707
79,6707
45,6708
72,6710
94,6711
19,6712
59,6712
53,6714
57,6714
58,6714
17,6715
45,6715
17,6716
15,6717
3,6720
80,6720
5,6721
49,6721
21,6722
70,6722
4,6723
23,6723
30,6723
82,6723
3,6724
5,6725
60,6726
96,6726
71,6727
4,6729
55,6729
3,6730
100,6731
37,6732
85,6732
47,6733
4,6735
85,6735
3,6736
1,6737
5,6737
89,6737
58,6738
87,6738
70,6739
2,6740
5,6740
38,6740
1,6741
4,6741
59,6741
2,6742
58,6743
93,6747
1,6748
30,6748
39,6748
78,6748
95,6748
2,6749
20,6749
9,6751
35,6751
76,6751
41,6752
9,6753
82,6753
70,6755
71,6755
26,6759
76,6760
75,6762
43,6763
78,6765
69,6766
50,6767
45,6771
12,6772
32,6774
23,6776
27,6777
92,6778
1,6779
14,6779
23,6779
79,6779
2,6780
1,6781
70,6781
96,6781
2,6783
39,6784
1,6785
10,6785
33,6786
94,6786
2,6787
66,6792
9,6794
28,6797
78,6798
82,6799
83,6799
99,6799
80,6801
68,6802
88,6802
7,6803
61,6803
97,6804
62,6807
62,6808
23,6811
19,6812
98,6812
73,6814
46,6815
12,6816
21,6817
39,6817
81,6817
81,6818
18,6819
52,6819
75,6819
45,6820
43,6822
90,6822
20,6823
89,6823
87,6824
11,6825
77,6826
39,6827
94,6828
28,6830
31,6830
71,6832
3,6834
4,6835
14,6836
82,6836
4,6837
85,6838
14,6840
11,6842
22,6842
9,6843
97,6843
1,6845
5,6845
52,6846
40,6847
2,6848
31,6848
40,6848
37,6849
58,6850
1,6851
5,6851
23,6852
46,6852
3,6853
47,6853
19,6854
1,6855
66,6855
2,6857
41,6858
2,6859
11,6859
46,6859
50,6859
53,6859
9,6860
66,6860
92,6860
60,6861
68,6862
40,6863
74,6866
76,6866
1,6867
10,6867
23,6867
1,6868
2,6869
77,6870
87,6870
1,6871
29,6871
2,6872
26,6872
2,6876
3,6878
19,6878
39,6879
60,6879
4,6880
35,6880
100,6881
45,6881
81,6881
4,6882
22,6882
31,6882
33,6882
68,6882
76,6882
5,6884
3,6885
31,6885
73,6885
93,6887
59,6889
5,6890
3,6892
34,6892
78,6892
31,6893
90,6893
98,6893
9,6894
48,6894
46,6896
15,6897
72,6897
97,6897
4,6898
3,6899
83,6899
5,6900
5,6902
4,6903
51,6903
90,6904
1,6905
94,6906
2,6908
86,6908
66,6909
80,6909
1,6910
33,6910
55,6911
2,6912
32,6912
76,6912
39,6913
93,6913
1,6914
52,6914
9,6915
31,6915
2,6916
31,6916
32,6916
66,6917
30,6920
52,6921
96,6921
38,6922
79,6923
17,6924
1,6925
8,6925
43,6927
96,6927
78,6928
1,6929
2,6930
3,6930
17,6930
2,6931
16,6932
23,6932
1,6933
83,6933
38,6935
58,6936
2,6937
40,6937
96,6937
62,6938
40,6940
79,6941
24,6942
48,6943
52,6943
88,6947
51,6950
9,6951
61,6953
96,6953
100,6954
36,6954
42,6954
31,6956
32,6956
96,6956
29,6957
9,6959
87,6961
91,6963
52,6964
99,6964
42,6965
100,6966
45,6966
56,6966
79,6967
89,6968
71,6969
74,6970
21,6971
62,6973
19,6974
32,6974
99,6974
34,6975
39,6976
14,6977
29,6977
73,6977
74,6977
75,6977
14,6978
55,6978
11,6980
83,6984
93,6984
76,6985
65,6986
34,6989
3,6990
71,6990
5,6991
5,6993
74,6993
15,6994
53,6995
4,6996
71,6996
91,6996
5,6997
62,6997
81,6999
3,7000
83,7001
4,7002
94,7002
14,7003
55,7003
92,7003
3,7005
37,7005
21,7006
54,7006
43,7007
84,7007
98,7007
5,7008
4,7009
4,7010
49,7010
9,7011
5,7013
8,7013
13,7013
3,7014
21,7014
25,7014
31,7014
59,7016
3,7017
47,7017
97,7017
50,7018
4,7019
3,7021
5,7022
33,7022
51,7022
4,7023
56,7023
5,7028
21,7028
85,7028
32,7031
35,7033
48,7033
39,7037
10,7038
7,7039
23,7040
24,7040
31,7042
20,7044
1,7045
1,7046
93,7046
2,7047
1,7048
2,7049
2,7050
60,7051
3,7052
22,7052
5,7053
4,7054
43,7055
81,7055
3,7057
7,7057
5,7058
4,7059
68,7059
80,7061
27,7063
63,7064
6,7065
8,7065
53,7065
84,7065
22,7067
67,7068
38,7069
79,7069
35,7070
25,7071
30,7073
78,7073
10,7078
28,7078
30,7079
100,7080
3,7081
30,7081
75,7081
87,7081
43,7082
71,7082
93,7083
5,7084
42,7084
4,7085
86,7085
4,7086
34,7086
54,7086
88,7086
18,7087
51,7088
6,7089
18,7090
40,7090
5,7091
43,7091
60,7091
98,7091
3,7092
78,7096
40,7097
6,7098
27,7098
96,7099
66,7101
74,7101
3,7102
5,7103
4,7104
44,7104
4,7106
47,7108
3,7109
55,7109
57,7109
5,7110
54,7110
80,7110
60,7111
78,7111
62,7115
79,7115
13,7118
40,7118
44,7120
80,7120
38,7121
53,7121
36,7122
76,7124
95,7126
47,7127
69,7128
57,7130
1,7133
1,7134
86,7134
2,7135
2,7137
10,7137
29,7137
45,7137
1,7139
2,7140
22,7141
58,7141
1,7142
60,7142
73,7142
1,7144
3,7144
4,7145
71,7145
2,7146
3,7147
8,7147
1,7148
83,7148
28,7149
2,7150
7,7150
45,7150
88,7150
2,7151
5,7151
4,7152
58,7154
5,7155
67,7155
98,7155
32,7156
67,7156
11,7159
12,7159
25,7159
44,7159
50,7159
66,7161
78,7163
100,7165
54,7165
50,7166
65,7166
6,7167
12,7167
16,7168
29,7168
32,7169
66,7170
16,7171
61,7171
94,7171
47,7173
1,7174
18,7175
55,7175
65,7175
83,7175
2,7176
51,7176
60,7176
21,7177
1,7179
69,7179
70,7179
2,7181
62,7181
66,7181
1,7182
25,7182
49,7185
65,7185
32,7187
44,7187
90,7187
18,7188
2,7189
19,7189
38,7189
97,7189
8,7192
3,7193
14,7194
29,7194
78,7194
4,7195
41,7195
82,7195
5,7196
73,7197
5,7198
96,7198
4,7199
52,7199
3,7201
15,7201
82,7203
6,7204
30,7206
74,7206
89,7206
91,7206
3,7207
9,7207
5,7209
24,7210
4,7212
30,7212
46,7212
82,7212
5,7213
4,7214
91,7214
37,7215
3,7216
81,7216
89,7216
14,7218
53,7218
40,7219
70,7219
1,7221
10,7221
56,7221
59,7221
86,7221
1,7222
100,7223
59,7223
85,7223
2,7225
81,7225
12,7226
63,7226
91,7226
91,7227
99,7228
18,7230
62,7230
76,7230
1,7231
27,7232
40,7232
98,7232
2,7233
18,7234
31,7234
78,7234
8,7235
34,7236
94,7236
90,7238
2,7239
58,7242
97,7242
38,7243
80,7243
39,7245
33,7246
18,7247
18,7254
55,7255
15,7256
63,7256
65,7256
98,7256
1,7257
1,7258
59,7258
79,7258
85,7258
97,7258
2,7259
7,7260
91,7260
2,7262
17,7262
57,7262
1,7263
53,7263
2,7264
42,7264
85,7265
21,7266
77,7267
16,7268
29,7269
55,7270
74,7270
3,7273
4,7274
28,7274
5,7275
12,7276
94,7276
40,7279
3,7281
66,7282
5,7283
4,7284
17,7284
24,7284
81,7284
68,7285
71,7285
16,7286
92,7286
94,7286
52,7288
22,7291
60,7291
1,7292
8,7292
70,7292
1,7294
2,7295
5,7296
86,7296
2,7297
35,7297
1,7298
17,7299
2,7300
86,7302
94,7302
81,7303
28,7304
51,7304
62,7304
23,7305
68,7307
39,7309
61,7309
100,7310
66,7310
81,7312
10,7315
40,7315
44,7315
79,7315
100,7318
18,7318
30,7319
65,7319
52,7320
72,7321
31,7322
82,7322
83,7322
17,7323
1,7325
40,7325
1,7326
2,7327
22,7327
1,7328
77,7328
2,7329
2,7330
93,7330
68,7332
43,7333
47,7333
61,7333
55,7335
87,7336
30,7337
94,7337
1,7340
93,7340
3,7342
4,7343
1,7344
5,7344
69,7344
97,7344
3,7345
2,7346
32,7347
2,7348
77,7348
84,7348
1,7349
5,7349
9,7349
2,7351
1,7353
4,7353
72,7353
2,7354
15,7354
1,7355
27,7355
32,7355
42,7355
44,7355
2,7357
14,7357
49,7357
79,7357
38,7358
1,7359
59,7359
2,7361
18,7363
22,7364
55,7365
96,7365
20,7367
87,7367
45,7368
3,7369
74,7369
4,7370
74,7370
3,7371
52,7371
62,7371
74,7371
5,7372
5,7373
26,7373
36,7374
86,7374
52,7375
15,7376
95,7376
4,7377
21,7378
58,7378
63,7380
17,7381
7,7386
1,7387
2,7388
1,7389
76,7390
1,7391
2,7392
2,7393
6,7395
88,7395
71,7396
75,7396
24,7397
20,7400
76,7400
91,7400
25,7403
76,7403
49,7404
1,7406
3,7406
15,7406
43,7406
2,7407
92,7408
1,7409
4,7409
46,7409
49,7410
2,7411
5,7411
8,7411
42,7411
55,7411
2,7412
5,7412
4,7413
1,7414
3,7414
39,7414
94,7415
3,7416
2,7417
22,7419
51,7419
39,7420
12,7421
54,7424
91,7424
17,7425
100,7426
39,7426
89,7427
50,7428
54,7428
13,7429
89,7431
43,7433
6,7434
47,7435
98,7435
37,7436
70,7436
71,7436
77,7436
8,7440
42,7440
71,7440
11,7443
3,7445
16,7445
23,7445
53,7445
83,7445
94,7446
25,7447
82,7447
83,7449
84,7451
98,7452
80,7455
3,7456
24,7459
32,7459
5,7461
35,7461
64,7461
86,7461
89,7461
92,7461
5,7462
20,7464
4,7465
4,7466
3,7467
21,7467
31,7468
83,7469
64,7471
69,7471
72,7471
96,7472
6,7475
24,7477
18,7479
29,7479
66,7479
89,7479
23,7480
52,7480
14,7482
17,7482
37,7482
9,7483
73,7483
57,7484
49,7485
64,7485
65,7485
49,7486
52,7486
2,7487
29,7487
1,7488
77,7488
59,7489
10,7490
52,7491
17,7492
73,7492
79,7494
92,7494
96,7494
51,7496
55,7496
97,7497
98,7499
98,7500
21,7501
29,7501
31,7501
79,7501
65,7502
95,7502
97,7502
51,7503
55,7503
90,7504
64,7505
88,7506
72,7507
41,7508
31,7509
18,7510
39,7511
30,7512
96,7512
32,7514
80,7514
84,7514
72,7515
32,7518
24,7519
22,7521
30,7521
35,7522
26,7524
57,7524
68,7524
38,7525
63,7525
80,7525
3,7526
4,7527
9,7528
80,7528
37,7529
54,7529
5,7530
37,7530
3,7531
66,7531
87,7531
97,7532
5,7533
36,7534
46,7534
81,7534
70,7535
4,7536
97,7536
47,7537
10,7538
33,7538
39,7539
1,7540
2,7541
77,7541
1,7542
54,7542
1,7543
28,7543
2,7544
14,7544
51,7546
64,7547
83,7548
79,7549
2,7550
45,7550
96,7550
1,7551
1,7552
2,7552
1,7554
95,7554
2,7555
54,7555
1,7556
42,7556
67,7556
2,7559
19,7559
22,7560
77,7560
80,7560
63,7561
21,7562
59,7562
76,7562
57,7563
98,7563
84,7565
98,7565
65,7568
47,7569
68,7569
85,7569
3,7572
5,7573
77,7574
94,7574
4,7575
39,7575
1,7576
7,7576
82,7577
1,7578
2,7579
3,7579
28,7579
2,7580
5,7580
34,7580
1,7581
4,7581
2,7584
43,7584
13,7585
46,7586
67,7588
99,7588
79,7589
72,7590
50,7592
17,7593
42,7594
12,7595
78,7595
74,7596
87,7596
46,7598
54,7598
33,7599
50,7599
59,7599
76,7603
15,7604
80,7604
3,7605
6,7606
4,7608
22,7608
90,7608
3,7609
23,7609
41,7610
74,7610
5,7611
26,7612
5,7613
78,7613
47,7614
4,7615
87,7615
13,7616
29,7617
41,7618
50,7621
20,7622
50,7624
53,7624
41,7625
2,7626
28,7627
90,7627
92,7629
13,7630
50,7630
73,7630
79,7630
55,7631
22,7632
70,7633
89,7634
48,7635
30,7636
32,7636
42,7637
52,7637
6,7639
49,7639
54,7639
92,7640
1,7641
22,7642
67,7642
77,7642
73,7643
80,7643
1,7644
12,7644
37,7644
9,7645
2,7646
32,7646
36,7646
2,7648
1,7649
39,7649
2,7651
2,7652
33,7652
31,7654
49,7654
69,7654
21,7655
96,7656
31,7657
35,7661
93,7668
47,7674
50,7674
33,7676
40,7676
6,7680
56,7681
40,7682
53,7683
91,7683
30,7684
18,7685
67,7685
18,7689
70,7693
1,7695
2,7696
41,7697
1,7698
80,7698
90,7698
43,7699
89,7700
2,7701
23,7702
54,7702
1,7704
23,7704
74,7704
2,7707
75,7707
36,7708
2,7709
43,7709
80,7709
28,7711
43,7711
29,7713
42,7714
81,7714
20,7716
48,7719
58,7720
24,7721
18,7722
70,7722
82,7722
100,7723
24,7723
56,7730
60,7730
64,7731
63,7734
92,7734
7,7735
73,7735
33,7736
7,7740
39,7740
42,7741
62,7742
62,7743
64,7743
77,7743
14,7744
57,7749
58,7749
9,7750
93,7750
94,7750
67,7751
98,7753
53,7754
80,7754
24,7755
59,7756
36,7759
87,7759
97,7760
42,7761
45,7764
65,7765
95,7766
26,7767
62,7767
40,7768
46,7768
70,7768
98,7768
83,7769
4,7772
25,7772
100,7773
22,7773
56,7773
42,7774
95,7774
42,7776
56,7776
62,7776
3,7777
23,7777
78,7777
12,7780
45,7780
4,7781
98,7781
4,7782
24,7782
25,7783
98,7783
5,7784
29,7784
37,7784
5,7786
3,7787
49,7789
85,7790
6,7791
73,7791
12,7792
3,7793
29,7793
89,7793
81,7794
86,7794
22,7795
11,7796
40,7797
41,7798
75,7798
4,7799
37,7799
3,7800
4,7802
48,7803
28,7804
2,7805
5,7805
89,7805
5,7806
41,7806
64,7806
70,7806
5,7807
18,7807
77,7807
18,7808
54,7808
16,7810
89,7811
3,7812
39,7813
57,7813
66,7816
51,7817
20,7820
63,7820
81,7820
57,7821
25,7822
18,7823
72,7823
74,7823
16,7824
80,7826
21,7827
23,7827
56,7832
97,7832
23,7833
36,7833
36,7834
61,7834
62,7836
90,7839
28,7841
47,7841
57,7841
26,7842
66,7842
44,7844
17,7845
91,7845
81,7847
8,7849
93,7849
100,7850
32,7850
10,7851
57,7851
69,7851
29,7852
45,7853
64,7853
99,7853
22,7854
59,7854
80,7854
3,7855
7,7855
4,7856
20,7856
93,7856
96,7856
1,7857
5,7857
24,7857
27,7857
32,7857
34,7857
2,7858
68,7858
94,7858
1,7859
4,7859
5,7860
3,7861
1,7862
2,7863
61,7864
64,7866
2,7867
56,7867
42,7868
31,7870
65,7873
85,7873
21,7874
72,7875
74,7875
11,7879
36,7880
93,7880
100,7881
20,7881
65,7881
51,7882
40,7883
49,7885
46,7886
64,7886
91,7886
59,7887
89,7890
34,7891
13,7892
67,7892
2,7893
26,7894
28,7896
89,7896
7,7898
46,7898
67,7898
88,7898
6,7899
34,7902
13,7903
94,7904
91,7906
60,7908
84,7908
46,7909
3,7910
94,7910
10,7914
50,7916
10,7917
16,7918
27,7918
32,7919
49,7919
9,7920
22,7920
54,7921
1,7922
81,7923
2,7925
1,7926
49,7926
80,7927
26,7928
33,7928
38,7928
2,7930
1,7931
94,7931
2,7932
10,7932
46,7932
60,7932
84,7932
36,7933
58,7936
87,7936
94,7937
56,7941
20,7942
91,7942
22,7944
24,7950
26,7952
31,7952
23,7954
29,7955
62,7956
64,7957
7,7959
7,7960
71,7960
99,7960
79,7961
100,7962
44,7962
49,7962
95,7964
81,7965
26,7966
33,7966
68,7966
88,7966
62,7969
17,7970
7,7971
91,7971
16,7972
60,7972
68,7972
97,7972
37,7973
66,7973
55,7974
92,7974
31,7978
65,7978
14,7979
18,7980
87,7980
70,7981
97,7982
99,7982
56,7985
78,7985
75,7986
7,7987
47,7987
8,7988
55,7988
21,7989
44,7989
91,7989
34,7990
75,7990
12,7993
35,7994
82,7994
71,7995
19,7997
81,7997
20,7998
13,8000
14,8000
24,8000
76,8001
94,8002
15,8003
20,8003
73,8003
24,8004
23,8006
36,8007
39,8007
41,8008
55,8008
41,8010
38,8013
25,8014
75,8015
50,8016
57,8017
83,8017
96,8017
54,8019
76,8024
98,8024
65,8025
1,8029
87,8030
2,8031
6,8031
6,8033
1,8035
28,8035
1,8038
2,8039
23,8039
2,8040
6,8041
99,8042
38,8043
77,8043
34,8044
53,8044
90,8044
91,8044
8,8045
29,8045
6,8046
30,8048
69,8048
14,8049
85,8050
1,8051
57,8052
66,8052
3,8053
43,8053
72,8053
4,8054
34,8054
84,8054
98,8054
3,8055
4,8056
33,8056
5,8057
5,8059
35,8062
37,8062
3,8063
5,8064
34,8064
37,8064
4,8065
4,8068
76,8068
3,8069
5,8070
51,8070
80,8070
93,8070
25,8071
50,8071
73,8071
77,8074
10,8075
44,8076
87,8076
70,8077
27,8078
10,8080
98,8080
39,8082
92,8085
50,8086
55,8088
71,8088
31,8090
48,8090
58,8090
95,8090
17,8092
39,8092
42,8093
57,8094
99,8094
26,8095
31,8095
40,8096
64,8099
81,8100
40,8101
44,8103
100,8104
13,8104
26,8107
34,8107
35,8107
39,8108
27,8110
7,8112
93,8113
21,8114
16,8115
38,8115
59,8116
71,8116
89,8116
1,8117
1,8118
41,8118
2,8119
17,8119
37,8119
76,8121
84,8121
2,8122
75,8122
7,8123
23,8123
14,8124
86,8127
1,8128
100,8129
59,8130
95,8130
2,8131
39,8131
56,8133
76,8133
95,8134
97,8135
26,8136
9,8137
78,8137
72,8138
1,8139
81,8139
2,8140
3,8140
21,8140
57,8141
1,8142
2,8144
5,8144
63,8144
1,8145
4,8145
34,8145
63,8145
90,8146
98,8146
3,8147
5,8148
14,8148
15,8148
58,8150
77,8150
4,8152
100,8153
94,8153
2,8154
51,8154
81,8155
13,8157
16,8158
47,8158
94,8158
40,8159
5,8160
27,8160
12,8161
34,8162
81,8162
1,8163
61,8164
87,8164
90,8165
15,8166
28,8166
34,8166
52,8166
2,8167
7,8167
48,8167
1,8168
21,8170
65,8170
88,8171
25,8172
2,8173
10,8173
21,8173
66,8173
1,8175
59,8175
11,8176
27,8176
2,8177
40,8178
70,8178
84,8181
85,8185
68,8186
17,8187
33,8187
100,8188
7,8189
95,8190
8,8191
42,8191
49,8192
20,8193
1,8194
2,8195
1,8196
2,8197
64,8198
73,8198
1,8200
57,8200
67,8200
2,8201
1,8202
1,8203
24,8203
27,8203
40,8203
56,8203
2,8204
65,8204
85,8204
13,8205
48,8205
2,8206
95,8206
1,8207
2,8209
3,8209
21,8210
5,8211
4,8212
50,8212
75,8212
4,8213
67,8213
98,8213
25,8214
5,8215
1,8216
92,8216
3,8217
43,8217
2,8218
30,8218
55,8218
83,8218
48,8220
75,8220
40,8222
1,8223
25,8224
26,8224
49,8225
53,8225
1,8226
13,8226
2,8227
2,8228
16,8228
55,8228
10,8230
59,8233
39,8237
7,8239
49,8239
52,8239
51,8240
84,8240
87,8240
1,8241
8,8242
12,8242
2,8243
1,8244
10,8246
2,8248
36,8249
1,8250
37,8250
2,8251
31,8251
42,8251
79,8251
86,8251
1,8252
38,8253
2,8254
1,8255
2,8256
24,8256
68,8256
1,8257
86,8257
20,8258
25,8258
2,8260
94,8260
61,8261
10,8262
55,8265
32,8269
43,8270
72,8271
20,8272
55,8272
73,8272
62,8273
98,8273
21,8277
69,8277
3,8281
5,8282
90,8282
5,8283
30,8283
42,8283
82,8284
4,8285
69,8285
4,8287
3,8288
62,8288
40,8289
6,8290
29,8290
51,8290
56,8290
87,8290
90,8291
42,8292
61,8292
27,8293
96,8293
66,8294
62,8295
70,8295
3,8297
47,8297
35,8298
5,8299
72,8299
5,8300
26,8300
27,8300
67,8300
12,8301
4,8303
28,8303
79,8304
3,8305
93,8306
4,8307
22,8307
37,8307
64,8307
81,8307
44,8308
17,8309
93,8311
46,8312
68,8312
40,8313
50,8313
57,8313
97,8313
78,8314
17,8315
97,8317
50,8318
22,8320
50,8320
30,8321
36,8321
7,8323
98,8323
100,8324
64,8324
90,8324
57,8325
59,8325
79,8325
38,8327
87,8327
92,8327
10,8328
71,8328
90,8329
29,8330
30,8330
16,8331
56,8331
1,8332
49,8332
1,8333
10,8333
17,8333
61,8333
72,8333
38,8334
2,8335
77,8335
90,8336
7,8337
86,8338
1,8339
16,8339
97,8339
3,8340
59,8340
5,8341
2,8342
59,8342
64,8342
2,8343
5,8344
4,8345
54,8345
3,8346
45,8346
4,8347
35,8347
60,8347
49,8348
65,8348
48,8349
44,8350
17,8351
23,8351
13,8354
63,8355
65,8355
42,8356
53,8356
82,8357
3,8359
5,8360
49,8360
4,8361
3,8362
4,8363
41,8363
89,8363
43,8364
5,8365
18,8365
51,8365
9,8366
59,8366
89,8366
49,8367
66,8367
85,8367
90,8367
38,8368
51,8368
22,8369
61,8370
9,8372
13,8372
49,8374
90,8374
79,8375
70,8376
87,8380
12,8382
26,8382
72,8382
47,8384
3,8385
48,8385
4,8386
45,8386
3,8387
85,8387
57,8389
19,8390
87,8390
54,8391
44,8392
86,8392
66,8393
4,8394
5,8395
25,8395
48,8395
89,8395
17,8396
51,8396
5,8397
51,8398
61,8399
57,8400
15,8401
60,8401
62,8401
77,8401
14,8403
23,8404
78,8405
97,8405
20,8406
31,8407
25,8408
60,8408
81,8408
3,8409
42,8409
79,8409
44,8410
60,8410
48,8411
91,8411
5,8413
21,8413
55,8414
91,8414
21,8415
58,8415
76,8415
4,8416
52,8416
5,8417
3,8418
4,8419
10,8419
23,8421
81,8422
1,8423
16,8423
48,8423
70,8423
81,8423
1,8425
2,8426
26,8428
81,8428
1,8429
16,8429
16,8430
2,8431
68,8431
83,8431
2,8432
26,8432
17,8434
72,8434
26,8435
56,8436
88,8436
85,8437
23,8440
27,8440
64,8440
1,8443
17,8443
38,8445
1,8446
2,8447
3,8447
4,8449
27,8449
44,8449
74,8449
93,8449
1,8450
2,8451
5,8451
2,8452
31,8452
1,8453
5,8453
2,8454
4,8454
30,8455
87,8455
1,8456
5,8456
1,8458
7,8458
10,8458
2,8459
99,8459
2,8460
3,8460
7,8461
10,8465
23,8465
64,8465
3,8466
27,8466
5,8467
32,8467
10,8469
74,8469
88,8469
5,8470
4,8471
63,8471
97,8471
40,8472
3,8473
9,8473
26,8473
43,8473
1,8474
16,8474
32,8474
44,8474
58,8474
4,8475
69,8475
36,8476
42,8476
95,8476
63,8477
63,8481
78,8481
67,8482
92,8483
74,8486
71,8490
90,8490
48,8492
63,8492
48,8493
58,8493
22,8495
15,8499
21,8499
64,8499
79,8500
1,8502
18,8503
62,8505
75,8505
39,8506
2,8507
12,8507
19,8507
55,8508
1,8509
63,8509
11,8510
2,8512
55,8513
64,8513
1,8515
29,8515
35,8516
44,8516
2,8517
54,8517
17,8519
42,8519
1,8521
3,8523
72,8523
5,8526
5,8527
21,8528
68,8528
4,8529
34,8529
24,8530
85,8530
4,8531
35,8531
100,8532
12,8532
24,8532
33,8532
3,8533
57,8533
77,8533
46,8536
60,8537
14,8545
36,8545
64,8545
3,8547
96,8547
94,8548
40,8550
4,8551
3,8552
68,8553
4,8554
32,8554
40,8554
63,8554
5,8555
46,8555
78,8555
33,8556
58,8556
5,8557
94,8558
60,8559
69,8559
89,8559
9,8561
11,8564
73,8564
44,8565
61,8566
3,8568
23,8568
17,8569
4,8570
70,8570
96,8570
5,8572
72,8572
81,8572
14,8573
41,8573
4,8574
91,8574
3,8575
7,8575
5,8578
82,8578
83,8578
3,8579
23,8581
63,8581
4,8582
44,8582
73,8582
1,8583
69,8583
11,8585
3,8586
96,8587
4,8589
22,8589
83,8589
5,8590
5,8591
88,8591
86,8592
74,8594
74,8596
3,8597
4,8598
18,8598
62,8598
3,8599
4,8600
6,8600
5,8601
89,8601
5,8602
31,8604
51,8605
36,8606
42,8606
43,8607
8,8610
47,8611
59,8611
65,8611
55,8614
88,8614
62,8615
65,8618
75,8618
17,8620
83,8620
24,8621
54,8621
50,8622
61,8622
16,8624
99,8626
16,8627
75,8627
35,8629
21,8630
45,8631
23,8632
81,8634
32,8635
100,8636
2,8636
29,8637
37,8638
43,8638
45,8639
4,8644
20,8644
59,8644
76,8644
18,8645
73,8646
93,8647
22,8650
47,8650
50,8650
97,8650
30,8651
41,8652
97,8652
43,8653
43,8655
68,8655
69,8655
95,8655
1,8656
4,8657
2,8658
1,8659
81,8660
2,8661
73,8661
86,8663
1,8664
45,8664
73,8664
69,8667
97,8667
40,8668
40,8669
46,8669
76,8669
79,8669
2,8673
34,8673
63,8673
91,8674
25,8675
37,8676
61,8676
84,8678
67,8682
87,8684
16,8687
25,8687
72,8687
37,8688
60,8688
34,8691
66,8695
90,8695
21,8696
62,8703
16,8704
18,8706
78,8708
56,8709
33,8711
99,8713
19,8714
70,8714
91,8714
87,8716
25,8717
41,8718
32,8719
89,8721
16,8722
68,8724
77,8724
27,8725
61,8725
74,8726
42,8727
50,8727
3,8728
68,8728
1,8729
45,8729
76,8729
89,8729
91,8729
2,8731
4,8731
20,8731
59,8731
76,8731
89,8732
1,8733
5,8733
49,8733
77,8733
1,8734
4,8734
77,8734
88,8734
5,8735
25,8735
2,8736
25,8736
82,8736
76,8737
2,8738
3,8738
3,8739
61,8739
71,8739
5,8741
4,8742
49,8742
64,8742
89,8742
3,8743
4,8744
58,8744
5,8745
26,8745
98,8745
81,8746
91,8746
9,8748
46,8748
77,8748
82,8748
23,8749
76,8749
3,8750
36,8750
40,8750
56,8750
4,8751
53,8751
6,8752
92,8753
5,8755
96,8755
3,8759
4,8760
5,8761
98,8761
16,8762
38,8763
50,8764
7,8765
70,8765
69,8766
73,8766
13,8767
53,8767
53,8768
67,8768
95,8768
35,8769
63,8769
36,8771
17,8772
92,8772
92,8773
76,8778
16,8779
88,8779
58,8780
1,8781
91,8781
98,8781
67,8782
70,8782
2,8783
24,8783
10,8784
10,8785
72,8785
1,8786
1,8787
45,8787
2,8788
2,8789
55,8792
33,8796
15,8797
37,8797
39,8797
70,8797
12,8799
54,8799
47,8800
37,8801
19,8803
45,8804
6,8806
66,8806
1,8811
99,8811
2,8812
7,8813
74,8813
27,8814
37,8814
100,8815
1,8815
6,8815
51,8815
83,8815
6,8816
7,8816
28,8816
1,8817
13,8817
34,8817
2,8818
47,8818
60,8818
3,8819
2,8820
5,8820
4,8821
56,8821
72,8821
14,8822
24,8822
54,8822
8,8823
14,8823
17,8823
72,8824
27,8825
36,8826
88,8826
1,8830
1,8831
24,8831
2,8832
3,8832
4,8833
13,8833
1,8834
5,8834
8,8835
38,8836
80,8836
100,8837
78,8837
2,8838
7,8838
4,8839
34,8839
84,8839
2,8840
33,8840
51,8840
1,8843
13,8846
2,8847
30,8847
31,8847
74,8847
6,8848
42,8848
76,8848
9,8849
86,8849
1,8853
36,8853
46,8853
1,8854
3,8854
6,8854
2,8855
5,8855
22,8855
24,8855
51,8855
2,8856
75,8857
93,8857
1,8859
7,8859
57,8859
75,8859
4,8860
40,8860
5,8861
4,8862
3,8863
84,8863
11,8864
42,8864
53,8864
75,8865
15,8867
90,8867
35,8868
77,8868
96,8869
19,8872
45,8872
90,8873
3,8875
88,8875
5,8876
5,8877
76,8877
97,8878
29,8880
55,8880
4,8881
54,8881
90,8881
4,8882
19,8882
98,8882
21,8883
93,8884
43,8888
52,8888
82,8888
3,8890
66,8890
83,8892
55,8894
28,8895
74,8895
74,8896
84,8897
76,8898
51,8900
3,8902
28,8902
46,8902
48,8902
32,8903
41,8903
4,8904
24,8904
9,8905
77,8905
4,8906
70,8906
5,8907
84,8907
96,8907
5,8909
61,8909
9,8910
42,8910
74,8911
3,8913
18,8915
34,8915
81,8915
93,8915
28,8918
53,8918
63,8919
39,8920
1,8921
82,8921
1,8922
2,8923
1,8924
36,8924
62,8924
81,8924
22,8925
94,8925
2,8927
19,8927
31,8927
39,8929
73,8929
2,8930
46,8932
57,8932
93,8933
49,8934
73,8934
45,8935
69,8935
21,8936
50,8936
80,8938
86,8938
50,8940
30,8941
6,8942
81,8942
55,8944
60,8944
88,8946
48,8948
66,8948
80,8949
1,8950
39,8950
43,8950
59,8952
2,8953
1,8954
39,8955
96,8955
2,8958
1,8959
2,8961
35,8961
8,8962
47,8962
51,8962
73,8962
88,8963
78,8964
96,8964
43,8965
17,8966
74,8967
86,8967
63,8968
32,8969
3,8970
5,8971
10,8971
78,8971
49,8972
4,8973
5,8974
85,8974
34,8975
63,8975
3,8976
34,8976
4,8978
72,8978
10,8979
57,8979
46,8981
28,8983
55,8983
18,8984
61,8986
1,8987
11,8987
43,8987
72,8987
26,8990
2,8991
11,8991
90,8992
1,8993
1,8994
31,8995
70,8995
2,8996
2,8997
14,8997
15,8997
16,8997
1,9000
2,9001
1,9002
3,9003
2,9005
20,9007
41,9008
5,9009
8,9009
1,9010
4,9010
44,9011
5,9012
88,9012
4,9013
2,9014
3,9014
39,9014
48,9014
74,9014
93,9014
27,9015
33,9015
45,9015
69,9015
12,9017
61,9017
64,9017
30,9018
47,9020
65,9020
50,9021
75,9021
94,9021
57,9023
31,9024
46,9024
60,9024
44,9025
65,9025
96,9026
39,9027
46,9027
15,9029
92,9030
90,9032
98,9034
55,9036
88,9036
67,9039
21,9041
3,9042
4,9043
64,9043
5,9044
4,9045
54,9048
5,9049
70,9049
99,9049
81,9050
3,9053
69,9053
25,9055
49,9055
57,9055
91,9056
48,9057
54,9057
30,9058
81,9059
44,9062
98,9063
58,9064
1,9068
9,9068
49,9068
46,9070
91,9071
92,9071
1,9072
46,9072
2,9073
12,9074
47,9074
95,9074
2,9075
1,9076
70,9076
32,9079
2,9080
88,9081
3,9082
7,9082
92,9082
5,9084
64,9085
91,9085
4,9086
3,9087
54,9087
86,9087
5,9090
4,9091
42,9091
99,9093
82,9094
53,9098
82,9098
1,9100
98,9100
41,9101
47,9101
49,9101
35,9103
2,9104
77,9104
1,9105
64,9107
2,9108
80,9109
7,9110
1,9111
28,9111
2,9112
67,9112
41,9115
61,9115
60,9116
8,9117
67,9118
23,9119
58,9120
98,9120
37,9121
69,9121
79,9121
57,9122
62,9122
18,9124
59,9124
53,9126
98,9126
20,9127
54,9127
47,9128
80,9128
90,9128
33,9129
75,9129
66,9130
37,9133
66,9134
78,9135
62,9137
87,9138
94,9140
88,9141
35,9142
78,9142
81,9143
14,9144
71,9144
11,9146
15,9146
25,9146
91,9146
26,9148
62,9149
12,9155
20,9155
92,9157
1,9159
57,9159
3,9160
1,9162
4,9162
80,9162
82,9162
84,9162
2,9164
1,9165
5,9165
2,9166
47,9166
84,9166
91,9166
4,9167
42,9167
83,9167
5,9170
2,9171
12,9172
3,9173
3,9174
72,9174
1,9175
7,9176
11,9176
77,9176
1,9177
26,9177
4,9178
2,9179
3,9179
4,9180
51,9180
93,9180
5,9181
52,9181
1,9182
5,9182
60,9182
2,9183
87,9183
2,9184
79,9184
18,9187
2,9188
26,9188
3,9189
95,9190
4,9191
80,9191
96,9191
30,9192
45,9192
53,9192
4,9193
69,9193
5,9195
5,9196
7,9196
3,9197
25,9198
21,9199
49,9200
55,9200
31,9201
30,9203
2,9205
17,9205
21,9205
90,9205
3,9206
41,9206
62,9206
77,9206
4,9207
5,9208
6,9208
3,9209
57,9209
5,9210
4,9211
30,9212
18,9213
54,9213
85,9214
18,9215
47,9215
3,9216
17,9216
86,9216
5,9217
4,9220
81,9221
3,9222
5,9223
85,9223
4,9225
83,9225
3,9226
70,9226
5,9228
75,9228
4,9230
12,9230
5,9232
3,9234
17,9234
4,9235
81,9235
28,9236
56,9236
10,9238
77,9238
9,9241
97,9244
20,9245
25,9245
61,9245
18,9246
31,9246
43,9246
43,9247
98,9247
33,9249
1,9251
6,9251
32,9251
8,9252
1,9253
43,9253
94,9253
90,9254
29,9255
52,9255
3,9256
56,9257
5,9258
56,9258
66,9260
55,9261
2,9262
2,9264
11,9264
5,9265
12,9265
1,9266
4,9266
68,9266
95,9266
2,9267
87,9267
30,9269
4,9270
25,9270
87,9270
40,9271
53,9271
79,9271
3,9272
54,9272
62,9272
3,9274
6,9274
38,9275
4,9276
87,9276
27,9277
3,9278
4,9279
22,9279
28,9279
1,9280
84,9281
1,9282
5,9282
85,9283
5,9284
17,9284
75,9285
2,9286
32,9286
53,9286
2,9287
29,9287
66,9287
53,9288
1,9289
50,9289
62,9289
74,9289
2,9294
45,9294
6,9296
40,9298
12,9299
3,9300
5,9301
29,9302
9,9303
4,9305
16,9305
52,9305
30,9307
55,9308
57,9308
21,9309
25,9309
30,9309
5,9313
16,9313
3,9314
1,9315
4,9315
88,9316
1,9317
43,9317
76,9317
29,9318
51,9318
2,9319
2,9320
59,9320
62,9320
67,9320
81,9320
1,9321
79,9321
2,9322
66,9322
95,9323
90,9324
95,9324
96,9324
91,9327
49,9329
28,9330
90,9331
100,9332
15,9332
29,9333
1,9334
10,9334
2,9335
25,9335
76,9335
83,9335
3,9336
7,9336
1,9337
4,9337
1,9338
4,9338
11,9338
54,9338
2,9339
3,9339
22,9339
2,9340
5,9340
55,9340
5,9341
48,9341
98,9341
14,9343
15,9343
50,9343
40,9344
61,9344
40,9345
100,9347
8,9349
10,9350
75,9351
77,9351
54,9352
1,9355
46,9355
20,9357
25,9358
3,9359
45,9359
70,9359
25,9360
50,9361
5,9363
42,9363
44,9363
4,9364
78,9365
8,9366
4,9367
5,9370
1,9371
3,9371
89,9371
99,9371
2,9373
1,9374
18,9374
67,9374
97,9374
1,9375
2,9376
82,9376
88,9376
13,9377
47,9377
3,9378
4,9379
2,9380
71,9380
3,9382
4,9383
5,9387
25,9387
83,9387
39,9389
40,9389
100,9390
5,9390
62,9391
72,9391
38,9394
11,9395
32,9395
96,9396
26,9397
47,9397
57,9398
30,9402
41,9403
73,9403
82,9403
37,9404
62,9404
16,9405
6,9408
86,9408
23,9411
87,9411
14,9413
66,9415
1,9417
41,9418
1,9419
56,9419
67,9419
2,9420
48,9420
73,9422
1,9423
8,9423
31,9423
53,9423
76,9423
2,9424
2,9425
28,9427
33,9427
23,9428
78,9429
31,9430
66,9430
52,9432
24,9434
57,9434
92,9434
51,9435
7,9436
9,9436
76,9436
20,9437
33,9437
95,9437
78,9438
77,9439
76,9440
90,9440
97,9441
24,9442
53,9443
12,9445
73,9447
74,9447
40,9449
30,9450
61,9450
74,9450
30,9451
79,9451
56,9452
99,9452
44,9453
3,9454
55,9454
7,9455
5,9456
9,9457
4,9458
88,9458
20,9459
74,9459
91,9459
5,9460
90,9460
4,9462
24,9462
84,9462
55,9464
14,9465
40,9465
79,9465
93,9465
3,9468
64,9468
86,9470
27,9473
58,9473
81,9473
49,9475
100,9476
50,9476
15,9478
64,9478
99,9479
90,9480
31,9481
28,9486
70,9487
99,9487
43,9488
15,9490
17,9491
32,9492
9,9493
19,9493
56,9494
47,9495
99,9495
56,9496
50,9497
30,9500
41,9500
81,9501
3,9503
40,9503
64,9504
38,9505
94,9505
37,9506
65,9507
90,9507
98,9507
4,9508
49,9508
5,9509
61,9509
85,9510
1,9511
4,9511
39,9512
63,9512
85,9512
2,9513
5,9513
12,9513
18,9514
69,9515
3,9516
27,9516
1,9517
36,9517
1,9518
11,9518
84,9519
2,9520
24,9520
61,9520
2,9522
22,9522
64,9523
10,9524
8,9525
13,9528
8,9529
86,9529
90,9530
48,9533
60,9533
39,9534
62,9534
1,9536
2,9537
20,9537
64,9537
77,9539
1,9540
2,9541
84,9541
1,9542
31,9542
77,9542
25,9543
30,9543
3,9544
5,9545
4,9546
98,9546
2,9547
44,9547
3,9549
4,9550
14,9553
21,9553
68,9554
23,9555
5,9556
77,9556
51,9557
60,9557
98,9557
39,9558
63,9560
7,9564
76,9566
3,9567
46,9567
16,9568
38,9568
54,9568
4,9569
14,9569
27,9569
82,9569
4,9570
89,9571
5,9572
3,9573
5,9574
20,9575
47,9575
70,9575
14,9578
13,9579
92,9579
18,9580
45,9580
13,9582
24,9582
94,9582
80,9583
1,9584
38,9585
58,9588
51,9589
8,9591
87,9591
11,9592
74,9592
26,9593
56,9593
65,9593
9,9594
17,9594
49,9595
48,9596
33,9597
3,9598
4,9599
30,9600
4,9601
58,9601
60,9603
3,9604
70,9604
74,9604
5,9605
22,9605
31,9605
50,9605
5,9606
21,9606
75,9609
21,9610
70,9610
7,9611
21,9613
65,9613
7,9615
95,9615
63,9616
87,9616
3,9618
12,9619
4,9620
5,9621
85,9621
4,9623
84,9623
5,9624
20,9625
97,9625
3,9626
70,9626
76,9626
84,9627
3,9628
44,9629
4,9630
57,9630
5,9631
26,9631
3,9633
32,9634
4,9635
27,9635
5,9636
95,9637
100,9639
57,9639
77,9639
76,9640
31,9643
60,9643
4,9645
43,9646
93,9647
93,9648
44,9649
56,9653
88,9653
14,9654
16,9656
14,9658
20,9658
79,9658
49,9659
31,9660
48,9660
10,9661
13,9662
99,9662
33,9664
63,9666
33,9668
56,9669
1,9674
2,9675
1,9677
1,9678
82,9679
2,9681
96,9681
13,9683
97,9683
6,9685
49,9685
54,9685
58,9686
7,9687
85,9687
2,9688
3,9690
29,9692
28,9693
92,9695
4,9696
66,9696
44,9697
69,9697
4,9698
44,9698
5,9699
8,9700
3,9701
87,9701
5,9702
32,9703
70,9703
95,9704
28,9705
35,9705
42,9705
62,9705
3,9707
65,9707
4,9708
43,9708
49,9708
3,9710
7,9711
59,9711
80,9711
5,9712
49,9712
64,9712
65,9712
5,9714
4,9715
20,9715
66,9715
11,9717
47,9717
81,9717
64,9718
88,9719
23,9720
29,9720
53,9720
81,9720
81,9721
3,9723
59,9723
4,9724
51,9724
54,9724
4,9725
23,9725
8,9726
71,9726
5,9727
97,9728
5,9729
42,9729
99,9729
3,9730
82,9731
8,9733
88,9733
19,9735
29,9735
3,9736
96,9737
4,9739
5,9740
5,9741
4,9742
59,9742
61,9742
96,9742
10,9743
3,9744
78,9744
36,9745
64,9746
41,9747
91,9749
10,9750
29,9751
38,9751
64,9751
61,9753
97,9753
100,9755
1,9757
62,9757
35,9758
1,9760
2,9761
80,9761
1,9762
85,9762
73,9763
2,9764
2,9767
9,9774
42,9775
43,9775
10,9779
76,9781
86,9781
11,9784
1,9786
72,9786
91,9786
2,9787
91,9788
30,9789
83,9789
65,9790
14,9791
50,9791
41,9792
49,9792
93,9792
90,9793
10,9794
26,9794
75,9794
59,9795
1,9796
37,9796
89,9796
36,9797
31,9798
58,9799
91,9799
77,9800
85,9800
88,9800
66,9801
2,9802
38,9802
45,9802
1,9804
43,9805
97,9805
99,9805
2,9806
33,9806
91,9807
46,9809
85,9809
99,9810
96,9811
89,9813
40,9815
63,9815
77,9815
83,9815
10,9816
37,9816
67,9818
12,9822
35,9824
32,9825
72,9826
3,9828
85,9828
4,9829
22,9829
3,9830
23,9830
54,9830
5,9831
87,9831
5,9832
57,9832
4,9833
54,9834
16,9837
62,9837
42,9838
69,9840
42,9844
43,9845
3,9846
8,9846
44,9846
1,9847
5,9847
5,9849
8,9849
74,9849
2,9850
67,9850
1,9851
21,9851
74,9851
1,9853
4,9853
81,9853
37,9854
89,9854
2,9855
4,9855
62,9855
87,9855
93,9855
2,9856
3,9857
85,9858
55,9860
67,9860
29,9861
46,9863
39,9867
95,9867
52,9871
75,9871
32,9872
26,9873
88,9873
91,9874
15,9875
67,9875
95,9875
27,9876
72,9877
66,9879
68,9879
27,9880
70,9881
57,9883
85,9883
44,9884
24,9885
34,9886
33,9888
58,9889
23,9890
53,9890
71,9890
56,9892
81,9893
26,9894
39,9894
71,9894
98,9894
63,9895
92,9895
79,9896
63,9897
28,9898
52,9898
63,9898
80,9898
20,9899
40,9899
20,9900
99,9901
1,9903
40,9903
57,9903
2,9904
6,9904
1,9905
70,9906
1,9907
87,9907
35,9908
31,9909
2,9910
33,9910
99,9910
50,9911
2,9913
45,9913
58,9914
90,9914
3,9915
46,9915
4,9916
72,9916
5,9917
46,9918
5,9919
100,9920
80,9920
19,9922
36,9922
57,9922
3,9923
6,9923
65,9923
93,9923
35,9924
98,9925
47,9926
15,9927
100,9928
4,9928
51,9928
8,9930
99,9930
34,9932
73,9933
9,9934
47,9934
61,9934
17,9936
59,9936
15,9937
35,9938
52,9938
29,9939
100,9940
25,9942
77,9942
1,9945
35,9945
1,9946
2,9948
3,9948
12,9948
28,9948
18,9949
32,9949
100,9950
2,9950
5,9950
1,9951
2,9952
65,9952
91,9952
5,9953
4,9956
4,9957
7,9957
3,9958
22,9958
37,9958
5,9962
31,9962
25,9964
49,9964
8,9965
80,9966
18,9967
66,9967
50,9968
17,9969
1,9970
2,9971
1,9972
20,9973
49,9974
1,9975
85,9975
14,9976
31,9976
2,9977
48,9978
73,9978
2,9980
25,9980
27,9980
29,9980
68,9981
86,9981
41,9984
43,9984
1,9985
46,9985
5,9986
40,9986
2,9987
16,9987
63,9987
1,9988
2,9989
8,9989
10,9989
13,9991
16,9991
25,9991
53,9991
93,9991
71,9992
26,9993
1,9995
8,9995
42,9995
52,9995
30,9996
2,9997
60,9998
36,9999
