37,3
41,3
8,6
27,6
41,6
45,6
46,7
16,10
20,11
26,13
20,14
6,17
37,18
3,19
28,19
5,20
4,23
5,24
39,24
49,24
28,26
39,26
4,27
12,27
41,27
19,29
1,30
35,30
1,31
3,31
13,31
2,32
31,32
1,34
20,35
2,37
32,39
2,40
25,43
47,43
23,45
26,45
33,46
47,53
41,56
16,58
11,62
27,64
16,65
16,70
32,70
48,70
22,71
20,74
3,75
5,76
4,77
37,77
3,78
40,78
5,81
22,82
4,83
38,85
17,86
18,88
20,94
21,94
1,95
2,96
1,98
50,100
1,100
2,101
39,101
49,102
18,103
2,104
43,104
30,105
24,106
14,107
24,107
13,108
1,110
1,111
42,111
2,112
2,113
1,114
44,116
2,117
48,127
7,129
20,129
40,129
32,130
29,131
9,136
3,137
4,138
10,138
27,139
3,142
5,143
10,143
33,143
4,144
22,145
20,147
5,148
40,148
27,149
39,152
25,153
47,153
31,154
30,155
48,155
50,159
24,159
38,159
24,161
39,163
8,166
36,168
10,169
19,170
33,170
8,172
24,174
35,174
19,175
8,178
43,179
50,184
23,186
43,186
37,190
46,190
39,195
44,195
19,198
33,198
33,199
3,201
4,202
9,202
5,203
21,203
3,204
45,204
4,205
5,206
36,207
36,208
24,210
11,211
44,213
13,214
1,215
1,216
2,217
1,218
25,218
2,219
2,220
49,222
26,223
16,225
26,227
21,231
42,234
47,238
42,241
7,244
1,246
1,247
2,248
3,249
32,249
1,250
4,250
38,250
2,251
2,252
4,252
48,252
3,253
22,253
5,254
5,255
13,255
9,256
42,258
7,259
24,259
27,264
45,264
7,266
17,268
45,268
32,269
43,274
8,275
6,280
12,280
19,283
27,285
40,286
1,289
2,290
14,290
23,293
1,294
2,297
11,297
13,298
45,299
10,301
1,302
2,303
49,305
10,306
3,310
35,310
4,311
8,312
3,314
30,314
14,315
5,316
35,316
11,318
35,318
5,319
4,320
12,320
28,320
33,321
5,322
13,326
26,327
40,333
50,335
49,336
49,341
12,342
15,347
18,351
38,352
23,353
49,356
13,358
21,363
49,365
3,366
5,367
5,368
46,368
4,369
3,370
4,372
13,372
35,375
47,375
49,375
39,376
32,381
48,383
6,384
13,391
29,394
11,396
36,397
47,399
47,400
50,401
3,402
5,404
35,404
40,405
13,407
24,408
11,409
16,410
10,412
25,412
5,413
27,413
4,414
26,414
3,415
33,415
4,416
34,417
33,419
35,420
46,420
10,422
7,426
9,427
18,431
9,433
22,436
8,442
44,447
45,447
15,449
33,449
38,449
43,450
1,451
13,451
1,454
2,455
1,456
2,457
11,457
2,458
16,460
22,460
34,461
1,463
1,464
2,465
35,465
41,465
1,466
2,467
2,468
25,469
30,469
50,471
24,471
34,472
9,473
34,474
22,476
46,478
25,479
30,479
46,479
30,486
20,487
46,490
7,492
7,502
33,504
9,510
9,513
38,516
32,518
3,523
5,524
18,524
21,527
9,528
5,530
4,532
4,533
3,535
45,535
19,538
24,540
41,544
35,545
47,546
33,547
49,549
20,550
1,552
25,553
1,554
20,554
39,554
2,555
34,555
2,556
32,556
1,559
49,560
39,562
2,564
43,564
39,565
48,566
4,570
15,571
1,572
45,572
2,573
1,575
1,576
2,578
28,578
2,579
50,580
10,580
45,580
1,584
2,585
1,588
1,590
2,591
2,592
21,593
16,596
18,598
26,599
44,599
18,602
30,602
27,603
37,605
44,605
6,611
15,612
26,613
13,615
28,616
44,616
10,620
45,621
47,621
44,623
34,627
11,628
19,628
37,628
47,628
37,629
37,631
40,632
47,633
40,634
47,634
4,635
47,636
16,637
6,638
18,639
26,640
17,644
15,648
17,648
28,649
36,654
39,654
3,657
5,658
4,660
19,660
7,662
10,663
5,665
48,665
4,668
22,670
3,671
16,671
29,671
3,672
23,672
1,676
27,676
1,677
2,678
2,679
37,680
6,681
37,681
1,684
46,684
2,686
24,687
8,688
11,688
10,690
5,691
28,691
39,695
3,696
5,697
18,698
1,699
4,699
1,700
2,701
5,701
23,701
4,702
3,703
2,705
1,709
2,710
15,712
17,712
12,714
31,715
43,715
15,717
42,717
27,724
15,726
41,728
3,729
50,730
4,730
21,730
5,731
26,731
31,731
5,732
3,733
4,734
48,734
43,736
36,738
19,745
8,747
18,748
29,748
33,751
26,753
7,754
1,763
1,765
14,765
15,765
2,766
49,768
1,769
2,772
2,773
40,777
34,779
46,780
24,781
40,781
18,783
42,792
30,795
36,795
30,796
21,798
3,799
5,800
5,803
39,804
11,807
49,807
4,809
17,809
40,809
4,810
1,811
38,811
2,812
3,812
1,814
2,815
1,816
2,818
33,821
1,823
16,823
1,824
2,826
2,828
1,829
13,830
2,831
6,837
2,838
3,838
30,839
43,839
4,840
25,840
46,842
5,843
18,843
3,844
21,844
5,846
41,846
4,848
34,854
48,856
46,857
25,858
36,861
1,862
37,864
1,866
2,867
25,867
29,868
2,869
35,869
17,870
46,870
1,874
10,874
2,875
28,875
1,876
1,877
2,879
41,879
2,880
18,882
1,883
16,883
3,885
2,886
5,886
5,887
37,887
4,889
45,889
4,890
3,892
19,894
12,896
3,897
21,898
5,900
9,900
13,900
4,901
4,902
5,904
18,904
3,905
30,905
1,906
45,906
2,907
24,908
3,909
9,909
1,911
4,911
1,912
2,913
2,914
46,915
5,916
30,917
5,918
3,919
4,921
25,921
37,923
33,924
25,925
20,927
50,928
3,928
4,929
7,929
4,935
8,935
3,936
7,937
34,938
5,942
16,942
13,944
5,945
28,948
34,954
5,956
41,957
5,958
29,959
3,962
46,964
50,965
4,965
44,968
3,970
5,971
36,971
5,972
4,973
9,973
30,974
45,974
50,976
20,976
23,978
32,978
50,979
40,982
21,983
48,985
1,986
1,987
20,987
45,988
2,989
1,992
35,992
43,992
2,993
16,993
2,994
8,996
40,997
36,1004
46,1005
27,1011
31,1011
29,1012
20,1013
16,1016
23,1017
12,1023
39,1023
48,1025
48,1026
2,1027
33,1030
3,1038
38,1040
28,1041
14,1042
4,1043
5,1044
41,1044
5,1045
38,1045
18,1046
49,1046
4,1048
30,1048
3,1050
49,1056
24,1059
25,1059
22,1063
30,1066
41,1069
11,1071
48,1076
30,1077
44,1078
1,1079
41,1079
23,1080
20,1083
30,1083
39,1083
1,1084
3,1084
21,1084
2,1085
5,1085
34,1085
4,1086
20,1088
26,1088
4,1090
2,1092
3,1092
32,1092
1,1093
5,1093
2,1095
46,1095
19,1096
8,1098
32,1098
15,1099
4,1103
15,1103
9,1105
30,1109
10,1110
43,1117
14,1123
26,1123
1,1125
30,1125
1,1126
2,1130
1,1131
24,1135
2,1136
2,1137
1,1139
18,1139
2,1140
10,1140
1,1141
31,1141
47,1142
2,1143
1,1144
2,1145
3,1147
28,1149
29,1150
5,1151
23,1151
11,1152
28,1152
21,1153
44,1153
4,1156
5,1159
3,1160
4,1161
35,1161
23,1162
35,1165
20,1166
30,1166
13,1171
13,1174
41,1175
10,1178
36,1179
34,1191
1,1195
2,1197
1,1199
2,1200
1,1201
2,1204
10,1207
39,1207
1,1208
40,1209
48,1210
24,1212
2,1214
24,1214
1,1215
32,1215
1,1216
10,1216
18,1216
2,1217
2,1218
13,1218
34,1218
50,1219
6,1220
29,1221
35,1221
46,1221
27,1223
1,1225
14,1225
2,1228
1,1230
1,1232
42,1232
2,1233
2,1234
31,1234
3,1240
4,1241
6,1241
38,1241
5,1242
9,1242
11,1243
5,1244
19,1244
3,1245
32,1246
5,1248
40,1248
4,1250
21,1250
23,1251
40,1253
44,1255
8,1257
11,1260
3,1261
45,1263
36,1266
3,1269
8,1269
26,1274
29,1274
5,1277
4,1279
4,1281
5,1282
34,1282
33,1285
42,1287
50,1288
3,1288
19,1288
49,1294
41,1295
18,1296
47,1297
3,1300
45,1303
41,1305
5,1308
4,1312
18,1313
8,1314
26,1314
42,1314
39,1315
4,1316
5,1317
3,1318
3,1323
4,1324
46,1324
6,1328
5,1329
35,1330
4,1332
5,1333
3,1334
48,1338
39,1340
31,1341
38,1341
42,1341
32,1342
40,1343
24,1346
23,1347
48,1347
20,1348
43,1348
23,1357
29,1357
32,1357
38,1359
7,1361
47,1362
7,1363
44,1370
38,1371
10,1372
37,1372
8,1373
13,1374
1,1377
41,1377
33,1378
1,1380
3,1384
4,1385
17,1385
2,1386
2,1387
5,1388
7,1388
1,1389
5,1389
2,1390
4,1390
41,1390
3,1391
13,1393
37,1394
22,1395
23,1395
6,1396
31,1399
32,1401
46,1402
10,1405
36,1405
41,1405
10,1407
48,1413
50,1417
18,1417
3,1418
12,1419
14,1420
44,1420
46,1420
5,1422
28,1422
4,1423
3,1424
27,1425
1,1426
32,1426
5,1427
18,1427
34,1427
47,1427
2,1428
4,1428
36,1429
36,1431
1,1432
8,1432
1,1434
17,1435
2,1436
20,1436
2,1440
9,1441
39,1442
10,1448
13,1449
25,1449
6,1451
38,1452
20,1453
3,1455
4,1457
3,1458
4,1459
5,1461
11,1461
30,1462
25,1463
16,1464
5,1465
11,1470
14,1470
29,1477
14,1481
35,1482
22,1484
41,1487
10,1489
11,1492
19,1496
26,1496
31,1499
18,1505
27,1506
28,1507
46,1508
7,1510
8,1510
14,1515
47,1518
40,1523
7,1525
47,1533
7,1540
42,1540
15,1542
24,1545
27,1547
41,1549
49,1552
18,1553
37,1553
48,1557
44,1560
7,1561
1,1564
41,1565
10,1566
9,1567
2,1568
30,1568
1,1569
8,1569
1,1572
48,1572
2,1573
2,1574
34,1575
1,1577
17,1580
43,1584
50,1589
1,1591
1,1593
15,1593
42,1593
46,1593
2,1594
1,1595
2,1596
2,1597
44,1598
47,1598
31,1601
43,1601
17,1602
17,1603
43,1606
48,1606
22,1607
49,1607
23,1608
3,1609
14,1610
21,1612
4,1613
5,1614
29,1614
23,1615
4,1618
1,1619
5,1619
3,1621
1,1622
2,1623
35,1623
1,1625
36,1625
2,1627
37,1628
2,1630
9,1630
25,1630
9,1631
3,1640
4,1641
4,1644
5,1645
15,1645
11,1647
35,1648
5,1650
23,1650
13,1651
3,1652
16,1653
39,1653
3,1655
28,1655
5,1656
26,1656
34,1657
4,1658
3,1659
5,1660
21,1660
33,1660
4,1661
10,1662
15,1663
19,1663
18,1667
11,1668
13,1669
16,1669
18,1669
16,1671
8,1672
43,1675
1,1678
1,1679
2,1680
8,1681
9,1681
19,1682
1,1683
28,1683
38,1684
2,1686
23,1686
25,1686
2,1687
6,1687
35,1687
1,1688
23,1688
50,1689
2,1691
46,1691
48,1691
1,1693
1,1694
2,1696
2,1697
27,1697
34,1697
35,1697
8,1698
21,1699
10,1706
37,1706
30,1707
41,1707
1,1708
1,1709
36,1709
2,1710
13,1710
2,1713
20,1713
31,1716
33,1717
44,1719
1,1720
6,1722
20,1722
48,1722
27,1724
37,1724
39,1724
38,1725
2,1727
37,1728
41,1729
48,1729
13,1731
18,1731
1,1734
31,1736
2,1737
24,1737
2,1739
1,1740
2,1741
29,1742
1,1743
27,1745
42,1745
2,1746
10,1746
27,1747
1,1750
2,1751
35,1751
16,1752
1,1753
13,1755
24,1757
25,1758
1,1759
38,1759
2,1760
3,1761
10,1762
16,1763
5,1764
2,1765
5,1765
4,1766
3,1767
4,1770
50,1771
1,1772
8,1772
2,1774
6,1775
1,1776
1,1777
49,1777
2,1778
41,1780
2,1781
49,1783
14,1786
23,1786
34,1803
23,1807
12,1810
15,1811
43,1814
27,1817
20,1818
6,1819
19,1819
1,1822
1,1823
8,1823
2,1824
34,1824
10,1825
6,1826
22,1826
30,1826
1,1827
2,1828
46,1828
2,1830
47,1830
48,1831
39,1832
18,1838
3,1842
7,1843
33,1843
4,1847
14,1847
50,1848
5,1848
3,1849
19,1849
22,1853
7,1855
5,1856
7,1856
4,1857
30,1862
8,1864
28,1864
3,1870
38,1870
4,1871
32,1871
5,1872
5,1873
4,1875
43,1875
3,1876
2,1879
13,1879
22,1880
3,1881
37,1881
5,1882
4,1884
11,1885
12,1885
35,1885
11,1887
20,1887
4,1889
7,1889
49,1890
3,1891
13,1891
5,1892
20,1894
34,1898
3,1900
21,1900
5,1903
5,1904
4,1907
3,1908
50,1909
4,1910
14,1910
21,1913
43,1920
6,1922
44,1923
31,1924
45,1925
49,1925
7,1927
1,1928
43,1928
15,1930
1,1931
40,1931
32,1932
38,1932
2,1933
44,1933
2,1935
7,1935
14,1935
1,1937
2,1939
30,1944
40,1944
1,1946
3,1946
4,1947
29,1948
3,1950
2,1951
5,1951
50,1952
5,1952
32,1952
1,1953
4,1953
20,1953
1,1955
2,1956
3,1956
2,1957
5,1958
10,1959
27,1959
4,1961
30,1961
1,1963
3,1963
2,1964
50,1965
4,1965
41,1965
50,1966
1,1966
16,1966
2,1967
5,1968
22,1972
18,1973
8,1974
1,1975
6,1975
2,1977
8,1980
3,1984
19,1986
4,1987
45,1987
3,1988
6,1988
5,1989
5,1992
6,1992
4,1996
14,1996
17,1996
37,1998
39,2000
4,2002
44,2003
19,2005
46,2006
1,2007
2,2010
1,2011
2,2012
1,2015
2,2017
8,2018
11,2019
43,2020
12,2021
36,2023
45,2026
9,2027
7,2028
36,2028
7,2029
20,2029
32,2032
15,2035
16,2035
2,2037
23,2037
24,2039
8,2040
31,2040
6,2042
31,2048
27,2050
29,2050
1,2051
2,2055
1,2056
8,2059
1,2061
20,2061
2,2062
2,2063
14,2067
6,2071
14,2071
22,2073
1,2074
47,2077
2,2078
20,2078
1,2079
17,2079
13,2080
1,2081
31,2081
34,2083
37,2083
2,2088
3,2088
2,2089
5,2091
25,2091
31,2091
4,2092
9,2094
4,2095
3,2096
43,2096
5,2097
1,2101
10,2101
42,2101
3,2103
30,2103
1,2104
8,2104
15,2104
9,2105
48,2105
2,2106
4,2106
18,2106
48,2106
3,2107
4,2109
2,2110
5,2110
14,2110
42,2110
1,2111
16,2111
2,2113
37,2113
5,2114
33,2114
6,2119
24,2125
32,2125
34,2129
3,2131
1,2133
4,2138
4,2140
3,2142
50,2143
29,2143
35,2143
43,2143
49,2146
5,2147
39,2147
5,2149
19,2149
30,2149
21,2150
6,2151
19,2152
35,2153
3,2154
12,2154
5,2156
4,2158
45,2158
31,2159
2,2160
44,2160
4,2161
36,2161
5,2163
36,2166
3,2167
3,2168
45,2171
50,2174
32,2175
47,2175
1,2176
2,2177
11,2177
27,2177
1,2178
26,2184
37,2184
42,2184
46,2184
1,2185
11,2185
13,2185
37,2186
2,2188
12,2188
2,2189
43,2189
17,2195
10,2204
13,2205
20,2207
28,2211
25,2212
42,2212
45,2212
46,2212
28,2214
15,2215
34,2216
23,2217
12,2220
9,2223
47,2224
37,2226
48,2226
3,2229
30,2230
31,2230
3,2231
4,2231
4,2232
3,2233
5,2236
1,2237
1,2238
14,2239
2,2240
5,2240
1,2241
9,2241
46,2242
2,2243
33,2243
43,2243
46,2244
2,2245
42,2245
17,2250
39,2250
33,2252
6,2256
26,2256
15,2260
1,2262
37,2263
2,2264
32,2264
1,2265
23,2267
10,2268
13,2268
30,2268
1,2269
26,2269
2,2270
48,2270
2,2272
30,2273
30,2274
11,2275
19,2275
3,2280
5,2281
4,2282
4,2283
31,2283
5,2285
3,2287
9,2289
48,2290
3,2291
13,2291
49,2291
4,2293
4,2294
22,2294
3,2295
17,2295
15,2298
5,2299
5,2300
10,2305
16,2305
28,2306
1,2309
2,2310
24,2310
11,2311
1,2312
2,2313
1,2314
10,2314
38,2314
2,2315
40,2316
44,2317
41,2320
38,2325
24,2328
13,2334
33,2334
41,2336
32,2339
35,2339
16,2340
6,2351
3,2352
16,2352
32,2353
5,2354
4,2355
10,2355
5,2356
36,2356
3,2357
4,2358
44,2359
31,2367
1,2369
46,2370
41,2373
28,2377
40,2377
12,2379
29,2380
35,2383
9,2384
43,2386
14,2388
26,2390
33,2390
1,2391
21,2392
45,2392
1,2395
15,2396
25,2396
46,2396
2,2397
3,2397
2,2398
4,2398
1,2400
5,2400
2,2401
3,2402
8,2405
4,2407
5,2408
21,2410
3,2414
5,2415
26,2415
4,2416
33,2416
1,2417
1,2418
3,2419
4,2420
2,2421
5,2421
36,2421
1,2422
19,2422
2,2424
10,2424
3,2427
10,2427
4,2428
26,2428
2,2429
50,2431
3,2431
17,2431
25,2431
19,2432
4,2433
1,2434
2,2435
5,2435
40,2435
34,2436
1,2437
31,2437
5,2438
43,2439
2,2440
25,2440
1,2442
2,2444
50,2448
34,2448
21,2455
1,2457
19,2457
47,2457
26,2458
2,2459
1,2460
1,2461
2,2462
33,2462
3,2463
27,2463
34,2463
2,2464
4,2464
29,2464
30,2465
31,2465
4,2466
31,2466
38,2467
5,2470
27,2470
20,2471
3,2474
33,2474
5,2475
40,2475
42,2475
41,2476
22,2479
33,2480
24,2482
1,2485
1,2486
2,2487
34,2488
24,2489
1,2490
22,2491
2,2495
44,2496
2,2497
47,2497
6,2500
21,2500
32,2501
30,2504
21,2507
20,2508
48,2510
48,2511
8,2512
25,2512
15,2515
18,2515
6,2516
10,2519
8,2520
42,2526
15,2529
42,2529
16,2530
18,2536
33,2536
18,2541
21,2542
13,2548
30,2548
40,2548
50,2550
23,2551
8,2553
18,2554
14,2556
6,2558
38,2559
44,2559
11,2560
1,2563
3,2563
2,2564
4,2564
1,2566
40,2566
4,2567
40,2567
44,2567
42,2568
36,2569
2,2572
18,2572
1,2573
45,2573
2,2574
5,2574
5,2575
24,2575
3,2576
32,2579
29,2587
38,2587
39,2587
47,2589
6,2591
30,2594
11,2596
44,2596
1,2598
41,2598
48,2598
8,2599
11,2603
31,2607
35,2608
15,2612
48,2612
30,2615
46,2617
25,2619
15,2620
45,2623
3,2624
33,2624
4,2626
12,2626
20,2628
40,2628
50,2629
4,2629
5,2630
13,2630
27,2632
40,2632
3,2634
31,2635
5,2636
3,2638
11,2639
49,2639
5,2640
26,2640
4,2641
14,2641
3,2642
4,2645
30,2645
5,2646
3,2648
4,2649
4,2650
33,2650
22,2652
32,2652
1,2653
22,2653
41,2654
50,2655
2,2656
5,2658
1,2659
2,2661
5,2661
3,2662
44,2663
15,2665
17,2665
20,2665
1,2667
2,2668
15,2668
1,2669
1,2670
6,2671
2,2672
1,2673
2,2674
2,2676
17,2678
16,2682
39,2682
44,2687
41,2688
16,2689
40,2692
29,2700
48,2700
18,2701
19,2705
23,2705
33,2706
9,2707
33,2707
12,2713
22,2713
29,2714
38,2714
7,2715
46,2716
13,2718
25,2720
47,2720
44,2722
37,2723
16,2729
25,2732
13,2733
38,2733
42,2739
28,2741
26,2748
27,2748
7,2751
28,2751
14,2753
36,2755
16,2756
7,2758
1,2760
1,2761
2,2763
27,2763
3,2764
2,2765
5,2766
1,2768
4,2768
2,2769
3,2771
50,2776
4,2778
5,2781
27,2781
42,2782
26,2784
48,2784
41,2786
16,2789
39,2789
24,2790
38,2795
25,2796
7,2797
17,2797
28,2799
35,2801
12,2802
36,2804
37,2804
14,2805
6,2808
3,2809
5,2810
43,2811
4,2812
9,2812
33,2812
5,2813
4,2814
43,2816
3,2819
3,2820
50,2822
4,2822
17,2822
3,2823
32,2824
43,2825
4,2827
5,2828
5,2830
17,2840
13,2843
36,2843
44,2843
17,2844
50,2853
32,2857
41,2857
9,2859
22,2861
41,2863
42,2863
29,2866
45,2867
10,2868
34,2869
43,2869
19,2870
20,2870
44,2871
30,2874
37,2875
1,2881
18,2881
10,2882
12,2882
1,2883
2,2884
8,2884
25,2884
2,2886
11,2886
28,2886
35,2886
1,2888
48,2888
27,2889
31,2889
11,2891
2,2893
34,2894
20,2899
26,2899
3,2900
5,2902
4,2903
12,2903
4,2904
6,2904
5,2906
3,2910
11,2910
22,2910
28,2910
25,2911
43,2915
20,2918
6,2919
48,2922
34,2923
44,2923
46,2927
45,2930
19,2938
47,2938
7,2939
19,2939
9,2942
39,2943
46,2944
24,2945
38,2945
31,2948
46,2956
41,2957
7,2964
44,2964
12,2969
21,2970
25,2971
42,2973
28,2974
44,2974
45,2978
18,2979
31,2980
22,2981
12,2982
30,2982
3,2988
8,2988
4,2989
5,2990
37,2990
42,2990
3,2991
5,2993
29,2993
4,2994
30,2994
30,2997
14,3000
21,3004
13,3005
17,3005
23,3009
45,3010
38,3012
15,3017
33,3018
46,3018
20,3019
21,3020
8,3023
9,3025
14,3025
23,3025
13,3031
3,3034
5,3035
25,3035
10,3037
31,3037
10,3039
4,3040
4,3042
29,3042
5,3043
3,3044
3,3045
4,3046
1,3047
5,3047
36,3048
2,3049
34,3050
3,3051
16,3051
1,3052
4,3053
2,3055
5,3055
41,3055
33,3056
1,3057
2,3058
34,3059
21,3060
39,3060
34,3062
45,3062
48,3063
45,3067
23,3068
22,3069
38,3069
38,3070
11,3071
19,3072
47,3072
1,3076
16,3077
27,3081
15,3082
24,3082
11,3084
17,3085
17,3087
12,3088
39,3088
50,3090
11,3090
43,3090
32,3091
29,3092
44,3092
11,3096
29,3097
10,3099
19,3100
18,3103
49,3106
25,3108
4,3112
8,3112
45,3118
24,3127
7,3128
14,3129
22,3130
27,3130
3,3131
1,3133
26,3133
2,3134
4,3134
1,3135
24,3136
3,3137
38,3137
5,3138
4,3139
37,3142
5,3144
7,3144
1,3148
46,3148
2,3149
2,3151
1,3152
12,3152
41,3152
1,3153
22,3153
2,3154
2,3155
1,3158
2,3159
6,3159
46,3161
10,3163
25,3163
33,3165
31,3167
28,3169
41,3170
6,3174
24,3178
50,3180
20,3180
26,3180
19,3181
43,3182
50,3188
39,3188
49,3188
17,3189
50,3190
36,3194
1,3196
1,3197
17,3198
2,3199
6,3199
1,3202
46,3202
49,3203
2,3204
45,3204
2,3205
1,3209
33,3209
1,3210
2,3211
27,3211
2,3212
30,3213
1,3214
2,3215
39,3216
11,3218
28,3218
2,3222
3,3225
50,3226
5,3226
4,3227
43,3227
44,3227
5,3228
4,3230
39,3230
3,3232
24,3232
20,3237
15,3238
35,3238
25,3240
40,3242
44,3246
29,3247
46,3247
46,3249
42,3250
17,3254
3,3257
17,3258
28,3258
4,3259
5,3259
5,3260
25,3261
5,3262
18,3263
33,3265
4,3266
3,3267
13,3268
28,3270
39,3272
23,3273
46,3276
19,3279
45,3281
42,3282
19,3283
14,3286
25,3288
25,3291
10,3295
17,3295
1,3300
39,3300
2,3301
1,3302
1,3303
2,3304
50,3306
2,3308
45,3309
8,3312
1,3313
2,3314
36,3314
39,3315
1,3317
26,3317
30,3319
2,3322
34,3322
1,3323
2,3325
49,3325
16,3327
42,3327
3,3328
5,3330
24,3330
4,3331
48,3332
4,3333
24,3334
5,3336
48,3336
3,3338
8,3338
23,3342
29,3342
26,3344
9,3345
14,3346
1,3351
18,3351
34,3351
14,3356
47,3356
28,3360
6,3361
13,3361
20,3367
3,3374
30,3374
5,3375
15,3375
46,3377
4,3378
7,3378
5,3379
23,3379
4,3380
4,3381
16,3382
3,3383
12,3385
19,3387
1,3391
21,3391
1,3392
7,3395
46,3395
33,3396
2,3397
49,3397
1,3398
19,3400
28,3401
2,3404
8,3404
28,3405
2,3408
8,3408
33,3408
22,3410
10,3416
37,3419
15,3421
31,3428
17,3430
46,3434
47,3436
42,3440
20,3443
30,3445
4,3450
31,3453
39,3456
15,3459
18,3460
12,3466
47,3466
10,3468
18,3472
20,3472
27,3473
15,3475
45,3475
10,3476
25,3477
33,3479
9,3482
19,3483
31,3483
39,3484
33,3485
17,3486
24,3487
18,3488
3,3490
4,3491
5,3492
5,3494
3,3495
4,3496
42,3496
36,3497
6,3498
21,3500
9,3501
42,3501
30,3504
28,3509
45,3509
3,3510
22,3510
5,3511
21,3511
4,3512
4,3514
19,3517
36,3517
48,3517
5,3518
3,3519
41,3524
46,3535
35,3537
16,3538
1,3539
9,3539
1,3540
23,3540
2,3541
24,3541
40,3541
48,3541
1,3542
2,3543
33,3543
2,3544
7,3544
23,3546
15,3548
15,3549
14,3550
37,3553
12,3554
32,3564
11,3566
39,3566
40,3568
1,3572
19,3572
1,3575
2,3576
6,3580
26,3580
1,3584
37,3584
2,3586
2,3587
45,3587
21,3589
5,3597
28,3601
23,3603
41,3604
42,3606
3,3607
9,3607
47,3607
1,3608
3,3608
9,3608
4,3609
2,3610
5,3610
28,3610
5,3613
1,3615
3,3615
1,3616
4,3616
20,3617
41,3618
50,3619
2,3620
25,3620
2,3621
28,3626
33,3626
18,3627
21,3627
49,3628
21,3640
37,3641
29,3642
39,3642
9,3644
47,3644
3,3645
23,3645
4,3646
3,3648
5,3648
31,3649
5,3650
4,3651
3,3652
36,3652
10,3653
21,3655
33,3655
41,3655
2,3656
22,3658
30,3659
45,3662
11,3663
11,3664
7,3665
50,3666
9,3666
3,3669
10,3669
4,3670
46,3670
1,3671
4,3671
18,3671
1,3672
5,3672
36,3672
2,3673
3,3673
1,3674
2,3677
5,3677
25,3677
2,3679
30,3681
48,3683
26,3686
48,3693
29,3696
15,3700
15,3702
49,3705
2,3706
27,3706
47,3713
37,3714
14,3715
3,3716
6,3719
28,3719
5,3721
15,3723
5,3725
4,3727
3,3728
4,3729
1,3730
45,3730
2,3732
15,3733
35,3733
15,3735
23,3735
40,3735
1,3736
11,3736
22,3736
1,3737
11,3737
2,3738
11,3738
2,3739
29,3739
1,3740
2,3742
1,3743
49,3744
1,3745
2,3747
2,3748
6,3749
3,3754
18,3754
12,3756
3,3757
17,3759
4,3760
4,3761
48,3761
5,3762
21,3763
48,3764
5,3765
18,3766
31,3767
3,3771
21,3771
17,3772
43,3775
10,3777
18,3777
19,3777
1,3780
18,3781
2,3782
1,3783
18,3783
39,3783
2,3784
31,3785
1,3786
47,3786
2,3787
39,3787
1,3788
23,3788
40,3789
1,3790
12,3790
13,3790
2,3793
18,3793
2,3794
10,3794
45,3794
1,3795
36,3795
2,3796
35,3800
21,3801
34,3812
39,3814
50,3815
13,3828
34,3828
3,3829
5,3830
5,3831
42,3832
14,3833
10,3835
1,3836
4,3836
8,3836
1,3837
10,3837
2,3838
3,3839
43,3839
4,3840
28,3840
2,3842
29,3843
1,3844
2,3845
32,3847
42,3847
19,3850
48,3852
11,3853
3,3854
12,3855
5,3856
6,3856
18,3856
4,3857
34,3858
42,3858
3,3859
1,3860
5,3860
1,3861
4,3862
2,3863
2,3864
25,3864
1,3865
2,3868
27,3868
35,3868
48,3870
35,3872
49,3872
27,3875
20,3878
21,3879
6,3886
32,3886
16,3888
36,3888
19,3889
3,3890
20,3890
1,3891
4,3891
27,3891
1,3892
5,3892
30,3892
25,3893
5,3894
27,3896
2,3897
2,3898
4,3900
1,3901
3,3901
2,3902
3,3904
4,3906
7,3906
5,3908
23,3908
4,3910
5,3911
43,3911
10,3912
3,3913
3,3916
10,3918
5,3919
30,3919
4,3920
9,3921
4,3922
28,3922
3,3923
42,3923
5,3924
17,3925
20,3925
33,3925
38,3925
33,3927
22,3932
29,3934
10,3945
41,3945
44,3945
22,3946
1,3950
23,3951
24,3951
2,3952
25,3952
1,3953
28,3954
2,3956
1,3957
39,3960
2,3961
28,3964
42,3968
8,3969
18,3976
43,3976
29,3977
3,3978
22,3978
4,3983
14,3983
42,3983
25,3984
39,3984
42,3984
5,3986
41,3986
5,3987
31,3987
3,3988
41,3989
36,3990
4,3991
14,3993
21,3994
41,3995
42,3996
3,3999
5,4000
4,4001
1,4005
4,4005
31,4006
1,4007
3,4007
23,4007
37,4007
5,4008
2,4010
2,4012
1,4013
8,4015
2,4017
32,4018
35,4018
39,4019
39,4021
32,4023
37,4023
30,4024
22,4029
46,4029
45,4031
34,4032
29,4033
35,4035
31,4036
6,4037
3,4040
12,4040
4,4041
1,4043
4,4043
37,4043
44,4043
21,4044
5,4045
27,4045
40,4045
3,4047
4,4047
13,4047
5,4048
14,4049
10,4051
17,4052
29,4053
3,4054
28,4054
4,4056
5,4058
20,4058
4,4061
3,4062
24,4062
6,4064
5,4065
15,4066
41,4068
19,4069
11,4071
34,4071
7,4072
10,4080
50,4084
42,4085
28,4087
42,4089
40,4091
17,4092
48,4094
3,4098
7,4099
4,4101
5,4102
3,4104
4,4105
5,4106
1,4109
36,4109
2,4111
1,4112
12,4114
2,4115
1,4116
25,4116
2,4117
14,4120
14,4123
42,4127
28,4129
11,4135
31,4137
17,4138
29,4144
28,4148
3,4150
9,4152
1,4153
2,4154
4,4154
3,4155
1,4156
2,4157
5,4158
5,4159
10,4159
4,4160
43,4160
1,4161
17,4161
2,4162
30,4163
38,4166
50,4168
7,4171
47,4175
11,4177
14,4178
29,4179
3,4180
5,4181
4,4182
3,4183
4,4184
5,4185
12,4187
24,4187
41,4187
43,4187
1,4192
2,4193
50,4197
18,4197
1,4198
11,4198
19,4198
31,4198
2,4199
34,4199
34,4201
1,4202
2,4204
24,4204
11,4209
21,4210
38,4210
29,4213
37,4218
45,4219
3,4220
30,4220
4,4222
30,4222
20,4223
34,4223
5,4224
4,4225
3,4227
5,4228
41,4230
42,4235
15,4240
33,4244
32,4248
22,4249
13,4251
17,4251
3,4252
4,4254
5,4255
3,4256
4,4257
5,4258
26,4262
28,4262
8,4263
47,4265
38,4267
41,4268
12,4269
28,4272
1,4273
49,4273
47,4274
9,4275
22,4275
29,4275
45,4277
2,4279
1,4280
1,4281
13,4282
2,4283
2,4284
1,4285
2,4288
20,4288
1,4290
3,4290
30,4290
2,4291
4,4291
3,4292
4,4293
1,4294
5,4294
2,4295
27,4295
5,4296
14,4300
22,4302
34,4303
41,4303
44,4303
3,4304
50,4306
5,4306
40,4306
5,4307
22,4309
11,4311
22,4311
1,4312
1,4314
4,4314
2,4316
4,4316
1,4317
23,4317
2,4318
8,4318
3,4319
10,4319
48,4319
2,4320
12,4320
36,4321
20,4322
3,4324
39,4327
18,4328
27,4330
24,4332
34,4332
47,4332
19,4336
35,4337
29,4339
38,4339
29,4340
1,4346
8,4346
44,4346
2,4347
38,4352
26,4353
27,4353
1,4354
32,4354
2,4356
36,4356
45,4356
1,4357
9,4357
27,4357
6,4359
2,4360
3,4360
13,4361
29,4361
43,4361
11,4362
22,4362
11,4363
40,4366
9,4367
17,4371
18,4371
13,4376
48,4379
3,4380
23,4380
4,4381
37,4382
5,4383
3,4384
31,4389
4,4390
24,4390
40,4390
5,4391
11,4395
43,4395
34,4399
37,4400
21,4405
42,4405
43,4406
46,4407
34,4411
1,4412
6,4412
20,4412
18,4413
37,4414
1,4416
41,4417
2,4418
8,4418
42,4418
2,4419
1,4420
34,4421
37,4423
39,4423
47,4423
10,4425
40,4425
12,4426
2,4427
37,4427
35,4429
15,4432
9,4433
18,4433
46,4433
3,4437
16,4437
23,4437
28,4437
31,4437
4,4438
25,4438
18,4439
27,4439
7,4440
19,4440
22,4441
29,4442
2,4443
32,4443
4,4444
37,4445
5,4446
3,4448
38,4449
46,4450
5,4451
3,4454
4,4457
5,4458
22,4458
4,4459
5,4460
8,4460
50,4461
3,4461
36,4463
37,4463
49,4464
8,4469
37,4470
39,4472
3,4475
4,4476
11,4476
27,4476
1,4477
5,4478
4,4480
1,4481
3,4482
12,4482
2,4483
5,4484
31,4484
1,4486
21,4486
2,4487
2,4488
29,4492
11,4495
48,4496
46,4497
9,4499
1,4503
1,4504
28,4505
2,4506
6,4506
28,4506
48,4509
1,4510
2,4511
36,4511
49,4511
2,4512
35,4517
22,4518
23,4518
28,4518
3,4520
49,4520
5,4521
47,4522
4,4523
4,4524
13,4524
3,4525
7,4527
27,4528
12,4529
31,4529
5,4530
23,4530
42,4533
6,4534
17,4534
1,4535
18,4536
1,4537
2,4539
22,4540
1,4541
20,4541
2,4542
36,4542
2,4543
3,4543
18,4543
8,4544
5,4545
4,4546
3,4548
4,4549
21,4549
42,4549
5,4550
8,4552
40,4552
32,4554
42,4555
46,4557
21,4559
12,4562
18,4564
47,4567
20,4568
3,4573
12,4575
37,4579
1,4584
1,4585
48,4585
2,4586
35,4586
46,4586
2,4587
39,4587
24,4589
1,4590
18,4590
17,4591
2,4592
29,4593
30,4594
25,4595
22,4598
30,4600
36,4601
40,4601
44,4603
1,4604
2,4606
1,4607
17,4608
21,4609
2,4610
12,4610
22,4610
1,4611
2,4613
14,4613
26,4614
2,4617
35,4617
36,4617
47,4617
46,4622
35,4624
30,4625
32,4625
45,4630
38,4633
33,4639
45,4639
3,4640
11,4641
1,4642
5,4642
4,4643
1,4644
3,4644
2,4645
21,4645
2,4646
5,4646
15,4648
1,4649
4,4649
2,4650
12,4652
38,4654
32,4656
26,4658
47,4660
10,4661
14,4665
47,4665
15,4670
14,4673
44,4673
22,4675
31,4676
18,4678
47,4679
17,4680
38,4682
4,4683
3,4690
49,4690
4,4691
3,4692
4,4693
7,4693
5,4697
5,4699
13,4699
17,4702
40,4702
11,4704
3,4705
5,4706
37,4706
4,4707
5,4709
6,4709
4,4713
3,4714
7,4715
49,4717
9,4723
46,4723
45,4727
37,4728
11,4730
19,4732
1,4735
2,4736
1,4740
2,4741
13,4743
1,4744
47,4744
2,4745
12,4745
25,4745
14,4746
18,4751
49,4756
34,4758
50,4759
14,4763
13,4764
32,4765
44,4765
46,4765
9,4766
48,4766
45,4769
48,4771
3,4772
40,4773
1,4774
5,4774
30,4774
33,4774
40,4774
5,4776
40,4776
2,4777
12,4777
1,4779
4,4779
1,4780
2,4781
2,4782
14,4783
44,4783
3,4785
4,4786
1,4787
1,4788
33,4789
38,4789
2,4791
36,4793
21,4794
3,4795
20,4797
31,4797
46,4797
1,4798
5,4798
27,4798
4,4799
10,4799
25,4799
2,4800
5,4801
2,4803
3,4803
48,4805
1,4806
4,4806
11,4806
3,4807
2,4808
1,4809
6,4809
12,4810
4,4812
5,4813
37,4813
1,4814
2,4815
2,4816
33,4817
5,4818
21,4819
31,4819
20,4820
4,4821
3,4822
7,4823
9,4825
38,4827
17,4829
22,4829
45,4831
37,4833
21,4835
32,4835
3,4836
46,4836
7,4838
13,4838
5,4839
8,4839
9,4839
22,4839
4,4840
3,4843
48,4843
4,4844
1,4845
1,4846
2,4847
5,4848
35,4848
1,4849
31,4850
45,4850
24,4851
2,4852
2,4856
15,4861
11,4862
15,4868
22,4868
16,4869
39,4869
3,4874
13,4875
4,4877
47,4877
23,4879
25,4879
3,4881
15,4881
5,4884
5,4885
45,4885
8,4886
4,4888
47,4891
25,4894
32,4894
41,4894
46,4895
43,4898
38,4900
38,4901
34,4902
30,4904
42,4904
5,4905
28,4905
17,4909
29,4909
34,4918
1,4926
3,4926
19,4926
2,4927
4,4927
4,4928
35,4928
1,4929
15,4929
5,4930
2,4931
3,4931
5,4932
39,4933
20,4935
1,4937
2,4938
39,4941
8,4942
19,4943
43,4944
3,4946
5,4947
12,4947
10,4948
19,4948
23,4948
4,4949
19,4949
4,4950
49,4950
5,4951
3,4952
11,4953
17,4953
35,4956
47,4960
50,4962
48,4966
44,4968
16,4970
33,4970
39,4970
47,4971
30,4978
1,4979
1,4980
2,4981
32,4981
49,4981
1,4982
2,4983
13,4984
2,4985
14,4987
46,4987
24,4990
2,4992
3,4994
23,4996
11,4997
45,4997
4,4998
28,4998
3,4999
5,5000
47,5000
4,5001
16,5001
5,5005
35,5015
43,5015
12,5016
22,5016
3,5017
50,5018
22,5018
42,5018
1,5019
5,5019
2,5020
10,5020
38,5020
1,5021
4,5021
24,5021
50,5023
1,5023
42,5024
3,5025
7,5025
2,5027
4,5027
44,5027
2,5028
1,5029
2,5030
22,5030
1,5031
1,5032
5,5032
3,5033
5,5034
4,5035
2,5036
2,5037
1,5038
1,5040
23,5040
2,5043
3,5043
37,5044
5,5045
4,5046
2,5047
5,5049
1,5050
2,5051
30,5061
37,5061
12,5062
1,5063
2,5065
1,5066
3,5067
46,5067
1,5068
4,5068
2,5069
5,5069
2,5070
4,5070
5,5071
3,5072
28,5075
6,5076
49,5076
37,5078
41,5078
26,5079
30,5080
8,5083
26,5083
1,5084
1,5085
17,5085
3,5086
4,5087
2,5088
3,5088
2,5089
26,5089
1,5090
15,5090
2,5091
5,5091
16,5091
19,5091
31,5091
17,5092
4,5093
31,5093
13,5094
5,5097
47,5097
34,5099
34,5104
7,5106
50,5108
15,5112
49,5115
4,5117
37,5117
10,5118
31,5124
44,5126
15,5128
11,5129
38,5129
1,5133
1,5134
39,5134
3,5135
12,5135
36,5135
2,5136
8,5136
41,5136
21,5137
1,5138
2,5139
19,5140
2,5141
26,5142
28,5145
45,5145
23,5153
18,5157
43,5157
8,5159
1,5162
33,5162
37,5162
1,5163
32,5163
2,5164
2,5165
1,5166
24,5167
2,5168
46,5169
14,5170
17,5170
39,5170
34,5177
13,5181
3,5183
4,5183
28,5184
5,5186
46,5188
22,5189
34,5190
5,5192
10,5192
4,5195
3,5196
39,5196
4,5198
3,5201
39,5203
40,5203
4,5208
5,5209
15,5209
36,5209
9,5210
4,5212
5,5213
32,5214
44,5216
3,5217
19,5217
44,5218
16,5220
6,5222
7,5223
20,5226
1,5229
2,5230
30,5230
1,5231
8,5231
1,5234
35,5235
2,5236
34,5236
2,5238
42,5238
11,5239
45,5241
6,5244
27,5244
8,5245
28,5246
18,5247
18,5249
47,5250
6,5254
1,5256
2,5257
1,5258
15,5258
33,5258
2,5259
1,5260
2,5261
19,5262
1,5264
29,5264
2,5266
3,5267
39,5267
1,5269
2,5270
5,5270
11,5270
4,5271
1,5272
4,5272
2,5273
3,5273
38,5273
5,5274
10,5274
41,5274
37,5275
42,5277
1,5280
22,5280
2,5281
1,5282
48,5282
2,5283
14,5286
21,5287
1,5289
7,5291
2,5292
48,5292
12,5297
26,5298
19,5302
17,5303
29,5303
13,5305
31,5305
33,5306
50,5309
46,5309
37,5310
26,5311
6,5314
19,5314
11,5317
38,5320
9,5324
12,5326
3,5327
4,5328
5,5329
5,5330
3,5331
4,5332
7,5333
1,5335
2,5336
1,5337
1,5338
50,5339
2,5339
21,5339
2,5340
1,5343
2,5344
7,5344
1,5346
14,5346
2,5347
27,5348
1,5349
2,5350
3,5350
8,5350
12,5350
4,5351
32,5352
13,5353
22,5355
4,5356
39,5356
5,5357
5,5358
3,5360
16,5363
16,5365
25,5366
18,5368
15,5369
33,5369
37,5369
15,5370
1,5371
2,5375
1,5376
3,5377
1,5378
4,5378
2,5379
3,5379
5,5383
40,5383
2,5384
14,5386
4,5387
16,5387
5,5390
3,5393
5,5394
4,5396
8,5396
5,5398
27,5398
1,5399
4,5399
2,5400
3,5400
9,5400
32,5401
1,5402
1,5404
46,5405
2,5406
2,5408
1,5412
2,5413
48,5414
1,5415
15,5415
50,5416
2,5416
26,5417
1,5418
35,5419
44,5421
2,5423
3,5428
26,5428
42,5428
4,5429
3,5431
28,5431
35,5431
5,5432
41,5432
50,5433
4,5433
5,5434
45,5436
7,5438
3,5439
50,5440
5,5441
4,5442
43,5442
4,5443
43,5443
5,5444
3,5445
16,5447
36,5451
3,5452
16,5452
5,5453
26,5455
27,5455
1,5456
5,5456
2,5457
10,5457
28,5457
32,5457
30,5458
47,5458
1,5459
4,5459
3,5460
12,5460
2,5461
4,5462
1,5465
2,5466
39,5471
13,5472
36,5472
12,5475
24,5475
48,5482
1,5485
26,5485
2,5487
1,5489
47,5490
1,5491
2,5492
17,5493
2,5494
10,5494
35,5494
45,5500
38,5502
46,5502
33,5503
3,5504
5,5505
4,5506
35,5506
3,5507
5,5508
36,5511
47,5512
33,5513
40,5513
37,5515
4,5517
20,5519
37,5522
39,5522
41,5522
18,5523
20,5524
23,5527
22,5529
7,5530
3,5531
5,5533
4,5535
45,5535
4,5536
48,5538
12,5539
34,5539
5,5540
30,5542
3,5543
6,5544
32,5554
44,5554
12,5555
26,5556
23,5565
32,5572
23,5573
20,5576
48,5581
28,5582
1,5583
2,5584
20,5584
33,5585
1,5586
1,5587
28,5588
44,5588
3,5590
2,5592
2,5593
4,5593
24,5593
46,5593
28,5594
5,5597
21,5597
5,5598
4,5600
29,5600
41,5600
30,5601
3,5602
23,5603
35,5604
32,5610
25,5611
20,5617
42,5620
23,5625
8,5626
39,5626
36,5627
32,5629
26,5631
1,5633
25,5633
1,5634
2,5635
1,5636
7,5636
25,5637
2,5638
2,5640
41,5643
27,5644
25,5645
36,5647
41,5649
37,5651
26,5653
24,5654
24,5655
49,5655
4,5658
45,5659
6,5660
31,5660
40,5660
19,5663
3,5664
41,5667
4,5669
8,5669
42,5670
3,5671
8,5671
5,5676
7,5678
44,5678
4,5680
7,5680
20,5681
49,5681
5,5682
32,5685
3,5686
24,5688
32,5690
5,5691
4,5693
28,5693
7,5694
3,5695
5,5696
4,5697
11,5698
38,5699
19,5700
15,5703
2,5704
24,5705
14,5707
50,5717
27,5717
45,5719
42,5722
1,5724
2,5726
12,5727
1,5729
2,5730
1,5731
15,5732
2,5733
10,5734
18,5735
32,5737
37,5737
38,5737
9,5739
25,5739
11,5743
14,5745
19,5747
48,5751
45,5752
3,5755
4,5756
5,5757
4,5758
3,5762
5,5763
50,5765
49,5766
10,5767
40,5767
23,5769
48,5770
43,5771
15,5776
23,5776
43,5776
28,5777
29,5777
14,5778
34,5778
1,5779
1,5780
29,5781
13,5782
2,5783
7,5784
2,5785
4,5785
1,5786
2,5787
1,5788
31,5788
12,5790
42,5790
1,5792
2,5794
1,5795
3,5796
2,5797
2,5798
5,5800
4,5802
3,5803
37,5803
4,5804
9,5804
5,5806
37,5806
42,5806
3,5807
7,5809
12,5809
48,5809
36,5812
38,5813
33,5816
40,5816
25,5817
37,5820
31,5821
42,5822
27,5823
46,5824
36,5825
41,5826
8,5827
22,5830
10,5833
21,5833
27,5837
1,5838
30,5838
39,5838
1,5840
2,5842
3,5842
1,5843
5,5843
4,5845
5,5847
29,5847
4,5848
2,5849
3,5849
28,5849
2,5850
22,5851
46,5851
46,5852
8,5853
8,5855
9,5856
24,5861
27,5867
47,5867
38,5871
19,5872
20,5873
35,5873
7,5878
50,5881
26,5882
29,5885
34,5885
1,5887
2,5888
1,5889
1,5890
2,5891
2,5892
34,5892
6,5894
46,5894
7,5896
1,5897
3,5897
5,5898
2,5900
5,5900
24,5900
44,5901
4,5902
1,5904
4,5904
2,5905
3,5905
49,5905
1,5906
2,5907
32,5907
37,5907
15,5917
40,5918
50,5919
15,5920
29,5924
16,5926
18,5927
1,5928
2,5929
21,5929
1,5930
29,5931
44,5931
2,5932
1,5934
27,5934
12,5936
2,5937
23,5938
25,5939
28,5939
30,5940
17,5941
32,5941
40,5941
44,5941
12,5943
1,5944
31,5944
2,5945
3,5946
8,5946
5,5947
34,5947
1,5949
5,5949
21,5949
1,5950
46,5950
2,5951
4,5951
4,5952
19,5952
49,5952
2,5953
3,5953
35,5956
17,5959
36,5959
41,5959
31,5961
3,5965
1,5966
4,5966
4,5967
43,5968
47,5968
1,5970
5,5970
2,5971
13,5971
34,5972
2,5973
1,5974
3,5974
2,5975
5,5975
5,5980
39,5980
42,5984
16,5986
4,5988
21,5993
48,5995
6,5996
43,6000
11,6002
22,6003
43,6003
11,6005
45,6005
35,6009
13,6011
21,6012
24,6015
39,6016
50,6017
35,6020
9,6023
23,6023
3,6025
18,6027
5,6029
4,6031
4,6034
5,6034
3,6035
28,6035
33,6036
4,6037
21,6040
7,6042
46,6042
6,6045
18,6045
40,6047
48,6048
48,6056
3,6057
27,6058
5,6059
25,6059
39,6059
5,6060
4,6062
4,6063
3,6064
18,6065
37,6066
12,6075
34,6075
17,6084
27,6084
3,6086
5,6088
16,6089
27,6090
5,6091
23,6091
29,6091
4,6094
3,6095
6,6095
8,6095
27,6095
43,6096
4,6099
43,6100
46,6100
1,6106
2,6108
27,6108
1,6109
1,6113
20,6113
2,6115
2,6116
6,6118
5,6119
39,6120
1,6123
13,6123
1,6124
2,6125
23,6125
16,6126
1,6127
34,6127
2,6130
19,6130
50,6131
2,6132
3,6135
10,6137
5,6138
4,6139
16,6139
34,6140
34,6141
4,6142
46,6142
3,6143
41,6143
42,6144
5,6146
45,6146
3,6148
17,6148
20,6148
5,6149
30,6149
39,6149
4,6150
49,6152
18,6154
1,6158
3,6158
2,6159
4,6159
1,6160
5,6161
1,6162
2,6164
45,6165
34,6166
2,6168
34,6168
36,6168
7,6171
17,6171
9,6172
17,6172
45,6174
1,6175
2,6176
1,6177
14,6177
19,6177
1,6178
9,6179
19,6179
2,6180
2,6181
24,6181
36,6186
9,6190
1,6192
2,6193
36,6193
1,6194
1,6195
2,6197
49,6198
2,6199
20,6199
8,6201
39,6201
2,6204
11,6205
24,6210
29,6218
22,6219
22,6222
3,6224
4,6225
4,6226
40,6228
3,6229
43,6229
5,6230
12,6230
5,6231
1,6234
43,6236
14,6237
42,6237
3,6238
36,6238
4,6240
5,6241
4,6242
3,6243
11,6245
43,6245
47,6245
5,6246
46,6246
11,6247
16,6248
3,6249
4,6250
5,6251
5,6253
47,6253
3,6254
4,6256
42,6256
49,6257
19,6262
16,6263
24,6266
20,6267
38,6267
18,6268
46,6268
2,6273
7,6275
25,6277
47,6278
33,6279
24,6281
1,6283
9,6283
7,6285
11,6285
49,6285
2,6287
1,6289
2,6290
11,6290
19,6291
22,6291
1,6292
2,6294
47,6294
28,6295
47,6298
20,6299
7,6301
29,6303
32,6305
26,6307
22,6315
22,6316
19,6321
21,6324
32,6325
24,6328
16,6329
3,6332
16,6334
5,6335
30,6336
4,6337
4,6339
5,6341
3,6343
8,6346
8,6352
29,6352
26,6353
22,6355
48,6356
40,6357
10,6358
47,6360
1,6361
7,6362
42,6364
1,6366
2,6369
1,6370
20,6370
46,6374
2,6375
2,6378
3,6382
23,6382
17,6383
4,6384
14,6385
22,6385
4,6386
22,6386
5,6387
3,6388
12,6389
24,6389
5,6390
39,6390
19,6391
20,6391
40,6392
46,6394
25,6397
42,6399
47,6400
17,6402
16,6404
39,6406
22,6407
46,6407
3,6408
5,6410
8,6410
4,6411
21,6411
4,6412
47,6412
3,6413
21,6413
37,6413
44,6414
5,6415
32,6415
41,6417
19,6420
9,6421
43,6421
8,6424
30,6425
48,6431
43,6433
45,6433
22,6437
4,6439
18,6439
43,6442
31,6445
10,6450
21,6450
34,6458
15,6463
33,6464
35,6464
39,6464
22,6466
23,6466
47,6467
31,6470
39,6471
21,6477
22,6477
12,6482
43,6484
26,6485
41,6486
44,6488
50,6490
49,6493
8,6494
50,6495
3,6498
5,6499
25,6501
46,6505
5,6506
32,6506
4,6508
4,6509
43,6509
7,6510
23,6510
3,6513
22,6514
50,6519
18,6522
23,6525
45,6525
1,6530
5,6530
16,6530
33,6531
2,6532
1,6533
10,6533
28,6533
2,6534
9,6534
1,6535
2,6536
23,6537
46,6538
37,6540
20,6541
9,6544
20,6544
12,6549
47,6549
26,6550
42,6550
29,6551
5,6553
22,6554
49,6560
26,6562
28,6578
48,6578
27,6582
31,6587
32,6587
6,6597
9,6597
20,6597
14,6598
33,6598
19,6599
15,6602
27,6603
46,6605
40,6608
47,6609
9,6614
46,6620
3,6622
22,6623
5,6624
5,6625
14,6626
38,6626
4,6627
4,6628
36,6628
50,6629
3,6630
24,6630
6,6631
15,6632
31,6634
44,6635
49,6635
11,6636
43,6636
19,6641
14,6643
41,6643
25,6646
32,6647
1,6648
3,6648
2,6649
4,6649
11,6649
41,6649
3,6650
4,6651
5,6652
1,6654
5,6654
43,6654
1,6655
2,6656
2,6657
1,6659
31,6659
1,6660
2,6662
1,6663
2,6664
12,6664
41,6664
2,6667
1,6674
2,6675
1,6676
17,6676
6,6677
1,6679
2,6680
19,6680
2,6681
34,6684
47,6687
29,6688
36,6693
3,6694
7,6694
4,6696
10,6696
12,6696
5,6697
7,6697
26,6698
3,6699
23,6699
26,6699
5,6700
28,6700
50,6701
22,6702
43,6702
45,6703
4,6706
3,6708
4,6709
26,6711
3,6712
43,6713
5,6714
4,6715
14,6715
32,6715
5,6716
9,6718
47,6718
27,6719
18,6720
35,6721
31,6723
32,6724
31,6725
47,6726
49,6727
6,6728
13,6729
49,6729
8,6730
1,6733
40,6734
2,6736
1,6737
1,6738
2,6739
2,6740
9,6744
26,6744
44,6744
45,6744
18,6747
37,6752
5,6754
33,6756
31,6758
28,6759
26,6760
11,6762
24,6762
25,6762
28,6769
21,6773
43,6773
7,6781
25,6783
3,6791
36,6791
49,6794
1,6795
16,6797
1,6798
23,6799
17,6802
2,6803
2,6805
29,6805
1,6807
2,6808
19,6808
7,6810
25,6813
3,6814
4,6815
5,6817
4,6818
5,6819
3,6821
4,6822
28,6823
40,6825
30,6828
36,6835
41,6835
25,6836
32,6836
38,6843
26,6844
17,6846
43,6846
1,6848
2,6849
15,6850
30,6851
1,6852
1,6853
19,6857
1,6858
2,6859
3,6859
2,6860
4,6860
18,6860
19,6860
5,6862
4,6863
43,6863
5,6864
10,6864
37,6865
40,6865
3,6866
43,6866
29,6869
49,6872
15,6874
3,6878
41,6878
35,6879
39,6880
5,6883
36,6883
5,6885
4,6886
4,6887
5,6888
39,6888
38,6890
3,6891
3,6892
4,6894
5,6896
3,6897
45,6897
46,6897
4,6898
29,6898
6,6899
38,6900
5,6901
41,6901
25,6903
48,6903
18,6907
1,6908
3,6910
2,6911
4,6913
25,6913
5,6914
39,6914
1,6915
1,6916
4,6917
2,6918
5,6918
3,6919
23,6919
23,6921
2,6922
28,6927
6,6928
14,6929
15,6929
49,6929
1,6931
15,6933
46,6933
2,6934
1,6935
1,6936
2,6937
3,6937
46,6937
2,6938
46,6938
4,6939
43,6941
4,6942
1,6943
6,6943
41,6943
1,6944
5,6944
2,6945
11,6945
1,6946
2,6947
5,6947
2,6948
3,6948
50,6954
49,6956
1,6959
1,6960
33,6960
10,6961
25,6962
2,6963
2,6965
31,6965
1,6967
2,6968
24,6971
34,6972
30,6975
38,6975
30,6980
31,6986
18,6987
12,6988
14,6990
33,6990
33,6995
44,7000
46,7001
33,7002
11,7004
19,7004
1,7009
2,7012
15,7013
24,7013
36,7013
1,7014
48,7014
1,7015
2,7016
2,7017
3,7017
5,7019
4,7020
4,7021
26,7022
11,7023
13,7023
5,7025
20,7025
30,7026
3,7027
45,7028
25,7030
15,7032
22,7033
48,7033
3,7035
18,7035
50,7036
29,7036
1,7037
1,7039
22,7039
4,7040
2,7041
5,7041
1,7042
15,7042
39,7042
2,7043
4,7043
2,7044
5,7044
3,7045
34,7045
3,7046
4,7047
4,7048
5,7051
7,7051
3,7052
5,7053
14,7055
27,7060
39,7063
38,7064
11,7068
13,7070
20,7070
25,7074
3,7077
5,7081
1,7082
2,7083
5,7083
9,7083
1,7084
4,7084
1,7086
49,7086
2,7087
3,7087
2,7089
4,7089
24,7090
6,7092
46,7094
49,7096
38,7097
7,7098
28,7099
37,7099
50,7102
7,7104
1,7105
2,7106
6,7106
1,7107
1,7108
19,7108
2,7110
30,7110
2,7111
10,7112
30,7116
31,7117
35,7117
8,7118
48,7122
43,7123
28,7126
24,7127
36,7127
48,7130
1,7132
2,7133
44,7133
49,7134
1,7138
40,7138
30,7139
37,7141
2,7142
50,7143
38,7145
1,7146
2,7147
3,7153
49,7153
45,7155
28,7156
40,7157
50,7159
30,7159
42,7159
20,7161
14,7164
33,7164
23,7165
32,7165
32,7171
43,7171
46,7171
49,7173
7,7175
25,7175
3,7178
34,7178
5,7179
4,7181
1,7183
3,7183
5,7184
4,7185
20,7185
11,7187
19,7187
46,7187
1,7188
26,7188
42,7188
2,7189
2,7190
1,7191
2,7192
24,7192
23,7195
35,7197
18,7199
50,7200
16,7200
10,7201
21,7202
39,7202
31,7205
24,7211
19,7212
47,7217
44,7218
12,7219
45,7221
18,7222
37,7223
22,7224
9,7225
26,7226
9,7230
28,7232
30,7233
38,7233
36,7235
17,7236
41,7236
44,7236
43,7239
12,7240
35,7241
25,7246
26,7246
22,7248
3,7251
36,7251
35,7253
42,7254
4,7256
3,7257
5,7258
4,7259
5,7260
24,7260
3,7262
15,7262
4,7263
4,7265
3,7267
11,7267
5,7270
35,7270
5,7271
27,7273
38,7273
47,7275
20,7278
14,7281
39,7282
10,7284
47,7285
10,7290
15,7290
10,7292
31,7292
36,7293
23,7295
26,7295
31,7298
7,7299
28,7301
46,7301
41,7303
3,7305
29,7305
38,7306
1,7308
5,7308
1,7309
4,7309
35,7309
2,7310
2,7311
4,7312
3,7314
1,7316
5,7316
45,7316
2,7317
27,7322
36,7325
17,7327
29,7328
21,7330
12,7333
50,7336
31,7336
20,7337
40,7338
18,7339
45,7340
41,7341
15,7346
24,7347
28,7347
20,7349
33,7350
44,7351
15,7352
20,7353
6,7354
13,7355
25,7356
24,7357
28,7362
48,7365
17,7366
47,7366
1,7367
1,7368
2,7369
1,7370
7,7370
35,7370
27,7372
2,7373
26,7373
37,7373
2,7375
23,7375
8,7378
3,7379
10,7379
13,7379
28,7379
47,7380
4,7381
3,7382
5,7383
11,7384
35,7384
47,7386
14,7387
31,7387
4,7388
37,7388
45,7389
5,7391
21,7391
24,7395
27,7398
22,7401
8,7402
11,7402
3,7406
4,7408
7,7411
24,7411
3,7412
5,7413
4,7414
5,7415
10,7417
40,7419
18,7421
3,7427
44,7429
49,7430
27,7436
33,7436
25,7438
42,7440
6,7442
9,7442
14,7442
17,7447
28,7447
48,7448
30,7449
6,7451
26,7452
44,7454
6,7460
14,7461
18,7461
41,7461
50,7464
50,7465
24,7466
14,7468
27,7468
16,7469
33,7473
41,7476
1,7478
3,7478
12,7481
2,7482
6,7482
14,7482
34,7482
1,7483
1,7484
2,7485
2,7486
41,7489
31,7491
29,7493
31,7494
38,7494
3,7497
42,7498
26,7499
5,7502
47,7502
4,7504
25,7506
5,7507
4,7508
6,7510
9,7510
3,7511
11,7512
20,7512
42,7513
18,7515
3,7519
5,7520
31,7520
45,7520
4,7522
5,7523
45,7523
3,7525
38,7525
4,7526
6,7528
35,7528
14,7529
49,7530
48,7532
38,7534
39,7534
33,7536
48,7542
1,7543
1,7544
2,7545
1,7547
2,7548
2,7549
13,7550
23,7550
41,7553
1,7556
1,7557
43,7558
2,7559
2,7560
30,7560
1,7561
7,7562
46,7562
2,7564
1,7571
27,7571
2,7572
12,7572
44,7572
1,7574
2,7575
7,7577
1,7578
25,7578
49,7579
2,7580
12,7583
47,7585
38,7586
19,7588
31,7593
48,7593
3,7595
28,7595
5,7597
5,7598
8,7599
4,7600
3,7602
30,7605
40,7605
4,7606
45,7607
47,7610
27,7615
23,7616
16,7621
3,7622
46,7623
47,7623
50,7625
5,7625
16,7626
27,7626
44,7627
4,7628
4,7629
3,7630
5,7631
11,7634
3,7636
25,7636
26,7636
5,7639
4,7640
43,7641
3,7642
10,7642
41,7642
4,7644
18,7644
5,7645
41,7649
7,7652
40,7653
21,7654
31,7654
7,7656
38,7656
31,7657
6,7658
3,7662
23,7663
1,7665
5,7665
23,7666
4,7668
1,7669
5,7669
1,7670
9,7670
2,7671
4,7671
2,7673
1,7674
3,7674
31,7676
2,7677
3,7682
8,7682
38,7683
4,7685
4,7688
1,7689
5,7689
1,7691
5,7691
2,7692
3,7692
18,7692
47,7697
2,7698
8,7699
35,7700
1,7702
7,7702
2,7705
32,7705
50,7706
20,7710
1,7712
25,7713
29,7714
1,7716
22,7717
2,7718
1,7720
2,7721
33,7724
2,7725
25,7726
7,7727
15,7728
36,7728
19,7729
13,7732
15,7732
29,7732
3,7734
4,7735
4,7736
5,7738
11,7738
5,7740
3,7742
16,7743
3,7744
5,7745
4,7746
11,7746
33,7746
24,7750
4,7751
5,7752
3,7753
42,7758
21,7761
50,7762
38,7763
46,7764
14,7765
24,7769
1,7771
1,7773
23,7774
2,7776
46,7776
1,7778
20,7779
42,7779
2,7780
10,7781
33,7782
2,7783
9,7785
21,7786
27,7786
11,7788
17,7788
40,7791
31,7796
1,7798
2,7799
46,7800
7,7801
1,7802
17,7803
2,7804
45,7804
1,7805
2,7807
11,7809
8,7812
44,7812
1,7815
18,7815
49,7817
1,7818
2,7819
1,7820
2,7822
2,7823
3,7825
4,7826
8,7827
3,7828
5,7830
8,7830
5,7831
4,7832
19,7832
27,7838
39,7839
1,7842
2,7843
21,7843
1,7845
17,7845
28,7845
1,7847
41,7847
49,7847
21,7848
2,7849
2,7850
7,7851
9,7856
1,7857
14,7858
2,7860
13,7860
1,7862
32,7862
1,7863
2,7864
3,7864
8,7864
2,7865
20,7865
31,7865
4,7867
12,7867
19,7868
1,7869
35,7869
3,7870
2,7871
4,7871
12,7871
5,7872
1,7873
5,7873
2,7876
38,7877
1,7878
14,7878
2,7879
21,7882
26,7883
29,7883
35,7886
11,7892
13,7892
31,7894
39,7894
32,7895
28,7902
3,7907
5,7909
5,7911
40,7911
35,7912
4,7913
24,7914
4,7915
22,7915
3,7916
50,7917
29,7917
11,7921
14,7921
45,7921
28,7924
26,7926
2,7928
3,7929
20,7930
5,7931
24,7931
1,7932
4,7932
44,7932
1,7933
5,7933
2,7935
26,7935
1,7937
12,7937
2,7938
3,7938
17,7938
2,7939
45,7940
4,7941
40,7941
42,7942
3,7943
5,7944
26,7945
4,7947
21,7948
28,7949
12,7950
5,7951
4,7952
41,7952
3,7953
34,7953
3,7955
4,7956
3,7957
46,7958
4,7959
30,7959
5,7960
5,7961
11,7961
39,7961
44,7963
50,7965
6,7966
22,7966
13,7967
39,7974
21,7976
13,7979
6,7981
5,7986
29,7986
13,7995
47,8001
43,8002
10,8003
9,8004
39,8004
1,8005
36,8006
3,8007
30,8008
1,8009
4,8009
2,8010
3,8010
15,8010
13,8012
1,8013
26,8013
2,8014
2,8015
5,8015
4,8017
7,8017
28,8018
5,8020
9,8023
10,8025
26,8025
2,8026
28,8026
36,8028
42,8029
45,8035
41,8037
9,8040
36,8042
14,8043
6,8046
15,8046
3,8047
9,8048
9,8055
12,8055
49,8057
7,8058
14,8059
10,8065
10,8066
20,8068
34,8068
32,8070
44,8075
24,8076
31,8080
24,8083
40,8084
1,8085
2,8087
1,8090
15,8091
1,8092
28,8093
2,8094
3,8095
2,8096
4,8096
3,8097
4,8098
15,8098
19,8098
37,8098
5,8099
5,8100
49,8105
33,8106
3,8112
40,8113
4,8115
5,8116
21,8116
22,8116
1,8117
3,8118
2,8119
4,8119
9,8119
39,8119
1,8120
1,8122
2,8123
5,8123
47,8123
2,8125
22,8125
41,8129
19,8137
30,8138
49,8140
1,8141
24,8142
1,8143
23,8144
2,8145
3,8145
40,8148
2,8149
12,8149
29,8149
21,8150
1,8151
1,8152
2,8152
4,8152
1,8153
2,8156
1,8157
1,8159
3,8160
2,8161
43,8161
20,8162
2,8163
5,8163
49,8164
5,8165
4,8168
50,8169
3,8170
11,8170
50,8174
4,8176
19,8176
3,8177
9,8177
24,8177
1,8179
21,8180
4,8181
5,8182
4,8184
3,8185
13,8186
11,8187
5,8188
1,8195
2,8196
22,8196
35,8196
1,8197
2,8199
1,8200
2,8201
13,8204
36,8206
33,8210
39,8210
41,8210
10,8213
13,8213
9,8215
37,8217
48,8220
1,8221
25,8221
20,8222
38,8222
2,8224
1,8227
12,8228
15,8228
35,8228
37,8229
1,8230
2,8233
2,8236
24,8237
2,8238
33,8238
21,8242
22,8242
20,8244
1,8245
25,8245
1,8247
23,8247
16,8248
2,8249
1,8250
2,8251
2,8252
16,8253
32,8253
42,8256
41,8262
22,8264
3,8265
4,8269
5,8272
5,8274
10,8275
3,8276
12,8276
44,8276
4,8277
30,8277
37,8278
18,8279
46,8279
12,8283
14,8285
50,8292
37,8293
1,8294
6,8294
1,8295
2,8296
2,8297
1,8298
4,8298
40,8299
2,8300
8,8302
17,8303
40,8308
13,8309
34,8309
45,8309
17,8310
29,8310
35,8314
1,8323
12,8323
44,8323
9,8324
43,8324
44,8324
2,8325
1,8326
2,8327
1,8329
2,8330
8,8332
23,8333
9,8335
22,8336
39,8338
9,8346
34,8347
16,8348
37,8348
11,8352
39,8353
35,8355
12,8360
21,8362
50,8363
39,8364
3,8366
1,8367
5,8367
4,8369
1,8370
5,8370
4,8371
19,8371
2,8372
20,8372
16,8373
1,8374
38,8374
2,8375
6,8375
29,8375
2,8376
3,8376
30,8377
14,8378
6,8379
15,8380
17,8380
18,8381
12,8382
44,8385
46,8385
26,8389
1,8392
35,8393
45,8394
2,8395
21,8395
1,8396
1,8397
2,8398
2,8400
23,8400
17,8401
21,8401
4,8402
4,8404
32,8406
23,8407
49,8407
7,8408
39,8415
9,8416
44,8416
29,8419
34,8421
41,8422
8,8430
31,8431
42,8441
9,8444
31,8448
27,8450
35,8456
46,8456
11,8458
38,8459
18,8460
32,8460
16,8467
21,8469
3,8470
4,8472
1,8473
1,8474
19,8474
3,8475
41,8475
50,8476
4,8477
2,8478
5,8478
1,8479
5,8479
25,8479
10,8483
41,8483
2,8484
34,8484
2,8487
6,8487
3,8488
18,8489
5,8490
4,8491
42,8491
4,8492
5,8493
17,8493
3,8494
26,8497
46,8501
11,8509
43,8509
47,8509
33,8512
36,8513
38,8514
4,8515
36,8515
49,8515
3,8525
5,8527
13,8529
1,8530
1,8531
4,8531
2,8532
4,8532
47,8532
3,8533
13,8533
1,8534
5,8534
2,8535
32,8535
2,8536
14,8536
14,8539
34,8541
6,8545
22,8545
48,8545
19,8546
20,8547
13,8552
21,8552
22,8554
15,8556
26,8558
46,8560
22,8562
49,8563
21,8564
39,8564
2,8566
3,8566
9,8566
4,8570
23,8571
36,8571
42,8571
5,8572
28,8574
4,8575
18,8576
36,8578
3,8580
44,8580
5,8581
21,8586
50,8590
36,8590
3,8592
7,8595
10,8595
21,8596
14,8597
26,8599
33,8599
1,8601
40,8602
1,8603
21,8603
42,8603
2,8604
18,8604
2,8606
50,8608
3,8608
1,8609
2,8610
5,8610
5,8611
4,8612
36,8612
48,8612
43,8613
3,8616
32,8617
35,8618
4,8619
39,8623
21,8624
6,8632
43,8632
8,8637
38,8637
31,8639
39,8642
15,8643
32,8643
6,8645
39,8646
49,8646
43,8647
47,8650
37,8651
40,8652
36,8654
39,8654
30,8655
48,8657
10,8661
12,8667
13,8670
38,8670
4,8671
17,8671
3,8672
4,8673
12,8673
5,8674
22,8674
37,8674
4,8675
44,8675
20,8677
5,8678
28,8678
3,8680
32,8687
12,8689
23,8689
35,8689
9,8690
26,8690
37,8690
44,8692
3,8693
48,8693
5,8695
4,8696
50,8698
3,8698
9,8699
10,8699
42,8699
5,8700
4,8701
24,8701
28,8701
3,8702
4,8703
3,8706
1,8707
27,8707
1,8708
4,8709
5,8710
5,8711
2,8713
30,8713
6,8714
1,8715
19,8717
2,8718
29,8719
2,8720
11,8720
44,8726
27,8727
49,8731
17,8737
16,8739
11,8743
10,8747
21,8748
29,8755
30,8756
6,8757
40,8757
1,8760
10,8760
1,8761
2,8762
48,8762
1,8765
20,8766
2,8767
2,8770
10,8770
1,8772
2,8775
35,8775
1,8778
38,8780
2,8782
13,8782
1,8783
17,8783
50,8784
2,8786
31,8787
47,8788
39,8789
3,8791
9,8791
49,8791
4,8792
8,8792
15,8794
3,8795
33,8796
5,8799
5,8800
43,8800
4,8801
6,8802
28,8804
37,8804
19,8805
25,8807
31,8810
3,8812
45,8813
38,8814
4,8815
10,8818
3,8819
45,8819
1,8821
5,8821
10,8821
1,8822
5,8822
4,8823
43,8824
2,8825
23,8825
2,8827
24,8827
1,8830
8,8830
2,8831
31,8832
36,8834
48,8837
15,8838
1,8839
2,8841
1,8842
2,8843
1,8844
24,8844
2,8846
24,8848
20,8850
1,8851
2,8852
1,8853
1,8855
34,8857
22,8860
23,8860
2,8861
2,8862
25,8862
37,8864
48,8865
1,8870
19,8870
34,8870
1,8871
18,8873
46,8873
2,8874
13,8876
19,8876
1,8878
2,8880
2,8883
24,8883
15,8884
44,8886
13,8888
1,8890
43,8890
1,8891
2,8894
1,8895
2,8896
2,8897
12,8897
29,8897
38,8901
49,8902
36,8905
44,8905
15,8906
3,8907
11,8908
31,8908
22,8909
5,8910
18,8910
4,8911
50,8912
3,8913
49,8913
4,8915
19,8915
12,8916
5,8917
9,8917
1,8918
38,8918
2,8919
1,8921
2,8922
1,8926
20,8927
2,8929
45,8934
1,8935
1,8938
1,8940
2,8940
1,8941
25,8944
2,8945
29,8945
21,8946
36,8947
34,8949
2,8950
32,8950
40,8950
41,8952
1,8953
36,8953
2,8955
28,8955
49,8956
1,8957
25,8958
29,8958
1,8959
2,8960
2,8961
35,8962
23,8964
16,8967
10,8968
22,8968
14,8972
42,8973
15,8974
13,8981
32,8981
14,8984
18,8986
48,8986
1,8988
27,8988
2,8989
1,8990
40,8991
1,8993
16,8994
48,8995
2,8996
2,8997
44,8999
10,9001
6,9003
8,9004
17,9005
7,9006
11,9007
34,9007
44,9008
34,9011
43,9011
26,9012
8,9013
25,9013
7,9014
45,9016
6,9018
34,9018
6,9021
40,9022
1,9023
2,9024
11,9024
34,9024
1,9025
16,9025
2,9028
1,9030
2,9032
40,9035
38,9036
30,9038
21,9039
1,9040
26,9041
35,9041
30,9042
8,9043
18,9043
2,9045
1,9046
2,9047
1,9048
2,9051
37,9056
16,9057
23,9057
48,9057
20,9058
22,9058
31,9062
28,9064
12,9066
10,9067
39,9069
23,9071
33,9072
29,9076
37,9076
46,9084
29,9085
20,9088
44,9091
17,9092
24,9092
35,9092
30,9094
7,9096
9,9097
49,9098
35,9100
17,9101
21,9101
6,9109
3,9111
5,9113
4,9114
6,9114
3,9116
10,9116
4,9117
50,9118
5,9118
40,9119
6,9120
23,9123
10,9126
49,9130
1,9137
46,9137
2,9138
1,9139
1,9140
26,9141
2,9143
40,9144
2,9145
1,9149
2,9152
1,9153
9,9154
14,9155
2,9156
1,9157
2,9158
3,9172
42,9172
12,9173
45,9173
5,9174
33,9174
4,9175
1,9176
15,9177
4,9178
40,9179
1,9180
14,9180
3,9181
23,9182
3,9183
5,9183
2,9184
1,9185
3,9185
2,9186
5,9186
2,9187
4,9187
1,9188
3,9188
23,9188
4,9189
5,9190
12,9190
1,9191
2,9192
31,9192
8,9193
30,9196
47,9196
1,9201
2,9202
3,9203
19,9203
2,9204
4,9205
5,9206
4,9207
3,9208
48,9208
5,9209
8,9213
40,9214
50,9216
25,9220
23,9223
44,9223
21,9224
12,9225
31,9225
3,9226
4,9227
5,9228
3,9229
5,9231
4,9232
32,9233
19,9236
17,9241
48,9241
33,9244
4,9249
44,9249
46,9249
33,9253
44,9253
11,9255
30,9262
40,9265
47,9265
13,9267
16,9268
36,9268
15,9270
27,9270
49,9270
15,9271
8,9273
3,9280
5,9281
4,9284
32,9285
4,9286
5,9287
3,9288
3,9290
32,9290
22,9292
3,9293
4,9293
3,9295
46,9296
5,9297
25,9297
24,9299
4,9300
37,9301
27,9302
13,9304
5,9305
48,9306
3,9307
17,9307
4,9308
4,9309
5,9310
3,9311
5,9312
6,9315
21,9321
48,9323
39,9328
49,9328
32,9331
9,9341
46,9341
34,9342
14,9346
3,9347
20,9347
14,9348
23,9349
12,9351
43,9351
48,9351
4,9352
4,9353
5,9354
19,9355
18,9356
5,9358
3,9359
6,9359
24,9361
35,9361
38,9362
28,9363
43,9363
48,9363
39,9366
28,9368
15,9371
18,9371
30,9377
22,9378
23,9378
26,9380
18,9384
41,9384
37,9385
47,9390
44,9403
6,9406
11,9407
40,9407
3,9409
1,9414
15,9414
2,9415
44,9415
1,9417
1,9419
2,9420
2,9421
6,9425
10,9426
45,9432
48,9432
27,9435
41,9436
1,9437
25,9437
30,9437
41,9437
1,9438
1,9439
15,9439
11,9440
2,9443
32,9443
2,9446
33,9446
1,9447
27,9447
2,9450
12,9451
30,9454
15,9456
15,9464
20,9467
8,9468
1,9469
25,9469
2,9471
1,9472
49,9472
1,9473
5,9473
19,9474
10,9475
31,9475
3,9476
8,9476
2,9477
2,9478
4,9478
5,9480
4,9481
18,9482
5,9483
3,9484
7,9484
33,9484
14,9485
24,9487
27,9487
26,9488
35,9496
7,9498
41,9498
43,9500
50,9501
12,9502
7,9503
39,9519
30,9520
1,9525
12,9526
22,9526
31,9527
2,9528
1,9529
39,9529
27,9530
1,9531
2,9532
35,9532
2,9533
29,9534
43,9536
7,9537
19,9541
1,9543
1,9544
2,9546
1,9547
2,9549
2,9550
16,9552
45,9556
17,9564
31,9565
22,9568
28,9568
43,9569
40,9571
19,9572
27,9572
40,9575
3,9577
11,9577
17,9577
4,9578
4,9580
5,9581
29,9581
5,9583
3,9584
48,9584
3,9586
50,9590
9,9590
41,9590
39,9596
13,9598
20,9598
29,9600
3,9603
34,9603
4,9604
5,9605
4,9606
2,9607
48,9607
1,9608
5,9608
12,9608
2,9609
3,9609
1,9610
38,9612
41,9612
1,9613
47,9613
2,9614
14,9614
2,9615
3,9616
44,9617
4,9621
3,9623
5,9624
5,9625
15,9625
36,9626
37,9626
4,9627
23,9627
6,9630
27,9631
6,9633
31,9636
28,9641
3,9642
18,9642
40,9642
4,9643
17,9643
48,9643
5,9644
1,9647
4,9651
35,9651
1,9652
2,9655
5,9655
2,9656
3,9656
1,9657
16,9657
19,9657
25,9657
2,9658
46,9659
43,9670
11,9671
37,9673
31,9674
21,9676
48,9680
50,9683
15,9684
39,9685
19,9686
39,9686
3,9687
4,9689
34,9689
3,9690
5,9691
14,9691
4,9693
24,9694
5,9695
1,9696
2,9698
15,9698
23,9698
31,9698
1,9699
23,9699
1,9700
49,9700
29,9701
47,9702
2,9703
42,9703
2,9705
45,9707
9,9708
15,9712
44,9713
38,9714
11,9715
30,9715
29,9717
28,9718
18,9725
8,9730
34,9736
39,9737
13,9739
46,9740
14,9742
45,9742
6,9744
3,9747
14,9748
5,9750
5,9751
21,9751
25,9751
18,9757
37,9757
4,9758
4,9760
37,9760
3,9761
3,9764
19,9764
4,9767
1,9769
2,9770
33,9770
5,9771
27,9772
42,9774
1,9775
13,9775
21,9775
1,9776
3,9776
5,9776
39,9776
5,9779
44,9779
2,9780
2,9781
4,9781
17,9788
28,9788
41,9788
48,9788
19,9791
34,9791
41,9792
3,9794
1,9797
25,9797
1,9798
2,9799
20,9800
29,9800
2,9801
16,9801
1,9802
2,9803
18,9807
1,9808
18,9808
1,9809
27,9809
2,9810
22,9811
2,9812
1,9813
2,9814
19,9815
10,9817
43,9817
31,9818
29,9820
1,9823
2,9824
1,9825
35,9825
2,9826
8,9826
27,9826
1,9827
7,9829
2,9831
35,9833
36,9833
16,9835
36,9838
44,9839
10,9845
19,9845
48,9846
14,9848
37,9850
6,9851
7,9851
9,9851
45,9856
1,9857
44,9857
16,9858
2,9859
1,9860
12,9860
2,9862
1,9863
2,9865
23,9867
31,9870
34,9875
41,9876
3,9879
4,9880
27,9880
4,9881
50,9882
5,9882
2,9883
13,9884
30,9884
29,9885
5,9886
25,9886
21,9887
42,9888
3,9889
38,9889
46,9889
25,9892
50,9896
3,9898
1,9900
4,9900
1,9901
24,9901
2,9902
2,9903
22,9903
34,9903
1,9904
5,9904
2,9905
4,9905
7,9905
3,9906
5,9907
1,9913
24,9913
1,9914
40,9914
2,9915
34,9915
2,9917
10,9918
37,9920
1,9921
26,9921
50,9922
2,9922
13,9923
8,9924
35,9924
32,9928
3,9930
4,9931
5,9932
32,9936
32,9938
3,9941
35,9941
48,9941
5,9942
42,9942
4,9943
44,9943
31,9945
50,9946
16,9946
8,9948
31,9948
32,9949
43,9949
45,9949
15,9951
7,9953
32,9953
31,9959
3,9962
5,9963
4,9965
1,9966
5,9966
1,9968
37,9968
32,9969
2,9970
3,9970
41,9970
2,9971
9,9971
31,9971
4,9973
1,9975
2,9976
19,9976
3,9981
5,9982
5,9984
33,9984
15,9987
22,9987
4,9988
3,9989
20,9989
2,9993
1,9994
4,9995
40,9995
1,9996
15,9996
21,9996
31,9996
14,9997
2,9998
8,9998
38,9998
