13,3
12,8
17,16
23,18
1,19
2,20
25,22
1,24
2,25
20,25
24,27
1,28
21,33
2,34
3,46
4,47
4,48
24,48
5,49
2,50
3,51
5,52
22,57
6,58
13,60
24,63
1,67
2,68
25,70
1,70
5,71
11,73
25,74
24,77
20,80
1,85
25,86
2,87
2,89
16,89
10,112
1,123
1,124
6,124
2,127
25,131
1,131
2,133
25,134
2,134
9,134
16,147
19,149
22,149
21,151
11,157
17,159
24,167
23,175
1,178
2,181
1,182
2,185
1,186
2,188
3,189
25,190
1,191
2,192
5,192
1,193
1,194
4,194
2,195
3,197
2,198
4,198
5,200
3,206
5,207
4,210
4,211
5,213
3,214
10,216
19,222
24,228
1,231
1,232
2,234
14,234
2,235
1,238
5,238
2,241
9,247
7,254
14,256
10,258
3,259
5,260
14,260
5,261
4,262
3,263
1,264
4,265
17,265
24,267
3,269
2,270
4,271
5,272
5,273
1,275
4,275
19,275
2,276
1,278
3,278
22,278
18,281
2,282
3,287
6,288
4,289
3,290
4,291
5,293
20,293
5,294
23,295
8,299
13,300
23,305
24,306
1,310
2,311
22,312
6,313
1,314
3,314
1,315
18,315
4,316
2,317
3,317
4,318
5,319
2,320
5,321
15,321
25,329
10,329
24,342
19,343
1,349
1,350
20,351
2,352
1,353
7,353
2,356
6,356
25,359
24,360
2,363
3,363
7,367
18,378
7,381
3,391
4,393
4,394
22,395
21,396
5,398
5,402
13,402
3,403
1,404
17,405
1,406
2,407
2,408
1,409
2,410
9,414
8,418
3,419
4,420
5,422
5,426
3,428
7,430
4,431
6,432
20,433
21,435
21,446
1,447
3,449
1,450
5,450
4,452
21,452
2,453
5,453
6,453
1,454
4,454
3,455
2,456
2,457
3,461
4,463
5,464
23,465
3,467
5,471
4,474
3,478
11,478
4,479
24,479
5,480
4,481
9,484
1,486
2,487
5,487
1,488
13,488
3,489
3,490
5,491
5,492
1,493
2,494
2,495
12,496
4,498
11,498
3,499
4,501
3,502
5,503
4,504
5,505
10,505
3,506
7,506
4,508
15,509
22,511
10,515
20,518
3,519
5,522
5,525
4,526
3,528
4,529
21,536
5,539
3,549
25,551
5,551
4,553
5,555
14,555
3,556
20,557
4,558
3,560
4,561
5,566
18,567
5,568
1,569
2,570
4,570
3,571
1,573
7,575
15,575
1,577
2,578
24,578
2,580
9,581
23,584
9,587
15,587
23,590
24,599
1,604
25,607
2,607
1,608
1,609
2,611
2,612
1,613
1,615
2,616
3,616
1,619
5,619
2,621
4,621
13,621
2,622
3,623
5,625
4,627
15,629
3,632
5,633
5,635
22,635
12,636
4,637
4,640
3,641
9,643
3,647
4,648
5,649
3,651
4,652
5,655
12,684
11,695
10,701
5,705
23,708
11,709
23,713
21,715
22,716
3,727
5,730
4,731
8,735
5,737
3,739
1,740
4,740
2,743
1,744
1,745
19,745
2,746
2,747
13,748
3,749
7,749
1,751
4,751
13,751
1,752
12,754
13,754
2,756
5,756
3,759
5,761
8,761
4,762
11,763
1,765
2,767
2,769
3,770
4,771
3,773
5,776
4,777
5,778
12,778
11,780
23,780
9,784
10,794
7,796
22,798
1,800
2,801
1,802
8,802
1,803
2,804
2,805
17,813
8,816
25,817
18,818
16,824
10,829
20,831
3,832
4,833
24,833
5,834
4,835
6,836
3,837
6,837
20,838
5,839
14,843
7,848
7,850
15,858
22,861
8,863
3,865
4,869
12,869
22,872
4,873
8,873
19,873
3,874
5,875
5,879
24,884
20,887
7,888
3,889
4,890
5,891
18,891
3,892
5,893
4,899
11,900
21,904
3,905
4,906
5,907
3,908
24,910
5,911
4,912
14,918
16,918
19,918
6,921
19,923
1,924
25,926
3,929
2,930
4,930
1,932
3,932
5,934
5,935
2,936
1,938
16,938
2,940
4,940
9,940
20,943
22,947
19,949
3,950
4,951
5,952
5,953
3,955
23,955
4,956
7,969
22,969
7,970
25,972
17,972
2,974
1,980
1,981
2,982
1,983
2,984
2,985
1,986
2,989
7,989
1,990
2,991
25,992
1,992
2,994
8,994
13,999
1,1002
2,1005
1,1008
3,1009
2,1010
17,1010
1,1011
4,1011
2,1012
23,1015
24,1015
4,1016
5,1017
5,1020
11,1021
3,1022
5,1023
1,1025
2,1027
6,1027
1,1028
10,1029
22,1029
1,1031
2,1032
2,1035
9,1036
6,1042
23,1042
9,1044
13,1046
8,1052
3,1053
19,1054
4,1055
5,1057
16,1058
3,1059
10,1060
4,1061
22,1063
5,1066
17,1068
19,1079
3,1082
4,1084
1,1087
1,1089
4,1090
2,1092
5,1093
1,1094
2,1097
2,1098
5,1098
3,1099
1,1101
15,1101
1,1102
2,1103
13,1103
2,1104
1,1105
13,1105
2,1106
23,1107
9,1109
22,1109
24,1110
7,1112
9,1114
13,1114
14,1114
10,1115
20,1127
25,1131
1,1144
1,1145
16,1146
2,1147
12,1148
1,1149
2,1150
2,1151
11,1151
2,1153
7,1153
1,1154
2,1158
25,1159
20,1159
1,1161
9,1162
2,1163
1,1164
2,1165
15,1166
24,1166
3,1170
1,1171
4,1171
5,1172
3,1173
4,1175
5,1177
20,1177
3,1191
1,1195
1,1196
2,1200
7,1200
2,1201
1,1202
2,1203
1,1205
2,1209
1,1210
2,1213
1,1215
2,1217
9,1218
17,1225
6,1228
22,1231
22,1232
7,1235
13,1239
1,1255
17,1255
1,1256
2,1257
1,1258
7,1258
2,1259
2,1260
19,1268
3,1273
4,1277
5,1279
25,1280
5,1280
1,1281
3,1281
4,1282
11,1289
15,1289
15,1296
14,1298
4,1299
20,1301
14,1324
24,1329
11,1336
7,1337
3,1342
4,1344
5,1345
5,1347
4,1348
24,1348
25,1350
24,1350
1,1351
3,1351
8,1351
2,1352
18,1352
9,1356
24,1356
1,1357
2,1358
1,1359
2,1360
16,1362
3,1365
8,1365
5,1366
4,1367
5,1369
1,1370
4,1371
1,1374
3,1374
23,1374
2,1375
6,1376
1,1377
2,1378
2,1379
24,1382
1,1384
2,1386
3,1386
4,1387
1,1388
1,1389
21,1389
2,1390
2,1391
3,1391
4,1392
5,1394
15,1397
5,1398
3,1402
4,1403
5,1404
3,1408
12,1410
5,1411
4,1412
17,1414
24,1422
6,1424
12,1426
6,1427
20,1431
23,1431
11,1441
3,1443
5,1446
1,1447
4,1447
18,1447
1,1449
7,1449
2,1450
14,1451
1,1452
5,1452
2,1455
10,1455
23,1456
2,1457
3,1457
4,1460
6,1471
23,1477
18,1480
21,1486
1,1490
20,1490
23,1490
2,1492
1,1493
1,1494
2,1495
2,1496
20,1496
11,1498
13,1499
20,1511
3,1512
9,1515
1,1516
4,1516
5,1517
2,1518
3,1518
1,1520
7,1520
4,1521
2,1522
5,1522
19,1523
1,1525
17,1526
25,1527
2,1527
22,1536
3,1537
6,1537
7,1537
5,1538
4,1539
20,1539
4,1541
3,1542
5,1543
22,1543
10,1544
15,1544
18,1544
10,1555
16,1576
19,1580
11,1581
18,1584
21,1586
15,1598
2,1602
3,1607
10,1607
1,1608
11,1609
2,1610
4,1610
1,1611
5,1611
1,1612
3,1614
11,1615
18,1615
2,1616
4,1616
2,1617
5,1617
7,1620
16,1622
19,1646
8,1652
1,1656
1,1657
12,1657
20,1658
2,1659
17,1660
23,1661
15,1662
14,1664
2,1665
13,1665
1,1670
2,1672
11,1676
3,1689
4,1690
11,1690
4,1691
5,1692
5,1693
20,1694
3,1695
21,1698
20,1700
1,1701
11,1703
3,1704
1,1705
4,1705
5,1706
15,1707
2,1708
1,1709
4,1709
2,1711
2,1712
8,1713
3,1714
5,1715
3,1720
12,1720
5,1722
4,1723
4,1724
5,1725
2,1726
3,1726
23,1734
2,1735
10,1740
2,1747
20,1748
1,1750
2,1751
9,1751
23,1751
23,1752
1,1753
2,1755
1,1758
9,1758
3,1759
4,1760
22,1760
5,1761
5,1762
11,1762
2,1763
4,1765
3,1770
6,1774
16,1776
10,1781
15,1781
1,1783
11,1783
1,1784
2,1785
2,1790
1,1792
2,1793
1,1795
2,1797
1,1800
24,1803
1,1804
2,1806
21,1807
2,1808
24,1816
24,1821
16,1831
9,1833
18,1841
24,1844
20,1846
11,1852
24,1871
7,1872
8,1873
11,1880
24,1885
17,1888
9,1891
10,1893
1,1896
18,1899
1,1901
2,1902
1,1904
2,1907
2,1912
23,1932
24,1932
16,1939
22,1941
18,1943
12,1953
1,1961
2,1962
19,1965
16,1966
1,1967
5,1967
1,1968
2,1969
3,1970
2,1971
22,1971
8,1982
23,1984
21,1986
3,1987
4,1989
3,1990
7,1991
5,1992
4,1994
5,1995
25,1997
25,1998
6,1998
18,2010
24,2011
1,2012
14,2014
1,2017
2,2019
1,2021
2,2023
2,2025
1,2029
3,2029
5,2030
17,2030
1,2031
4,2031
14,2031
2,2032
5,2032
2,2033
3,2033
4,2036
1,2037
6,2037
2,2038
17,2042
11,2043
15,2047
1,2048
2,2049
11,2050
3,2052
1,2053
4,2053
2,2054
1,2056
3,2056
4,2057
10,2057
24,2058
2,2059
5,2061
3,2062
5,2062
1,2067
6,2067
3,2068
2,2069
4,2069
1,2071
4,2071
1,2072
5,2072
2,2073
3,2073
2,2074
5,2075
24,2078
1,2083
2,2084
1,2085
7,2085
12,2087
1,2088
2,2089
17,2090
2,2091
3,2092
6,2092
4,2093
5,2095
4,2096
3,2098
5,2100
18,2100
11,2103
14,2105
12,2108
20,2113
1,2120
22,2121
11,2124
2,2125
12,2126
1,2127
1,2129
2,2130
2,2132
20,2141
14,2151
19,2161
18,2169
12,2174
13,2176
3,2178
4,2182
4,2183
5,2184
1,2185
16,2185
3,2187
1,2188
5,2188
2,2189
21,2189
2,2190
1,2194
5,2195
8,2195
2,2196
19,2199
3,2201
21,2201
4,2202
8,2202
5,2205
4,2208
5,2210
21,2210
11,2211
3,2213
7,2213
21,2214
3,2221
4,2222
4,2223
5,2224
3,2226
5,2227
7,2233
18,2241
3,2243
5,2244
4,2246
10,2248
18,2249
4,2251
3,2257
17,2257
5,2258
21,2273
16,2274
11,2275
22,2275
3,2281
5,2282
24,2284
4,2286
17,2286
3,2287
4,2288
5,2290
24,2291
24,2293
18,2297
3,2300
15,2300
17,2300
4,2302
8,2302
3,2303
4,2304
5,2307
5,2308
17,2309
7,2310
21,2310
22,2318
1,2324
2,2326
1,2327
8,2327
2,2328
1,2331
10,2331
25,2332
2,2332
7,2333
6,2336
16,2336
21,2337
25,2350
22,2352
25,2355
7,2364
1,2371
2,2374
1,2375
2,2376
1,2378
2,2381
7,2381
24,2381
22,2384
22,2394
12,2398
3,2401
22,2401
25,2402
5,2403
4,2404
20,2404
3,2406
14,2406
4,2409
5,2413
3,2415
4,2416
4,2420
2,2422
5,2422
8,2423
20,2423
5,2424
3,2425
14,2425
1,2426
9,2426
2,2427
7,2427
25,2428
15,2430
1,2433
23,2433
2,2439
1,2440
18,2441
8,2442
2,2445
1,2447
2,2448
1,2451
2,2452
3,2454
1,2455
2,2458
4,2459
4,2460
1,2462
5,2463
1,2465
5,2467
2,2468
2,2469
3,2469
1,2470
19,2472
3,2473
2,2474
9,2474
5,2477
4,2481
3,2483
5,2486
4,2487
1,2491
1,2493
24,2494
9,2497
23,2497
2,2498
13,2503
1,2504
2,2505
2,2506
13,2506
19,2519
23,2528
1,2537
2,2539
12,2539
8,2540
1,2542
1,2543
2,2544
2,2545
12,2557
16,2560
1,2564
14,2564
22,2564
1,2566
2,2568
3,2568
4,2569
1,2570
2,2571
3,2571
10,2572
2,2573
4,2574
5,2575
5,2576
1,2577
2,2578
1,2579
3,2579
1,2581
2,2582
2,2584
25,2585
3,2593
4,2594
13,2594
3,2595
23,2595
5,2596
15,2596
5,2600
4,2604
14,2604
3,2605
5,2606
1,2607
4,2607
5,2608
2,2609
3,2610
1,2611
1,2612
4,2612
7,2612
2,2613
2,2614
3,2614
20,2614
4,2615
10,2615
5,2616
3,2617
5,2618
4,2619
5,2621
3,2622
14,2623
3,2626
4,2627
4,2628
25,2635
5,2637
16,2637
5,2638
11,2638
3,2641
18,2652
17,2659
18,2661
8,2670
1,2671
20,2672
2,2673
3,2673
5,2673
4,2675
5,2676
1,2677
1,2678
5,2678
21,2678
2,2680
2,2681
3,2682
13,2682
14,2682
16,2682
4,2684
1,2685
15,2686
1,2688
8,2688
6,2690
2,2691
9,2692
13,2692
2,2695
11,2696
1,2698
3,2700
15,2700
2,2701
4,2701
23,2701
14,2702
3,2704
4,2705
6,2705
9,2705
5,2706
5,2709
22,2709
7,2710
13,2716
16,2720
1,2721
22,2721
25,2722
1,2722
2,2723
1,2725
12,2726
2,2727
2,2728
23,2733
6,2739
1,2740
13,2741
18,2741
22,2741
1,2745
15,2746
2,2747
11,2749
20,2749
2,2751
3,2752
1,2754
4,2755
2,2756
3,2756
5,2758
5,2759
17,2759
4,2760
19,2762
10,2767
9,2768
9,2769
16,2772
3,2774
15,2776
5,2777
5,2778
4,2779
19,2779
24,2780
3,2784
23,2786
4,2787
18,2787
24,2795
16,2799
18,2808
23,2808
17,2809
21,2809
24,2811
6,2812
7,2818
19,2822
16,2824
18,2831
3,2835
5,2839
4,2840
5,2841
3,2842
4,2843
23,2848
8,2861
23,2861
1,2862
7,2862
2,2864
1,2866
1,2868
2,2869
2,2870
8,2870
13,2870
21,2872
8,2875
11,2883
1,2886
2,2887
1,2888
1,2889
2,2891
3,2891
4,2892
9,2892
2,2894
3,2894
9,2896
5,2897
5,2898
4,2899
10,2904
3,2905
4,2906
5,2909
1,2910
4,2910
13,2910
2,2911
16,2911
1,2912
2,2913
1,2914
2,2915
5,2915
3,2916
3,2917
11,2917
5,2918
4,2920
3,2922
5,2923
4,2924
18,2934
21,2938
24,2941
22,2942
14,2948
21,2952
3,2958
5,2959
4,2960
5,2961
4,2962
3,2963
23,2964
1,2967
1,2968
2,2974
1,2978
2,2979
25,2984
2,2984
13,2985
24,2986
21,2994
22,2999
23,2999
3,3002
21,3003
22,3004
4,3005
5,3006
5,3008
3,3009
14,3009
4,3010
15,3023
12,3027
5,3028
8,3028
1,3033
1,3035
2,3036
1,3037
2,3040
2,3043
8,3047
11,3050
8,3056
6,3058
11,3060
22,3065
1,3072
21,3073
12,3077
7,3078
10,3081
24,3086
17,3096
3,3097
4,3100
5,3103
10,3103
4,3104
3,3106
17,3109
5,3111
19,3111
6,3112
1,3119
2,3120
13,3120
1,3126
20,3127
2,3129
25,3132
11,3132
20,3132
1,3134
2,3135
7,3136
24,3136
23,3139
1,3145
1,3147
2,3149
6,3149
2,3152
1,3154
2,3156
25,3158
19,3160
24,3160
14,3161
10,3165
20,3167
21,3172
9,3177
11,3178
18,3180
14,3189
18,3193
1,3197
3,3200
10,3200
2,3202
5,3202
24,3202
1,3203
5,3205
4,3206
7,3206
2,3207
6,3207
1,3208
2,3209
3,3209
1,3211
2,3212
4,3213
1,3215
2,3216
19,3216
1,3217
2,3219
12,3219
6,3220
19,3223
11,3232
24,3240
12,3241
3,3256
4,3258
6,3258
5,3260
11,3260
5,3263
3,3264
23,3265
4,3266
12,3268
1,3277
1,3278
11,3278
2,3281
8,3281
1,3282
2,3285
2,3286
13,3291
1,3292
19,3293
1,3295
2,3297
6,3298
1,3300
2,3301
11,3302
2,3303
9,3307
17,3310
20,3316
3,3317
5,3319
4,3321
5,3323
3,3325
4,3327
6,3329
3,3332
5,3334
4,3337
22,3339
4,3342
13,3350
23,3351
3,3352
22,3352
5,3353
3,3358
23,3360
5,3362
5,3364
4,3365
3,3366
4,3373
25,3378
8,3383
18,3383
1,3389
1,3391
2,3392
18,3393
1,3394
8,3394
18,3395
21,3395
2,3396
2,3397
13,3401
24,3403
1,3406
1,3407
2,3408
17,3408
2,3410
3,3410
4,3411
1,3413
5,3414
4,3415
2,3416
3,3417
5,3418
1,3419
2,3420
1,3421
2,3422
8,3422
1,3424
1,3426
2,3426
20,3429
23,3429
8,3431
10,3431
18,3437
3,3449
5,3450
25,3452
4,3454
17,3457
1,3459
4,3462
3,3464
5,3465
24,3472
12,3493
15,3495
21,3496
19,3498
25,3500
17,3502
1,3508
2,3509
1,3511
1,3513
11,3514
2,3515
25,3516
2,3516
11,3521
14,3521
23,3525
14,3527
15,3529
1,3530
2,3531
1,3533
17,3534
2,3535
3,3535
1,3536
5,3536
15,3536
2,3537
4,3538
5,3540
3,3541
4,3542
25,3553
18,3554
21,3567
3,3572
5,3573
13,3574
4,3577
4,3578
5,3579
15,3579
3,3583
14,3583
16,3584
24,3584
25,3586
8,3586
11,3591
24,3595
12,3602
17,3603
19,3604
22,3605
21,3607
1,3608
6,3608
1,3609
25,3610
2,3610
2,3612
1,3613
2,3614
23,3615
18,3617
3,3620
1,3624
5,3624
4,3626
2,3628
1,3631
2,3633
1,3634
3,3634
5,3636
2,3637
4,3637
10,3644
3,3647
5,3648
1,3649
4,3649
4,3650
2,3651
1,3652
1,3653
2,3654
5,3654
17,3654
2,3655
3,3656
17,3658
1,3668
23,3668
7,3669
1,3670
2,3673
1,3675
20,3676
2,3678
2,3680
24,3682
13,3685
15,3690
1,3692
2,3694
1,3695
2,3695
6,3695
19,3697
1,3698
2,3700
2,3701
18,3705
14,3706
22,3706
24,3710
3,3716
4,3717
4,3719
5,3720
3,3722
1,3723
5,3724
10,3724
7,3725
17,3726
1,3730
2,3733
1,3734
2,3735
2,3736
14,3740
22,3750
25,3756
21,3758
7,3762
9,3765
14,3767
7,3771
1,3779
1,3780
23,3780
2,3781
8,3782
2,3783
1,3784
2,3786
12,3786
8,3789
15,3790
24,3791
24,3793
3,3794
4,3795
5,3798
5,3800
3,3801
4,3802
8,3802
1,3805
25,3806
16,3806
1,3810
6,3810
2,3811
2,3812
1,3813
2,3814
21,3814
18,3815
21,3823
23,3831
13,3837
25,3841
15,3844
13,3846
1,3852
2,3853
1,3854
1,3856
2,3857
14,3858
2,3861
7,3862
17,3862
12,3864
25,3865
22,3866
3,3872
4,3873
5,3874
5,3875
9,3876
4,3879
15,3879
3,3883
19,3883
1,3888
1,3889
2,3890
1,3891
2,3892
2,3895
11,3897
1,3900
2,3902
11,3902
14,3902
1,3903
2,3904
1,3905
2,3906
9,3909
15,3924
10,3928
21,3937
19,3950
10,3960
10,3971
1,3974
2,3977
1,3978
2,3980
18,3986
1,3987
2,3988
6,3990
6,3994
1,3996
1,3999
3,4002
2,4003
4,4004
3,4005
19,4005
1,4007
5,4007
2,4008
5,4008
2,4009
16,4012
4,4013
8,4023
7,4032
23,4037
23,4040
6,4048
1,4053
3,4054
4,4055
2,4057
5,4057
8,4057
1,4059
3,4059
5,4060
9,4060
4,4061
2,4064
1,4065
2,4069
8,4074
14,4076
16,4081
16,4082
3,4085
1,4086
4,4087
5,4088
7,4088
4,4090
2,4091
1,4092
2,4093
1,4094
5,4094
2,4096
3,4100
23,4106
21,4108
6,4112
23,4118
9,4119
13,4120
20,4124
12,4132
16,4132
22,4139
19,4144
11,4146
3,4150
11,4150
1,4152
4,4153
3,4154
1,4155
5,4155
17,4155
5,4156
13,4156
2,4157
4,4157
18,4157
25,4158
1,4159
2,4160
2,4161
1,4162
7,4162
10,4162
1,4163
22,4164
2,4166
3,4166
2,4167
4,4167
1,4169
5,4169
2,4170
4,4171
3,4173
5,4177
7,4187
6,4192
1,4193
14,4193
1,4194
17,4194
2,4195
1,4196
13,4196
2,4198
2,4200
16,4200
8,4202
13,4205
25,4209
18,4209
19,4209
10,4211
14,4212
19,4214
8,4218
9,4224
9,4226
15,4230
12,4233
14,4233
20,4233
13,4237
19,4239
1,4240
2,4242
9,4242
1,4243
24,4243
1,4245
2,4247
2,4250
11,4250
6,4253
23,4259
3,4263
4,4265
8,4265
17,4265
4,4268
16,4268
5,4269
5,4270
3,4273
9,4277
19,4283
24,4297
11,4299
10,4306
22,4315
12,4319
3,4320
4,4321
3,4322
7,4322
4,4323
5,4324
1,4325
5,4325
2,4326
7,4326
12,4326
1,4327
8,4328
18,4329
24,4332
1,4334
16,4336
2,4337
2,4338
17,4339
2,4357
6,4361
25,4364
3,4364
5,4365
4,4369
19,4372
3,4375
4,4376
5,4378
21,4380
23,4382
3,4389
2,4390
4,4390
19,4390
5,4392
3,4396
22,4396
5,4399
24,4399
4,4401
3,4402
15,4403
4,4404
5,4405
4,4406
5,4408
3,4410
6,4411
25,4416
15,4420
6,4424
25,4430
22,4432
25,4443
16,4450
3,4451
4,4452
3,4453
4,4454
5,4458
5,4460
19,4461
3,4464
5,4465
8,4465
11,4466
4,4467
3,4468
16,4470
5,4471
4,4472
23,4472
19,4473
16,4478
22,4478
1,4485
2,4488
1,4489
4,4489
1,4491
25,4492
2,4492
21,4494
2,4495
16,4498
3,4499
5,4500
4,4502
3,4503
1,4504
1,4505
4,4505
2,4506
5,4507
2,4508
1,4509
2,4511
3,4511
4,4512
21,4512
5,4516
14,4517
17,4517
4,4518
3,4519
5,4522
2,4545
12,4548
18,4553
3,4556
23,4556
4,4557
5,4559
3,4560
22,4560
5,4563
4,4564
1,4567
2,4568
1,4570
3,4570
1,4571
4,4571
5,4572
3,4573
8,4573
2,4574
15,4574
2,4575
5,4575
4,4578
15,4578
24,4581
4,4584
19,4588
25,4606
3,4609
11,4609
5,4610
4,4611
6,4611
5,4612
21,4612
4,4613
12,4613
3,4615
10,4619
3,4624
24,4624
5,4625
4,4626
5,4628
3,4631
20,4631
8,4633
4,4636
12,4651
11,4658
24,4664
13,4666
17,4668
8,4669
1,4670
2,4672
12,4673
1,4674
1,4676
9,4679
7,4680
2,4684
2,4686
15,4686
21,4686
12,4688
3,4689
5,4691
5,4692
17,4694
23,4694
4,4695
4,4696
3,4703
15,4703
1,4706
2,4707
1,4708
1,4709
6,4709
20,4709
2,4710
2,4711
23,4720
2,4722
8,4725
12,4730
22,4731
20,4732
24,4734
3,4736
5,4737
1,4739
4,4739
1,4740
2,4741
4,4742
1,4743
5,4743
3,4744
2,4746
2,4747
3,4753
14,4753
15,4755
4,4756
12,4756
19,4756
5,4757
4,4759
3,4760
5,4761
18,4765
1,4768
1,4772
2,4773
14,4773
1,4774
3,4776
4,4777
10,4777
3,4778
12,4778
2,4780
2,4781
5,4782
1,4783
5,4783
5,4784
2,4787
1,4788
4,4788
24,4789
1,4790
2,4791
2,4793
20,4796
24,4796
25,4801
3,4816
4,4817
3,4818
20,4818
4,4819
5,4821
9,4822
5,4823
11,4825
20,4825
23,4829
24,4831
18,4837
3,4846
20,4847
5,4849
5,4850
4,4852
4,4854
3,4859
3,4863
4,4865
20,4866
3,4868
9,4869
1,4870
5,4870
2,4871
5,4872
4,4873
1,4874
2,4875
1,4876
14,4879
2,4881
3,4886
11,4890
4,4891
4,4893
5,4894
3,4895
5,4896
23,4902
13,4910
3,4920
21,4920
4,4922
5,4923
4,4925
3,4926
5,4929
13,4932
3,4935
23,4937
1,4938
4,4938
2,4941
1,4942
20,4942
1,4943
5,4943
2,4944
2,4945
4,4947
5,4948
3,4949
16,4951
6,4961
13,4962
13,4963
7,4964
19,4982
17,4986
3,4991
4,4992
9,4992
4,4993
11,4993
5,4996
3,4998
5,5001
13,5001
18,5009
21,5011
16,5012
17,5017
19,5025
1,5026
8,5027
17,5028
2,5029
1,5030
7,5030
11,5031
2,5034
1,5037
2,5039
11,5048
21,5048
16,5054
7,5056
7,5058
1,5066
1,5067
2,5068
2,5069
1,5072
2,5074
1,5085
22,5085
3,5088
4,5090
5,5093
4,5094
5,5095
3,5096
20,5096
17,5101
16,5104
8,5107
12,5111
1,5113
1,5114
2,5115
20,5116
2,5118
1,5119
2,5121
21,5121
18,5123
21,5123
21,5128
8,5132
25,5135
14,5136
18,5142
19,5142
20,5143
14,5148
7,5152
22,5156
14,5163
3,5169
5,5172
13,5172
5,5173
4,5174
20,5174
3,5176
11,5176
18,5176
4,5177
1,5179
14,5179
1,5180
2,5181
1,5184
2,5185
2,5187
18,5197
12,5199
6,5200
8,5204
15,5205
3,5208
18,5210
1,5213
2,5216
1,5217
22,5218
2,5219
7,5219
1,5220
3,5220
2,5221
4,5222
20,5223
3,5224
4,5226
5,5228
5,5230
15,5231
17,5233
5,5241
13,5242
24,5248
21,5250
1,5257
1,5258
2,5259
1,5262
2,5265
2,5267
11,5273
23,5277
1,5283
20,5283
1,5287
2,5287
2,5288
2,5289
1,5290
14,5290
2,5291
20,5296
8,5300
10,5301
13,5307
23,5311
3,5314
4,5315
10,5315
11,5316
4,5318
5,5324
5,5325
3,5327
18,5327
8,5328
16,5334
15,5335
16,5338
16,5339
14,5343
24,5343
23,5345
19,5348
17,5350
9,5351
2,5352
6,5353
9,5353
25,5354
20,5356
21,5357
12,5359
18,5368
12,5369
20,5373
9,5376
14,5378
3,5383
22,5384
5,5385
16,5387
1,5395
2,5396
1,5398
2,5402
23,5402
1,5403
2,5404
12,5406
1,5410
23,5410
2,5411
1,5412
2,5413
1,5414
2,5416
13,5416
24,5420
3,5421
5,5423
4,5424
20,5424
3,5426
4,5429
5,5430
18,5434
18,5436
3,5440
4,5441
6,5441
4,5443
1,5446
19,5446
2,5447
17,5447
3,5448
1,5449
5,5450
2,5451
5,5451
15,5451
1,5452
2,5454
1,5459
2,5460
1,5464
1,5466
2,5467
2,5468
1,5471
2,5472
1,5473
1,5477
2,5478
2,5481
6,5482
3,5483
20,5484
5,5485
4,5486
5,5488
13,5488
21,5488
25,5489
4,5492
1,5493
3,5494
18,5494
23,5494
6,5495
20,5504
18,5509
19,5510
6,5512
25,5517
1,5521
2,5522
1,5523
1,5524
11,5524
8,5525
2,5526
3,5526
4,5527
2,5528
5,5528
21,5528
3,5529
5,5532
4,5533
1,5544
2,5545
1,5547
2,5548
1,5552
8,5553
2,5554
15,5556
7,5559
22,5561
11,5571
7,5574
13,5574
25,5576
1,5580
1,5582
20,5583
2,5585
6,5585
2,5588
8,5588
3,5589
22,5589
4,5590
4,5591
1,5592
3,5592
2,5593
5,5596
5,5598
1,5604
24,5604
20,5605
2,5608
1,5610
1,5613
2,5614
3,5614
4,5615
5,5618
4,5621
3,5622
19,5622
2,5623
5,5624
19,5625
6,5631
24,5631
3,5634
5,5635
9,5636
12,5636
5,5637
6,5637
4,5638
4,5641
3,5642
25,5648
22,5648
17,5650
8,5651
13,5651
23,5653
1,5659
1,5660
2,5663
1,5664
2,5667
6,5667
2,5668
18,5673
20,5673
1,5675
1,5676
2,5677
1,5678
2,5679
2,5680
3,5684
5,5686
5,5688
4,5689
4,5691
3,5695
20,5696
6,5702
10,5714
3,5715
14,5715
4,5716
4,5718
1,5719
2,5720
5,5720
19,5721
25,5722
1,5722
1,5723
2,5724
5,5724
2,5725
3,5725
15,5727
15,5728
1,5735
1,5736
21,5736
3,5737
5,5739
6,5739
2,5740
4,5740
4,5741
5,5742
1,5743
3,5744
2,5745
6,5745
2,5747
11,5754
23,5754
18,5755
1,5757
1,5758
2,5759
1,5760
9,5762
2,5763
2,5766
1,5772
2,5773
1,5774
2,5777
1,5779
2,5785
12,5786
1,5791
22,5791
21,5792
25,5794
24,5796
7,5798
3,5799
24,5799
5,5800
4,5801
5,5803
3,5804
22,5804
4,5805
6,5809
1,5818
17,5818
1,5819
16,5824
2,5826
2,5828
1,5830
2,5832
3,5832
5,5834
5,5836
4,5837
4,5838
3,5839
25,5841
7,5843
9,5843
18,5845
9,5852
7,5854
7,5857
10,5859
6,5860
3,5865
6,5867
22,5867
23,5873
3,5879
4,5880
11,5881
5,5883
14,5883
3,5885
5,5886
24,5888
4,5889
3,5897
4,5898
5,5899
7,5899
5,5901
4,5902
3,5905
1,5907
1,5908
4,5908
11,5909
2,5910
1,5911
2,5912
2,5914
2,5915
22,5916
18,5928
13,5933
3,5934
4,5936
5,5937
1,5938
5,5938
3,5941
1,5942
2,5943
4,5943
2,5945
14,5945
1,5947
2,5948
16,5951
25,5966
1,5966
2,5969
1,5971
7,5973
14,5973
2,5974
25,5975
1,5975
2,5976
9,5979
11,5983
14,5987
10,5991
1,5999
1,6000
2,6001
1,6002
15,6002
2,6004
2,6005
20,6005
14,6006
10,6010
16,6010
24,6010
13,6014
14,6017
16,6017
1,6018
2,6019
10,6020
9,6021
1,6022
16,6022
1,6025
2,6026
8,6027
2,6028
12,6033
15,6033
24,6033
3,6038
4,6039
10,6040
3,6042
5,6043
15,6044
17,6044
5,6045
4,6047
3,6049
13,6050
24,6051
5,6052
15,6053
12,6057
9,6061
5,6063
4,6064
17,6064
4,6065
3,6066
3,6067
5,6068
4,6069
5,6071
7,6071
3,6072
4,6073
24,6074
15,6076
3,6079
8,6081
13,6081
5,6082
11,6083
5,6088
4,6090
3,6091
4,6092
9,6095
23,6098
25,6100
3,6109
1,6110
4,6110
14,6110
2,6112
5,6112
3,6113
1,6114
5,6114
4,6115
23,6115
13,6117
1,6118
15,6119
2,6120
2,6122
22,6122
8,6123
8,6135
6,6137
5,6138
1,6139
2,6140
16,6140
1,6141
1,6144
2,6145
2,6147
2,6150
18,6150
20,6153
24,6157
13,6162
18,6162
1,6174
11,6174
1,6175
2,6176
2,6178
1,6179
2,6181
5,6181
3,6185
5,6188
6,6189
4,6190
3,6191
1,6193
5,6193
4,6195
2,6196
19,6197
1,6198
2,6199
1,6201
2,6203
12,6207
23,6207
17,6222
3,6227
4,6229
5,6230
3,6231
4,6234
5,6235
15,6238
6,6239
11,6243
19,6245
4,6250
24,6257
1,6259
8,6259
2,6260
1,6263
13,6267
25,6268
1,6268
20,6268
2,6269
2,6271
15,6275
6,6282
12,6286
17,6286
18,6292
17,6297
11,6301
9,6303
1,6310
1,6311
11,6311
2,6313
2,6314
1,6315
2,6317
7,6318
17,6319
2,6331
6,6332
23,6332
19,6333
3,6335
5,6336
1,6337
4,6337
23,6339
2,6342
1,6343
21,6343
4,6344
2,6347
5,6348
3,6350
17,6353
1,6354
2,6355
18,6357
13,6358
3,6362
4,6364
5,6366
14,6366
5,6367
4,6368
10,6368
3,6369
20,6369
20,6371
1,6373
1,6374
2,6375
2,6376
20,6379
1,6380
14,6380
2,6381
11,6382
23,6385
9,6387
13,6399
20,6401
9,6410
13,6415
9,6418
9,6432
7,6433
3,6434
5,6437
4,6439
10,6439
4,6440
5,6441
9,6443
14,6443
3,6447
19,6447
3,6448
5,6449
1,6450
6,6450
25,6451
4,6451
1,6452
3,6452
2,6455
5,6456
2,6457
4,6457
1,6458
2,6460
10,6462
17,6468
14,6471
14,6479
12,6483
1,6485
1,6487
2,6489
1,6490
2,6491
2,6494
22,6496
7,6499
18,6501
14,6507
3,6508
5,6509
4,6510
3,6511
4,6512
5,6513
22,6515
3,6517
15,6517
17,6518
4,6519
13,6520
3,6521
18,6522
5,6523
4,6525
5,6527
10,6535
19,6535
10,6543
20,6547
21,6555
11,6558
21,6565
1,6568
1,6569
21,6569
2,6570
1,6571
7,6571
14,6571
2,6573
1,6574
2,6575
25,6584
12,6585
7,6590
3,6596
17,6602
25,6604
17,6605
16,6608
5,6611
10,6627
11,6632
14,6632
7,6637
10,6639
1,6640
2,6642
10,6642
1,6643
10,6646
3,6648
1,6649
5,6652
2,6653
2,6654
4,6654
15,6654
5,6656
4,6657
21,6657
12,6660
3,6663
1,6664
1,6666
2,6668
24,6668
2,6669
1,6670
8,6673
2,6675
1,6686
8,6689
2,6690
19,6690
1,6691
1,6693
18,6693
2,6697
21,6697
16,6698
2,6700
13,6708
13,6709
11,6712
17,6716
3,6719
1,6721
2,6722
1,6724
2,6725
5,6726
5,6727
4,6729
1,6731
20,6732
4,6733
2,6734
3,6734
19,6744
22,6744
9,6758
21,6760
10,6762
14,6769
5,6771
23,6775
18,6777
1,6779
24,6780
3,6786
2,6790
21,6793
1,6794
1,6797
2,6798
25,6799
2,6799
1,6803
17,6806
2,6809
14,6818
21,6824
1,6827
2,6828
10,6829
13,6829
15,6829
1,6830
1,6831
2,6832
2,6835
9,6848
14,6853
16,6859
1,6860
2,6861
1,6862
3,6862
1,6863
4,6863
2,6864
5,6864
3,6865
5,6865
2,6868
4,6869
5,6870
3,6873
1,6874
24,6874
4,6876
21,6876
1,6878
2,6879
5,6879
11,6879
25,6880
2,6880
4,6880
3,6881
5,6882
25,6883
1,6883
6,6883
2,6885
25,6889
23,6891
1,6892
23,6892
1,6893
2,6894
2,6896
1,6897
2,6898
20,6898
24,6898
22,6918
1,6921
2,6924
1,6927
1,6928
2,6930
2,6931
13,6931
21,6933
1,6939
9,6939
20,6940
2,6941
1,6942
3,6942
1,6945
4,6946
2,6947
2,6948
5,6950
4,6951
3,6954
10,6954
5,6955
14,6963
10,6965
12,6966
3,6967
4,6968
3,6969
5,6970
17,6970
13,6973
5,6975
16,6976
4,6977
9,6977
3,6979
4,6982
10,6983
5,6984
4,6988
17,6989
24,6989
5,6990
3,6992
9,6996
25,7006
18,7006
17,7010
8,7013
8,7015
9,7018
16,7019
25,7021
3,7021
22,7021
4,7022
3,7023
5,7025
4,7026
13,7027
5,7028
15,7028
13,7038
14,7038
10,7041
11,7043
22,7044
11,7050
13,7052
3,7065
4,7066
10,7069
21,7070
1,7071
3,7071
2,7072
5,7072
5,7073
1,7075
2,7076
4,7076
1,7077
2,7080
12,7080
1,7081
2,7083
24,7083
1,7084
3,7086
4,7088
2,7089
5,7090
1,7091
2,7093
4,7095
1,7096
11,7098
5,7099
2,7100
3,7101
7,7101
10,7101
25,7103
1,7103
2,7104
1,7105
12,7105
2,7106
11,7109
6,7110
21,7114
9,7117
7,7119
11,7119
3,7121
4,7122
5,7124
3,7126
4,7129
5,7133
17,7133
10,7136
10,7138
18,7146
6,7154
21,7157
10,7162
12,7163
3,7168
23,7168
5,7169
21,7172
4,7173
5,7174
17,7174
4,7176
3,7178
6,7180
18,7186
20,7186
10,7189
3,7195
5,7197
4,7198
3,7199
11,7199
5,7202
4,7203
1,7208
1,7210
22,7210
2,7211
1,7212
10,7215
11,7216
2,7218
3,7219
12,7220
20,7220
5,7221
2,7222
21,7224
4,7225
3,7227
4,7228
5,7229
22,7229
6,7231
1,7238
2,7243
1,7247
1,7248
13,7249
3,7252
2,7254
4,7254
2,7255
24,7255
3,7256
5,7260
4,7261
5,7262
7,7265
16,7278
1,7285
2,7286
1,7290
2,7291
1,7293
2,7294
20,7297
1,7298
2,7299
1,7301
1,7302
2,7303
2,7305
13,7305
15,7309
19,7310
22,7313
3,7314
4,7316
5,7318
4,7320
5,7321
19,7321
3,7322
9,7325
3,7335
3,7341
4,7342
19,7342
4,7343
1,7344
2,7345
1,7346
5,7346
11,7346
1,7347
5,7347
3,7348
2,7350
2,7351
12,7352
7,7356
18,7360
21,7366
16,7376
20,7385
21,7387
3,7389
17,7399
22,7401
25,7402
17,7408
25,7410
8,7413
12,7421
21,7422
3,7425
4,7426
5,7427
5,7428
12,7428
4,7429
3,7430
22,7437
24,7437
14,7443
1,7444
2,7446
1,7447
2,7450
1,7452
2,7453
13,7455
14,7456
6,7466
7,7468
9,7468
3,7472
4,7473
12,7475
5,7476
3,7478
5,7479
4,7480
23,7480
1,7491
2,7493
1,7494
2,7497
1,7499
2,7500
17,7503
20,7503
7,7511
6,7514
12,7523
13,7527
6,7528
1,7533
2,7534
1,7535
1,7536
2,7537
2,7538
24,7540
14,7549
7,7550
1,7552
1,7555
2,7556
1,7559
2,7560
2,7561
9,7562
19,7563
10,7566
20,7571
9,7577
3,7581
14,7581
4,7582
14,7584
5,7585
22,7585
3,7587
13,7587
4,7588
5,7590
16,7590
14,7591
3,7601
4,7604
4,7605
21,7606
13,7608
3,7609
5,7610
22,7610
15,7611
5,7613
10,7618
20,7619
3,7624
4,7625
5,7626
5,7627
18,7627
3,7628
4,7629
17,7632
24,7633
10,7664
21,7664
8,7669
8,7671
3,7672
4,7673
4,7674
13,7674
3,7675
1,7676
5,7676
7,7676
8,7676
1,7677
2,7678
2,7679
5,7679
24,7680
1,7682
2,7683
25,7686
7,7695
6,7698
1,7702
1,7703
12,7703
2,7704
1,7705
2,7706
8,7708
2,7709
9,7709
1,7710
2,7711
1,7712
16,7712
1,7714
20,7714
2,7715
2,7716
9,7719
16,7725
18,7729
13,7736
10,7737
1,7740
1,7741
2,7742
3,7745
5,7746
10,7746
23,7748
1,7749
4,7749
2,7750
4,7750
5,7751
2,7753
3,7753
3,7755
11,7756
1,7760
5,7760
5,7761
2,7762
4,7762
18,7762
1,7764
1,7766
3,7766
2,7767
2,7768
4,7768
13,7772
8,7777
20,7781
19,7782
9,7784
7,7785
7,7796
20,7796
17,7797
3,7805
9,7805
5,7806
4,7807
4,7810
25,7813
3,7813
18,7815
5,7816
3,7833
23,7834
4,7835
23,7835
3,7836
5,7837
24,7840
4,7841
5,7842
9,7856
1,7858
1,7861
21,7861
1,7862
2,7864
10,7864
1,7866
12,7866
2,7867
2,7868
10,7868
3,7871
4,7872
15,7872
12,7874
1,7877
5,7877
2,7879
4,7880
3,7881
1,7882
1,7883
5,7883
2,7884
2,7885
20,7885
23,7893
14,7897
17,7903
3,7908
5,7909
4,7911
4,7912
5,7913
9,7914
3,7915
3,7921
4,7922
4,7923
5,7926
7,7926
3,7927
5,7928
17,7932
1,7955
1,7957
19,7957
9,7958
2,7959
1,7960
11,7961
2,7962
2,7964
1,7965
1,7966
8,7966
2,7970
18,7970
2,7973
1,7975
21,7976
2,7977
20,7982
7,7986
3,7990
17,7990
4,7991
5,7994
4,7995
3,7997
5,7998
14,7999
1,8001
8,8005
2,8007
18,8008
1,8009
24,8009
1,8010
2,8011
2,8012
17,8015
7,8017
3,8020
5,8022
4,8023
5,8025
1,8026
4,8026
7,8026
15,8026
21,8026
3,8027
2,8028
1,8029
5,8031
24,8031
2,8035
1,8036
2,8037
21,8039
17,8043
22,8044
1,8052
1,8053
1,8056
2,8058
1,8059
2,8061
2,8063
3,8063
20,8063
12,8064
5,8065
4,8066
4,8067
1,8068
3,8068
5,8069
2,8070
1,8072
2,8074
1,8075
4,8075
2,8077
17,8077
19,8078
7,8084
14,8085
3,8087
19,8087
4,8088
5,8089
3,8090
5,8091
16,8091
23,8091
4,8092
1,8095
18,8096
1,8097
2,8099
10,8099
1,8100
3,8101
2,8102
4,8102
22,8102
3,8103
2,8105
5,8107
4,8108
5,8110
15,8110
20,8111
3,8120
5,8121
4,8123
1,8124
1,8125
2,8126
4,8126
21,8126
1,8127
3,8127
2,8128
5,8130
2,8131
14,8138
24,8139
1,8153
24,8154
1,8155
2,8156
9,8157
5,8159
2,8160
1,8163
2,8164
9,8166
1,8169
21,8169
1,8170
25,8172
2,8174
1,8176
2,8177
2,8178
3,8181
5,8183
4,8184
3,8187
5,8190
15,8190
4,8191
8,8192
15,8196
3,8198
5,8199
21,8199
8,8203
4,8204
5,8205
8,8205
14,8206
4,8211
12,8211
3,8215
15,8215
6,8219
10,8222
6,8223
14,8223
1,8224
2,8225
1,8226
1,8227
2,8228
10,8230
2,8233
11,8237
1,8238
1,8239
2,8240
6,8240
1,8241
2,8243
2,8245
13,8264
25,8265
3,8266
4,8267
14,8267
5,8268
5,8269
3,8272
4,8273
16,8273
25,8276
21,8283
11,8284
3,8286
5,8287
14,8287
5,8288
4,8293
24,8294
4,8297
3,8303
10,8303
6,8305
19,8305
8,8307
6,8311
15,8311
12,8333
20,8333
11,8339
10,8344
7,8347
3,8353
6,8353
12,8355
23,8356
3,8362
4,8364
5,8367
5,8368
4,8369
23,8370
3,8371
15,8371
10,8380
25,8382
13,8396
7,8397
6,8402
19,8408
17,8411
3,8416
4,8417
4,8418
17,8420
14,8422
1,8423
5,8423
7,8425
1,8427
5,8427
2,8429
3,8429
10,8429
1,8430
2,8431
11,8433
2,8435
3,8437
5,8438
4,8439
3,8441
13,8441
4,8442
5,8444
3,8445
1,8446
6,8446
2,8448
4,8448
1,8449
1,8450
2,8451
2,8452
8,8452
4,8454
5,8455
5,8456
3,8457
16,8459
1,8462
15,8463
12,8465
22,8465
24,8465
2,8466
1,8467
2,8469
16,8469
1,8470
2,8471
7,8481
13,8481
24,8482
11,8503
17,8503
1,8508
18,8510
3,8513
1,8514
5,8514
24,8515
2,8516
1,8517
4,8517
2,8519
5,8519
3,8520
2,8521
4,8521
13,8524
22,8526
24,8537
8,8538
13,8538
18,8541
20,8545
20,8546
3,8555
16,8556
5,8559
5,8560
4,8562
16,8563
4,8565
3,8567
13,8569
6,8575
14,8577
17,8578
22,8585
21,8588
3,8597
5,8598
5,8601
4,8603
3,8605
8,8605
4,8606
21,8606
7,8607
23,8609
15,8624
8,8626
11,8632
20,8633
13,8634
6,8636
24,8636
20,8638
2,8658
1,8660
1,8662
8,8662
3,8663
2,8664
5,8664
20,8664
2,8665
1,8666
4,8666
2,8667
4,8667
14,8667
22,8669
3,8672
5,8673
12,8675
6,8676
17,8677
12,8683
13,8690
1,8691
1,8692
2,8693
12,8693
2,8694
1,8697
3,8698
2,8699
19,8699
4,8701
3,8702
5,8703
1,8704
8,8704
2,8706
12,8706
5,8708
1,8709
4,8709
24,8710
1,8712
2,8715
2,8716
10,8718
21,8726
8,8727
11,8728
14,8728
25,8736
20,8740
16,8743
6,8752
3,8754
1,8755
1,8756
2,8757
5,8757
4,8758
1,8760
5,8760
2,8761
4,8761
2,8762
3,8763
3,8768
5,8770
4,8771
3,8772
5,8774
4,8775
21,8781
16,8787
16,8788
3,8793
5,8795
5,8799
4,8801
3,8803
24,8803
4,8804
3,8808
5,8809
4,8812
3,8814
1,8815
2,8816
14,8816
1,8817
1,8818
4,8818
18,8818
2,8820
5,8820
2,8821
8,8821
16,8825
19,8833
1,8837
1,8843
2,8845
1,8846
2,8846
1,8847
2,8848
2,8849
22,8850
1,8852
12,8854
2,8855
3,8855
5,8857
6,8857
1,8859
4,8859
2,8860
3,8860
13,8860
1,8861
2,8863
11,8864
4,8865
5,8866
6,8867
19,8870
12,8873
1,8880
1,8881
2,8883
17,8888
1,8891
16,8893
2,8894
15,8894
2,8897
9,8897
8,8899
3,8901
4,8903
5,8904
6,8904
4,8905
3,8906
5,8908
10,8912
6,8918
17,8920
1,8922
6,8922
1,8923
2,8926
13,8927
19,8927
1,8928
19,8929
2,8930
2,8931
20,8941
3,8943
4,8944
5,8945
9,8945
4,8946
5,8947
13,8948
11,8950
20,8950
3,8951
16,8952
18,8957
11,8958
18,8962
9,8964
3,8967
5,8968
5,8969
4,8970
4,8971
3,8972
8,8975
25,8980
3,8981
17,8981
4,8982
13,8982
5,8988
3,8989
1,8993
4,8994
2,8995
1,8996
5,8996
2,8999
3,8999
4,9000
4,9001
5,9002
1,9004
5,9006
2,9007
21,9007
3,9012
1,9019
19,9019
23,9021
1,9022
8,9022
9,9024
22,9028
2,9029
2,9031
1,9033
12,9033
2,9035
14,9037
1,9038
13,9038
25,9040
2,9040
1,9042
3,9042
7,9043
18,9043
2,9044
4,9044
4,9045
1,9046
20,9046
2,9047
5,9047
3,9049
5,9050
10,9052
13,9064
6,9068
8,9071
23,9084
20,9090
14,9095
15,9097
19,9098
11,9102
25,9110
22,9115
13,9117
21,9117
25,9118
21,9119
7,9123
20,9123
6,9126
3,9129
4,9130
8,9133
17,9134
21,9134
4,9135
3,9136
5,9137
5,9138
5,9141
21,9141
10,9143
20,9147
1,9149
1,9150
2,9151
3,9151
18,9151
5,9152
4,9153
4,9155
5,9156
2,9157
1,9158
3,9158
3,9161
4,9162
13,9163
2,9167
3,9167
5,9168
12,9171
4,9172
5,9173
24,9185
15,9188
7,9193
3,9204
25,9205
5,9206
5,9208
4,9209
4,9210
3,9211
23,9219
24,9225
3,9229
4,9230
7,9231
4,9232
3,9234
23,9235
5,9236
1,9242
5,9242
4,9243
2,9245
19,9246
24,9247
1,9249
10,9249
1,9250
2,9251
2,9252
1,9257
2,9258
1,9259
2,9260
1,9261
21,9261
2,9262
14,9262
15,9266
10,9268
18,9268
8,9274
24,9275
8,9278
13,9278
1,9287
1,9288
2,9289
12,9289
23,9289
2,9291
13,9291
1,9293
13,9293
21,9296
2,9298
3,9300
5,9304
4,9305
14,9305
3,9306
4,9307
5,9308
11,9311
25,9312
15,9313
1,9340
23,9340
20,9341
1,9342
2,9345
1,9346
8,9348
25,9351
2,9351
9,9351
2,9352
17,9359
13,9360
23,9363
1,9365
16,9365
1,9366
2,9367
1,9368
3,9369
2,9370
4,9370
2,9371
5,9372
4,9373
5,9374
3,9375
17,9379
23,9379
1,9382
25,9384
3,9384
1,9385
16,9385
2,9386
5,9387
21,9389
1,9390
4,9390
2,9392
5,9393
4,9394
3,9395
2,9396
1,9397
1,9398
2,9399
1,9401
3,9402
2,9403
4,9404
2,9405
3,9406
5,9407
4,9409
5,9410
23,9412
4,9416
12,9416
16,9418
21,9420
8,9423
12,9424
14,9433
10,9441
10,9446
19,9449
16,9459
7,9463
3,9464
4,9465
5,9467
9,9469
4,9470
5,9474
3,9475
11,9483
17,9491
12,9493
25,9496
25,9498
2,9503
5,9505
3,9507
12,9507
22,9507
1,9508
5,9508
1,9509
2,9511
4,9511
1,9512
2,9513
3,9513
2,9515
4,9515
19,9515
5,9516
3,9518
4,9519
7,9519
4,9522
3,9524
16,9524
5,9525
5,9527
11,9528
12,9528
21,9532
7,9533
19,9538
18,9548
3,9550
4,9551
22,9551
3,9552
5,9554
4,9555
5,9556
20,9561
1,9562
2,9563
22,9563
1,9564
1,9571
2,9573
11,9574
13,9575
3,9576
2,9577
10,9577
5,9578
4,9579
3,9581
5,9582
4,9583
21,9583
16,9586
13,9593
23,9598
12,9602
9,9605
23,9609
19,9617
3,9618
4,9619
3,9620
4,9622
5,9623
5,9624
10,9625
15,9639
7,9641
1,9652
2,9653
1,9656
2,9657
22,9661
1,9662
2,9663
13,9663
17,9678
24,9683
13,9686
16,9690
1,9692
15,9693
1,9694
2,9695
17,9695
3,9696
2,9700
4,9700
1,9701
5,9701
2,9702
4,9703
5,9705
23,9705
3,9708
15,9711
24,9714
20,9717
17,9721
3,9730
4,9731
21,9731
5,9733
4,9735
17,9737
22,9738
25,9739
3,9739
1,9740
2,9741
5,9741
1,9742
2,9744
20,9744
16,9745
1,9747
2,9749
7,9749
10,9753
1,9756
3,9758
13,9758
5,9761
19,9761
1,9762
4,9762
3,9763
5,9764
9,9764
2,9765
4,9765
1,9769
2,9770
19,9770
2,9771
8,9777
15,9780
12,9781
23,9784
20,9802
1,9813
1,9814
11,9814
2,9819
22,9820
25,9822
1,9822
2,9823
2,9824
6,9832
19,9832
7,9833
15,9845
8,9848
8,9852
21,9854
7,9861
11,9862
17,9869
9,9870
7,9873
3,9878
3,9882
4,9883
4,9884
3,9886
5,9890
5,9891
3,9895
5,9896
10,9897
4,9899
5,9901
24,9902
3,9903
24,9903
4,9904
3,9905
4,9909
4,9910
3,9911
22,9911
5,9913
18,9913
5,9914
1,9917
8,9918
15,9921
23,9921
6,9927
1,9932
2,9933
13,9933
1,9935
16,9935
2,9936
1,9937
11,9938
25,9941
22,9941
2,9942
13,9943
21,9948
1,9958
13,9958
2,9959
1,9961
2,9962
22,9962
1,9965
2,9966
7,9974
24,9978
13,9979
13,9981
24,9981
19,9988
25,9990
