54,1
67,1
72,1
83,1
24,2
29,4
21,5
21,6
57,6
47,8
91,9
94,11
48,12
67,12
6,13
47,13
61,14
65,14
97,14
25,16
53,16
72,16
42,17
96,17
36,18
71,19
27,22
38,22
64,22
22,23
31,24
78,25
21,26
36,26
13,27
86,27
100,29
21,31
1,32
2,33
1,34
1,35
99,35
2,37
2,38
38,38
66,40
99,40
15,42
24,42
51,45
81,46
30,47
30,50
3,51
5,52
4,54
50,54
51,54
3,55
37,55
26,56
4,57
79,59
88,59
5,60
43,60
32,61
35,62
64,62
36,67
38,67
33,68
10,69
65,69
68,69
24,70
3,71
5,72
4,73
3,74
5,75
52,75
96,75
4,77
63,77
78,77
46,78
79,78
28,79
80,80
73,81
74,81
53,82
84,82
42,85
77,85
36,86
85,86
49,87
14,89
63,89
5,90
19,90
92,91
39,92
90,93
3,94
65,94
95,94
4,96
1,97
5,97
2,98
3,98
77,98
65,99
1,100
1,101
5,101
99,103
2,104
20,104
2,105
9,105
4,106
70,108
79,109
65,110
51,111
49,112
81,112
50,113
68,114
89,114
57,116
47,117
54,123
95,123
37,124
18,125
43,125
9,126
23,128
74,128
48,130
28,131
45,131
47,134
60,134
50,136
65,136
44,137
48,137
12,138
19,138
47,138
80,139
44,140
60,140
10,142
88,143
6,145
72,145
7,147
31,148
79,148
76,149
77,155
9,156
62,156
84,156
12,157
38,157
6,158
39,158
75,158
73,159
69,162
15,163
21,163
38,164
76,164
44,166
31,167
27,168
42,169
43,170
67,170
77,170
70,173
29,174
53,174
52,175
69,175
79,175
12,176
1,177
100,178
22,179
12,180
2,181
13,183
20,183
24,184
87,184
1,185
2,186
60,186
61,186
83,186
7,187
89,187
100,188
1,188
29,189
2,190
52,191
54,191
80,191
9,192
28,192
56,194
73,195
86,196
26,197
30,197
44,197
84,197
80,198
3,201
8,201
92,201
85,202
5,203
43,203
4,204
5,205
71,205
3,206
1,207
36,207
46,207
53,207
2,208
4,208
70,210
30,211
58,213
1,214
54,215
85,215
90,215
19,216
29,217
70,218
2,220
3,220
49,221
64,221
1,222
4,222
2,223
85,224
1,225
4,225
7,225
27,225
47,225
93,227
20,228
46,228
2,229
45,229
46,229
3,230
74,230
5,231
6,231
1,232
57,232
13,233
91,233
1,234
5,234
2,235
22,235
48,235
90,235
2,236
18,239
34,239
39,240
44,243
73,246
85,247
21,248
87,248
70,250
66,251
75,251
38,252
46,254
76,254
70,256
40,257
43,258
15,259
38,261
33,263
67,263
83,266
100,270
74,271
38,272
1,274
2,275
25,275
1,276
70,276
83,276
1,277
37,277
49,277
97,278
2,279
2,281
52,281
75,281
43,282
69,282
22,283
43,283
91,287
17,288
3,290
28,290
4,291
3,292
5,293
77,293
5,294
4,295
51,295
86,295
30,298
71,298
79,298
20,299
84,300
54,301
7,302
65,303
93,303
3,307
22,307
76,307
4,308
27,308
62,308
3,310
16,310
68,310
19,311
22,311
96,311
1,312
4,312
26,312
55,312
5,313
8,313
79,313
44,314
63,314
85,314
5,315
41,317
43,318
66,318
92,320
100,321
61,321
93,322
39,326
87,327
10,328
23,328
39,328
95,328
60,330
34,331
11,332
14,332
64,332
78,333
26,334
48,334
40,336
86,336
94,337
6,338
87,340
65,341
73,341
68,343
98,343
66,344
16,345
28,345
96,346
45,347
8,348
52,348
45,350
23,351
9,352
42,352
63,353
15,354
85,354
52,357
47,359
48,360
89,360
8,361
22,361
42,361
100,362
7,363
35,364
60,364
92,365
42,367
1,369
77,369
1,371
2,372
72,372
39,373
1,375
92,375
2,376
66,377
2,378
11,378
65,378
1,379
96,379
20,380
14,381
56,382
2,383
80,383
1,384
61,384
83,385
2,386
28,388
30,388
1,389
72,389
2,390
40,390
16,391
48,391
77,391
43,392
87,392
1,393
22,395
76,395
1,396
52,396
62,397
2,398
2,400
41,403
65,403
1,404
2,405
59,406
60,406
65,406
74,406
48,407
3,408
4,409
7,409
14,409
89,409
94,409
15,412
35,412
54,412
63,412
71,412
76,412
13,413
87,413
20,414
76,414
5,415
18,415
5,416
91,416
3,419
58,419
99,419
36,420
95,421
4,422
40,423
96,424
94,425
79,427
98,427
50,428
33,431
42,432
63,432
6,435
100,437
49,439
75,439
42,441
69,442
3,450
18,450
66,451
5,452
63,452
84,452
4,453
87,454
3,455
4,457
5,458
35,458
100,459
25,459
40,459
72,459
97,459
66,461
3,462
5,463
89,463
4,464
3,465
79,466
42,467
5,468
99,468
96,469
4,470
60,470
30,471
55,472
68,472
66,473
79,473
83,473
80,474
11,475
83,475
37,476
54,476
13,477
70,477
72,477
83,477
36,479
44,480
97,480
77,483
91,483
16,484
39,484
93,485
33,492
90,492
10,493
46,493
6,494
25,494
10,497
46,497
3,498
31,498
59,498
10,500
4,502
14,502
81,502
85,502
7,503
56,503
13,504
27,504
30,504
45,504
1,505
5,506
1,507
4,507
2,508
5,508
2,509
3,509
79,509
1,510
10,510
42,510
55,510
75,511
99,511
2,513
55,515
67,515
23,517
61,518
18,520
21,520
3,521
29,521
49,523
65,523
4,524
18,525
37,525
5,526
58,526
64,526
5,528
4,529
3,530
82,530
13,532
26,534
66,534
78,534
6,536
18,536
15,537
25,539
8,541
51,543
92,543
73,544
89,544
81,545
88,545
31,546
34,546
19,548
10,549
48,549
97,550
10,556
41,556
64,557
91,558
90,559
36,560
60,560
55,561
82,562
1,564
20,564
1,566
14,566
66,566
2,567
22,567
62,567
1,568
60,569
2,570
78,570
2,572
99,573
24,574
68,574
6,575
74,576
25,577
62,577
26,578
57,579
43,580
78,580
87,580
6,581
98,584
59,587
46,588
76,588
93,590
98,590
86,591
47,593
90,593
33,595
55,596
91,597
55,598
93,598
82,599
61,602
77,604
33,605
31,608
43,609
14,610
19,610
1,611
48,611
1,612
88,612
2,613
16,613
33,613
43,613
57,613
2,614
1,615
73,615
2,616
68,617
29,618
70,619
51,620
8,621
96,623
1,624
1,625
2,626
3,626
100,627
1,627
17,627
20,627
4,629
45,629
80,629
2,630
5,630
98,630
30,631
79,631
2,632
42,632
86,632
21,633
3,634
40,634
74,634
4,635
33,635
39,635
5,636
58,636
83,636
85,637
84,638
56,639
79,640
53,641
72,641
49,643
6,644
12,644
92,645
93,645
69,646
44,647
89,647
57,649
66,650
62,651
48,652
67,652
82,653
90,653
1,655
13,655
40,655
2,656
42,656
59,656
70,656
1,657
1,658
26,659
2,660
2,662
79,662
21,665
63,665
68,665
40,669
85,669
71,672
59,674
76,675
21,676
74,676
64,677
23,678
71,679
90,681
96,682
49,684
73,684
39,685
94,687
23,688
46,688
69,689
91,689
63,690
13,692
47,694
29,695
13,697
55,697
1,698
1,699
3,699
13,699
44,699
4,701
47,701
54,701
72,701
62,702
2,703
4,703
2,704
5,704
1,705
3,705
31,705
1,707
5,707
46,707
2,708
41,708
1,709
1,710
24,710
91,710
2,711
24,711
72,711
88,711
1,712
2,713
62,714
2,716
24,716
54,718
83,719
59,720
63,721
64,722
44,726
8,728
10,728
55,730
11,731
41,734
17,735
65,737
7,739
24,740
31,740
60,742
12,744
59,744
25,745
47,746
64,746
13,747
80,747
18,748
25,749
48,749
80,749
25,750
10,751
45,751
18,753
52,753
92,756
3,758
60,758
5,759
86,759
4,760
70,760
3,761
53,761
10,762
58,763
79,763
5,764
4,765
65,766
76,768
1,770
18,771
65,771
30,772
45,772
27,773
68,773
100,774
93,774
26,775
31,775
97,776
1,777
2,779
67,779
73,779
1,782
56,782
2,784
57,784
20,785
2,788
44,788
91,789
19,790
25,790
28,790
41,790
20,791
81,791
92,791
38,793
40,794
3,795
38,795
4,796
9,796
7,797
25,797
5,798
4,799
5,800
97,800
3,801
7,801
40,801
53,801
72,802
10,805
23,805
87,805
100,806
42,806
45,806
58,806
79,806
14,808
52,808
57,808
25,809
3,810
5,811
4,812
78,812
4,813
34,813
83,814
5,817
65,818
87,818
63,820
3,821
35,821
60,821
49,822
51,824
26,825
67,826
26,827
30,827
11,830
31,830
62,831
96,831
8,832
36,833
18,835
45,836
46,836
97,836
24,837
75,838
100,840
9,841
17,841
71,841
55,842
27,845
98,847
43,848
3,850
53,851
4,853
98,853
1,854
2,855
46,855
92,855
1,856
4,856
31,856
2,857
45,857
49,857
1,858
63,858
3,859
5,861
2,862
5,862
90,862
16,863
35,864
39,866
61,866
35,868
38,868
90,868
9,870
62,870
23,873
3,875
69,876
32,881
77,881
47,882
82,882
77,886
25,887
35,887
61,887
44,888
53,888
22,889
84,890
92,890
76,893
80,894
11,895
55,895
81,896
1,897
40,897
57,898
64,898
2,899
29,899
36,899
1,901
37,901
38,901
60,901
1,902
3,902
70,902
2,903
6,903
5,904
2,908
57,908
23,909
5,910
67,910
77,910
28,911
64,911
4,912
34,912
63,912
4,913
17,913
75,913
3,914
5,916
56,916
21,919
52,922
89,922
33,924
44,927
24,928
25,932
34,933
94,933
60,937
38,938
66,940
27,943
31,944
9,947
46,947
73,948
67,949
72,949
81,950
18,951
43,952
53,952
75,952
54,953
11,955
1,956
41,957
22,958
1,959
72,959
2,960
53,960
100,961
1,961
2,964
24,965
43,966
2,967
14,968
24,971
45,971
61,971
87,972
1,975
44,977
1,978
69,978
2,979
1,981
46,981
99,981
2,983
12,983
2,985
11,985
30,987
63,987
10,988
44,989
35,990
27,992
73,992
32,996
63,997
85,999
20,1000
47,1001
3,1002
7,1003
4,1004
62,1004
3,1005
74,1005
4,1007
49,1007
76,1007
5,1008
58,1008
21,1011
35,1011
15,1012
65,1012
80,1012
2,1013
15,1013
55,1013
5,1015
8,1016
94,1016
15,1017
7,1018
63,1018
80,1019
18,1020
30,1020
50,1022
27,1025
73,1025
61,1026
67,1027
13,1028
73,1032
25,1033
73,1033
16,1034
68,1035
3,1036
64,1036
3,1037
28,1037
64,1038
4,1039
51,1039
36,1040
64,1040
80,1041
5,1042
36,1042
41,1042
75,1042
77,1042
81,1042
4,1043
62,1043
3,1044
55,1045
84,1046
31,1047
56,1047
5,1050
31,1050
47,1052
38,1053
89,1053
22,1054
45,1055
1,1057
2,1058
14,1058
86,1059
1,1060
15,1060
53,1060
97,1061
1,1062
86,1062
2,1063
52,1063
19,1064
21,1065
2,1066
99,1066
81,1068
88,1069
1,1071
41,1071
27,1072
89,1072
84,1073
2,1076
1,1077
1,1078
3,1078
19,1078
79,1078
47,1079
2,1080
2,1081
4,1081
96,1082
90,1083
4,1084
85,1084
5,1085
40,1085
3,1086
71,1086
76,1086
95,1087
5,1089
65,1089
94,1089
43,1090
87,1091
56,1092
10,1095
31,1095
24,1097
63,1098
96,1098
17,1099
33,1100
91,1100
85,1101
14,1102
19,1102
72,1102
52,1104
82,1104
24,1105
37,1106
61,1108
78,1109
55,1112
92,1112
39,1113
41,1113
57,1113
12,1121
34,1121
46,1122
63,1122
99,1122
49,1124
76,1125
6,1126
67,1127
57,1128
18,1129
100,1130
17,1130
11,1131
53,1133
69,1134
32,1136
55,1136
13,1137
3,1139
36,1139
44,1140
52,1140
69,1140
4,1141
65,1141
71,1141
5,1142
5,1143
51,1144
4,1145
11,1145
3,1146
47,1146
97,1149
11,1151
96,1151
99,1155
59,1158
40,1159
72,1159
83,1159
6,1162
28,1162
27,1163
29,1163
1,1164
68,1165
2,1167
1,1168
33,1171
73,1171
98,1171
24,1172
30,1172
82,1172
2,1173
1,1174
3,1174
24,1174
91,1174
2,1177
10,1177
33,1177
58,1177
85,1177
5,1180
86,1180
4,1182
91,1183
5,1184
26,1184
28,1184
89,1184
4,1185
30,1185
47,1185
3,1186
43,1186
38,1188
53,1188
9,1189
56,1191
9,1192
75,1192
80,1192
1,1193
2,1194
90,1194
52,1195
76,1195
1,1196
3,1196
87,1196
1,1200
5,1200
55,1202
4,1203
2,1204
14,1205
64,1205
74,1205
14,1206
2,1207
8,1207
67,1208
3,1209
5,1211
32,1212
63,1213
82,1213
97,1213
41,1214
4,1215
36,1215
56,1215
80,1215
3,1216
45,1216
98,1216
4,1218
50,1218
4,1219
7,1219
3,1220
88,1220
24,1221
53,1222
63,1224
92,1224
5,1225
71,1225
37,1226
5,1227
3,1228
37,1228
67,1228
83,1228
5,1229
30,1229
73,1229
97,1230
8,1232
89,1232
4,1233
75,1233
9,1235
22,1236
41,1236
3,1238
87,1238
5,1239
4,1240
24,1240
89,1241
76,1242
85,1242
66,1244
62,1245
99,1246
65,1247
36,1249
57,1249
86,1249
88,1249
50,1250
78,1250
90,1250
67,1251
3,1253
5,1254
5,1255
14,1255
64,1255
44,1257
4,1258
4,1259
17,1259
93,1259
35,1260
3,1261
35,1263
84,1263
88,1263
65,1265
68,1265
71,1265
76,1265
79,1267
86,1267
90,1268
76,1269
77,1272
93,1272
64,1273
90,1273
7,1274
80,1276
88,1276
11,1278
33,1278
96,1278
12,1279
43,1279
74,1279
31,1281
64,1283
21,1284
88,1284
48,1285
75,1285
49,1287
35,1290
53,1292
11,1294
59,1295
79,1297
12,1298
15,1298
8,1300
73,1300
20,1301
80,1301
79,1303
76,1305
94,1307
43,1308
4,1309
79,1310
54,1311
22,1312
39,1312
47,1312
69,1312
16,1316
82,1316
84,1316
15,1318
40,1318
59,1318
37,1319
29,1320
3,1321
24,1322
4,1325
45,1325
5,1326
16,1326
61,1326
5,1327
4,1330
64,1330
3,1332
20,1332
60,1333
68,1333
47,1335
57,1337
36,1338
57,1338
74,1338
77,1338
73,1340
39,1342
63,1343
69,1343
87,1343
37,1345
40,1345
16,1346
28,1346
6,1352
29,1352
65,1352
82,1352
3,1353
63,1353
7,1354
4,1356
92,1356
21,1357
68,1357
1,1358
73,1358
5,1361
11,1361
37,1361
97,1361
5,1362
49,1362
51,1362
86,1362
95,1362
2,1363
4,1364
56,1364
1,1365
67,1365
3,1366
58,1366
23,1367
79,1367
2,1368
17,1368
33,1368
1,1370
12,1370
20,1371
2,1372
10,1372
34,1372
72,1373
9,1374
17,1375
57,1375
68,1375
69,1376
40,1377
46,1377
21,1379
43,1379
73,1379
85,1379
78,1380
29,1381
35,1384
38,1384
49,1384
97,1384
3,1385
36,1385
63,1385
4,1387
80,1387
43,1388
44,1388
6,1389
5,1390
5,1391
79,1392
91,1392
89,1393
100,1394
18,1394
65,1394
3,1395
9,1395
73,1395
4,1396
22,1396
90,1396
1,1398
10,1399
92,1399
1,1400
97,1400
42,1401
2,1402
3,1402
2,1403
4,1403
27,1403
97,1403
76,1404
1,1405
2,1406
5,1407
47,1408
5,1409
48,1409
3,1410
4,1411
90,1411
7,1412
11,1416
25,1416
84,1416
7,1419
68,1419
51,1420
88,1420
3,1421
6,1421
9,1421
95,1421
5,1422
4,1423
39,1423
56,1423
4,1424
54,1424
5,1425
3,1426
72,1426
42,1427
3,1428
5,1429
41,1429
60,1429
4,1430
4,1431
72,1431
94,1432
3,1433
73,1433
5,1434
33,1435
39,1437
54,1437
93,1437
46,1438
86,1438
72,1439
3,1442
8,1442
5,1443
31,1443
72,1443
5,1444
4,1445
9,1445
13,1445
24,1445
90,1445
85,1446
4,1449
42,1449
60,1449
3,1452
47,1453
96,1453
8,1454
37,1454
36,1456
56,1456
27,1458
56,1458
27,1459
38,1459
45,1459
53,1459
90,1459
44,1460
92,1460
58,1461
81,1463
86,1466
10,1467
66,1467
39,1468
1,1469
16,1470
51,1470
56,1470
87,1471
14,1474
31,1474
3,1476
1,1477
48,1478
69,1478
65,1479
70,1483
4,1484
4,1485
59,1485
5,1487
64,1487
72,1487
43,1488
97,1488
3,1489
85,1490
5,1491
36,1491
74,1491
60,1492
60,1493
23,1494
45,1494
3,1495
51,1496
89,1496
65,1499
4,1500
5,1501
4,1503
51,1503
5,1504
84,1504
93,1505
18,1507
41,1507
3,1508
82,1509
81,1510
10,1512
27,1512
96,1515
23,1516
3,1517
36,1517
62,1518
26,1522
5,1523
4,1524
18,1525
48,1525
54,1525
5,1526
10,1527
50,1529
29,1530
4,1531
77,1531
1,1532
20,1532
63,1532
1,1533
3,1533
62,1536
2,1537
75,1538
88,1538
43,1539
2,1540
36,1541
63,1541
32,1542
37,1543
93,1543
1,1544
20,1544
23,1544
64,1544
66,1544
70,1545
79,1545
2,1546
23,1548
50,1548
92,1548
6,1549
1,1550
79,1551
1,1553
11,1553
67,1553
47,1555
27,1556
72,1556
2,1557
7,1557
2,1559
55,1560
1,1561
2,1562
33,1562
41,1563
21,1564
25,1564
43,1564
47,1564
73,1564
62,1565
36,1566
33,1567
89,1567
97,1567
37,1568
95,1568
58,1570
59,1571
95,1571
42,1572
45,1572
51,1572
59,1572
16,1573
20,1573
95,1573
90,1575
79,1577
3,1578
13,1578
87,1578
46,1579
72,1579
88,1579
1,1580
5,1580
80,1580
1,1581
4,1581
2,1582
24,1582
1,1583
4,1583
2,1584
17,1585
74,1585
80,1585
67,1586
2,1587
3,1587
91,1588
5,1589
24,1589
41,1589
91,1589
3,1590
24,1590
91,1590
74,1591
44,1592
32,1593
49,1593
80,1593
59,1594
4,1597
43,1598
5,1599
44,1600
4,1601
38,1601
3,1602
58,1602
68,1603
1,1604
95,1604
1,1605
45,1605
5,1606
29,1606
2,1607
39,1607
1,1608
2,1609
39,1609
2,1610
82,1613
71,1614
98,1614
6,1615
11,1615
37,1615
43,1615
88,1616
1,1618
99,1618
2,1619
21,1619
95,1620
1,1621
99,1621
1,1622
45,1622
2,1624
47,1625
73,1625
89,1625
76,1626
6,1627
2,1628
3,1628
37,1628
4,1630
60,1630
79,1630
4,1631
98,1631
19,1632
5,1633
39,1633
34,1635
52,1635
69,1637
5,1638
30,1638
3,1639
87,1639
97,1639
84,1640
22,1642
92,1645
70,1650
93,1650
86,1651
11,1653
53,1653
93,1653
3,1654
33,1654
4,1655
17,1655
52,1655
55,1655
5,1657
76,1657
3,1658
16,1658
37,1658
1,1659
5,1659
1,1661
4,1661
2,1662
99,1665
2,1666
25,1666
1,1668
63,1669
2,1671
14,1671
46,1672
93,1673
22,1674
27,1674
38,1674
83,1674
97,1678
71,1679
22,1680
88,1681
39,1683
36,1685
19,1686
51,1686
13,1689
27,1689
40,1689
19,1690
5,1691
79,1691
12,1692
58,1692
4,1693
48,1693
88,1693
52,1694
81,1697
96,1698
1,1701
1,1702
88,1702
3,1703
4,1704
48,1704
2,1705
4,1705
48,1707
84,1707
83,1708
2,1709
3,1710
62,1710
1,1711
5,1712
5,1713
2,1714
74,1714
38,1715
89,1715
45,1717
83,1717
73,1719
100,1720
28,1721
31,1721
32,1721
65,1722
37,1726
45,1726
85,1726
35,1727
54,1727
12,1728
63,1728
66,1729
1,1730
19,1731
1,1734
45,1734
44,1736
40,1737
2,1738
92,1738
32,1739
38,1739
2,1740
1,1741
2,1742
27,1742
90,1742
1,1743
75,1744
2,1745
4,1745
1,1746
1,1747
77,1748
57,1749
2,1751
26,1752
2,1754
74,1755
31,1757
65,1757
73,1757
14,1758
69,1758
43,1759
87,1760
59,1761
26,1762
27,1762
3,1763
8,1764
57,1765
75,1765
83,1766
7,1767
42,1767
44,1769
1,1774
17,1774
2,1775
1,1776
37,1776
58,1776
65,1776
32,1777
22,1779
34,1779
2,1781
80,1781
1,1782
12,1785
2,1786
12,1786
93,1786
74,1792
62,1796
97,1797
19,1799
26,1800
35,1801
63,1801
29,1802
92,1802
41,1803
41,1804
28,1805
3,1806
25,1806
35,1806
4,1807
94,1809
7,1810
82,1810
5,1811
22,1812
5,1813
37,1813
3,1814
21,1814
47,1814
51,1815
66,1815
68,1815
4,1816
8,1818
18,1819
46,1819
100,1820
66,1820
96,1820
31,1821
100,1822
19,1823
99,1827
3,1828
63,1828
1,1829
1,1830
2,1831
5,1831
95,1832
37,1833
99,1833
2,1834
4,1834
41,1834
64,1834
70,1834
1,1835
3,1835
68,1835
94,1835
97,1835
94,1836
4,1837
2,1838
5,1838
7,1838
47,1842
79,1842
34,1843
39,1843
63,1843
1,1844
26,1845
20,1846
1,1847
2,1848
25,1848
33,1848
97,1848
40,1849
2,1851
19,1851
89,1851
32,1852
93,1852
94,1852
1,1853
2,1854
2,1855
44,1855
22,1856
94,1856
55,1857
62,1857
32,1858
1,1860
1,1861
41,1861
87,1862
2,1864
17,1864
42,1864
1,1865
15,1865
59,1865
2,1868
3,1869
4,1869
11,1869
21,1869
5,1870
39,1870
2,1871
56,1871
60,1871
35,1873
43,1873
49,1873
1,1874
47,1874
2,1875
1,1876
4,1876
74,1876
5,1877
79,1877
2,1878
3,1878
4,1879
16,1879
1,1880
77,1880
89,1880
2,1881
70,1883
3,1884
5,1886
35,1886
4,1889
43,1889
45,1889
5,1890
4,1891
32,1892
35,1892
59,1892
1,1894
3,1894
57,1894
2,1895
47,1896
1,1897
2,1898
32,1898
79,1898
1,1899
60,1899
79,1899
2,1900
7,1900
39,1900
58,1900
83,1900
16,1903
23,1903
38,1903
72,1905
78,1906
1,1907
76,1907
1,1908
18,1910
71,1910
2,1911
1,1913
79,1913
2,1914
91,1914
54,1915
13,1917
30,1917
68,1917
50,1918
50,1919
56,1920
2,1922
22,1922
67,1922
17,1924
40,1925
16,1927
69,1928
7,1929
20,1929
91,1931
64,1933
64,1934
84,1934
6,1935
70,1936
33,1938
28,1939
59,1940
49,1941
6,1942
98,1942
81,1945
1,1946
3,1947
93,1947
27,1949
4,1950
5,1951
57,1951
69,1951
3,1952
39,1952
37,1956
4,1957
44,1957
13,1959
16,1959
5,1960
76,1961
22,1963
59,1963
38,1967
89,1969
91,1970
22,1973
40,1974
8,1975
22,1975
48,1975
58,1976
74,1976
55,1977
33,1978
76,1979
63,1980
21,1983
54,1983
88,1983
9,1985
47,1985
73,1985
89,1985
14,1986
48,1986
61,1986
16,1987
41,1987
43,1988
10,1992
44,1992
45,1992
55,1992
16,1994
11,1995
12,1996
97,1996
57,1997
93,1998
23,1999
48,1999
72,2000
66,2001
54,2003
23,2004
21,2005
88,2006
39,2007
89,2008
29,2009
44,2009
5,2012
9,2012
42,2013
51,2013
85,2014
25,2017
40,2017
79,2017
69,2018
80,2019
82,2019
27,2020
38,2020
84,2020
3,2021
97,2021
56,2022
4,2023
61,2024
26,2025
48,2025
91,2025
25,2027
33,2027
48,2027
99,2027
5,2028
68,2028
75,2028
4,2029
14,2029
89,2029
18,2030
3,2031
53,2031
5,2032
50,2034
73,2034
15,2035
18,2035
25,2035
88,2035
21,2036
28,2036
39,2038
93,2039
89,2040
49,2042
24,2043
26,2043
83,2043
86,2043
6,2046
44,2047
25,2048
34,2051
69,2051
42,2052
57,2052
72,2052
33,2053
32,2054
61,2054
98,2054
36,2055
86,2058
83,2059
32,2060
87,2060
25,2061
33,2062
98,2062
6,2064
40,2065
77,2068
92,2069
56,2070
13,2072
86,2073
23,2074
15,2077
58,2077
91,2078
45,2080
90,2080
26,2081
30,2082
59,2082
3,2084
5,2085
64,2085
4,2086
59,2086
4,2087
60,2087
5,2088
3,2089
46,2089
56,2089
98,2089
3,2090
4,2091
97,2091
59,2092
29,2095
5,2096
16,2096
5,2097
33,2097
39,2097
4,2099
92,2099
76,2100
3,2101
53,2101
3,2105
5,2106
4,2107
5,2108
6,2108
13,2108
57,2108
61,2109
12,2110
83,2110
35,2111
96,2111
58,2113
62,2114
4,2115
3,2117
26,2117
47,2118
1,2119
13,2119
63,2119
44,2120
31,2122
77,2122
97,2122
1,2124
67,2124
2,2126
30,2126
1,2127
19,2127
2,2128
55,2128
71,2128
2,2130
82,2131
15,2134
51,2135
1,2136
16,2136
2,2137
85,2137
52,2138
95,2139
87,2141
1,2143
80,2143
1,2144
21,2145
56,2145
42,2146
2,2147
33,2147
73,2147
2,2149
25,2150
89,2150
31,2151
55,2151
63,2151
26,2152
95,2152
53,2153
57,2155
17,2156
97,2157
90,2159
95,2159
46,2161
56,2161
43,2162
81,2165
39,2166
53,2168
61,2168
74,2168
47,2170
94,2170
99,2174
58,2176
82,2177
69,2179
71,2179
88,2179
82,2180
54,2185
94,2189
25,2190
75,2191
94,2191
92,2193
3,2196
100,2198
88,2198
4,2199
25,2199
73,2199
89,2199
58,2200
1,2201
79,2201
2,2204
1,2206
1,2207
36,2207
89,2207
2,2208
4,2208
25,2208
33,2208
2,2209
5,2209
47,2210
54,2210
5,2211
3,2212
84,2213
40,2214
29,2216
34,2216
89,2216
54,2218
81,2219
76,2220
12,2221
6,2222
23,2222
55,2223
7,2224
72,2224
99,2224
10,2225
45,2225
85,2226
89,2227
15,2233
77,2234
82,2234
66,2238
28,2241
86,2241
31,2242
37,2242
88,2242
7,2243
33,2243
56,2243
66,2243
1,2245
6,2245
2,2246
1,2247
56,2247
2,2248
69,2249
1,2250
3,2250
94,2250
13,2251
92,2251
2,2253
5,2253
4,2254
57,2254
60,2255
3,2256
26,2257
5,2259
60,2259
4,2261
8,2261
69,2261
60,2262
80,2265
81,2266
58,2270
53,2271
56,2271
37,2272
77,2273
12,2275
70,2275
31,2278
32,2278
37,2278
46,2279
7,2280
48,2283
55,2283
50,2285
70,2286
13,2289
37,2289
26,2292
38,2292
48,2294
6,2296
96,2296
62,2297
47,2298
84,2302
12,2305
47,2305
63,2305
63,2307
11,2309
17,2309
59,2310
19,2311
23,2311
76,2313
20,2314
76,2315
86,2315
35,2316
68,2318
18,2321
20,2322
92,2322
1,2323
25,2323
29,2323
91,2323
95,2323
98,2323
41,2324
1,2325
32,2326
83,2326
20,2327
16,2328
92,2328
87,2329
88,2329
2,2330
15,2330
85,2330
14,2331
77,2331
32,2332
31,2333
87,2333
1,2334
2,2335
86,2336
78,2337
2,2338
70,2338
95,2338
100,2339
34,2340
82,2340
24,2341
35,2343
13,2344
48,2344
85,2345
58,2346
10,2348
18,2350
50,2350
69,2350
93,2350
68,2351
65,2352
71,2352
28,2353
20,2354
21,2354
57,2356
24,2358
82,2360
68,2362
84,2363
38,2368
65,2368
67,2369
47,2370
50,2370
98,2371
14,2373
72,2375
75,2377
13,2378
67,2379
75,2379
77,2379
84,2379
88,2379
13,2380
18,2380
35,2380
55,2381
77,2382
99,2383
22,2384
56,2385
77,2385
50,2388
75,2390
96,2390
25,2393
36,2393
68,2395
25,2397
46,2398
79,2400
24,2402
30,2402
64,2405
75,2405
20,2407
82,2409
96,2409
29,2410
79,2410
54,2412
81,2412
89,2412
55,2413
83,2414
33,2415
88,2415
35,2416
78,2416
47,2417
81,2417
63,2419
46,2421
48,2421
33,2422
10,2423
15,2423
36,2423
60,2423
73,2423
23,2424
87,2425
9,2428
30,2428
15,2431
1,2432
38,2433
50,2433
86,2434
1,2435
86,2435
95,2435
70,2436
57,2438
2,2439
3,2439
13,2439
93,2439
1,2440
2,2441
2,2442
4,2442
38,2442
10,2443
23,2443
4,2444
3,2445
30,2445
5,2446
48,2447
5,2449
87,2449
88,2450
48,2451
86,2453
68,2456
1,2457
80,2457
1,2459
17,2459
12,2461
16,2461
2,2462
38,2462
2,2464
1,2467
9,2467
28,2468
91,2468
87,2470
2,2473
60,2474
82,2474
90,2475
43,2476
82,2476
72,2478
41,2480
3,2482
11,2482
87,2482
77,2483
95,2483
16,2484
64,2485
67,2485
19,2486
4,2487
17,2487
10,2488
19,2488
83,2489
5,2490
3,2491
69,2491
58,2494
4,2495
5,2496
17,2496
11,2497
78,2498
72,2499
24,2500
57,2501
76,2502
26,2503
51,2503
6,2504
26,2504
11,2505
67,2505
77,2506
13,2508
3,2509
40,2509
4,2510
26,2510
5,2511
50,2511
5,2513
3,2514
26,2514
87,2514
4,2515
46,2515
57,2515
77,2517
73,2521
11,2522
50,2522
73,2523
53,2525
17,2526
77,2526
48,2527
57,2527
27,2528
40,2528
93,2529
1,2530
2,2531
53,2533
1,2534
23,2534
1,2535
2,2536
30,2536
51,2536
2,2537
50,2537
34,2538
48,2539
35,2543
77,2543
17,2544
77,2549
45,2550
62,2550
87,2551
96,2551
30,2552
100,2554
84,2554
52,2555
3,2556
99,2556
83,2557
15,2559
4,2560
46,2560
4,2561
63,2561
5,2562
50,2562
77,2562
3,2563
14,2563
22,2563
5,2565
13,2565
45,2566
15,2567
23,2568
56,2568
99,2568
23,2569
37,2569
59,2569
94,2569
97,2570
43,2571
96,2571
62,2572
1,2573
2,2576
49,2576
1,2578
68,2578
2,2579
1,2581
3,2581
76,2582
5,2583
2,2584
32,2584
23,2585
5,2587
39,2587
41,2587
4,2588
10,2589
12,2589
20,2589
34,2589
92,2589
4,2590
15,2590
66,2590
75,2590
65,2591
95,2591
3,2592
48,2592
68,2592
54,2594
33,2595
86,2595
21,2596
34,2597
100,2598
66,2598
97,2599
82,2600
71,2601
1,2602
1,2603
2,2604
1,2605
3,2605
2,2606
4,2606
2,2607
5,2608
99,2608
5,2609
82,2609
39,2612
74,2612
66,2613
69,2613
1,2614
3,2614
90,2614
1,2615
4,2615
51,2615
63,2615
67,2615
2,2616
3,2617
52,2617
2,2618
4,2618
11,2618
75,2618
79,2618
100,2619
4,2619
28,2619
1,2621
5,2621
2,2622
5,2623
49,2624
3,2625
27,2627
41,2627
78,2628
76,2632
37,2633
10,2634
27,2634
71,2637
7,2639
65,2641
97,2642
87,2643
32,2644
3,2645
29,2645
54,2645
88,2645
4,2646
56,2647
5,2648
35,2649
37,2649
89,2650
10,2651
26,2651
98,2652
4,2653
54,2654
28,2655
65,2656
1,2657
3,2657
100,2658
5,2658
13,2658
15,2658
1,2659
28,2659
33,2659
50,2660
2,2661
65,2662
1,2663
78,2663
31,2664
62,2664
2,2666
15,2666
65,2666
2,2667
18,2667
43,2667
72,2667
3,2670
4,2671
53,2671
70,2671
5,2672
94,2673
5,2674
15,2674
4,2675
3,2676
41,2676
85,2677
36,2678
3,2679
18,2679
91,2679
43,2680
65,2680
95,2681
95,2682
47,2683
5,2684
69,2684
94,2684
13,2685
59,2686
89,2686
4,2687
58,2687
4,2688
72,2688
1,2689
85,2689
1,2690
54,2690
96,2690
2,2691
35,2691
92,2691
1,2692
3,2693
20,2693
43,2693
50,2693
21,2694
5,2696
10,2696
31,2696
45,2696
2,2697
59,2697
91,2698
2,2699
3,2702
68,2702
4,2703
39,2703
72,2703
5,2704
53,2704
5,2706
19,2706
28,2707
4,2709
72,2709
3,2710
15,2710
56,2711
60,2713
100,2714
49,2715
13,2716
53,2717
21,2718
1,2721
3,2721
41,2721
46,2721
17,2722
1,2723
54,2723
91,2723
38,2724
2,2725
81,2726
2,2728
74,2728
1,2729
59,2729
91,2730
2,2731
14,2733
13,2734
37,2734
91,2734
16,2735
56,2735
67,2735
3,2738
5,2739
75,2739
67,2740
32,2741
45,2741
58,2741
4,2742
22,2742
3,2743
49,2743
5,2744
4,2745
1,2746
1,2748
11,2748
66,2748
2,2749
13,2749
2,2750
66,2750
25,2751
1,2752
16,2752
34,2752
39,2752
64,2752
2,2753
36,2754
95,2754
34,2755
65,2759
21,2760
41,2760
66,2762
65,2766
32,2767
91,2770
51,2771
50,2773
7,2774
3,2775
5,2777
8,2777
46,2778
4,2779
42,2781
64,2781
3,2782
40,2782
52,2782
70,2782
89,2783
5,2784
23,2784
27,2784
37,2784
48,2784
62,2784
98,2784
1,2785
2,2786
11,2786
1,2787
4,2787
10,2787
12,2787
35,2787
91,2788
73,2789
1,2790
90,2790
2,2793
69,2793
2,2794
1,2795
12,2795
2,2796
22,2796
1,2797
2,2798
18,2801
28,2802
92,2803
69,2804
1,2805
8,2805
15,2805
43,2805
2,2806
38,2807
54,2807
19,2810
52,2811
12,2812
52,2813
55,2813
68,2813
89,2813
71,2814
87,2814
15,2816
31,2816
40,2816
78,2816
19,2818
22,2818
83,2818
40,2821
52,2821
62,2821
37,2822
68,2822
70,2822
77,2822
3,2823
32,2823
1,2824
36,2824
1,2825
4,2826
2,2827
18,2827
5,2828
2,2829
60,2829
83,2829
97,2829
96,2830
1,2831
5,2831
2,2832
42,2833
4,2834
20,2834
72,2834
3,2836
36,2836
43,2837
49,2838
86,2838
98,2838
39,2839
67,2841
44,2842
21,2845
43,2845
1,2847
11,2847
35,2848
65,2848
2,2849
1,2852
2,2854
5,2854
97,2854
36,2855
1,2856
75,2856
90,2856
2,2857
73,2857
29,2858
40,2859
3,2860
54,2860
74,2860
5,2861
5,2862
83,2862
4,2864
86,2864
3,2865
4,2866
31,2866
84,2866
34,2867
71,2867
63,2870
64,2870
76,2871
37,2873
88,2874
49,2875
79,2875
23,2877
82,2877
5,2878
78,2878
92,2878
74,2881
28,2883
17,2886
92,2887
66,2888
42,2891
43,2891
6,2892
52,2895
63,2895
45,2896
68,2897
84,2897
1,2898
45,2898
100,2899
2,2899
29,2899
1,2900
55,2900
59,2900
17,2902
69,2902
1,2903
99,2903
62,2905
69,2905
99,2906
2,2907
13,2908
36,2908
61,2908
56,2909
2,2910
9,2910
12,2910
48,2910
17,2911
78,2911
2,2912
3,2913
9,2913
5,2914
99,2914
4,2915
58,2915
11,2916
96,2916
85,2917
87,2917
5,2918
43,2918
4,2920
17,2920
38,2920
69,2920
3,2921
74,2921
38,2922
41,2922
93,2922
14,2923
10,2925
99,2928
1,2931
82,2931
1,2932
58,2932
2,2934
82,2936
97,2936
2,2937
98,2937
1,2940
23,2940
2,2941
48,2941
56,2942
6,2943
49,2944
57,2944
20,2945
49,2947
1,2949
1,2950
57,2950
2,2951
26,2951
2,2953
61,2953
48,2954
1,2956
2,2957
40,2957
82,2957
97,2958
1,2959
77,2959
16,2960
9,2961
33,2961
92,2961
27,2962
88,2962
2,2963
33,2963
58,2963
1,2964
2,2965
44,2965
98,2965
1,2966
11,2969
3,2970
2,2971
4,2971
49,2971
71,2971
1,2973
5,2974
12,2974
3,2976
1,2977
2,2979
59,2979
88,2979
93,2980
5,2981
2,2982
4,2982
26,2982
4,2983
62,2983
1,2984
3,2984
26,2984
2,2985
8,2986
25,2986
53,2986
5,2987
4,2988
66,2988
76,2988
14,2989
64,2989
83,2989
5,2990
98,2990
4,2991
17,2991
49,2991
1,2993
1,2994
3,2994
61,2994
88,2994
38,2996
2,2997
2,2998
1,2999
2,3002
64,3004
84,3004
89,3006
46,3007
1,3008
9,3008
51,3008
45,3009
98,3009
2,3010
1,3013
12,3013
2,3014
1,3015
26,3015
2,3016
3,3016
5,3018
66,3020
79,3022
4,3023
7,3023
48,3023
69,3023
5,3024
65,3024
29,3025
3,3026
42,3026
4,3027
45,3028
94,3028
48,3030
69,3030
78,3030
44,3031
3,3033
99,3034
4,3035
5,3036
31,3036
3,3037
38,3037
23,3038
33,3039
4,3040
32,3040
48,3040
5,3041
11,3041
37,3042
18,3043
25,3044
62,3045
92,3045
1,3046
78,3047
1,3049
3,3049
4,3050
6,3050
2,3051
3,3051
70,3052
4,3053
1,3054
5,3054
31,3054
35,3054
5,3055
84,3055
99,3055
2,3056
48,3056
30,3057
56,3057
2,3059
14,3060
20,3060
5,3061
16,3063
39,3063
100,3064
14,3067
80,3067
32,3069
69,3069
52,3070
11,3071
91,3071
84,3072
65,3074
19,3075
27,3076
64,3078
21,3079
81,3079
11,3081
41,3081
44,3082
7,3085
67,3085
87,3085
71,3086
92,3088
10,3090
21,3091
20,3096
40,3096
78,3096
80,3096
79,3097
84,3097
9,3098
38,3098
91,3098
15,3099
47,3099
28,3100
26,3101
89,3101
33,3102
53,3102
45,3104
83,3108
50,3109
57,3109
78,3111
59,3112
1,3117
32,3117
86,3117
71,3118
81,3119
50,3120
24,3121
2,3123
34,3124
1,3125
41,3125
84,3126
2,3127
50,3128
1,3129
24,3129
87,3129
12,3130
84,3130
97,3131
2,3132
86,3132
43,3134
16,3135
71,3135
44,3137
80,3137
97,3137
33,3139
44,3139
18,3140
41,3140
47,3140
38,3141
77,3141
17,3142
30,3142
25,3145
23,3147
18,3148
88,3148
3,3149
4,3150
4,3151
5,3152
13,3152
22,3152
18,3153
29,3153
8,3154
5,3155
10,3156
16,3156
27,3156
3,3157
77,3157
79,3157
73,3158
81,3158
1,3159
86,3159
1,3161
2,3162
14,3162
96,3162
1,3163
3,3164
66,3164
4,3165
5,3166
2,3167
3,3168
5,3169
59,3169
2,3170
7,3170
100,3171
4,3171
36,3171
81,3171
8,3172
3,3174
36,3175
58,3175
4,3176
33,3176
43,3176
57,3176
35,3178
3,3179
13,3179
30,3179
4,3180
63,3180
5,3181
5,3183
3,3184
43,3184
92,3184
69,3185
6,3186
84,3186
47,3187
29,3188
20,3189
4,3190
3,3191
58,3191
71,3191
5,3194
59,3194
79,3194
88,3195
76,3196
5,3197
25,3197
4,3198
96,3198
21,3199
23,3203
82,3203
66,3204
59,3205
70,3205
79,3205
3,3207
5,3207
4,3208
23,3208
39,3208
50,3208
76,3208
95,3208
45,3209
87,3209
4,3210
62,3211
99,3211
7,3212
86,3212
86,3213
97,3213
5,3214
89,3214
64,3215
5,3216
72,3216
3,3217
30,3217
50,3217
24,3218
99,3219
79,3220
1,3221
63,3221
95,3221
2,3222
11,3222
55,3222
1,3223
7,3225
48,3225
2,3226
96,3226
35,3227
64,3227
13,3228
53,3229
86,3230
1,3231
18,3231
24,3231
29,3231
31,3233
39,3233
2,3235
69,3235
48,3236
55,3236
64,3236
44,3237
53,3237
49,3238
99,3238
63,3239
13,3240
48,3240
86,3240
24,3242
53,3242
63,3242
86,3242
27,3243
88,3244
50,3245
63,3245
64,3245
9,3246
81,3248
5,3249
19,3251
27,3252
11,3253
38,3253
76,3254
14,3255
3,3256
52,3256
64,3257
85,3257
55,3258
36,3259
58,3259
72,3259
96,3259
3,3262
4,3263
52,3263
3,3264
45,3264
95,3264
4,3265
1,3266
1,3267
2,3268
5,3268
61,3268
5,3269
49,3269
2,3270
36,3270
1,3272
14,3272
33,3272
2,3273
15,3273
47,3273
49,3273
91,3273
41,3276
76,3276
12,3277
91,3277
96,3277
62,3278
79,3278
3,3280
52,3280
59,3280
79,3280
94,3280
5,3283
1,3284
4,3284
48,3285
1,3286
3,3286
2,3287
14,3287
1,3288
4,3288
96,3288
2,3290
5,3290
14,3290
86,3290
62,3291
94,3292
2,3293
77,3294
16,3295
60,3297
9,3298
17,3298
1,3299
2,3300
9,3301
86,3301
18,3302
20,3303
42,3303
42,3304
98,3306
34,3307
17,3308
17,3309
30,3309
20,3310
25,3310
10,3311
39,3311
90,3311
1,3312
33,3313
37,3314
25,3315
43,3315
58,3315
65,3315
89,3315
30,3317
2,3318
41,3318
1,3319
90,3319
99,3319
2,3320
64,3320
60,3321
62,3321
1,3322
2,3323
21,3323
44,3323
91,3323
98,3323
1,3324
3,3324
36,3324
2,3325
23,3325
1,3326
5,3326
2,3327
76,3327
89,3327
4,3328
1,3329
1,3330
5,3330
2,3331
57,3331
88,3331
81,3332
4,3333
1,3334
42,3334
2,3335
3,3335
2,3336
8,3336
22,3336
65,3337
46,3338
87,3338
67,3339
28,3342
78,3342
11,3343
30,3343
42,3343
3,3344
97,3345
1,3347
2,3348
5,3348
14,3348
75,3348
1,3349
20,3349
78,3350
80,3350
2,3351
68,3352
100,3353
1,3353
96,3353
12,3354
4,3355
92,3355
2,3356
10,3356
4,3357
83,3357
3,3358
31,3358
5,3359
3,3362
5,3363
51,3363
60,3363
75,3363
76,3363
79,3363
69,3364
26,3365
44,3365
19,3366
60,3366
39,3367
4,3368
3,3370
78,3372
86,3373
28,3374
79,3374
14,3375
46,3375
4,3376
70,3376
73,3376
5,3377
13,3377
55,3380
81,3380
60,3383
12,3387
98,3387
59,3388
44,3389
64,3389
74,3390
26,3392
45,3392
10,3394
53,3394
68,3396
15,3398
24,3399
85,3399
1,3400
79,3401
2,3402
29,3402
60,3403
1,3404
95,3404
1,3405
2,3406
18,3406
2,3407
11,3409
18,3410
64,3410
87,3410
97,3411
8,3412
50,3412
56,3412
49,3414
59,3414
26,3415
9,3417
21,3418
3,3419
26,3419
4,3420
68,3420
86,3420
97,3420
95,3421
3,3422
5,3423
18,3423
66,3423
4,3424
41,3424
5,3425
95,3425
73,3427
3,3430
49,3430
71,3430
74,3430
86,3430
39,3431
54,3431
32,3433
4,3434
5,3436
64,3436
3,3439
5,3440
4,3441
23,3441
28,3441
14,3442
15,3443
61,3443
70,3443
41,3447
46,3447
51,3449
59,3449
30,3450
5,3451
51,3452
82,3452
19,3455
22,3456
64,3456
48,3458
72,3460
3,3463
18,3463
74,3463
75,3463
5,3464
4,3465
41,3466
3,3467
52,3467
99,3467
5,3468
14,3468
64,3468
84,3469
72,3471
51,3472
71,3472
4,3473
62,3473
22,3474
62,3477
78,3478
89,3478
91,3479
31,3480
81,3481
86,3481
93,3481
3,3483
18,3483
53,3483
5,3484
45,3484
72,3484
4,3485
7,3485
73,3485
45,3486
9,3487
96,3487
8,3488
3,3489
9,3489
74,3489
80,3489
6,3490
30,3491
54,3491
84,3491
5,3493
14,3497
34,3497
100,3498
4,3498
59,3498
35,3499
92,3501
51,3502
87,3502
26,3504
38,3505
54,3505
90,3505
3,3506
96,3506
4,3507
5,3508
65,3508
80,3509
10,3510
39,3510
94,3510
10,3513
13,3513
14,3513
12,3514
5,3517
60,3518
67,3518
4,3519
44,3520
78,3520
3,3521
54,3521
38,3522
77,3523
64,3526
96,3526
14,3529
31,3529
98,3532
42,3533
85,3533
31,3534
1,3535
1,3538
19,3538
17,3539
46,3540
12,3541
26,3541
54,3542
95,3542
2,3543
8,3543
24,3543
79,3543
1,3545
2,3546
23,3547
34,3547
2,3548
77,3548
68,3550
56,3551
21,3552
27,3552
97,3553
24,3554
69,3554
24,3555
64,3555
97,3556
11,3558
72,3558
60,3561
67,3561
82,3562
29,3564
43,3565
65,3565
42,3566
41,3567
67,3567
21,3568
16,3570
61,3571
92,3572
69,3574
21,3575
53,3575
68,3575
80,3575
1,3576
37,3576
67,3577
86,3577
1,3578
57,3578
2,3579
75,3579
2,3580
1,3581
26,3581
69,3581
86,3581
2,3582
77,3583
81,3583
68,3585
12,3586
32,3586
1,3587
54,3587
1,3588
38,3589
2,3591
27,3591
1,3592
47,3593
15,3594
56,3594
36,3595
85,3596
61,3597
3,3598
66,3598
2,3599
4,3599
8,3599
2,3600
4,3600
87,3600
1,3601
2,3602
63,3602
68,3602
5,3603
17,3603
98,3603
1,3604
3,3604
16,3604
51,3604
53,3604
55,3604
1,3605
5,3605
77,3607
2,3608
12,3608
2,3609
97,3609
3,3611
92,3611
69,3612
4,3614
5,3615
55,3615
4,3616
49,3616
73,3616
93,3616
5,3617
10,3617
75,3618
28,3619
3,3620
49,3620
88,3620
90,3620
3,3621
1,3622
4,3622
1,3623
3,3623
18,3624
70,3624
2,3625
5,3625
88,3625
1,3626
23,3627
49,3627
2,3628
6,3630
86,3630
2,3631
29,3633
12,3634
39,3635
86,3635
6,3636
1,3638
4,3638
9,3638
5,3639
1,3640
52,3640
2,3642
58,3642
2,3643
1,3645
16,3645
46,3645
90,3646
2,3647
9,3647
53,3647
76,3648
36,3649
96,3649
40,3651
19,3653
72,3653
86,3653
30,3654
96,3654
76,3655
39,3656
59,3656
79,3656
83,3657
31,3661
37,3661
38,3661
3,3662
10,3662
83,3663
41,3664
62,3664
40,3665
24,3666
42,3666
52,3666
56,3666
61,3666
57,3667
79,3667
32,3669
58,3670
28,3672
3,3673
5,3674
4,3675
3,3676
50,3676
37,3677
5,3680
70,3680
73,3682
4,3683
25,3684
83,3684
45,3685
58,3685
80,3686
75,3690
39,3691
7,3692
87,3692
37,3693
19,3694
29,3694
1,3695
51,3695
72,3696
1,3697
18,3697
71,3697
76,3698
96,3698
56,3699
2,3700
71,3700
51,3701
2,3702
1,3703
63,3703
2,3704
37,3705
3,3706
100,3707
39,3707
5,3709
99,3709
43,3710
4,3711
92,3712
74,3713
82,3713
3,3714
58,3714
81,3714
5,3716
60,3716
4,3717
64,3718
16,3719
74,3720
72,3721
97,3721
3,3722
36,3722
85,3722
5,3723
33,3723
55,3723
4,3725
4,3728
3,3729
5,3730
48,3730
21,3731
19,3733
38,3733
64,3733
10,3736
38,3736
95,3736
32,3738
55,3738
51,3742
36,3743
96,3744
17,3745
3,3746
5,3747
91,3748
4,3749
3,3750
5,3751
4,3752
65,3752
92,3753
69,3754
6,3755
63,3755
71,3757
15,3758
35,3758
83,3761
92,3761
45,3762
52,3762
73,3762
82,3762
94,3762
67,3763
17,3764
30,3764
85,3765
100,3768
7,3768
44,3768
28,3769
76,3769
21,3770
26,3771
1,3772
42,3772
1,3773
29,3773
2,3774
26,3774
70,3774
72,3774
2,3775
38,3775
1,3776
4,3778
37,3778
2,3779
86,3779
1,3781
15,3781
28,3782
1,3783
2,3784
2,3785
11,3785
34,3785
1,3786
27,3786
40,3786
49,3786
2,3787
44,3787
49,3787
79,3787
78,3791
99,3791
11,3793
14,3793
39,3794
42,3794
64,3795
7,3797
64,3797
70,3797
40,3800
85,3802
10,3803
16,3803
21,3803
89,3803
21,3807
52,3808
1,3809
2,3810
36,3810
64,3812
1,3814
1,3815
25,3815
94,3815
2,3816
34,3817
2,3818
79,3818
13,3819
53,3819
53,3821
70,3821
89,3821
65,3822
21,3823
90,3823
6,3829
15,3829
64,3829
43,3830
100,3832
14,3835
100,3836
16,3836
35,3838
29,3840
62,3840
87,3840
50,3842
59,3845
94,3845
29,3846
88,3846
97,3847
56,3848
87,3848
88,3849
38,3850
99,3853
20,3854
86,3855
14,3858
42,3858
52,3858
10,3859
14,3859
62,3859
35,3862
38,3863
1,3864
58,3864
99,3864
43,3866
68,3866
71,3866
2,3867
70,3869
100,3870
1,3870
8,3870
93,3870
1,3872
73,3872
2,3873
46,3873
2,3874
37,3876
16,3877
89,3879
93,3880
6,3883
8,3883
64,3883
73,3883
31,3884
65,3884
1,3886
60,3886
1,3887
2,3888
10,3889
2,3890
76,3890
1,3892
53,3892
2,3893
89,3894
93,3895
41,3897
57,3897
38,3898
71,3898
31,3900
22,3902
60,3902
92,3902
10,3903
58,3903
1,3908
1,3909
22,3909
2,3910
1,3911
2,3912
64,3912
76,3912
2,3913
27,3915
28,3915
54,3916
61,3916
100,3922
29,3922
32,3922
35,3922
51,3922
68,3924
63,3929
98,3930
77,3933
32,3934
98,3934
32,3936
92,3938
77,3939
97,3939
100,3940
14,3940
11,3941
47,3941
96,3941
63,3943
3,3944
41,3944
4,3945
5,3946
66,3946
4,3947
99,3947
88,3949
1,3950
3,3950
1,3951
2,3952
41,3952
77,3952
2,3953
5,3953
1,3954
58,3954
75,3954
2,3956
50,3956
4,3957
11,3958
30,3958
35,3958
52,3959
25,3961
35,3962
40,3962
1,3963
1,3966
11,3966
2,3967
10,3967
2,3968
10,3968
64,3968
38,3969
1,3971
19,3971
21,3971
2,3972
20,3972
100,3973
3,3975
12,3975
4,3977
81,3977
9,3978
5,3980
43,3980
63,3980
4,3981
3,3982
61,3984
42,3985
5,3986
14,3986
54,3986
24,3987
3,3990
1,3991
5,3991
78,3991
5,3992
69,3992
91,3992
17,3993
48,3993
4,3994
4,3995
26,3995
69,3995
1,3996
3,3996
41,3996
88,3996
2,3997
64,3997
2,3998
19,3998
83,3998
3,3999
85,3999
88,4000
4,4001
26,4001
64,4001
73,4001
1,4002
5,4002
3,4003
9,4003
10,4003
60,4003
2,4004
4,4004
27,4004
97,4004
5,4005
93,4005
86,4010
100,4011
17,4011
87,4011
83,4015
8,4016
13,4018
88,4019
96,4019
93,4020
1,4021
2,4022
1,4023
3,4023
66,4023
4,4024
1,4025
2,4026
4,4026
95,4026
96,4026
2,4028
5,4028
40,4028
3,4030
65,4030
70,4030
76,4030
5,4031
44,4031
44,4032
17,4033
24,4033
73,4033
13,4034
27,4034
70,4034
77,4034
72,4036
70,4038
75,4038
49,4039
64,4039
28,4040
59,4041
60,4041
84,4042
76,4043
78,4043
100,4044
79,4045
28,4046
43,4047
28,4052
15,4053
3,4054
60,4054
67,4054
4,4056
4,4057
35,4057
46,4057
74,4057
19,4058
31,4058
24,4060
46,4061
11,4063
19,4063
3,4064
66,4064
7,4065
49,4067
53,4067
5,4068
75,4069
35,4070
82,4070
5,4072
60,4072
89,4072
61,4073
95,4073
21,4074
70,4075
72,4076
95,4076
20,4078
79,4078
15,4079
1,4081
58,4081
1,4082
16,4082
99,4083
2,4084
14,4084
1,4085
2,4085
33,4085
1,4087
2,4091
82,4091
85,4091
98,4093
100,4094
42,4096
55,4097
49,4098
54,4100
99,4100
50,4101
67,4101
79,4101
22,4103
40,4105
3,4108
31,4108
4,4109
19,4109
28,4109
53,4110
70,4111
77,4112
83,4112
5,4113
1,4114
22,4114
86,4114
2,4115
24,4115
82,4115
1,4116
4,4116
1,4117
2,4118
5,4118
2,4119
3,4119
13,4119
1,4120
32,4120
37,4120
30,4122
100,4123
2,4124
11,4125
61,4125
1,4126
39,4129
1,4130
66,4130
71,4131
2,4134
11,4134
14,4134
36,4135
29,4136
54,4137
65,4137
65,4138
92,4138
17,4139
42,4139
2,4141
15,4145
41,4145
83,4146
66,4147
96,4147
1,4148
2,4148
18,4149
52,4149
1,4150
26,4150
13,4153
2,4154
2,4155
73,4156
1,4158
22,4158
2,4159
82,4159
27,4160
83,4160
43,4162
47,4163
56,4163
3,4165
4,4166
44,4166
13,4167
5,4168
32,4168
90,4168
5,4170
4,4171
10,4171
95,4171
3,4173
9,4173
41,4173
84,4175
13,4177
34,4177
87,4178
62,4179
20,4180
100,4182
13,4182
45,4184
68,4185
57,4187
18,4188
69,4188
100,4189
1,4189
35,4189
78,4190
2,4191
30,4191
67,4191
1,4192
78,4192
2,4193
95,4193
1,4194
38,4194
47,4194
2,4196
30,4196
34,4196
59,4196
21,4199
24,4201
70,4201
77,4201
33,4203
51,4203
23,4207
41,4207
83,4207
48,4209
61,4209
97,4209
80,4210
41,4211
6,4214
44,4214
56,4214
29,4215
52,4215
80,4215
82,4215
69,4217
18,4221
30,4221
60,4222
69,4223
100,4224
56,4225
23,4226
6,4227
79,4229
3,4231
20,4231
4,4232
86,4233
8,4234
49,4234
73,4234
18,4235
22,4235
3,4237
13,4238
66,4238
69,4239
5,4240
60,4240
5,4241
4,4242
61,4242
1,4243
84,4243
19,4246
34,4247
2,4248
34,4249
1,4250
1,4253
2,4254
64,4254
2,4255
17,4255
19,4255
27,4255
33,4255
55,4255
95,4255
3,4258
25,4258
82,4259
44,4260
5,4261
4,4262
62,4262
67,4262
47,4263
56,4263
68,4263
78,4263
4,4264
5,4266
3,4267
75,4267
32,4270
53,4270
53,4271
56,4272
99,4273
95,4274
25,4275
17,4277
35,4278
51,4278
100,4279
17,4280
32,4280
16,4284
60,4284
6,4287
42,4288
24,4289
40,4289
51,4293
29,4294
16,4296
29,4296
18,4297
69,4297
12,4298
98,4298
64,4299
3,4301
5,4302
31,4302
84,4302
9,4303
24,4303
40,4303
86,4304
4,4305
35,4305
6,4306
4,4307
8,4307
5,4308
77,4308
91,4308
3,4309
40,4309
32,4310
42,4311
77,4312
26,4314
61,4315
81,4317
54,4318
44,4320
12,4321
18,4321
94,4321
3,4323
29,4323
47,4324
4,4325
69,4325
74,4325
1,4326
4,4326
55,4326
17,4327
49,4327
64,4327
5,4328
25,4328
24,4329
5,4330
2,4331
53,4331
3,4332
93,4333
1,4334
38,4334
2,4335
1,4336
2,4337
1,4339
30,4339
43,4339
1,4340
39,4340
2,4341
39,4341
2,4342
31,4342
39,4342
55,4342
88,4342
1,4343
2,4344
17,4344
76,4344
54,4345
93,4345
82,4346
17,4349
41,4349
7,4351
1,4353
39,4353
2,4354
45,4354
89,4354
22,4356
25,4356
1,4357
2,4358
31,4358
82,4358
1,4359
86,4359
2,4360
68,4361
97,4361
60,4362
68,4362
13,4363
97,4363
3,4365
4,4366
38,4367
53,4367
81,4367
92,4367
36,4368
4,4369
16,4369
79,4369
5,4370
10,4370
23,4371
3,4372
5,4373
70,4373
31,4376
77,4379
36,4380
45,4381
47,4381
48,4381
6,4382
30,4382
94,4382
24,4383
48,4383
8,4384
60,4384
94,4384
95,4384
31,4385
59,4387
24,4388
89,4391
7,4392
95,4392
14,4393
54,4394
61,4394
35,4395
58,4398
60,4400
91,4403
98,4403
1,4405
2,4406
11,4406
75,4406
1,4407
2,4408
43,4408
63,4408
1,4409
28,4409
45,4409
14,4410
94,4410
2,4411
82,4411
6,4412
36,4413
38,4413
71,4413
87,4414
93,4415
67,4416
56,4417
88,4417
91,4417
58,4418
29,4419
45,4419
64,4419
25,4421
27,4421
80,4421
23,4422
90,4422
2,4423
21,4423
15,4424
38,4424
24,4425
59,4425
80,4426
25,4430
74,4430
83,4430
15,4432
59,4432
1,4434
36,4435
2,4436
35,4436
68,4436
92,4436
77,4437
95,4437
1,4438
7,4439
97,4439
88,4440
2,4441
48,4441
1,4442
83,4442
2,4444
24,4445
86,4445
51,4447
85,4447
15,4449
64,4449
58,4451
77,4452
12,4453
52,4454
68,4454
70,4454
18,4457
62,4458
3,4459
39,4459
60,4459
9,4460
23,4461
15,4464
76,4464
48,4465
1,4466
21,4466
2,4468
1,4469
74,4470
1,4471
84,4471
2,4473
5,4473
62,4474
2,4475
94,4475
19,4477
57,4479
74,4479
1,4480
19,4480
2,4481
1,4482
97,4482
2,4483
8,4483
1,4484
83,4485
2,4486
70,4486
24,4489
96,4489
3,4494
36,4494
98,4494
5,4496
26,4496
58,4496
68,4496
79,4496
30,4497
34,4497
55,4497
4,4498
92,4498
94,4499
4,4500
3,4502
17,4502
1,4503
1,4505
55,4505
92,4505
5,4506
2,4507
20,4507
81,4507
1,4508
2,4509
33,4509
2,4510
30,4510
65,4510
83,4510
24,4511
46,4512
35,4514
41,4515
91,4515
89,4516
95,4516
19,4517
35,4517
44,4517
41,4518
50,4518
32,4520
52,4521
54,4523
56,4523
72,4523
62,4524
8,4525
10,4526
97,4526
25,4527
76,4527
57,4528
88,4528
94,4528
18,4529
60,4529
32,4530
68,4530
50,4531
64,4531
25,4532
31,4532
74,4532
6,4533
32,4534
72,4534
62,4537
1,4538
25,4539
33,4539
1,4541
16,4541
2,4542
39,4542
1,4543
12,4543
2,4544
2,4545
84,4548
67,4549
95,4550
93,4553
40,4556
48,4556
83,4558
23,4559
31,4559
1,4561
2,4562
46,4562
11,4563
21,4563
44,4563
25,4564
78,4564
86,4564
54,4565
63,4565
69,4565
1,4566
23,4566
35,4566
46,4566
60,4566
2,4567
6,4567
38,4568
1,4569
58,4569
90,4569
69,4570
2,4571
35,4571
80,4571
81,4571
19,4573
78,4575
70,4577
7,4578
19,4579
80,4579
14,4580
36,4580
79,4580
77,4581
97,4582
38,4583
95,4586
1,4587
20,4587
1,4588
45,4588
28,4589
2,4590
24,4590
1,4591
43,4594
45,4594
3,4596
75,4596
2,4597
4,4597
2,4598
4,4598
3,4599
13,4599
36,4599
79,4601
5,4602
12,4603
16,4603
5,4604
99,4604
72,4605
79,4605
98,4605
75,4606
20,4607
1,4608
23,4608
2,4609
75,4609
1,4611
32,4611
1,4612
14,4612
70,4614
65,4615
67,4615
2,4616
38,4617
2,4618
29,4618
68,4618
97,4618
50,4619
74,4620
17,4623
3,4624
5,4625
54,4625
78,4626
4,4627
3,4628
49,4628
5,4629
76,4629
13,4630
4,4631
37,4632
62,4633
78,4633
46,4636
3,4640
36,4640
16,4641
49,4643
71,4644
4,4645
56,4645
5,4646
16,4646
28,4646
20,4647
4,4649
30,4649
37,4649
31,4650
100,4651
5,4651
3,4652
8,4653
19,4654
100,4655
93,4655
30,4656
83,4656
65,4657
77,4657
16,4658
88,4658
56,4660
59,4661
20,4662
27,4664
43,4666
3,4668
6,4669
34,4669
81,4670
92,4670
1,4671
1,4672
5,4672
37,4673
2,4674
20,4674
23,4674
63,4674
1,4675
2,4675
4,4675
1,4676
78,4676
3,4677
11,4677
5,4678
12,4678
49,4678
55,4678
83,4678
4,4679
11,4679
69,4679
2,4680
3,4680
43,4680
70,4680
55,4681
58,4681
72,4681
27,4683
4,4684
11,4684
66,4684
98,4684
4,4687
57,4687
3,4688
5,4689
43,4689
1,4691
20,4691
38,4691
40,4691
2,4692
5,4692
58,4692
74,4692
26,4693
1,4694
18,4694
1,4697
26,4697
48,4698
52,4699
28,4700
54,4700
16,4701
1,4702
2,4703
70,4703
2,4705
47,4705
69,4705
63,4706
3,4709
46,4709
34,4710
43,4710
94,4710
2,4711
4,4711
72,4711
4,4712
43,4712
5,4714
69,4714
3,4715
95,4715
59,4716
10,4717
24,4717
15,4718
5,4719
79,4720
80,4720
20,4721
71,4721
17,4722
28,4722
37,4722
52,4722
65,4722
93,4724
57,4726
76,4726
49,4728
93,4728
11,4732
70,4732
23,4735
27,4737
31,4738
53,4738
53,4740
18,4742
8,4743
88,4744
36,4745
62,4747
83,4747
83,4748
14,4749
82,4752
83,4752
87,4755
43,4757
71,4758
5,4761
70,4762
98,4763
8,4764
24,4765
45,4765
3,4766
13,4766
25,4766
30,4766
5,4767
72,4767
57,4768
4,4769
88,4769
5,4770
45,4771
3,4772
4,4773
15,4774
24,4774
73,4775
55,4776
62,4776
52,4778
26,4779
12,4780
10,4782
73,4783
81,4783
55,4784
3,4785
62,4785
93,4785
37,4786
49,4786
91,4786
4,4788
33,4788
100,4789
5,4790
13,4790
85,4790
54,4792
49,4793
16,4794
45,4794
4,4796
47,4796
3,4797
44,4797
84,4797
14,4798
40,4799
5,4800
51,4801
88,4802
59,4803
40,4807
55,4807
1,4808
7,4808
37,4811
8,4813
74,4814
63,4816
9,4817
64,4817
73,4819
9,4820
76,4820
26,4822
91,4822
21,4823
76,4823
33,4825
34,4826
77,4826
17,4827
28,4827
29,4827
86,4827
58,4828
13,4829
16,4829
62,4829
55,4830
84,4830
67,4833
85,4833
9,4836
34,4837
61,4840
71,4841
1,4842
40,4842
26,4843
1,4845
17,4846
37,4846
71,4846
90,4846
99,4846
2,4847
2,4849
64,4849
96,4849
1,4851
61,4851
2,4852
37,4852
57,4854
1,4855
2,4856
37,4856
40,4856
1,4858
1,4859
43,4860
2,4861
58,4861
2,4862
27,4862
100,4863
52,4865
40,4866
87,4868
96,4869
22,4870
35,4870
76,4870
89,4870
11,4872
46,4873
85,4874
88,4874
10,4881
77,4882
95,4883
14,4885
59,4885
79,4885
53,4886
95,4886
36,4888
68,4888
93,4888
85,4890
30,4891
41,4891
65,4891
99,4891
40,4892
85,4892
82,4894
100,4897
95,4897
99,4900
13,4901
26,4902
53,4902
74,4902
35,4903
67,4905
30,4906
51,4906
58,4906
86,4907
100,4908
40,4909
93,4910
61,4911
71,4912
95,4913
3,4914
26,4915
3,4916
43,4916
46,4916
22,4917
56,4917
32,4918
100,4919
18,4920
54,4920
55,4921
77,4921
91,4921
32,4922
75,4922
18,4923
80,4923
16,4924
61,4926
1,4928
54,4930
29,4932
2,4933
1,4934
57,4934
25,4935
9,4936
26,4936
1,4937
32,4937
83,4937
2,4938
22,4938
38,4938
63,4940
53,4941
99,4941
2,4943
8,4943
40,4943
1,4944
44,4944
2,4945
51,4945
57,4945
1,4946
1,4947
93,4947
2,4948
14,4948
19,4948
60,4948
2,4949
90,4950
5,4951
7,4952
46,4952
26,4955
35,4955
53,4955
86,4955
37,4956
7,4957
71,4957
85,4958
80,4959
3,4960
4,4962
80,4962
98,4962
5,4964
89,4964
49,4965
72,4966
85,4966
1,4968
3,4968
14,4968
2,4969
5,4969
19,4969
45,4969
63,4969
1,4970
4,4970
92,4970
2,4971
60,4971
65,4972
24,4973
29,4973
81,4973
1,4974
11,4974
71,4974
80,4974
2,4975
32,4975
17,4976
8,4977
34,4978
14,4979
74,4980
74,4983
85,4984
68,4991
23,4992
66,4992
68,4995
31,4998
59,4998
37,4999
90,4999
49,5000
40,5001
55,5002
60,5003
18,5004
20,5006
71,5006
16,5010
52,5010
29,5011
5,5012
16,5012
40,5012
43,5012
64,5012
92,5014
100,5015
79,5015
46,5017
23,5018
95,5018
1,5019
56,5019
83,5019
34,5020
58,5020
1,5021
46,5023
57,5023
83,5023
85,5023
2,5024
70,5024
88,5024
11,5025
2,5026
13,5026
91,5026
1,5027
33,5027
2,5028
40,5029
68,5029
1,5030
13,5030
12,5031
77,5031
21,5032
28,5034
2,5035
32,5035
1,5038
27,5038
2,5039
61,5039
1,5040
97,5040
2,5041
93,5041
36,5042
53,5044
83,5045
8,5048
26,5049
43,5049
89,5049
69,5052
99,5053
54,5055
60,5056
45,5057
14,5058
20,5058
62,5058
83,5058
50,5060
13,5062
57,5064
83,5065
84,5065
76,5066
3,5068
33,5068
62,5068
69,5068
32,5069
77,5070
41,5071
4,5072
88,5072
95,5072
5,5073
34,5073
55,5073
60,5073
92,5073
18,5074
44,5074
5,5075
11,5075
51,5075
3,5076
4,5077
1,5078
12,5080
33,5081
2,5082
24,5082
1,5083
69,5083
77,5083
81,5084
2,5085
50,5086
63,5086
83,5086
18,5087
1,5088
34,5089
93,5089
96,5091
2,5092
55,5092
80,5092
58,5093
89,5093
55,5094
84,5094
17,5095
93,5098
34,5099
65,5102
75,5102
20,5103
48,5104
60,5104
93,5104
3,5105
63,5105
69,5105
19,5106
64,5106
5,5107
61,5108
5,5109
92,5112
4,5113
12,5113
1,5114
4,5114
2,5115
3,5115
39,5115
48,5116
87,5117
1,5119
34,5119
81,5119
83,5119
93,5119
2,5120
72,5120
97,5120
15,5121
1,5122
9,5122
2,5123
62,5123
87,5124
1,5125
3,5125
13,5125
19,5125
42,5125
1,5126
5,5126
2,5127
71,5128
4,5130
2,5131
4,5131
1,5132
3,5132
5,5133
63,5133
68,5133
84,5135
25,5136
2,5137
15,5137
94,5137
90,5138
90,5139
65,5141
87,5142
72,5143
86,5145
58,5148
64,5148
53,5149
55,5149
1,5150
2,5151
14,5151
18,5151
75,5151
77,5151
3,5153
72,5153
1,5154
42,5155
1,5157
5,5157
2,5158
5,5158
6,5158
59,5158
75,5158
4,5159
90,5159
2,5160
37,5160
33,5161
60,5161
3,5162
27,5163
4,5164
40,5164
3,5165
47,5165
20,5166
33,5166
62,5166
4,5167
8,5169
3,5170
4,5171
6,5171
31,5172
72,5172
5,5173
48,5173
60,5173
90,5173
50,5174
61,5174
37,5175
49,5175
76,5175
48,5176
54,5176
5,5177
18,5177
41,5179
24,5180
63,5183
52,5184
37,5185
3,5188
5,5189
20,5189
59,5189
41,5190
4,5191
33,5191
4,5194
59,5196
3,5197
5,5198
28,5199
98,5200
64,5201
59,5202
66,5202
98,5203
2,5204
43,5204
34,5207
31,5208
96,5209
31,5211
72,5212
10,5213
88,5213
75,5214
20,5215
27,5215
8,5217
9,5217
96,5217
55,5218
22,5219
76,5219
34,5220
50,5221
70,5221
45,5223
48,5223
52,5224
59,5225
57,5227
60,5230
81,5231
86,5232
45,5234
1,5236
18,5237
30,5237
58,5237
22,5238
71,5238
2,5239
53,5239
1,5240
14,5240
52,5240
96,5240
2,5242
22,5242
96,5242
7,5244
37,5244
17,5245
1,5246
2,5247
21,5250
83,5252
11,5253
29,5254
67,5254
28,5255
42,5255
3,5256
4,5257
3,5258
5,5259
4,5260
5,5261
57,5261
81,5262
20,5263
25,5264
49,5264
98,5264
84,5265
4,5266
23,5266
58,5267
78,5267
3,5269
5,5270
51,5270
59,5270
18,5271
1,5272
10,5272
82,5272
28,5273
60,5273
2,5274
4,5274
3,5275
79,5275
1,5276
5,5276
10,5276
41,5276
1,5277
4,5277
27,5277
1,5278
97,5278
2,5279
77,5279
81,5279
2,5280
93,5280
16,5281
30,5282
96,5283
80,5285
79,5286
88,5286
96,5288
16,5289
32,5289
12,5290
95,5290
24,5292
20,5294
9,5295
31,5296
62,5296
38,5297
30,5298
78,5298
80,5299
54,5300
10,5301
16,5302
42,5302
85,5302
66,5303
1,5304
21,5304
1,5305
16,5305
57,5307
64,5307
2,5308
57,5308
71,5309
12,5310
94,5310
1,5311
65,5311
4,5312
2,5313
18,5314
2,5315
83,5315
11,5317
33,5317
14,5318
48,5318
29,5319
44,5320
48,5320
80,5320
20,5321
54,5321
7,5323
49,5323
50,5323
21,5324
84,5324
89,5324
98,5326
35,5327
60,5327
85,5329
7,5330
95,5330
22,5331
46,5332
18,5334
39,5336
80,5336
59,5337
9,5342
41,5343
65,5343
76,5343
96,5345
84,5346
23,5350
60,5350
100,5351
95,5351
91,5352
94,5352
65,5353
89,5353
15,5355
38,5356
51,5356
89,5356
92,5356
96,5356
53,5359
3,5362
60,5362
78,5362
28,5364
99,5364
52,5365
65,5365
4,5366
42,5366
89,5366
5,5367
5,5368
76,5368
3,5369
58,5369
4,5370
27,5370
77,5370
67,5371
11,5372
89,5372
49,5373
97,5375
17,5380
95,5383
56,5385
42,5387
41,5391
9,5392
56,5392
95,5392
22,5393
71,5393
7,5395
63,5395
77,5395
6,5398
38,5399
37,5400
72,5402
20,5403
12,5405
72,5405
55,5407
46,5411
63,5411
37,5412
17,5414
28,5416
3,5419
93,5419
5,5420
16,5420
86,5420
4,5421
3,5422
45,5422
77,5423
4,5424
5,5425
41,5425
45,5425
20,5426
21,5426
62,5426
74,5426
96,5427
12,5429
65,5429
10,5430
42,5431
53,5431
39,5436
85,5436
6,5437
59,5438
6,5440
100,5441
46,5441
74,5442
1,5443
7,5443
8,5444
84,5444
20,5445
25,5446
2,5447
61,5447
1,5449
2,5450
66,5450
1,5451
36,5451
81,5451
100,5452
2,5453
30,5454
42,5454
25,5455
23,5457
53,5457
3,5458
8,5458
4,5459
77,5459
5,5462
31,5463
3,5465
4,5466
96,5466
30,5467
5,5468
99,5468
33,5472
72,5472
96,5472
25,5473
62,5473
67,5473
10,5474
1,5476
38,5476
57,5476
2,5477
1,5478
52,5478
62,5478
93,5478
1,5479
61,5479
82,5479
2,5480
63,5481
77,5481
87,5481
13,5482
18,5482
2,5483
65,5483
4,5484
47,5484
18,5485
66,5486
28,5487
83,5487
60,5489
64,5489
82,5489
40,5490
54,5490
69,5490
9,5491
77,5492
91,5492
95,5492
57,5493
89,5493
90,5493
46,5494
51,5495
42,5496
74,5496
24,5497
67,5498
71,5498
3,5500
31,5500
70,5500
43,5501
66,5501
4,5502
57,5502
3,5505
54,5505
11,5506
51,5506
55,5506
94,5506
5,5507
4,5508
5,5510
46,5510
71,5510
11,5511
19,5511
44,5511
97,5512
18,5515
39,5515
49,5515
3,5516
11,5516
54,5516
1,5517
55,5517
77,5517
2,5518
4,5518
37,5518
1,5519
46,5519
52,5519
2,5520
3,5520
27,5521
1,5522
5,5522
17,5523
29,5524
86,5524
14,5525
29,5525
84,5525
4,5526
2,5527
5,5527
85,5528
86,5528
18,5529
54,5529
70,5530
71,5530
92,5530
40,5531
1,5533
2,5534
1,5535
54,5537
2,5538
3,5538
9,5538
16,5538
84,5538
1,5539
5,5539
73,5539
4,5540
35,5540
2,5541
5,5541
68,5541
60,5542
65,5542
100,5543
4,5545
3,5546
86,5546
21,5547
22,5548
52,5548
73,5548
94,5548
48,5549
98,5549
87,5552
75,5553
89,5553
34,5554
87,5557
75,5558
57,5560
73,5561
98,5561
46,5562
28,5563
38,5563
50,5565
75,5567
80,5567
86,5567
31,5570
71,5572
90,5572
94,5573
75,5575
78,5575
100,5576
84,5577
93,5577
3,5578
4,5579
4,5580
6,5580
85,5580
86,5580
54,5581
17,5583
19,5583
40,5583
64,5583
73,5583
5,5584
3,5587
50,5587
5,5588
82,5588
95,5590
100,5591
14,5592
17,5594
27,5594
21,5595
11,5597
9,5598
32,5598
29,5600
53,5600
83,5600
63,5601
25,5602
92,5603
1,5605
1,5606
2,5607
25,5607
62,5607
1,5609
56,5609
58,5610
2,5611
2,5612
17,5612
66,5613
2,5614
33,5615
31,5619
35,5620
47,5620
79,5620
16,5621
42,5621
59,5621
93,5621
43,5622
44,5625
88,5626
16,5627
44,5627
92,5627
65,5628
1,5629
18,5629
100,5630
7,5630
32,5630
71,5630
80,5630
87,5632
1,5633
61,5633
66,5633
89,5633
2,5634
1,5635
58,5637
73,5637
64,5638
2,5639
2,5641
65,5641
76,5642
25,5643
1,5644
84,5644
14,5645
9,5646
22,5646
30,5646
1,5647
3,5648
65,5648
2,5649
4,5649
83,5649
2,5650
5,5650
73,5650
1,5651
68,5651
2,5652
26,5653
59,5653
100,5654
3,5654
19,5655
36,5657
63,5657
72,5657
97,5657
73,5659
81,5660
5,5661
76,5661
4,5663
36,5663
24,5665
44,5668
7,5669
39,5670
54,5670
55,5670
39,5673
59,5673
85,5673
88,5673
21,5675
65,5675
71,5675
75,5675
88,5676
18,5678
3,5680
23,5680
5,5682
43,5682
55,5682
5,5684
95,5684
98,5684
4,5686
52,5686
3,5687
66,5687
75,5687
4,5688
56,5690
64,5690
51,5691
7,5695
38,5695
69,5695
86,5696
78,5697
1,5698
3,5698
25,5698
81,5699
97,5699
2,5700
4,5700
1,5701
3,5701
27,5701
20,5702
89,5702
4,5703
2,5704
5,5704
92,5704
1,5705
5,5705
22,5707
58,5707
80,5708
2,5709
37,5709
39,5710
30,5712
1,5713
2,5714
50,5714
1,5715
87,5715
1,5716
2,5719
2,5720
30,5721
6,5722
96,5723
32,5725
57,5725
62,5725
63,5726
84,5727
55,5728
18,5731
12,5732
65,5732
95,5732
8,5733
29,5734
80,5734
81,5734
75,5735
70,5737
5,5739
45,5739
75,5739
79,5740
62,5741
60,5742
82,5742
78,5743
66,5744
85,5744
19,5748
36,5748
11,5752
25,5752
49,5752
83,5752
7,5753
67,5753
78,5756
96,5757
90,5758
70,5759
100,5762
74,5763
58,5764
93,5765
38,5766
47,5768
99,5768
18,5770
29,5770
32,5770
56,5772
65,5773
21,5775
41,5775
96,5776
62,5778
93,5779
89,5780
37,5782
93,5782
43,5783
73,5783
99,5784
71,5785
16,5786
68,5787
90,5787
76,5788
100,5789
97,5789
31,5790
100,5791
43,5791
49,5791
96,5792
70,5794
46,5797
55,5799
83,5799
90,5801
24,5802
55,5802
72,5803
1,5804
56,5804
2,5805
33,5805
77,5805
65,5807
16,5808
27,5808
50,5809
67,5810
96,5810
1,5811
8,5811
29,5811
1,5814
60,5814
25,5815
40,5815
2,5816
16,5816
2,5817
65,5818
73,5818
48,5819
80,5819
89,5819
42,5820
1,5821
7,5821
39,5821
99,5821
27,5822
2,5823
1,5824
1,5825
36,5825
2,5826
62,5826
92,5826
2,5827
38,5828
12,5830
56,5830
45,5831
76,5831
16,5832
84,5832
45,5833
85,5833
97,5833
80,5836
46,5839
97,5840
20,5843
42,5843
97,5844
1,5846
53,5846
61,5846
25,5847
69,5847
14,5848
15,5849
23,5849
8,5851
86,5856
21,5857
19,5858
28,5858
36,5859
92,5860
74,5863
89,5864
27,5865
24,5866
35,5868
96,5868
13,5869
17,5871
34,5871
41,5872
11,5874
34,5875
56,5876
88,5876
44,5877
34,5878
64,5880
53,5881
92,5881
25,5882
68,5882
96,5885
34,5887
51,5889
77,5890
73,5892
62,5893
37,5894
29,5896
52,5896
3,5897
59,5897
72,5897
37,5898
53,5898
74,5898
5,5899
54,5899
1,5900
5,5900
1,5901
79,5901
2,5902
4,5902
4,5903
3,5904
71,5904
1,5908
53,5908
88,5909
98,5909
2,5911
14,5912
2,5913
25,5915
80,5918
65,5920
1,5921
55,5921
45,5922
62,5922
1,5923
32,5925
2,5927
1,5929
2,5930
7,5930
72,5930
2,5931
68,5931
3,5932
88,5932
90,5932
5,5933
25,5937
34,5937
35,5938
81,5938
100,5939
4,5941
25,5941
4,5942
8,5942
3,5943
5,5944
32,5945
62,5945
6,5947
40,5947
76,5947
98,5947
3,5948
4,5950
50,5950
73,5950
65,5951
7,5952
23,5952
47,5952
3,5953
18,5954
5,5955
4,5956
73,5956
32,5957
26,5958
5,5959
30,5962
75,5965
18,5966
61,5966
66,5966
71,5966
83,5966
95,5966
17,5968
3,5969
78,5969
5,5970
4,5971
15,5971
56,5972
5,5973
16,5974
4,5976
24,5977
99,5978
13,5979
52,5979
73,5980
98,5980
1,5981
3,5981
12,5981
1,5982
33,5982
49,5982
2,5983
42,5985
1,5986
2,5987
61,5988
86,5989
2,5990
23,5990
80,5990
6,5994
39,5995
62,5995
85,5995
12,6000
14,6000
23,6000
54,6001
55,6002
86,6002
74,6005
60,6006
60,6007
82,6011
1,6012
2,6013
1,6016
1,6018
69,6018
2,6019
88,6019
2,6020
3,6023
5,6024
5,6025
31,6025
52,6026
89,6026
4,6027
94,6027
4,6028
97,6028
3,6029
15,6030
52,6031
71,6031
25,6032
92,6032
26,6033
49,6033
43,6035
52,6035
32,6036
38,6037
37,6038
49,6039
15,6042
80,6042
91,6042
64,6043
83,6043
32,6044
21,6045
9,6046
40,6049
53,6050
78,6053
79,6054
75,6055
72,6056
11,6057
26,6057
1,6058
61,6058
1,6059
95,6060
2,6061
24,6061
24,6063
2,6065
6,6065
75,6065
7,6066
15,6066
92,6066
1,6067
2,6068
46,6068
24,6070
27,6070
100,6072
33,6072
60,6072
1,6074
33,6074
2,6075
40,6076
1,6077
1,6078
29,6078
81,6078
2,6079
39,6079
63,6079
71,6079
2,6080
30,6083
3,6084
68,6084
89,6084
4,6085
21,6085
5,6086
44,6086
75,6086
5,6087
97,6087
41,6088
69,6089
4,6090
54,6091
77,6091
83,6091
9,6092
3,6093
5,6094
8,6094
69,6094
14,6095
41,6095
89,6095
7,6096
61,6096
22,6098
61,6098
39,6099
15,6100
37,6102
71,6102
31,6106
45,6106
7,6107
31,6108
44,6108
57,6108
81,6108
51,6109
77,6110
93,6110
13,6111
46,6111
59,6112
75,6112
13,6115
47,6117
1,6119
88,6119
1,6120
49,6120
60,6120
74,6120
97,6120
78,6123
2,6124
95,6124
2,6125
56,6125
49,6126
1,6127
2,6128
80,6130
9,6131
73,6131
96,6132
16,6133
84,6133
35,6134
87,6135
36,6136
62,6136
39,6137
6,6139
7,6139
14,6139
92,6140
14,6141
3,6142
67,6142
5,6143
46,6143
4,6144
42,6144
3,6145
94,6146
4,6147
22,6147
54,6147
92,6147
79,6149
35,6152
54,6152
5,6153
23,6154
53,6154
30,6155
12,6157
29,6157
91,6157
12,6158
60,6159
43,6160
7,6161
31,6161
38,6161
65,6161
30,6162
10,6163
34,6164
49,6166
10,6169
15,6170
74,6170
1,6171
50,6171
2,6172
71,6173
1,6174
22,6174
25,6174
54,6174
58,6174
3,6175
93,6175
2,6176
5,6176
1,6177
4,6178
13,6178
2,6179
5,6179
4,6181
3,6182
27,6182
91,6182
16,6183
32,6183
73,6183
8,6184
70,6184
95,6184
61,6187
92,6187
52,6190
27,6191
86,6193
74,6194
65,6195
36,6198
3,6199
6,6199
76,6200
97,6200
68,6202
4,6203
29,6203
63,6203
5,6204
36,6204
90,6205
4,6206
5,6207
18,6207
19,6207
86,6207
92,6207
3,6208
53,6208
55,6211
1,6212
85,6212
1,6213
56,6213
2,6214
20,6214
2,6216
52,6216
1,6217
2,6219
11,6223
84,6224
85,6224
66,6227
10,6228
67,6228
29,6230
89,6232
34,6234
34,6235
13,6237
78,6237
30,6238
69,6238
89,6238
38,6239
62,6243
18,6245
21,6245
99,6245
1,6248
86,6248
1,6249
2,6251
46,6251
2,6252
31,6252
38,6252
1,6253
71,6253
3,6256
2,6259
4,6259
19,6259
4,6260
63,6260
68,6260
69,6260
85,6261
5,6262
3,6263
1,6264
5,6264
14,6264
67,6265
2,6266
16,6266
13,6267
63,6268
1,6269
2,6270
1,6271
40,6271
92,6272
2,6273
43,6273
25,6274
69,6274
11,6275
86,6276
3,6277
75,6277
84,6277
4,6278
5,6280
18,6282
31,6282
3,6283
4,6284
21,6284
32,6284
64,6284
5,6285
30,6285
52,6287
34,6288
72,6288
78,6289
41,6290
27,6292
68,6292
76,6292
90,6293
26,6296
85,6298
27,6299
98,6299
47,6301
43,6302
51,6303
70,6303
45,6305
62,6305
66,6305
63,6306
88,6306
1,6308
4,6308
34,6308
79,6308
1,6309
23,6311
23,6312
2,6313
3,6313
1,6314
59,6314
2,6315
4,6315
25,6315
65,6315
5,6316
86,6316
3,6317
73,6317
4,6319
88,6319
96,6319
5,6320
96,6322
2,6323
59,6325
30,6329
8,6330
41,6330
44,6330
58,6330
70,6330
73,6330
48,6332
59,6332
85,6332
44,6333
71,6334
34,6335
19,6336
38,6338
17,6340
73,6340
23,6341
55,6341
1,6345
66,6345
75,6345
88,6345
1,6347
2,6348
79,6348
72,6349
91,6349
1,6350
6,6350
16,6350
2,6351
24,6351
2,6352
31,6356
55,6357
65,6357
48,6358
29,6359
10,6360
96,6360
79,6362
91,6362
68,6363
76,6363
51,6364
3,6365
5,6365
5,6367
62,6367
4,6369
20,6369
57,6369
37,6370
72,6370
78,6370
5,6373
57,6375
79,6376
4,6377
41,6377
70,6377
3,6378
44,6379
55,6379
100,6382
97,6382
16,6386
96,6386
88,6387
55,6388
87,6388
33,6389
36,6389
64,6391
55,6392
68,6393
13,6394
36,6394
95,6394
60,6396
93,6396
55,6397
9,6398
79,6399
3,6401
4,6402
3,6403
15,6403
49,6403
5,6404
5,6405
54,6406
12,6407
4,6408
98,6409
97,6410
27,6411
91,6411
13,6412
23,6412
67,6413
46,6414
24,6415
62,6415
32,6416
94,6416
3,6417
5,6418
60,6418
8,6420
10,6421
95,6421
58,6423
20,6424
24,6424
34,6424
59,6425
4,6427
10,6427
3,6428
5,6430
4,6432
76,6432
96,6432
39,6433
49,6433
31,6435
42,6435
90,6435
51,6436
21,6438
98,6438
22,6439
59,6439
91,6439
26,6441
13,6446
78,6449
3,6451
17,6451
5,6452
92,6452
4,6453
5,6454
71,6455
75,6455
85,6455
4,6456
3,6457
53,6457
74,6458
80,6458
36,6462
55,6462
86,6462
96,6462
48,6465
40,6466
57,6466
53,6470
1,6471
8,6472
35,6472
65,6472
90,6474
81,6475
59,6476
67,6476
45,6478
50,6478
91,6479
21,6480
32,6480
95,6481
71,6482
27,6483
56,6484
23,6486
73,6486
81,6486
69,6487
89,6487
8,6491
24,6492
65,6492
17,6496
52,6496
95,6499
88,6500
3,6501
70,6501
78,6501
9,6502
4,6503
5,6504
47,6505
64,6505
67,6505
62,6506
4,6508
8,6508
94,6508
71,6509
5,6511
26,6511
45,6511
6,6512
8,6512
98,6512
3,6513
17,6513
32,6514
7,6515
84,6515
98,6515
81,6516
38,6519
12,6520
15,6522
44,6522
99,6522
45,6524
75,6524
100,6525
26,6525
27,6525
15,6527
56,6527
38,6528
87,6528
27,6529
100,6530
10,6530
49,6531
9,6532
8,6533
64,6535
79,6538
59,6539
29,6540
86,6540
27,6541
28,6541
70,6541
91,6541
12,6542
60,6542
67,6542
88,6542
42,6544
27,6546
3,6548
34,6548
5,6549
6,6549
60,6549
70,6549
4,6550
15,6550
72,6550
3,6552
47,6552
51,6554
64,6554
13,6555
5,6556
4,6558
93,6558
14,6559
36,6561
3,6562
16,6562
43,6563
62,6563
5,6565
35,6565
85,6565
4,6566
4,6567
60,6569
1,6570
7,6570
1,6571
25,6571
2,6572
3,6572
2,6573
6,6573
11,6573
32,6573
1,6574
95,6574
2,6575
43,6576
69,6577
5,6578
6,6578
62,6581
42,6582
58,6582
20,6583
6,6585
45,6585
14,6586
61,6587
41,6588
89,6588
99,6588
54,6589
65,6589
49,6590
59,6590
83,6591
55,6592
10,6593
21,6597
37,6597
3,6598
34,6598
67,6598
4,6599
41,6601
57,6601
91,6602
5,6603
82,6603
5,6604
29,6604
94,6604
4,6605
10,6606
3,6607
12,6607
14,6609
7,6610
13,6610
67,6610
1,6611
27,6611
42,6611
91,6611
2,6613
71,6614
1,6615
28,6617
2,6618
66,6618
1,6619
2,6620
68,6620
92,6620
8,6621
3,6622
26,6622
31,6623
4,6624
52,6624
5,6625
4,6626
84,6626
3,6627
5,6628
43,6628
87,6629
1,6630
45,6630
1,6631
33,6631
43,6631
47,6631
2,6632
18,6632
1,6633
69,6633
84,6634
25,6636
2,6638
97,6638
2,6639
66,6641
86,6642
30,6644
1,6645
69,6645
99,6645
2,6647
88,6647
1,6648
3,6648
1,6649
51,6649
2,6650
36,6650
2,6651
84,6652
92,6652
8,6653
18,6654
90,6654
40,6655
34,6656
65,6656
54,6657
97,6658
57,6659
20,6660
31,6660
68,6660
81,6661
16,6663
82,6665
13,6666
32,6666
39,6666
43,6669
89,6671
91,6671
40,6676
72,6676
100,6677
64,6677
1,6678
6,6678
36,6678
91,6678
2,6679
70,6679
1,6680
41,6680
3,6681
58,6681
71,6682
1,6683
2,6684
42,6684
92,6684
4,6685
82,6685
3,6686
81,6686
4,6687
15,6687
46,6687
2,6688
5,6688
5,6689
72,6691
16,6692
76,6693
1,6694
83,6694
2,6695
56,6695
1,6696
1,6698
2,6699
27,6699
37,6700
95,6700
5,6701
15,6701
99,6701
60,6702
18,6703
2,6704
15,6704
48,6704
76,6705
83,6705
39,6707
53,6707
39,6710
94,6710
13,6711
58,6711
52,6713
80,6713
12,6717
43,6717
82,6719
43,6720
79,6721
22,6722
89,6724
17,6726
28,6727
57,6729
59,6729
68,6730
98,6730
30,6732
46,6733
17,6734
56,6734
92,6734
26,6739
39,6739
95,6740
49,6741
71,6742
69,6743
53,6744
97,6746
34,6747
83,6748
97,6748
81,6749
13,6751
72,6751
21,6753
20,6754
77,6754
86,6754
38,6755
66,6755
92,6755
1,6756
2,6757
22,6757
53,6757
85,6757
1,6759
73,6759
1,6760
2,6761
2,6762
82,6762
66,6763
13,6764
42,6764
52,6764
93,6764
70,6765
73,6766
3,6767
55,6767
5,6768
60,6768
4,6769
21,6769
4,6770
3,6772
40,6772
76,6772
5,6773
38,6774
84,6774
47,6775
8,6776
25,6776
62,6777
19,6778
14,6779
28,6779
30,6779
41,6779
86,6779
61,6780
1,6782
66,6782
73,6782
2,6783
84,6784
58,6787
1,6788
13,6788
47,6788
1,6789
23,6789
34,6789
23,6790
50,6790
56,6790
2,6791
30,6791
84,6791
15,6792
2,6794
31,6794
18,6797
4,6798
19,6798
90,6799
11,6800
96,6800
6,6807
83,6807
98,6808
31,6809
58,6809
63,6811
80,6811
81,6811
99,6813
40,6814
99,6814
62,6815
68,6815
71,6816
14,6817
33,6817
48,6817
16,6818
85,6818
18,6819
44,6819
62,6820
56,6822
85,6822
42,6824
25,6825
41,6825
78,6825
54,6826
75,6827
70,6828
67,6830
68,6830
61,6832
65,6832
69,6832
57,6833
61,6833
88,6833
62,6835
91,6835
51,6837
91,6839
50,6841
74,6842
38,6843
67,6843
46,6844
34,6845
36,6847
67,6848
88,6848
6,6849
60,6849
9,6852
21,6856
12,6858
57,6859
3,6861
5,6862
24,6862
4,6863
92,6863
5,6864
40,6864
72,6864
82,6864
3,6865
25,6865
56,6865
65,6865
4,6866
48,6866
62,6866
56,6869
27,6870
57,6870
93,6871
91,6876
52,6878
20,6880
17,6881
32,6882
9,6885
55,6887
57,6887
69,6887
29,6888
35,6889
18,6890
86,6894
51,6896
59,6896
38,6897
3,6898
86,6898
4,6899
23,6899
29,6899
55,6899
4,6900
19,6900
3,6901
8,6901
5,6902
76,6902
5,6903
74,6904
43,6905
48,6905
69,6905
32,6906
91,6906
68,6907
13,6908
15,6908
31,6908
3,6910
85,6910
9,6911
20,6911
15,6912
79,6912
92,6913
4,6915
17,6915
76,6916
23,6918
5,6919
30,6919
61,6919
38,6920
43,6921
3,6922
28,6923
5,6924
5,6925
4,6926
62,6927
49,6928
60,6929
74,6929
96,6929
26,6930
12,6931
91,6935
12,6937
3,6938
8,6938
94,6938
96,6939
81,6940
22,6942
25,6942
70,6943
39,6944
4,6945
5,6946
37,6948
28,6949
75,6949
3,6950
5,6951
4,6953
41,6953
94,6953
11,6954
38,6954
40,6957
97,6957
66,6958
81,6958
3,6959
4,6960
38,6960
69,6960
5,6961
51,6961
4,6962
24,6962
49,6962
62,6962
26,6963
5,6965
20,6965
100,6966
38,6966
3,6968
49,6969
53,6969
83,6969
60,6970
6,6971
55,6971
3,6972
4,6973
4,6974
20,6974
5,6977
32,6977
35,6978
52,6978
5,6980
3,6981
8,6982
51,6983
12,6984
41,6984
43,6984
46,6987
53,6987
13,6988
8,6989
58,6991
3,6992
5,6993
96,6993
98,6993
19,6994
47,6994
64,6994
46,6995
72,6995
45,6996
4,6997
1,6998
4,6998
69,6998
3,6999
69,6999
1,7000
12,7000
21,7001
31,7002
2,7004
5,7004
68,7005
2,7006
86,7006
32,7008
52,7010
13,7011
73,7011
1,7013
96,7013
2,7014
16,7014
78,7014
3,7016
18,7016
4,7017
22,7017
5,7018
60,7019
68,7019
3,7020
5,7021
4,7022
20,7022
25,7022
35,7022
27,7023
91,7023
99,7024
1,7025
2,7026
1,7027
84,7027
1,7028
37,7028
2,7029
15,7030
31,7030
2,7031
54,7033
96,7033
39,7034
23,7035
100,7036
29,7036
96,7036
100,7040
64,7040
18,7047
95,7048
23,7053
36,7055
62,7055
24,7056
83,7060
18,7061
64,7061
3,7062
68,7062
92,7062
4,7063
50,7063
45,7064
45,7065
78,7065
4,7066
13,7067
47,7067
5,7068
5,7070
27,7070
25,7072
48,7072
77,7072
90,7072
99,7073
96,7074
96,7075
98,7075
62,7076
23,7077
74,7077
3,7078
25,7078
40,7079
61,7080
15,7081
77,7082
86,7085
50,7086
94,7089
87,7090
68,7091
20,7092
98,7093
6,7094
46,7095
37,7096
43,7098
39,7100
72,7101
85,7101
98,7101
59,7102
95,7102
23,7103
51,7104
58,7104
4,7105
1,7106
18,7106
24,7107
57,7107
65,7107
94,7107
34,7108
1,7109
44,7109
56,7109
2,7110
12,7110
70,7110
83,7110
1,7111
19,7113
70,7113
2,7114
45,7114
2,7115
96,7115
7,7118
44,7118
26,7119
47,7121
1,7123
2,7124
48,7124
39,7125
72,7125
73,7125
64,7126
25,7127
1,7128
50,7128
1,7129
94,7129
2,7130
66,7131
2,7132
89,7134
32,7135
9,7141
57,7142
58,7143
81,7146
95,7147
14,7150
51,7151
52,7154
6,7155
20,7156
22,7157
89,7159
39,7163
93,7164
75,7165
16,7166
23,7166
28,7167
67,7170
44,7174
27,7175
64,7175
20,7176
45,7176
21,7178
23,7178
79,7179
79,7181
26,7183
51,7183
63,7183
20,7185
36,7186
27,7187
61,7187
69,7188
86,7192
99,7192
1,7194
2,7195
95,7195
93,7196
1,7197
9,7197
35,7197
2,7198
14,7198
1,7199
48,7199
2,7200
24,7200
41,7200
70,7200
1,7201
29,7201
70,7201
2,7202
77,7202
1,7203
48,7204
3,7205
31,7205
94,7205
1,7206
96,7207
5,7208
2,7209
40,7209
2,7210
65,7210
4,7211
14,7211
1,7212
26,7212
44,7212
75,7212
1,7213
3,7213
25,7213
31,7213
55,7213
2,7214
4,7214
43,7214
1,7215
2,7216
19,7216
37,7216
2,7217
5,7219
1,7220
65,7220
2,7223
7,7223
31,7223
100,7224
1,7224
19,7224
2,7225
17,7225
29,7225
12,7226
81,7226
9,7227
82,7227
6,7228
1,7229
18,7229
2,7230
70,7230
40,7232
38,7234
3,7235
4,7236
5,7237
91,7237
3,7238
5,7239
8,7239
33,7240
83,7240
4,7241
56,7241
82,7241
57,7242
46,7244
81,7244
13,7246
18,7247
59,7247
34,7248
9,7249
37,7249
65,7249
55,7250
71,7250
65,7251
84,7251
27,7252
28,7252
77,7252
66,7255
71,7255
38,7256
65,7256
52,7257
82,7257
56,7258
63,7259
66,7261
33,7262
48,7262
48,7263
97,7266
37,7268
96,7269
83,7270
1,7271
16,7271
43,7272
47,7272
93,7272
53,7273
73,7273
1,7276
43,7277
82,7278
2,7279
2,7281
37,7284
61,7284
32,7285
52,7286
1,7287
11,7288
2,7289
52,7290
55,7291
39,7292
29,7293
62,7295
79,7295
21,7297
61,7297
23,7299
88,7299
22,7300
45,7300
6,7301
62,7302
30,7303
37,7304
54,7304
91,7304
73,7307
76,7307
83,7307
68,7308
90,7308
94,7309
1,7310
61,7312
92,7312
1,7313
51,7314
2,7315
1,7316
63,7317
100,7318
54,7318
64,7318
55,7319
2,7320
77,7320
2,7321
64,7323
41,7325
59,7326
1,7330
12,7331
13,7331
2,7332
39,7332
87,7332
1,7334
26,7335
1,7336
68,7336
75,7336
22,7338
49,7338
88,7338
2,7339
10,7339
47,7339
78,7339
2,7340
71,7342
53,7343
58,7343
100,7345
50,7345
95,7345
55,7346
96,7347
8,7349
82,7349
52,7350
56,7350
74,7350
62,7352
84,7353
91,7353
1,7358
7,7358
92,7358
1,7359
31,7359
29,7360
47,7360
68,7360
73,7360
2,7361
88,7361
53,7363
63,7366
96,7367
50,7368
2,7369
1,7370
33,7370
65,7370
2,7371
44,7372
3,7373
37,7373
5,7375
13,7375
36,7376
4,7377
57,7377
75,7377
3,7378
17,7378
11,7379
75,7379
4,7380
11,7380
81,7380
5,7382
83,7383
25,7386
35,7386
93,7386
12,7388
94,7391
57,7396
71,7396
40,7397
65,7397
89,7398
34,7400
92,7402
11,7403
73,7403
8,7405
14,7406
29,7406
7,7407
3,7408
21,7408
5,7409
24,7409
4,7410
43,7410
74,7410
4,7411
78,7411
81,7411
3,7412
83,7413
1,7414
5,7414
91,7414
66,7417
67,7417
86,7417
3,7418
19,7418
5,7419
52,7419
65,7419
87,7419
14,7420
21,7420
4,7421
85,7421
1,7423
51,7423
25,7424
1,7426
12,7426
27,7426
5,7427
73,7427
2,7428
4,7428
25,7428
73,7429
92,7429
1,7430
60,7430
3,7431
55,7431
2,7432
33,7432
66,7434
1,7435
2,7437
64,7437
30,7438
32,7438
52,7439
88,7441
88,7442
60,7443
31,7444
49,7445
87,7446
47,7447
17,7448
26,7448
58,7449
21,7450
47,7450
55,7450
62,7450
50,7451
16,7452
54,7452
67,7453
88,7453
63,7454
78,7454
80,7456
30,7458
74,7459
79,7459
1,7460
1,7461
54,7461
2,7462
72,7462
2,7463
98,7463
99,7464
1,7465
2,7466
22,7468
37,7469
65,7469
10,7470
19,7472
21,7472
70,7474
10,7476
37,7476
86,7476
24,7477
48,7478
1,7479
2,7479
1,7480
100,7481
2,7481
2,7482
1,7483
93,7483
2,7484
23,7485
53,7485
80,7487
92,7487
3,7489
4,7491
30,7491
90,7491
4,7492
7,7493
13,7493
19,7493
5,7495
14,7495
87,7495
2,7496
57,7497
15,7498
60,7498
5,7499
3,7500
79,7500
81,7501
87,7501
88,7501
70,7503
58,7504
22,7505
87,7505
15,7507
35,7508
7,7510
36,7510
19,7513
74,7513
25,7515
69,7516
89,7517
20,7518
46,7522
28,7524
81,7524
45,7526
15,7528
39,7528
99,7528
52,7530
83,7530
22,7531
1,7533
36,7533
43,7533
75,7533
90,7533
66,7534
97,7535
2,7536
1,7537
70,7539
13,7540
27,7540
92,7540
2,7541
1,7542
61,7543
95,7543
2,7544
34,7546
28,7548
62,7548
26,7549
17,7551
53,7553
78,7555
11,7556
43,7557
90,7557
12,7558
42,7560
95,7560
1,7562
3,7562
91,7562
1,7563
53,7564
76,7564
4,7566
4,7568
12,7568
2,7569
3,7569
2,7570
8,7570
5,7572
77,7572
1,7573
5,7573
93,7573
96,7573
19,7574
2,7575
10,7577
9,7578
92,7578
18,7580
54,7580
25,7581
66,7583
76,7586
82,7587
4,7590
64,7590
6,7594
8,7595
86,7597
3,7598
43,7598
56,7599
74,7600
56,7601
84,7601
40,7602
45,7603
7,7604
23,7605
87,7605
4,7606
10,7606
15,7607
28,7607
5,7608
44,7608
5,7609
52,7609
67,7609
87,7609
4,7610
7,7610
77,7610
92,7610
3,7612
13,7612
24,7612
93,7612
31,7613
74,7613
95,7613
6,7614
93,7614
59,7615
87,7616
1,7617
31,7617
40,7617
1,7618
2,7619
24,7619
41,7619
1,7621
24,7621
38,7621
52,7621
2,7622
7,7622
12,7622
39,7623
2,7624
37,7625
42,7627
45,7627
23,7628
35,7628
3,7629
90,7629
5,7630
7,7630
11,7630
24,7630
82,7631
5,7632
4,7633
86,7633
99,7633
4,7634
16,7635
81,7635
26,7636
3,7637
6,7637
27,7638
51,7638
66,7638
75,7639
94,7639
56,7640
94,7640
72,7644
84,7645
88,7645
8,7647
19,7648
63,7648
50,7649
46,7651
1,7652
43,7652
87,7653
2,7654
1,7655
98,7655
1,7658
2,7659
2,7660
92,7660
42,7662
16,7663
30,7663
51,7663
72,7664
34,7665
35,7666
1,7667
7,7667
17,7668
58,7668
2,7669
92,7669
94,7669
1,7671
16,7671
2,7672
38,7672
1,7673
3,7673
29,7673
2,7674
5,7674
58,7674
73,7674
4,7675
41,7677
76,7677
4,7678
38,7678
87,7679
3,7680
5,7681
6,7682
8,7682
73,7682
96,7682
28,7683
17,7685
48,7686
42,7687
8,7689
11,7689
14,7689
45,7689
9,7690
26,7690
7,7692
58,7692
82,7692
1,7696
84,7696
78,7697
1,7699
38,7700
2,7701
31,7701
2,7702
1,7704
74,7704
2,7705
13,7705
18,7705
78,7706
78,7710
89,7712
15,7713
36,7713
42,7714
90,7715
100,7716
59,7716
27,7717
34,7719
98,7719
67,7721
56,7722
3,7723
11,7723
10,7724
21,7724
13,7725
76,7725
6,7729
31,7729
3,7730
48,7730
66,7731
80,7731
4,7732
63,7732
3,7733
43,7733
55,7733
4,7734
12,7734
8,7735
5,7736
76,7736
90,7736
5,7737
46,7738
3,7739
47,7741
54,7741
15,7742
39,7742
4,7743
19,7743
97,7743
42,7744
76,7745
71,7746
73,7746
18,7747
54,7747
15,7749
8,7750
89,7751
1,7752
5,7752
3,7753
9,7753
84,7753
5,7754
42,7754
2,7755
1,7756
78,7756
1,7757
2,7758
96,7758
2,7759
4,7759
97,7759
24,7760
98,7760
96,7762
64,7763
81,7763
94,7763
85,7764
36,7765
16,7766
47,7766
96,7768
12,7771
52,7771
60,7771
64,7772
3,7773
4,7775
5,7776
20,7776
66,7776
91,7776
33,7777
53,7777
83,7778
4,7780
51,7781
78,7781
5,7782
33,7782
3,7783
3,7784
4,7785
33,7785
5,7786
17,7786
30,7786
3,7787
52,7788
5,7789
82,7790
56,7791
4,7792
53,7793
100,7795
89,7795
93,7796
11,7797
30,7797
80,7801
16,7802
19,7802
73,7803
35,7804
22,7806
8,7807
13,7807
35,7807
42,7807
43,7807
23,7809
48,7809
47,7810
1,7811
2,7812
82,7812
1,7814
40,7814
2,7815
19,7815
55,7816
1,7817
27,7817
80,7817
2,7818
86,7818
15,7819
66,7819
88,7820
56,7821
60,7822
82,7822
51,7823
89,7823
15,7826
48,7826
37,7829
71,7830
49,7832
68,7833
3,7834
15,7834
1,7836
2,7836
5,7836
1,7837
2,7838
40,7838
23,7839
48,7839
1,7840
2,7840
4,7840
2,7841
4,7841
10,7841
34,7841
44,7841
59,7841
98,7841
53,7842
87,7842
2,7843
19,7843
71,7843
89,7843
5,7844
3,7845
22,7845
81,7848
13,7849
30,7853
42,7853
9,7854
73,7854
94,7855
1,7856
39,7856
19,7857
2,7858
43,7858
59,7858
1,7859
3,7861
99,7861
1,7862
4,7862
76,7862
88,7862
2,7863
49,7863
5,7864
87,7864
2,7865
27,7865
42,7866
82,7866
5,7867
72,7867
43,7868
68,7868
4,7869
10,7869
69,7869
92,7869
12,7870
19,7870
48,7870
70,7871
12,7872
27,7872
43,7872
3,7873
91,7874
93,7874
56,7876
28,7877
90,7882
3,7883
25,7883
31,7883
5,7884
99,7884
4,7885
62,7885
62,7887
47,7888
30,7889
43,7889
100,7890
34,7890
43,7890
59,7890
3,7892
25,7892
59,7892
65,7893
68,7893
72,7893
94,7893
5,7894
32,7894
4,7895
67,7895
3,7897
4,7898
24,7899
3,7900
49,7901
1,7902
5,7902
53,7902
2,7903
13,7903
65,7903
1,7904
4,7904
67,7904
2,7905
13,7905
71,7905
1,7906
30,7906
37,7906
2,7907
90,7907
5,7908
10,7908
93,7908
68,7910
95,7910
68,7913
96,7913
74,7915
60,7916
88,7916
9,7917
49,7917
22,7918
34,7918
56,7920
75,7923
3,7924
32,7926
96,7926
4,7927
5,7928
3,7929
47,7929
5,7931
4,7932
9,7933
63,7933
67,7936
77,7936
23,7937
68,7938
8,7939
34,7939
95,7939
99,7939
1,7940
58,7941
6,7942
55,7942
2,7943
1,7944
2,7946
1,7947
6,7947
55,7947
2,7948
15,7949
74,7949
26,7950
100,7951
26,7951
54,7952
69,7952
39,7955
37,7956
42,7957
6,7958
50,7958
29,7961
46,7961
56,7961
88,7961
36,7964
67,7964
96,7965
62,7966
55,7968
78,7971
33,7972
89,7972
92,7972
90,7974
21,7980
54,7981
76,7981
34,7982
52,7984
43,7987
73,7988
75,7989
7,7991
78,7991
86,7991
59,7992
7,7993
5,7994
25,7997
45,7998
19,8000
38,8001
42,8002
71,8002
99,8003
35,8004
41,8005
74,8005
11,8006
65,8006
76,8006
93,8006
6,8007
8,8009
75,8009
77,8011
22,8013
93,8013
20,8015
21,8015
88,8016
23,8019
38,8020
91,8021
23,8022
14,8023
26,8024
74,8024
99,8024
60,8025
47,8026
53,8026
28,8027
76,8027
83,8027
94,8028
20,8029
84,8029
100,8030
56,8030
68,8032
82,8034
19,8035
46,8035
83,8035
92,8037
1,8038
2,8039
67,8040
90,8040
1,8041
32,8042
59,8044
2,8045
1,8046
2,8047
76,8048
59,8049
30,8050
26,8051
58,8051
32,8055
99,8056
40,8058
13,8059
1,8060
41,8060
88,8060
15,8061
2,8062
1,8063
68,8063
1,8064
14,8064
67,8064
2,8065
69,8065
88,8065
69,8066
2,8067
77,8067
22,8069
83,8069
66,8070
88,8070
1,8071
19,8071
1,8072
7,8072
2,8074
2,8075
1,8076
98,8076
2,8077
84,8077
31,8078
69,8081
81,8081
44,8083
48,8083
51,8084
91,8084
6,8086
24,8087
45,8087
64,8089
92,8089
51,8090
87,8090
58,8092
93,8093
77,8094
93,8094
35,8095
3,8096
23,8097
5,8099
73,8099
75,8100
90,8100
22,8101
82,8101
84,8101
4,8103
60,8103
16,8105
11,8106
24,8106
46,8106
82,8106
71,8107
3,8108
5,8109
65,8110
73,8110
74,8110
88,8111
4,8112
43,8112
48,8112
92,8112
1,8114
22,8114
55,8114
2,8115
1,8116
2,8117
24,8117
46,8117
92,8118
1,8121
83,8122
71,8123
37,8124
32,8125
70,8125
89,8125
7,8126
2,8127
3,8127
55,8127
22,8128
34,8128
4,8130
5,8131
80,8131
41,8135
6,8136
4,8137
43,8137
78,8137
5,8138
3,8139
43,8140
12,8141
45,8141
50,8142
1,8143
1,8144
69,8144
2,8145
7,8145
46,8145
79,8145
1,8146
76,8147
50,8148
63,8148
2,8149
25,8149
61,8149
77,8149
99,8149
3,8150
2,8151
39,8152
31,8153
5,8154
65,8154
4,8155
10,8155
62,8155
4,8157
66,8157
89,8158
5,8160
62,8160
73,8161
3,8162
71,8162
94,8163
78,8164
95,8164
85,8165
73,8170
34,8172
24,8173
29,8175
75,8175
83,8175
30,8176
76,8178
16,8180
86,8180
49,8181
60,8181
99,8181
1,8182
10,8183
2,8185
100,8186
1,8186
12,8186
45,8186
78,8186
2,8187
78,8187
1,8188
6,8188
55,8188
2,8189
25,8189
51,8191
57,8191
79,8191
3,8194
4,8195
91,8195
95,8195
5,8196
37,8196
5,8198
16,8198
29,8198
63,8199
18,8200
84,8200
100,8201
4,8201
3,8202
12,8202
82,8202
21,8203
91,8205
96,8205
89,8206
21,8207
41,8207
49,8207
82,8207
20,8208
25,8208
55,8208
71,8208
92,8209
68,8211
3,8213
4,8214
5,8215
4,8217
23,8218
67,8218
5,8219
92,8220
3,8221
99,8222
41,8223
37,8227
52,8227
23,8230
25,8230
28,8232
78,8232
23,8233
19,8234
25,8234
17,8238
7,8240
17,8240
63,8240
17,8241
21,8241
44,8241
85,8242
36,8244
25,8245
32,8246
66,8246
70,8246
71,8246
53,8247
5,8248
24,8248
47,8251
77,8255
82,8255
13,8258
25,8259
46,8259
54,8262
23,8263
42,8263
68,8264
75,8264
47,8265
8,8267
93,8268
56,8269
60,8270
21,8271
55,8271
77,8271
60,8273
55,8275
35,8277
30,8278
82,8280
74,8282
46,8283
62,8284
25,8286
26,8289
61,8290
97,8291
53,8292
2,8293
62,8293
29,8294
75,8295
83,8295
1,8296
1,8297
27,8297
2,8298
1,8299
2,8300
23,8300
2,8301
52,8301
8,8302
68,8302
59,8303
10,8304
86,8304
9,8306
70,8306
74,8307
68,8308
41,8310
17,8312
14,8313
21,8313
41,8313
56,8314
37,8315
83,8315
90,8315
62,8319
27,8320
82,8320
40,8321
90,8321
24,8322
27,8322
49,8323
56,8323
57,8324
58,8327
22,8330
41,8330
97,8330
3,8331
4,8332
35,8332
3,8333
8,8334
10,8334
37,8334
5,8335
65,8335
5,8336
7,8336
4,8337
55,8337
98,8337
19,8338
24,8340
82,8340
84,8341
70,8343
75,8344
77,8344
35,8345
79,8345
34,8347
42,8348
54,8348
93,8348
58,8349
3,8353
39,8353
4,8354
29,8355
68,8355
5,8356
59,8356
1,8357
3,8357
21,8357
5,8358
1,8359
24,8359
53,8359
54,8359
2,8361
59,8361
11,8363
99,8363
1,8364
6,8364
83,8364
90,8364
2,8365
4,8365
14,8365
18,8366
2,8367
31,8367
3,8368
30,8368
25,8369
33,8370
3,8372
6,8373
5,8374
4,8375
3,8378
4,8379
32,8380
11,8381
47,8381
5,8382
79,8382
35,8383
71,8385
90,8386
62,8387
45,8390
55,8391
74,8392
98,8393
72,8394
27,8395
72,8395
22,8396
78,8397
95,8398
34,8400
3,8402
53,8402
4,8404
65,8404
5,8405
25,8407
68,8409
4,8412
83,8412
87,8413
49,8414
5,8415
88,8415
3,8416
45,8416
26,8418
13,8420
88,8420
83,8421
41,8422
34,8423
98,8423
3,8425
5,8426
50,8426
95,8427
4,8428
55,8428
4,8429
60,8429
5,8430
89,8430
3,8431
31,8431
47,8431
58,8431
74,8433
6,8434
19,8434
42,8434
91,8434
44,8435
65,8435
66,8436
22,8437
66,8437
26,8438
72,8440
55,8441
15,8442
20,8442
29,8442
70,8443
60,8444
95,8444
61,8445
68,8446
57,8448
48,8449
94,8449
73,8450
31,8451
55,8451
39,8453
89,8453
20,8455
47,8456
95,8456
100,8458
13,8461
23,8461
28,8461
43,8462
74,8465
75,8465
89,8466
41,8468
34,8470
68,8471
12,8472
100,8473
11,8474
52,8474
96,8475
14,8477
92,8477
98,8477
27,8479
31,8480
97,8483
94,8485
9,8486
26,8486
53,8487
3,8488
4,8489
51,8490
68,8490
4,8492
3,8493
68,8494
1,8495
5,8495
13,8495
2,8496
5,8496
50,8496
1,8498
16,8499
20,8499
58,8499
64,8499
67,8499
2,8500
1,8503
2,8504
65,8504
72,8504
11,8507
96,8509
50,8510
83,8510
12,8511
29,8511
68,8511
1,8512
8,8513
2,8515
1,8516
27,8516
82,8517
1,8520
6,8522
62,8522
2,8523
62,8523
2,8524
41,8524
27,8525
78,8526
19,8527
100,8528
85,8528
89,8528
53,8529
44,8530
87,8530
1,8531
1,8532
12,8532
69,8532
2,8533
60,8533
75,8533
65,8534
41,8535
1,8537
12,8537
47,8537
87,8537
2,8538
9,8538
56,8540
3,8541
41,8541
77,8541
3,8542
4,8542
76,8542
4,8544
6,8544
2,8545
36,8546
5,8547
14,8548
5,8549
18,8549
87,8549
3,8550
10,8550
15,8550
83,8550
17,8551
37,8551
70,8552
79,8553
36,8554
19,8555
46,8555
86,8556
3,8558
98,8558
5,8559
72,8559
38,8561
49,8561
52,8561
97,8561
15,8562
38,8562
4,8564
19,8565
94,8565
4,8566
50,8566
33,8567
82,8569
3,8570
40,8570
47,8570
5,8571
52,8571
86,8571
80,8573
82,8573
3,8574
7,8574
5,8575
5,8576
4,8577
64,8577
59,8578
3,8579
65,8579
65,8580
4,8581
11,8582
17,8582
49,8582
10,8583
74,8583
71,8584
3,8585
83,8585
4,8588
83,8588
3,8589
31,8589
94,8589
99,8589
5,8590
53,8590
73,8590
38,8591
4,8592
5,8593
66,8594
49,8595
1,8597
10,8597
39,8597
96,8597
13,8598
91,8598
1,8599
3,8599
2,8600
4,8600
14,8600
3,8601
70,8601
4,8602
18,8603
5,8604
5,8605
9,8605
99,8605
2,8606
13,8606
1,8607
2,8608
16,8608
23,8608
29,8608
57,8608
93,8608
1,8609
2,8612
25,8612
51,8614
9,8615
46,8616
1,8617
29,8618
1,8619
2,8620
2,8621
50,8623
79,8623
96,8623
38,8624
95,8624
50,8625
17,8626
60,8627
9,8628
52,8628
19,8630
32,8630
77,8631
93,8631
32,8634
24,8635
47,8635
47,8636
81,8636
43,8637
25,8638
86,8639
79,8640
50,8641
14,8642
23,8642
61,8642
77,8642
89,8642
58,8643
65,8643
74,8645
36,8646
11,8647
100,8648
71,8649
32,8650
38,8650
17,8651
14,8652
72,8652
26,8654
87,8654
52,8656
74,8657
61,8658
89,8658
28,8659
31,8659
74,8659
30,8660
1,8663
14,8663
2,8664
12,8664
94,8664
25,8668
1,8669
3,8669
8,8670
22,8670
26,8670
64,8670
2,8671
72,8671
1,8672
5,8672
2,8673
4,8673
5,8674
4,8675
56,8675
3,8676
8,8677
97,8677
1,8678
2,8679
20,8679
78,8679
79,8679
1,8680
1,8681
93,8681
72,8682
2,8683
2,8684
3,8684
11,8684
66,8684
5,8685
4,8686
67,8686
93,8686
39,8687
4,8688
5,8689
3,8690
37,8690
82,8690
84,8690
15,8691
22,8692
35,8692
96,8692
25,8693
48,8693
59,8693
73,8693
95,8693
12,8694
99,8696
3,8697
44,8697
4,8698
85,8698
3,8700
4,8701
6,8701
79,8701
41,8702
32,8703
33,8703
29,8704
52,8704
75,8705
5,8706
51,8706
71,8706
77,8706
99,8706
88,8708
95,8708
5,8709
86,8709
3,8710
4,8711
44,8711
5,8712
31,8712
62,8712
1,8713
50,8713
54,8713
1,8714
16,8714
42,8714
2,8715
14,8715
2,8716
4,8716
58,8716
3,8717
1,8718
5,8718
36,8719
80,8719
30,8720
2,8721
58,8722
42,8724
9,8725
6,8726
45,8727
31,8730
39,8731
60,8731
66,8731
100,8733
45,8733
8,8735
18,8735
57,8735
13,8736
85,8736
1,8740
84,8740
98,8740
18,8741
21,8743
88,8744
74,8745
100,8747
21,8747
93,8747
35,8749
67,8749
76,8749
91,8750
17,8751
17,8752
87,8753
25,8754
34,8754
53,8755
78,8755
36,8756
29,8757
1,8758
43,8758
100,8759
1,8759
8,8759
2,8760
44,8760
75,8761
2,8763
62,8763
1,8764
3,8764
2,8765
5,8765
99,8765
4,8766
3,8767
17,8767
5,8768
30,8768
36,8768
87,8770
4,8771
1,8772
9,8772
14,8772
100,8773
2,8774
1,8775
22,8775
1,8776
23,8776
86,8776
91,8776
76,8778
86,8780
32,8781
2,8782
6,8782
34,8783
2,8784
80,8784
9,8785
39,8785
91,8788
98,8788
49,8789
59,8789
15,8790
12,8792
37,8792
97,8792
94,8793
23,8794
27,8794
78,8795
3,8796
91,8796
14,8797
68,8797
8,8798
21,8798
12,8802
78,8803
24,8804
70,8805
82,8809
97,8809
4,8811
15,8812
6,8813
83,8813
22,8814
11,8817
66,8817
67,8817
3,8818
14,8819
4,8820
11,8820
29,8820
39,8821
4,8822
5,8825
73,8825
51,8826
54,8826
86,8826
5,8827
37,8827
66,8827
3,8829
97,8829
56,8830
64,8830
68,8830
99,8830
13,8831
18,8832
77,8832
3,8833
5,8834
43,8834
85,8834
36,8835
39,8835
4,8836
24,8836
89,8836
91,8836
3,8837
5,8838
4,8839
66,8839
97,8839
21,8840
68,8841
39,8842
65,8842
47,8847
29,8848
34,8849
8,8850
51,8850
65,8850
72,8850
13,8853
34,8853
52,8854
19,8855
57,8855
72,8856
82,8856
52,8858
1,8859
53,8859
100,8860
1,8860
6,8860
3,8862
50,8862
69,8862
2,8863
79,8863
90,8863
93,8863
2,8864
4,8864
74,8865
1,8866
40,8866
5,8867
21,8867
2,8868
5,8868
15,8868
4,8870
28,8871
3,8872
80,8872
14,8873
21,8874
57,8874
79,8874
1,8877
11,8877
11,8878
77,8878
50,8879
48,8881
16,8882
30,8882
1,8883
78,8883
87,8883
2,8884
2,8885
17,8885
2,8886
16,8887
1,8888
41,8888
12,8889
34,8891
11,8892
50,8892
82,8892
10,8893
2,8894
62,8895
66,8895
24,8896
80,8896
34,8897
82,8897
41,8898
62,8900
18,8901
39,8901
82,8903
16,8905
88,8905
6,8906
23,8906
44,8909
82,8909
3,8912
51,8912
65,8912
87,8912
98,8912
87,8914
4,8915
72,8915
91,8918
5,8919
19,8919
4,8920
63,8920
3,8921
13,8921
64,8921
5,8922
13,8922
8,8923
39,8924
64,8925
70,8926
98,8926
94,8929
3,8930
22,8930
51,8930
84,8930
41,8931
73,8931
5,8932
27,8932
4,8934
40,8934
4,8935
20,8935
94,8936
98,8936
3,8937
89,8939
5,8940
77,8940
89,8940
92,8940
53,8944
67,8945
1,8947
33,8948
87,8948
1,8949
11,8949
17,8949
86,8949
2,8950
10,8950
50,8950
96,8950
1,8951
13,8952
64,8952
11,8955
25,8955
3,8956
26,8956
54,8956
4,8957
39,8957
17,8958
46,8958
2,8959
4,8959
9,8959
44,8959
1,8960
2,8960
64,8960
5,8961
18,8961
3,8962
58,8962
13,8963
5,8964
41,8964
7,8965
23,8967
39,8967
77,8968
79,8968
27,8970
55,8971
94,8971
40,8972
15,8973
72,8973
62,8974
65,8975
3,8976
29,8976
37,8977
58,8978
5,8979
39,8979
5,8981
4,8982
30,8982
45,8982
49,8982
65,8982
84,8982
4,8984
10,8984
3,8985
37,8987
58,8987
58,8988
37,8989
59,8992
8,8993
86,8993
53,8996
72,8996
1,8999
11,8999
1,9001
84,9001
18,9002
45,9002
2,9003
24,9003
57,9004
1,9005
44,9005
2,9007
48,9007
81,9008
90,9008
72,9009
86,9009
2,9010
65,9010
80,9010
49,9011
1,9015
6,9015
2,9016
1,9017
1,9018
21,9018
2,9021
2,9022
14,9022
56,9022
71,9023
100,9024
34,9024
88,9026
87,9027
1,9030
32,9030
2,9031
13,9031
79,9031
1,9032
50,9032
1,9033
3,9033
100,9034
2,9034
38,9035
4,9036
2,9037
5,9038
68,9038
3,9039
46,9039
86,9039
4,9040
48,9040
5,9041
20,9041
50,9041
41,9042
87,9042
41,9043
79,9043
29,9044
49,9046
64,9047
18,9048
3,9052
17,9052
75,9052
84,9052
4,9054
80,9054
87,9054
45,9055
4,9057
89,9057
56,9058
3,9060
50,9060
5,9061
58,9061
71,9061
5,9062
98,9063
44,9064
26,9067
3,9069
85,9069
24,9070
51,9070
4,9071
38,9071
70,9071
4,9072
3,9073
5,9074
5,9075
21,9075
33,9080
41,9080
69,9080
1,9082
28,9082
2,9083
9,9083
60,9083
1,9084
59,9084
2,9085
3,9085
4,9086
3,9087
33,9087
60,9087
76,9088
5,9089
71,9089
4,9090
93,9090
5,9091
9,9091
1,9092
85,9092
2,9093
78,9093
12,9094
44,9094
69,9094
33,9097
56,9098
82,9098
87,9099
100,9100
1,9101
79,9101
1,9102
2,9104
1,9105
80,9105
3,9106
33,9106
43,9106
87,9106
38,9107
50,9107
2,9108
5,9108
5,9109
97,9109
2,9110
4,9110
3,9112
28,9113
49,9113
63,9114
94,9114
4,9115
59,9115
22,9119
64,9119
11,9121
99,9124
52,9127
6,9128
95,9130
58,9131
7,9132
22,9132
24,9132
88,9132
7,9133
78,9133
84,9134
29,9136
51,9137
80,9137
32,9139
62,9140
72,9140
15,9141
29,9141
22,9142
74,9142
1,9143
2,9145
74,9148
81,9148
1,9150
43,9152
1,9153
48,9153
90,9153
12,9154
39,9154
2,9155
96,9155
8,9156
26,9156
2,9158
11,9158
20,9158
44,9158
21,9159
14,9160
16,9160
81,9162
91,9163
44,9164
16,9166
93,9167
96,9167
71,9168
95,9168
24,9170
74,9170
22,9171
3,9172
36,9172
4,9173
67,9174
4,9175
68,9176
3,9177
33,9177
46,9177
39,9178
68,9178
9,9179
60,9179
93,9179
59,9180
7,9181
5,9182
18,9182
54,9182
26,9183
46,9183
92,9183
5,9184
69,9186
21,9187
46,9187
89,9188
53,9189
65,9190
92,9191
30,9193
31,9194
91,9194
66,9195
39,9196
63,9196
28,9197
20,9198
22,9198
15,9199
23,9199
30,9199
86,9199
65,9200
78,9200
83,9201
16,9203
24,9204
77,9204
41,9205
47,9205
3,9206
30,9206
88,9206
37,9207
46,9207
67,9207
4,9208
95,9208
3,9209
5,9210
5,9211
4,9212
9,9212
23,9212
60,9212
98,9212
51,9213
17,9215
51,9215
79,9218
65,9219
1,9220
2,9221
35,9221
1,9223
3,9223
13,9223
4,9224
4,9226
67,9227
2,9228
74,9228
1,9229
25,9229
2,9230
72,9231
46,9232
95,9232
1,9233
5,9233
32,9233
3,9234
53,9234
5,9235
72,9235
43,9236
30,9237
50,9237
1,9238
2,9239
2,9241
63,9244
18,9245
1,9246
82,9246
76,9247
63,9248
2,9249
58,9249
62,9250
74,9251
32,9255
57,9256
34,9257
52,9257
62,9257
17,9258
30,9258
38,9260
1,9261
57,9261
59,9261
1,9262
43,9262
97,9262
2,9264
3,9264
29,9264
60,9264
71,9264
73,9264
28,9265
31,9265
57,9265
32,9266
48,9266
87,9266
19,9268
4,9269
4,9270
67,9270
1,9271
5,9271
28,9272
2,9273
5,9273
21,9273
74,9273
33,9274
77,9274
89,9274
93,9274
2,9275
3,9275
55,9275
44,9276
71,9277
85,9277
51,9279
61,9281
2,9282
75,9282
13,9283
83,9283
17,9284
16,9285
38,9287
68,9288
66,9289
65,9290
90,9290
60,9291
20,9292
74,9292
100,9293
3,9293
63,9293
70,9293
1,9294
5,9294
94,9294
97,9294
2,9295
16,9296
86,9296
74,9297
4,9298
1,9299
5,9299
51,9299
2,9300
3,9300
54,9300
4,9302
1,9303
29,9303
6,9305
22,9305
52,9305
16,9306
61,9306
99,9310
100,9311
81,9311
4,9312
15,9312
46,9312
81,9312
2,9313
22,9313
76,9313
81,9313
100,9317
35,9318
93,9319
94,9319
53,9320
47,9321
3,9322
44,9322
33,9323
91,9323
18,9324
19,9325
32,9325
48,9326
4,9327
70,9327
5,9329
76,9329
59,9330
21,9331
91,9331
4,9332
92,9332
5,9333
93,9333
11,9334
20,9334
35,9334
44,9334
49,9334
71,9334
90,9334
5,9335
33,9335
37,9335
23,9336
24,9337
78,9338
99,9338
3,9339
3,9340
5,9341
97,9341
5,9342
81,9342
4,9343
4,9344
77,9344
3,9345
4,9346
28,9346
12,9347
15,9348
12,9349
37,9350
55,9350
22,9351
55,9351
79,9351
83,9352
3,9353
18,9353
49,9354
5,9355
41,9356
4,9357
3,9358
17,9358
25,9358
93,9358
29,9359
36,9362
45,9362
35,9363
41,9363
5,9364
72,9364
4,9365
50,9365
17,9367
83,9367
87,9368
82,9370
86,9370
88,9371
13,9372
56,9372
60,9372
68,9372
93,9372
85,9373
66,9374
37,9375
79,9376
52,9378
78,9378
89,9378
54,9379
92,9379
1,9380
85,9380
25,9381
1,9382
30,9382
72,9383
2,9385
19,9385
42,9385
84,9385
89,9385
54,9386
2,9387
8,9387
31,9387
1,9388
15,9389
46,9389
2,9391
5,9391
38,9391
41,9391
14,9392
69,9392
88,9392
100,9393
23,9393
54,9395
42,9396
20,9398
10,9400
13,9400
22,9401
45,9401
78,9404
14,9407
82,9408
3,9409
54,9410
4,9411
50,9411
67,9411
3,9412
99,9412
5,9414
50,9414
4,9415
5,9416
1,9417
90,9418
66,9421
68,9421
31,9422
65,9422
3,9423
5,9424
31,9424
61,9424
66,9424
4,9425
44,9425
70,9426
78,9426
85,9426
95,9426
4,9427
37,9427
88,9427
26,9428
3,9429
5,9430
84,9431
94,9432
7,9433
37,9433
51,9433
21,9434
27,9435
42,9437
96,9440
34,9441
74,9442
91,9442
22,9445
19,9446
40,9446
52,9448
13,9450
40,9450
27,9452
46,9452
9,9454
42,9454
6,9455
7,9455
65,9456
59,9461
78,9461
10,9462
71,9462
93,9462
45,9463
1,9464
59,9464
85,9464
2,9466
1,9467
2,9469
55,9469
85,9469
27,9470
1,9471
49,9471
85,9471
2,9472
61,9472
93,9472
68,9474
10,9475
82,9475
91,9475
10,9478
30,9478
96,9478
97,9478
36,9483
51,9483
64,9483
68,9486
83,9486
26,9489
24,9490
31,9490
9,9491
11,9491
52,9491
56,9491
91,9492
37,9493
63,9493
100,9494
24,9494
1,9496
46,9496
66,9496
1,9497
2,9498
93,9499
98,9501
32,9502
32,9503
5,9505
15,9505
2,9506
47,9507
68,9507
100,9508
1,9510
15,9510
2,9511
66,9512
11,9513
39,9513
18,9514
67,9514
84,9514
62,9515
19,9516
26,9516
12,9517
85,9517
21,9519
50,9519
64,9519
5,9520
96,9520
11,9521
71,9521
31,9524
50,9526
94,9527
29,9528
70,9528
96,9530
98,9530
24,9532
58,9532
66,9533
90,9533
99,9534
44,9535
94,9535
58,9536
78,9537
1,9538
18,9538
1,9539
80,9540
2,9541
71,9541
75,9541
5,9542
74,9542
3,9543
80,9543
96,9543
23,9544
64,9545
94,9545
1,9546
5,9546
24,9546
2,9547
4,9547
30,9547
3,9549
12,9549
79,9549
2,9550
46,9550
70,9550
4,9552
51,9552
5,9553
28,9553
98,9553
23,9556
74,9561
77,9561
13,9563
44,9563
25,9564
85,9564
10,9566
60,9566
47,9567
25,9570
63,9570
84,9570
54,9571
17,9572
41,9572
72,9572
95,9572
79,9573
81,9573
5,9576
82,9576
25,9579
72,9581
74,9581
9,9584
71,9584
87,9584
29,9586
49,9586
73,9586
6,9588
32,9588
38,9588
55,9589
71,9590
38,9593
66,9594
13,9596
37,9596
82,9596
67,9602
11,9603
3,9604
95,9604
96,9604
36,9607
50,9610
51,9610
8,9611
20,9611
69,9611
56,9613
61,9614
81,9616
34,9617
63,9619
67,9619
81,9619
18,9621
94,9622
19,9623
76,9626
57,9627
59,9631
60,9632
1,9634
67,9634
85,9634
2,9635
7,9635
10,9635
18,9635
24,9637
92,9637
1,9638
1,9639
2,9640
2,9641
3,9641
65,9642
20,9643
47,9643
70,9643
90,9643
4,9644
59,9644
94,9645
4,9646
86,9646
94,9647
5,9648
27,9649
3,9650
5,9651
70,9651
34,9652
37,9652
66,9652
7,9655
95,9658
28,9660
50,9660
6,9661
23,9661
36,9661
7,9662
10,9662
65,9663
66,9663
28,9664
39,9665
86,9666
87,9666
96,9666
20,9667
85,9667
70,9668
20,9669
75,9670
24,9672
7,9675
1,9676
1,9677
50,9678
55,9679
58,9679
2,9680
2,9682
38,9682
74,9682
1,9683
42,9683
50,9683
75,9683
2,9684
18,9685
47,9685
100,9688
3,9689
5,9690
4,9691
93,9691
3,9692
62,9692
5,9693
8,9693
24,9694
4,9695
82,9695
84,9695
3,9696
31,9696
5,9697
7,9697
13,9697
33,9697
5,9698
7,9698
31,9698
39,9698
61,9698
67,9699
4,9700
95,9701
4,9703
5,9704
3,9705
31,9706
44,9707
30,9708
55,9708
98,9708
55,9710
24,9711
22,9712
58,9712
98,9714
1,9715
52,9717
64,9717
2,9720
3,9720
27,9720
1,9721
4,9721
14,9721
63,9721
2,9722
51,9722
4,9723
1,9724
14,9725
2,9726
3,9726
36,9726
5,9727
8,9727
51,9727
62,9729
87,9729
5,9730
35,9730
17,9731
16,9734
24,9734
48,9736
42,9737
17,9738
96,9740
60,9741
67,9741
9,9743
52,9746
73,9747
12,9750
59,9750
6,9751
19,9753
56,9756
100,9757
97,9758
75,9759
18,9761
88,9761
71,9762
61,9766
71,9768
50,9770
53,9770
82,9771
84,9772
62,9773
77,9773
60,9774
75,9776
82,9778
3,9779
1,9780
5,9780
72,9780
86,9780
2,9781
4,9781
16,9781
83,9781
1,9782
5,9783
3,9784
32,9784
2,9785
4,9785
40,9785
34,9786
95,9786
1,9787
2,9788
33,9788
67,9788
1,9789
1,9790
2,9791
25,9792
32,9792
1,9793
27,9793
2,9794
72,9794
35,9796
2,9797
17,9797
76,9797
8,9802
65,9802
76,9802
63,9803
82,9806
83,9808
3,9809
5,9810
4,9811
29,9811
31,9811
3,9812
40,9812
2,9813
5,9813
27,9814
4,9816
66,9817
73,9820
3,9821
21,9822
28,9822
56,9822
59,9822
4,9823
52,9824
81,9824
5,9826
5,9827
83,9827
4,9829
3,9831
51,9833
19,9835
89,9835
55,9836
65,9836
75,9838
85,9838
86,9838
1,9839
1,9840
83,9840
2,9841
2,9842
90,9842
1,9844
71,9844
100,9845
2,9845
64,9845
3,9846
25,9846
4,9848
47,9848
86,9849
43,9850
5,9851
41,9851
61,9851
3,9852
32,9852
45,9852
100,9853
93,9853
13,9854
11,9855
49,9855
39,9857
5,9858
38,9858
94,9858
20,9859
36,9859
49,9859
56,9859
43,9860
45,9860
61,9860
63,9860
77,9860
97,9860
4,9863
41,9863
43,9863
39,9864
82,9869
50,9871
63,9871
18,9872
39,9872
77,9873
100,9874
82,9875
55,9876
63,9876
1,9877
16,9878
31,9878
66,9878
65,9879
2,9881
60,9881
9,9882
12,9882
1,9883
87,9884
1,9885
17,9885
49,9885
2,9886
33,9887
86,9887
2,9888
15,9888
81,9888
31,9890
50,9890
7,9894
57,9896
77,9896
54,9898
89,9898
60,9899
44,9900
46,9900
69,9900
3,9901
55,9902
79,9902
5,9903
80,9903
5,9905
10,9905
20,9905
4,9907
4,9908
3,9909
26,9909
54,9909
36,9910
6,9911
78,9911
75,9913
78,9915
89,9916
33,9917
65,9917
42,9918
76,9918
56,9919
76,9919
52,9922
23,9925
36,9927
37,9928
14,9929
48,9931
20,9932
72,9932
66,9933
10,9934
25,9934
45,9934
25,9937
14,9938
56,9938
97,9938
45,9941
75,9941
48,9943
88,9943
22,9944
95,9944
69,9945
29,9947
56,9947
2,9948
64,9948
85,9948
68,9950
24,9951
53,9951
53,9952
87,9953
91,9953
67,9954
38,9955
36,9957
64,9957
68,9958
15,9960
1,9961
1,9962
43,9966
2,9967
12,9968
23,9969
1,9970
49,9970
24,9971
26,9971
75,9971
100,9973
96,9973
2,9975
69,9975
54,9976
22,9977
2,9978
1,9979
2,9980
26,9982
99,9982
24,9983
1,9984
13,9984
93,9984
99,9984
6,9985
19,9985
7,9986
80,9987
89,9987
2,9989
1,9990
58,9991
78,9991
30,9994
51,9996
75,9996
57,9997
62,9997
2,9999
