25,4
18,7
1,8
17,8
2,9
1,12
1,13
23,14
2,15
3,15
2,16
23,16
25,17
23,17
2,18
5,19
2,20
4,20
5,21
25,22
3,23
4,24
14,24
8,25
17,25
8,26
4,29
6,30
12,34
21,34
20,35
25,37
13,38
25,40
24,42
20,50
23,51
24,52
6,55
25,57
6,59
6,62
13,62
9,67
25,73
15,74
7,76
13,80
9,83
18,84
22,85
3,86
4,88
4,89
5,91
6,91
14,91
5,92
3,93
20,94
1,95
8,95
2,96
16,96
1,99
3,99
2,102
5,102
24,103
1,104
5,104
2,105
4,105
4,107
19,107
3,108
8,108
15,110
10,116
19,117
20,117
25,118
9,118
6,119
12,120
9,121
11,123
23,124
8,129
21,129
23,131
19,132
3,135
9,135
6,138
13,140
18,140
24,140
16,143
16,145
21,146
14,147
3,150
5,151
9,151
17,151
4,152
5,153
15,153
3,155
4,156
9,161
13,164
9,166
5,167
23,169
12,170
18,170
24,175
12,176
24,176
9,177
12,179
21,182
3,186
4,187
5,189
6,189
3,191
8,192
4,194
13,194
11,196
12,196
5,197
17,198
17,200
22,202
8,203
10,204
6,207
1,210
2,211
13,211
22,211
1,212
13,212
7,213
2,214
7,214
10,214
1,215
10,215
2,216
16,218
19,218
1,220
11,220
1,222
2,225
2,226
19,226
1,228
2,229
8,231
8,236
3,238
20,240
1,241
2,242
1,243
5,243
2,245
20,246
1,247
2,248
24,248
23,250
8,253
11,255
21,256
12,258
14,258
13,259
17,259
9,261
25,267
1,267
2,269
19,269
15,270
1,272
1,274
6,274
9,275
21,276
2,278
2,279
4,280
20,280
9,281
13,282
16,282
12,284
17,284
7,285
8,286
6,289
23,291
20,293
20,295
19,296
17,297
23,298
24,298
21,302
24,303
3,305
4,306
24,306
25,309
7,309
15,309
5,310
5,312
3,313
10,313
4,316
11,316
16,318
19,318
11,319
17,319
21,319
11,322
17,323
16,325
20,333
11,336
12,337
1,340
10,340
10,341
12,342
24,343
2,344
13,344
1,345
23,345
1,346
4,346
2,348
6,348
2,349
23,352
24,352
3,356
5,357
23,357
4,358
4,359
3,362
7,363
9,363
5,364
1,365
17,366
14,367
2,368
1,370
18,370
17,371
2,372
23,373
1,374
2,376
23,379
1,382
8,383
24,383
14,387
21,387
9,388
10,390
6,393
11,395
20,396
17,399
24,402
11,407
17,408
6,410
10,411
1,413
9,413
2,415
16,415
1,417
15,417
2,418
21,419
1,420
14,422
20,423
2,427
1,428
1,429
2,431
1,435
8,435
2,437
9,437
11,438
14,438
2,439
12,441
15,442
19,443
21,446
1,454
24,455
18,457
21,457
7,458
1,460
17,460
2,461
1,462
17,462
1,463
2,466
2,468
18,468
12,469
18,469
21,473
19,475
14,477
21,477
7,482
15,483
5,485
20,485
3,487
5,488
21,488
4,489
5,490
4,492
22,492
16,494
3,499
24,499
13,500
8,501
24,501
9,503
18,504
11,507
10,508
13,508
20,509
19,511
3,514
5,515
10,515
20,515
4,516
3,518
5,519
4,523
3,524
10,526
11,526
4,527
5,529
5,530
17,530
4,531
3,532
12,532
16,534
12,535
23,536
3,537
17,537
1,538
3,540
19,541
1,542
4,542
5,543
2,544
3,544
5,545
2,546
15,546
21,546
4,548
1,549
2,550
20,550
19,551
24,560
9,562
13,566
16,570
13,571
3,573
5,574
4,576
3,579
5,581
8,581
20,581
24,581
4,582
18,583
20,586
24,589
21,590
1,591
1,592
2,593
23,593
2,594
1,595
8,595
2,596
6,599
19,599
18,600
3,602
20,602
18,606
6,609
15,609
16,611
3,614
12,614
5,616
4,617
24,617
4,618
3,619
22,619
5,620
17,621
6,623
13,623
16,626
7,628
17,628
25,629
16,630
1,632
8,633
2,634
1,635
25,636
23,636
2,637
3,637
15,637
19,637
1,638
4,638
2,639
5,639
3,641
5,643
11,644
4,645
7,646
12,651
14,654
23,655
6,658
15,660
14,668
3,669
5,670
4,671
5,673
4,674
1,675
1,677
3,677
13,678
18,678
2,679
2,680
1,681
2,684
17,684
25,685
11,686
20,690
14,691
20,692
25,694
19,698
8,704
7,707
12,708
25,709
14,710
24,713
12,716
7,719
21,722
22,723
1,724
12,724
1,726
2,727
24,727
2,728
1,729
3,729
10,729
15,729
4,730
22,730
2,731
5,731
11,732
3,733
15,733
5,735
4,736
6,736
17,736
5,737
22,737
3,739
1,745
2,747
1,748
23,748
2,750
1,751
2,753
12,753
12,755
25,756
14,756
13,757
7,758
18,758
9,766
1,768
2,771
7,771
1,772
18,772
1,774
11,774
22,774
2,775
2,776
12,777
19,777
1,779
8,779
1,780
2,781
8,782
2,783
1,785
15,785
8,786
2,787
15,789
20,789
17,791
11,792
2,794
10,800
8,803
9,809
22,811
1,812
2,813
1,815
2,816
1,818
2,820
3,821
5,824
14,824
25,825
5,825
4,827
15,827
4,828
24,828
3,830
10,832
9,837
25,845
9,846
24,849
25,852
7,853
8,853
13,854
9,856
4,862
7,862
11,863
18,864
10,866
9,873
19,875
21,876
21,878
8,880
12,885
7,886
25,887
13,890
19,890
20,892
17,898
3,899
6,899
4,900
12,900
3,901
20,901
4,903
5,903
8,903
4,906
14,908
18,909
5,910
7,912
21,912
19,921
21,922
24,922
7,923
1,924
22,924
13,925
2,926
16,928
1,929
2,931
14,932
20,932
1,933
2,934
22,938
19,942
12,943
6,948
12,948
16,950
20,952
9,953
12,954
16,954
8,955
1,964
1,965
2,966
25,967
11,967
2,969
1,970
2,971
9,972
12,973
13,974
7,980
15,981
1,982
2,984
1,985
1,986
24,987
2,989
2,991
25,997
1,997
1,998
21,998
2,1000
8,1000
23,1001
2,1003
7,1003
1,1004
25,1005
2,1005
24,1006
23,1007
15,1010
19,1010
15,1011
3,1014
4,1015
5,1016
19,1016
3,1017
25,1018
3,1018
4,1018
5,1019
1,1022
18,1022
1,1023
20,1024
21,1024
13,1025
13,1028
7,1029
13,1029
2,1030
15,1030
1,1031
2,1033
21,1033
2,1034
25,1038
15,1039
18,1039
1,1042
1,1043
2,1044
1,1045
2,1046
3,1046
2,1047
4,1047
5,1048
5,1049
3,1052
4,1053
24,1053
10,1056
19,1060
20,1061
12,1065
7,1067
25,1070
10,1072
18,1073
4,1075
6,1075
9,1075
13,1075
19,1075
14,1083
16,1085
22,1098
25,1103
17,1104
8,1105
18,1105
19,1108
7,1110
25,1112
14,1112
14,1114
20,1116
3,1119
5,1120
24,1121
4,1122
4,1125
3,1126
22,1126
5,1127
13,1128
14,1130
18,1132
8,1135
1,1136
2,1137
1,1138
2,1139
1,1141
2,1142
1,1145
14,1145
1,1146
2,1149
13,1149
2,1150
1,1151
14,1151
2,1152
18,1152
12,1154
3,1157
4,1161
25,1162
15,1163
24,1163
5,1164
20,1164
25,1167
20,1167
5,1168
4,1169
3,1171
20,1172
17,1175
21,1178
21,1179
12,1181
18,1186
17,1192
17,1195
11,1196
22,1196
3,1198
4,1201
3,1203
11,1203
5,1204
25,1205
4,1206
14,1206
5,1207
1,1210
1,1211
2,1212
1,1213
2,1215
2,1216
25,1220
17,1224
24,1226
14,1228
19,1230
20,1234
3,1238
4,1240
5,1244
5,1245
15,1246
3,1248
9,1249
19,1250
4,1253
18,1256
19,1256
14,1257
9,1258
20,1259
21,1259
11,1260
3,1263
4,1265
2,1266
11,1267
3,1270
5,1272
15,1272
4,1273
20,1273
5,1275
4,1276
15,1279
9,1280
16,1291
8,1293
22,1294
7,1296
25,1298
12,1301
20,1301
6,1305
18,1307
20,1307
3,1308
4,1309
19,1310
4,1311
5,1313
6,1314
5,1315
23,1317
3,1318
20,1320
3,1324
22,1324
23,1324
4,1327
9,1327
23,1327
5,1332
21,1332
3,1333
15,1333
4,1334
1,1335
9,1335
14,1335
2,1336
5,1337
9,1337
1,1338
2,1339
1,1340
12,1340
19,1341
2,1342
3,1343
4,1344
6,1344
3,1345
5,1346
5,1347
18,1351
4,1352
17,1352
2,1355
18,1356
21,1357
13,1358
2,1362
25,1365
5,1365
23,1367
20,1368
7,1373
9,1374
20,1375
15,1380
12,1382
12,1385
1,1386
2,1386
1,1388
14,1388
2,1391
10,1391
1,1392
2,1393
6,1393
2,1394
16,1398
3,1399
5,1401
1,1402
2,1403
9,1404
2,1405
4,1405
23,1405
1,1406
2,1407
1,1408
3,1408
16,1408
2,1409
4,1409
5,1410
5,1412
11,1414
15,1414
1,1418
2,1419
7,1419
1,1420
25,1421
2,1421
18,1421
1,1424
2,1425
11,1425
3,1426
4,1427
5,1428
5,1430
6,1430
23,1430
25,1431
4,1431
3,1433
20,1438
6,1439
14,1441
24,1446
3,1451
12,1451
19,1451
4,1452
5,1454
11,1454
4,1455
3,1458
15,1458
3,1460
5,1460
21,1461
25,1463
1,1464
2,1465
19,1465
13,1467
7,1470
8,1470
1,1471
1,1472
2,1473
17,1475
2,1476
10,1478
8,1479
23,1483
14,1485
12,1486
6,1490
15,1490
16,1490
19,1491
15,1496
8,1501
10,1501
12,1503
19,1507
25,1508
12,1509
7,1510
3,1513
4,1514
5,1514
4,1515
3,1516
9,1516
13,1516
17,1516
15,1517
5,1518
4,1519
16,1519
20,1519
16,1520
23,1520
11,1522
25,1523
19,1523
12,1524
14,1525
14,1527
9,1528
9,1531
9,1537
18,1538
9,1539
1,1546
9,1547
1,1548
2,1549
2,1550
12,1550
1,1551
9,1551
21,1552
2,1553
11,1553
14,1556
25,1558
1,1564
2,1565
1,1566
2,1568
1,1570
22,1571
2,1572
25,1574
16,1574
20,1574
10,1575
1,1577
1,1578
2,1580
1,1582
2,1583
18,1583
3,1585
4,1586
6,1586
10,1586
22,1586
2,1587
21,1588
22,1588
8,1590
20,1590
15,1591
5,1593
4,1594
5,1595
13,1596
24,1596
25,1599
3,1599
11,1606
16,1607
17,1608
1,1609
1,1611
15,1612
16,1612
2,1614
6,1614
22,1614
1,1615
16,1619
2,1621
23,1621
2,1622
22,1622
14,1624
12,1625
2,1629
25,1630
14,1634
14,1635
3,1636
15,1636
4,1637
24,1638
5,1639
23,1641
3,1644
5,1645
18,1645
4,1652
13,1652
24,1652
1,1655
3,1655
2,1658
5,1658
1,1659
4,1659
23,1659
1,1660
3,1660
6,1660
2,1661
10,1662
2,1663
4,1663
20,1663
5,1665
22,1665
8,1668
22,1672
6,1678
18,1680
19,1681
6,1682
8,1686
11,1688
1,1692
2,1693
1,1694
2,1695
1,1696
1,1697
2,1698
19,1698
15,1700
19,1701
19,1704
18,1707
23,1708
24,1709
8,1715
3,1717
4,1718
3,1721
5,1722
1,1723
4,1723
1,1724
5,1724
8,1725
2,1726
8,1726
14,1726
16,1726
2,1727
22,1728
9,1729
1,1730
19,1730
2,1731
18,1732
19,1734
23,1734
20,1735
24,1736
11,1739
19,1742
1,1743
1,1744
20,1745
2,1748
8,1748
23,1748
2,1749
9,1749
3,1750
8,1750
1,1751
5,1751
20,1752
4,1753
17,1753
2,1754
3,1754
5,1755
7,1755
4,1756
10,1760
3,1762
13,1762
11,1763
21,1763
5,1765
5,1766
7,1766
1,1767
4,1767
2,1768
11,1768
1,1769
16,1769
4,1770
1,1771
2,1772
2,1773
3,1773
17,1779
15,1781
18,1781
21,1783
6,1786
15,1787
15,1790
5,1793
17,1800
6,1802
13,1803
1,1804
10,1804
2,1805
11,1805
18,1805
1,1807
2,1808
1,1809
19,1809
2,1810
1,1812
14,1813
9,1814
2,1815
19,1815
24,1815
1,1817
2,1818
3,1818
24,1818
1,1819
15,1819
2,1821
4,1821
13,1822
5,1823
4,1824
11,1827
14,1827
3,1828
4,1828
21,1828
5,1829
20,1831
7,1832
20,1833
15,1834
23,1836
12,1843
14,1843
11,1845
7,1852
9,1856
7,1857
20,1859
18,1860
23,1860
12,1861
15,1863
1,1865
2,1865
13,1865
2,1866
13,1868
20,1868
1,1871
24,1871
1,1872
2,1873
12,1875
2,1877
8,1878
23,1878
13,1882
18,1883
25,1885
1,1888
1,1894
9,1894
10,1894
15,1896
21,1896
12,1897
15,1897
2,1899
17,1900
1,1902
2,1903
25,1905
9,1906
7,1908
19,1912
2,1913
15,1913
4,1916
5,1916
1,1917
3,1918
13,1918
2,1919
12,1919
5,1921
16,1921
18,1921
1,1922
5,1922
9,1922
2,1923
4,1923
15,1923
21,1923
4,1924
1,1925
2,1926
3,1926
10,1934
12,1935
18,1935
3,1936
13,1936
18,1939
4,1940
20,1940
9,1941
5,1944
16,1947
5,1948
25,1949
3,1949
12,1952
4,1953
19,1955
8,1959
13,1959
9,1960
3,1962
5,1963
4,1964
3,1965
1,1966
8,1966
1,1968
2,1969
8,1969
1,1970
4,1970
16,1970
2,1971
5,1971
2,1972
18,1977
21,1977
24,1981
25,1983
7,1983
6,1988
14,1988
16,1989
20,1989
15,1991
9,1993
16,1993
12,1997
19,2002
19,2003
21,2008
25,2009
18,2012
19,2012
21,2015
24,2016
23,2021
18,2028
9,2029
13,2033
3,2037
12,2037
13,2037
9,2039
25,2043
23,2043
12,2045
16,2049
11,2050
6,2052
11,2053
22,2055
22,2056
25,2061
3,2061
4,2063
1,2064
3,2064
5,2065
9,2066
4,2067
2,2070
5,2070
12,2071
14,2071
14,2073
14,2074
11,2075
24,2075
10,2077
1,2083
1,2086
17,2086
2,2088
2,2089
1,2090
2,2091
23,2093
13,2096
9,2097
23,2099
11,2100
20,2104
3,2106
5,2107
12,2109
15,2110
4,2112
3,2113
5,2114
22,2115
4,2116
10,2116
3,2123
4,2124
3,2125
4,2129
24,2129
5,2130
5,2131
10,2135
16,2135
20,2135
22,2135
16,2139
19,2139
17,2142
3,2144
10,2144
4,2146
3,2147
4,2148
5,2150
5,2151
3,2152
5,2156
4,2157
1,2160
5,2160
13,2160
3,2161
16,2162
2,2163
24,2163
4,2164
23,2164
1,2166
2,2168
6,2168
1,2169
2,2171
15,2174
6,2175
10,2176
9,2177
8,2179
19,2181
25,2186
15,2196
21,2197
14,2198
14,2199
7,2209
20,2211
25,2216
12,2218
20,2223
25,2227
21,2227
3,2229
5,2230
5,2231
21,2231
4,2232
3,2233
1,2234
4,2235
1,2236
2,2237
2,2238
1,2239
2,2240
12,2240
23,2243
24,2243
25,2244
3,2244
5,2247
13,2247
17,2248
4,2249
3,2250
4,2253
5,2254
14,2254
15,2254
19,2255
16,2257
23,2261
4,2268
19,2268
18,2269
9,2271
6,2273
1,2276
2,2277
1,2278
22,2278
2,2280
1,2281
2,2282
13,2284
4,2285
9,2287
8,2289
3,2291
18,2292
4,2293
6,2293
11,2297
4,2298
3,2299
5,2301
5,2303
1,2304
2,2306
8,2307
1,2308
2,2309
1,2310
25,2311
2,2312
13,2312
13,2313
23,2313
1,2314
1,2316
2,2317
10,2317
1,2320
2,2321
7,2321
2,2322
17,2323
15,2325
11,2326
15,2328
13,2333
10,2334
10,2339
7,2346
15,2348
17,2354
11,2355
3,2356
4,2357
5,2358
5,2359
23,2359
4,2360
3,2361
1,2364
16,2365
2,2367
19,2367
1,2368
2,2369
1,2370
2,2373
18,2375
8,2376
19,2378
22,2385
2,2387
15,2387
6,2391
15,2392
19,2396
4,2401
6,2401
11,2402
6,2407
11,2407
1,2408
1,2409
11,2410
14,2411
2,2412
11,2412
2,2414
1,2417
6,2417
2,2419
1,2421
19,2428
17,2430
18,2431
1,2432
14,2432
4,2434
25,2436
2,2437
1,2438
1,2440
12,2441
2,2442
2,2443
10,2444
21,2444
3,2446
14,2446
21,2446
4,2448
17,2448
17,2449
8,2450
4,2451
6,2451
5,2452
3,2453
20,2453
5,2454
1,2457
25,2460
1,2460
25,2461
2,2462
1,2463
21,2463
2,2464
2,2465
23,2467
24,2470
7,2473
13,2474
25,2476
14,2476
25,2477
12,2478
7,2483
25,2484
3,2488
24,2488
18,2489
5,2490
1,2491
5,2491
4,2492
3,2495
6,2498
16,2499
4,2500
18,2501
20,2502
23,2502
3,2504
4,2505
17,2505
5,2506
5,2507
4,2508
3,2509
1,2511
4,2512
9,2512
22,2512
2,2513
6,2513
19,2515
9,2517
1,2518
6,2518
1,2520
18,2520
6,2521
2,2522
2,2523
15,2525
25,2528
16,2532
14,2536
7,2538
20,2538
22,2542
4,2546
14,2551
22,2551
17,2556
24,2561
14,2567
23,2567
3,2568
9,2568
11,2570
4,2573
3,2574
24,2574
5,2579
1,2580
5,2580
4,2581
24,2581
16,2584
16,2585
1,2586
11,2586
24,2586
2,2589
17,2590
2,2591
25,2592
1,2595
24,2595
2,2599
16,2603
7,2604
1,2605
2,2608
13,2610
1,2612
18,2614
18,2615
10,2616
1,2617
9,2617
2,2618
2,2619
14,2619
9,2620
14,2623
1,2625
9,2625
10,2625
1,2626
21,2626
2,2628
2,2629
1,2632
9,2632
15,2633
25,2637
6,2637
2,2640
14,2640
17,2644
4,2645
15,2646
3,2649
4,2650
5,2652
9,2652
3,2653
5,2655
9,2655
13,2657
4,2658
25,2666
19,2668
8,2670
12,2674
11,2675
7,2677
1,2682
1,2683
25,2684
2,2684
3,2684
9,2684
2,2685
24,2686
5,2687
11,2687
23,2687
1,2688
2,2689
8,2690
4,2692
10,2692
4,2693
14,2693
5,2694
3,2695
16,2695
8,2696
20,2698
22,2698
23,2699
3,2700
16,2700
4,2702
19,2702
5,2703
22,2703
4,2704
13,2704
3,2705
22,2705
5,2706
15,2716
25,2720
2,2720
3,2723
5,2724
4,2726
5,2727
20,2727
3,2728
21,2729
4,2730
20,2735
6,2738
23,2738
24,2741
14,2748
18,2749
16,2751
7,2755
3,2757
5,2758
6,2758
1,2759
5,2759
2,2760
4,2760
1,2761
3,2762
14,2762
2,2763
20,2763
24,2763
1,2764
2,2764
4,2764
9,2764
23,2764
2,2765
22,2766
25,2770
18,2772
1,2774
2,2776
22,2776
1,2777
2,2778
1,2781
11,2781
2,2782
3,2782
11,2784
4,2785
3,2786
18,2786
12,2787
21,2787
4,2788
22,2789
5,2791
21,2792
5,2793
3,2794
12,2795
20,2797
19,2798
4,2800
25,2801
5,2802
5,2803
9,2804
14,2806
4,2807
3,2808
4,2809
5,2809
8,2809
6,2810
1,2812
12,2812
2,2813
9,2813
1,2814
2,2815
1,2816
2,2817
23,2820
5,2821
6,2826
3,2827
12,2827
4,2829
1,2830
4,2830
2,2831
12,2832
1,2833
3,2833
1,2834
5,2835
8,2836
14,2836
24,2836
2,2837
2,2838
5,2838
19,2838
12,2842
7,2843
13,2843
16,2844
19,2845
15,2846
6,2848
12,2853
1,2856
6,2857
1,2858
18,2858
11,2860
20,2860
24,2860
2,2861
18,2862
19,2864
1,2866
2,2869
10,2869
11,2870
18,2871
1,2872
2,2873
1,2876
10,2876
7,2877
1,2879
2,2880
2,2881
19,2883
1,2888
1,2889
2,2890
20,2893
21,2894
7,2900
21,2901
17,2902
5,2906
14,2906
14,2908
24,2908
18,2910
19,2910
14,2913
25,2914
21,2921
12,2922
24,2923
21,2924
12,2930
1,2933
2,2934
11,2934
1,2935
13,2935
2,2936
7,2936
1,2937
8,2937
2,2938
25,2942
6,2946
9,2946
1,2947
2,2948
1,2949
2,2950
8,2950
1,2953
2,2956
2,2957
11,2957
3,2959
4,2960
11,2960
21,2960
4,2963
15,2963
5,2965
3,2966
5,2968
21,2968
1,2970
11,2970
1,2972
5,2972
2,2973
2,2974
1,2975
19,2976
2,2977
9,2977
19,2977
21,2979
9,2980
6,2981
14,2982
23,2982
7,2988
21,2988
8,2991
1,2993
1,2998
24,2998
1,3000
2,3001
22,3002
15,3003
13,3005
2,3006
1,3008
10,3008
2,3009
19,3010
3,3018
12,3019
9,3020
4,3021
14,3022
5,3023
3,3024
11,3025
4,3026
5,3027
21,3033
21,3036
1,3037
10,3037
2,3038
8,3038
3,3039
5,3040
8,3040
25,3041
1,3041
1,3043
4,3043
16,3043
4,3044
2,3047
5,3047
16,3047
2,3050
3,3051
7,3051
16,3060
21,3060
11,3061
8,3062
7,3063
25,3064
14,3065
17,3067
24,3069
15,3078
20,3078
21,3082
8,3083
13,3083
8,3085
13,3088
3,3089
6,3089
1,3091
12,3091
17,3091
21,3091
1,3092
11,3092
2,3094
4,3094
1,3096
5,3096
2,3097
2,3100
5,3100
8,3100
4,3101
3,3105
9,3106
12,3106
2,3109
3,3111
5,3113
14,3113
10,3114
18,3115
24,3119
20,3120
4,3121
3,3122
5,3124
4,3128
3,3130
5,3131
20,3131
21,3131
4,3133
3,3134
5,3135
12,3135
18,3135
4,3136
9,3137
19,3138
10,3142
7,3145
11,3147
23,3148
23,3151
13,3152
15,3154
25,3155
10,3156
15,3156
17,3156
1,3157
14,3158
23,3163
3,3167
4,3168
12,3168
4,3169
13,3169
11,3172
3,3173
5,3177
5,3180
19,3182
12,3186
24,3191
1,3193
9,3193
2,3194
14,3195
1,3196
18,3196
2,3197
7,3197
1,3198
2,3201
1,3206
5,3206
21,3207
1,3208
2,3210
3,3210
4,3211
4,3212
17,3212
22,3212
1,3213
3,3213
2,3214
5,3214
6,3214
2,3216
16,3219
5,3220
9,3221
11,3221
9,3223
1,3224
11,3224
16,3224
20,3224
18,3226
2,3227
1,3230
2,3231
16,3235
1,3238
4,3238
2,3240
11,3243
25,3244
24,3244
25,3245
22,3245
10,3246
8,3249
13,3254
3,3256
16,3256
5,3257
4,3258
22,3258
11,3259
5,3261
4,3262
3,3264
11,3266
24,3266
18,3267
3,3268
4,3268
5,3270
15,3271
4,3272
4,3273
24,3274
5,3276
3,3279
11,3279
6,3281
16,3281
18,3285
16,3287
25,3295
17,3296
8,3299
10,3299
1,3302
14,3302
1,3303
10,3304
2,3307
20,3310
3,3311
15,3312
1,3313
4,3314
2,3315
15,3315
23,3315
2,3316
23,3316
23,3317
5,3318
14,3318
5,3319
1,3325
3,3325
1,3326
4,3326
10,3326
2,3328
10,3328
1,3329
2,3330
2,3334
5,3340
19,3340
24,3340
7,3347
10,3351
4,3359
22,3363
1,3366
1,3367
5,3368
2,3369
12,3369
9,3372
1,3374
9,3374
17,3374
2,3375
17,3376
2,3377
3,3377
7,3381
4,3382
19,3382
1,3385
11,3385
21,3385
1,3389
14,3393
2,3394
15,3394
22,3394
15,3396
2,3397
6,3400
14,3401
1,3403
12,3403
3,3407
16,3408
24,3408
5,3409
14,3409
2,3410
4,3410
4,3411
5,3413
6,3414
3,3415
10,3418
8,3424
22,3425
11,3427
21,3427
15,3428
23,3430
13,3432
17,3433
1,3435
18,3435
2,3436
1,3437
1,3438
8,3441
2,3442
12,3444
25,3445
2,3445
3,3445
5,3446
4,3447
5,3447
5,3450
3,3452
9,3453
4,3454
6,3455
19,3458
5,3463
9,3463
20,3463
6,3464
12,3464
13,3464
21,3465
1,3470
22,3470
1,3473
2,3475
4,3477
14,3478
2,3479
1,3480
2,3483
8,3483
3,3485
4,3486
10,3486
5,3487
19,3488
8,3491
14,3491
4,3493
1,3495
5,3496
10,3496
7,3497
1,3498
3,3498
2,3499
1,3500
2,3502
7,3503
13,3503
3,3504
8,3504
13,3504
4,3505
2,3506
3,3506
5,3507
22,3507
5,3508
4,3509
3,3511
11,3511
4,3512
7,3512
3,3513
5,3513
4,3514
3,3515
5,3517
11,3517
13,3518
14,3521
3,3523
24,3523
5,3524
9,3525
9,3526
15,3527
4,3528
8,3528
3,3529
15,3532
4,3533
5,3536
21,3536
22,3543
21,3545
11,3546
18,3552
24,3557
25,3559
24,3562
9,3566
9,3570
6,3572
14,3573
25,3577
25,3578
16,3578
20,3580
13,3583
13,3588
23,3589
25,3593
20,3593
17,3599
22,3599
9,3600
11,3600
1,3602
1,3605
2,3606
1,3610
19,3610
2,3611
2,3612
12,3614
13,3615
7,3620
3,3621
5,3624
17,3624
4,3625
3,3626
5,3627
4,3628
12,3628
13,3628
21,3629
19,3630
13,3632
6,3636
16,3640
10,3644
3,3645
5,3646
6,3646
18,3647
23,3647
4,3650
15,3650
4,3651
5,3652
25,3653
23,3653
3,3655
16,3655
6,3657
9,3659
22,3659
19,3661
18,3663
1,3664
21,3665
2,3666
12,3666
3,3668
17,3668
1,3671
22,3672
24,3672
1,3673
4,3673
5,3674
5,3676
2,3677
18,3677
25,3678
12,3678
19,3679
22,3679
15,3680
10,3682
3,3683
7,3683
12,3683
2,3684
4,3684
13,3690
1,3696
3,3696
1,3697
5,3697
2,3698
4,3698
4,3699
2,3701
5,3701
1,3702
3,3702
2,3703
7,3704
8,3709
12,3712
3,3713
5,3714
14,3715
17,3717
4,3718
3,3720
15,3721
8,3722
1,3723
7,3723
2,3724
4,3724
1,3725
22,3725
1,3726
5,3726
17,3726
2,3727
20,3728
2,3729
12,3729
3,3730
5,3731
4,3732
4,3733
5,3734
6,3734
20,3735
3,3737
6,3739
3,3740
5,3743
4,3744
7,3744
13,3745
5,3747
4,3748
18,3748
1,3749
17,3750
22,3750
3,3752
2,3753
1,3754
1,3755
11,3755
24,3755
2,3756
18,3757
2,3758
19,3760
20,3765
1,3767
2,3769
8,3769
1,3773
20,3773
1,3775
2,3775
3,3775
4,3776
1,3777
5,3777
13,3777
2,3779
21,3780
1,3781
5,3781
1,3782
4,3782
18,3782
19,3782
4,3783
21,3784
2,3785
3,3785
9,3785
2,3786
1,3787
12,3787
2,3789
19,3795
23,3795
8,3799
16,3800
6,3801
19,3802
11,3806
2,3807
15,3808
24,3808
10,3809
15,3809
20,3810
23,3813
22,3815
14,3818
15,3818
8,3820
10,3820
10,3821
23,3821
14,3825
9,3826
12,3827
21,3828
12,3831
10,3835
17,3836
15,3837
16,3837
6,3839
1,3840
21,3842
2,3843
6,3844
17,3844
1,3845
1,3848
2,3849
22,3849
2,3850
15,3853
19,3855
21,3856
10,3857
8,3859
14,3859
24,3859
9,3862
6,3867
8,3867
5,3869
24,3870
10,3871
17,3873
25,3877
3,3877
14,3877
4,3878
4,3880
3,3882
5,3883
5,3885
23,3885
6,3889
24,3890
7,3891
19,3891
18,3893
10,3896
13,3897
20,3902
11,3903
1,3905
1,3906
6,3907
10,3907
2,3908
12,3908
25,3909
2,3909
1,3910
2,3911
6,3912
15,3920
23,3920
3,3922
16,3922
4,3925
8,3927
21,3927
7,3929
5,3930
16,3931
12,3932
3,3933
19,3935
23,3936
1,3937
5,3937
21,3938
1,3939
4,3939
2,3940
24,3940
1,3941
2,3943
22,3943
2,3944
12,3958
17,3963
3,3964
4,3965
1,3966
2,3967
5,3967
3,3968
1,3969
5,3969
24,3970
2,3971
4,3971
14,3971
23,3971
1,3973
2,3974
20,3978
12,3979
9,3980
21,3981
15,3982
18,3982
7,3985
7,3986
3,3991
4,3992
21,3993
5,3994
19,3994
3,3995
5,3996
4,3999
6,3999
23,4001
19,4002
1,4003
2,4004
12,4004
10,4005
1,4006
22,4007
2,4008
1,4009
2,4010
22,4010
10,4011
23,4011
9,4013
12,4013
7,4017
3,4018
4,4019
5,4020
5,4021
12,4022
3,4023
12,4023
9,4024
11,4026
23,4026
18,4028
1,4030
4,4030
23,4030
2,4031
1,4032
17,4032
1,4033
2,4034
2,4035
6,4038
6,4039
16,4041
23,4042
15,4043
3,4045
4,4048
22,4048
3,4049
5,4050
16,4050
5,4052
14,4052
17,4053
6,4055
4,4058
1,4060
6,4064
1,4065
16,4065
2,4066
25,4067
2,4067
9,4067
20,4067
1,4068
2,4070
22,4072
6,4074
22,4075
23,4077
9,4079
1,4081
16,4081
2,4086
22,4088
3,4089
9,4090
1,4101
11,4101
8,4103
10,4105
1,4106
2,4107
21,4108
4,4113
3,4114
4,4115
1,4116
21,4118
5,4119
23,4119
2,4120
4,4120
2,4121
5,4121
22,4121
3,4122
18,4123
15,4124
15,4125
21,4129
17,4132
6,4133
18,4136
14,4138
16,4138
15,4139
21,4139
4,4142
13,4143
22,4152
24,4153
2,4154
3,4156
5,4159
4,4161
15,4161
3,4162
5,4163
7,4163
4,4164
14,4166
9,4168
11,4168
15,4173
20,4174
9,4176
18,4177
4,4178
7,4179
3,4184
5,4185
7,4186
4,4187
3,4188
7,4189
21,4189
11,4191
4,4192
5,4194
17,4195
9,4197
15,4197
8,4200
1,4207
1,4209
21,4209
12,4210
2,4211
1,4213
2,4214
24,4214
2,4217
10,4219
20,4219
19,4222
13,4228
21,4229
10,4231
8,4232
15,4232
8,4233
11,4233
8,4234
7,4235
11,4235
21,4246
24,4246
8,4247
20,4249
3,4250
4,4251
3,4252
6,4252
5,4253
12,4254
4,4255
24,4255
5,4256
25,4260
6,4265
14,4266
11,4268
23,4272
3,4273
23,4275
5,4278
6,4278
4,4281
9,4281
4,4282
5,4283
1,4284
1,4285
2,4286
3,4286
1,4287
2,4290
8,4290
2,4291
15,4293
24,4295
1,4298
2,4301
1,4303
1,4305
2,4306
2,4307
12,4308
1,4309
11,4309
1,4310
2,4311
9,4311
2,4312
3,4313
5,4314
1,4316
9,4317
5,4319
2,4322
4,4324
6,4325
15,4325
23,4325
3,4327
4,4329
18,4332
14,4334
12,4335
20,4336
24,4338
12,4340
21,4342
3,4346
6,4346
4,4349
4,4351
3,4352
5,4353
5,4354
7,4356
7,4365
14,4365
7,4367
10,4370
23,4372
13,4375
16,4375
7,4381
3,4383
22,4383
5,4386
4,4390
25,4391
6,4391
10,4391
5,4392
10,4392
10,4393
3,4394
24,4394
4,4396
17,4397
21,4398
14,4401
1,4402
1,4403
2,4404
21,4405
2,4406
15,4406
1,4407
2,4408
8,4409
3,4410
15,4410
16,4410
5,4411
4,4412
9,4412
16,4412
3,4413
4,4414
5,4416
3,4417
13,4417
5,4419
4,4421
4,4423
21,4423
3,4424
23,4426
5,4427
25,4431
12,4434
19,4434
12,4443
11,4450
9,4451
6,4461
6,4462
11,4462
18,4463
18,4467
19,4467
14,4472
1,4473
2,4474
13,4475
1,4476
2,4477
11,4477
14,4480
15,4481
16,4481
20,4481
19,4486
1,4490
2,4491
7,4492
19,4492
11,4503
12,4503
25,4504
14,4504
1,4507
3,4507
4,4508
12,4508
5,4509
13,4509
2,4510
1,4511
8,4511
2,4513
4,4513
3,4514
6,4514
1,4515
4,4515
5,4516
15,4516
19,4517
2,4518
1,4519
2,4521
3,4521
17,4521
4,4522
5,4522
1,4523
5,4523
8,4523
11,4523
16,4524
2,4525
3,4525
6,4525
1,4529
13,4529
2,4530
4,4530
7,4530
1,4532
5,4533
1,4535
2,4538
12,4540
2,4541
7,4541
1,4542
3,4542
23,4543
4,4545
2,4546
9,4546
6,4548
16,4549
18,4549
5,4550
4,4551
21,4551
5,4552
15,4554
3,4556
7,4556
3,4558
17,4558
5,4560
17,4561
2,4562
20,4562
4,4563
4,4565
1,4566
2,4567
1,4568
3,4569
18,4569
2,4571
1,4574
2,4575
5,4575
24,4575
12,4577
9,4578
16,4578
20,4578
23,4579
11,4580
14,4581
18,4583
1,4585
3,4585
5,4587
2,4588
4,4588
1,4590
19,4590
1,4591
5,4591
18,4591
23,4591
2,4592
2,4593
3,4593
4,4594
25,4595
13,4595
15,4595
21,4595
24,4596
1,4603
1,4604
2,4605
3,4607
22,4608
1,4609
14,4609
5,4610
1,4612
4,4612
23,4613
24,4613
5,4614
2,4616
4,4616
11,4618
25,4619
2,4619
3,4619
18,4620
8,4621
24,4622
25,4624
13,4628
21,4630
9,4631
3,4634
24,4637
25,4639
5,4640
4,4641
5,4642
15,4642
4,4649
3,4650
24,4653
1,4656
2,4657
1,4659
11,4660
1,4661
2,4662
7,4662
11,4662
2,4665
24,4667
18,4668
19,4671
1,4672
2,4673
1,4674
22,4675
1,4676
2,4677
2,4680
19,4681
14,4682
6,4684
7,4687
14,4688
23,4688
3,4693
15,4693
4,4696
22,4697
3,4699
5,4700
11,4700
5,4702
8,4703
18,4704
4,4705
20,4705
25,4707
16,4707
23,4707
22,4710
8,4711
1,4712
25,4713
2,4713
20,4715
1,4716
2,4717
25,4718
3,4718
1,4719
2,4720
12,4720
25,4722
4,4722
3,4723
5,4725
4,4726
5,4727
22,4727
25,4730
15,4730
12,4733
16,4737
1,4739
2,4740
3,4740
1,4741
19,4741
4,4744
5,4745
2,4746
6,4746
1,4747
5,4747
9,4747
2,4748
3,4750
11,4751
4,4752
20,4752
9,4753
10,4755
18,4758
20,4759
25,4760
14,4761
3,4762
5,4764
16,4765
22,4765
4,4767
11,4768
22,4768
21,4769
4,4772
5,4773
3,4774
22,4775
1,4776
1,4780
12,4780
18,4780
2,4783
10,4783
2,4785
23,4785
1,4786
2,4787
22,4787
23,4787
4,4789
5,4791
19,4791
6,4798
16,4799
16,4800
24,4800
23,4803
8,4806
11,4806
20,4808
23,4808
2,4816
9,4817
11,4821
23,4821
2,4824
6,4824
17,4824
24,4825
14,4826
8,4827
21,4829
1,4836
6,4837
1,4838
18,4838
2,4839
1,4840
6,4840
15,4844
13,4845
10,4846
2,4847
2,4850
16,4850
11,4851
13,4853
23,4857
1,4859
10,4859
2,4860
1,4862
1,4864
7,4865
2,4867
13,4867
1,4868
2,4868
21,4868
2,4870
13,4873
15,4873
1,4874
16,4875
2,4876
1,4878
1,4879
2,4880
19,4881
23,4882
2,4883
4,4883
9,4887
16,4887
17,4892
13,4894
14,4895
7,4899
15,4899
19,4903
6,4906
22,4906
17,4914
3,4915
3,4916
4,4917
9,4917
4,4918
5,4919
5,4920
9,4920
3,4921
11,4928
13,4928
17,4928
7,4930
17,4933
6,4934
5,4935
10,4935
1,4937
7,4938
10,4939
17,4940
1,4941
2,4944
11,4944
24,4944
1,4945
6,4945
16,4945
24,4945
6,4947
17,4947
22,4947
2,4948
25,4949
1,4950
2,4950
14,4951
22,4952
6,4955
13,4957
3,4963
4,4965
3,4967
6,4967
4,4970
9,4971
5,4972
5,4976
17,4981
23,4985
22,4989
1,4991
11,4991
1,4992
2,4993
25,4994
1,4994
23,4994
2,4996
9,4996
2,4997
14,4998
13,5004
7,5005
8,5008
9,5013
20,5013
8,5014
25,5015
17,5018
14,5021
1,5023
2,5025
1,5026
23,5026
1,5027
16,5027
13,5028
2,5030
2,5034
10,5036
21,5036
14,5037
1,5049
17,5049
3,5053
1,5056
5,5056
12,5056
2,5057
4,5057
1,5058
4,5058
5,5059
3,5060
20,5060
17,5061
2,5062
11,5062
2,5063
3,5063
4,5066
6,5066
4,5069
3,5071
19,5073
24,5073
5,5074
9,5075
4,5076
3,5077
5,5078
8,5078
7,5080
15,5082
17,5082
21,5082
14,5092
18,5092
23,5098
3,5099
4,5100
4,5101
5,5103
16,5104
5,5105
13,5106
3,5107
9,5108
1,5112
15,5112
1,5114
2,5115
18,5116
2,5123
1,5124
2,5125
17,5127
1,5134
3,5135
2,5136
4,5136
1,5137
7,5138
10,5138
1,5139
16,5139
2,5142
17,5142
2,5143
4,5143
5,5145
5,5147
19,5147
3,5148
1,5150
23,5150
1,5152
2,5153
2,5154
1,5155
2,5156
8,5156
1,5162
2,5164
1,5166
2,5168
1,5169
2,5170
17,5171
13,5172
1,5175
15,5175
1,5176
2,5177
11,5177
2,5178
1,5179
2,5180
7,5180
12,5180
20,5180
23,5180
8,5183
22,5184
23,5184
22,5188
10,5189
17,5190
9,5192
18,5192
19,5193
8,5194
9,5195
21,5200
1,5201
2,5204
1,5205
1,5206
17,5206
2,5208
13,5208
3,5212
2,5213
22,5214
3,5217
13,5217
4,5218
1,5219
5,5219
20,5219
5,5220
2,5221
8,5221
1,5222
4,5222
22,5222
2,5223
1,5224
2,5225
3,5225
22,5225
17,5228
3,5230
20,5230
4,5231
14,5232
23,5232
5,5233
3,5234
11,5234
19,5234
4,5235
5,5237
11,5237
13,5239
8,5243
1,5244
20,5244
10,5245
1,5246
23,5246
2,5247
1,5248
2,5252
2,5253
16,5253
1,5254
1,5255
17,5255
2,5256
1,5259
2,5260
2,5261
15,5261
23,5262
18,5263
12,5267
1,5268
2,5269
1,5270
1,5271
2,5275
3,5275
2,5276
4,5276
4,5277
13,5279
8,5283
17,5283
14,5284
18,5287
5,5289
6,5289
1,5290
5,5290
12,5290
3,5291
2,5293
1,5294
13,5294
2,5295
25,5298
12,5300
21,5300
1,5303
2,5304
1,5307
8,5308
1,5309
2,5310
25,5311
2,5312
1,5314
13,5314
17,5314
24,5314
2,5315
20,5315
11,5316
13,5316
3,5318
6,5318
4,5320
9,5320
3,5321
9,5321
4,5322
5,5323
21,5323
5,5324
8,5327
3,5329
4,5330
5,5332
3,5333
4,5334
9,5334
5,5337
13,5337
25,5339
11,5339
1,5341
16,5342
10,5343
2,5344
6,5346
19,5346
3,5347
1,5348
5,5350
9,5350
4,5351
1,5352
8,5352
2,5354
3,5354
2,5355
4,5355
5,5357
11,5360
20,5362
1,5364
8,5364
2,5368
1,5371
2,5372
1,5375
20,5377
2,5378
25,5381
3,5381
8,5381
16,5383
24,5383
5,5384
11,5386
4,5387
12,5387
21,5387
4,5389
16,5389
5,5390
3,5391
17,5391
14,5392
16,5393
9,5394
15,5394
22,5399
9,5400
8,5403
10,5403
8,5404
10,5408
21,5409
4,5412
15,5415
15,5416
20,5416
12,5419
25,5421
3,5422
8,5422
5,5423
17,5423
12,5425
18,5425
5,5426
4,5434
3,5435
4,5436
10,5436
11,5436
12,5437
25,5439
21,5443
15,5444
1,5445
12,5445
7,5447
8,5448
11,5448
8,5449
7,5450
10,5452
22,5452
18,5455
25,5456
7,5461
6,5463
19,5463
8,5464
3,5469
8,5470
12,5470
17,5470
4,5471
18,5471
5,5472
3,5473
5,5474
3,5475
8,5476
4,5477
18,5477
8,5478
13,5480
12,5481
22,5481
20,5482
24,5482
25,5485
17,5487
12,5489
7,5490
11,5490
14,5493
1,5497
22,5499
1,5501
19,5501
2,5502
16,5502
1,5505
2,5506
21,5506
16,5507
22,5507
23,5507
2,5510
19,5511
23,5512
7,5513
5,5514
9,5518
3,5524
13,5524
15,5525
4,5529
23,5529
5,5530
14,5531
1,5532
1,5533
4,5534
2,5535
5,5535
14,5535
22,5535
1,5536
3,5536
2,5538
3,5539
2,5540
4,5540
14,5540
5,5541
3,5542
4,5543
21,5543
5,5544
23,5550
25,5551
8,5551
13,5552
1,5554
2,5556
17,5556
1,5557
3,5558
1,5559
2,5560
2,5561
5,5562
23,5563
5,5565
17,5565
4,5569
20,5570
25,5571
4,5571
12,5571
3,5572
23,5574
1,5575
20,5575
25,5576
2,5577
20,5577
24,5577
1,5578
6,5578
2,5579
23,5579
1,5581
2,5582
25,5583
24,5583
24,5584
1,5586
20,5586
2,5588
1,5589
3,5589
2,5591
3,5594
1,5595
2,5596
4,5596
4,5597
23,5598
5,5599
3,5600
13,5601
5,5603
22,5603
16,5604
3,5606
5,5607
15,5607
4,5610
3,5611
4,5612
5,5613
11,5614
16,5618
19,5618
23,5618
25,5621
12,5621
16,5621
11,5622
14,5622
8,5623
9,5623
16,5625
3,5627
2,5629
9,5629
1,5630
4,5630
8,5630
10,5630
18,5630
25,5631
1,5631
5,5631
4,5632
16,5632
2,5635
3,5637
2,5638
5,5638
10,5638
6,5639
1,5640
9,5643
2,5644
15,5646
17,5659
3,5660
15,5661
17,5661
4,5662
5,5663
25,5664
5,5666
9,5666
7,5667
16,5667
4,5669
3,5670
18,5670
6,5674
14,5682
23,5682
19,5684
15,5685
11,5688
1,5692
15,5692
2,5693
1,5694
25,5695
1,5695
9,5697
2,5699
2,5701
16,5705
11,5707
7,5709
16,5709
1,5711
1,5712
20,5712
22,5716
13,5717
23,5717
2,5718
12,5719
25,5720
23,5722
1,5723
2,5725
25,5727
2,5727
16,5728
3,5729
3,5731
4,5731
11,5731
4,5733
8,5733
5,5735
22,5735
5,5736
23,5736
3,5737
18,5737
3,5739
4,5742
3,5744
4,5747
5,5749
1,5752
5,5753
2,5755
9,5755
1,5756
22,5756
4,5757
1,5759
7,5760
2,5763
8,5763
18,5765
8,5767
16,5767
2,5770
10,5770
20,5770
18,5773
22,5774
3,5777
5,5778
5,5779
4,5780
12,5780
19,5780
3,5781
4,5782
9,5782
23,5782
9,5783
8,5784
11,5784
18,5786
22,5786
15,5787
1,5788
3,5789
2,5790
23,5790
1,5791
4,5791
2,5792
3,5792
1,5793
4,5793
19,5793
5,5794
2,5795
4,5795
5,5795
22,5795
5,5796
24,5800
12,5801
3,5807
5,5809
13,5809
4,5811
5,5813
10,5816
19,5816
3,5820
6,5820
4,5821
6,5821
14,5821
8,5829
22,5831
15,5832
18,5834
6,5835
23,5836
14,5840
12,5843
16,5843
5,5845
21,5846
15,5851
20,5851
1,5852
1,5859
19,5859
2,5861
3,5861
1,5862
5,5862
1,5864
15,5864
2,5865
2,5866
4,5866
4,5867
10,5868
5,5871
3,5872
8,5879
18,5886
14,5889
16,5893
22,5893
15,5894
3,5895
5,5896
19,5897
4,5898
10,5898
3,5899
4,5900
14,5900
20,5900
5,5902
12,5903
3,5904
7,5906
16,5908
7,5909
1,5911
2,5912
13,5913
1,5914
2,5915
16,5916
1,5917
2,5918
22,5918
3,5920
1,5922
5,5922
4,5923
14,5923
7,5925
19,5925
4,5926
3,5931
4,5931
5,5932
14,5933
12,5945
1,5947
9,5947
1,5949
16,5949
2,5950
20,5950
18,5951
1,5952
14,5954
2,5956
2,5957
24,5957
25,5963
22,5966
18,5969
21,5969
21,5972
3,5973
4,5974
18,5974
9,5975
3,5977
20,5977
5,5979
15,5979
25,5980
5,5980
7,5981
22,5982
4,5983
23,5985
9,5986
5,5988
1,5992
22,5993
12,5995
2,5996
1,5997
1,5999
6,6000
2,6001
9,6002
25,6006
2,6006
23,6006
11,6007
16,6010
3,6012
6,6013
22,6013
4,6014
17,6015
5,6017
24,6017
25,6019
5,6019
4,6020
9,6020
3,6021
20,6021
8,6022
23,6024
1,6027
1,6028
6,6028
2,6033
17,6033
1,6034
2,6035
13,6036
2,6037
18,6037
22,6038
12,6042
18,6044
6,6046
25,6047
23,6047
2,6049
9,6050
11,6050
6,6051
18,6058
3,6060
4,6061
5,6062
5,6065
9,6065
1,6066
3,6066
2,6067
4,6067
1,6068
2,6070
16,6071
10,6074
3,6075
1,6077
11,6077
4,6078
2,6079
5,6080
4,6081
5,6082
20,6082
3,6083
18,6083
19,6084
1,6085
13,6085
25,6086
1,6086
2,6087
2,6090
1,6091
13,6091
6,6093
2,6094
3,6096
24,6096
21,6097
4,6100
5,6101
5,6102
18,6102
15,6104
3,6105
13,6105
17,6105
22,6105
23,6105
6,6107
4,6108
15,6108
17,6108
20,6108
6,6111
12,6111
14,6112
21,6113
3,6118
4,6119
5,6120
17,6121
11,6122
3,6123
5,6124
9,6125
4,6127
10,6130
18,6132
3,6134
4,6135
4,6136
12,6136
1,6139
5,6140
2,6141
3,6141
1,6142
5,6143
6,6145
1,6148
17,6148
12,6149
2,6153
2,6154
18,6155
23,6156
25,6157
22,6157
1,6160
2,6163
1,6164
1,6165
5,6165
9,6165
2,6166
11,6169
2,6170
17,6172
18,6172
15,6175
2,6177
13,6177
19,6177
17,6180
20,6182
17,6186
20,6186
7,6187
8,6192
15,6192
6,6197
6,6201
10,6201
6,6203
9,6203
4,6205
13,6205
13,6210
3,6213
4,6214
6,6214
20,6216
24,6216
5,6217
3,6218
11,6220
5,6222
25,6223
4,6223
9,6223
20,6226
24,6226
25,6229
13,6229
1,6230
10,6230
21,6230
2,6231
16,6231
12,6233
1,6234
16,6234
1,6235
17,6235
10,6236
19,6236
2,6238
2,6239
13,6240
7,6242
6,6248
16,6248
23,6249
2,6250
6,6251
3,6252
4,6253
3,6254
5,6256
18,6256
5,6259
4,6260
10,6262
20,6262
3,6264
6,6264
20,6264
4,6265
18,6265
8,6266
4,6267
22,6267
5,6270
1,6271
1,6272
2,6273
3,6273
2,6274
5,6274
25,6275
1,6275
23,6275
8,6276
8,6277
7,6278
2,6279
9,6282
19,6284
3,6285
15,6286
4,6288
23,6290
4,6292
9,6292
3,6293
5,6298
5,6299
13,6299
10,6301
11,6304
11,6311
16,6311
25,6322
1,6322
6,6322
2,6323
16,6323
1,6324
17,6326
15,6327
9,6328
13,6328
2,6329
1,6330
2,6331
25,6333
20,6337
21,6339
16,6340
18,6342
19,6342
7,6343
24,6343
6,6344
8,6344
8,6346
7,6347
14,6347
14,6349
3,6350
5,6351
20,6351
20,6352
25,6354
4,6354
20,6354
3,6355
5,6356
7,6356
4,6358
3,6362
5,6363
4,6364
18,6364
5,6365
3,6366
16,6368
4,6369
18,6369
3,6373
21,6374
5,6377
16,6378
4,6380
16,6380
18,6380
5,6385
10,6390
15,6390
22,6390
4,6391
3,6392
11,6393
16,6393
10,6394
10,6395
6,6397
3,6401
7,6401
23,6402
4,6403
3,6405
9,6405
5,6406
18,6407
4,6408
5,6411
18,6413
24,6413
12,6415
17,6415
24,6415
21,6417
11,6421
15,6424
13,6428
7,6430
12,6430
7,6437
9,6437
3,6438
23,6438
5,6439
1,6440
4,6441
23,6441
1,6442
4,6442
2,6443
5,6443
20,6444
2,6446
3,6446
1,6447
2,6448
24,6449
13,6450
8,6458
24,6458
18,6464
13,6466
15,6466
25,6467
20,6468
4,6473
19,6473
21,6478
8,6485
14,6485
21,6486
24,6486
24,6489
24,6490
13,6493
18,6493
9,6496
20,6498
9,6499
11,6506
8,6511
12,6517
7,6520
15,6521
7,6523
1,6525
20,6526
24,6526
2,6527
1,6528
21,6528
7,6529
1,6530
2,6531
9,6531
23,6533
25,6534
2,6534
22,6542
25,6552
18,6552
13,6553
9,6559
10,6559
11,6561
25,6562
12,6563
20,6563
23,6563
22,6567
6,6569
19,6571
1,6574
3,6576
25,6577
2,6577
1,6578
2,6579
12,6580
1,6584
2,6585
22,6585
9,6586
1,6587
2,6590
10,6590
1,6591
1,6592
2,6593
24,6593
25,6595
20,6595
2,6598
7,6601
10,6603
22,6603
14,6607
24,6607
3,6611
5,6612
24,6612
4,6615
10,6615
5,6616
4,6617
3,6618
16,6620
25,6623
20,6623
11,6624
15,6624
7,6636
8,6638
23,6638
18,6640
19,6642
15,6644
20,6644
3,6649
11,6649
4,6650
4,6651
5,6652
3,6654
21,6654
5,6656
7,6656
15,6660
25,6661
22,6668
13,6669
19,6669
3,6671
4,6672
3,6673
5,6674
11,6674
25,6675
20,6675
24,6675
5,6677
4,6679
1,6680
11,6681
1,6683
2,6684
2,6685
6,6685
19,6687
6,6688
1,6689
2,6690
23,6690
19,6696
24,6700
13,6703
3,6705
4,6706
24,6706
22,6708
3,6709
10,6710
11,6710
19,6710
8,6711
19,6711
5,6713
8,6713
4,6714
5,6715
3,6716
8,6716
15,6730
19,6732
8,6734
18,6735
7,6736
18,6738
18,6739
18,6741
18,6742
1,6744
6,6744
1,6747
6,6748
2,6752
2,6758
1,6760
6,6760
25,6761
2,6761
1,6763
1,6764
13,6765
2,6766
24,6766
13,6767
2,6768
17,6768
1,6769
11,6769
11,6770
2,6771
24,6776
18,6778
3,6781
4,6783
11,6783
5,6784
20,6787
5,6788
17,6789
3,6791
16,6792
17,6792
7,6793
4,6796
20,6796
17,6798
21,6798
24,6798
7,6800
9,6805
6,6806
6,6807
18,6808
1,6809
13,6809
2,6810
9,6810
14,6810
1,6811
22,6811
23,6811
2,6812
8,6813
1,6814
12,6814
2,6815
13,6816
9,6818
7,6821
12,6822
16,6827
22,6827
20,6828
24,6828
3,6829
5,6830
22,6830
16,6831
10,6832
6,6833
4,6835
4,6836
7,6836
16,6838
4,6839
23,6839
5,6841
3,6842
8,6844
24,6844
17,6845
22,6846
16,6855
5,6858
7,6860
18,6863
23,6863
12,6866
13,6867
15,6867
17,6867
19,6869
16,6871
18,6872
16,6880
25,6882
10,6884
21,6889
13,6898
13,6902
14,6907
15,6907
7,6910
17,6911
6,6913
11,6913
22,6913
10,6917
22,6917
15,6918
20,6918
22,6918
14,6919
8,6921
23,6922
10,6925
3,6927
6,6927
22,6927
4,6928
5,6929
1,6930
5,6930
3,6931
2,6932
4,6933
14,6933
19,6933
23,6933
1,6935
2,6936
1,6937
2,6941
9,6942
6,6943
23,6945
10,6946
6,6947
21,6949
23,6950
23,6952
24,6954
22,6955
3,6957
23,6958
5,6960
5,6961
14,6961
14,6962
4,6963
4,6964
14,6965
3,6968
3,6969
5,6970
8,6970
10,6970
11,6970
4,6971
4,6972
5,6975
3,6976
3,6982
19,6982
5,6984
5,6985
4,6987
7,6987
17,6987
23,6988
23,6989
3,6990
14,6990
4,6991
1,6994
2,6997
2,6998
8,6998
1,7002
17,7003
1,7004
2,7005
2,7006
9,7006
11,7010
11,7011
8,7013
3,7018
13,7018
24,7018
22,7019
4,7021
10,7021
1,7023
7,7025
4,7026
15,7027
17,7027
11,7028
1,7029
14,7029
23,7029
1,7031
3,7032
9,7032
2,7033
5,7033
18,7033
2,7034
5,7034
1,7035
2,7036
2,7037
14,7038
11,7039
15,7040
18,7040
25,7042
12,7042
23,7049
25,7053
18,7054
3,7056
4,7058
10,7060
16,7061
3,7062
5,7065
4,7066
16,7066
21,7066
2,7067
5,7068
6,7068
3,7074
4,7075
5,7076
5,7077
19,7077
3,7078
9,7078
4,7079
15,7082
6,7083
8,7084
2,7085
3,7088
4,7090
5,7093
9,7095
15,7096
4,7097
12,7097
5,7098
3,7099
9,7111
24,7114
5,7115
10,7117
1,7120
7,7122
13,7123
1,7124
2,7126
2,7127
1,7129
16,7129
2,7130
9,7131
16,7136
9,7137
22,7137
1,7142
6,7142
3,7143
2,7144
5,7144
6,7144
5,7145
4,7146
22,7146
1,7147
12,7147
17,7147
2,7148
17,7149
1,7150
3,7151
9,7151
16,7152
2,7154
4,7154
24,7154
6,7156
22,7156
9,7159
12,7161
23,7161
3,7162
4,7163
4,7165
5,7166
3,7168
19,7168
12,7169
25,7173
16,7174
1,7175
5,7175
24,7175
20,7176
2,7177
10,7177
1,7179
8,7179
17,7179
21,7179
2,7182
1,7184
19,7184
2,7185
20,7190
17,7191
13,7193
3,7194
10,7194
17,7195
17,7198
24,7198
24,7199
5,7200
24,7200
1,7204
4,7204
1,7206
5,7206
21,7206
2,7207
4,7208
2,7209
3,7209
24,7209
3,7210
1,7211
5,7211
2,7212
4,7213
4,7215
3,7217
1,7218
5,7218
2,7219
12,7219
14,7219
1,7220
1,7223
2,7224
7,7224
2,7226
12,7229
6,7234
9,7235
6,7239
3,7242
19,7243
13,7244
5,7247
15,7247
4,7249
11,7249
5,7250
4,7251
3,7252
2,7255
3,7255
25,7257
6,7257
4,7258
22,7258
3,7259
22,7259
5,7261
7,7261
5,7262
4,7263
17,7266
14,7267
7,7269
10,7269
6,7275
17,7275
14,7276
23,7279
14,7286
21,7287
23,7287
10,7292
20,7292
9,7293
17,7293
1,7299
10,7299
8,7300
12,7300
2,7303
17,7303
1,7304
2,7305
1,7308
2,7309
7,7309
1,7311
10,7318
11,7320
17,7321
7,7322
11,7322
3,7323
25,7325
5,7328
4,7329
5,7329
8,7330
24,7330
3,7332
20,7333
23,7335
4,7336
23,7338
4,7340
5,7340
20,7340
10,7341
3,7345
15,7346
13,7347
7,7351
11,7351
21,7355
14,7356
17,7356
10,7357
25,7361
12,7361
23,7362
20,7363
10,7364
16,7367
11,7369
17,7371
22,7372
23,7376
7,7377
19,7382
7,7385
10,7385
16,7385
23,7386
3,7387
4,7388
8,7389
3,7392
5,7393
5,7395
24,7395
4,7396
17,7396
19,7399
17,7400
17,7401
19,7410
10,7413
9,7416
19,7417
15,7418
3,7422
4,7424
13,7424
5,7426
22,7426
5,7427
18,7427
19,7427
23,7427
21,7428
4,7429
12,7429
20,7430
25,7431
3,7431
22,7432
23,7434
25,7437
12,7438
11,7444
24,7446
11,7448
19,7456
22,7457
13,7461
15,7461
9,7463
8,7470
10,7473
7,7476
10,7476
1,7480
1,7481
20,7482
2,7484
6,7484
14,7484
2,7485
7,7486
1,7489
2,7490
13,7490
10,7492
11,7493
25,7496
13,7500
18,7507
25,7508
17,7511
3,7512
5,7513
4,7515
4,7516
6,7516
8,7516
3,7517
20,7518
8,7521
18,7522
4,7524
22,7525
5,7527
2,7530
25,7534
3,7540
23,7540
4,7541
5,7544
4,7545
6,7546
11,7546
19,7546
3,7549
14,7550
25,7551
20,7552
8,7554
5,7557
24,7557
24,7558
6,7560
6,7561
1,7565
2,7570
1,7571
1,7572
22,7572
6,7573
2,7575
20,7575
2,7576
11,7577
12,7577
3,7578
19,7578
9,7579
19,7579
6,7580
5,7581
16,7582
4,7583
4,7584
5,7585
11,7586
16,7586
24,7586
1,7587
3,7587
14,7588
22,7589
24,7589
1,7590
2,7593
2,7595
2,7597
18,7597
1,7598
15,7599
23,7601
2,7603
20,7603
23,7603
20,7610
22,7614
22,7615
18,7619
8,7621
3,7622
5,7624
6,7624
20,7626
4,7627
14,7627
4,7629
5,7631
1,7632
10,7632
3,7633
3,7635
4,7637
5,7638
5,7639
4,7642
3,7643
21,7643
25,7646
3,7650
14,7652
5,7653
15,7654
5,7655
4,7656
3,7660
6,7660
22,7660
4,7661
8,7665
10,7668
13,7670
16,7671
23,7672
12,7673
19,7674
3,7675
23,7676
4,7677
25,7678
5,7678
2,7679
3,7681
16,7681
5,7682
4,7683
11,7686
10,7696
11,7697
12,7697
18,7698
24,7698
1,7699
25,7702
3,7702
24,7702
5,7703
15,7703
4,7705
4,7706
5,7706
4,7707
23,7707
3,7709
10,7709
1,7710
2,7711
12,7711
20,7712
1,7713
2,7714
11,7714
16,7714
1,7715
3,7715
2,7716
23,7716
7,7718
25,7720
25,7721
4,7721
5,7722
16,7722
6,7726
4,7727
5,7728
9,7728
3,7729
16,7730
14,7731
16,7731
9,7732
15,7732
2,7736
19,7737
10,7743
10,7744
19,7744
13,7750
24,7750
5,7751
7,7759
10,7763
9,7764
9,7767
14,7768
18,7768
18,7770
24,7770
7,7773
20,7775
8,7776
20,7780
12,7783
21,7783
23,7785
24,7785
10,7787
24,7787
5,7789
23,7792
3,7794
12,7794
15,7794
4,7795
17,7795
4,7797
5,7801
8,7801
5,7802
3,7803
3,7804
4,7805
4,7807
5,7809
24,7809
5,7810
6,7811
21,7811
9,7812
3,7813
9,7825
21,7825
12,7828
12,7829
21,7830
20,7834
20,7837
24,7837
18,7839
12,7840
20,7843
3,7846
21,7846
15,7847
5,7848
4,7850
3,7851
9,7852
16,7852
5,7855
4,7856
3,7858
4,7859
5,7860
16,7860
5,7864
24,7864
3,7865
4,7866
10,7868
22,7869
3,7871
5,7872
13,7872
5,7873
4,7874
4,7875
3,7876
3,7880
7,7884
4,7885
15,7885
19,7885
3,7886
5,7887
4,7888
13,7888
8,7889
5,7892
9,7893
12,7899
12,7900
9,7901
3,7905
5,7906
5,7907
4,7912
8,7913
3,7915
13,7915
12,7916
18,7916
8,7919
12,7919
13,7920
4,7922
3,7926
23,7927
4,7928
4,7929
5,7931
14,7931
5,7933
3,7935
6,7943
15,7943
24,7945
25,7947
11,7953
24,7956
14,7958
24,7959
17,7961
18,7962
8,7963
19,7963
24,7965
25,7966
24,7967
23,7968
17,7969
7,7974
19,7974
24,7979
1,7980
9,7980
10,7980
12,7980
1,7981
2,7983
10,7983
1,7985
2,7988
2,7989
15,7995
22,7997
18,7998
24,7999
17,8001
19,8001
1,8005
23,8005
3,8006
5,8009
4,8010
1,8011
14,8012
3,8013
2,8016
1,8017
4,8018
5,8019
9,8019
2,8020
7,8020
1,8021
3,8023
20,8024
2,8025
5,8025
4,8026
10,8026
25,8027
10,8029
15,8029
4,8030
11,8030
17,8030
7,8033
3,8035
11,8035
5,8036
23,8036
5,8039
15,8041
7,8043
9,8045
16,8046
25,8049
24,8050
5,8052
14,8053
13,8059
14,8062
15,8066
1,8069
24,8069
12,8070
2,8071
1,8074
1,8076
2,8077
20,8077
24,8078
2,8079
9,8084
1,8087
11,8087
2,8089
1,8091
3,8091
2,8093
4,8093
14,8094
18,8094
5,8095
3,8096
17,8097
1,8098
8,8098
2,8099
5,8099
14,8101
4,8104
8,8105
10,8107
7,8108
9,8111
3,8112
19,8112
12,8115
4,8116
22,8116
5,8117
10,8118
25,8119
5,8119
4,8121
12,8121
24,8121
3,8122
13,8122
3,8124
4,8125
4,8126
4,8127
10,8129
5,8130
7,8131
3,8132
5,8133
13,8136
13,8137
20,8138
3,8140
11,8141
4,8142
12,8142
16,8142
4,8143
13,8143
5,8144
10,8146
5,8147
15,8147
3,8148
16,8151
24,8153
25,8156
7,8156
14,8157
20,8158
24,8158
22,8160
16,8162
22,8166
23,8166
21,8167
25,8174
19,8178
24,8182
20,8183
3,8185
1,8187
4,8187
2,8188
10,8188
2,8189
5,8189
4,8190
1,8191
5,8191
23,8191
3,8192
11,8192
19,8192
24,8193
1,8194
11,8194
2,8195
2,8196
23,8197
8,8201
11,8201
3,8202
17,8202
4,8203
2,8204
5,8204
4,8205
8,8206
3,8208
5,8210
13,8211
18,8211
21,8212
10,8214
20,8214
18,8215
21,8216
8,8218
3,8219
8,8220
25,8221
4,8222
3,8225
5,8226
14,8227
20,8227
13,8228
4,8229
9,8229
23,8229
5,8230
25,8231
11,8235
23,8235
12,8236
3,8241
5,8242
6,8242
24,8242
4,8243
19,8243
4,8244
5,8245
20,8245
3,8248
15,8251
11,8255
23,8255
1,8256
12,8259
1,8261
2,8262
18,8262
7,8264
13,8264
2,8265
11,8266
1,8269
13,8269
2,8272
18,8272
3,8274
4,8276
10,8276
3,8277
5,8278
14,8279
21,8279
1,8280
5,8280
18,8280
1,8281
4,8281
8,8282
2,8283
7,8283
8,8283
6,8284
1,8285
9,8285
22,8286
2,8287
2,8288
13,8290
20,8291
3,8292
4,8293
4,8294
5,8295
5,8297
8,8297
3,8300
6,8300
16,8301
3,8302
4,8304
9,8307
9,8308
5,8309
3,8310
4,8311
14,8311
20,8312
5,8313
8,8319
12,8319
7,8321
3,8325
8,8326
9,8328
14,8328
4,8330
13,8331
3,8332
4,8333
5,8334
14,8334
25,8335
24,8337
21,8338
5,8341
12,8344
19,8345
17,8348
11,8350
3,8354
7,8355
6,8356
9,8356
16,8357
13,8358
18,8358
6,8360
15,8373
3,8377
4,8379
17,8380
18,8380
3,8382
4,8383
16,8383
5,8384
5,8385
13,8385
17,8388
12,8392
22,8392
6,8395
20,8398
15,8399
24,8399
19,8401
25,8402
13,8411
19,8411
21,8413
11,8414
9,8421
13,8426
14,8427
17,8427
3,8429
4,8430
5,8431
4,8432
5,8432
20,8432
5,8433
14,8433
3,8434
16,8434
18,8435
14,8440
18,8441
19,8443
3,8445
5,8446
18,8448
20,8449
8,8450
4,8451
19,8451
4,8452
3,8453
5,8455
7,8455
11,8456
10,8457
8,8459
25,8462
3,8465
3,8469
4,8471
3,8474
5,8475
5,8478
4,8480
1,8481
14,8482
1,8483
2,8484
2,8488
1,8489
2,8490
3,8491
4,8494
7,8494
13,8494
20,8495
5,8497
3,8500
5,8501
4,8502
1,8503
4,8503
2,8504
21,8504
1,8506
20,8506
1,8507
16,8507
22,8507
2,8508
2,8510
3,8510
7,8510
22,8510
4,8511
21,8511
5,8513
4,8514
15,8514
3,8515
17,8516
5,8517
18,8521
16,8522
6,8523
10,8530
16,8531
1,8532
10,8532
2,8534
1,8535
14,8536
2,8537
17,8537
24,8537
1,8539
24,8539
25,8540
7,8540
23,8540
2,8541
9,8542
23,8542
15,8543
3,8546
7,8546
22,8548
16,8551
4,8552
12,8556
3,8557
5,8558
5,8559
5,8560
4,8561
9,8562
18,8564
11,8566
24,8566
13,8569
11,8580
15,8580
13,8582
14,8585
9,8586
25,8588
21,8589
16,8590
20,8591
21,8593
18,8594
5,8595
15,8599
21,8599
1,8601
2,8603
1,8605
1,8610
2,8611
4,8612
2,8613
12,8614
8,8615
25,8616
22,8617
9,8618
11,8618
1,8622
1,8623
18,8624
2,8626
2,8628
21,8628
1,8629
2,8632
25,8635
12,8635
1,8636
1,8637
2,8639
2,8640
1,8641
2,8642
18,8646
21,8646
12,8647
10,8649
17,8649
21,8649
21,8651
16,8652
9,8657
16,8660
24,8661
21,8663
20,8668
9,8677
8,8681
25,8683
9,8685
24,8685
21,8686
14,8687
8,8690
3,8692
1,8693
4,8693
3,8694
4,8694
13,8694
2,8695
5,8695
7,8695
3,8696
21,8696
1,8697
5,8697
1,8698
2,8699
2,8703
18,8710
9,8713
11,8714
15,8715
6,8725
12,8726
14,8726
1,8731
20,8731
1,8732
9,8732
3,8733
11,8733
14,8733
5,8734
7,8735
14,8735
4,8736
2,8738
3,8738
8,8738
1,8739
2,8741
2,8742
1,8743
1,8745
4,8745
18,8746
2,8747
5,8748
2,8749
3,8749
4,8750
1,8751
4,8751
5,8752
14,8752
3,8753
2,8754
5,8754
19,8754
19,8761
24,8761
3,8763
8,8765
5,8767
5,8768
17,8768
4,8769
4,8770
8,8770
3,8771
7,8772
17,8772
23,8773
1,8778
8,8779
1,8782
2,8783
1,8785
2,8787
2,8788
18,8788
22,8791
25,8794
1,8794
14,8795
23,8795
2,8796
9,8796
1,8798
1,8799
2,8803
2,8804
4,8804
19,8805
17,8806
14,8807
23,8809
24,8810
14,8819
12,8821
6,8825
12,8825
1,8829
8,8829
10,8829
14,8830
9,8832
1,8833
14,8833
18,8833
2,8834
23,8836
2,8839
1,8841
2,8842
11,8845
3,8847
4,8850
1,8851
2,8852
5,8852
1,8853
4,8853
5,8854
3,8855
5,8855
1,8856
2,8857
17,8857
2,8858
4,8859
21,8860
14,8864
20,8866
9,8872
16,8872
1,8873
1,8874
2,8876
8,8876
1,8877
17,8877
2,8878
16,8878
25,8879
2,8879
11,8879
20,8879
20,8880
6,8883
20,8884
22,8887
23,8887
15,8891
3,8892
5,8892
4,8893
8,8893
5,8894
10,8894
4,8895
5,8896
25,8897
15,8897
12,8898
3,8899
18,8899
11,8900
14,8901
13,8905
1,8907
18,8907
20,8908
1,8909
18,8909
2,8913
9,8913
2,8914
1,8915
10,8915
16,8915
2,8916
18,8919
8,8921
7,8922
23,8928
21,8929
22,8930
9,8932
3,8935
1,8936
9,8936
2,8938
15,8939
1,8940
1,8943
4,8943
2,8944
5,8944
5,8945
10,8945
13,8946
16,8946
4,8947
10,8948
1,8949
3,8949
19,8949
2,8951
12,8951
8,8954
1,8955
9,8955
13,8956
11,8957
16,8957
1,8959
25,8960
13,8960
15,8960
22,8960
2,8961
13,8964
1,8965
10,8966
18,8967
2,8968
3,8968
17,8968
5,8969
2,8971
4,8971
12,8971
25,8972
4,8972
15,8973
5,8974
19,8974
21,8974
19,8977
3,8978
8,8979
12,8979
23,8981
24,8981
25,8983
9,8984
20,8985
22,8986
7,8992
3,8993
5,8995
4,8996
3,8997
5,8998
19,8998
4,8999
12,8999
3,9001
13,9002
16,9002
9,9003
18,9003
20,9003
7,9004
5,9005
9,9005
4,9006
17,9006
6,9007
15,9014
24,9015
4,9017
3,9018
6,9019
11,9019
11,9020
1,9021
1,9022
5,9022
6,9022
24,9025
20,9026
2,9028
1,9030
22,9030
2,9031
18,9032
11,9033
2,9037
15,9038
18,9039
11,9042
13,9044
22,9051
10,9054
11,9054
12,9066
3,9067
5,9069
9,9069
9,9070
5,9071
4,9074
21,9074
4,9075
3,9076
15,9076
1,9085
16,9085
17,9085
2,9086
20,9086
21,9086
2,9087
1,9089
2,9091
16,9092
22,9093
7,9094
10,9095
1,9096
11,9096
23,9097
24,9097
2,9099
25,9105
23,9112
7,9113
20,9113
8,9114
11,9114
3,9120
21,9120
4,9121
16,9121
5,9124
4,9125
10,9125
15,9125
7,9126
14,9126
3,9127
5,9128
23,9128
3,9129
4,9130
13,9131
3,9132
5,9135
4,9136
5,9137
12,9145
11,9146
6,9148
7,9155
7,9157
15,9159
19,9160
20,9160
20,9162
1,9165
20,9165
1,9166
2,9168
1,9169
2,9170
16,9170
21,9170
2,9171
13,9171
10,9173
4,9174
1,9176
19,9176
2,9177
1,9178
1,9179
8,9180
2,9182
8,9182
2,9183
22,9184
24,9184
22,9185
10,9188
3,9193
21,9193
15,9196
4,9197
5,9198
15,9198
5,9199
4,9200
13,9200
3,9202
1,9203
2,9204
1,9206
8,9206
15,9206
2,9208
21,9209
1,9210
2,9211
18,9216
25,9219
9,9220
7,9222
9,9226
3,9228
22,9229
4,9233
25,9234
5,9236
3,9237
17,9238
4,9240
9,9240
5,9242
1,9243
2,9243
4,9243
1,9246
2,9250
1,9252
23,9252
2,9253
24,9253
2,9255
17,9257
14,9258
6,9259
18,9259
8,9260
7,9264
24,9265
23,9266
6,9275
23,9275
24,9276
21,9277
8,9280
10,9280
22,9280
9,9281
12,9283
15,9286
5,9288
8,9292
21,9292
1,9295
9,9297
2,9298
14,9298
1,9299
1,9300
24,9301
2,9303
24,9303
21,9310
2,9312
2,9318
3,9320
6,9320
3,9321
4,9321
3,9322
13,9326
5,9327
20,9327
14,9329
1,9330
5,9330
4,9331
24,9332
18,9334
11,9344
9,9345
18,9345
23,9345
10,9348
17,9357
6,9361
10,9361
21,9361
8,9364
24,9366
3,9367
23,9367
10,9368
5,9369
4,9370
9,9371
3,9374
4,9375
5,9376
8,9377
6,9379
21,9386
24,9387
12,9388
6,9389
21,9389
21,9392
17,9394
1,9398
2,9399
1,9401
1,9402
6,9403
2,9404
21,9404
25,9406
3,9408
4,9409
2,9410
2,9411
3,9413
4,9414
5,9415
10,9416
10,9417
5,9420
23,9422
12,9423
18,9425
19,9425
19,9428
10,9429
4,9430
22,9431
25,9433
3,9434
10,9434
23,9434
4,9435
3,9437
5,9438
5,9439
4,9441
23,9441
3,9443
1,9444
6,9444
9,9445
5,9446
4,9450
10,9450
4,9451
25,9452
1,9452
10,9452
1,9453
2,9454
5,9454
3,9455
1,9457
2,9461
16,9461
2,9463
4,9464
1,9465
1,9467
11,9473
2,9476
17,9476
1,9477
12,9478
2,9480
2,9481
9,9481
11,9486
24,9486
3,9490
25,9493
14,9494
11,9496
15,9497
3,9499
7,9499
13,9500
17,9500
20,9500
5,9503
13,9503
4,9504
3,9506
16,9506
4,9507
5,9508
17,9508
13,9510
20,9510
22,9511
20,9515
11,9516
18,9520
5,9524
8,9525
18,9530
19,9534
12,9537
24,9539
3,9548
8,9548
25,9549
8,9550
18,9550
4,9551
4,9554
5,9555
5,9560
3,9561
16,9562
22,9564
7,9566
22,9566
7,9568
3,9569
7,9569
1,9570
4,9571
2,9572
5,9572
1,9573
4,9574
7,9574
2,9575
15,9575
1,9576
2,9577
19,9577
3,9581
5,9585
1,9587
18,9588
12,9592
17,9595
6,9597
19,9597
8,9598
1,9600
2,9601
10,9601
21,9601
1,9602
2,9603
1,9604
2,9607
21,9607
14,9608
3,9611
5,9612
7,9613
4,9614
18,9616
5,9618
10,9619
3,9620
1,9621
4,9622
7,9622
21,9625
15,9626
23,9632
25,9633
25,9638
12,9641
6,9642
19,9647
11,9648
3,9650
12,9652
16,9652
4,9653
5,9654
14,9654
5,9656
4,9657
3,9659
14,9659
6,9663
12,9664
23,9665
18,9668
16,9669
23,9669
3,9671
16,9671
4,9673
23,9673
5,9674
9,9674
3,9677
17,9677
10,9678
23,9678
5,9680
17,9680
4,9681
10,9681
9,9688
11,9694
6,9700
11,9700
22,9706
12,9707
14,9707
7,9708
6,9710
20,9710
5,9711
20,9711
16,9714
11,9716
21,9716
6,9717
1,9718
2,9719
16,9719
1,9721
8,9722
11,9722
1,9723
2,9725
2,9727
5,9727
1,9729
2,9730
1,9732
1,9733
3,9733
7,9733
12,9733
24,9733
2,9734
5,9735
4,9736
9,9736
2,9737
11,9738
3,9739
5,9740
15,9740
19,9741
19,9742
3,9743
4,9743
11,9744
21,9745
24,9746
18,9748
11,9751
21,9753
17,9756
3,9757
4,9758
4,9759
22,9760
22,9762
25,9763
3,9763
5,9764
24,9765
5,9767
24,9770
1,9774
7,9775
17,9775
2,9776
2,9777
1,9779
3,9779
23,9779
2,9780
5,9780
9,9780
1,9781
4,9781
18,9783
5,9784
2,9785
17,9786
11,9787
4,9788
24,9788
11,9791
19,9791
22,9791
16,9792
20,9792
3,9793
6,9793
7,9795
5,9797
3,9799
4,9802
3,9803
4,9804
5,9805
6,9806
5,9807
21,9807
10,9811
3,9814
9,9814
1,9815
4,9815
5,9815
2,9816
1,9817
1,9818
4,9818
5,9818
21,9818
2,9820
5,9821
4,9822
3,9823
6,9823
10,9824
25,9825
2,9825
11,9828
8,9829
15,9831
9,9833
14,9833
3,9834
19,9834
4,9835
6,9836
8,9837
4,9838
3,9839
5,9840
5,9842
23,9842
9,9845
16,9848
19,9848
21,9849
14,9853
22,9853
10,9856
22,9864
8,9865
19,9871
9,9874
13,9877
20,9877
6,9878
13,9880
14,9881
14,9882
7,9890
10,9893
9,9894
22,9894
23,9896
3,9899
4,9900
10,9901
12,9901
21,9902
16,9904
23,9904
5,9906
5,9907
3,9908
25,9909
4,9910
3,9913
14,9915
22,9918
19,9919
12,9921
14,9922
6,9928
11,9933
18,9936
24,9937
16,9942
18,9946
8,9950
7,9951
12,9952
11,9957
16,9959
9,9961
19,9964
3,9966
4,9967
4,9968
6,9969
5,9971
7,9972
16,9972
10,9973
3,9974
5,9976
17,9977
2,9981
17,9984
23,9986
24,9986
7,9991
11,9993
21,9994
24,9999
