11,1
14,3
6,4
21,5
30,8
20,9
33,9
17,10
38,12
27,13
32,14
49,14
3,15
9,19
25,21
26,22
33,22
29,24
35,27
31,30
27,31
1,37
1,39
2,40
2,41
1,42
26,42
2,43
21,46
38,51
32,55
3,56
5,58
16,58
25,58
5,59
12,59
4,60
4,61
40,61
46,62
3,63
4,66
18,69
31,70
1,72
1,73
2,74
2,75
15,76
29,76
24,80
42,80
42,81
1,82
3,82
2,84
4,84
37,84
5,85
3,88
4,89
46,89
1,90
5,90
24,90
35,90
1,91
22,91
2,92
2,93
25,93
26,93
1,95
2,96
28,96
3,99
4,101
5,102
28,102
5,103
3,104
4,106
22,106
32,106
8,107
49,107
1,108
34,108
2,110
1,111
23,111
2,112
1,113
2,114
5,118
12,118
38,118
47,118
3,122
45,122
4,123
29,124
31,124
5,125
4,126
30,126
3,127
6,128
5,129
10,129
21,130
49,130
50,134
37,134
48,138
50,139
37,140
37,146
3,148
10,148
4,149
15,149
4,150
31,151
24,153
3,155
5,156
5,157
29,157
3,159
5,161
26,161
4,162
4,164
10,164
46,165
5,166
3,168
45,169
20,171
12,175
37,176
11,178
15,179
22,179
27,180
14,181
31,181
48,184
18,187
19,188
22,188
26,190
43,191
50,192
40,192
40,195
46,198
3,200
7,201
13,201
5,202
34,202
44,202
4,203
30,203
24,204
3,205
13,206
5,207
4,208
13,208
43,209
31,211
9,217
11,218
29,218
3,220
1,221
36,221
45,221
2,222
4,222
44,223
1,224
5,224
1,225
39,225
4,226
3,227
2,228
5,229
2,230
15,230
20,230
35,231
21,232
33,233
5,238
20,239
45,239
1,241
2,242
1,245
2,247
1,248
21,248
2,251
17,251
36,251
42,254
47,257
19,261
1,264
10,264
35,264
1,265
2,266
2,267
1,268
28,269
2,270
10,270
43,270
3,272
4,273
5,275
4,276
5,277
3,278
7,281
44,281
1,282
3,282
4,285
2,286
5,287
43,287
48,287
1,288
3,288
4,289
44,289
47,289
5,290
2,291
9,291
16,295
1,296
2,297
49,297
32,299
43,303
15,305
43,305
8,307
16,307
49,310
50,311
27,313
1,315
3,317
4,318
21,318
2,320
1,321
4,321
1,322
3,322
16,322
2,323
2,324
5,324
5,325
34,326
46,329
16,332
32,334
1,336
47,338
2,339
27,339
28,339
1,340
1,341
49,341
10,342
2,343
3,343
25,343
48,343
5,344
21,344
4,345
2,346
3,347
5,349
1,350
4,351
2,352
1,353
1,354
1,356
2,356
46,356
2,357
30,357
18,358
38,359
41,360
3,365
13,365
7,367
46,368
8,370
22,370
5,373
15,373
46,374
4,375
4,377
23,379
5,381
37,382
3,385
46,391
38,394
29,395
37,406
49,406
42,407
31,409
36,409
41,410
43,413
25,415
48,415
23,416
39,416
49,417
41,418
38,419
42,419
42,420
31,422
50,425
36,426
11,430
22,431
32,431
30,434
34,439
1,445
2,446
1,447
38,447
26,448
1,449
17,450
2,451
24,452
2,454
17,454
21,456
26,459
29,459
21,462
13,463
1,467
16,467
22,467
1,470
2,472
7,474
1,475
32,476
2,477
2,478
3,479
10,480
5,481
4,483
3,484
16,484
5,485
26,485
37,485
4,486
23,487
32,488
42,488
9,494
23,494
18,496
7,498
3,499
28,499
4,501
37,501
5,502
29,502
3,505
26,505
4,506
5,510
16,513
22,515
37,515
9,517
29,518
30,519
1,533
11,533
2,535
15,536
1,537
46,538
20,539
2,540
1,541
46,541
2,543
39,545
7,547
17,548
20,551
19,552
19,557
41,557
1,558
2,559
12,559
1,560
6,560
8,560
42,560
2,563
32,564
36,564
49,564
1,565
2,567
19,572
23,577
25,579
50,580
30,584
45,587
33,588
22,590
9,592
16,595
30,595
25,597
40,598
26,599
12,600
50,605
13,605
15,606
29,609
33,610
34,610
1,613
14,615
42,616
1,617
6,618
2,620
21,621
1,622
17,622
13,624
46,624
35,626
2,627
33,627
50,628
2,628
10,628
19,628
19,629
34,629
27,631
26,632
37,635
43,638
27,641
33,641
49,645
40,657
40,663
37,665
35,667
5,668
16,669
7,675
36,676
9,677
13,678
22,682
49,685
28,686
46,687
24,689
8,694
25,694
45,694
19,695
15,696
33,696
43,696
12,699
45,701
44,704
35,707
42,708
3,711
5,712
5,713
29,713
4,714
44,714
4,716
29,716
7,717
3,718
1,719
24,719
44,719
2,720
27,720
1,721
9,721
32,721
1,722
2,724
10,724
2,725
48,725
28,726
1,727
1,729
22,729
2,730
19,730
41,730
1,732
25,732
2,733
2,734
15,734
43,737
41,738
48,740
28,744
29,745
17,746
19,747
46,747
8,748
3,753
27,753
31,753
48,753
4,755
34,755
4,756
34,756
5,757
24,757
41,757
3,758
5,760
31,763
14,765
8,767
36,768
1,769
2,770
1,771
1,772
3,772
4,773
2,774
5,774
3,775
39,775
2,776
34,776
5,777
4,778
38,783
3,784
8,785
5,787
1,788
2,790
4,790
16,790
3,791
1,792
29,792
2,793
11,793
16,793
5,794
40,794
1,796
4,796
2,797
7,797
39,797
29,798
24,799
38,801
1,802
1,803
2,805
46,806
2,807
20,807
16,809
24,809
1,811
2,813
7,815
26,818
16,822
19,827
1,829
7,831
2,832
10,832
1,833
12,834
28,834
19,836
2,838
20,838
48,838
1,841
32,841
2,845
30,845
2,848
7,848
18,851
27,852
22,854
50,855
1,858
38,858
30,859
39,859
7,863
17,863
22,863
37,865
37,866
28,867
3,868
50,870
5,870
11,870
4,871
30,872
43,872
5,873
3,874
1,875
4,875
41,875
1,876
2,877
12,878
1,879
27,879
2,880
2,882
9,886
34,887
11,888
28,888
32,888
11,889
26,889
31,889
29,891
3,894
5,896
32,897
40,897
5,898
4,900
3,902
4,903
8,903
15,906
41,908
49,909
39,913
44,913
15,915
3,919
4,922
28,922
8,923
4,924
3,925
5,926
34,926
5,927
46,928
18,931
28,933
15,935
18,937
25,937
24,938
41,938
9,942
39,942
14,946
44,947
27,949
27,951
33,952
38,956
17,959
3,960
22,962
5,964
16,964
4,965
3,966
4,966
4,968
5,969
3,971
5,972
10,972
6,973
4,974
3,975
16,975
5,976
14,976
4,977
38,978
39,980
32,981
26,982
9,986
14,987
26,991
50,997
26,998
47,998
22,1005
43,1005
43,1007
13,1009
48,1012
31,1013
17,1015
47,1021
8,1024
17,1025
3,1033
4,1034
1,1036
5,1036
1,1037
2,1038
5,1038
42,1038
3,1040
2,1041
4,1041
14,1041
1,1042
3,1042
5,1043
19,1043
2,1044
4,1044
3,1045
14,1045
4,1046
9,1046
40,1046
5,1047
26,1047
27,1049
15,1051
21,1054
44,1054
26,1060
40,1065
13,1070
32,1071
50,1073
1,1078
9,1078
49,1078
2,1079
24,1080
36,1080
11,1084
34,1085
1,1086
5,1088
1,1091
2,1092
16,1092
2,1093
49,1093
40,1100
13,1102
50,1103
3,1103
4,1105
40,1105
4,1106
24,1106
26,1108
5,1110
5,1111
3,1113
11,1114
25,1115
42,1117
10,1130
47,1131
10,1132
14,1133
21,1137
39,1137
17,1140
1,1142
33,1142
43,1144
29,1145
2,1147
1,1148
2,1149
1,1150
15,1151
2,1152
3,1152
1,1153
50,1154
2,1154
4,1155
31,1155
1,1157
3,1157
33,1157
5,1159
21,1159
45,1159
4,1160
2,1161
5,1161
1,1162
37,1162
2,1163
37,1165
30,1168
18,1170
11,1171
1,1173
2,1174
1,1175
44,1176
1,1177
2,1178
2,1179
28,1179
48,1182
1,1184
2,1185
31,1185
1,1187
46,1187
1,1189
49,1189
2,1193
6,1193
22,1193
2,1194
12,1199
21,1199
43,1207
47,1207
19,1208
33,1210
34,1210
10,1211
45,1211
36,1217
21,1224
29,1227
44,1231
22,1232
47,1233
43,1236
1,1237
23,1238
10,1239
22,1243
2,1245
1,1246
1,1247
25,1247
30,1247
2,1249
6,1249
2,1250
17,1252
1,1255
7,1256
47,1258
19,1259
38,1261
21,1264
6,1265
25,1266
9,1269
48,1270
50,1277
40,1279
1,1281
35,1281
2,1283
8,1284
1,1286
26,1287
16,1290
21,1291
2,1293
17,1293
1,1294
2,1295
21,1296
14,1297
48,1299
1,1300
14,1300
45,1300
16,1302
2,1303
48,1303
14,1306
1,1308
38,1309
2,1310
1,1311
13,1311
37,1311
42,1313
2,1314
1,1315
48,1316
41,1317
46,1318
2,1321
1,1322
1,1323
7,1323
19,1323
2,1328
10,1328
2,1330
16,1330
3,1332
4,1333
28,1333
3,1334
14,1335
32,1335
39,1336
41,1336
1,1337
4,1337
44,1337
2,1338
5,1338
5,1339
35,1339
1,1340
36,1340
2,1341
1,1343
2,1345
34,1346
41,1346
44,1346
45,1346
50,1347
44,1351
8,1355
45,1357
18,1358
22,1358
11,1361
14,1361
15,1361
26,1361
17,1362
46,1363
20,1364
9,1365
2,1367
3,1368
29,1368
4,1369
24,1369
5,1370
5,1371
3,1372
38,1372
4,1374
45,1374
18,1376
1,1377
47,1377
1,1380
2,1381
2,1383
23,1383
1,1385
37,1385
50,1386
47,1388
2,1389
18,1396
1,1397
2,1398
19,1398
1,1400
10,1400
40,1401
1,1404
12,1404
43,1405
2,1409
9,1409
40,1409
46,1409
2,1411
50,1419
23,1419
13,1424
16,1425
34,1425
14,1426
42,1427
18,1430
44,1434
12,1439
19,1442
1,1444
1,1445
2,1446
11,1448
1,1449
38,1449
3,1451
38,1451
42,1451
2,1453
17,1453
4,1454
5,1455
2,1456
3,1456
19,1456
5,1457
29,1457
4,1458
49,1463
17,1465
15,1468
50,1469
16,1469
27,1470
22,1475
34,1476
9,1477
36,1480
24,1481
29,1481
41,1482
1,1485
31,1485
2,1486
1,1487
34,1487
45,1487
1,1488
42,1488
2,1489
38,1489
49,1489
44,1490
2,1491
9,1492
21,1493
12,1494
31,1495
1,1497
1,1499
28,1502
2,1503
41,1504
1,1505
12,1505
2,1506
2,1508
49,1510
28,1511
48,1511
9,1513
16,1513
42,1515
39,1516
41,1518
46,1519
1,1521
1,1522
2,1524
15,1525
32,1525
2,1526
1,1527
29,1531
2,1532
24,1536
13,1537
26,1538
35,1539
37,1543
49,1543
45,1550
9,1551
17,1556
18,1556
3,1560
19,1560
5,1562
9,1563
4,1564
34,1564
48,1565
4,1566
5,1567
3,1568
9,1568
14,1568
33,1569
47,1570
3,1575
49,1576
44,1577
5,1579
4,1581
49,1582
4,1584
28,1584
1,1585
5,1586
6,1586
27,1586
3,1587
41,1588
2,1589
7,1590
1,1591
2,1592
35,1592
38,1593
3,1594
41,1594
44,1594
4,1595
8,1595
1,1596
4,1596
2,1597
5,1598
49,1598
5,1599
49,1599
3,1600
23,1600
46,1603
44,1604
50,1605
11,1605
1,1608
2,1609
1,1610
1,1612
50,1614
2,1614
2,1615
41,1616
11,1617
42,1618
30,1621
3,1622
23,1625
5,1626
43,1626
4,1627
37,1627
32,1628
3,1630
27,1630
43,1630
5,1631
33,1632
48,1633
4,1634
31,1634
37,1634
3,1635
43,1635
4,1636
5,1639
47,1639
46,1640
5,1646
3,1647
4,1648
28,1649
17,1653
45,1655
49,1655
39,1658
14,1661
34,1662
40,1665
5,1671
25,1671
29,1671
47,1677
11,1681
42,1681
47,1681
23,1683
19,1686
50,1687
48,1687
18,1689
1,1691
2,1692
38,1692
1,1693
18,1693
41,1693
1,1694
39,1694
44,1695
30,1696
2,1697
2,1698
32,1698
24,1702
34,1702
18,1703
16,1705
44,1705
15,1709
23,1709
33,1709
5,1712
11,1714
35,1717
10,1718
8,1719
1,1721
29,1721
50,1722
1,1722
2,1723
1,1724
2,1725
21,1726
2,1727
8,1730
43,1731
3,1739
1,1740
4,1741
1,1742
38,1742
2,1743
5,1743
2,1744
1,1745
2,1746
4,1747
36,1750
3,1752
5,1754
36,1754
1,1755
44,1755
14,1756
27,1757
25,1758
6,1759
1,1761
2,1763
28,1763
2,1766
1,1768
2,1769
30,1769
21,1774
28,1774
16,1776
19,1779
49,1779
1,1780
2,1781
27,1781
1,1783
2,1784
1,1785
2,1786
36,1788
14,1791
26,1791
34,1794
33,1795
13,1796
48,1799
31,1800
3,1803
33,1803
42,1804
5,1805
34,1805
4,1806
5,1807
3,1808
4,1809
11,1809
12,1810
22,1812
26,1812
50,1815
46,1818
1,1820
7,1820
21,1820
47,1820
2,1821
1,1822
41,1822
3,1824
2,1825
49,1825
3,1826
4,1827
24,1827
3,1829
12,1830
1,1831
5,1831
2,1832
5,1832
4,1834
12,1835
8,1839
30,1843
7,1845
35,1846
32,1849
32,1851
15,1853
1,1859
3,1859
1,1860
2,1861
5,1863
42,1865
4,1867
5,1868
4,1869
15,1869
3,1870
2,1871
40,1871
1,1873
9,1876
33,1876
11,1877
2,1878
1,1886
30,1887
2,1888
46,1888
1,1890
1,1891
2,1892
21,1894
2,1898
50,1899
3,1899
5,1900
15,1900
4,1901
44,1901
4,1902
3,1903
21,1903
5,1904
20,1908
33,1908
17,1909
24,1913
30,1913
13,1916
6,1919
15,1922
29,1922
42,1924
41,1925
28,1926
44,1926
17,1928
43,1931
32,1932
45,1933
8,1937
32,1939
17,1941
35,1941
43,1942
18,1944
17,1946
29,1946
39,1950
9,1954
14,1954
45,1955
4,1956
21,1957
38,1957
21,1959
18,1962
3,1964
14,1965
4,1966
3,1967
44,1967
5,1968
46,1968
29,1969
4,1970
18,1970
47,1971
5,1972
4,1977
14,1977
37,1978
1,1980
11,1980
2,1981
1,1982
2,1985
28,1985
1,1987
2,1988
39,1989
47,1990
21,2002
8,2004
28,2007
33,2008
33,2011
1,2012
2,2014
1,2015
1,2016
2,2017
2,2019
28,2019
17,2020
3,2021
11,2021
4,2023
19,2023
3,2025
50,2026
4,2026
13,2026
5,2028
1,2029
5,2029
25,2029
22,2030
18,2032
1,2033
44,2033
36,2034
17,2035
43,2036
2,2037
38,2037
2,2038
1,2039
2,2041
20,2041
26,2041
40,2044
10,2045
49,2045
39,2046
39,2047
50,2048
18,2050
28,2050
18,2052
28,2053
3,2054
36,2059
49,2059
48,2060
12,2067
1,2068
43,2068
2,2069
1,2071
9,2071
1,2072
2,2073
43,2075
10,2076
9,2077
2,2078
3,2079
4,2080
34,2080
5,2081
5,2082
4,2084
3,2085
31,2087
49,2087
46,2088
2,2089
16,2094
10,2095
32,2096
7,2100
39,2104
11,2106
29,2107
45,2111
40,2112
36,2118
40,2120
49,2122
50,2123
33,2123
8,2126
25,2128
9,2131
33,2134
32,2135
21,2136
36,2136
35,2139
3,2141
4,2144
31,2147
4,2148
39,2148
46,2148
5,2149
12,2149
5,2150
12,2150
40,2151
3,2152
25,2155
1,2156
17,2156
33,2157
1,2158
20,2158
2,2159
36,2162
10,2163
2,2164
24,2164
1,2165
1,2166
2,2166
15,2167
37,2167
3,2170
4,2171
5,2172
10,2173
11,2174
5,2175
4,2177
27,2177
7,2178
3,2179
33,2180
6,2201
38,2201
22,2207
33,2209
37,2214
42,2215
9,2217
25,2220
1,2221
9,2221
22,2221
2,2223
25,2224
1,2225
10,2225
2,2227
1,2229
32,2229
38,2230
3,2231
5,2232
49,2232
4,2233
3,2234
28,2235
4,2237
2,2238
5,2239
31,2243
42,2243
49,2243
30,2247
9,2248
3,2250
27,2250
5,2251
4,2254
1,2255
19,2256
27,2256
2,2259
5,2259
18,2259
1,2260
1,2262
3,2262
40,2262
4,2264
2,2265
2,2266
8,2271
37,2273
31,2278
38,2280
49,2281
24,2283
1,2284
1,2285
36,2285
2,2289
27,2290
27,2291
28,2292
46,2292
1,2295
17,2297
2,2299
22,2299
2,2301
43,2301
9,2304
3,2305
48,2305
4,2309
4,2310
38,2310
5,2311
37,2313
21,2314
37,2314
5,2315
11,2315
31,2317
3,2318
47,2318
11,2321
42,2322
29,2324
14,2328
33,2331
38,2333
3,2337
38,2339
36,2340
40,2341
49,2344
39,2347
9,2349
44,2353
47,2353
28,2356
39,2357
39,2360
35,2361
36,2361
6,2363
15,2363
10,2364
11,2364
41,2365
41,2366
41,2367
3,2368
4,2371
35,2371
5,2372
3,2373
4,2374
12,2375
5,2378
38,2380
47,2380
3,2381
4,2382
49,2383
5,2385
4,2388
34,2388
5,2389
3,2390
6,2391
17,2397
1,2401
2,2402
29,2402
38,2403
1,2404
26,2405
2,2408
39,2409
1,2410
23,2410
2,2411
19,2413
9,2414
23,2420
38,2428
13,2429
2,2432
48,2432
35,2433
13,2440
35,2440
47,2443
49,2443
46,2446
4,2448
45,2448
38,2457
37,2460
48,2460
6,2461
16,2463
21,2463
14,2464
4,2465
23,2465
37,2467
1,2469
1,2470
15,2470
36,2470
2,2471
1,2472
2,2473
44,2473
2,2474
13,2474
38,2475
20,2476
41,2478
1,2479
8,2479
2,2480
29,2481
35,2481
20,2482
1,2484
35,2485
44,2487
11,2488
6,2489
1,2490
16,2491
32,2491
2,2494
2,2495
21,2495
47,2499
28,2503
1,2508
16,2508
1,2510
41,2510
36,2511
2,2512
1,2513
50,2514
2,2514
2,2516
9,2516
43,2516
9,2519
48,2519
40,2520
12,2523
24,2526
34,2526
39,2528
45,2530
39,2539
26,2540
47,2540
40,2543
49,2543
50,2544
37,2544
15,2547
49,2556
1,2560
3,2563
28,2563
1,2564
5,2564
41,2564
4,2565
2,2566
3,2566
1,2567
5,2567
14,2567
1,2568
4,2568
49,2568
2,2569
35,2569
2,2570
11,2571
27,2573
1,2575
30,2576
2,2577
3,2577
1,2578
1,2579
5,2581
44,2581
2,2582
2,2583
12,2583
5,2584
4,2586
4,2590
36,2591
22,2594
3,2595
1,2600
10,2601
2,2602
22,2603
27,2605
34,2606
3,2607
12,2607
4,2608
1,2609
38,2609
2,2610
5,2610
27,2610
32,2610
43,2610
1,2611
33,2612
2,2613
3,2613
4,2614
10,2614
5,2615
22,2618
18,2620
41,2622
7,2626
12,2627
34,2627
18,2630
14,2631
24,2631
35,2632
10,2633
20,2640
22,2640
44,2642
1,2643
10,2643
1,2644
32,2645
35,2645
36,2647
2,2648
2,2649
38,2649
1,2651
12,2652
2,2653
3,2653
4,2654
5,2656
18,2657
4,2658
26,2658
15,2660
31,2660
5,2661
34,2661
3,2662
26,2663
13,2664
24,2671
29,2672
37,2673
3,2674
1,2675
4,2676
2,2677
37,2677
5,2678
1,2679
13,2679
15,2679
18,2679
48,2679
50,2680
3,2680
2,2681
5,2681
23,2681
1,2682
4,2682
20,2682
2,2683
48,2688
3,2691
19,2692
5,2694
35,2695
50,2697
4,2697
3,2699
5,2700
22,2700
1,2701
2,2702
1,2703
41,2704
47,2704
2,2705
1,2706
27,2706
2,2708
14,2708
16,2709
4,2710
22,2712
14,2718
1,2721
3,2721
1,2722
4,2722
2,2725
4,2725
20,2725
1,2726
8,2726
5,2727
2,2728
5,2729
3,2732
47,2732
2,2733
3,2734
26,2734
42,2734
4,2735
3,2738
5,2739
16,2739
47,2747
4,2748
5,2750
45,2751
14,2755
13,2760
42,2760
36,2762
13,2765
11,2766
3,2768
39,2768
1,2769
2,2770
5,2770
1,2771
40,2771
1,2772
36,2772
2,2773
5,2773
2,2774
4,2775
48,2775
1,2776
2,2777
4,2777
3,2778
22,2778
1,2781
37,2781
48,2782
2,2783
25,2787
1,2790
2,2791
30,2794
1,2799
12,2799
2,2800
45,2800
47,2800
1,2801
1,2803
2,2804
2,2805
13,2811
19,2811
19,2812
36,2814
24,2815
7,2816
47,2817
7,2819
25,2820
13,2823
23,2828
47,2828
49,2828
16,2829
23,2830
20,2832
24,2833
34,2833
16,2835
1,2837
2,2840
15,2840
1,2841
1,2842
2,2843
30,2843
45,2846
22,2848
2,2850
15,2852
15,2859
27,2859
1,2863
7,2863
34,2863
1,2865
24,2865
2,2867
24,2867
2,2868
1,2869
37,2869
40,2869
22,2870
2,2874
40,2874
21,2875
3,2876
10,2876
21,2876
34,2877
21,2878
5,2879
4,2880
4,2881
13,2881
3,2882
13,2882
17,2882
23,2882
1,2883
5,2885
2,2887
21,2887
6,2888
1,2889
46,2889
1,2890
20,2890
2,2892
2,2893
33,2893
35,2894
44,2894
12,2895
1,2898
23,2900
1,2901
3,2901
2,2902
14,2903
2,2904
4,2904
1,2906
31,2906
2,2907
27,2908
5,2909
12,2910
3,2912
31,2912
4,2914
5,2917
10,2919
3,2921
11,2921
5,2922
4,2923
1,2924
4,2926
2,2927
3,2927
12,2927
1,2928
5,2928
13,2928
48,2928
2,2930
1,2933
2,2934
44,2939
26,2940
22,2941
12,2944
13,2945
9,2946
7,2947
6,2950
18,2954
23,2954
48,2957
50,2960
1,2960
1,2961
24,2962
2,2963
21,2963
2,2965
1,2966
12,2966
48,2969
50,2971
2,2971
17,2974
34,2974
16,2979
28,2979
10,2981
19,2981
18,2982
42,2983
38,2985
13,2989
14,2992
50,2995
22,2995
33,2995
32,2997
26,2998
9,2999
24,3001
31,3003
9,3004
10,3004
3,3026
17,3026
5,3028
38,3029
5,3030
33,3030
4,3031
12,3031
1,3032
3,3032
4,3033
2,3034
34,3034
1,3035
2,3036
9,3036
39,3037
1,3038
7,3038
9,3038
2,3040
1,3041
1,3042
12,3042
2,3043
43,3043
1,3045
22,3046
20,3047
34,3047
2,3048
43,3050
2,3051
19,3052
22,3052
6,3054
49,3054
47,3057
26,3058
48,3059
1,3060
18,3061
50,3063
13,3065
1,3066
17,3066
34,3066
2,3067
23,3067
1,3068
2,3069
13,3069
27,3070
22,3072
2,3073
28,3073
10,3074
50,3076
1,3076
3,3076
5,3078
33,3080
17,3081
1,3082
25,3082
2,3083
1,3084
5,3086
2,3088
4,3088
2,3089
4,3090
6,3091
47,3091
3,3092
29,3092
9,3094
26,3095
7,3099
1,3100
1,3102
12,3102
43,3103
2,3105
50,3106
2,3106
1,3107
16,3108
2,3109
36,3113
44,3113
12,3114
3,3118
4,3119
3,3120
5,3121
33,3121
4,3122
5,3123
18,3124
38,3124
3,3125
44,3125
4,3129
5,3133
26,3133
12,3135
3,3136
36,3136
5,3138
4,3140
1,3143
19,3143
1,3144
14,3145
2,3147
42,3148
1,3150
31,3150
43,3150
2,3152
2,3153
1,3154
1,3155
2,3156
2,3157
36,3157
1,3158
32,3158
2,3159
34,3162
38,3162
20,3165
48,3165
16,3166
1,3168
46,3169
19,3173
6,3175
2,3176
10,3177
34,3177
1,3178
1,3179
3,3179
7,3180
2,3181
4,3181
5,3182
11,3182
2,3183
5,3183
4,3184
3,3185
16,3185
48,3185
1,3188
38,3188
1,3191
18,3191
24,3191
37,3191
39,3191
2,3192
12,3192
1,3193
11,3195
20,3196
10,3197
32,3199
39,3200
2,3204
2,3206
36,3206
29,3207
9,3208
16,3208
42,3210
45,3226
12,3227
24,3228
36,3229
48,3231
48,3234
1,3236
8,3236
15,3236
28,3237
2,3238
1,3239
48,3239
31,3240
48,3240
19,3241
1,3243
14,3244
43,3244
2,3245
2,3246
40,3250
44,3250
15,3254
35,3257
40,3257
44,3259
21,3261
40,3266
26,3273
32,3274
18,3277
17,3281
40,3282
1,3283
2,3284
22,3284
44,3284
31,3286
1,3288
29,3288
39,3288
1,3291
2,3295
2,3296
9,3296
3,3298
8,3298
12,3298
39,3298
19,3299
43,3299
5,3300
11,3300
48,3300
42,3302
4,3303
49,3306
28,3307
36,3307
18,3310
5,3311
3,3312
33,3313
4,3314
39,3316
19,3319
3,3322
22,3322
4,3323
5,3327
30,3327
5,3328
15,3328
3,3330
6,3330
4,3331
3,3332
4,3333
5,3334
27,3335
3,3336
5,3337
16,3338
33,3339
14,3340
4,3343
15,3343
44,3344
14,3347
3,3350
4,3351
5,3353
14,3353
22,3354
4,3355
9,3355
28,3355
39,3355
1,3357
48,3358
2,3359
3,3361
1,3362
1,3363
2,3364
5,3365
45,3366
46,3366
2,3367
38,3368
13,3369
11,3370
25,3374
24,3376
46,3378
50,3379
43,3381
37,3383
14,3385
45,3386
5,3387
11,3388
50,3390
3,3390
4,3393
6,3393
5,3394
8,3394
38,3395
28,3397
46,3397
3,3399
24,3399
50,3401
4,3402
5,3403
9,3403
36,3403
29,3405
1,3407
22,3407
2,3408
1,3409
2,3410
1,3411
13,3411
2,3412
43,3414
49,3414
33,3415
25,3416
30,3416
3,3417
21,3417
47,3418
32,3419
46,3419
5,3420
4,3422
9,3423
25,3423
26,3423
3,3424
4,3424
23,3425
49,3425
4,3427
5,3428
31,3428
37,3430
3,3434
13,3436
4,3437
26,3439
5,3440
5,3441
41,3441
4,3445
13,3445
26,3447
3,3448
24,3448
23,3449
21,3450
14,3452
9,3453
42,3454
39,3460
6,3461
37,3462
8,3464
31,3466
17,3475
40,3475
1,3479
17,3479
1,3481
2,3482
3,3482
20,3483
2,3484
5,3484
43,3484
4,3485
24,3485
1,3486
2,3488
3,3488
33,3489
5,3490
4,3491
44,3498
16,3499
39,3501
22,3502
8,3507
36,3507
19,3513
26,3519
41,3519
27,3522
32,3523
45,3527
45,3528
10,3530
25,3531
40,3536
23,3538
43,3539
41,3542
3,3546
5,3547
29,3548
4,3550
4,3551
11,3551
3,3553
13,3553
5,3554
36,3555
21,3556
28,3557
33,3559
20,3560
24,3564
27,3564
1,3565
24,3565
40,3565
2,3567
10,3568
1,3570
48,3570
2,3571
29,3572
39,3572
36,3573
1,3574
2,3575
36,3576
7,3577
23,3581
11,3582
14,3585
16,3585
3,3587
4,3589
4,3590
41,3590
15,3593
43,3593
5,3595
3,3598
5,3599
24,3600
7,3601
3,3607
5,3608
8,3608
32,3608
5,3611
4,3612
4,3613
34,3613
3,3614
1,3615
2,3618
1,3619
32,3619
20,3620
2,3621
1,3623
18,3624
2,3625
42,3626
12,3627
46,3628
41,3629
26,3630
21,3638
8,3639
17,3640
36,3641
39,3642
1,3645
12,3645
26,3648
2,3649
1,3650
1,3652
2,3653
42,3654
2,3655
9,3658
21,3659
21,3660
26,3661
49,3663
22,3670
14,3671
32,3672
33,3672
1,3677
27,3677
26,3679
1,3680
30,3680
2,3681
21,3682
1,3683
3,3684
31,3684
2,3685
3,3685
37,3685
5,3686
4,3688
7,3688
2,3689
4,3689
5,3691
3,3693
29,3694
4,3695
46,3695
21,3696
6,3708
31,3719
28,3720
43,3721
1,3725
2,3726
7,3727
1,3728
15,3728
1,3729
13,3730
2,3731
3,3731
2,3732
5,3732
4,3733
15,3733
5,3734
4,3735
40,3736
3,3737
44,3738
15,3743
1,3747
23,3747
1,3749
22,3749
2,3750
2,3751
3,3751
1,3752
4,3752
2,3753
5,3753
21,3753
4,3754
16,3754
3,3755
5,3756
36,3757
40,3757
43,3757
3,3758
4,3759
34,3760
50,3761
4,3762
35,3762
36,3762
39,3763
5,3764
5,3765
3,3766
15,3766
8,3768
16,3769
30,3769
34,3771
31,3781
20,3782
47,3782
1,3787
1,3788
16,3788
2,3789
30,3789
8,3790
1,3791
2,3792
49,3792
2,3793
11,3796
21,3798
37,3800
42,3806
3,3807
12,3807
4,3808
6,3809
44,3810
4,3811
32,3811
5,3812
24,3812
39,3812
5,3813
3,3815
9,3818
11,3818
16,3826
34,3827
2,3828
28,3828
13,3830
28,3831
23,3835
9,3836
26,3836
29,3838
49,3841
9,3843
19,3845
39,3845
13,3846
30,3846
3,3847
4,3848
3,3849
1,3850
4,3850
5,3851
27,3851
5,3852
1,3853
37,3853
2,3854
1,3855
3,3855
8,3856
41,3859
2,3860
5,3860
14,3860
4,3861
5,3862
2,3864
7,3864
3,3865
27,3867
37,3867
1,3868
2,3869
4,3869
44,3869
45,3869
1,3871
2,3872
3,3874
29,3874
45,3875
1,3876
2,3877
29,3877
4,3878
41,3878
7,3880
30,3880
17,3881
19,3881
4,3882
40,3883
5,3884
15,3889
23,3889
38,3890
5,3891
17,3891
3,3893
21,3894
18,3896
45,3899
24,3900
11,3901
41,3903
34,3905
8,3906
46,3907
24,3908
26,3908
13,3909
32,3911
13,3912
44,3912
3,3914
26,3914
4,3916
5,3917
31,3917
5,3918
4,3919
17,3919
40,3919
3,3920
26,3921
17,3922
38,3923
45,3928
31,3934
35,3934
13,3936
50,3940
35,3940
30,3941
1,3945
2,3947
35,3947
1,3950
13,3950
47,3953
12,3954
2,3955
1,3957
13,3957
2,3958
12,3958
16,3963
42,3964
49,3964
3,3966
5,3968
17,3968
27,3969
4,3970
36,3972
40,3972
4,3973
25,3973
5,3974
3,3976
37,3976
18,3977
3,3978
5,3979
20,3979
4,3980
50,3982
3,3982
45,3982
4,3983
5,3984
37,3986
1,3990
26,3990
1,3991
2,3995
1,3997
50,3999
34,3999
50,4000
19,4001
2,4003
2,4004
33,4006
48,4008
1,4010
1,4011
2,4012
1,4013
2,4014
2,4017
45,4017
35,4018
3,4022
31,4023
11,4024
3,4025
4,4025
27,4025
5,4026
39,4026
44,4028
3,4029
4,4031
5,4033
25,4035
35,4040
1,4045
2,4046
16,4046
1,4047
31,4048
47,4049
20,4050
36,4051
31,4052
1,4053
2,4054
2,4056
30,4058
50,4062
17,4063
20,4063
12,4065
41,4070
18,4071
34,4073
27,4074
20,4078
20,4079
30,4081
39,4081
8,4082
26,4082
29,4082
12,4086
33,4086
41,4088
43,4088
11,4093
3,4096
8,4096
21,4096
4,4097
18,4097
3,4098
5,4099
49,4099
5,4100
4,4101
45,4102
27,4106
32,4106
10,4108
27,4109
3,4112
18,4112
47,4112
4,4113
4,4115
5,4116
5,4117
3,4121
17,4124
37,4127
1,4128
14,4128
2,4129
33,4129
1,4130
19,4130
2,4131
1,4132
8,4133
2,4135
50,4136
25,4137
14,4138
41,4139
13,4142
11,4144
19,4145
25,4152
35,4155
30,4158
16,4163
15,4165
47,4166
22,4171
44,4171
26,4172
26,4179
11,4180
26,4181
1,4184
1,4185
3,4185
47,4185
1,4186
2,4186
4,4186
36,4186
2,4187
13,4188
1,4189
42,4189
29,4190
2,4191
5,4191
3,4193
5,4195
20,4197
4,4198
22,4198
29,4198
35,4201
7,4203
3,4205
5,4206
5,4207
4,4209
4,4210
12,4210
41,4210
45,4210
3,4212
36,4212
3,4213
4,4214
42,4214
5,4215
17,4215
20,4217
5,4218
43,4219
46,4220
5,4222
12,4222
3,4223
25,4223
49,4224
33,4225
20,4226
39,4226
4,4227
29,4227
3,4230
4,4231
37,4232
5,4234
4,4235
1,4236
11,4236
14,4236
2,4237
1,4240
35,4240
5,4242
34,4242
3,4244
1,4246
2,4247
40,4247
2,4249
36,4252
36,4256
39,4260
38,4261
1,4263
3,4264
1,4265
28,4265
49,4265
2,4266
5,4266
29,4266
44,4266
1,4267
2,4268
19,4268
2,4269
4,4269
3,4270
5,4271
4,4273
50,4278
38,4284
14,4285
25,4287
45,4287
31,4289
7,4291
15,4291
29,4291
3,4297
4,4298
46,4298
5,4302
19,4303
31,4303
3,4304
4,4307
5,4308
15,4310
44,4316
33,4318
40,4318
43,4318
6,4320
21,4320
3,4325
5,4326
6,4326
4,4327
17,4327
5,4329
1,4330
2,4331
4,4332
23,4332
50,4333
1,4333
7,4333
2,4334
33,4334
3,4336
39,4339
3,4340
24,4340
8,4341
1,4343
4,4344
2,4345
5,4345
5,4346
41,4346
16,4347
43,4347
29,4348
3,4349
4,4351
50,4353
29,4356
12,4360
8,4361
30,4364
8,4367
15,4367
3,4369
5,4370
40,4371
4,4375
2,4376
4,4377
30,4377
5,4378
3,4379
11,4380
27,4381
24,4383
23,4389
28,4390
20,4393
26,4395
38,4395
2,4398
28,4400
44,4401
45,4404
32,4406
26,4408
28,4413
40,4413
20,4416
4,4417
19,4417
11,4421
9,4424
29,4424
42,4425
5,4428
10,4432
15,4433
6,4435
7,4440
50,4442
45,4447
34,4448
50,4449
17,4449
34,4449
43,4451
22,4452
30,4452
10,4453
14,4453
20,4455
47,4457
4,4463
45,4464
6,4466
34,4466
24,4469
26,4470
34,4471
1,4473
11,4476
48,4476
1,4477
24,4478
1,4479
17,4480
2,4481
1,4482
2,4483
4,4485
2,4486
28,4487
34,4487
11,4491
29,4493
16,4495
34,4500
36,4504
47,4508
23,4510
44,4510
16,4512
28,4512
21,4514
35,4514
8,4515
34,4518
25,4520
6,4522
23,4529
31,4534
8,4535
48,4536
30,4537
14,4540
16,4540
39,4541
49,4542
34,4543
19,4544
42,4544
42,4547
48,4548
27,4549
20,4550
44,4554
29,4556
3,4560
41,4560
32,4562
4,4563
4,4564
5,4565
50,4567
5,4567
11,4568
10,4569
9,4570
3,4571
3,4579
5,4580
26,4580
4,4581
3,4583
8,4583
23,4583
13,4584
45,4584
4,4585
5,4586
41,4587
49,4588
1,4589
2,4590
20,4590
29,4590
1,4591
40,4591
1,4592
2,4593
20,4593
49,4594
2,4595
23,4595
42,4604
12,4607
8,4608
14,4608
35,4609
15,4610
47,4610
18,4611
36,4613
48,4613
43,4614
38,4615
12,4617
9,4620
41,4620
46,4620
10,4621
47,4622
22,4623
17,4625
3,4627
5,4629
50,4630
5,4630
29,4631
4,4633
7,4633
5,4634
30,4634
4,4635
42,4635
3,4636
47,4638
1,4639
14,4640
44,4641
18,4643
2,4644
26,4644
24,4645
1,4646
24,4646
33,4646
1,4648
50,4649
32,4650
2,4651
23,4651
34,4652
46,4652
2,4654
27,4654
46,4654
48,4656
18,4662
25,4662
34,4662
45,4667
30,4668
49,4669
46,4671
12,4682
49,4682
10,4684
3,4685
48,4685
15,4686
5,4688
27,4688
13,4689
23,4689
43,4689
5,4693
4,4694
1,4696
4,4696
3,4697
23,4698
28,4699
1,4700
2,4701
24,4701
1,4702
2,4703
3,4703
2,4704
5,4704
4,4705
3,4706
5,4708
39,4708
4,4709
35,4711
9,4712
43,4712
10,4713
16,4718
49,4718
37,4719
11,4721
3,4727
1,4728
4,4728
5,4729
14,4731
4,4733
3,4734
1,4736
5,4736
7,4737
28,4737
4,4738
5,4739
2,4740
44,4740
2,4742
14,4743
18,4745
1,4746
18,4747
2,4748
9,4748
25,4751
13,4752
29,4752
11,4753
20,4756
20,4759
1,4763
2,4764
35,4764
40,4764
1,4765
25,4768
38,4773
2,4774
1,4775
44,4775
7,4776
26,4776
2,4779
13,4781
35,4781
50,4794
3,4797
6,4799
39,4799
4,4800
4,4804
25,4804
3,4805
5,4808
19,4808
22,4808
5,4809
40,4809
9,4811
18,4814
1,4816
1,4817
30,4818
2,4819
28,4820
1,4821
10,4821
2,4822
26,4823
2,4824
2,4825
22,4825
14,4829
22,4833
28,4834
46,4834
9,4835
27,4835
18,4837
24,4838
12,4842
30,4843
49,4843
13,4845
4,4850
31,4855
30,4859
44,4860
49,4861
43,4864
42,4866
10,4867
25,4867
19,4868
39,4868
16,4869
17,4870
43,4870
28,4874
40,4879
15,4880
22,4880
6,4884
3,4889
4,4890
5,4892
24,4892
3,4893
14,4894
27,4894
4,4895
5,4896
38,4898
49,4906
12,4908
30,4909
14,4910
41,4910
25,4912
10,4915
38,4915
12,4919
46,4919
6,4921
40,4921
37,4924
38,4925
47,4925
3,4926
4,4927
7,4927
43,4927
50,4929
4,4931
3,4932
28,4934
39,4934
5,4935
23,4935
42,4936
4,4939
5,4939
30,4939
24,4940
1,4941
2,4944
1,4945
48,4945
1,4946
10,4947
15,4947
2,4948
2,4949
39,4950
1,4951
7,4952
1,4954
22,4954
2,4956
17,4956
3,4958
23,4958
1,4959
5,4959
2,4960
5,4960
2,4961
4,4962
15,4962
22,4962
42,4962
3,4963
39,4963
40,4963
4,4964
20,4964
31,4970
3,4971
36,4971
4,4972
12,4972
5,4975
42,4975
3,4977
5,4978
4,4979
35,4979
46,4984
11,4987
39,4987
43,4987
38,4988
44,4989
25,4990
47,4992
1,4993
19,4994
1,4995
49,4995
2,4996
1,4997
31,4999
23,5000
34,5000
2,5001
38,5001
40,5001
42,5001
2,5004
21,5004
35,5007
39,5007
9,5009
26,5011
18,5017
21,5017
30,5017
12,5019
1,5023
2,5025
1,5026
1,5028
4,5028
35,5028
45,5028
2,5029
16,5029
21,5029
14,5030
2,5031
31,5031
33,5034
23,5037
26,5039
35,5040
21,5042
43,5042
27,5047
16,5050
1,5051
39,5051
1,5052
2,5053
23,5053
32,5053
15,5055
1,5057
41,5057
46,5058
26,5059
2,5060
3,5060
2,5061
19,5061
36,5061
30,5062
36,5062
44,5064
3,5066
29,5067
4,5069
47,5069
25,5070
18,5071
31,5071
4,5073
5,5074
27,5074
40,5074
49,5075
3,5076
14,5076
46,5076
48,5076
5,5078
43,5079
3,5080
4,5081
3,5082
5,5083
19,5083
4,5084
5,5085
13,5088
38,5088
40,5088
27,5089
1,5091
1,5092
2,5094
35,5094
2,5095
1,5097
37,5098
2,5099
29,5099
29,5101
13,5103
21,5106
34,5106
42,5107
48,5110
32,5114
16,5116
11,5119
24,5119
43,5121
37,5122
3,5125
35,5128
44,5128
4,5129
6,5129
1,5130
3,5130
5,5131
10,5131
2,5132
1,5133
29,5133
32,5133
4,5134
2,5136
5,5136
1,5139
2,5140
3,5141
19,5143
46,5143
4,5144
3,5145
5,5146
43,5146
5,5147
13,5147
42,5147
4,5148
45,5151
8,5154
28,5155
1,5156
9,5156
1,5157
47,5157
2,5158
2,5159
14,5160
43,5160
1,5161
2,5162
16,5162
22,5165
7,5168
14,5176
11,5178
10,5179
42,5180
15,5184
7,5186
25,5191
34,5191
29,5195
46,5195
1,5197
17,5201
39,5203
37,5207
1,5212
2,5214
1,5217
1,5218
2,5221
50,5222
2,5222
3,5223
35,5225
38,5225
4,5227
47,5227
43,5228
3,5229
10,5229
38,5230
4,5231
26,5231
35,5231
5,5232
32,5232
6,5234
14,5234
48,5234
5,5236
11,5238
39,5243
1,5244
2,5246
13,5246
41,5246
49,5246
1,5247
2,5248
37,5248
1,5249
39,5249
2,5251
9,5252
20,5252
44,5252
3,5254
20,5254
7,5255
1,5256
4,5256
11,5256
5,5257
4,5258
49,5258
5,5259
29,5259
3,5261
36,5261
39,5264
14,5269
29,5270
17,5272
45,5272
15,5274
43,5275
35,5277
14,5281
49,5284
23,5287
42,5289
15,5295
6,5297
1,5298
1,5300
2,5301
9,5302
2,5303
1,5304
36,5305
2,5306
19,5306
22,5306
1,5308
1,5311
2,5312
25,5313
48,5313
2,5314
17,5314
6,5315
34,5315
3,5316
1,5317
4,5317
3,5318
8,5319
2,5320
45,5320
15,5321
4,5322
9,5322
4,5323
35,5325
5,5327
8,5328
25,5328
30,5328
5,5329
10,5330
41,5330
31,5331
32,5335
40,5336
21,5337
41,5338
37,5339
8,5340
7,5345
50,5346
25,5347
8,5351
1,5355
14,5355
16,5355
19,5355
40,5357
1,5359
2,5361
1,5362
2,5363
2,5364
6,5364
39,5369
17,5372
26,5374
1,5375
11,5375
2,5376
1,5377
1,5379
7,5379
43,5381
1,5382
38,5382
2,5383
16,5383
29,5383
2,5386
3,5386
26,5386
49,5386
5,5390
29,5390
45,5390
47,5390
4,5394
4,5395
5,5396
10,5396
3,5397
3,5399
4,5400
39,5400
3,5404
10,5406
42,5406
5,5407
49,5410
4,5411
5,5414
17,5414
26,5415
30,5416
47,5416
19,5417
24,5417
38,5417
1,5419
3,5419
20,5420
1,5421
48,5421
2,5422
4,5422
7,5423
12,5423
16,5423
2,5424
4,5424
1,5427
2,5427
49,5427
5,5428
3,5429
2,5430
5,5430
43,5436
45,5437
1,5443
2,5446
1,5447
1,5449
17,5449
2,5450
2,5452
33,5461
15,5462
3,5465
4,5466
30,5466
37,5466
5,5467
17,5467
33,5467
4,5468
25,5469
3,5472
5,5473
3,5474
20,5476
5,5477
4,5478
3,5479
5,5480
7,5481
49,5481
4,5482
7,5485
42,5486
9,5487
45,5488
28,5490
14,5492
3,5494
50,5496
4,5498
5,5499
47,5500
5,5501
18,5502
24,5502
4,5503
22,5503
46,5503
3,5504
41,5509
36,5510
25,5511
27,5513
30,5513
36,5513
37,5516
24,5517
39,5517
1,5519
1,5521
13,5521
9,5522
45,5522
2,5523
45,5523
30,5525
1,5527
42,5527
19,5528
2,5529
16,5530
2,5532
1,5538
48,5539
2,5541
30,5541
43,5541
1,5542
2,5543
13,5543
17,5543
37,5544
47,5544
1,5547
19,5547
50,5548
2,5549
26,5549
27,5551
1,5553
6,5553
2,5554
43,5554
1,5555
1,5558
14,5558
2,5559
2,5560
21,5560
12,5561
44,5562
1,5563
6,5564
2,5565
1,5567
41,5567
46,5567
1,5570
50,5571
2,5571
2,5572
38,5573
26,5579
17,5580
42,5581
18,5582
36,5589
29,5593
14,5595
49,5596
1,5597
9,5597
29,5597
27,5598
2,5599
16,5599
48,5600
1,5602
10,5603
2,5606
1,5607
2,5608
34,5608
10,5611
39,5611
42,5611
6,5616
14,5617
26,5618
30,5619
20,5620
49,5620
30,5624
3,5625
15,5625
5,5626
7,5626
48,5626
36,5628
18,5629
41,5630
4,5631
30,5631
1,5633
30,5633
1,5634
11,5634
20,5634
2,5635
5,5635
1,5636
3,5636
4,5637
2,5638
6,5639
2,5640
28,5645
8,5646
29,5651
36,5651
43,5657
15,5664
22,5664
16,5665
34,5668
45,5670
22,5671
39,5674
31,5684
48,5684
7,5685
30,5687
3,5689
27,5689
4,5690
14,5690
37,5690
4,5693
1,5694
5,5694
1,5695
2,5696
3,5696
28,5696
1,5697
5,5697
11,5697
2,5698
20,5702
45,5702
32,5703
2,5704
47,5704
3,5708
5,5709
11,5710
4,5712
22,5712
46,5712
45,5714
11,5717
48,5718
3,5719
28,5719
4,5721
26,5721
5,5724
19,5724
46,5725
40,5726
28,5727
3,5729
4,5730
19,5730
23,5731
3,5733
5,5734
5,5735
49,5735
4,5736
3,5738
4,5739
5,5740
4,5741
5,5742
3,5743
39,5745
38,5746
24,5748
35,5748
30,5749
6,5750
32,5750
41,5751
12,5753
40,5760
44,5760
12,5762
3,5767
34,5767
5,5768
5,5770
11,5771
4,5772
31,5772
50,5773
4,5773
3,5774
15,5775
47,5775
7,5780
36,5782
16,5784
40,5784
41,5784
2,5786
37,5787
27,5789
24,5790
43,5790
37,5796
47,5798
14,5799
34,5799
45,5799
29,5800
46,5800
23,5801
49,5802
46,5807
3,5809
27,5809
30,5810
4,5811
5,5812
14,5812
4,5813
5,5813
4,5814
11,5814
35,5814
3,5816
25,5816
3,5819
4,5820
5,5821
11,5821
34,5825
2,5826
44,5826
3,5827
14,5827
5,5828
24,5828
4,5830
31,5830
45,5832
15,5833
17,5833
48,5837
1,5838
1,5840
45,5840
2,5841
24,5841
2,5843
9,5843
25,5843
1,5844
34,5844
46,5844
2,5845
9,5846
6,5848
20,5853
29,5855
6,5857
29,5857
48,5858
41,5859
37,5862
3,5871
28,5871
5,5873
1,5875
7,5876
9,5876
5,5877
39,5878
4,5879
22,5879
1,5881
2,5882
1,5883
21,5883
29,5883
32,5883
2,5884
3,5884
4,5885
21,5886
38,5887
2,5889
44,5890
14,5891
8,5895
8,5896
18,5899
36,5900
9,5901
44,5903
48,5904
8,5908
28,5918
40,5919
37,5920
12,5921
40,5921
36,5925
9,5926
34,5933
13,5936
17,5939
41,5943
45,5946
13,5947
46,5948
31,5952
29,5954
8,5957
48,5957
6,5961
50,5962
33,5968
42,5968
50,5970
3,5978
4,5980
1,5981
4,5982
8,5982
1,5983
5,5983
46,5985
48,5985
2,5986
13,5986
10,5987
1,5988
1,5989
2,5990
2,5991
3,5991
5,5992
44,5992
15,5996
39,5996
45,5996
7,5998
29,6004
21,6011
11,6013
47,6014
37,6015
7,6017
44,6017
30,6019
4,6020
46,6021
36,6022
48,6023
1,6026
2,6029
1,6030
1,6032
18,6034
13,6035
31,6035
2,6036
2,6037
18,6037
4,6039
45,6042
17,6043
40,6043
27,6045
24,6047
14,6050
1,6054
49,6054
1,6055
16,6055
24,6055
8,6058
3,6059
2,6060
2,6061
5,6061
18,6061
4,6063
47,6063
17,6064
28,6064
3,6065
1,6068
5,6068
19,6068
4,6069
33,6069
12,6070
2,6071
28,6071
38,6072
6,6074
17,6074
30,6074
1,6080
2,6081
1,6082
46,6082
8,6084
9,6084
2,6085
22,6086
13,6087
47,6087
34,6088
1,6089
28,6090
9,6091
2,6092
43,6092
23,6094
26,6095
13,6097
10,6098
31,6098
9,6100
1,6103
2,6105
1,6106
2,6107
1,6108
11,6108
2,6109
24,6109
28,6116
36,6120
32,6123
27,6125
41,6126
44,6128
42,6129
42,6131
38,6132
24,6133
32,6139
12,6140
49,6143
7,6144
38,6148
47,6152
41,6153
7,6154
34,6155
5,6158
37,6159
43,6159
34,6163
47,6163
37,6164
6,6167
32,6170
33,6171
8,6173
33,6173
23,6175
20,6179
33,6179
45,6180
3,6186
5,6188
17,6191
30,6191
38,6191
5,6194
16,6196
4,6198
10,6199
3,6200
28,6201
31,6201
4,6203
32,6205
30,6209
50,6216
7,6218
39,6218
42,6218
18,6219
27,6219
3,6222
30,6223
4,6224
7,6225
3,6227
5,6230
46,6230
35,6231
5,6232
4,6234
3,6242
5,6243
4,6244
3,6245
12,6245
41,6245
4,6246
5,6247
36,6248
47,6249
13,6251
14,6255
48,6255
11,6258
29,6261
24,6263
44,6263
3,6264
6,6266
4,6270
46,6270
5,6276
13,6277
15,6277
3,6280
11,6280
4,6282
7,6282
35,6282
5,6283
28,6283
1,6284
35,6286
2,6288
1,6291
1,6292
44,6293
2,6295
2,6297
32,6297
22,6298
22,6299
29,6301
23,6303
1,6306
48,6306
2,6310
1,6314
3,6314
27,6314
4,6315
1,6316
31,6316
4,6318
32,6318
2,6319
2,6320
5,6320
5,6325
3,6326
33,6328
36,6330
45,6331
21,6333
48,6333
3,6335
5,6336
4,6337
35,6339
5,6340
37,6340
1,6341
1,6343
4,6343
3,6344
6,6345
2,6346
2,6347
29,6347
1,6348
39,6348
2,6351
43,6352
8,6353
1,6355
17,6355
2,6356
1,6357
32,6359
2,6361
6,6361
34,6361
27,6362
1,6363
2,6364
8,6364
36,6366
14,6367
17,6367
27,6369
33,6370
26,6372
24,6375
18,6376
29,6378
35,6380
42,6383
47,6386
30,6389
1,6391
1,6392
36,6392
14,6395
2,6398
1,6400
11,6401
45,6401
2,6404
42,6404
3,6407
2,6408
5,6410
16,6411
5,6412
4,6413
3,6415
4,6417
32,6417
24,6419
50,6427
33,6430
1,6431
5,6431
2,6432
6,6432
21,6434
3,6435
1,6436
1,6437
4,6437
2,6438
12,6438
2,6439
38,6439
4,6440
5,6441
3,6442
16,6442
1,6443
5,6444
32,6444
1,6445
2,6446
3,6447
44,6447
1,6448
48,6448
2,6449
37,6449
2,6451
4,6451
43,6451
4,6452
32,6452
23,6454
3,6455
10,6456
36,6456
5,6457
35,6458
5,6459
42,6460
10,6462
32,6467
11,6472
27,6476
31,6486
9,6489
20,6491
35,6491
49,6494
25,6498
22,6503
27,6505
38,6505
33,6506
25,6511
7,6516
12,6516
23,6516
47,6516
8,6518
50,6519
3,6519
4,6520
21,6521
5,6522
4,6524
5,6525
24,6525
3,6526
13,6527
1,6528
18,6528
28,6528
44,6528
2,6530
1,6531
27,6533
1,6534
3,6535
4,6536
2,6537
27,6537
5,6538
2,6539
3,6542
3,6543
43,6543
23,6545
26,6545
5,6546
48,6546
4,6548
37,6548
46,6551
21,6554
12,6560
49,6561
48,6563
16,6566
20,6566
48,6567
40,6568
4,6570
31,6575
31,6577
22,6581
27,6583
3,6593
5,6594
7,6594
1,6595
5,6595
1,6596
2,6598
42,6598
50,6599
1,6599
4,6599
15,6599
2,6600
3,6600
8,6600
2,6601
4,6602
7,6605
16,6605
3,6608
5,6610
19,6610
33,6610
5,6611
9,6611
4,6612
3,6614
16,6614
4,6616
15,6616
12,6618
19,6619
7,6622
4,6623
35,6625
1,6627
38,6627
1,6628
2,6629
13,6630
18,6630
20,6631
1,6632
42,6632
2,6633
29,6633
2,6634
35,6635
15,6637
17,6637
21,6637
29,6639
42,6640
7,6641
7,6643
19,6644
26,6650
16,6653
42,6656
27,6657
38,6657
45,6657
1,6658
22,6658
46,6658
2,6659
1,6660
2,6662
37,6663
1,6665
2,6666
11,6668
43,6668
44,6668
32,6669
42,6671
39,6672
3,6677
27,6677
5,6678
4,6679
5,6680
3,6681
33,6681
38,6681
25,6682
1,6683
4,6683
44,6683
2,6686
6,6687
50,6688
7,6688
1,6689
25,6692
45,6694
49,6695
2,6696
10,6696
17,6696
1,6697
13,6698
34,6699
2,6700
14,6702
40,6707
14,6708
35,6709
36,6711
31,6720
44,6724
6,6725
19,6728
31,6730
43,6730
1,6732
2,6734
50,6736
1,6736
12,6736
10,6738
42,6738
46,6738
32,6741
1,6742
2,6743
2,6744
33,6744
38,6745
31,6747
8,6749
19,6751
35,6754
1,6757
3,6758
4,6759
3,6761
1,6762
21,6762
2,6763
5,6763
4,6764
15,6764
22,6764
9,6765
5,6766
2,6767
3,6767
1,6768
18,6768
2,6769
34,6769
1,6770
2,6771
5,6771
4,6772
1,6773
5,6773
3,6774
1,6776
18,6776
36,6776
2,6777
4,6777
2,6778
40,6778
39,6781
1,6787
40,6788
1,6789
2,6791
29,6791
35,6791
1,6792
10,6792
37,6796
2,6797
6,6797
42,6797
2,6798
14,6801
22,6801
46,6801
26,6804
42,6804
27,6806
1,6808
35,6808
2,6809
19,6809
1,6810
33,6810
44,6810
2,6813
14,6813
37,6813
1,6815
33,6815
2,6816
49,6816
27,6821
30,6825
45,6825
13,6827
26,6828
27,6828
32,6830
12,6831
30,6831
16,6832
33,6832
44,6833
42,6838
36,6840
48,6841
23,6842
17,6843
29,6843
18,6844
10,6848
26,6855
34,6855
8,6857
32,6857
37,6858
45,6867
18,6869
41,6870
25,6877
26,6878
37,6879
28,6881
37,6887
12,6889
8,6890
35,6891
44,6893
44,6895
28,6896
48,6896
28,6897
12,6900
1,6901
3,6902
2,6904
4,6904
31,6904
5,6905
3,6906
1,6907
4,6907
5,6908
24,6908
1,6909
10,6910
24,6910
2,6911
37,6911
30,6912
2,6915
24,6918
8,6919
16,6919
50,6920
1,6924
6,6924
2,6926
45,6926
1,6927
14,6929
19,6929
10,6930
19,6931
33,6933
17,6934
30,6934
1,6935
2,6939
2,6941
28,6943
1,6944
2,6945
1,6946
32,6947
1,6949
46,6949
2,6950
41,6950
2,6952
47,6957
45,6958
11,6959
18,6960
3,6961
42,6961
4,6962
42,6962
4,6963
5,6965
28,6965
5,6969
46,6969
27,6971
3,6973
30,6973
1,6974
7,6974
2,6977
13,6977
1,6979
39,6979
1,6980
49,6981
31,6983
50,6984
2,6985
32,6985
42,6986
2,6988
43,6989
18,6995
35,6996
49,6997
9,6998
49,6998
16,7000
38,7002
31,7004
22,7005
30,7005
2,7006
49,7010
17,7012
48,7023
1,7025
1,7026
2,7027
2,7028
31,7028
1,7030
2,7031
21,7031
7,7037
11,7038
26,7038
10,7041
16,7041
8,7043
39,7043
1,7044
3,7044
2,7045
5,7045
14,7046
1,7047
2,7048
5,7048
1,7049
2,7050
4,7050
24,7050
4,7051
3,7052
12,7053
42,7054
1,7059
1,7060
30,7060
2,7061
5,7061
2,7062
1,7063
3,7063
23,7063
2,7064
5,7064
17,7068
4,7070
3,7071
4,7072
50,7073
27,7074
5,7075
42,7078
20,7079
28,7079
45,7081
36,7082
47,7084
22,7085
32,7085
3,7089
32,7089
4,7090
5,7092
3,7093
5,7094
31,7095
4,7096
21,7096
1,7098
2,7101
1,7103
2,7103
41,7103
2,7104
1,7107
28,7107
35,7108
2,7111
6,7114
9,7114
19,7116
49,7116
22,7117
21,7120
11,7122
1,7123
18,7123
32,7123
2,7124
1,7125
1,7126
2,7127
6,7128
2,7129
39,7130
26,7131
34,7131
28,7132
3,7135
4,7137
48,7137
5,7138
37,7140
4,7142
21,7143
3,7146
5,7147
7,7152
3,7153
29,7153
4,7154
5,7156
20,7156
5,7157
24,7157
4,7158
3,7160
24,7160
33,7163
41,7168
3,7169
4,7172
7,7172
3,7173
5,7174
34,7174
5,7176
4,7177
17,7179
3,7181
5,7185
49,7186
45,7187
4,7189
32,7189
4,7190
34,7190
11,7192
10,7193
48,7193
49,7194
3,7195
5,7197
30,7197
16,7199
12,7200
49,7200
37,7202
37,7208
14,7212
33,7215
43,7216
17,7218
42,7218
14,7219
14,7222
19,7223
39,7226
3,7228
12,7228
28,7230
35,7230
4,7231
9,7231
3,7232
41,7232
5,7233
48,7233
6,7234
47,7235
1,7236
31,7236
8,7237
1,7238
4,7241
37,7241
5,7243
2,7245
2,7247
1,7248
2,7249
28,7249
20,7252
31,7254
3,7260
26,7262
43,7262
35,7263
10,7264
5,7265
4,7266
3,7267
40,7268
5,7270
4,7271
38,7273
1,7275
3,7275
28,7275
32,7275
47,7275
31,7276
1,7277
4,7277
4,7278
5,7278
4,7279
5,7280
26,7280
2,7281
1,7282
39,7282
2,7283
3,7283
21,7283
2,7285
36,7286
9,7287
1,7289
6,7289
41,7290
1,7294
2,7296
44,7297
31,7298
48,7299
28,7301
2,7302
1,7303
2,7304
3,7309
4,7310
36,7310
1,7311
1,7312
4,7312
40,7312
2,7313
37,7313
2,7314
18,7314
5,7315
1,7316
3,7316
12,7316
2,7317
5,7317
1,7318
25,7319
2,7320
16,7320
26,7320
34,7320
44,7320
1,7321
22,7321
2,7322
27,7322
1,7323
3,7323
2,7324
15,7324
23,7325
42,7325
34,7328
16,7330
44,7332
38,7337
46,7341
48,7344
22,7345
30,7349
15,7351
43,7353
15,7357
10,7358
12,7359
11,7366
19,7368
44,7368
29,7372
33,7374
7,7376
50,7377
21,7379
31,7381
50,7383
28,7383
19,7384
1,7385
33,7388
2,7389
37,7389
1,7390
45,7390
2,7391
22,7394
1,7395
19,7396
2,7397
19,7398
1,7399
1,7404
2,7406
2,7407
23,7407
31,7407
1,7408
22,7408
12,7409
42,7411
11,7412
2,7414
42,7414
26,7415
49,7420
41,7423
8,7424
48,7424
36,7426
15,7427
46,7431
3,7437
21,7439
33,7442
4,7443
19,7444
5,7445
5,7446
4,7447
3,7448
27,7448
46,7449
15,7452
8,7453
26,7454
32,7454
9,7457
28,7457
3,7460
46,7460
5,7461
27,7461
4,7463
5,7464
3,7465
14,7465
1,7466
4,7467
2,7470
44,7470
1,7472
1,7473
10,7473
23,7474
2,7475
2,7476
35,7477
14,7482
34,7482
9,7483
18,7485
37,7486
3,7487
5,7488
10,7488
5,7491
47,7491
21,7492
28,7492
4,7493
3,7494
44,7494
4,7495
9,7495
10,7495
14,7495
25,7495
18,7496
17,7497
26,7497
18,7498
27,7500
25,7507
30,7508
34,7510
1,7511
18,7511
40,7513
1,7515
10,7515
42,7515
34,7516
2,7517
11,7518
16,7518
23,7518
2,7519
1,7520
11,7520
2,7521
42,7521
11,7522
1,7525
1,7526
2,7528
2,7529
38,7531
1,7532
19,7532
47,7532
36,7533
2,7536
22,7537
32,7537
34,7539
16,7546
50,7547
36,7547
3,7552
4,7553
8,7553
9,7553
12,7554
29,7554
3,7556
41,7557
2,7559
4,7560
5,7562
5,7563
30,7563
1,7569
10,7569
11,7570
2,7571
1,7572
13,7574
3,7575
2,7576
1,7577
5,7577
2,7579
29,7579
5,7580
4,7581
4,7582
21,7583
1,7584
2,7585
3,7585
1,7586
1,7587
49,7587
24,7588
35,7591
1,7592
44,7592
2,7593
2,7595
10,7597
30,7597
48,7600
49,7602
9,7609
48,7611
16,7617
39,7621
25,7623
34,7624
36,7627
40,7637
29,7648
41,7648
3,7649
26,7649
18,7650
5,7651
10,7651
4,7652
40,7652
31,7653
4,7654
16,7654
5,7655
17,7655
44,7655
1,7656
32,7656
3,7657
48,7657
2,7658
1,7659
1,7660
17,7660
20,7661
41,7661
2,7662
24,7662
2,7663
14,7663
13,7665
35,7666
7,7667
21,7668
13,7669
31,7670
3,7673
21,7674
4,7675
6,7675
35,7675
5,7676
41,7677
30,7680
5,7683
22,7685
19,7686
21,7688
28,7688
46,7688
3,7690
4,7691
37,7693
14,7696
20,7698
47,7699
6,7700
42,7703
48,7704
18,7706
20,7706
48,7708
20,7711
39,7711
3,7712
27,7713
45,7714
49,7716
15,7717
37,7717
19,7727
28,7727
28,7730
34,7730
26,7733
38,7734
32,7736
21,7737
45,7739
29,7741
11,7744
7,7745
29,7745
26,7748
32,7749
15,7752
45,7753
3,7754
40,7754
48,7754
5,7755
6,7760
5,7762
4,7764
4,7765
35,7765
47,7765
47,7766
3,7767
21,7767
39,7768
30,7769
3,7770
26,7770
4,7771
4,7772
47,7772
5,7774
3,7775
21,7776
5,7777
28,7777
30,7782
34,7782
1,7787
36,7787
1,7789
2,7790
34,7790
36,7790
49,7790
38,7791
2,7792
1,7793
41,7793
2,7796
9,7797
11,7798
34,7798
8,7800
27,7800
6,7802
39,7803
41,7803
42,7803
44,7809
43,7810
1,7812
47,7812
1,7813
2,7814
25,7814
2,7815
1,7817
2,7818
47,7821
48,7824
13,7829
13,7830
21,7834
40,7835
20,7836
34,7838
14,7845
9,7846
26,7848
19,7850
22,7851
44,7851
44,7854
3,7855
9,7857
12,7857
34,7858
29,7864
3,7865
34,7865
4,7866
21,7868
5,7871
5,7872
4,7873
3,7874
3,7875
16,7878
19,7879
42,7880
4,7882
5,7883
43,7883
23,7886
4,7887
24,7890
3,7892
28,7894
45,7896
9,7897
19,7897
5,7900
14,7903
3,7905
6,7905
4,7907
23,7907
16,7908
5,7909
27,7909
4,7910
46,7910
5,7911
36,7911
3,7913
32,7913
35,7913
17,7915
40,7916
7,7921
16,7926
42,7926
28,7928
17,7929
1,7935
1,7937
31,7940
2,7941
24,7941
1,7942
2,7943
6,7943
2,7944
30,7944
6,7945
22,7946
8,7948
15,7950
46,7950
29,7953
30,7961
18,7963
46,7963
6,7967
15,7973
3,7975
40,7976
19,7978
23,7978
44,7978
49,7979
5,7980
23,7981
12,7982
4,7983
3,7985
4,7987
42,7987
21,7988
32,7988
5,7990
12,7997
40,7997
16,7999
1,8000
2,8001
23,8001
29,8002
16,8004
1,8005
2,8006
1,8007
25,8007
2,8008
33,8008
26,8009
1,8012
27,8015
30,8015
48,8015
11,8016
30,8017
22,8021
7,8023
20,8023
22,8023
16,8026
45,8028
9,8029
24,8029
7,8030
15,8031
45,8031
11,8033
50,8034
11,8037
27,8037
8,8039
3,8040
5,8041
4,8045
25,8045
5,8046
2,8047
3,8048
12,8048
12,8049
4,8050
1,8051
2,8053
3,8054
10,8054
1,8055
50,8058
2,8059
5,8060
1,8061
2,8062
4,8062
9,8062
16,8062
41,8062
2,8063
3,8063
5,8064
6,8064
1,8065
4,8065
17,8065
12,8066
3,8067
1,8068
4,8069
2,8070
5,8070
1,8071
1,8075
3,8075
38,8075
2,8076
22,8076
24,8076
30,8076
31,8076
35,8076
2,8077
4,8078
31,8079
5,8082
31,8084
44,8086
1,8088
31,8088
1,8089
21,8089
2,8092
2,8093
1,8094
15,8094
2,8095
14,8095
21,8095
36,8097
46,8097
3,8098
16,8099
4,8101
20,8101
5,8102
3,8104
9,8104
46,8104
4,8106
5,8107
24,8107
21,8109
41,8109
28,8110
29,8112
44,8112
17,8114
16,8118
33,8119
3,8120
5,8121
29,8122
4,8123
4,8124
36,8125
3,8126
5,8127
36,8128
11,8129
39,8129
7,8133
35,8136
18,8138
27,8138
3,8139
5,8140
33,8141
4,8142
11,8142
28,8142
4,8144
33,8145
3,8147
5,8149
23,8149
17,8151
13,8153
40,8154
23,8158
48,8158
49,8158
47,8159
29,8161
3,8164
40,8166
20,8167
23,8167
44,8169
4,8170
49,8170
5,8173
4,8176
5,8179
9,8179
21,8180
31,8180
28,8181
3,8183
31,8186
14,8188
29,8190
16,8195
18,8195
3,8197
5,8199
5,8200
4,8201
23,8201
4,8202
3,8203
7,8203
10,8203
32,8204
23,8205
35,8206
19,8207
3,8208
4,8208
4,8211
40,8211
3,8213
5,8214
36,8214
4,8216
11,8217
5,8218
16,8218
3,8221
4,8223
3,8225
5,8227
4,8228
6,8228
10,8228
5,8229
20,8230
16,8232
23,8233
31,8234
48,8235
10,8236
1,8238
50,8239
2,8239
1,8240
48,8240
50,8241
1,8241
35,8241
2,8243
2,8244
3,8248
5,8250
4,8251
4,8252
29,8252
47,8252
5,8253
3,8254
26,8254
27,8255
38,8256
1,8257
35,8258
1,8259
3,8259
15,8259
2,8260
2,8261
4,8261
34,8261
4,8262
1,8263
5,8263
11,8264
2,8265
3,8265
5,8269
18,8269
1,8271
2,8273
1,8274
32,8274
2,8277
23,8277
43,8277
26,8278
7,8279
26,8280
1,8281
37,8282
2,8283
3,8285
16,8285
43,8285
4,8286
4,8289
33,8289
3,8290
42,8290
5,8291
37,8291
18,8293
46,8295
5,8298
6,8298
42,8298
1,8302
3,8303
4,8305
24,8305
5,8306
10,8306
22,8306
3,8307
4,8308
5,8309
40,8309
3,8310
49,8311
4,8312
30,8312
46,8314
4,8315
5,8317
44,8317
5,8318
3,8319
33,8319
42,8322
22,8325
10,8326
42,8328
32,8329
9,8330
3,8331
10,8331
38,8331
4,8332
3,8333
27,8333
4,8334
31,8334
43,8335
5,8336
40,8336
5,8337
34,8338
28,8346
20,8349
48,8350
44,8355
2,8357
1,8360
1,8362
2,8364
50,8365
1,8365
19,8366
40,8366
2,8367
34,8367
43,8367
2,8368
10,8368
14,8369
26,8369
1,8370
17,8370
2,8371
28,8371
36,8371
1,8373
50,8375
2,8375
11,8376
1,8377
36,8377
2,8378
30,8380
6,8381
6,8385
30,8386
16,8387
37,8388
42,8388
11,8390
21,8391
28,8392
36,8393
50,8394
1,8394
1,8396
15,8396
2,8397
23,8397
41,8397
1,8399
2,8400
6,8400
39,8400
50,8401
2,8403
30,8405
17,8407
50,8413
9,8415
30,8419
47,8420
48,8420
11,8421
19,8421
18,8423
50,8424
29,8425
13,8427
37,8431
17,8432
36,8433
42,8435
29,8437
36,8437
23,8438
43,8438
47,8440
25,8442
41,8442
12,8443
29,8443
35,8443
34,8453
42,8455
49,8456
7,8460
37,8464
43,8465
1,8466
1,8467
28,8468
43,8468
23,8469
2,8470
2,8471
11,8472
50,8473
1,8473
2,8475
26,8477
38,8477
23,8480
31,8482
13,8488
24,8492
6,8493
29,8495
34,8497
11,8501
48,8501
27,8503
1,8504
1,8505
16,8506
32,8506
3,8507
2,8508
5,8508
1,8509
5,8509
9,8509
4,8510
2,8511
22,8511
43,8511
2,8512
3,8512
4,8513
10,8513
13,8515
8,8516
31,8516
1,8520
12,8521
1,8522
29,8522
2,8523
50,8524
1,8524
50,8525
2,8525
7,8527
2,8528
29,8529
29,8531
1,8538
1,8539
36,8542
45,8542
2,8544
19,8544
50,8545
2,8545
38,8549
45,8549
1,8551
2,8553
24,8554
16,8555
46,8557
12,8565
11,8567
41,8567
3,8571
5,8572
4,8573
43,8573
3,8574
4,8575
32,8575
5,8576
45,8578
3,8580
29,8580
5,8581
4,8583
32,8583
3,8588
5,8590
42,8591
4,8592
18,8597
23,8600
28,8602
18,8603
50,8605
31,8605
10,8606
37,8606
19,8607
10,8610
33,8610
21,8611
22,8612
32,8617
24,8619
31,8619
42,8619
44,8622
10,8624
19,8624
32,8625
46,8625
48,8630
6,8637
8,8637
8,8640
3,8642
30,8643
44,8643
5,8644
43,8644
1,8645
19,8645
1,8646
4,8646
7,8646
2,8647
3,8648
4,8649
28,8649
5,8650
2,8652
1,8654
2,8655
3,8656
49,8656
27,8657
5,8658
4,8659
8,8659
4,8660
5,8661
28,8661
3,8662
1,8667
1,8668
25,8670
2,8671
13,8671
1,8672
6,8672
27,8673
2,8674
21,8674
43,8674
26,8675
2,8680
39,8683
27,8684
40,8688
1,8689
45,8689
2,8690
1,8691
2,8692
26,8695
45,8695
45,8696
1,8697
30,8697
2,8699
10,8705
12,8706
1,8709
2,8711
1,8713
21,8713
35,8714
1,8715
2,8718
2,8722
3,8722
17,8723
4,8724
47,8724
36,8725
4,8726
3,8727
5,8728
5,8729
46,8730
14,8734
7,8735
48,8736
48,8737
48,8738
40,8739
13,8741
33,8741
1,8746
10,8748
7,8749
18,8750
49,8750
13,8753
38,8753
13,8755
19,8757
24,8757
21,8759
22,8759
4,8762
33,8762
19,8764
6,8765
15,8771
3,8772
1,8773
4,8773
1,8774
2,8775
4,8775
2,8776
19,8776
1,8777
5,8779
3,8780
5,8781
29,8781
23,8783
2,8784
46,8784
46,8785
3,8788
4,8789
3,8790
5,8791
25,8793
41,8794
18,8796
49,8797
13,8798
4,8799
5,8800
40,8801
29,8802
30,8802
19,8807
9,8809
2,8813
23,8813
6,8815
8,8815
18,8816
43,8824
3,8826
46,8828
48,8829
5,8831
37,8831
4,8832
19,8832
3,8833
7,8833
4,8834
5,8835
49,8836
34,8839
6,8842
12,8846
3,8850
4,8853
5,8854
5,8855
31,8855
3,8856
4,8857
34,8858
19,8861
44,8863
10,8868
25,8869
33,8869
15,8872
28,8873
8,8874
44,8879
28,8881
1,8882
1,8885
15,8889
49,8889
2,8890
17,8891
2,8892
1,8893
7,8893
22,8897
2,8898
40,8901
3,8902
41,8902
4,8903
4,8904
30,8904
5,8905
3,8906
5,8907
33,8907
35,8908
25,8910
21,8911
33,8912
41,8916
44,8923
32,8927
1,8928
42,8928
1,8929
6,8929
2,8930
27,8931
2,8933
19,8933
23,8933
1,8934
2,8935
8,8939
45,8939
25,8941
1,8946
1,8947
2,8948
44,8949
1,8950
2,8952
2,8953
7,8953
41,8953
50,8954
41,8955
19,8956
21,8956
44,8957
18,8959
9,8962
41,8962
41,8965
10,8966
8,8968
49,8969
8,8970
3,8972
32,8976
4,8978
12,8978
3,8980
22,8980
4,8981
19,8981
5,8984
23,8985
5,8986
50,8987
40,8987
13,8989
22,8989
45,8993
41,8994
19,8996
32,8997
48,8997
34,8998
39,8998
5,8999
29,9001
18,9002
31,9003
1,9007
7,9007
17,9009
2,9010
42,9010
1,9011
2,9012
36,9013
1,9015
47,9016
2,9017
28,9018
35,9019
43,9020
40,9021
48,9021
28,9023
1,9025
2,9028
1,9031
43,9031
1,9032
2,9033
2,9036
29,9036
41,9037
2,9039
29,9040
1,9042
39,9046
6,9047
49,9049
46,9050
27,9051
27,9052
12,9055
43,9056
42,9059
28,9060
33,9060
42,9061
31,9063
17,9065
4,9066
7,9067
25,9067
27,9067
14,9069
45,9069
23,9070
37,9070
3,9072
4,9073
17,9075
43,9075
4,9077
5,9079
14,9081
3,9082
5,9083
33,9083
25,9086
9,9090
1,9095
1,9096
3,9096
2,9097
4,9097
1,9098
4,9098
5,9099
26,9099
9,9100
27,9100
2,9102
3,9103
14,9104
2,9105
5,9106
48,9107
35,9108
46,9111
1,9120
11,9120
44,9120
2,9123
21,9123
39,9123
3,9124
43,9124
46,9124
1,9125
5,9126
2,9128
4,9128
12,9128
31,9128
18,9129
1,9130
2,9132
4,9132
28,9132
3,9133
50,9135
5,9136
38,9136
10,9137
24,9137
27,9137
8,9138
19,9138
48,9138
27,9141
13,9150
11,9153
24,9153
49,9156
12,9157
21,9158
48,9160
30,9161
38,9165
10,9173
18,9176
22,9177
41,9178
20,9181
1,9186
2,9187
1,9188
16,9188
39,9188
1,9189
2,9190
21,9190
2,9192
22,9195
20,9202
48,9202
47,9206
3,9209
42,9209
5,9210
12,9210
4,9212
19,9212
4,9215
5,9217
3,9219
17,9219
1,9221
8,9221
2,9222
1,9223
1,9224
43,9224
47,9224
2,9225
16,9225
2,9226
36,9226
32,9231
49,9231
28,9234
10,9236
23,9236
30,9236
42,9240
22,9243
49,9243
27,9244
36,9244
26,9247
10,9249
15,9249
4,9250
41,9253
42,9253
42,9255
50,9258
27,9261
36,9261
21,9263
32,9263
1,9268
29,9270
1,9271
30,9271
46,9271
2,9275
1,9279
22,9280
2,9282
40,9282
2,9283
8,9285
24,9286
1,9287
1,9288
47,9288
32,9289
2,9291
21,9291
1,9292
3,9292
47,9292
2,9293
4,9293
46,9293
24,9294
38,9294
4,9295
2,9296
8,9296
5,9297
3,9298
5,9299
27,9299
35,9300
11,9301
6,9304
41,9307
16,9310
41,9311
35,9314
48,9314
23,9315
36,9318
6,9325
3,9327
5,9329
4,9330
3,9333
28,9335
37,9335
4,9337
5,9338
2,9339
40,9339
21,9341
35,9341
30,9344
21,9346
39,9346
3,9348
4,9349
26,9349
3,9351
46,9351
5,9352
5,9355
4,9356
6,9357
49,9360
6,9362
3,9368
1,9369
4,9369
17,9369
1,9370
2,9371
5,9371
1,9372
4,9372
2,9373
3,9373
47,9373
2,9374
5,9374
28,9374
30,9376
21,9378
36,9378
27,9383
29,9383
17,9385
13,9389
17,9390
28,9392
48,9395
43,9399
33,9401
48,9401
19,9405
3,9407
4,9408
16,9408
23,9408
4,9410
27,9411
5,9412
3,9413
5,9414
17,9414
35,9414
6,9415
44,9418
42,9419
27,9420
10,9425
1,9430
1,9433
2,9439
2,9440
1,9441
8,9441
30,9442
2,9444
36,9444
3,9445
6,9445
40,9445
3,9446
25,9446
5,9448
29,9448
46,9451
4,9452
3,9453
1,9454
5,9454
20,9454
1,9455
2,9457
2,9458
4,9458
22,9458
34,9458
1,9459
2,9460
1,9461
25,9461
48,9462
39,9464
1,9465
37,9466
17,9467
2,9470
2,9472
21,9474
3,9477
5,9479
14,9479
19,9479
1,9480
25,9480
2,9482
4,9482
5,9485
25,9485
4,9487
3,9488
3,9489
4,9490
21,9490
4,9491
5,9492
48,9492
5,9493
49,9493
27,9494
3,9495
23,9495
1,9497
3,9497
1,9498
4,9499
2,9500
4,9501
5,9501
1,9502
5,9502
2,9503
4,9503
36,9503
2,9504
3,9504
43,9509
18,9513
23,9515
10,9516
30,9516
27,9523
39,9525
50,9526
6,9528
45,9528
18,9529
19,9533
38,9533
35,9535
35,9537
18,9540
42,9540
34,9541
38,9541
42,9541
21,9543
41,9546
3,9547
32,9548
4,9549
14,9549
37,9549
1,9550
50,9551
3,9551
1,9553
2,9554
5,9554
43,9554
2,9555
4,9555
5,9556
1,9559
16,9559
28,9559
2,9561
49,9561
3,9563
4,9565
5,9567
4,9568
45,9568
3,9569
1,9571
5,9571
26,9571
17,9572
28,9572
37,9573
47,9573
2,9574
16,9574
16,9576
21,9576
1,9581
2,9582
12,9583
1,9584
3,9584
43,9584
2,9586
5,9586
4,9587
4,9588
5,9592
47,9592
3,9594
25,9594
27,9594
44,9595
16,9596
49,9601
1,9603
30,9603
1,9605
15,9605
2,9606
1,9608
2,9610
2,9611
50,9612
1,9613
36,9613
44,9613
2,9614
1,9615
1,9616
2,9617
24,9617
2,9619
1,9621
1,9623
7,9623
38,9623
36,9624
2,9625
3,9625
1,9626
31,9626
2,9627
4,9627
4,9628
23,9628
3,9629
2,9630
5,9630
44,9630
16,9631
19,9631
5,9632
3,9634
46,9638
48,9638
1,9639
39,9639
2,9640
1,9641
34,9641
1,9642
3,9642
2,9643
29,9643
2,9645
4,9645
42,9645
3,9646
4,9647
5,9648
5,9649
41,9649
43,9651
17,9659
26,9663
3,9664
4,9665
5,9667
5,9668
1,9669
21,9669
36,9669
1,9670
4,9670
2,9671
19,9672
1,9673
2,9675
3,9675
2,9676
38,9677
7,9680
8,9681
50,9682
24,9682
39,9685
3,9686
4,9688
13,9688
26,9688
37,9688
5,9690
41,9690
1,9691
3,9691
35,9691
2,9692
1,9693
2,9694
4,9694
5,9695
1,9696
2,9699
24,9699
16,9704
5,9707
41,9709
31,9712
12,9715
20,9716
6,9718
7,9718
21,9725
8,9726
14,9727
30,9730
25,9731
15,9735
16,9736
1,9737
26,9737
35,9738
2,9739
32,9739
1,9740
2,9741
1,9742
13,9742
2,9743
34,9743
26,9744
3,9745
41,9745
4,9746
37,9746
12,9747
4,9748
5,9749
20,9750
38,9750
35,9751
42,9751
5,9754
35,9754
3,9756
3,9758
26,9758
4,9759
5,9762
26,9764
5,9765
4,9766
3,9768
30,9770
35,9772
1,9774
28,9775
48,9776
13,9777
3,9778
1,9779
5,9779
1,9781
2,9782
35,9782
6,9783
1,9786
38,9786
2,9787
5,9787
39,9787
4,9788
35,9788
3,9789
2,9790
4,9791
26,9791
39,9791
22,9794
41,9794
25,9799
50,9800
7,9802
10,9805
36,9805
12,9809
42,9811
43,9811
7,9812
16,9812
35,9816
37,9816
10,9817
17,9820
27,9822
36,9826
3,9832
4,9833
5,9834
3,9837
5,9838
4,9839
9,9839
18,9840
36,9841
45,9841
11,9842
34,9844
3,9845
21,9847
46,9847
18,9848
45,9848
4,9849
18,9850
24,9850
5,9851
3,9852
4,9854
29,9855
45,9856
5,9857
46,9858
21,9859
10,9860
1,9861
47,9861
49,9861
49,9862
8,9864
2,9865
1,9866
42,9866
1,9868
3,9868
2,9870
4,9870
32,9870
5,9871
2,9872
3,9872
5,9874
4,9875
50,9876
1,9880
15,9882
35,9882
1,9883
2,9884
1,9885
9,9885
24,9885
43,9885
2,9886
2,9888
7,9889
8,9889
24,9889
42,9889
16,9890
36,9891
3,9895
5,9896
4,9897
6,9897
4,9899
45,9899
3,9901
5,9903
16,9903
23,9904
3,9905
32,9905
43,9905
5,9906
14,9907
21,9907
43,9907
4,9908
45,9908
2,9909
4,9909
24,9909
5,9911
3,9912
19,9912
38,9915
1,9916
14,9916
17,9919
2,9920
8,9920
1,9921
2,9922
1,9924
2,9926
15,9926
44,9926
42,9931
44,9934
22,9935
10,9936
1,9937
19,9938
23,9938
42,9939
1,9940
2,9941
50,9945
2,9945
49,9946
1,9949
2,9951
3,9958
5,9961
2,9963
5,9963
11,9963
4,9964
17,9966
21,9966
3,9967
15,9967
24,9967
4,9968
46,9968
47,9975
45,9976
18,9983
1,9985
11,9985
1,9986
45,9987
42,9989
2,9990
26,9990
1,9992
4,9992
10,9992
31,9992
2,9993
31,9994
47,9994
2,9998
12,9999
