3,3
5,5
27,6
3,8
4,8
4,9
5,10
38,14
3,15
6,15
29,19
6,21
21,23
3,24
5,25
4,26
26,26
5,27
1,28
3,29
24,30
1,31
4,33
15,33
2,34
2,35
1,37
12,37
2,38
36,38
36,39
3,40
4,42
26,43
34,43
5,44
42,44
5,45
40,45
4,46
3,47
13,47
20,50
49,50
28,51
16,52
21,52
25,55
42,56
40,57
35,59
1,60
34,60
2,62
15,64
30,64
23,65
1,67
36,68
1,69
2,70
2,71
3,72
4,75
5,76
4,77
3,79
13,79
5,81
6,81
17,83
43,83
47,85
40,86
32,87
10,88
4,92
40,94
6,96
50,101
1,103
1,104
15,104
2,105
39,105
1,106
2,109
28,109
2,111
7,115
3,119
1,120
4,120
10,120
15,120
17,121
48,128
10,129
10,130
1,134
1,136
2,137
22,137
2,138
35,138
1,140
14,140
17,140
2,141
11,142
1,155
2,156
20,156
14,158
24,158
35,158
47,159
1,160
1,162
2,163
18,163
2,165
3,166
11,166
4,167
4,168
50,170
5,170
1,172
5,172
1,173
3,173
14,173
41,173
2,174
1,175
2,177
46,177
2,178
45,180
42,182
29,186
30,193
30,194
1,200
1,201
10,201
2,202
2,203
48,203
1,205
2,206
25,208
14,212
39,213
2,215
31,215
31,217
22,219
32,220
45,221
1,222
47,223
3,224
8,224
4,225
31,226
2,227
1,228
8,228
1,229
4,229
2,230
5,230
2,231
5,231
41,231
3,232
36,232
16,233
10,235
36,235
3,238
8,238
48,238
4,239
50,241
4,241
29,241
5,242
5,243
26,243
39,244
3,246
16,247
44,250
6,251
32,251
13,255
3,256
8,257
4,258
5,259
20,262
5,263
4,264
3,265
18,265
3,266
4,271
4,273
35,273
44,273
35,274
3,275
5,276
5,277
9,278
26,278
6,282
7,285
11,287
47,293
46,295
50,297
50,299
43,301
11,307
25,308
11,311
37,313
35,314
34,315
37,318
41,324
3,325
4,326
8,326
3,327
5,328
19,329
20,331
32,331
13,332
27,333
30,333
31,333
5,334
36,335
49,336
4,338
44,343
50,347
46,351
28,352
3,355
8,356
21,357
38,357
33,359
5,360
20,360
35,360
44,360
50,362
4,362
4,363
3,364
6,365
46,365
5,366
13,367
24,367
15,369
21,371
45,371
1,373
2,374
1,375
43,376
46,376
2,377
38,378
1,382
2,384
18,384
40,390
7,392
24,401
34,401
1,403
1,404
45,406
2,407
2,408
26,408
18,409
10,410
1,411
2,412
3,413
23,413
5,414
4,415
21,416
27,417
5,418
4,420
42,420
3,421
1,422
2,423
30,423
1,425
2,426
26,427
1,428
2,429
44,435
7,439
37,451
22,452
35,453
44,453
6,454
15,458
44,458
48,459
19,461
44,461
8,465
36,469
38,470
16,477
27,477
33,482
38,483
43,483
41,484
14,485
12,489
43,489
38,490
31,491
33,492
27,493
38,496
46,497
21,500
21,502
23,503
50,504
15,504
25,507
36,507
7,509
23,510
38,510
14,512
44,512
29,513
32,513
20,515
17,516
23,516
33,516
47,516
18,518
9,523
24,527
9,531
40,533
29,534
13,535
48,536
22,538
26,538
36,541
37,541
45,541
27,543
1,544
2,545
1,546
1,548
2,549
50,550
2,550
9,556
18,562
12,567
1,569
2,570
34,570
1,572
1,573
2,574
41,574
2,575
21,577
19,579
36,580
43,580
1,581
49,581
1,583
12,583
19,583
2,584
1,585
2,588
37,589
2,590
46,590
23,592
43,593
35,595
49,595
1,605
30,605
49,606
2,607
37,607
3,608
5,610
22,610
1,611
2,612
4,612
1,613
5,613
4,614
2,615
49,615
3,617
14,617
3,621
16,622
45,622
4,623
10,623
26,623
3,624
34,624
48,625
41,626
9,628
4,631
20,631
5,632
5,633
1,637
28,637
48,637
1,638
48,639
2,640
22,640
3,644
1,646
4,646
38,646
2,647
3,647
6,647
2,648
4,650
37,653
5,655
6,655
37,657
1,658
24,658
5,659
2,661
11,661
33,661
42,662
34,667
1,668
2,669
1,670
2,673
27,677
48,678
1,679
36,679
33,680
2,683
14,683
15,684
34,684
49,684
1,685
2,686
35,688
42,688
1,689
3,689
5,690
25,690
26,690
2,691
4,691
13,691
4,692
10,692
3,694
27,694
5,695
40,697
17,698
9,701
20,702
49,702
33,704
9,707
44,708
35,714
38,714
16,715
8,716
43,719
27,721
1,726
19,726
1,728
2,729
38,729
2,730
1,731
3,731
17,731
2,732
4,732
15,732
9,733
30,733
31,733
4,734
3,735
31,735
5,737
11,737
12,737
1,740
5,740
10,740
1,741
2,743
23,743
24,743
26,743
1,744
46,746
2,747
8,748
42,748
50,749
2,750
6,754
27,756
34,756
7,758
17,759
49,761
24,766
37,768
1,769
39,769
1,770
2,771
1,772
2,774
2,775
8,777
1,778
18,780
21,782
11,784
48,785
45,786
7,791
17,792
10,794
25,794
33,794
3,796
4,797
5,799
5,800
6,800
7,800
18,801
31,801
4,802
3,803
13,804
48,805
9,807
15,807
46,809
1,815
3,816
1,817
4,817
5,819
42,820
2,821
3,822
27,822
5,823
8,823
2,824
4,824
1,825
3,825
2,826
5,827
9,828
4,829
35,829
3,830
4,832
23,832
5,833
41,833
42,833
1,835
1,837
41,838
2,839
25,839
2,840
43,840
1,842
2,845
3,846
47,848
4,849
23,849
5,850
5,851
4,853
44,853
3,855
19,857
24,859
43,862
9,865
10,865
35,865
22,866
6,867
19,868
18,869
10,871
31,871
50,874
8,875
8,876
33,878
33,882
43,883
41,887
7,888
22,891
12,894
47,895
11,899
30,899
42,899
3,903
39,903
4,904
46,907
4,908
5,908
5,909
1,911
3,911
35,911
2,912
5,913
10,914
28,914
1,916
48,916
2,917
1,918
17,918
2,919
45,921
39,922
17,924
23,925
30,927
1,928
13,928
20,930
21,930
31,932
24,933
6,938
3,946
26,946
49,946
4,947
46,947
3,948
25,948
46,949
4,950
15,950
28,950
22,951
24,951
45,952
5,953
49,953
5,954
4,957
27,958
48,958
27,962
1,971
1,973
46,973
2,974
2,975
1,976
42,976
18,978
27,980
2,981
25,982
33,983
42,988
3,989
33,989
4,990
16,990
5,991
5,993
24,993
36,993
4,994
3,995
29,1002
11,1003
46,1003
50,1005
28,1009
21,1011
3,1012
5,1013
33,1014
17,1015
17,1016
4,1017
14,1018
41,1019
23,1020
31,1020
4,1021
37,1021
5,1022
3,1023
29,1031
37,1033
38,1036
31,1040
22,1041
1,1043
44,1044
1,1045
2,1046
2,1047
42,1048
39,1049
1,1050
2,1051
46,1051
47,1052
32,1054
47,1056
32,1065
46,1070
6,1073
34,1073
31,1077
36,1078
30,1082
50,1084
21,1084
36,1088
41,1088
1,1089
2,1090
48,1090
1,1091
2,1092
1,1093
25,1093
25,1095
2,1097
29,1097
8,1099
45,1100
31,1105
39,1107
1,1108
2,1109
12,1109
25,1109
46,1110
1,1113
21,1114
1,1115
2,1116
2,1118
1,1119
2,1120
1,1121
35,1121
2,1122
23,1122
39,1122
1,1125
10,1125
2,1126
23,1126
49,1130
3,1131
34,1133
5,1134
17,1134
21,1135
4,1136
26,1136
3,1137
17,1137
20,1137
49,1138
4,1140
31,1140
5,1141
28,1141
6,1151
33,1151
35,1151
39,1151
1,1152
19,1152
23,1152
1,1154
2,1157
2,1158
1,1159
21,1159
10,1160
41,1160
2,1163
45,1164
6,1168
40,1168
36,1169
3,1174
16,1174
34,1174
27,1175
38,1178
45,1178
1,1180
23,1182
44,1183
1,1185
34,1185
43,1187
2,1188
39,1188
45,1188
1,1189
2,1191
2,1192
50,1196
47,1198
37,1203
22,1206
49,1206
3,1207
11,1207
4,1208
34,1209
31,1210
5,1213
30,1213
5,1216
3,1217
4,1218
19,1219
25,1224
45,1226
3,1228
8,1228
5,1229
17,1229
28,1229
38,1229
5,1230
29,1231
29,1232
4,1233
9,1234
18,1234
1,1236
4,1236
12,1236
3,1237
1,1238
30,1238
50,1239
2,1240
1,1241
44,1242
26,1243
29,1243
3,1246
35,1246
44,1246
5,1247
39,1249
2,1250
25,1250
2,1251
4,1252
42,1252
4,1253
8,1253
5,1254
32,1254
3,1257
3,1258
31,1258
5,1259
28,1260
23,1261
30,1261
5,1262
48,1262
4,1264
39,1264
3,1265
38,1265
4,1267
42,1269
49,1269
38,1270
43,1271
1,1272
2,1273
12,1273
29,1274
1,1275
6,1275
2,1276
48,1276
1,1277
32,1277
2,1278
30,1278
18,1285
38,1287
29,1291
1,1293
2,1294
32,1295
30,1297
46,1297
1,1298
3,1300
28,1300
5,1301
8,1301
1,1302
4,1302
39,1302
2,1303
2,1304
4,1309
18,1309
29,1309
16,1310
3,1311
28,1312
41,1312
5,1313
1,1314
38,1315
13,1318
42,1320
1,1321
12,1321
1,1322
3,1323
2,1324
4,1324
3,1325
29,1325
37,1325
42,1325
5,1326
27,1327
1,1328
4,1328
7,1328
2,1329
5,1329
24,1330
42,1331
7,1332
2,1333
31,1333
13,1334
16,1337
30,1337
1,1339
15,1339
1,1340
24,1340
15,1341
28,1341
40,1341
46,1341
2,1342
3,1342
46,1342
2,1343
4,1343
19,1343
16,1344
3,1345
5,1346
1,1349
42,1349
5,1350
36,1350
4,1351
2,1352
3,1353
4,1354
1,1355
41,1355
2,1356
1,1357
2,1358
5,1359
49,1359
4,1360
35,1360
5,1361
3,1362
49,1368
1,1369
36,1370
37,1370
48,1370
2,1372
41,1375
40,1378
30,1379
10,1384
46,1387
10,1391
46,1392
47,1392
13,1393
27,1394
34,1394
36,1394
40,1394
38,1395
28,1396
31,1396
21,1397
17,1398
21,1400
44,1401
10,1402
10,1403
44,1403
17,1407
27,1407
33,1407
33,1409
46,1410
27,1413
30,1415
15,1421
29,1422
26,1424
29,1424
16,1426
9,1428
12,1431
20,1431
48,1431
13,1432
44,1433
50,1434
3,1437
15,1437
29,1437
5,1439
32,1439
5,1440
1,1441
2,1442
1,1443
38,1443
4,1444
3,1445
1,1446
16,1446
8,1447
46,1447
2,1449
4,1449
2,1451
13,1454
24,1454
19,1455
38,1456
45,1456
3,1457
5,1458
37,1460
5,1461
49,1461
46,1462
4,1464
3,1465
4,1466
1,1471
1,1472
2,1473
3,1473
1,1474
5,1475
9,1475
2,1476
1,1477
2,1478
4,1479
47,1479
3,1481
4,1483
5,1484
7,1484
14,1484
33,1484
44,1486
3,1490
1,1491
2,1492
4,1492
1,1493
3,1493
2,1494
5,1495
1,1496
25,1496
2,1497
5,1497
6,1497
10,1497
48,1497
4,1498
17,1498
11,1501
23,1502
11,1508
13,1510
40,1513
3,1515
4,1516
45,1516
21,1517
43,1517
5,1518
4,1521
22,1521
49,1521
5,1522
3,1523
34,1527
43,1530
11,1531
24,1531
12,1532
42,1532
26,1534
32,1534
49,1535
49,1538
48,1540
8,1542
15,1542
18,1544
33,1545
3,1546
28,1546
4,1547
4,1548
5,1549
12,1549
3,1550
31,1551
5,1552
44,1555
3,1556
37,1559
4,1560
12,1560
4,1561
3,1563
22,1563
5,1564
10,1564
5,1565
32,1565
25,1568
11,1569
10,1572
44,1572
34,1573
6,1575
39,1576
25,1577
41,1577
46,1583
21,1585
32,1586
1,1587
21,1587
1,1588
12,1589
2,1590
1,1591
45,1592
2,1594
2,1595
21,1597
29,1608
47,1608
1,1610
47,1610
1,1611
2,1613
8,1613
28,1613
2,1617
14,1617
40,1618
41,1618
1,1619
22,1621
2,1622
32,1623
2,1625
11,1629
46,1629
3,1631
4,1632
29,1632
17,1637
19,1637
4,1639
3,1641
5,1643
12,1645
23,1645
5,1646
25,1647
24,1648
5,1651
7,1654
42,1657
12,1658
8,1667
25,1669
45,1669
30,1672
11,1678
1,1680
2,1681
1,1684
1,1685
1,1686
8,1687
25,1687
2,1688
22,1688
32,1688
20,1689
2,1690
3,1690
22,1690
42,1691
5,1692
4,1693
48,1695
5,1696
19,1697
3,1698
14,1700
4,1701
34,1701
49,1701
8,1704
15,1704
41,1709
44,1715
39,1716
1,1719
36,1719
3,1720
2,1721
1,1722
2,1723
4,1723
1,1725
4,1727
19,1727
2,1728
15,1728
41,1728
44,1731
1,1732
1,1733
19,1735
2,1736
5,1736
8,1736
11,1736
5,1737
3,1738
16,1738
1,1739
1,1742
48,1743
7,1744
49,1744
2,1748
12,1748
23,1748
7,1749
30,1749
2,1751
24,1751
41,1751
7,1755
36,1757
50,1758
31,1758
40,1758
1,1759
2,1760
1,1761
30,1763
2,1764
1,1766
2,1767
21,1767
35,1767
14,1769
26,1771
25,1777
30,1778
28,1779
12,1780
32,1788
41,1788
48,1788
3,1789
7,1790
4,1791
5,1792
5,1793
22,1793
44,1793
3,1794
47,1798
4,1799
15,1799
7,1800
43,1803
1,1811
36,1811
46,1811
1,1812
11,1812
36,1812
2,1816
1,1817
45,1817
2,1818
44,1818
2,1819
3,1819
4,1820
26,1820
16,1822
36,1823
5,1824
4,1825
50,1826
3,1826
1,1827
5,1829
34,1829
2,1830
1,1832
2,1834
14,1834
32,1834
40,1834
1,1835
3,1835
5,1836
18,1836
2,1837
4,1837
37,1837
31,1838
42,1839
42,1841
43,1841
3,1842
32,1843
4,1844
32,1844
5,1845
41,1845
1,1848
31,1850
2,1851
8,1851
1,1852
1,1855
11,1855
16,1856
35,1856
2,1859
36,1859
2,1860
8,1860
39,1864
15,1870
30,1870
6,1873
32,1873
20,1875
3,1877
8,1878
4,1879
5,1880
42,1881
5,1882
3,1883
4,1884
42,1888
32,1890
8,1892
13,1894
46,1895
28,1896
1,1905
24,1905
3,1906
20,1906
19,1907
25,1907
2,1908
5,1908
34,1908
1,1911
4,1911
44,1912
34,1913
12,1914
1,1915
17,1915
40,1915
2,1916
12,1917
41,1917
2,1918
7,1918
20,1918
4,1919
31,1919
20,1920
20,1922
9,1924
39,1924
5,1925
3,1926
19,1926
8,1930
10,1930
38,1930
12,1931
47,1932
47,1933
20,1935
23,1935
6,1936
12,1941
15,1943
15,1945
2,1946
43,1947
36,1950
19,1954
40,1956
45,1956
48,1957
2,1958
6,1960
33,1961
38,1961
2,1962
14,1962
38,1967
26,1973
8,1974
35,1974
25,1976
41,1977
23,1979
1,1982
27,1982
1,1983
2,1984
50,1987
1,1988
2,1989
29,1989
2,1990
1,1991
6,1991
17,1991
29,1991
2,1992
1,1993
39,1993
1,1994
2,1995
3,1995
2,1996
5,1996
17,1996
19,1996
4,1997
3,1998
1,2001
5,2002
42,2002
32,2004
40,2005
4,2008
15,2008
19,2014
50,2017
27,2021
31,2022
22,2025
31,2028
25,2030
29,2030
30,2035
33,2037
34,2037
29,2039
7,2041
38,2041
29,2044
48,2045
1,2047
28,2048
2,2049
1,2050
40,2050
1,2051
10,2053
2,2055
2,2056
8,2058
47,2059
1,2061
1,2062
7,2062
2,2064
2,2065
9,2066
23,2067
27,2070
1,2071
18,2071
2,2072
45,2072
37,2075
42,2075
1,2076
19,2077
13,2078
49,2078
1,2079
12,2079
2,2081
37,2081
3,2083
1,2084
2,2085
4,2085
2,2086
4,2086
16,2089
3,2092
5,2093
37,2093
5,2094
11,2094
22,2096
47,2096
42,2099
6,2101
43,2101
31,2103
14,2105
21,2105
45,2105
4,2106
23,2107
3,2108
32,2108
35,2108
6,2109
45,2109
13,2111
4,2113
1,2114
5,2114
1,2115
3,2115
2,2116
4,2116
5,2117
7,2117
27,2117
1,2119
23,2119
43,2119
2,2120
2,2121
1,2122
1,2124
14,2125
2,2126
50,2127
1,2127
39,2127
4,2128
25,2129
36,2129
2,2130
50,2131
2,2133
13,2134
21,2134
23,2140
26,2147
31,2150
30,2153
42,2153
1,2155
40,2155
1,2157
43,2157
46,2158
43,2162
2,2163
1,2164
2,2165
2,2166
11,2166
13,2168
33,2171
32,2172
44,2172
1,2173
1,2174
19,2175
42,2175
2,2176
2,2178
35,2178
38,2178
1,2179
2,2180
26,2183
1,2185
1,2186
2,2187
1,2188
37,2189
2,2190
2,2191
31,2191
7,2194
26,2194
8,2195
7,2204
17,2205
45,2205
50,2211
13,2212
45,2212
28,2216
17,2217
21,2218
14,2220
1,2227
2,2228
1,2229
36,2229
7,2230
34,2230
1,2231
32,2231
2,2233
49,2233
2,2234
24,2234
23,2235
44,2237
1,2238
10,2239
12,2239
2,2240
39,2241
1,2242
10,2242
1,2243
2,2244
2,2245
42,2245
1,2246
20,2247
1,2248
50,2250
2,2250
2,2251
1,2253
40,2253
2,2254
9,2259
13,2259
3,2264
47,2266
30,2270
38,2272
6,2274
46,2277
30,2278
1,2279
38,2279
40,2280
1,2281
21,2281
2,2282
3,2282
50,2283
46,2283
1,2284
39,2284
46,2284
4,2285
3,2286
2,2287
4,2287
2,2288
25,2288
12,2289
5,2291
5,2292
1,2295
25,2295
2,2296
16,2296
1,2297
2,2298
35,2298
40,2298
1,2300
2,2301
34,2301
25,2304
43,2305
13,2306
6,2307
11,2308
6,2309
37,2310
7,2312
3,2313
21,2314
4,2315
3,2316
27,2319
5,2322
5,2323
4,2326
19,2326
17,2328
20,2328
23,2330
42,2330
25,2333
8,2334
3,2338
47,2339
29,2340
26,2341
4,2342
16,2342
3,2343
4,2344
19,2344
5,2346
22,2346
44,2347
1,2348
5,2348
12,2348
2,2349
47,2350
1,2353
7,2354
2,2355
3,2356
30,2356
1,2357
5,2357
39,2357
2,2358
1,2359
5,2359
1,2360
4,2360
2,2361
3,2362
4,2363
39,2363
2,2366
1,2367
34,2369
41,2369
2,2370
24,2370
48,2370
40,2371
24,2372
14,2373
42,2375
47,2375
1,2378
45,2379
1,2380
49,2382
38,2383
2,2385
48,2385
1,2386
2,2387
25,2387
2,2388
18,2392
33,2392
30,2393
44,2393
46,2393
37,2394
38,2394
18,2395
40,2395
33,2397
22,2398
33,2398
24,2399
3,2401
16,2401
4,2402
38,2402
27,2405
5,2407
31,2409
50,2410
4,2411
3,2412
21,2413
5,2416
48,2419
14,2421
36,2421
39,2422
20,2426
9,2427
24,2428
20,2437
17,2438
26,2438
27,2438
21,2439
43,2441
6,2443
35,2443
12,2446
15,2448
38,2449
9,2451
1,2452
9,2452
29,2453
30,2457
17,2458
48,2459
6,2464
23,2466
20,2469
17,2471
13,2474
1,2476
1,2477
2,2478
2,2479
1,2481
6,2481
2,2482
3,2483
22,2490
26,2494
21,2495
27,2495
7,2500
3,2502
10,2502
4,2504
8,2504
32,2504
47,2504
3,2505
1,2509
5,2509
1,2510
41,2510
2,2511
2,2512
4,2512
16,2512
5,2514
22,2516
45,2516
11,2517
42,2518
1,2520
19,2521
20,2522
2,2523
11,2523
34,2525
18,2526
16,2527
30,2527
6,2528
10,2529
27,2531
20,2534
5,2535
3,2538
38,2539
21,2540
39,2541
31,2542
4,2543
31,2543
48,2543
5,2544
34,2544
23,2546
3,2547
4,2548
5,2549
23,2549
38,2550
45,2553
11,2557
32,2557
8,2558
3,2561
27,2562
40,2562
40,2563
5,2565
16,2565
33,2565
4,2568
4,2570
15,2570
25,2570
5,2571
19,2571
18,2572
42,2572
1,2573
44,2573
16,2576
3,2577
7,2578
14,2578
25,2579
32,2579
46,2580
47,2580
18,2583
32,2584
16,2588
40,2588
8,2589
13,2589
1,2590
19,2590
49,2591
1,2593
2,2594
1,2595
26,2596
11,2597
2,2601
2,2602
26,2603
38,2605
27,2607
3,2608
28,2608
5,2609
27,2609
36,2609
22,2610
32,2611
4,2612
5,2614
4,2616
9,2616
35,2616
18,2619
3,2621
31,2622
3,2623
5,2624
18,2624
4,2625
19,2625
39,2627
3,2628
4,2629
43,2629
5,2630
26,2634
19,2635
38,2635
1,2641
39,2641
1,2642
26,2642
31,2644
2,2646
42,2649
22,2650
1,2654
2,2655
11,2656
2,2658
24,2658
50,2659
15,2660
22,2662
10,2666
22,2667
1,2670
2,2671
1,2672
9,2672
45,2672
2,2673
1,2675
17,2676
2,2677
25,2677
18,2679
31,2682
1,2683
3,2683
2,2684
20,2684
1,2685
5,2685
34,2685
50,2686
2,2686
1,2687
46,2688
2,2689
5,2689
4,2690
26,2690
3,2693
4,2694
13,2694
39,2695
38,2699
14,2701
46,2702
19,2705
28,2711
48,2711
39,2714
3,2715
9,2716
39,2717
5,2718
25,2718
50,2720
34,2720
5,2721
9,2722
14,2722
41,2722
4,2723
3,2725
37,2725
4,2727
32,2727
32,2728
11,2729
19,2732
47,2732
15,2733
20,2735
3,2736
35,2736
5,2738
5,2739
34,2741
39,2741
30,2742
15,2744
39,2747
6,2751
4,2752
31,2752
36,2752
3,2754
6,2755
25,2755
4,2756
42,2756
3,2760
37,2760
5,2761
5,2762
9,2762
4,2763
11,2764
3,2766
4,2768
24,2768
23,2770
48,2772
19,2775
17,2776
42,2778
19,2779
15,2784
34,2786
34,2790
21,2795
14,2796
31,2797
38,2797
26,2800
7,2804
15,2804
36,2804
34,2805
1,2808
1,2809
2,2810
2,2811
1,2814
11,2814
36,2816
2,2818
18,2821
24,2822
49,2822
1,2824
6,2824
1,2825
2,2826
26,2826
2,2828
48,2829
11,2830
3,2831
38,2831
20,2832
4,2833
1,2834
4,2834
14,2834
2,2835
11,2835
5,2836
28,2836
5,2837
15,2837
3,2838
3,2841
4,2842
5,2844
3,2845
7,2845
4,2846
5,2847
18,2848
3,2851
12,2852
4,2854
5,2855
18,2855
49,2855
5,2856
27,2856
38,2856
4,2858
16,2858
3,2859
16,2859
3,2860
23,2860
5,2861
16,2861
4,2862
50,2863
32,2864
8,2865
4,2866
8,2867
3,2869
5,2871
17,2872
39,2872
45,2872
13,2875
1,2877
37,2877
1,2878
26,2879
3,2880
2,2881
34,2881
1,2883
34,2883
38,2887
50,2889
2,2889
7,2889
25,2889
16,2892
2,2893
1,2895
11,2895
20,2895
37,2896
2,2897
24,2900
1,2901
40,2903
8,2904
12,2905
22,2905
5,2907
1,2908
11,2908
2,2909
2,2911
45,2911
39,2912
1,2913
1,2914
3,2915
46,2915
2,2916
5,2916
4,2917
26,2917
4,2918
5,2919
3,2920
5,2921
6,2921
21,2921
1,2922
42,2922
16,2923
31,2923
2,2924
35,2924
2,2927
48,2927
39,2928
21,2933
47,2937
15,2942
37,2944
3,2949
21,2949
5,2950
42,2950
4,2952
17,2952
20,2952
29,2954
4,2955
7,2957
3,2958
28,2958
5,2959
3,2963
30,2963
45,2963
4,2964
26,2965
3,2966
32,2966
5,2967
4,2968
5,2969
20,2971
8,2973
40,2974
1,2975
3,2975
25,2975
2,2977
4,2978
5,2979
34,2979
5,2980
31,2982
17,2984
1,2985
3,2986
38,2986
42,2986
2,2987
4,2987
1,2988
26,2988
29,2989
2,2990
26,2991
19,2992
49,2993
34,2995
29,2996
28,2998
17,2999
19,3003
19,3007
5,3012
11,3016
1,3027
48,3027
2,3030
44,3030
11,3031
35,3035
3,3036
26,3036
1,3038
4,3038
1,3040
2,3040
26,3040
2,3041
4,3041
38,3041
2,3042
3,3042
22,3042
5,3043
44,3043
5,3046
22,3049
9,3051
45,3051
44,3053
25,3054
28,3056
19,3059
41,3059
17,3061
36,3061
33,3064
36,3065
25,3068
40,3068
43,3069
16,3070
22,3077
9,3081
21,3081
35,3081
23,3082
18,3084
46,3087
17,3091
41,3094
3,3095
5,3096
26,3096
4,3099
4,3100
23,3100
5,3101
44,3101
3,3102
15,3102
29,3102
44,3104
45,3104
7,3105
43,3106
3,3107
4,3108
3,3109
31,3110
4,3111
14,3111
5,3112
30,3113
38,3113
5,3114
35,3116
48,3117
1,3125
1,3127
2,3129
23,3130
2,3131
12,3131
29,3131
42,3132
1,3133
2,3134
6,3135
44,3136
1,3141
46,3141
9,3142
2,3144
1,3145
33,3145
1,3147
26,3147
2,3149
2,3150
3,3150
20,3150
34,3151
4,3152
5,3154
3,3155
29,3155
5,3156
49,3156
4,3157
6,3157
36,3157
15,3160
2,3163
36,3163
37,3163
3,3165
5,3166
4,3168
4,3169
37,3169
2,3170
44,3170
1,3171
1,3172
3,3172
2,3173
5,3173
33,3174
5,3175
1,3177
2,3178
2,3179
13,3183
25,3185
31,3186
20,3187
32,3188
35,3188
17,3191
3,3192
29,3193
4,3194
12,3195
5,3197
6,3198
4,3200
7,3200
5,3201
3,3202
23,3204
21,3205
50,3206
28,3206
1,3209
11,3209
3,3210
2,3211
50,3212
1,3212
5,3212
1,3213
4,3213
4,3214
2,3215
5,3215
31,3215
42,3215
2,3216
12,3216
3,3217
25,3219
12,3220
34,3221
49,3221
31,3225
39,3225
46,3225
13,3228
49,3230
43,3232
1,3235
1,3236
2,3237
1,3238
2,3239
16,3240
47,3240
2,3242
21,3242
49,3242
22,3243
14,3245
3,3247
32,3247
3,3248
1,3250
5,3250
42,3250
1,3251
46,3251
2,3252
5,3253
4,3254
3,3255
1,3256
23,3256
27,3256
37,3256
1,3258
27,3258
2,3259
8,3259
4,3260
2,3261
30,3266
20,3276
3,3277
38,3278
4,3279
43,3279
5,3280
5,3282
1,3283
2,3285
4,3285
1,3286
3,3286
20,3286
23,3287
2,3288
27,3288
1,3290
24,3292
25,3295
34,3295
2,3296
3,3296
6,3299
4,3301
16,3302
16,3304
5,3305
3,3306
27,3306
4,3307
5,3308
42,3308
12,3309
15,3311
12,3317
41,3321
3,3322
10,3325
4,3327
44,3327
36,3329
5,3330
29,3330
39,3330
38,3331
4,3333
3,3335
4,3336
5,3336
45,3338
1,3339
2,3341
50,3343
1,3344
28,3345
40,3345
3,3346
19,3346
1,3347
4,3347
20,3348
2,3349
2,3350
1,3351
1,3352
5,3352
21,3353
2,3354
50,3355
2,3355
3,3355
41,3355
1,3356
34,3356
45,3356
4,3357
2,3359
11,3359
15,3359
23,3359
5,3360
39,3360
21,3362
49,3362
3,3363
11,3363
5,3364
6,3364
8,3364
28,3366
46,3366
4,3367
1,3368
4,3369
5,3370
8,3370
20,3370
3,3371
37,3373
48,3373
2,3374
1,3376
1,3377
48,3377
2,3381
10,3384
10,3385
42,3385
40,3386
2,3389
43,3389
49,3392
37,3394
20,3395
11,3396
15,3397
27,3397
33,3401
37,3402
43,3404
31,3405
12,3407
5,3408
46,3411
34,3412
14,3416
17,3416
32,3416
18,3417
34,3417
7,3428
35,3429
20,3431
40,3433
5,3436
49,3438
1,3439
2,3440
1,3441
48,3441
35,3442
1,3443
2,3444
2,3447
16,3447
19,3447
43,3447
32,3448
37,3448
16,3449
49,3450
28,3452
50,3453
50,3454
1,3456
36,3457
5,3458
2,3462
17,3463
46,3463
1,3467
27,3467
2,3470
1,3471
2,3473
8,3476
34,3476
22,3478
35,3480
36,3481
38,3481
29,3482
29,3487
34,3489
40,3491
45,3493
41,3497
46,3498
1,3500
12,3500
36,3500
1,3504
2,3505
32,3505
1,3507
42,3509
2,3513
32,3513
22,3514
40,3514
30,3515
2,3516
30,3516
16,3517
3,3518
48,3518
4,3519
6,3520
17,3521
9,3522
4,3523
16,3523
29,3523
32,3523
3,3525
4,3526
5,3526
5,3528
46,3528
29,3529
1,3532
42,3532
1,3533
33,3533
2,3534
29,3534
41,3536
2,3538
1,3539
33,3539
2,3543
11,3543
13,3546
45,3546
35,3555
23,3557
26,3557
42,3562
34,3563
38,3563
12,3564
41,3564
47,3565
25,3569
30,3570
18,3572
23,3573
6,3574
39,3579
3,3581
4,3583
5,3584
3,3586
4,3588
5,3589
44,3590
19,3597
50,3599
23,3599
7,3600
1,3601
20,3602
37,3602
1,3603
2,3604
16,3604
37,3604
2,3605
17,3608
1,3609
13,3609
2,3611
29,3611
41,3617
46,3618
36,3623
3,3627
4,3628
4,3630
24,3630
3,3631
5,3634
5,3635
1,3638
3,3638
17,3638
20,3638
1,3639
2,3640
5,3640
1,3641
22,3642
50,3643
2,3645
2,3646
39,3646
9,3647
9,3651
5,3652
4,3653
18,3653
3,3654
18,3654
35,3654
4,3655
34,3656
7,3657
45,3658
12,3662
28,3662
42,3662
31,3664
1,3667
12,3668
2,3670
22,3670
31,3670
33,3674
16,3675
16,3677
1,3678
2,3679
36,3680
3,3683
20,3683
31,3683
47,3683
1,3684
5,3684
2,3685
4,3685
27,3685
1,3686
5,3686
8,3686
20,3686
4,3687
18,3688
1,3690
3,3690
2,3691
13,3691
1,3693
2,3694
2,3695
22,3697
32,3698
32,3707
1,3708
1,3709
2,3710
1,3712
25,3712
3,3713
8,3714
40,3714
10,3715
12,3715
20,3715
2,3716
2,3717
44,3718
4,3721
43,3721
33,3723
9,3725
18,3725
5,3726
5,3727
16,3727
48,3727
3,3728
39,3728
39,3730
23,3732
34,3735
39,3736
46,3736
4,3737
50,3742
28,3742
29,3749
6,3750
30,3756
35,3757
1,3761
19,3767
1,3768
2,3769
19,3770
1,3771
6,3771
2,3773
9,3773
1,3775
2,3776
16,3778
22,3779
3,3780
16,3781
25,3781
5,3782
25,3782
4,3783
35,3784
47,3784
3,3786
38,3786
8,3787
5,3788
39,3789
4,3791
13,3791
20,3791
5,3792
6,3794
47,3797
6,3798
36,3798
15,3803
3,3804
16,3804
17,3804
5,3805
4,3806
22,3806
5,3808
4,3809
40,3810
3,3811
26,3811
32,3814
34,3817
38,3817
39,3817
48,3818
12,3821
23,3821
48,3821
3,3824
5,3825
38,3825
29,3826
4,3828
5,3829
6,3829
3,3830
19,3831
21,3831
4,3832
10,3832
16,3832
21,3832
44,3832
3,3834
5,3836
9,3836
4,3839
5,3840
4,3841
3,3842
19,3842
1,3853
10,3853
1,3854
9,3854
31,3855
18,3856
2,3857
12,3857
48,3857
2,3858
30,3859
31,3859
1,3860
15,3860
28,3861
25,3862
2,3864
3,3864
4,3865
5,3867
4,3868
37,3868
5,3869
20,3869
3,3874
3,3875
44,3875
5,3877
5,3878
4,3879
40,3879
4,3882
27,3883
3,3884
34,3884
18,3886
43,3886
20,3890
38,3892
22,3894
31,3894
13,3895
18,3903
36,3905
29,3907
48,3910
50,3912
38,3912
34,3914
20,3915
1,3916
8,3916
2,3918
1,3919
1,3920
2,3921
3,3922
28,3922
45,3923
2,3924
5,3924
4,3926
44,3927
41,3932
4,3933
23,3933
25,3933
37,3934
27,3937
5,3938
11,3938
33,3938
50,3939
3,3939
13,3939
3,3940
4,3941
1,3943
1,3944
4,3944
2,3945
2,3946
5,3946
18,3946
1,3947
2,3948
3,3948
5,3949
37,3949
21,3950
42,3950
17,3951
1,3952
43,3954
1,3955
2,3957
22,3960
1,3961
2,3962
7,3962
2,3963
34,3965
3,3967
4,3968
5,3969
4,3970
5,3972
20,3973
3,3974
37,3974
38,3982
50,3983
7,3983
22,3983
39,3983
47,3984
50,3985
43,3985
16,3986
19,3987
38,3987
32,3990
44,3995
37,3997
43,4001
13,4002
18,4004
34,4005
49,4006
17,4009
19,4013
21,4014
7,4016
50,4018
3,4018
45,4018
49,4018
4,4022
50,4023
3,4024
5,4025
8,4025
17,4025
5,4027
4,4031
26,4032
47,4039
43,4042
25,4043
40,4045
50,4046
3,4047
1,4048
4,4048
8,4048
3,4050
2,4051
5,4051
14,4051
26,4051
1,4052
1,4054
5,4054
2,4055
4,4055
42,4056
46,4056
2,4057
11,4057
35,4058
43,4059
20,4061
33,4061
9,4064
35,4065
22,4067
47,4068
39,4070
47,4071
29,4074
49,4076
19,4078
26,4080
41,4081
26,4082
31,4084
9,4087
29,4091
28,4092
36,4095
45,4099
1,4100
1,4101
2,4102
3,4102
2,4103
1,4104
5,4104
4,4105
2,4106
5,4107
17,4107
3,4109
36,4110
29,4111
4,4112
11,4112
32,4113
9,4118
3,4121
5,4122
4,4123
20,4123
48,4123
4,4125
6,4125
48,4126
17,4127
3,4128
5,4129
19,4133
22,4136
17,4138
1,4141
37,4141
1,4142
3,4143
32,4143
5,4145
2,4146
4,4146
31,4146
8,4147
15,4147
44,4147
2,4148
4,4148
1,4149
3,4149
2,4150
5,4150
10,4150
3,4152
4,4154
3,4155
5,4157
4,4158
35,4158
40,4158
5,4159
44,4159
9,4162
23,4163
3,4165
4,4166
3,4167
5,4168
40,4168
5,4170
47,4172
1,4173
4,4173
2,4174
1,4175
26,4177
3,4178
2,4179
1,4182
4,4182
2,4184
37,4184
3,4185
5,4186
5,4187
24,4187
49,4187
4,4188
20,4191
49,4191
3,4193
8,4193
5,4195
4,4197
4,4198
8,4198
49,4198
3,4202
18,4202
5,4203
16,4203
22,4208
44,4214
1,4215
29,4216
15,4217
1,4218
14,4219
36,4219
2,4222
27,4222
2,4223
2,4224
37,4224
1,4226
2,4227
30,4228
44,4228
10,4229
26,4229
28,4229
3,4231
26,4232
6,4233
44,4234
1,4236
16,4236
1,4237
49,4237
2,4239
2,4240
27,4240
1,4242
7,4243
2,4245
27,4246
3,4249
39,4250
4,4252
35,4252
32,4253
36,4255
3,4256
5,4257
33,4257
4,4262
17,4262
31,4262
5,4264
48,4265
49,4272
47,4273
26,4274
44,4281
1,4282
46,4283
1,4285
2,4286
27,4286
2,4287
1,4288
2,4289
15,4289
20,4291
20,4292
32,4297
48,4300
18,4301
35,4301
37,4305
26,4307
28,4312
38,4313
48,4315
6,4320
5,4322
36,4324
45,4324
50,4332
37,4332
19,4334
35,4334
42,4334
48,4335
39,4337
41,4338
45,4340
1,4343
2,4344
1,4346
1,4347
2,4350
2,4351
7,4352
49,4361
7,4362
13,4364
19,4364
9,4370
49,4370
6,4371
35,4372
12,4375
22,4375
33,4376
41,4376
38,4377
45,4379
49,4379
3,4384
49,4384
1,4386
1,4387
4,4387
4,4388
5,4390
2,4391
2,4393
5,4393
1,4394
18,4394
19,4395
31,4395
3,4396
30,4396
2,4398
37,4399
36,4400
36,4401
1,4404
45,4404
1,4405
2,4407
20,4407
39,4408
1,4409
43,4410
46,4410
2,4411
2,4412
25,4412
17,4414
7,4417
12,4417
24,4418
39,4427
25,4431
3,4435
31,4435
4,4438
29,4438
3,4439
36,4439
50,4442
5,4442
25,4442
4,4444
26,4444
5,4447
8,4447
43,4452
10,4453
18,4453
1,4454
25,4454
1,4455
9,4455
10,4456
2,4457
34,4457
42,4458
50,4459
2,4460
50,4461
1,4461
2,4462
37,4463
27,4465
29,4471
26,4473
33,4476
21,4477
42,4477
3,4478
4,4479
10,4479
43,4479
49,4479
13,4480
4,4481
29,4482
7,4483
3,4484
13,4484
5,4485
1,4486
4,4486
2,4487
5,4487
40,4489
1,4491
2,4492
7,4492
12,4495
42,4495
1,4498
2,4499
1,4500
24,4500
49,4501
2,4502
1,4503
24,4503
1,4506
47,4507
2,4508
24,4508
43,4508
2,4509
3,4510
5,4511
21,4511
4,4513
3,4514
36,4514
5,4515
4,4516
6,4517
44,4517
36,4518
44,4518
49,4518
50,4519
3,4521
34,4521
47,4521
4,4523
5,4525
38,4525
4,4527
6,4527
3,4528
5,4529
44,4533
9,4540
36,4543
18,4545
33,4545
1,4546
1,4547
25,4548
2,4549
1,4550
6,4550
47,4550
2,4551
2,4552
24,4552
8,4554
27,4556
20,4558
38,4562
48,4563
13,4564
33,4564
37,4567
21,4568
1,4569
2,4570
1,4572
17,4575
6,4576
2,4577
1,4579
2,4581
41,4581
44,4585
46,4585
50,4588
24,4590
11,4594
34,4595
44,4595
23,4597
35,4597
36,4597
27,4603
11,4616
18,4617
9,4618
10,4618
22,4619
1,4621
1,4622
45,4622
2,4623
21,4623
44,4623
2,4625
50,4626
1,4626
2,4627
3,4627
5,4628
33,4628
4,4630
27,4630
4,4632
3,4633
5,4634
3,4636
16,4636
15,4639
37,4641
7,4643
30,4644
21,4646
50,4648
39,4652
36,4658
18,4663
1,4669
2,4670
18,4670
1,4671
13,4672
24,4673
28,4674
1,4676
2,4677
2,4678
21,4683
45,4683
36,4684
22,4689
24,4689
10,4695
47,4696
8,4700
49,4700
49,4701
11,4706
26,4706
1,4711
43,4711
31,4713
13,4714
35,4714
1,4716
2,4718
13,4718
29,4718
1,4722
3,4722
2,4723
5,4723
37,4723
2,4724
4,4724
15,4724
4,4727
41,4727
49,4727
49,4728
3,4729
12,4729
5,4732
19,4732
31,4734
41,4734
30,4735
1,4736
1,4738
12,4739
2,4740
7,4741
1,4743
47,4743
2,4745
20,4745
2,4746
3,4748
4,4749
5,4750
18,4751
3,4752
27,4752
5,4753
4,4754
41,4757
30,4759
19,4761
42,4763
48,4770
30,4771
37,4777
43,4777
1,4782
49,4782
2,4784
20,4784
22,4786
35,4786
29,4789
1,4790
2,4792
41,4792
18,4793
1,4794
43,4796
2,4797
16,4798
22,4799
38,4799
9,4800
38,4800
28,4801
43,4804
6,4809
11,4811
15,4813
16,4816
26,4816
27,4818
42,4818
7,4819
44,4819
39,4820
46,4820
1,4822
2,4823
1,4825
2,4827
1,4829
41,4829
13,4830
2,4831
42,4831
11,4834
44,4835
43,4837
1,4846
1,4847
2,4848
10,4848
1,4849
2,4850
32,4852
41,4852
46,4852
47,4852
2,4854
33,4855
45,4863
47,4871
1,4873
48,4873
1,4875
2,4876
1,4877
2,4879
3,4879
4,4880
4,4881
50,4882
2,4882
20,4882
5,4883
6,4883
18,4883
5,4884
37,4884
3,4885
47,4887
3,4889
9,4889
4,4891
16,4891
47,4891
4,4892
5,4893
5,4894
16,4894
3,4895
3,4906
9,4906
24,4906
4,4907
5,4908
20,4909
5,4912
30,4914
3,4915
11,4915
4,4916
33,4917
37,4919
1,4920
2,4922
1,4923
3,4925
5,4926
41,4926
4,4927
35,4927
3,4928
19,4928
4,4929
1,4930
5,4930
35,4930
8,4931
2,4932
32,4932
2,4936
45,4938
10,4939
1,4943
2,4945
1,4946
2,4948
26,4950
3,4951
1,4952
16,4952
38,4952
4,4953
2,4955
44,4955
2,4956
36,4956
15,4957
5,4958
48,4958
5,4960
4,4961
33,4961
3,4962
41,4967
20,4972
42,4972
35,4973
1,4974
45,4974
30,4977
2,4979
1,4980
2,4981
1,4983
23,4983
2,4986
27,4986
42,4986
29,4989
43,4989
44,4991
35,4993
1,4994
13,4994
2,4995
44,4995
23,4998
1,5000
2,5001
46,5001
1,5002
16,5002
2,5003
31,5004
22,5005
48,5006
30,5014
44,5016
35,5022
27,5030
37,5031
1,5036
9,5036
2,5037
1,5038
30,5038
1,5039
2,5040
3,5040
6,5040
45,5040
2,5043
5,5044
4,5045
5,5046
4,5048
22,5048
30,5048
3,5049
7,5050
24,5051
3,5052
4,5053
26,5054
32,5054
5,5056
26,5056
32,5056
4,5057
25,5057
2,5058
3,5058
16,5058
5,5060
17,5060
21,5061
47,5064
18,5074
46,5075
30,5076
9,5079
1,5082
10,5082
20,5082
48,5082
1,5083
42,5084
2,5085
9,5086
1,5087
2,5088
2,5089
46,5089
30,5090
4,5094
41,5096
22,5098
36,5102
43,5102
32,5104
11,5105
27,5105
9,5106
33,5106
36,5106
42,5110
3,5111
1,5113
48,5113
2,5114
38,5114
1,5115
1,5116
22,5116
33,5116
2,5117
2,5118
34,5118
23,5121
36,5122
22,5123
44,5129
12,5130
21,5130
6,5131
26,5135
19,5136
37,5139
1,5142
2,5145
14,5145
19,5145
1,5146
1,5149
37,5149
2,5150
2,5152
3,5152
50,5154
4,5155
29,5155
5,5157
5,5158
35,5158
4,5160
3,5161
42,5162
20,5163
10,5165
47,5166
20,5171
35,5171
41,5171
1,5172
1,5173
3,5173
2,5174
23,5174
2,5176
4,5176
32,5176
1,5177
36,5177
36,5178
2,5179
5,5180
4,5182
36,5182
5,5184
11,5184
12,5184
18,5184
3,5185
25,5185
3,5186
28,5186
4,5187
5,5188
3,5190
5,5194
33,5194
30,5196
31,5196
4,5197
11,5198
20,5198
38,5199
40,5203
36,5205
46,5207
47,5208
3,5211
15,5211
16,5211
5,5212
6,5212
1,5213
26,5213
32,5213
2,5214
4,5214
50,5215
20,5215
1,5216
3,5216
36,5217
38,5217
1,5218
5,5218
48,5218
2,5219
4,5219
2,5220
10,5225
39,5228
49,5232
37,5233
1,5235
35,5235
36,5235
29,5239
18,5243
21,5245
38,5246
44,5246
9,5248
11,5248
7,5255
42,5255
3,5258
4,5260
5,5261
24,5262
47,5262
4,5267
5,5268
29,5268
3,5269
9,5269
1,5270
16,5270
2,5271
1,5272
11,5272
39,5272
1,5273
12,5273
2,5275
25,5275
2,5276
30,5276
1,5277
2,5278
1,5279
3,5279
46,5279
2,5280
23,5280
1,5281
2,5282
30,5283
49,5283
43,5284
32,5287
42,5287
5,5288
26,5289
4,5291
33,5291
16,5292
31,5293
39,5293
13,5295
3,5296
20,5296
4,5297
49,5297
5,5299
18,5302
23,5302
45,5302
34,5306
40,5307
18,5309
34,5310
11,5311
1,5313
21,5313
1,5314
40,5315
2,5316
2,5317
1,5318
2,5319
24,5320
3,5321
4,5322
27,5322
5,5323
5,5324
44,5324
47,5324
47,5325
4,5326
3,5327
6,5330
22,5333
39,5336
34,5337
12,5339
35,5340
33,5342
17,5344
46,5345
8,5350
27,5351
33,5351
15,5352
41,5352
11,5353
32,5355
44,5356
6,5358
12,5360
21,5363
21,5364
28,5365
45,5365
25,5369
49,5369
50,5372
8,5373
1,5378
2,5379
1,5380
2,5382
1,5383
2,5384
41,5384
21,5385
19,5386
42,5391
34,5394
46,5395
50,5407
46,5407
9,5411
28,5411
42,5411
31,5412
1,5413
20,5413
2,5415
45,5415
49,5415
1,5416
13,5416
2,5417
33,5417
1,5418
2,5419
47,5421
8,5423
15,5425
29,5425
24,5426
40,5426
17,5427
1,5430
3,5431
23,5432
1,5433
4,5434
2,5435
5,5436
1,5437
5,5437
36,5437
2,5438
33,5438
4,5439
2,5440
31,5441
3,5444
7,5452
42,5452
19,5461
26,5466
33,5473
48,5473
39,5479
8,5481
7,5482
34,5487
38,5487
38,5489
28,5490
39,5490
6,5495
37,5496
29,5497
3,5500
4,5503
3,5504
5,5505
4,5506
5,5507
1,5513
13,5513
23,5513
1,5514
9,5514
2,5516
3,5516
1,5517
2,5518
4,5518
19,5518
4,5519
9,5519
26,5519
3,5520
2,5521
5,5521
15,5526
41,5526
50,5527
5,5527
13,5528
3,5533
37,5535
5,5536
26,5536
27,5536
48,5536
30,5538
4,5539
22,5539
24,5541
3,5542
42,5543
5,5544
4,5546
22,5546
34,5548
29,5551
47,5552
9,5554
10,5554
15,5557
37,5557
14,5559
31,5562
15,5564
48,5569
38,5570
25,5575
45,5577
46,5578
17,5582
37,5582
40,5582
1,5584
1,5585
34,5587
2,5588
46,5588
2,5589
18,5589
1,5592
2,5593
20,5594
37,5597
26,5600
8,5601
31,5603
34,5603
3,5605
4,5606
25,5606
24,5607
15,5610
46,5610
5,5612
3,5615
5,5616
4,5618
23,5619
25,5619
30,5619
44,5622
2,5623
35,5623
1,5625
2,5626
9,5626
1,5627
2,5628
17,5628
30,5630
1,5631
2,5633
3,5633
26,5633
5,5634
5,5635
33,5637
4,5638
3,5639
4,5642
1,5646
2,5647
24,5647
15,5648
1,5649
1,5650
2,5651
2,5652
1,5659
11,5659
2,5660
42,5660
1,5662
23,5662
38,5662
2,5663
1,5666
2,5667
1,5671
26,5671
12,5672
43,5672
43,5673
21,5674
9,5676
1,5678
18,5678
7,5679
45,5679
2,5680
2,5683
8,5684
50,5686
42,5688
1,5689
33,5689
41,5689
3,5690
2,5691
5,5691
12,5691
41,5691
4,5692
5,5693
8,5693
39,5694
40,5694
50,5695
4,5697
3,5698
24,5699
21,5701
47,5702
3,5704
44,5704
27,5705
4,5708
3,5709
47,5709
6,5713
43,5714
14,5715
45,5715
5,5716
14,5717
5,5718
4,5719
29,5722
48,5722
1,5723
1,5724
40,5724
12,5725
2,5728
19,5728
2,5729
4,5729
29,5729
34,5729
31,5731
1,5732
2,5733
46,5735
38,5741
45,5746
8,5747
10,5748
47,5749
43,5750
25,5752
31,5753
17,5755
34,5755
37,5755
37,5759
1,5760
37,5760
10,5761
1,5762
32,5762
39,5763
2,5764
2,5766
26,5766
34,5766
1,5771
42,5772
2,5773
3,5773
40,5773
1,5775
4,5775
2,5777
1,5778
3,5778
26,5778
37,5778
1,5779
3,5779
2,5781
5,5781
15,5781
38,5781
2,5782
4,5787
1,5789
5,5790
39,5790
6,5791
25,5791
2,5793
47,5793
1,5795
15,5795
2,5797
1,5798
2,5799
24,5799
41,5802
44,5802
20,5806
22,5807
23,5809
26,5809
3,5810
23,5812
26,5812
4,5813
5,5815
44,5815
5,5816
34,5817
4,5818
3,5820
19,5820
46,5820
34,5821
7,5826
25,5826
23,5827
24,5833
15,5836
14,5838
31,5839
44,5840
24,5841
49,5842
41,5844
20,5846
28,5847
15,5851
14,5852
33,5852
25,5854
21,5856
28,5857
6,5858
15,5858
29,5860
37,5862
43,5862
23,5863
36,5863
49,5865
31,5867
3,5868
1,5871
16,5871
1,5872
5,5872
4,5874
12,5874
29,5874
2,5876
5,5876
1,5877
13,5877
24,5877
2,5878
4,5878
19,5878
2,5879
3,5879
46,5880
37,5882
14,5884
32,5884
28,5889
34,5894
43,5894
1,5896
50,5897
2,5897
33,5898
45,5898
1,5900
2,5901
1,5902
32,5902
2,5904
18,5906
21,5907
35,5908
41,5909
11,5912
6,5913
19,5915
43,5923
6,5924
1,5929
36,5929
28,5930
1,5931
3,5931
5,5932
4,5933
2,5934
42,5934
2,5935
8,5935
5,5936
45,5936
1,5937
3,5937
2,5938
4,5938
15,5938
46,5940
36,5943
14,5944
31,5945
3,5949
4,5951
5,5952
3,5954
4,5955
7,5957
31,5957
45,5957
25,5960
5,5961
48,5963
1,5966
9,5967
30,5967
1,5968
2,5969
3,5969
40,5969
4,5971
17,5971
44,5971
3,5972
18,5972
21,5972
5,5973
4,5974
36,5974
44,5974
1,5975
34,5975
2,5977
5,5977
45,5978
14,5979
11,5980
22,5982
2,5983
41,5984
25,5986
42,5987
22,5990
42,5990
1,5991
21,5994
27,5994
1,5995
2,5996
1,5999
47,5999
2,6000
14,6002
19,6002
25,6002
28,6002
2,6003
5,6004
39,6004
21,6005
46,6005
17,6009
18,6010
24,6010
22,6011
30,6017
35,6017
16,6019
12,6020
7,6022
38,6022
14,6023
14,6026
8,6028
32,6030
48,6035
46,6037
18,6047
34,6048
3,6055
38,6057
5,6058
14,6058
39,6058
4,6059
5,6060
4,6062
26,6062
21,6063
34,6063
24,6064
3,6065
29,6070
3,6075
40,6075
43,6075
4,6076
5,6079
5,6081
3,6083
4,6086
36,6090
3,6092
6,6092
4,6093
15,6093
4,6094
5,6095
5,6096
3,6098
48,6109
50,6110
8,6110
45,6113
3,6114
4,6115
34,6115
4,6119
6,6120
10,6120
5,6123
29,6123
5,6124
3,6125
22,6131
26,6131
3,6132
5,6133
5,6134
30,6134
31,6134
4,6135
11,6137
13,6137
50,6139
4,6139
22,6139
3,6141
6,6141
11,6144
19,6144
38,6145
18,6148
35,6149
22,6153
39,6154
3,6158
19,6159
5,6160
25,6161
4,6164
49,6164
4,6165
40,6165
15,6167
19,6167
3,6168
5,6170
22,6171
3,6174
24,6174
46,6174
4,6175
43,6176
47,6179
5,6180
4,6181
20,6183
34,6185
1,6186
1,6187
2,6188
5,6188
23,6188
2,6189
7,6189
18,6189
1,6190
3,6190
17,6190
3,6191
36,6192
8,6193
2,6194
25,6194
4,6196
3,6197
17,6197
5,6198
37,6198
5,6199
4,6200
7,6200
17,6200
1,6202
6,6202
46,6202
1,6203
2,6205
2,6207
47,6208
21,6211
1,6212
2,6213
34,6214
46,6216
13,6217
41,6221
40,6222
25,6225
30,6226
44,6227
23,6229
49,6229
7,6230
19,6230
34,6231
3,6232
38,6232
30,6233
4,6234
17,6234
5,6236
5,6237
3,6239
7,6239
18,6241
31,6241
5,6243
8,6245
22,6245
4,6246
7,6247
28,6251
36,6252
10,6253
22,6255
49,6255
1,6256
2,6257
6,6257
11,6257
12,6257
36,6257
3,6260
13,6260
1,6261
4,6263
1,6264
2,6265
4,6265
2,6266
5,6266
5,6268
20,6268
3,6269
10,6271
7,6272
39,6272
25,6273
12,6275
1,6276
2,6277
1,6279
2,6280
1,6282
43,6283
2,6284
16,6284
15,6285
39,6286
1,6287
17,6287
2,6288
3,6288
47,6288
1,6289
1,6290
2,6291
4,6291
26,6292
2,6293
5,6293
17,6293
18,6293
5,6294
1,6296
2,6297
1,6298
1,6299
24,6300
2,6301
3,6301
2,6302
4,6304
23,6306
11,6307
22,6307
1,6311
1,6313
27,6315
2,6316
7,6316
14,6317
25,6317
45,6317
2,6319
36,6320
6,6321
1,6322
2,6323
1,6328
25,6328
34,6329
2,6332
1,6334
2,6336
26,6336
1,6337
2,6338
36,6346
37,6346
8,6348
1,6351
19,6351
2,6352
28,6353
36,6355
20,6356
1,6357
14,6358
1,6359
46,6359
2,6361
2,6363
3,6363
33,6363
5,6364
38,6366
14,6368
4,6369
22,6369
44,6370
3,6371
5,6373
13,6373
4,6374
13,6374
49,6376
1,6379
6,6379
11,6379
1,6381
2,6383
44,6387
1,6388
2,6389
35,6390
2,6393
6,6393
7,6393
32,6395
1,6396
32,6396
1,6397
2,6398
2,6400
1,6401
47,6401
2,6402
23,6402
38,6402
7,6404
50,6407
13,6408
40,6413
27,6415
33,6417
10,6418
17,6418
16,6421
32,6422
40,6423
48,6425
28,6426
3,6429
33,6430
25,6432
43,6432
50,6435
35,6438
44,6439
35,6441
37,6442
14,6443
18,6447
21,6448
12,6449
38,6450
25,6453
38,6454
20,6458
10,6462
41,6462
20,6465
12,6467
40,6467
12,6468
3,6470
35,6470
27,6472
4,6473
11,6473
38,6473
5,6475
4,6476
3,6477
5,6478
6,6479
31,6483
3,6484
5,6487
11,6488
1,6489
4,6489
29,6490
1,6491
3,6491
2,6494
4,6494
2,6495
5,6496
42,6497
1,6498
2,6499
43,6499
22,6501
29,6502
37,6503
27,6505
40,6507
49,6510
9,6511
41,6511
43,6513
41,6515
3,6516
4,6517
4,6518
9,6518
5,6519
5,6520
15,6520
3,6522
41,6522
3,6524
4,6525
5,6527
5,6528
20,6528
3,6529
33,6531
8,6532
4,6533
25,6533
31,6535
32,6536
3,6539
3,6540
5,6540
4,6541
25,6541
1,6542
5,6542
2,6543
4,6544
3,6546
20,6546
27,6546
40,6546
1,6547
2,6550
37,6551
6,6554
1,6555
36,6555
2,6556
22,6560
47,6562
35,6563
45,6563
17,6564
30,6566
1,6568
1,6569
2,6573
25,6573
42,6573
2,6574
1,6575
14,6575
2,6576
31,6578
1,6579
26,6582
2,6583
10,6583
1,6584
49,6584
2,6585
28,6585
1,6586
19,6586
2,6588
48,6589
7,6591
42,6597
35,6598
33,6600
36,6600
3,6606
5,6607
4,6608
4,6609
3,6610
5,6612
22,6612
10,6614
42,6619
25,6623
44,6624
5,6625
36,6625
7,6627
19,6627
48,6627
22,6628
44,6629
1,6631
23,6633
17,6634
33,6635
1,6636
10,6637
13,6637
2,6638
37,6638
1,6640
2,6641
2,6642
26,6644
47,6644
6,6647
20,6647
29,6654
26,6656
11,6659
8,6665
15,6666
22,6667
25,6667
18,6673
41,6673
27,6674
44,6676
41,6677
26,6680
1,6681
2,6682
1,6683
2,6684
30,6684
1,6686
25,6686
2,6687
43,6687
24,6689
2,6690
1,6692
1,6694
14,6695
18,6697
2,6699
3,6699
1,6701
4,6701
16,6702
2,6704
5,6704
6,6706
41,6706
5,6707
2,6708
25,6708
3,6710
4,6716
25,6718
37,6718
8,6719
17,6721
6,6723
9,6724
19,6724
34,6725
15,6727
40,6729
3,6730
21,6730
5,6732
6,6732
33,6732
39,6732
40,6733
5,6734
4,6735
1,6736
43,6736
34,6737
1,6738
4,6738
2,6739
3,6739
30,6739
47,6740
1,6741
50,6742
2,6742
31,6742
2,6744
18,6751
10,6752
24,6753
32,6757
35,6757
21,6760
20,6761
25,6762
35,6762
2,6765
6,6766
6,6767
7,6767
8,6767
38,6771
11,6772
23,6773
40,6774
39,6777
7,6783
4,6787
31,6787
12,6788
49,6788
1,6789
2,6790
14,6790
1,6791
21,6791
34,6791
39,6793
1,6794
41,6794
2,6796
19,6797
2,6799
7,6799
43,6801
30,6802
35,6805
40,6810
32,6816
1,6817
1,6819
2,6820
9,6821
18,6821
1,6822
2,6824
34,6824
49,6824
14,6826
32,6827
2,6828
16,6831
6,6834
38,6834
47,6834
20,6837
49,6838
6,6840
21,6841
1,6843
5,6843
1,6845
2,6846
1,6847
2,6848
49,6848
32,6849
2,6851
8,6852
21,6854
26,6855
14,6856
40,6857
8,6858
43,6858
7,6860
7,6862
45,6864
8,6865
9,6865
7,6872
9,6872
48,6872
37,6874
35,6877
36,6878
32,6879
41,6883
27,6884
14,6886
44,6886
44,6887
1,6889
29,6889
2,6890
3,6890
35,6890
1,6891
42,6891
50,6892
1,6893
4,6893
2,6894
3,6894
2,6895
31,6895
4,6896
5,6897
5,6898
12,6902
3,6903
5,6904
24,6904
15,6905
21,6906
26,6906
4,6907
43,6909
5,6911
4,6912
3,6913
3,6916
5,6918
25,6922
4,6923
5,6924
4,6926
20,6926
23,6926
41,6926
3,6927
30,6928
19,6929
20,6933
3,6935
5,6936
25,6936
4,6937
5,6939
34,6939
40,6939
45,6939
40,6941
3,6942
4,6943
26,6943
33,6944
9,6945
32,6946
41,6947
48,6950
45,6951
36,6952
42,6953
40,6957
7,6960
41,6964
7,6967
15,6967
23,6970
23,6971
49,6972
1,6973
2,6975
1,6976
1,6977
3,6977
2,6978
2,6979
5,6981
27,6981
47,6982
4,6984
46,6986
5,6988
22,6988
4,6989
3,6990
31,6994
44,6994
25,6995
1,6997
48,6998
17,7000
47,7000
1,7002
35,7003
2,7004
17,7004
1,7005
39,7005
2,7007
46,7008
19,7009
2,7011
18,7012
18,7013
6,7017
11,7017
36,7017
16,7018
39,7018
3,7022
4,7023
5,7024
13,7024
4,7025
34,7025
3,7028
5,7029
8,7030
37,7030
25,7031
23,7033
44,7040
43,7043
47,7044
3,7047
4,7048
5,7049
3,7050
4,7051
27,7054
5,7055
1,7059
3,7060
45,7060
4,7061
3,7062
39,7062
5,7064
5,7065
4,7066
44,7070
10,7071
31,7071
32,7071
47,7072
3,7073
21,7073
4,7074
30,7074
4,7075
14,7075
5,7076
5,7077
18,7077
3,7078
38,7078
3,7082
38,7082
40,7082
42,7082
28,7083
44,7083
20,7086
32,7086
29,7088
3,7092
16,7093
5,7094
8,7094
4,7095
3,7097
14,7097
24,7097
4,7098
24,7098
5,7099
15,7103
42,7103
30,7104
42,7104
29,7109
19,7110
15,7111
50,7112
23,7114
40,7114
7,7116
41,7118
45,7118
3,7119
4,7120
5,7122
4,7123
32,7123
7,7127
5,7128
3,7129
16,7129
25,7129
46,7129
26,7132
31,7132
46,7133
24,7135
2,7136
3,7139
41,7142
28,7144
5,7145
4,7148
5,7149
25,7149
45,7149
4,7150
3,7152
14,7154
15,7154
27,7154
1,7160
49,7164
6,7165
17,7167
1,7168
33,7168
2,7170
47,7170
1,7173
14,7174
1,7175
36,7175
3,7178
15,7178
2,7179
4,7179
2,7181
5,7181
4,7182
5,7183
3,7185
3,7186
4,7187
27,7187
3,7188
32,7189
5,7190
45,7190
4,7191
5,7193
14,7193
35,7193
27,7195
36,7197
12,7199
3,7200
5,7201
4,7202
7,7203
3,7207
4,7208
5,7209
44,7213
42,7215
7,7216
27,7219
43,7221
27,7225
42,7226
3,7228
5,7230
1,7231
2,7232
30,7232
1,7233
32,7233
1,7234
5,7234
38,7234
4,7236
24,7236
39,7238
46,7239
4,7240
21,7240
3,7241
2,7242
13,7242
5,7244
22,7244
27,7244
39,7244
2,7245
24,7247
8,7248
24,7251
48,7252
6,7254
44,7263
11,7264
1,7267
2,7269
1,7270
15,7270
2,7271
1,7272
44,7272
39,7274
2,7275
3,7275
4,7276
1,7277
2,7278
14,7278
1,7279
46,7279
1,7280
3,7280
12,7280
31,7280
2,7281
5,7281
35,7281
2,7284
4,7286
5,7288
15,7289
21,7296
48,7303
7,7304
30,7304
40,7312
41,7312
37,7318
1,7320
2,7321
1,7322
2,7323
1,7325
8,7325
32,7325
3,7327
2,7329
5,7330
4,7331
3,7334
16,7336
13,7338
25,7338
4,7340
5,7341
1,7343
2,7344
50,7345
1,7348
2,7350
8,7350
13,7351
15,7351
1,7353
2,7354
6,7355
20,7359
4,7364
34,7369
5,7370
48,7370
6,7372
43,7372
49,7373
3,7379
6,7380
29,7381
4,7382
32,7382
3,7383
15,7383
4,7385
32,7385
5,7387
5,7388
14,7388
48,7388
21,7390
48,7394
1,7395
23,7395
2,7397
1,7398
8,7398
50,7399
2,7399
1,7400
44,7401
8,7402
13,7402
37,7402
2,7403
10,7403
32,7406
6,7409
21,7410
46,7413
38,7419
13,7423
50,7425
13,7426
39,7429
21,7431
13,7432
8,7435
48,7435
42,7436
17,7437
39,7437
8,7439
41,7441
10,7443
32,7446
1,7447
3,7448
1,7449
32,7449
32,7450
4,7451
2,7452
1,7453
3,7453
30,7453
2,7454
2,7455
5,7455
29,7457
4,7458
5,7459
40,7463
3,7464
39,7464
4,7468
5,7469
36,7469
4,7470
5,7472
3,7474
24,7475
36,7475
20,7476
11,7477
15,7478
38,7481
40,7482
49,7483
45,7484
21,7486
19,7491
44,7492
36,7497
41,7497
48,7502
20,7504
44,7504
49,7504
18,7507
3,7508
36,7509
36,7514
39,7521
1,7523
22,7523
1,7524
13,7524
20,7524
44,7524
2,7525
48,7526
2,7527
15,7528
1,7529
16,7529
2,7530
16,7532
25,7533
44,7534
1,7536
1,7537
10,7537
2,7540
1,7541
2,7542
2,7543
27,7544
34,7546
43,7546
29,7547
44,7547
1,7558
2,7560
34,7560
1,7561
1,7563
11,7563
2,7564
14,7565
46,7565
36,7566
2,7567
34,7568
45,7568
7,7569
25,7569
3,7571
36,7571
4,7572
5,7574
35,7575
5,7576
40,7576
3,7577
4,7578
10,7578
38,7580
36,7581
31,7586
47,7589
32,7598
21,7600
18,7602
49,7602
21,7605
7,7613
10,7614
45,7615
25,7621
25,7624
26,7628
28,7630
7,7632
46,7638
47,7641
41,7644
3,7646
7,7646
4,7647
4,7648
45,7648
48,7648
5,7649
3,7650
5,7654
36,7657
27,7658
31,7658
18,7661
45,7667
3,7673
4,7674
3,7678
4,7680
1,7681
1,7682
5,7682
2,7683
1,7684
5,7684
50,7686
26,7686
2,7687
8,7687
2,7689
38,7691
30,7692
9,7693
25,7696
38,7697
20,7698
1,7699
2,7700
21,7700
1,7702
14,7702
21,7702
1,7704
3,7704
3,7706
2,7707
2,7708
4,7708
13,7708
4,7709
5,7711
7,7712
31,7712
46,7712
3,7713
5,7714
9,7720
23,7727
44,7728
22,7731
45,7732
3,7735
4,7737
4,7739
5,7741
8,7741
16,7741
3,7743
5,7744
22,7747
3,7749
1,7750
5,7750
36,7750
2,7751
17,7751
1,7752
22,7752
37,7755
4,7756
2,7757
31,7757
1,7758
2,7759
4,7761
21,7761
48,7761
5,7764
25,7764
50,7765
3,7765
23,7766
38,7766
9,7767
16,7767
1,7768
1,7770
23,7770
29,7770
45,7770
2,7771
2,7772
1,7773
37,7775
2,7777
21,7779
38,7782
44,7783
11,7784
7,7785
19,7787
28,7789
48,7789
16,7794
7,7801
26,7803
3,7804
35,7804
5,7805
4,7806
3,7807
25,7811
35,7811
4,7813
39,7813
5,7814
30,7814
38,7815
13,7817
16,7819
49,7822
37,7828
3,7829
1,7830
1,7831
8,7831
1,7832
2,7833
2,7834
1,7836
5,7836
2,7837
4,7837
14,7838
44,7838
4,7839
25,7839
3,7841
5,7844
2,7848
3,7848
11,7848
30,7848
45,7848
4,7849
5,7853
44,7853
31,7855
4,7857
14,7857
3,7858
19,7858
26,7858
5,7859
10,7860
29,7861
1,7865
50,7867
28,7868
1,7869
2,7870
12,7871
42,7871
1,7872
2,7873
2,7875
14,7876
48,7876
20,7877
43,7879
6,7881
28,7884
48,7885
39,7893
42,7893
8,7895
12,7896
38,7897
15,7907
14,7909
20,7911
11,7913
45,7915
1,7921
1,7925
7,7925
40,7925
2,7926
2,7927
49,7927
1,7929
2,7930
28,7931
37,7932
3,7935
15,7936
4,7937
4,7938
3,7939
5,7940
24,7940
25,7940
5,7942
23,7942
41,7942
48,7942
45,7944
47,7950
27,7953
42,7953
1,7954
2,7956
1,7958
7,7958
1,7959
2,7960
48,7961
2,7962
35,7966
25,7967
49,7967
11,7969
20,7969
22,7971
13,7979
15,7980
33,7980
3,7981
31,7981
32,7982
5,7983
4,7984
3,7985
4,7986
5,7987
20,7988
31,7989
33,7990
3,7991
19,7992
1,7994
4,7994
20,7994
1,7995
5,7995
4,7996
3,7997
43,7997
2,8000
5,8000
38,8000
1,8001
32,8001
25,8004
2,8006
2,8007
39,8009
50,8011
22,8017
47,8017
13,8018
3,8020
14,8023
4,8027
5,8028
48,8029
3,8030
37,8030
4,8031
5,8031
4,8033
21,8037
43,8039
3,8054
24,8054
9,8055
21,8055
39,8056
5,8057
4,8058
6,8060
4,8061
48,8061
3,8063
38,8064
5,8068
33,8071
34,8071
25,8073
22,8074
41,8076
1,8077
2,8078
1,8079
2,8080
34,8082
1,8083
2,8084
18,8084
27,8084
40,8084
12,8086
16,8090
34,8091
17,8093
13,8102
3,8103
4,8104
5,8105
29,8106
4,8107
17,8107
8,8108
3,8109
5,8110
37,8112
19,8116
29,8117
37,8117
43,8118
1,8119
1,8120
9,8121
2,8123
1,8124
6,8124
2,8126
37,8126
2,8127
33,8127
42,8130
3,8134
4,8137
30,8138
31,8138
47,8138
5,8139
44,8140
3,8142
5,8143
8,8143
4,8144
33,8150
32,8151
45,8152
23,8153
6,8154
27,8154
42,8157
3,8158
17,8158
36,8159
4,8160
5,8161
4,8162
48,8163
5,8164
27,8165
3,8167
21,8167
7,8169
45,8173
24,8175
44,8176
43,8177
40,8185
3,8186
4,8189
4,8190
27,8190
46,8193
3,8194
5,8195
45,8195
11,8196
28,8197
5,8198
22,8198
28,8200
44,8205
1,8206
11,8206
16,8207
32,8207
1,8208
43,8209
2,8211
2,8212
21,8212
1,8213
1,8214
2,8215
23,8215
26,8215
42,8219
44,8219
20,8225
9,8226
24,8226
12,8227
11,8230
17,8231
6,8233
16,8233
28,8233
24,8237
14,8239
3,8242
5,8245
8,8245
38,8245
4,8248
43,8248
5,8249
38,8250
4,8252
3,8253
25,8254
28,8254
38,8254
48,8256
8,8260
38,8265
8,8267
7,8275
1,8278
1,8283
2,8284
2,8287
44,8287
20,8289
1,8290
2,8291
14,8291
24,8293
22,8297
17,8298
6,8299
32,8299
6,8303
42,8305
6,8307
44,8310
11,8311
5,8316
10,8317
17,8318
46,8319
33,8321
39,8328
9,8329
3,8331
10,8331
27,8331
5,8332
5,8333
19,8333
43,8333
4,8336
4,8338
19,8339
3,8341
23,8343
8,8346
27,8350
35,8351
40,8355
3,8361
24,8362
50,8366
30,8368
13,8370
3,8371
6,8372
37,8372
29,8373
12,8376
18,8378
48,8378
7,8380
33,8381
45,8382
46,8382
9,8385
50,8388
48,8388
21,8392
43,8393
27,8396
33,8397
46,8398
34,8399
42,8399
30,8403
38,8403
45,8404
9,8406
47,8411
38,8417
22,8420
29,8421
31,8422
30,8424
8,8426
22,8426
39,8430
19,8431
1,8432
20,8433
30,8434
2,8436
1,8437
24,8437
47,8439
1,8442
9,8442
2,8445
3,8446
4,8447
2,8449
5,8449
4,8451
5,8453
3,8454
15,8454
34,8454
16,8455
37,8455
40,8459
3,8460
4,8461
36,8462
5,8464
27,8464
46,8464
5,8465
3,8466
4,8467
7,8468
3,8469
5,8470
10,8470
4,8471
34,8471
5,8473
32,8473
4,8475
3,8479
14,8479
1,8480
34,8480
22,8481
26,8481
34,8483
17,8484
25,8485
40,8485
34,8486
28,8488
29,8488
41,8488
28,8492
1,8495
40,8497
1,8498
30,8498
2,8499
1,8500
35,8500
2,8503
2,8504
50,8509
5,8509
19,8512
3,8516
47,8516
5,8517
4,8519
25,8519
3,8520
4,8521
5,8522
12,8523
23,8525
17,8526
24,8527
35,8527
1,8531
2,8532
1,8533
1,8535
28,8538
2,8542
2,8543
15,8544
6,8548
35,8548
4,8551
22,8553
37,8557
17,8559
16,8560
12,8567
17,8567
9,8568
8,8571
24,8571
41,8572
8,8573
12,8575
1,8578
41,8578
1,8580
6,8580
22,8580
2,8581
42,8582
1,8585
18,8585
8,8586
32,8586
31,8588
2,8589
25,8589
2,8590
1,8593
3,8596
32,8596
5,8598
2,8599
4,8600
1,8601
5,8602
13,8603
4,8604
2,8606
3,8606
2,8607
50,8608
1,8608
2,8609
34,8609
32,8610
29,8614
22,8615
34,8615
36,8615
44,8620
1,8622
49,8622
2,8623
1,8624
32,8624
36,8625
2,8626
17,8626
27,8626
1,8630
31,8630
33,8630
24,8631
20,8632
2,8633
2,8634
10,8635
25,8635
7,8636
28,8637
26,8639
21,8640
9,8642
24,8645
11,8646
32,8646
21,8647
43,8647
27,8648
3,8649
5,8650
36,8650
4,8651
7,8651
3,8652
26,8652
4,8653
5,8654
39,8654
27,8655
34,8655
50,8657
43,8657
30,8660
11,8663
3,8664
31,8664
4,8666
39,8667
3,8669
43,8669
4,8670
5,8674
31,8676
13,8677
39,8677
49,8677
6,8678
27,8681
34,8681
5,8683
7,8683
22,8685
18,8688
25,8691
36,8695
39,8697
6,8701
41,8702
13,8703
10,8708
20,8709
18,8710
21,8710
47,8711
21,8713
47,8715
45,8716
48,8717
13,8719
3,8720
5,8721
5,8723
46,8724
30,8725
4,8727
3,8728
29,8730
20,8731
4,8732
13,8733
16,8733
27,8733
41,8736
22,8741
29,8743
9,8744
1,8747
31,8749
2,8750
1,8751
2,8752
50,8753
1,8753
32,8753
42,8753
2,8754
49,8759
43,8761
40,8762
20,8763
37,8764
44,8765
23,8766
32,8767
8,8769
1,8770
2,8772
1,8773
1,8774
31,8774
2,8776
38,8776
39,8778
47,8778
2,8779
10,8782
41,8787
16,8788
40,8788
6,8789
15,8789
1,8790
2,8791
39,8791
1,8793
36,8793
28,8794
1,8795
2,8798
2,8799
3,8799
7,8799
5,8800
39,8800
40,8801
4,8802
11,8802
3,8803
35,8804
5,8805
4,8806
27,8807
37,8807
34,8808
21,8815
17,8816
46,8819
3,8820
5,8823
4,8824
23,8824
26,8824
36,8824
12,8827
1,8829
8,8829
1,8830
4,8830
22,8830
2,8831
5,8831
2,8832
3,8832
1,8833
2,8834
30,8834
17,8835
36,8835
44,8839
1,8841
3,8841
46,8841
4,8842
5,8843
1,8845
4,8845
21,8845
2,8846
2,8847
3,8847
1,8848
5,8848
2,8849
10,8852
27,8856
31,8858
1,8860
25,8861
2,8863
32,8865
42,8865
47,8866
1,8867
26,8867
2,8869
1,8870
18,8870
2,8871
41,8871
50,8874
43,8875
18,8877
45,8879
45,8880
49,8883
36,8889
44,8889
47,8889
15,8890
30,8890
35,8892
3,8893
4,8894
5,8895
11,8895
3,8898
32,8898
5,8900
44,8900
4,8903
20,8904
26,8904
1,8906
1,8907
23,8907
2,8909
29,8911
30,8911
2,8912
15,8912
35,8912
26,8915
1,8916
26,8918
2,8919
1,8924
15,8924
2,8925
1,8926
2,8927
1,8928
7,8928
8,8929
2,8930
24,8930
43,8930
6,8932
17,8932
14,8935
11,8938
38,8944
6,8952
16,8953
31,8953
43,8955
26,8957
32,8958
41,8959
42,8961
47,8969
7,8970
37,8973
31,8975
1,8980
1,8981
3,8981
2,8982
42,8982
1,8983
2,8984
2,8986
5,8988
48,8989
19,8990
49,8990
40,8991
32,8992
4,8993
5,8994
41,8994
4,8995
3,8996
14,9001
33,9001
47,9002
13,9004
33,9004
10,9006
25,9007
45,9011
1,9016
41,9016
2,9017
39,9018
1,9019
1,9020
25,9021
49,9021
2,9022
14,9023
2,9026
11,9031
15,9034
36,9035
9,9037
1,9039
15,9039
1,9040
9,9040
2,9041
33,9042
44,9043
1,9044
2,9046
2,9047
19,9052
26,9054
9,9055
13,9059
19,9060
8,9061
47,9061
3,9063
44,9063
5,9064
41,9064
46,9065
10,9067
24,9067
5,9068
4,9069
3,9070
4,9071
10,9073
20,9075
46,9079
23,9085
1,9088
1,9089
2,9091
2,9092
1,9093
2,9095
23,9095
38,9095
48,9100
1,9105
1,9106
2,9108
1,9109
3,9109
2,9111
4,9111
4,9113
2,9114
3,9114
5,9117
22,9117
35,9117
5,9118
42,9119
46,9122
30,9124
1,9125
23,9125
17,9126
1,9127
3,9127
2,9131
2,9133
21,9136
25,9136
38,9136
1,9137
3,9140
2,9141
4,9141
31,9142
5,9143
41,9143
48,9143
4,9146
23,9147
3,9148
1,9149
31,9150
5,9151
17,9151
2,9154
1,9155
32,9155
1,9156
26,9157
2,9160
40,9160
2,9161
25,9162
12,9163
34,9165
26,9167
34,9167
39,9168
1,9173
8,9175
11,9175
38,9180
24,9181
34,9182
50,9184
12,9184
50,9186
44,9186
14,9188
35,9188
24,9189
32,9189
40,9192
15,9196
33,9197
8,9198
13,9198
50,9199
49,9199
47,9202
3,9203
4,9204
19,9204
8,9206
1,9207
5,9207
48,9207
3,9208
5,9210
34,9210
38,9210
4,9211
41,9222
49,9223
1,9226
2,9227
3,9227
1,9228
4,9228
10,9228
31,9228
4,9230
2,9231
3,9231
19,9231
1,9232
5,9232
2,9233
5,9233
36,9233
19,9236
7,9239
32,9239
2,9241
3,9243
21,9244
4,9246
6,9246
29,9246
5,9247
5,9251
10,9251
3,9252
4,9255
1,9256
1,9258
2,9259
1,9260
3,9260
2,9261
2,9263
4,9263
5,9264
6,9264
3,9265
2,9266
5,9269
4,9271
23,9274
6,9275
40,9278
25,9283
17,9284
13,9285
41,9286
42,9291
10,9293
12,9293
19,9293
21,9293
30,9296
9,9299
38,9302
12,9308
23,9310
24,9310
13,9313
28,9313
41,9313
3,9317
1,9318
5,9318
46,9318
43,9319
48,9319
50,9320
2,9320
5,9320
1,9321
4,9321
1,9322
3,9322
4,9323
25,9324
41,9324
14,9325
2,9326
38,9326
2,9327
26,9327
50,9331
1,9331
11,9332
1,9333
45,9333
2,9334
1,9335
2,9337
2,9338
3,9338
19,9338
18,9339
4,9340
47,9340
5,9341
20,9341
49,9341
5,9346
4,9348
3,9350
23,9356
27,9357
35,9360
6,9361
10,9361
1,9362
10,9363
48,9363
2,9366
1,9367
36,9367
8,9368
20,9368
1,9369
2,9370
8,9371
2,9373
24,9377
29,9378
1,9380
47,9380
1,9381
2,9382
1,9386
6,9386
21,9386
2,9387
2,9389
12,9395
48,9395
3,9406
12,9406
13,9407
5,9408
4,9409
22,9409
1,9410
3,9410
1,9411
25,9411
4,9412
2,9414
23,9414
1,9415
5,9415
2,9417
2,9419
36,9421
3,9422
12,9422
47,9423
4,9424
22,9425
32,9425
5,9426
3,9429
8,9429
5,9431
30,9431
4,9432
20,9433
44,9433
15,9434
25,9435
41,9439
31,9444
3,9446
4,9447
5,9448
23,9448
5,9449
36,9450
22,9451
14,9452
4,9453
3,9454
43,9454
5,9455
19,9456
1,9457
38,9457
29,9458
32,9458
2,9459
3,9460
26,9460
5,9461
1,9462
4,9462
1,9463
3,9463
2,9464
30,9464
2,9465
4,9466
5,9467
8,9468
31,9470
15,9472
45,9474
11,9475
36,9475
24,9481
17,9483
50,9484
45,9484
27,9486
36,9489
38,9490
40,9490
7,9492
3,9495
13,9495
21,9495
4,9496
7,9496
31,9496
34,9497
4,9500
5,9501
14,9501
5,9503
3,9504
45,9504
26,9508
36,9508
3,9509
39,9509
4,9510
17,9510
5,9512
4,9513
5,9514
20,9514
3,9515
41,9516
33,9518
48,9519
22,9520
23,9520
28,9520
43,9522
3,9526
5,9527
4,9529
6,9529
4,9530
22,9530
16,9531
5,9534
39,9534
3,9535
16,9535
40,9538
47,9539
9,9546
31,9546
10,9547
39,9547
13,9548
38,9549
23,9551
30,9552
8,9553
22,9555
13,9557
33,9557
31,9561
33,9564
19,9565
44,9568
3,9569
9,9569
4,9570
40,9570
3,9571
13,9571
33,9571
1,9575
5,9575
9,9575
4,9576
5,9577
13,9577
38,9583
23,9585
16,9590
42,9591
47,9591
21,9595
10,9604
44,9604
7,9606
10,9606
40,9608
18,9613
26,9616
28,9618
17,9620
37,9622
17,9623
36,9626
28,9629
14,9632
35,9632
8,9636
29,9638
28,9645
46,9645
9,9648
39,9650
13,9651
1,9655
32,9655
34,9655
1,9656
19,9656
21,9657
2,9658
34,9658
2,9659
48,9659
7,9660
47,9661
1,9663
44,9663
2,9664
38,9665
41,9666
19,9668
7,9672
44,9672
39,9673
1,9675
1,9676
2,9677
2,9679
1,9680
2,9682
22,9682
1,9683
34,9683
2,9684
43,9684
1,9685
2,9686
1,9689
33,9689
2,9690
6,9690
11,9692
33,9703
36,9705
46,9705
30,9708
11,9713
47,9714
13,9715
17,9715
44,9721
3,9722
8,9724
4,9725
43,9725
3,9727
46,9727
5,9729
4,9730
5,9731
18,9731
16,9732
39,9735
6,9738
50,9740
20,9740
31,9740
16,9742
32,9745
40,9745
48,9746
7,9747
20,9747
15,9748
45,9748
47,9748
3,9750
9,9754
39,9755
3,9758
20,9758
42,9758
4,9759
30,9759
5,9760
14,9763
41,9763
5,9766
15,9766
15,9767
4,9768
46,9768
3,9771
42,9772
48,9773
1,9774
9,9774
15,9775
13,9776
17,9776
30,9776
1,9777
37,9777
42,9777
2,9778
1,9779
18,9779
2,9781
6,9781
2,9784
18,9787
9,9790
3,9791
10,9791
42,9791
1,9792
2,9793
8,9793
18,9794
1,9795
1,9796
2,9797
4,9797
3,9798
5,9799
25,9799
24,9800
5,9801
6,9801
2,9803
4,9805
39,9806
17,9808
40,9809
35,9812
24,9813
10,9814
21,9815
25,9817
32,9820
15,9821
34,9821
46,9824
3,9826
5,9827
31,9827
4,9828
26,9829
5,9831
19,9831
3,9833
39,9833
4,9834
35,9834
8,9839
7,9842
10,9845
6,9846
31,9846
44,9846
43,9847
3,9849
21,9851
5,9855
30,9856
46,9857
4,9861
42,9861
46,9861
5,9863
3,9864
4,9864
3,9865
13,9867
6,9868
18,9869
50,9871
1,9875
41,9875
1,9876
12,9876
2,9878
11,9878
37,9879
29,9880
2,9882
1,9884
45,9884
2,9887
10,9888
11,9892
9,9893
9,9894
12,9896
14,9896
19,9899
39,9899
24,9900
33,9902
23,9903
21,9905
36,9906
28,9909
44,9912
24,9913
41,9914
45,9916
3,9917
5,9918
18,9918
14,9920
47,9921
4,9922
25,9922
5,9924
13,9924
4,9925
42,9925
3,9926
5,9926
8,9927
23,9927
41,9932
36,9933
30,9935
43,9935
6,9936
31,9936
18,9940
31,9946
31,9947
48,9948
13,9949
30,9949
22,9951
3,9952
21,9952
18,9953
30,9953
5,9954
42,9954
47,9954
4,9955
18,9955
5,9957
47,9957
3,9958
4,9959
11,9964
32,9964
41,9966
11,9967
31,9968
40,9968
31,9971
27,9975
26,9977
28,9978
3,9980
13,9980
5,9981
4,9984
8,9987
13,9987
4,9988
3,9989
5,9990
28,9990
32,9992
1,9994
38,9994
10,9995
13,9996
19,9996
28,9997
15,9999
