1,4
2,5
1,6
52,7
2,8
27,8
1,9
2,12
41,14
33,16
32,18
29,19
44,19
57,23
55,24
27,25
38,26
49,30
17,34
11,35
42,37
12,39
23,40
14,43
58,43
57,44
17,47
10,50
17,53
36,54
47,54
54,57
29,59
6,62
25,62
37,62
53,62
14,64
47,69
18,72
19,72
28,72
56,74
3,75
39,75
4,76
30,77
57,79
5,80
3,81
46,83
5,84
46,84
4,87
24,87
47,87
3,89
4,90
51,92
5,93
21,93
3,94
53,95
5,97
12,97
4,98
31,102
11,107
21,110
39,111
53,111
44,115
12,116
1,117
60,119
1,119
14,119
16,119
22,119
2,121
1,122
2,123
57,123
2,124
20,124
45,127
10,128
47,128
14,130
39,134
19,135
52,136
12,137
54,142
23,146
33,146
47,149
10,150
41,159
15,160
32,160
40,160
54,162
11,163
10,167
13,167
28,169
1,170
58,171
2,173
1,176
15,176
57,176
2,177
48,179
1,180
8,180
27,180
29,180
2,182
7,183
6,185
59,191
9,192
12,194
45,196
46,200
60,202
25,202
1,203
20,203
37,203
60,205
1,205
2,206
32,208
58,208
1,210
2,211
45,211
21,213
30,214
2,216
13,216
24,216
19,220
40,225
44,225
6,227
39,227
31,229
3,230
20,230
37,230
49,230
5,231
4,232
5,233
4,234
43,234
3,237
46,239
29,240
51,240
47,241
6,242
31,246
3,250
57,250
4,252
36,252
53,252
18,253
5,254
55,254
5,255
3,257
4,259
29,259
52,260
10,266
17,266
39,266
29,271
19,273
31,276
49,277
60,278
1,278
24,279
1,280
2,281
1,282
33,282
2,283
36,284
19,285
2,287
9,287
10,287
14,287
30,291
32,291
50,291
46,292
15,296
32,296
50,297
9,300
59,300
18,304
18,306
29,306
52,306
18,308
3,309
4,310
5,311
23,311
53,311
3,312
4,313
12,314
5,315
57,315
41,316
38,317
50,318
51,323
57,325
41,328
26,329
48,333
22,334
58,334
59,335
60,336
39,338
32,339
1,341
50,343
3,344
29,344
5,348
50,348
4,349
5,350
1,351
4,351
2,352
3,353
1,354
2,355
1,357
12,357
26,357
37,357
31,359
2,360
39,360
56,360
42,363
18,365
18,367
47,368
53,368
29,369
9,370
33,371
56,371
22,373
33,373
23,375
5,377
20,377
12,380
32,382
33,384
42,389
36,390
30,391
33,392
47,392
43,395
11,396
34,396
50,397
21,399
17,400
16,402
52,403
8,404
49,406
42,408
9,411
29,411
45,412
40,413
55,413
18,418
23,418
36,418
7,419
43,419
50,420
26,421
16,422
38,425
54,425
17,434
38,435
33,437
40,438
16,441
17,443
38,444
59,444
3,445
4,446
32,446
5,447
5,448
53,448
23,449
55,449
4,450
3,451
14,453
16,454
21,456
35,462
7,463
14,463
48,464
59,464
58,465
13,466
26,468
27,469
10,471
33,471
52,472
6,474
23,478
43,478
47,478
1,479
54,479
1,480
2,481
41,481
2,482
1,483
2,484
43,484
28,490
15,491
40,492
25,493
37,496
11,497
13,498
36,499
54,502
34,505
1,507
2,508
1,509
3,509
4,510
46,510
48,510
58,511
1,513
3,513
16,513
2,514
33,514
4,515
2,516
5,516
5,517
19,521
6,523
17,523
35,523
47,527
45,529
42,532
56,532
32,534
11,535
15,536
30,536
39,537
21,540
40,540
43,541
30,546
47,546
18,550
10,551
13,551
34,554
19,555
7,556
57,557
40,558
14,559
16,562
9,564
12,564
3,566
5,568
24,569
29,570
4,571
47,572
3,573
4,574
49,574
5,575
38,575
1,577
2,579
13,579
31,579
1,582
19,584
34,585
46,587
2,588
1,589
41,590
2,591
11,591
18,593
1,595
9,595
1,596
28,597
2,598
1,599
7,599
2,600
2,603
27,604
41,604
41,608
43,611
57,612
32,613
40,614
3,616
4,617
4,618
3,619
46,619
49,619
5,620
5,621
37,622
50,624
1,628
19,628
21,634
14,635
41,638
50,638
54,638
34,641
56,641
25,642
35,651
56,651
8,652
3,655
14,655
5,656
26,656
4,657
29,657
7,659
27,660
5,661
4,662
6,663
7,663
3,664
47,668
48,668
23,672
30,675
60,677
58,677
60,678
24,680
52,683
25,684
50,685
34,686
1,687
9,687
2,688
1,689
25,689
1,690
2,692
37,692
2,693
55,697
34,698
10,699
23,700
3,703
4,705
3,707
7,707
5,708
4,709
52,709
5,710
46,711
36,713
23,714
41,714
18,718
26,718
59,718
45,721
31,722
1,724
43,725
1,728
39,729
48,729
55,729
29,731
52,731
21,732
56,737
2,738
19,738
1,739
40,739
2,740
16,740
1,741
2,742
42,742
16,743
8,748
45,748
57,748
26,754
11,755
7,756
51,756
20,757
35,759
54,763
1,764
37,764
56,766
1,767
2,769
25,770
41,771
2,774
1,775
35,775
2,776
16,778
47,778
36,780
41,781
6,785
43,785
50,790
11,792
33,796
29,797
26,800
21,801
56,801
12,804
32,804
42,809
12,810
19,813
16,814
41,814
11,815
47,816
6,818
12,819
34,819
46,824
10,827
20,828
30,832
57,832
25,836
16,838
36,838
32,844
51,846
43,847
55,848
25,849
48,849
54,849
16,850
49,852
10,854
3,855
47,855
5,857
4,858
15,858
3,859
23,860
40,860
5,861
28,863
32,863
4,865
32,866
60,867
7,868
11,869
53,869
19,871
33,872
50,873
50,874
33,875
41,875
18,876
24,883
57,886
44,888
52,889
22,891
49,891
55,893
9,898
19,899
26,899
22,903
37,904
1,908
24,908
1,909
2,910
19,911
2,912
32,912
1,914
2,915
13,916
12,920
21,922
38,924
59,926
11,927
31,931
16,933
17,935
56,938
42,940
20,941
51,941
6,942
14,942
7,944
44,948
55,948
3,952
31,953
48,953
5,954
30,954
4,956
3,957
5,959
4,960
39,960
52,960
1,963
2,964
18,964
32,965
33,966
1,969
2,970
3,970
1,971
11,971
18,971
2,973
4,973
4,974
5,975
5,976
3,977
3,979
5,980
20,980
4,981
5,982
4,984
3,985
7,991
21,993
27,994
28,995
37,996
53,996
10,997
3,998
5,1000
4,1001
11,1001
23,1001
4,1002
17,1003
3,1004
13,1004
5,1005
47,1005
10,1007
16,1009
48,1013
51,1013
32,1015
56,1015
56,1020
18,1021
1,1024
1,1025
2,1026
25,1026
1,1027
2,1028
2,1029
28,1033
58,1034
28,1037
51,1037
15,1039
33,1040
15,1043
57,1043
40,1044
56,1045
35,1047
12,1048
36,1048
51,1048
52,1048
55,1048
59,1051
33,1052
30,1053
20,1054
60,1055
59,1055
51,1058
33,1059
25,1060
48,1060
21,1063
31,1067
50,1067
50,1068
27,1070
24,1071
18,1073
34,1073
33,1074
3,1075
4,1076
13,1077
3,1078
34,1078
5,1079
22,1079
4,1080
33,1081
34,1081
5,1082
48,1082
39,1083
27,1087
22,1088
33,1089
40,1089
31,1094
13,1095
3,1096
4,1098
50,1098
4,1099
1,1100
20,1100
20,1101
18,1102
20,1102
5,1105
3,1107
5,1108
37,1111
46,1112
12,1114
32,1116
56,1116
35,1117
32,1118
9,1119
50,1119
6,1120
56,1120
40,1122
60,1124
30,1125
16,1126
45,1126
31,1131
1,1137
2,1138
48,1138
1,1140
11,1140
2,1141
1,1142
58,1142
2,1144
42,1145
38,1147
18,1149
47,1149
3,1150
20,1151
21,1151
5,1152
12,1152
18,1152
53,1152
4,1154
4,1155
10,1155
13,1155
15,1155
3,1156
5,1157
35,1157
13,1158
11,1160
30,1160
29,1162
1,1163
1,1165
8,1166
3,1167
20,1168
42,1168
2,1170
4,1170
4,1172
7,1172
5,1173
2,1175
5,1175
6,1176
1,1177
3,1177
18,1178
21,1178
2,1181
59,1190
38,1191
8,1192
45,1193
41,1194
45,1194
6,1196
49,1196
3,1197
4,1198
18,1198
5,1199
5,1200
45,1201
3,1202
18,1202
4,1205
27,1208
51,1214
33,1215
33,1217
48,1217
20,1218
53,1219
23,1220
27,1221
14,1222
4,1223
55,1226
3,1228
4,1229
4,1230
41,1230
5,1231
13,1231
23,1231
48,1232
11,1233
28,1233
33,1233
5,1235
18,1235
35,1235
37,1235
3,1236
9,1236
56,1239
47,1242
51,1242
42,1243
10,1244
17,1245
26,1245
36,1247
51,1247
16,1248
58,1248
37,1249
45,1249
25,1252
60,1254
37,1254
54,1254
30,1256
33,1258
23,1263
14,1264
41,1265
3,1267
4,1268
3,1269
49,1269
5,1270
4,1272
33,1272
7,1273
5,1275
59,1285
23,1287
3,1288
4,1289
3,1290
5,1291
27,1291
28,1291
5,1292
1,1294
4,1295
32,1295
1,1296
22,1296
23,1297
44,1297
2,1298
25,1298
2,1299
1,1301
2,1302
16,1304
16,1306
27,1306
28,1307
49,1315
40,1316
53,1316
28,1319
1,1320
51,1321
1,1322
2,1323
1,1324
24,1324
2,1325
26,1326
2,1327
59,1327
59,1329
12,1330
36,1331
31,1334
19,1335
9,1338
44,1338
23,1339
30,1339
54,1339
2,1341
40,1341
57,1343
21,1345
45,1346
52,1347
19,1348
37,1350
32,1351
52,1357
3,1360
4,1360
4,1362
5,1365
40,1368
3,1369
5,1371
60,1372
4,1372
26,1375
33,1377
43,1377
47,1378
14,1380
45,1381
12,1383
26,1385
34,1385
3,1386
58,1386
4,1389
4,1390
45,1390
5,1392
16,1393
19,1393
59,1393
3,1394
34,1394
40,1395
5,1396
8,1396
3,1398
5,1399
26,1400
53,1400
4,1401
3,1402
4,1403
5,1404
53,1405
26,1408
39,1408
53,1409
14,1412
38,1414
11,1423
38,1423
20,1425
16,1428
59,1429
22,1430
37,1431
23,1434
30,1435
42,1435
57,1435
60,1436
52,1436
50,1438
8,1441
9,1442
56,1442
22,1450
37,1452
45,1452
23,1454
1,1457
50,1458
9,1459
43,1459
2,1460
1,1462
12,1462
42,1462
2,1463
1,1464
2,1465
18,1467
35,1468
25,1470
29,1470
6,1471
15,1471
26,1472
60,1474
25,1475
35,1475
40,1475
59,1476
39,1478
53,1479
32,1480
54,1480
42,1481
45,1482
3,1483
59,1483
4,1484
4,1485
3,1486
11,1486
15,1487
5,1488
31,1490
32,1490
9,1491
54,1491
59,1491
5,1493
12,1495
44,1496
47,1498
25,1500
1,1501
47,1501
1,1502
2,1503
1,1504
2,1505
2,1506
41,1513
19,1514
16,1515
1,1517
14,1517
24,1517
2,1518
47,1519
1,1521
31,1521
2,1522
35,1522
42,1522
1,1523
29,1526
2,1527
9,1528
21,1531
30,1537
3,1538
4,1540
5,1541
20,1542
4,1543
5,1544
11,1545
3,1546
27,1549
14,1551
38,1551
51,1551
30,1557
42,1557
48,1557
41,1559
35,1562
55,1563
36,1565
30,1567
58,1567
25,1568
28,1568
40,1569
56,1569
7,1570
23,1573
15,1574
20,1575
30,1575
35,1578
40,1580
3,1581
27,1582
4,1583
50,1583
5,1584
47,1585
3,1586
4,1587
50,1587
9,1590
55,1591
16,1592
5,1593
9,1595
45,1595
8,1596
43,1599
18,1602
26,1602
38,1602
7,1603
42,1606
26,1607
7,1608
45,1609
9,1610
23,1617
49,1617
44,1620
39,1621
10,1626
32,1626
32,1627
51,1628
18,1629
22,1631
57,1631
15,1635
48,1636
13,1638
3,1639
57,1640
5,1642
25,1642
4,1643
4,1645
5,1647
3,1648
59,1648
38,1649
20,1650
44,1650
42,1651
50,1653
26,1654
32,1657
11,1658
10,1659
59,1660
10,1667
34,1668
40,1668
41,1668
43,1668
12,1669
32,1669
60,1671
59,1672
48,1673
56,1673
23,1675
17,1681
18,1685
57,1688
6,1689
42,1689
37,1691
56,1692
57,1695
36,1699
43,1700
37,1701
20,1703
43,1705
6,1708
48,1709
16,1710
51,1711
9,1714
46,1716
22,1719
36,1719
25,1721
57,1721
38,1724
22,1726
41,1726
6,1729
10,1731
31,1731
13,1732
11,1733
3,1736
5,1737
4,1738
21,1739
55,1739
1,1740
4,1740
3,1741
56,1741
2,1742
5,1742
20,1744
38,1745
45,1746
44,1747
1,1749
1,1750
2,1752
43,1752
52,1752
2,1753
18,1755
7,1757
32,1758
18,1759
20,1761
26,1770
42,1770
20,1772
33,1773
4,1777
11,1778
1,1781
2,1782
19,1782
33,1782
1,1784
54,1784
10,1785
51,1786
1,1787
2,1788
2,1792
53,1795
10,1796
24,1796
26,1797
15,1800
34,1800
53,1800
13,1801
50,1801
34,1802
9,1803
6,1804
44,1804
13,1805
17,1809
10,1810
14,1811
45,1812
58,1813
3,1816
39,1817
22,1818
5,1819
41,1819
4,1820
5,1822
3,1825
23,1827
4,1828
27,1829
5,1830
17,1831
44,1831
1,1835
33,1835
42,1835
40,1836
2,1837
48,1837
1,1839
7,1840
18,1840
1,1842
6,1843
2,1844
45,1844
28,1845
31,1846
17,1847
2,1849
19,1850
38,1852
45,1853
20,1854
1,1855
1,1858
19,1858
2,1859
1,1864
16,1864
2,1866
28,1866
2,1867
3,1869
3,1870
20,1870
5,1871
4,1872
31,1872
34,1872
5,1873
24,1873
25,1874
4,1875
3,1876
54,1876
18,1877
21,1878
21,1883
46,1884
8,1885
15,1885
16,1886
41,1886
14,1892
60,1895
35,1896
29,1898
38,1898
50,1903
44,1906
28,1908
24,1913
14,1916
31,1918
3,1923
17,1923
4,1925
3,1926
5,1927
4,1928
5,1930
24,1931
40,1931
36,1936
46,1937
11,1939
6,1940
11,1943
19,1943
39,1945
21,1946
33,1948
59,1949
19,1951
29,1954
59,1956
37,1959
58,1959
43,1962
6,1963
11,1965
24,1967
14,1968
18,1968
13,1970
51,1974
16,1975
51,1975
20,1976
35,1978
1,1980
50,1982
6,1983
2,1984
31,1984
1,1986
17,1986
28,1987
1,1988
14,1988
36,1989
2,1990
54,1990
2,1991
33,1991
37,1991
30,1995
49,1995
3,1999
5,2001
25,2001
4,2003
11,2003
45,2003
5,2004
4,2005
45,2006
54,2006
3,2009
17,2013
15,2016
15,2017
29,2017
57,2018
34,2019
13,2020
55,2020
36,2021
53,2021
30,2022
7,2023
3,2028
20,2028
41,2028
50,2028
5,2029
4,2030
3,2031
48,2031
5,2032
41,2032
46,2032
4,2033
14,2035
1,2036
1,2037
2,2038
26,2038
41,2038
42,2038
1,2040
11,2040
2,2043
59,2043
2,2044
28,2046
21,2049
26,2050
18,2051
37,2052
34,2055
13,2056
39,2056
23,2058
9,2061
32,2063
34,2063
23,2064
33,2066
24,2067
17,2074
58,2074
1,2076
2,2077
18,2077
1,2079
46,2080
58,2080
1,2082
2,2083
27,2083
2,2085
23,2086
23,2089
11,2094
19,2096
3,2098
5,2099
47,2100
15,2103
5,2104
4,2106
4,2108
1,2109
1,2110
3,2110
43,2110
23,2111
42,2111
20,2113
2,2117
3,2118
5,2119
1,2120
4,2120
25,2120
2,2121
32,2121
5,2122
2,2123
10,2123
50,2125
3,2126
4,2128
11,2131
24,2131
1,2133
39,2133
2,2134
15,2136
57,2137
1,2138
1,2139
2,2140
41,2140
2,2144
47,2145
3,2146
25,2147
30,2147
31,2147
26,2148
5,2149
20,2149
4,2150
22,2151
45,2152
15,2153
28,2153
4,2154
5,2155
7,2155
20,2156
34,2156
3,2158
38,2158
57,2159
47,2162
13,2164
8,2165
10,2167
14,2167
14,2171
24,2171
40,2173
50,2174
39,2180
7,2181
19,2181
46,2181
44,2183
4,2184
49,2186
11,2189
45,2189
18,2190
51,2190
26,2193
13,2194
24,2194
16,2196
60,2200
39,2206
49,2208
20,2213
29,2216
41,2216
30,2221
27,2227
58,2233
39,2235
45,2236
43,2238
50,2239
37,2242
7,2245
29,2245
14,2247
1,2254
21,2254
12,2255
15,2255
16,2256
43,2256
31,2258
35,2265
26,2266
39,2267
41,2267
24,2274
18,2275
40,2277
13,2278
3,2279
4,2280
4,2282
3,2283
13,2283
5,2285
54,2285
5,2286
41,2286
58,2288
24,2290
10,2292
22,2293
8,2300
3,2302
52,2302
4,2303
40,2304
42,2304
38,2307
54,2307
17,2308
3,2312
39,2312
5,2314
48,2316
5,2318
4,2319
3,2322
5,2323
5,2324
60,2328
7,2328
26,2329
4,2332
54,2332
31,2333
3,2335
4,2336
30,2337
21,2339
31,2345
36,2346
52,2346
3,2348
24,2348
42,2348
4,2349
5,2350
54,2350
5,2351
42,2353
51,2353
3,2354
7,2354
1,2355
4,2355
16,2356
9,2358
41,2358
50,2358
2,2360
1,2361
23,2362
21,2364
43,2364
51,2364
2,2365
1,2366
24,2366
27,2366
8,2367
2,2368
13,2368
16,2368
41,2368
40,2370
18,2372
18,2377
12,2382
14,2383
41,2384
52,2385
3,2386
40,2386
4,2388
55,2388
1,2391
58,2392
2,2393
3,2393
1,2394
43,2394
1,2395
2,2396
32,2396
56,2396
2,2397
5,2397
5,2401
4,2402
35,2402
45,2405
46,2407
26,2410
59,2410
32,2411
50,2411
7,2412
19,2415
12,2416
30,2416
26,2417
54,2418
51,2419
37,2420
56,2423
26,2424
7,2425
58,2428
58,2429
16,2430
39,2430
43,2431
47,2437
31,2439
13,2440
9,2441
43,2442
23,2444
53,2444
28,2445
1,2448
2,2449
1,2453
1,2454
28,2454
2,2455
2,2456
12,2456
47,2456
16,2457
27,2460
25,2463
50,2464
42,2465
53,2466
40,2469
8,2470
54,2472
31,2473
30,2474
17,2476
58,2477
59,2478
49,2481
35,2484
4,2487
17,2489
20,2489
18,2491
54,2491
37,2492
32,2494
43,2498
46,2499
50,2500
55,2501
60,2502
40,2506
9,2508
27,2512
24,2513
23,2514
24,2514
27,2514
8,2515
21,2516
1,2517
1,2518
2,2519
15,2519
53,2519
2,2520
27,2520
1,2521
2,2523
3,2523
5,2524
24,2524
4,2525
4,2526
48,2526
5,2527
25,2528
3,2529
29,2530
48,2532
26,2540
30,2542
3,2544
42,2548
11,2551
44,2552
4,2553
22,2555
3,2556
5,2557
47,2560
4,2561
40,2561
5,2562
60,2565
1,2568
6,2568
17,2568
49,2568
17,2569
4,2570
9,2570
1,2571
2,2572
2,2573
31,2573
9,2574
22,2575
43,2575
52,2578
19,2579
20,2579
44,2581
58,2581
28,2582
54,2582
1,2583
17,2583
2,2584
20,2584
45,2584
49,2590
13,2594
19,2595
20,2596
60,2598
35,2598
12,2603
46,2603
51,2603
17,2605
38,2605
12,2606
18,2607
14,2614
6,2618
6,2620
56,2620
33,2622
16,2623
10,2625
52,2625
12,2632
16,2632
51,2632
54,2632
17,2634
7,2635
11,2635
16,2637
11,2638
22,2641
21,2642
21,2643
15,2645
31,2646
3,2650
4,2651
5,2653
3,2657
10,2657
5,2658
4,2659
56,2661
1,2662
39,2662
14,2663
2,2664
1,2665
1,2666
3,2666
17,2666
5,2667
2,2668
4,2668
3,2669
2,2670
4,2670
37,2670
5,2671
13,2671
53,2671
42,2677
54,2678
17,2680
2,2682
10,2682
21,2685
40,2689
11,2693
24,2697
39,2698
50,2698
3,2699
43,2699
5,2700
7,2702
5,2704
4,2705
4,2706
5,2706
58,2707
59,2707
6,2708
3,2712
52,2713
3,2714
4,2715
15,2715
22,2715
24,2715
49,2715
60,2716
4,2716
27,2716
5,2717
42,2717
38,2719
41,2719
23,2720
22,2721
5,2723
49,2723
3,2724
29,2724
12,2727
46,2727
58,2727
54,2728
17,2729
30,2729
11,2732
46,2734
47,2734
56,2737
52,2739
19,2741
14,2744
32,2746
14,2748
9,2749
20,2750
53,2750
23,2753
44,2754
3,2757
42,2758
26,2762
7,2763
33,2764
32,2766
37,2766
60,2769
22,2770
36,2770
12,2771
26,2771
12,2772
17,2772
21,2772
20,2775
11,2778
12,2781
27,2782
36,2782
47,2783
59,2783
9,2784
17,2790
48,2790
23,2792
25,2792
51,2793
7,2794
55,2794
1,2795
3,2795
1,2797
5,2798
26,2798
50,2798
2,2799
4,2800
2,2801
5,2801
10,2802
13,2802
50,2802
55,2803
23,2804
59,2804
2,2805
3,2805
6,2805
1,2806
36,2806
57,2806
2,2807
4,2807
16,2808
48,2808
31,2809
57,2809
1,2810
45,2812
31,2815
23,2818
30,2820
14,2824
30,2827
27,2829
11,2830
1,2832
1,2833
36,2834
2,2835
1,2836
24,2836
56,2836
33,2837
42,2838
46,2838
2,2839
3,2839
2,2840
4,2841
16,2841
24,2841
4,2843
38,2843
3,2844
5,2845
5,2846
43,2846
4,2848
6,2848
53,2850
49,2852
39,2853
17,2857
39,2858
53,2859
19,2862
1,2864
54,2864
1,2866
2,2867
2,2868
8,2868
30,2868
1,2869
26,2869
2,2870
6,2871
28,2871
41,2873
25,2876
1,2881
2,2882
55,2882
1,2884
1,2885
2,2887
2,2888
23,2891
29,2893
43,2894
1,2896
2,2898
1,2901
26,2901
38,2902
56,2902
2,2903
15,2903
52,2903
1,2904
3,2904
2,2905
4,2907
19,2907
43,2907
3,2911
5,2913
44,2914
52,2914
5,2915
4,2917
58,2917
55,2921
20,2922
5,2923
3,2924
4,2925
45,2925
19,2928
38,2929
42,2929
56,2929
4,2931
23,2931
28,2931
30,2931
42,2931
3,2932
5,2934
5,2937
57,2938
48,2941
49,2945
7,2947
42,2952
25,2953
47,2954
21,2956
26,2957
10,2959
46,2959
52,2959
46,2960
35,2965
24,2968
14,2969
42,2973
24,2974
28,2974
42,2976
7,2981
15,2981
55,2982
40,2983
6,2990
35,2990
41,2990
22,2992
33,2992
2,2993
7,2993
43,2997
56,2998
59,2998
50,3002
56,3005
60,3006
53,3007
7,3011
52,3012
28,3018
29,3020
30,3020
28,3023
6,3026
27,3026
48,3028
25,3029
43,3030
49,3030
7,3034
16,3039
44,3039
10,3040
47,3040
45,3041
47,3041
56,3041
4,3042
24,3043
45,3043
49,3045
7,3046
19,3052
38,3056
56,3056
29,3058
7,3060
8,3060
59,3060
24,3061
1,3066
42,3067
2,3068
1,3069
18,3070
21,3070
30,3070
2,3071
12,3072
38,3072
1,3074
2,3076
1,3080
35,3080
58,3085
32,3088
45,3088
7,3090
47,3091
34,3093
6,3095
12,3095
47,3095
39,3096
27,3098
26,3100
1,3101
41,3101
23,3102
47,3103
1,3104
32,3104
44,3104
47,3105
2,3106
9,3107
50,3107
1,3108
45,3108
49,3108
56,3109
29,3111
3,3112
2,3113
47,3113
59,3113
2,3114
4,3115
39,3115
3,3116
33,3116
5,3117
47,3117
5,3118
53,3118
60,3120
41,3120
4,3121
56,3123
28,3125
25,3126
48,3126
49,3128
3,3129
5,3130
10,3130
27,3130
4,3131
4,3132
17,3132
3,3134
5,3136
29,3138
55,3138
6,3140
25,3144
24,3146
36,3148
42,3151
1,3153
33,3154
1,3155
2,3156
38,3156
1,3157
28,3158
55,3161
2,3162
2,3163
58,3164
1,3167
1,3168
2,3170
57,3170
2,3171
17,3171
1,3172
60,3174
2,3174
6,3177
57,3178
33,3180
57,3181
3,3189
1,3192
5,3192
1,3193
36,3193
5,3194
2,3195
4,3195
25,3195
2,3196
4,3196
1,3197
21,3197
3,3199
18,3199
43,3199
47,3199
2,3200
54,3204
44,3205
59,3207
38,3210
7,3211
55,3211
57,3211
13,3213
12,3214
17,3216
18,3216
12,3217
3,3219
4,3220
6,3220
7,3220
34,3221
35,3221
42,3221
4,3223
53,3223
5,3224
5,3225
3,3226
49,3228
13,3229
13,3230
8,3232
9,3233
43,3235
3,3236
4,3238
3,3239
5,3240
35,3240
4,3241
5,3242
56,3242
3,3245
22,3245
6,3246
5,3247
56,3247
4,3250
11,3250
40,3250
5,3251
4,3252
16,3252
3,3253
55,3254
48,3255
23,3257
1,3260
2,3262
20,3262
1,3263
56,3263
2,3264
1,3265
2,3266
36,3267
25,3268
48,3269
3,3270
16,3270
29,3270
17,3272
2,3273
4,3274
52,3275
3,3276
32,3277
39,3279
55,3279
51,3281
5,3282
4,3283
17,3284
59,3284
5,3287
1,3290
1,3291
29,3291
1,3292
49,3292
2,3293
2,3295
1,3296
44,3296
2,3297
52,3299
23,3301
43,3303
48,3303
56,3311
9,3313
35,3314
35,3315
45,3315
22,3317
3,3319
50,3319
5,3320
4,3321
55,3323
5,3324
58,3324
26,3326
29,3326
48,3327
3,3328
18,3331
26,3331
50,3331
4,3332
13,3333
7,3339
14,3339
45,3340
57,3340
1,3341
28,3341
2,3342
1,3343
10,3344
56,3344
40,3346
48,3346
2,3348
15,3348
1,3349
2,3350
18,3352
52,3352
11,3357
27,3357
57,3357
25,3361
23,3362
34,3363
38,3364
1,3366
1,3367
8,3367
2,3368
18,3368
1,3369
22,3370
2,3371
2,3372
49,3374
43,3375
37,3376
32,3378
29,3380
38,3384
26,3385
28,3386
31,3387
50,3387
20,3388
60,3390
12,3390
26,3390
35,3396
14,3398
38,3401
59,3401
31,3402
18,3403
25,3406
52,3406
48,3407
28,3409
36,3414
34,3416
7,3417
1,3419
56,3419
1,3420
2,3421
2,3422
58,3422
1,3423
27,3423
30,3423
56,3423
2,3424
49,3424
50,3424
41,3425
1,3427
1,3428
2,3430
34,3430
47,3430
20,3431
2,3433
1,3434
8,3434
2,3435
42,3437
57,3439
58,3439
20,3441
6,3445
42,3447
12,3457
46,3461
59,3461
52,3462
4,3463
1,3464
31,3464
49,3468
18,3471
35,3472
42,3473
54,3474
58,3477
1,3478
58,3478
2,3480
7,3480
1,3484
52,3485
2,3486
57,3486
1,3487
2,3488
9,3489
7,3491
17,3493
7,3494
10,3498
25,3498
28,3499
41,3501
8,3503
42,3503
48,3503
27,3509
49,3509
46,3510
48,3512
49,3515
5,3517
23,3526
16,3530
6,3535
41,3537
15,3538
58,3541
36,3544
1,3548
30,3548
1,3549
38,3549
2,3550
25,3550
1,3551
13,3554
34,3554
42,3554
51,3554
20,3555
2,3556
2,3557
37,3557
7,3561
26,3566
36,3570
59,3570
1,3571
28,3571
40,3571
2,3573
6,3574
1,3576
1,3579
59,3580
2,3582
47,3582
2,3583
14,3584
1,3589
2,3591
54,3592
55,3592
1,3593
43,3593
51,3593
53,3593
21,3594
6,3595
16,3596
21,3597
7,3599
2,3601
1,3602
9,3602
2,3603
21,3604
22,3604
13,3606
57,3607
27,3608
53,3608
23,3610
10,3612
43,3614
46,3614
20,3615
29,3615
45,3615
60,3618
7,3619
49,3622
51,3623
27,3626
54,3626
16,3628
60,3630
22,3630
6,3632
15,3632
25,3632
30,3632
9,3634
22,3635
28,3635
50,3637
34,3638
25,3643
37,3643
44,3643
3,3646
49,3646
59,3646
7,3647
5,3649
4,3650
22,3650
40,3650
5,3651
10,3652
1,3654
9,3655
46,3655
1,3656
28,3657
2,3659
4,3659
34,3659
38,3660
1,3661
2,3662
3,3662
44,3662
39,3663
2,3664
3,3664
5,3666
37,3671
5,3672
4,3673
42,3673
51,3673
3,3674
12,3674
3,3676
35,3677
4,3678
46,3678
24,3681
57,3681
41,3683
33,3686
11,3690
3,3693
53,3693
1,3694
12,3695
5,3696
4,3697
54,3697
3,3698
4,3699
30,3699
5,3700
15,3701
39,3702
38,3703
44,3705
26,3706
29,3706
15,3711
1,3712
2,3713
35,3713
1,3714
8,3714
39,3715
1,3716
2,3717
2,3719
26,3720
28,3720
15,3724
45,3724
46,3727
34,3728
46,3729
27,3730
25,3731
6,3732
5,3736
50,3736
32,3739
3,3740
31,3742
21,3743
22,3743
26,3747
4,3748
5,3749
5,3750
60,3751
3,3751
15,3751
4,3753
42,3753
6,3755
33,3758
35,3758
37,3763
22,3764
31,3764
47,3769
55,3770
10,3772
27,3772
60,3777
35,3777
23,3779
42,3779
44,3785
13,3788
21,3788
41,3791
14,3792
59,3792
22,3795
20,3800
30,3800
38,3800
39,3803
50,3803
18,3804
41,3805
57,3807
27,3808
42,3809
39,3813
36,3821
42,3823
10,3825
40,3829
58,3829
26,3830
43,3831
28,3832
56,3832
43,3833
56,3834
14,3835
55,3837
58,3837
6,3839
18,3843
58,3843
17,3844
54,3844
37,3845
25,3848
28,3850
39,3852
49,3852
35,3854
6,3858
10,3859
15,3861
17,3862
1,3864
34,3864
2,3865
28,3865
1,3866
16,3866
1,3867
28,3867
35,3869
49,3869
13,3870
17,3870
2,3871
32,3873
2,3876
29,3878
23,3879
16,3880
41,3882
5,3887
50,3887
14,3890
8,3894
14,3896
3,3897
5,3898
4,3899
3,3901
6,3902
26,3903
44,3903
49,3903
4,3904
5,3905
45,3905
32,3907
39,3907
59,3907
55,3911
20,3918
12,3919
48,3922
56,3923
6,3925
50,3925
33,3926
10,3928
24,3928
27,3928
34,3928
21,3929
36,3929
9,3941
49,3942
36,3948
3,3949
16,3951
30,3952
32,3952
55,3952
4,3953
37,3953
1,3956
5,3956
2,3957
3,3957
57,3957
1,3958
4,3958
23,3958
2,3959
44,3959
5,3960
1,3962
4,3962
36,3963
39,3963
24,3964
45,3964
2,3965
16,3965
21,3970
60,3971
25,3971
41,3971
32,3972
3,3974
37,3974
4,3975
5,3976
4,3977
23,3977
3,3978
8,3978
30,3978
5,3979
36,3983
45,3983
41,3986
38,3993
47,3993
50,3994
23,3995
3,3999
59,3999
6,4000
22,4000
1,4001
7,4001
20,4001
1,4002
22,4002
29,4003
54,4003
2,4005
2,4006
9,4007
1,4009
7,4009
50,4010
55,4010
2,4011
22,4011
24,4012
46,4012
39,4013
58,4013
60,4014
22,4015
47,4016
1,4019
39,4019
2,4020
1,4021
2,4024
14,4024
1,4025
12,4026
57,4028
2,4029
22,4029
44,4029
26,4031
36,4032
60,4036
52,4037
58,4037
33,4039
59,4039
13,4040
26,4040
53,4040
22,4044
57,4047
3,4048
5,4049
25,4049
4,4050
9,4051
1,4052
3,4052
32,4052
58,4052
5,4053
13,4053
24,4053
1,4054
2,4055
28,4056
2,4057
1,4058
2,4059
4,4059
15,4060
31,4061
44,4061
1,4062
2,4063
1,4064
1,4065
2,4066
2,4067
33,4067
48,4070
35,4075
6,4076
39,4078
7,4081
36,4081
52,4081
24,4084
22,4086
33,4088
11,4089
47,4090
31,4094
36,4097
6,4099
56,4099
43,4101
40,4103
51,4104
37,4105
13,4108
30,4108
55,4113
55,4116
13,4119
60,4122
37,4123
12,4126
29,4126
55,4127
30,4130
22,4131
33,4133
51,4133
59,4133
34,4135
21,4138
8,4140
26,4150
28,4150
18,4151
50,4153
40,4154
60,4155
34,4155
17,4156
6,4157
47,4159
56,4160
16,4161
7,4166
25,4168
19,4169
44,4169
22,4170
56,4170
11,4172
19,4174
47,4175
8,4178
5,4184
39,4184
1,4188
54,4188
2,4189
1,4190
1,4191
2,4192
29,4193
17,4194
56,4194
59,4195
2,4196
36,4198
12,4199
45,4203
55,4203
45,4205
25,4206
48,4206
14,4208
29,4210
57,4210
17,4213
30,4218
31,4221
3,4223
17,4224
36,4224
4,4225
5,4228
3,4229
1,4232
5,4232
36,4233
1,4234
4,4234
46,4234
2,4235
1,4237
2,4238
2,4240
28,4240
25,4241
32,4241
24,4242
44,4242
6,4243
25,4244
35,4247
22,4249
15,4250
18,4250
56,4250
41,4251
42,4254
56,4260
3,4261
5,4262
4,4263
4,4265
44,4265
5,4266
24,4266
3,4270
42,4271
39,4272
3,4273
52,4273
4,4274
38,4274
5,4275
57,4275
13,4276
41,4277
4,4280
36,4281
1,4283
4,4283
55,4283
56,4283
2,4285
5,4285
1,4286
55,4286
1,4287
3,4288
2,4289
8,4291
27,4291
47,4291
48,4291
20,4293
2,4294
1,4295
34,4295
2,4296
1,4297
22,4297
52,4298
52,4299
20,4300
49,4300
1,4301
46,4301
51,4301
2,4302
2,4305
23,4308
22,4313
3,4315
29,4320
28,4321
36,4321
54,4321
5,4322
4,4323
58,4323
5,4324
16,4324
29,4325
59,4326
4,4328
27,4328
3,4329
34,4330
36,4330
55,4332
29,4333
40,4336
16,4337
23,4337
34,4337
6,4343
39,4344
7,4347
11,4352
43,4355
38,4358
11,4359
3,4361
41,4361
58,4363
5,4364
32,4364
46,4365
4,4368
15,4368
3,4371
26,4372
58,4372
50,4374
5,4376
15,4377
20,4377
4,4380
1,4381
1,4382
2,4383
1,4384
2,4386
40,4386
2,4387
24,4387
44,4387
7,4391
7,4394
24,4396
54,4396
46,4401
54,4401
25,4405
34,4405
20,4407
6,4412
23,4413
10,4415
31,4416
52,4416
55,4416
20,4417
30,4418
17,4420
52,4424
51,4427
16,4429
32,4433
48,4433
56,4435
46,4436
38,4439
43,4439
32,4443
50,4446
28,4449
20,4451
56,4452
10,4454
58,4455
17,4460
41,4462
55,4462
31,4466
45,4468
1,4469
1,4471
2,4472
45,4472
18,4473
29,4473
3,4474
8,4474
2,4475
5,4475
1,4476
4,4478
2,4479
4,4479
24,4479
25,4479
35,4479
3,4480
59,4480
5,4482
34,4485
20,4489
44,4489
47,4489
1,4491
8,4492
31,4492
37,4498
58,4502
21,4504
15,4505
11,4507
60,4511
7,4513
14,4513
26,4514
42,4515
44,4518
51,4518
46,4520
24,4521
44,4523
9,4525
52,4527
52,4528
3,4530
13,4530
21,4530
5,4531
5,4533
46,4535
4,4540
3,4541
4,4543
60,4544
43,4547
16,4548
46,4548
32,4551
3,4555
27,4555
4,4556
5,4557
33,4558
41,4558
5,4559
4,4560
24,4561
31,4563
54,4563
3,4564
9,4566
43,4567
12,4568
34,4571
9,4572
20,4572
22,4573
57,4576
19,4577
43,4581
54,4581
21,4583
51,4584
19,4587
29,4587
25,4588
36,4588
35,4591
9,4592
43,4598
18,4601
38,4601
30,4602
37,4602
11,4604
43,4605
52,4606
11,4607
35,4607
13,4610
26,4610
34,4610
47,4610
48,4610
54,4610
10,4613
7,4614
53,4614
60,4615
19,4616
30,4618
48,4620
1,4621
1,4622
2,4623
1,4624
60,4627
2,4627
2,4628
48,4628
54,4628
14,4629
33,4631
54,4632
3,4633
17,4633
28,4633
29,4633
4,4634
3,4635
29,4635
5,4637
5,4640
4,4641
38,4646
33,4652
37,4656
59,4656
1,4659
28,4659
41,4662
1,4663
2,4664
1,4665
23,4665
2,4666
10,4667
57,4667
2,4669
51,4669
3,4670
39,4670
4,4671
4,4674
34,4678
59,4679
5,4682
53,4682
3,4683
12,4683
36,4685
5,4687
40,4696
56,4696
43,4699
27,4700
52,4704
20,4708
30,4708
58,4708
27,4712
59,4713
44,4714
45,4716
50,4720
1,4723
1,4724
37,4724
2,4725
42,4726
1,4727
2,4728
2,4730
49,4731
60,4738
23,4738
39,4738
43,4739
1,4740
2,4741
1,4744
1,4746
2,4747
37,4747
2,4748
17,4749
50,4749
30,4750
11,4751
3,4755
15,4755
19,4755
4,4758
6,4758
29,4758
3,4760
5,4761
13,4762
52,4763
4,4765
17,4765
5,4767
37,4768
36,4769
28,4771
3,4773
33,4774
40,4774
4,4776
5,4777
3,4778
48,4779
21,4780
53,4780
13,4781
5,4782
4,4783
30,4783
37,4788
21,4789
47,4790
10,4791
26,4799
13,4801
41,4801
4,4802
20,4804
22,4804
11,4807
42,4808
7,4809
20,4809
12,4812
34,4813
29,4818
52,4818
42,4819
3,4823
51,4823
56,4823
9,4824
23,4824
4,4825
5,4826
18,4828
5,4830
40,4830
3,4831
9,4831
4,4832
29,4834
33,4836
51,4836
58,4839
28,4841
47,4841
26,4843
12,4850
24,4851
55,4852
12,4853
44,4854
60,4855
21,4855
31,4856
6,4858
23,4859
7,4864
36,4866
27,4867
26,4871
53,4875
52,4878
53,4878
1,4881
47,4881
2,4882
33,4882
29,4884
1,4887
1,4888
27,4890
12,4894
17,4894
55,4895
2,4897
33,4899
2,4900
48,4900
51,4903
25,4905
14,4911
14,4913
30,4913
11,4918
25,4919
40,4920
60,4921
37,4922
46,4925
33,4930
1,4931
50,4933
26,4934
2,4935
1,4936
37,4937
1,4939
31,4940
2,4942
59,4942
2,4946
8,4946
48,4946
1,4947
1,4948
2,4951
2,4952
1,4954
47,4954
2,4956
58,4960
33,4963
30,4964
44,4964
11,4965
60,4966
33,4966
17,4970
41,4970
30,4972
35,4972
40,4974
11,4976
25,4977
46,4980
19,4984
32,4985
25,4986
1,4987
13,4987
45,4987
60,4989
11,4989
14,4989
23,4991
32,4991
1,4992
2,4993
1,4994
36,4994
2,4996
2,4997
11,4997
25,4997
29,4997
42,4998
3,5000
7,5001
5,5002
20,5002
4,5004
6,5004
3,5006
4,5007
33,5007
5,5008
22,5009
40,5012
18,5013
57,5013
47,5014
56,5016
26,5018
47,5020
35,5021
45,5022
18,5023
1,5024
1,5025
45,5025
55,5027
2,5028
1,5029
16,5029
2,5031
2,5032
59,5032
49,5037
47,5038
54,5040
31,5042
38,5044
29,5046
11,5049
43,5050
29,5052
49,5053
55,5055
28,5056
47,5056
23,5057
25,5061
46,5061
31,5062
7,5065
43,5065
19,5068
7,5071
9,5071
22,5072
48,5072
30,5073
60,5074
28,5074
29,5075
35,5078
13,5082
32,5082
3,5084
4,5085
3,5088
5,5090
9,5093
50,5093
28,5094
50,5094
46,5096
33,5097
4,5098
7,5098
22,5098
5,5100
51,5101
60,5104
36,5105
53,5109
28,5110
33,5110
15,5113
1,5114
1,5115
2,5116
2,5119
48,5119
1,5120
2,5121
37,5121
44,5125
29,5126
40,5129
9,5132
10,5135
43,5135
33,5137
51,5137
11,5139
39,5141
40,5141
52,5142
29,5144
19,5145
26,5147
35,5148
15,5149
30,5151
31,5152
14,5154
18,5154
27,5154
1,5155
35,5155
1,5156
13,5156
52,5156
10,5157
2,5158
2,5162
1,5163
20,5164
2,5165
18,5167
25,5172
58,5172
60,5174
48,5174
49,5174
57,5179
28,5183
30,5184
14,5187
50,5187
3,5190
42,5190
4,5192
34,5192
4,5193
16,5193
3,5194
1,5195
1,5196
5,5196
14,5196
5,5197
2,5198
3,5198
2,5199
4,5199
52,5200
3,5201
43,5201
57,5201
1,5202
5,5202
2,5203
46,5203
5,5204
17,5205
38,5205
4,5206
56,5209
42,5212
18,5213
51,5213
9,5214
29,5215
14,5217
19,5218
39,5219
1,5221
9,5221
1,5224
39,5225
55,5225
2,5226
49,5226
2,5227
23,5227
25,5228
1,5229
2,5230
6,5230
10,5236
33,5236
31,5237
31,5240
20,5242
24,5242
44,5243
54,5243
40,5248
51,5248
33,5251
11,5252
31,5252
56,5252
32,5253
23,5256
53,5257
18,5260
51,5263
12,5266
16,5267
47,5268
1,5269
35,5269
59,5269
60,5275
10,5276
29,5276
55,5282
58,5283
6,5284
30,5285
10,5286
38,5286
43,5286
22,5289
18,5291
38,5291
1,5292
1,5294
3,5294
31,5294
32,5294
2,5295
19,5295
4,5297
1,5298
15,5298
44,5298
5,5299
3,5300
4,5301
37,5301
5,5302
2,5303
36,5303
2,5304
51,5304
50,5305
8,5306
33,5306
36,5306
3,5308
25,5308
44,5308
4,5309
3,5310
53,5310
55,5311
4,5312
5,5313
15,5313
5,5314
30,5316
33,5316
27,5317
40,5317
13,5319
53,5321
48,5322
6,5323
24,5329
1,5330
53,5330
2,5331
1,5333
1,5334
58,5334
13,5336
2,5340
10,5340
46,5340
2,5342
34,5346
44,5351
48,5351
49,5355
50,5355
45,5358
37,5363
12,5366
52,5367
12,5368
32,5368
43,5369
1,5370
2,5371
9,5372
41,5372
46,5372
3,5373
13,5373
53,5373
1,5374
23,5374
4,5375
2,5376
5,5377
1,5378
2,5379
4,5379
41,5379
3,5380
23,5381
33,5381
5,5382
29,5383
34,5387
29,5393
33,5395
58,5395
42,5398
45,5398
42,5399
6,5400
47,5401
51,5401
57,5401
48,5402
25,5403
16,5406
7,5408
16,5410
9,5411
10,5413
46,5413
19,5416
35,5418
16,5419
32,5421
32,5423
36,5423
54,5423
21,5425
54,5425
31,5427
60,5428
37,5428
39,5431
27,5433
34,5436
16,5437
41,5440
43,5442
34,5444
1,5445
9,5445
44,5445
1,5446
59,5446
2,5447
1,5450
2,5452
31,5452
53,5452
6,5453
2,5455
14,5457
27,5457
59,5458
57,5461
13,5462
19,5462
41,5462
36,5464
7,5465
16,5469
56,5469
60,5470
52,5470
14,5472
17,5472
50,5473
49,5475
27,5477
30,5477
11,5478
58,5479
22,5481
32,5481
41,5481
42,5483
43,5483
31,5486
58,5487
16,5488
3,5491
19,5491
50,5492
4,5493
22,5496
60,5497
5,5497
5,5498
1,5504
4,5504
3,5505
1,5506
3,5506
2,5507
4,5507
28,5507
4,5508
1,5509
3,5509
2,5510
27,5511
2,5512
5,5512
5,5513
16,5515
30,5516
22,5517
19,5519
3,5522
4,5523
1,5524
1,5525
2,5526
3,5526
56,5527
9,5528
1,5529
5,5530
2,5531
2,5532
1,5533
5,5533
30,5533
56,5533
1,5534
4,5534
2,5536
1,5537
2,5538
2,5539
33,5539
19,5540
24,5542
53,5543
37,5545
7,5546
36,5546
29,5548
12,5550
19,5550
6,5552
27,5554
15,5555
43,5555
43,5558
30,5559
23,5565
29,5567
36,5569
47,5569
19,5572
1,5576
13,5576
2,5577
8,5578
1,5579
37,5579
1,5581
7,5581
2,5582
2,5583
17,5585
3,5586
5,5587
16,5587
45,5587
41,5588
44,5588
5,5590
23,5590
45,5590
4,5591
1,5592
2,5593
3,5593
1,5594
4,5594
1,5595
38,5596
2,5597
57,5597
2,5598
2,5599
40,5599
43,5601
36,5602
11,5603
57,5606
37,5607
1,5609
21,5609
8,5610
47,5614
21,5616
39,5616
42,5616
54,5616
46,5620
54,5620
39,5622
14,5624
24,5624
42,5624
7,5626
22,5626
19,5628
39,5630
47,5630
55,5630
33,5632
3,5633
11,5633
30,5633
45,5634
4,5636
19,5636
4,5639
30,5640
5,5641
3,5642
37,5642
57,5642
5,5645
38,5645
22,5650
17,5652
20,5652
26,5652
38,5652
28,5653
13,5655
20,5655
60,5658
39,5659
29,5661
41,5663
22,5665
48,5665
6,5668
25,5668
46,5668
21,5669
32,5670
40,5671
37,5674
25,5677
37,5678
3,5681
55,5682
5,5684
32,5684
51,5685
44,5687
6,5688
32,5690
4,5691
5,5692
38,5692
4,5693
29,5693
26,5696
13,5697
22,5697
3,5698
1,5699
1,5702
3,5702
2,5707
2,5710
1,5711
2,5713
19,5713
29,5716
60,5718
47,5730
47,5731
1,5734
39,5735
53,5735
2,5736
13,5736
33,5736
41,5736
1,5737
1,5740
59,5740
2,5741
22,5741
2,5742
26,5742
54,5744
29,5746
60,5748
44,5749
10,5751
35,5754
3,5755
29,5755
1,5757
19,5757
5,5758
5,5759
1,5760
4,5760
21,5760
13,5761
4,5762
11,5762
42,5762
2,5763
14,5764
41,5764
2,5765
3,5765
1,5766
2,5767
8,5769
16,5769
33,5769
40,5772
1,5775
24,5775
1,5776
3,5777
2,5778
4,5778
2,5779
1,5780
5,5780
42,5782
2,5783
4,5783
46,5784
3,5785
5,5786
39,5787
34,5788
45,5788
11,5789
25,5790
45,5790
43,5791
28,5792
12,5795
7,5796
42,5796
47,5797
56,5797
32,5800
40,5800
44,5802
37,5805
23,5808
25,5811
34,5817
35,5818
41,5818
44,5822
60,5826
54,5826
16,5830
15,5833
45,5833
49,5837
21,5844
47,5844
26,5845
3,5848
19,5848
5,5850
33,5851
1,5853
9,5853
16,5853
58,5854
2,5855
4,5856
1,5857
4,5857
54,5857
2,5858
12,5858
41,5858
12,5859
1,5861
3,5861
5,5862
2,5863
20,5863
17,5864
10,5868
1,5869
2,5870
12,5870
1,5871
22,5871
2,5872
41,5873
3,5874
35,5875
22,5876
4,5877
4,5878
37,5878
31,5879
3,5880
1,5881
5,5881
2,5882
5,5883
29,5883
22,5887
39,5887
28,5889
22,5891
14,5893
35,5893
1,5894
17,5894
1,5898
3,5898
2,5899
5,5899
41,5899
2,5900
47,5900
54,5900
1,5901
4,5902
17,5902
2,5903
4,5903
50,5904
3,5905
46,5906
31,5907
50,5908
5,5910
29,5916
39,5916
25,5918
30,5919
43,5921
40,5924
54,5924
10,5925
1,5933
21,5933
2,5934
17,5934
28,5935
36,5935
47,5935
1,5936
1,5937
11,5937
26,5937
2,5938
40,5938
2,5940
19,5940
32,5941
41,5943
25,5946
50,5947
15,5952
27,5954
37,5954
9,5958
10,5958
53,5958
10,5961
30,5961
29,5963
3,5964
11,5964
22,5965
16,5967
54,5969
4,5970
56,5970
9,5971
53,5972
3,5973
5,5974
42,5974
4,5976
5,5977
34,5978
49,5979
3,5981
27,5981
50,5981
5,5982
42,5983
51,5983
40,5985
4,5987
1,5988
3,5988
51,5988
5,5989
20,5989
4,5990
15,5990
49,5990
16,5991
5,5993
1,5996
21,5996
1,5997
16,5997
2,5998
2,5999
56,6000
1,6001
2,6002
54,6002
15,6004
19,6016
46,6016
36,6017
59,6020
34,6021
41,6021
45,6021
29,6026
26,6028
38,6033
52,6033
34,6034
38,6036
6,6037
20,6042
49,6045
42,6046
3,6049
4,6050
44,6050
3,6052
5,6053
20,6055
56,6056
4,6057
25,6057
1,6059
5,6061
1,6062
2,6063
43,6063
1,6064
2,6065
19,6065
2,6066
3,6068
28,6068
30,6068
49,6069
51,6072
1,6073
2,6074
48,6075
1,6077
1,6078
2,6080
58,6080
10,6081
2,6082
58,6082
60,6083
23,6087
5,6090
40,6090
46,6092
58,6094
1,6096
37,6097
43,6097
2,6098
18,6098
1,6099
14,6099
1,6101
2,6103
2,6105
10,6108
41,6117
25,6121
36,6123
6,6125
43,6126
58,6127
5,6130
31,6130
9,6136
48,6136
6,6137
46,6137
6,6138
9,6140
34,6141
60,6142
38,6145
12,6146
53,6147
57,6147
1,6148
3,6148
55,6148
2,6149
5,6150
1,6151
7,6151
9,6151
29,6151
5,6152
6,6152
2,6153
4,6154
1,6155
4,6155
9,6155
3,6156
35,6156
44,6158
56,6159
51,6161
2,6163
54,6164
1,6165
59,6165
9,6166
13,6166
1,6170
2,6172
1,6173
2,6174
41,6174
2,6176
34,6176
24,6177
55,6181
57,6184
28,6187
55,6187
33,6190
30,6192
36,6192
41,6192
29,6193
30,6193
52,6193
3,6195
35,6195
5,6196
4,6197
5,6197
39,6197
33,6199
58,6199
5,6200
59,6202
3,6203
4,6204
15,6205
48,6207
18,6208
31,6209
47,6209
23,6210
26,6211
39,6211
15,6215
45,6215
35,6218
38,6220
43,6220
3,6221
11,6222
21,6223
44,6224
28,6225
5,6226
6,6226
15,6226
29,6227
27,6228
32,6228
4,6229
15,6229
28,6229
6,6230
24,6230
4,6231
55,6231
21,6234
3,6235
27,6235
47,6237
5,6238
23,6240
60,6241
60,6242
11,6244
28,6248
46,6248
48,6248
27,6250
49,6253
14,6254
20,6254
37,6254
46,6254
37,6256
58,6257
10,6258
17,6260
43,6265
39,6266
45,6266
12,6268
39,6269
57,6269
32,6270
5,6272
33,6274
23,6276
14,6278
56,6292
16,6293
14,6294
28,6296
53,6297
7,6299
1,6302
18,6302
30,6302
53,6302
1,6303
26,6303
2,6305
2,6306
50,6306
24,6307
11,6308
50,6309
1,6310
6,6310
15,6310
2,6311
7,6313
29,6313
55,6317
58,6320
1,6321
44,6321
2,6322
10,6322
1,6324
1,6326
58,6326
2,6328
2,6329
58,6331
17,6332
7,6333
1,6336
45,6337
20,6338
17,6343
28,6343
59,6343
10,6344
44,6346
35,6347
44,6349
10,6350
2,6353
12,6354
24,6355
53,6355
60,6356
13,6356
46,6356
49,6359
59,6359
14,6361
39,6366
16,6368
42,6370
51,6370
59,6372
38,6373
51,6374
55,6375
29,6377
13,6378
1,6379
1,6380
2,6381
2,6382
11,6383
1,6385
2,6386
6,6387
3,6389
17,6389
58,6389
7,6390
5,6393
4,6394
52,6394
3,6395
4,6396
5,6397
50,6397
29,6399
46,6399
23,6400
55,6400
60,6402
1,6402
3,6404
5,6405
57,6406
4,6407
5,6408
4,6410
3,6411
35,6413
38,6413
45,6414
47,6416
11,6417
13,6417
42,6418
3,6422
42,6422
58,6422
4,6423
1,6425
9,6425
2,6427
52,6427
38,6428
49,6428
1,6429
3,6429
20,6429
1,6430
2,6431
5,6431
59,6431
57,6432
5,6433
2,6435
56,6435
4,6436
7,6439
11,6439
38,6440
24,6442
30,6443
32,6446
7,6450
53,6451
36,6452
23,6454
14,6455
46,6455
57,6458
22,6461
58,6462
25,6463
12,6464
39,6464
52,6466
53,6470
44,6473
16,6474
34,6476
50,6477
46,6478
39,6480
50,6480
57,6480
43,6481
58,6481
57,6482
39,6486
21,6488
35,6492
28,6493
51,6494
21,6495
23,6495
51,6495
39,6497
8,6498
46,6498
13,6499
59,6499
55,6501
52,6504
25,6505
54,6506
21,6508
52,6509
19,6510
40,6511
4,6512
58,6514
14,6519
17,6520
47,6520
47,6522
8,6525
36,6527
46,6527
12,6528
13,6531
58,6531
28,6533
37,6535
53,6539
1,6541
57,6543
37,6545
55,6545
43,6546
6,6549
3,6553
47,6554
17,6556
37,6556
34,6557
54,6557
10,6558
50,6558
42,6561
9,6563
44,6564
23,6567
28,6567
3,6569
5,6570
56,6572
59,6572
4,6573
52,6573
2,6574
3,6576
5,6579
4,6580
37,6580
30,6581
15,6584
5,6585
32,6586
47,6586
13,6587
27,6587
43,6587
25,6590
1,6591
60,6593
53,6593
1,6594
22,6594
2,6595
1,6596
2,6600
32,6601
2,6602
9,6603
43,6604
18,6605
27,6605
54,6605
25,6607
46,6608
47,6609
28,6610
1,6613
1,6614
2,6616
20,6616
53,6616
12,6617
54,6617
1,6618
37,6618
2,6621
35,6621
8,6622
2,6623
5,6624
28,6624
3,6625
4,6626
52,6626
9,6627
3,6629
25,6630
38,6630
5,6633
10,6633
5,6634
42,6634
20,6635
30,6635
4,6636
53,6638
14,6639
26,6639
57,6641
36,6643
45,6644
56,6644
16,6646
32,6646
3,6647
5,6650
17,6651
23,6652
41,6652
4,6653
49,6653
4,6654
5,6656
3,6658
42,6659
29,6663
39,6663
15,6665
51,6666
17,6669
43,6671
7,6675
13,6676
39,6678
3,6679
5,6681
40,6681
59,6682
27,6686
49,6686
1,6687
4,6688
55,6688
1,6689
24,6689
2,6690
3,6692
2,6694
5,6694
2,6696
4,6696
35,6696
37,6696
1,6697
38,6697
43,6697
2,6699
3,6699
4,6701
37,6702
5,6703
4,6705
3,6707
56,6708
5,6709
5,6710
28,6710
16,6711
42,6719
6,6722
44,6722
22,6723
50,6723
24,6726
6,6728
47,6729
60,6734
37,6734
60,6736
59,6736
7,6738
60,6739
15,6740
42,6740
28,6741
59,6743
13,6745
32,6745
37,6746
50,6746
47,6747
48,6749
8,6755
45,6755
3,6757
4,6760
3,6763
33,6763
5,6764
4,6765
5,6768
21,6768
27,6772
27,6774
29,6774
3,6777
4,6778
5,6779
20,6780
7,6781
5,6783
4,6784
35,6785
3,6786
17,6789
39,6790
56,6791
23,6793
24,6793
15,6796
58,6797
22,6798
44,6798
8,6801
35,6801
40,6808
52,6808
21,6813
33,6813
36,6813
58,6813
57,6815
39,6816
15,6817
33,6819
41,6825
35,6827
54,6827
45,6829
47,6830
53,6831
3,6838
58,6838
4,6839
32,6839
12,6840
29,6840
3,6841
14,6841
58,6841
4,6842
17,6842
5,6843
35,6844
5,6845
53,6845
56,6846
24,6850
31,6851
57,6851
29,6853
3,6854
27,6855
3,6856
4,6858
5,6859
53,6859
5,6861
4,6862
3,6864
1,6865
1,6866
2,6867
38,6869
53,6869
1,6870
2,6871
2,6872
27,6873
19,6874
46,6880
58,6881
60,6882
41,6883
3,6884
17,6884
5,6887
4,6888
3,6890
26,6890
4,6891
5,6892
21,6892
60,6895
33,6896
37,6896
27,6897
1,6899
11,6899
1,6900
2,6901
7,6901
25,6901
42,6901
1,6902
2,6903
24,6903
2,6904
18,6904
21,6904
52,6904
16,6910
38,6911
33,6912
48,6912
7,6914
47,6916
1,6918
1,6920
40,6920
2,6921
37,6921
18,6922
2,6923
1,6924
2,6925
59,6925
29,6926
54,6926
38,6928
13,6929
52,6929
48,6933
1,6939
28,6941
2,6942
1,6944
1,6945
2,6946
35,6946
2,6948
15,6951
1,6952
10,6952
1,6953
47,6953
2,6954
2,6955
1,6956
29,6956
43,6956
2,6957
51,6957
20,6958
53,6959
11,6963
38,6964
11,6968
34,6968
18,6969
15,6970
8,6976
12,6979
10,6980
26,6982
20,6984
54,6985
32,6986
30,6987
27,6988
44,6989
3,6996
5,6997
5,6998
4,6999
4,7000
3,7002
59,7005
37,7007
44,7008
20,7010
11,7012
23,7012
41,7015
39,7017
9,7019
30,7019
1,7020
6,7020
1,7021
47,7025
2,7027
3,7027
14,7027
2,7028
5,7028
1,7030
2,7031
4,7031
3,7033
5,7037
4,7039
3,7040
47,7040
18,7042
56,7042
5,7044
5,7045
20,7045
11,7046
18,7046
19,7046
27,7046
30,7046
4,7047
60,7048
20,7048
3,7049
43,7049
4,7052
17,7052
31,7052
36,7052
37,7053
55,7053
22,7055
33,7056
37,7056
38,7056
13,7057
48,7057
15,7059
34,7060
49,7062
57,7067
59,7067
37,7070
6,7071
35,7072
1,7074
50,7075
2,7076
1,7077
1,7078
2,7083
5,7083
2,7084
29,7086
11,7087
19,7088
30,7091
59,7091
43,7092
20,7096
6,7099
14,7099
6,7101
39,7101
35,7103
30,7104
4,7106
11,7106
4,7107
14,7110
21,7111
30,7112
49,7114
54,7118
38,7119
20,7120
26,7120
57,7120
15,7121
1,7122
2,7123
1,7126
6,7127
36,7127
17,7128
19,7128
58,7128
42,7129
2,7132
1,7133
27,7133
36,7133
60,7134
12,7134
50,7136
41,7138
2,7140
60,7141
36,7143
29,7144
47,7144
42,7145
11,7147
21,7148
21,7149
1,7152
16,7152
1,7153
55,7153
41,7154
2,7155
1,7158
25,7158
37,7158
2,7159
11,7159
2,7160
11,7162
48,7162
53,7165
53,7166
13,7168
12,7171
24,7173
53,7175
7,7179
56,7181
3,7183
31,7183
48,7183
5,7185
25,7186
4,7190
8,7190
25,7190
4,7191
42,7191
50,7191
52,7192
3,7193
53,7193
5,7194
17,7198
40,7198
21,7199
27,7199
24,7200
25,7200
3,7202
4,7203
5,7204
15,7204
39,7204
58,7205
5,7206
9,7206
32,7206
3,7207
4,7209
9,7211
21,7215
13,7216
16,7216
15,7217
13,7222
18,7222
48,7222
13,7223
22,7223
36,7225
40,7229
35,7230
12,7232
21,7233
3,7234
6,7236
5,7237
13,7237
43,7238
12,7239
25,7239
49,7239
4,7240
5,7243
3,7244
31,7245
4,7247
39,7248
17,7250
2,7254
16,7254
58,7256
28,7262
58,7262
15,7263
11,7267
13,7268
14,7269
31,7270
40,7270
33,7272
3,7274
31,7274
10,7275
16,7275
19,7276
20,7276
4,7277
5,7278
4,7279
48,7280
5,7281
3,7282
60,7284
5,7284
1,7286
46,7286
1,7287
45,7287
2,7288
13,7288
46,7288
53,7288
1,7289
20,7289
34,7289
1,7290
20,7290
2,7291
21,7291
8,7293
2,7295
32,7295
18,7296
27,7296
54,7297
15,7298
9,7300
27,7300
53,7304
1,7306
28,7306
1,7308
59,7308
2,7309
37,7309
21,7310
1,7311
52,7311
56,7311
2,7312
21,7313
2,7314
36,7315
58,7315
55,7316
23,7319
26,7319
39,7322
3,7323
36,7327
4,7328
41,7328
3,7329
24,7329
5,7330
4,7331
5,7332
15,7334
37,7336
38,7337
5,7338
1,7340
2,7341
19,7341
30,7341
41,7341
1,7342
2,7343
21,7343
1,7344
27,7346
2,7347
9,7347
33,7348
3,7355
57,7355
4,7356
5,7357
9,7357
11,7358
3,7360
4,7362
39,7363
5,7365
18,7371
30,7374
1,7377
1,7378
2,7381
38,7381
2,7385
17,7385
44,7385
1,7386
24,7386
30,7386
2,7388
23,7391
27,7392
8,7395
30,7396
15,7397
10,7399
21,7399
11,7400
56,7401
11,7406
44,7406
16,7407
8,7410
32,7410
1,7411
1,7412
2,7413
10,7413
2,7414
1,7416
2,7418
26,7418
28,7418
39,7418
55,7419
57,7422
1,7423
30,7423
1,7424
2,7426
12,7426
1,7428
33,7429
44,7429
52,7429
2,7430
2,7431
3,7433
51,7433
4,7434
24,7437
4,7438
3,7439
10,7440
10,7441
5,7442
5,7443
27,7444
31,7447
17,7452
22,7452
24,7456
1,7458
52,7458
13,7462
31,7463
9,7464
16,7464
2,7467
1,7468
1,7469
38,7471
2,7472
38,7472
2,7475
39,7477
38,7478
21,7479
52,7479
50,7480
20,7481
5,7482
58,7482
1,7483
25,7483
14,7486
2,7487
12,7487
21,7488
1,7489
58,7489
26,7490
27,7490
60,7491
2,7492
32,7492
54,7492
21,7493
1,7494
2,7496
37,7499
16,7500
1,7501
2,7502
1,7503
2,7504
1,7505
31,7506
11,7511
2,7512
1,7513
40,7514
1,7515
17,7515
31,7517
2,7522
1,7523
34,7525
54,7525
2,7526
21,7526
2,7527
9,7528
20,7528
50,7531
3,7532
29,7532
53,7532
4,7533
4,7534
5,7535
44,7535
3,7536
5,7537
16,7538
5,7539
52,7540
13,7542
56,7548
42,7550
60,7552
20,7552
22,7552
54,7552
47,7554
23,7559
24,7561
12,7563
24,7563
38,7563
40,7563
56,7566
20,7568
27,7568
18,7572
46,7573
12,7576
58,7576
48,7577
36,7579
17,7581
53,7586
31,7587
27,7588
37,7588
16,7591
1,7593
2,7595
10,7596
11,7596
39,7596
59,7596
1,7597
57,7597
2,7599
1,7601
2,7603
19,7604
48,7606
38,7607
10,7609
36,7619
56,7619
22,7621
25,7624
28,7624
11,7625
24,7627
47,7627
15,7629
52,7631
55,7636
39,7637
33,7642
30,7643
46,7644
37,7649
39,7649
27,7656
58,7657
23,7659
3,7660
15,7660
5,7661
60,7662
5,7663
31,7663
59,7666
4,7667
8,7668
38,7669
45,7669
20,7671
32,7671
36,7671
30,7672
36,7672
3,7673
50,7675
4,7676
17,7677
43,7678
33,7679
29,7682
45,7683
10,7688
42,7689
57,7691
3,7693
5,7694
58,7695
5,7696
4,7698
50,7698
3,7699
4,7700
25,7700
59,7700
14,7702
26,7702
35,7705
13,7709
18,7709
30,7710
12,7712
56,7713
46,7716
49,7716
18,7719
53,7719
1,7720
1,7721
2,7721
42,7721
2,7723
44,7723
1,7724
10,7725
24,7726
32,7727
35,7727
2,7728
15,7729
26,7729
2,7730
36,7733
49,7733
55,7734
40,7735
13,7738
19,7739
15,7740
50,7740
60,7742
59,7744
32,7750
30,7751
3,7752
4,7755
37,7755
42,7755
5,7756
3,7757
40,7757
9,7759
5,7761
1,7763
41,7763
4,7764
2,7766
7,7766
1,7767
2,7768
48,7768
1,7769
2,7770
16,7774
57,7777
36,7778
45,7778
37,7779
59,7783
15,7784
52,7784
15,7785
36,7786
57,7787
1,7788
37,7788
2,7789
45,7789
1,7790
1,7791
2,7794
2,7795
3,7796
29,7797
5,7798
4,7800
58,7801
50,7802
5,7803
49,7804
31,7805
4,7807
30,7808
3,7809
41,7810
14,7814
23,7814
33,7816
3,7817
5,7819
4,7820
45,7820
5,7821
4,7824
60,7825
3,7825
18,7825
13,7827
46,7828
43,7830
15,7832
41,7832
52,7832
11,7833
34,7834
33,7835
45,7835
15,7836
19,7836
35,7836
6,7838
39,7838
11,7839
46,7840
22,7842
50,7842
6,7843
55,7845
31,7848
46,7853
11,7855
1,7856
35,7856
2,7857
1,7858
2,7860
28,7860
35,7860
18,7862
42,7862
51,7863
40,7864
17,7865
25,7865
1,7866
2,7867
19,7874
15,7875
26,7875
41,7877
11,7878
59,7879
18,7880
40,7880
51,7883
58,7883
47,7886
40,7887
7,7888
46,7889
57,7891
11,7892
7,7895
56,7895
42,7901
56,7903
12,7908
6,7909
38,7910
49,7910
15,7912
30,7912
38,7912
49,7915
3,7920
39,7920
4,7921
3,7922
26,7922
41,7922
4,7926
38,7926
5,7927
5,7929
59,7929
12,7930
51,7930
36,7937
24,7938
30,7938
33,7938
52,7939
57,7940
28,7943
45,7943
50,7943
11,7944
8,7947
23,7948
34,7952
18,7954
32,7958
26,7959
13,7960
14,7960
26,7964
33,7974
31,7975
20,7976
15,7977
32,7978
58,7978
53,7979
30,7987
1,7988
58,7990
45,7991
55,7991
16,7992
14,7993
33,7993
50,7993
19,7994
2,7996
1,7997
12,7997
16,7997
13,7999
53,7999
3,8000
2,8001
5,8001
1,8002
4,8002
7,8003
34,8003
35,8003
2,8004
4,8004
17,8004
37,8004
3,8005
46,8005
7,8007
5,8008
23,8010
43,8011
42,8012
8,8018
58,8020
21,8022
52,8027
41,8029
9,8030
42,8032
16,8036
60,8037
22,8037
23,8037
52,8038
38,8039
25,8041
3,8042
58,8042
4,8044
3,8046
5,8047
37,8048
42,8048
4,8050
10,8051
5,8053
20,8057
7,8061
33,8065
39,8065
57,8068
45,8073
51,8075
29,8079
43,8082
53,8082
24,8083
19,8087
23,8087
47,8091
20,8092
29,8094
39,8095
53,8096
44,8098
51,8099
22,8104
1,8115
32,8116
1,8117
57,8117
2,8118
41,8119
2,8120
1,8122
36,8122
57,8122
8,8124
2,8125
35,8128
28,8129
51,8129
53,8129
52,8131
55,8133
56,8133
3,8135
27,8136
2,8137
4,8137
18,8138
19,8138
50,8138
51,8138
52,8138
5,8139
58,8139
3,8140
4,8141
58,8141
5,8142
36,8142
1,8144
1,8145
17,8145
15,8146
2,8147
1,8149
2,8150
2,8151
1,8157
9,8157
16,8157
1,8158
36,8160
16,8161
2,8162
1,8163
13,8163
2,8164
2,8165
51,8166
53,8168
30,8169
35,8172
31,8173
3,8175
16,8175
4,8176
3,8177
5,8178
41,8178
20,8179
5,8181
10,8181
1,8182
4,8182
6,8182
2,8184
20,8185
1,8186
32,8186
2,8187
17,8187
1,8188
2,8189
42,8191
7,8193
18,8193
47,8193
32,8194
42,8202
39,8204
47,8206
36,8207
9,8209
14,8210
58,8210
57,8212
3,8215
5,8216
27,8217
4,8220
32,8221
5,8222
33,8222
4,8224
3,8226
39,8226
34,8232
21,8233
19,8234
34,8234
18,8237
20,8237
12,8240
45,8240
29,8241
58,8244
28,8245
56,8245
30,8246
42,8246
56,8250
31,8251
36,8252
60,8253
20,8255
49,8256
1,8257
31,8257
50,8257
2,8258
1,8259
41,8259
2,8261
35,8261
23,8263
1,8264
2,8265
7,8267
15,8267
11,8274
30,8278
60,8279
21,8279
53,8283
25,8287
36,8290
15,8292
15,8293
3,8294
1,8295
5,8295
4,8296
22,8297
4,8298
51,8298
5,8299
10,8299
3,8300
6,8301
2,8302
1,8303
1,8304
45,8304
2,8305
35,8305
53,8307
38,8308
2,8310
40,8311
15,8314
11,8315
41,8318
53,8319
10,8322
12,8324
32,8326
48,8326
54,8326
10,8328
52,8333
57,8333
60,8335
20,8336
33,8336
52,8337
59,8337
30,8338
38,8342
51,8343
56,8343
21,8347
22,8348
25,8348
15,8353
57,8353
46,8354
29,8355
2,8358
3,8359
15,8359
4,8360
7,8361
20,8361
45,8361
3,8362
4,8363
5,8364
9,8364
5,8365
19,8368
48,8368
52,8370
46,8371
22,8372
53,8374
42,8379
60,8383
14,8384
41,8385
25,8386
48,8386
35,8390
10,8391
19,8391
29,8393
44,8394
27,8396
11,8397
54,8397
31,8401
17,8402
33,8402
11,8404
6,8405
60,8407
31,8407
28,8408
55,8409
60,8411
25,8411
10,8412
45,8412
52,8412
7,8414
48,8418
55,8418
17,8421
16,8424
20,8430
32,8430
26,8432
1,8434
50,8434
6,8435
1,8436
48,8436
26,8437
16,8438
42,8438
16,8439
2,8441
1,8443
3,8443
12,8443
2,8445
2,8446
5,8446
4,8447
13,8447
5,8448
3,8449
19,8449
54,8454
56,8454
7,8455
4,8456
5,8456
18,8456
16,8459
47,8462
56,8462
32,8463
51,8466
33,8469
22,8472
17,8473
26,8473
37,8473
23,8474
37,8474
28,8476
31,8477
34,8478
6,8480
27,8487
45,8489
44,8491
1,8492
20,8492
7,8493
2,8494
1,8495
44,8495
2,8497
3,8503
1,8504
6,8504
41,8504
2,8505
5,8505
5,8506
6,8506
4,8508
43,8508
4,8509
1,8510
34,8510
3,8512
36,8512
2,8513
1,8514
1,8516
46,8517
2,8518
19,8518
21,8518
11,8520
21,8521
39,8522
10,8524
44,8524
2,8525
47,8526
53,8529
6,8531
26,8535
42,8536
56,8536
2,8537
55,8537
26,8541
42,8542
50,8542
59,8546
41,8548
57,8549
25,8551
9,8552
3,8554
4,8556
44,8558
4,8559
58,8559
5,8560
29,8560
41,8560
44,8561
1,8563
3,8563
2,8564
5,8564
11,8564
51,8564
1,8565
2,8567
10,8567
1,8569
2,8571
9,8572
24,8572
23,8574
49,8576
58,8576
14,8578
1,8579
49,8579
1,8580
2,8581
21,8581
32,8581
1,8582
7,8582
24,8583
41,8585
2,8586
2,8587
33,8587
60,8591
58,8591
36,8593
39,8596
38,8601
46,8602
18,8603
59,8603
59,8605
14,8606
18,8606
10,8607
11,8608
13,8608
21,8609
28,8610
10,8613
1,8616
55,8618
54,8620
1,8623
2,8626
16,8626
1,8627
39,8627
1,8629
60,8631
2,8632
2,8633
50,8634
6,8637
36,8637
15,8643
43,8645
28,8646
40,8647
28,8648
28,8649
32,8650
13,8651
59,8651
8,8655
15,8655
14,8658
7,8659
57,8659
57,8660
3,8662
60,8663
4,8664
58,8664
5,8665
5,8668
20,8669
3,8670
23,8670
4,8672
27,8673
43,8673
41,8676
9,8677
13,8679
3,8684
23,8685
50,8685
4,8687
59,8687
3,8688
5,8690
4,8691
14,8691
54,8692
5,8693
31,8693
3,8695
50,8695
4,8698
22,8698
39,8698
1,8699
5,8699
15,8699
39,8699
4,8701
5,8703
38,8703
3,8704
57,8704
51,8708
20,8714
33,8714
47,8714
43,8715
7,8717
18,8718
3,8719
39,8719
58,8720
4,8721
56,8722
53,8723
5,8724
7,8724
11,8724
4,8725
5,8726
15,8726
17,8726
53,8729
3,8730
47,8730
37,8731
51,8733
8,8735
38,8736
22,8740
27,8740
28,8741
13,8745
37,8746
41,8749
6,8750
33,8750
39,8756
26,8757
19,8758
35,8760
46,8762
10,8765
55,8766
1,8770
2,8771
1,8772
1,8773
10,8773
2,8774
2,8779
32,8779
30,8780
54,8780
1,8786
34,8786
6,8787
55,8788
55,8789
11,8797
18,8797
1,8799
1,8801
49,8801
2,8802
31,8802
1,8803
42,8803
2,8804
2,8806
28,8811
60,8812
6,8814
39,8814
39,8817
1,8818
33,8818
1,8819
9,8822
42,8824
41,8825
2,8826
57,8826
44,8827
59,8827
2,8828
29,8830
1,8831
26,8832
2,8833
57,8836
8,8842
46,8845
21,8846
3,8847
19,8847
26,8847
22,8848
5,8850
4,8851
5,8852
3,8853
9,8853
7,8854
58,8856
4,8858
1,8859
27,8859
3,8861
5,8862
38,8862
1,8863
4,8863
3,8864
40,8864
2,8866
53,8866
5,8867
2,8868
4,8868
1,8869
29,8869
37,8871
42,8873
3,8874
51,8874
60,8875
2,8875
50,8875
48,8880
5,8882
4,8883
49,8883
5,8884
4,8886
3,8887
24,8887
26,8893
9,8898
34,8900
57,8904
17,8905
17,8909
26,8911
38,8912
7,8914
16,8914
49,8914
21,8915
35,8916
1,8917
49,8917
44,8919
2,8920
1,8921
14,8921
2,8922
1,8923
2,8925
42,8928
13,8930
18,8930
41,8932
11,8933
4,8934
13,8935
19,8935
3,8941
36,8941
5,8943
4,8944
54,8944
4,8945
1,8946
5,8946
2,8947
1,8948
1,8949
2,8950
2,8951
3,8951
23,8951
31,8952
6,8953
37,8953
3,8954
51,8954
4,8956
33,8956
3,8958
4,8959
37,8960
16,8961
26,8961
26,8962
5,8963
59,8963
5,8964
14,8964
31,8964
7,8965
30,8965
49,8968
1,8969
2,8970
24,8970
1,8971
51,8971
43,8972
1,8973
2,8975
2,8976
19,8976
22,8978
26,8979
54,8979
10,8980
9,8984
10,8984
39,8986
32,8990
34,8990
3,8991
55,8993
57,8995
1,8996
1,8997
47,8997
2,8999
7,8999
15,8999
1,9000
8,9000
54,9000
2,9001
5,9001
11,9002
20,9002
57,9002
4,9003
16,9003
21,9003
2,9004
36,9006
3,9007
22,9007
35,9007
4,9008
5,9010
47,9010
40,9011
59,9014
37,9015
40,9015
28,9016
34,9019
35,9019
39,9019
14,9020
39,9023
49,9023
37,9024
3,9025
4,9026
10,9026
5,9027
3,9029
4,9031
5,9032
34,9034
47,9034
48,9035
58,9036
15,9038
29,9045
36,9048
53,9049
26,9051
12,9052
23,9054
37,9054
43,9054
14,9057
11,9058
55,9060
28,9061
22,9064
51,9064
47,9068
31,9069
45,9069
50,9069
7,9072
53,9076
38,9079
58,9080
14,9083
36,9083
59,9083
16,9085
15,9087
39,9088
14,9093
31,9093
16,9095
14,9096
18,9096
56,9098
23,9099
41,9099
29,9103
37,9104
16,9105
33,9106
42,9106
44,9111
17,9112
26,9113
16,9118
49,9118
18,9119
41,9119
43,9120
15,9122
19,9122
55,9122
24,9123
14,9128
53,9128
55,9129
28,9130
30,9131
17,9134
52,9135
3,9136
5,9138
59,9138
47,9139
4,9140
4,9141
3,9142
36,9142
5,9143
20,9145
40,9147
42,9148
43,9149
3,9150
30,9150
4,9151
5,9152
3,9153
9,9153
52,9153
55,9153
5,9154
4,9155
58,9157
54,9158
59,9158
57,9159
19,9162
33,9162
59,9163
3,9165
52,9166
4,9167
23,9168
1,9170
5,9170
4,9172
5,9173
55,9174
51,9175
58,9175
3,9176
6,9176
27,9177
54,9177
14,9178
10,9179
51,9180
56,9180
57,9181
8,9182
10,9184
3,9185
26,9185
4,9186
5,9187
5,9188
4,9189
46,9189
3,9190
50,9190
26,9191
31,9191
37,9191
39,9192
45,9192
17,9194
58,9194
48,9199
8,9200
36,9203
19,9205
47,9205
57,9205
32,9207
44,9208
31,9211
48,9216
46,9219
37,9220
49,9220
43,9221
30,9226
10,9227
22,9227
34,9229
53,9229
12,9230
13,9235
32,9235
48,9235
51,9235
27,9238
27,9239
34,9239
14,9244
40,9248
17,9253
9,9256
17,9256
47,9257
17,9259
31,9261
29,9262
53,9268
14,9273
49,9273
21,9275
39,9278
28,9280
9,9284
46,9288
23,9290
43,9295
60,9296
35,9296
22,9299
15,9300
38,9300
7,9304
50,9304
18,9306
12,9307
34,9308
16,9310
52,9311
58,9311
3,9312
8,9312
33,9312
4,9313
42,9313
6,9314
12,9315
15,9315
39,9317
33,9319
5,9320
16,9320
32,9320
57,9320
3,9321
49,9321
4,9322
5,9325
43,9330
49,9332
15,9335
28,9335
36,9337
21,9339
56,9340
6,9343
12,9346
1,9350
2,9351
57,9351
45,9352
1,9354
51,9355
55,9355
2,9356
20,9357
45,9357
1,9358
2,9359
37,9362
3,9363
4,9367
53,9367
40,9368
4,9370
5,9371
55,9371
5,9374
11,9374
25,9375
3,9378
26,9382
43,9383
49,9386
28,9387
42,9389
16,9393
21,9394
54,9394
57,9398
29,9399
36,9399
25,9401
1,9409
18,9409
17,9410
56,9411
2,9413
41,9413
45,9413
1,9414
2,9415
1,9416
16,9417
2,9419
50,9419
20,9420
20,9423
14,9424
46,9424
59,9424
17,9429
44,9430
13,9431
60,9432
8,9434
35,9434
43,9436
54,9437
60,9439
41,9440
52,9443
31,9445
7,9447
45,9451
53,9453
1,9454
54,9454
2,9456
56,9456
1,9457
26,9457
1,9459
2,9460
47,9460
56,9460
7,9461
2,9463
14,9464
32,9467
27,9468
51,9475
36,9476
24,9478
41,9478
30,9480
27,9481
58,9481
32,9482
58,9484
30,9485
43,9486
33,9487
6,9493
8,9502
20,9502
38,9502
8,9503
38,9503
40,9503
52,9504
1,9506
2,9507
1,9508
6,9510
46,9510
49,9510
2,9514
35,9514
32,9515
34,9515
1,9517
42,9517
53,9517
2,9519
8,9519
23,9520
6,9521
21,9522
29,9525
57,9527
34,9529
58,9531
12,9533
45,9533
53,9534
18,9535
51,9535
16,9538
51,9539
16,9540
58,9540
23,9543
24,9543
57,9545
45,9548
42,9549
23,9551
21,9552
9,9555
11,9555
25,9556
27,9557
9,9558
32,9559
50,9560
52,9561
56,9569
45,9572
17,9573
39,9576
26,9581
15,9583
36,9583
41,9584
58,9585
16,9586
48,9587
18,9588
58,9591
32,9593
54,9594
39,9595
13,9597
32,9597
6,9599
40,9601
47,9602
60,9604
24,9605
37,9608
38,9609
23,9616
36,9617
3,9619
39,9619
5,9620
56,9620
30,9622
4,9624
6,9624
59,9624
4,9627
3,9629
5,9630
19,9634
51,9634
38,9636
57,9636
29,9640
11,9641
38,9641
15,9643
44,9643
21,9644
46,9648
7,9653
18,9654
59,9655
24,9656
38,9658
59,9658
57,9659
7,9661
47,9663
41,9665
10,9666
32,9668
41,9673
12,9675
41,9676
10,9677
25,9677
6,9682
51,9686
16,9688
45,9690
37,9691
51,9691
23,9692
53,9692
17,9696
56,9696
20,9697
44,9697
39,9698
51,9698
24,9701
1,9708
25,9708
48,9709
2,9710
35,9710
1,9711
1,9712
3,9712
4,9713
30,9713
8,9714
54,9714
3,9715
23,9715
2,9716
4,9716
2,9717
5,9717
5,9718
1,9719
15,9719
1,9720
2,9721
50,9721
1,9722
2,9723
58,9723
2,9724
51,9724
9,9725
29,9725
23,9726
3,9727
33,9729
5,9730
49,9731
8,9732
37,9732
41,9732
7,9733
55,9733
4,9734
3,9735
5,9737
4,9740
13,9740
3,9743
9,9744
50,9744
5,9745
18,9745
4,9746
5,9747
33,9749
45,9749
4,9750
3,9751
49,9751
47,9752
37,9757
24,9759
29,9759
29,9762
31,9762
40,9763
6,9766
39,9766
26,9767
36,9767
45,9767
51,9776
38,9777
23,9779
3,9780
5,9782
50,9782
5,9783
4,9784
43,9784
38,9785
3,9787
4,9788
12,9791
52,9791
17,9793
17,9796
23,9796
32,9798
24,9800
16,9803
54,9803
46,9804
59,9804
49,9806
15,9809
17,9815
37,9816
42,9817
25,9818
19,9820
11,9822
35,9827
46,9829
9,9830
13,9832
8,9834
49,9836
21,9837
10,9844
48,9849
11,9850
58,9853
28,9855
59,9856
37,9858
58,9860
48,9863
55,9864
28,9867
29,9867
3,9870
4,9871
30,9871
5,9872
23,9873
3,9874
12,9874
32,9874
5,9878
15,9878
20,9878
4,9880
57,9881
6,9884
44,9886
8,9887
3,9890
5,9892
35,9894
40,9896
4,9897
33,9897
4,9898
14,9898
48,9900
1,9902
1,9903
5,9903
3,9904
2,9905
32,9905
1,9906
15,9907
2,9908
53,9910
3,9911
29,9911
2,9912
5,9913
60,9914
4,9915
50,9915
60,9916
5,9916
4,9919
37,9919
3,9920
30,9925
41,9927
9,9928
5,9932
49,9932
19,9935
3,9939
5,9940
4,9941
49,9943
4,9945
52,9945
27,9946
42,9946
37,9948
3,9950
38,9950
32,9951
5,9953
29,9953
44,9953
28,9957
43,9963
24,9964
40,9964
11,9965
19,9965
6,9966
41,9970
27,9971
28,9971
21,9972
59,9973
35,9974
54,9974
36,9975
22,9980
24,9982
55,9983
1,9991
14,9992
2,9993
59,9994
1,9997
14,9997
37,9998
40,9998
