6,1
1,3
1,4
2,5
3,7
47,7
2,8
4,9
5,10
41,10
1,11
4,11
55,11
5,12
48,12
2,13
3,14
28,19
36,20
13,22
19,24
40,29
50,29
16,30
52,31
7,33
54,33
56,34
50,36
41,37
57,37
8,38
10,38
53,38
59,39
6,48
48,48
18,49
21,49
52,49
59,51
24,55
59,55
1,56
3,58
29,58
5,60
47,60
2,61
4,62
49,62
1,63
5,63
2,64
3,64
4,65
25,65
3,66
7,66
42,66
1,67
50,67
2,68
1,69
8,69
29,69
32,70
33,70
49,71
12,72
55,72
12,73
58,73
1,74
31,75
2,76
8,76
27,76
1,77
2,79
47,79
49,79
2,80
44,80
40,86
49,90
1,94
59,95
43,96
44,96
1,97
45,100
2,101
2,102
6,102
1,104
2,105
29,105
34,111
3,114
49,115
5,120
4,121
53,121
4,123
5,124
11,126
28,126
3,127
4,128
31,133
3,134
5,135
5,136
4,137
50,139
4,140
46,140
49,140
11,141
35,141
3,143
55,144
20,148
41,148
11,150
26,150
10,152
30,154
31,154
31,155
32,155
46,155
28,159
29,163
1,164
1,165
9,165
2,166
45,166
3,167
1,168
5,168
55,168
2,169
5,170
51,170
2,171
4,171
3,172
35,172
1,175
4,175
1,176
54,176
45,177
3,178
28,178
4,179
2,180
4,180
19,181
2,182
3,182
1,183
17,183
5,185
34,186
5,188
11,188
33,188
47,188
2,190
42,193
39,195
47,197
9,199
50,200
50,203
59,205
1,207
16,207
2,208
1,209
52,209
2,210
41,210
50,210
1,211
43,211
2,213
24,213
3,217
7,217
59,218
5,219
26,219
4,220
4,221
13,222
1,223
5,223
12,223
32,223
2,224
3,224
1,225
1,227
25,227
10,229
33,229
2,231
2,232
6,232
16,237
30,241
9,243
15,243
44,243
3,245
5,248
4,250
47,250
3,251
4,252
9,252
6,253
54,253
14,254
32,254
6,255
1,256
5,256
1,258
2,259
26,260
57,260
2,261
3,263
5,264
22,265
1,266
4,266
34,267
4,268
11,268
57,269
2,270
3,270
15,270
32,270
5,271
47,271
13,272
17,272
3,275
24,275
1,276
3,276
13,276
53,276
5,279
4,280
3,281
1,282
42,282
2,283
4,283
1,284
5,284
1,285
6,286
2,287
2,288
41,289
6,294
13,294
13,296
52,296
54,297
8,298
59,298
7,307
14,307
30,307
58,309
13,311
41,311
43,311
1,312
15,312
1,313
2,316
2,317
43,317
19,318
26,318
36,318
1,319
2,320
22,320
34,320
1,321
3,321
51,321
52,321
2,322
12,323
1,324
2,325
32,325
5,326
5,327
1,329
4,329
2,330
3,331
4,332
15,333
51,333
10,335
9,340
41,341
58,341
16,343
9,344
56,344
10,347
45,347
16,351
33,353
1,355
2,357
3,357
45,357
1,358
13,358
36,358
1,359
5,359
2,360
2,361
5,361
4,362
10,362
20,363
3,365
4,367
35,367
46,367
27,368
26,369
59,370
22,372
12,375
8,378
20,378
14,379
7,383
51,383
16,385
21,387
6,388
27,389
3,391
20,391
4,392
3,395
5,396
13,397
2,399
4,399
6,401
5,402
6,406
3,409
13,409
14,409
58,409
1,410
1,411
5,412
2,413
5,413
43,413
1,414
4,414
2,415
3,415
4,416
2,417
35,418
42,421
47,422
41,424
21,425
40,428
1,435
58,435
2,436
1,437
2,438
1,439
13,439
2,442
57,442
18,443
15,444
22,444
52,447
4,448
7,449
1,451
56,451
1,452
26,452
47,452
2,453
1,454
8,454
2,455
58,455
2,457
54,457
40,458
9,462
28,462
45,466
55,468
59,469
16,470
15,472
45,472
59,472
3,475
5,476
11,478
1,479
48,479
1,480
4,480
2,481
2,482
4,482
3,484
1,485
2,486
5,486
42,486
46,494
12,497
1,498
24,500
1,501
2,502
27,502
1,505
20,505
60,506
60,509
2,509
50,511
16,512
2,513
8,514
3,517
5,518
31,518
4,519
5,519
4,520
3,521
23,521
5,522
49,522
18,524
58,524
23,525
15,526
35,526
20,527
58,527
24,528
39,528
26,529
38,530
22,533
18,536
30,537
20,539
55,540
57,542
57,543
43,546
55,546
58,548
20,549
57,552
20,553
23,555
32,557
59,557
6,558
3,559
5,560
4,561
51,561
16,562
47,562
5,563
40,563
4,564
34,565
3,566
54,566
45,567
3,570
28,570
4,571
38,571
5,572
32,573
3,574
5,575
4,576
31,576
47,579
52,579
9,580
45,581
44,583
33,587
49,589
40,593
7,595
1,597
1,599
2,600
1,601
19,601
3,603
2,604
5,605
2,606
4,607
3,608
13,608
20,608
59,608
5,609
4,610
54,612
20,613
9,614
23,614
37,614
1,615
29,615
16,616
1,617
2,618
54,619
2,620
1,622
27,622
30,622
34,622
2,623
1,624
29,630
40,633
48,634
11,635
45,635
49,639
48,641
15,647
4,649
48,649
50,649
17,651
23,654
42,654
60,656
3,657
17,657
5,658
46,659
4,660
18,660
50,660
3,661
38,661
53,661
5,662
4,663
1,666
1,667
2,668
49,669
1,670
49,670
2,671
2,672
17,673
1,675
10,675
26,675
44,676
1,678
14,678
17,678
2,679
12,679
24,679
44,679
2,680
1,681
2,682
40,682
53,682
34,684
3,685
47,685
5,686
4,688
3,689
46,689
19,690
5,691
4,692
52,692
23,697
49,697
1,699
59,699
8,706
54,706
1,708
45,708
2,709
31,710
2,711
10,712
40,713
1,716
2,717
60,718
23,720
35,720
18,725
34,725
50,726
58,727
34,729
28,731
44,732
45,732
7,733
58,733
3,734
7,734
4,735
30,736
5,739
38,739
47,739
59,739
3,740
5,741
46,741
58,741
60,743
4,743
1,746
1,747
37,748
2,749
54,749
1,750
33,750
3,751
25,751
4,752
2,753
2,754
5,754
42,754
3,756
57,756
4,757
36,758
5,759
21,760
21,761
54,761
53,762
3,764
58,764
35,770
39,771
31,773
41,773
59,773
12,778
60,784
30,784
47,784
35,785
12,790
16,793
17,799
38,802
13,805
17,806
45,806
1,807
5,807
12,807
2,808
3,808
1,809
1,810
2,810
5,810
1,811
15,811
30,811
60,812
2,812
4,812
12,812
31,813
4,815
5,816
21,816
3,817
37,821
60,825
17,825
34,828
6,830
23,830
1,833
1,834
16,835
23,835
2,836
48,836
51,837
2,838
1,839
2,840
42,840
11,842
8,844
44,845
28,851
38,852
42,853
1,854
28,854
46,855
2,856
1,857
2,858
1,860
44,860
23,861
36,861
2,862
3,863
4,865
27,865
5,866
19,866
4,867
40,869
5,870
38,871
46,871
3,872
25,875
50,875
1,878
2,881
1,882
21,882
31,882
41,884
32,885
54,886
1,887
24,887
41,887
52,887
2,889
2,890
12,891
44,891
3,894
48,894
4,895
37,895
3,896
5,897
6,897
52,900
5,901
14,901
4,902
30,905
44,906
1,908
19,908
29,908
2,909
44,909
1,910
52,911
1,912
2,913
2,914
46,914
20,916
29,917
43,918
58,919
57,920
42,921
24,923
53,924
33,925
31,926
1,927
2,929
1,930
46,931
29,932
2,933
34,933
1,935
3,935
41,935
4,936
4,937
16,937
3,938
2,939
5,939
5,940
49,940
1,941
1,942
2,943
16,943
1,944
2,945
39,945
2,947
12,948
12,950
2,952
58,953
39,956
42,958
58,970
18,974
20,974
6,977
21,977
59,978
8,980
27,983
6,990
31,990
47,991
22,994
54,995
36,999
53,1001
28,1002
53,1003
53,1004
55,1005
44,1006
54,1009
24,1011
24,1013
47,1013
18,1014
3,1018
4,1019
26,1019
5,1022
4,1023
47,1023
29,1024
54,1024
5,1025
3,1027
1,1028
2,1029
1,1030
3,1030
52,1030
60,1031
4,1031
35,1031
1,1033
50,1033
60,1034
2,1035
3,1035
2,1036
4,1036
5,1037
16,1041
13,1042
17,1042
5,1043
36,1044
1,1046
1,1047
60,1048
2,1049
1,1050
23,1050
2,1051
2,1053
37,1053
6,1054
51,1054
52,1055
17,1058
53,1060
7,1063
52,1067
1,1069
3,1072
2,1073
5,1073
4,1074
40,1074
3,1075
4,1076
37,1077
1,1078
1,1079
5,1080
2,1081
3,1081
2,1082
4,1082
4,1083
1,1084
3,1084
5,1085
24,1085
2,1086
5,1086
10,1086
1,1087
57,1087
15,1088
21,1088
31,1089
45,1089
1,1090
2,1091
17,1091
30,1091
2,1093
19,1094
1,1099
2,1100
35,1100
26,1102
1,1104
1,1106
7,1106
2,1108
20,1108
2,1109
20,1109
27,1112
7,1116
22,1116
47,1116
16,1117
51,1117
7,1118
16,1119
56,1122
26,1124
56,1126
20,1127
37,1127
18,1128
40,1129
11,1132
13,1132
22,1132
14,1133
47,1134
30,1135
32,1136
32,1137
33,1137
1,1140
2,1141
10,1141
1,1142
1,1145
13,1146
54,1146
60,1149
2,1149
50,1149
2,1150
14,1152
54,1153
15,1154
58,1154
14,1156
16,1156
9,1159
21,1159
36,1159
50,1161
3,1162
6,1162
56,1163
41,1164
27,1167
5,1169
5,1170
4,1171
11,1171
59,1174
4,1175
3,1176
48,1176
59,1178
3,1180
7,1180
32,1180
4,1183
3,1185
17,1185
23,1185
57,1186
60,1187
26,1187
5,1188
6,1189
4,1190
59,1191
5,1193
27,1194
12,1200
51,1201
6,1203
58,1203
58,1209
34,1211
54,1211
3,1213
43,1214
4,1215
3,1216
5,1218
8,1218
27,1218
29,1218
5,1219
27,1219
4,1220
28,1220
47,1220
21,1222
3,1225
4,1227
5,1229
5,1230
4,1231
22,1232
3,1233
35,1234
32,1236
47,1238
51,1238
29,1240
32,1244
36,1244
33,1249
60,1250
3,1253
42,1253
4,1255
4,1257
21,1257
31,1257
33,1257
44,1257
1,1258
47,1258
51,1258
1,1260
3,1260
4,1261
5,1262
30,1262
45,1262
2,1263
5,1263
1,1264
2,1265
59,1265
2,1266
48,1266
3,1272
22,1273
4,1274
25,1274
3,1275
35,1275
44,1275
54,1276
5,1277
5,1279
4,1281
55,1281
15,1282
47,1282
47,1283
53,1283
25,1284
26,1286
17,1288
59,1289
3,1290
48,1290
4,1292
21,1292
5,1293
59,1293
4,1294
5,1295
3,1296
17,1299
51,1299
43,1300
49,1301
24,1305
27,1308
37,1310
9,1312
15,1312
1,1315
1,1317
2,1318
13,1318
1,1320
23,1320
2,1321
2,1322
21,1322
15,1324
33,1324
33,1325
38,1325
3,1328
9,1328
1,1329
4,1329
5,1330
2,1331
5,1331
3,1332
17,1333
1,1334
52,1334
4,1335
2,1336
1,1337
2,1338
27,1340
3,1341
39,1341
4,1342
5,1343
36,1343
4,1345
3,1346
5,1347
45,1349
3,1350
17,1354
20,1354
3,1356
44,1356
8,1357
5,1358
1,1359
4,1360
1,1361
28,1361
3,1362
48,1362
2,1363
5,1363
8,1363
2,1364
16,1364
1,1365
2,1366
59,1367
35,1368
4,1369
58,1371
19,1375
60,1376
43,1377
3,1380
4,1381
24,1381
5,1383
30,1383
3,1384
5,1385
4,1386
9,1387
25,1388
33,1390
33,1398
28,1399
36,1399
31,1401
60,1403
50,1403
10,1409
22,1415
1,1417
16,1417
2,1418
1,1419
6,1419
14,1419
1,1420
41,1420
2,1422
2,1424
56,1424
21,1425
58,1430
27,1431
23,1432
52,1433
35,1434
49,1434
42,1437
58,1437
42,1439
18,1440
14,1443
8,1444
1,1445
25,1445
55,1445
2,1447
51,1447
21,1448
1,1449
40,1449
2,1450
33,1450
34,1450
1,1451
2,1452
3,1453
48,1453
51,1453
55,1454
5,1455
30,1455
4,1456
56,1456
3,1457
13,1457
23,1458
31,1458
42,1458
4,1459
18,1460
5,1461
20,1461
3,1466
25,1466
43,1466
5,1467
4,1468
18,1468
41,1469
5,1470
4,1473
31,1473
34,1473
55,1473
3,1474
49,1474
1,1476
1,1477
7,1477
39,1478
2,1479
36,1479
2,1480
19,1480
1,1481
2,1482
22,1482
31,1483
40,1486
45,1489
52,1489
50,1491
26,1499
60,1502
56,1502
3,1504
38,1504
55,1504
27,1505
5,1507
4,1508
5,1509
3,1510
4,1511
36,1516
6,1517
54,1518
11,1523
47,1525
48,1525
31,1526
37,1526
49,1530
44,1531
16,1532
47,1532
8,1536
16,1536
1,1538
13,1539
9,1540
25,1540
19,1543
39,1547
28,1548
8,1550
21,1550
28,1550
30,1550
3,1553
10,1553
1,1554
4,1554
3,1555
8,1555
13,1555
57,1555
1,1556
4,1556
2,1557
5,1557
37,1557
1,1558
5,1558
34,1558
2,1559
6,1560
2,1562
24,1562
1,1565
1,1566
2,1567
10,1567
24,1567
30,1568
42,1568
1,1569
40,1569
2,1570
51,1572
21,1573
2,1574
3,1575
5,1576
58,1576
4,1577
48,1577
5,1578
27,1578
3,1579
36,1580
4,1581
16,1583
22,1583
54,1584
1,1591
21,1592
1,1593
32,1593
2,1594
1,1595
2,1596
2,1598
12,1601
10,1603
28,1603
31,1603
3,1606
4,1607
4,1608
3,1609
7,1610
24,1610
5,1611
5,1617
60,1620
41,1621
21,1622
59,1623
40,1624
4,1629
16,1631
35,1631
3,1636
6,1636
17,1636
54,1636
1,1637
28,1637
33,1637
3,1638
1,1639
4,1639
5,1640
2,1641
2,1643
5,1643
1,1644
3,1644
4,1645
2,1646
50,1649
60,1652
14,1652
37,1652
32,1654
3,1655
8,1655
25,1655
41,1655
57,1655
34,1657
1,1658
4,1658
2,1659
1,1660
33,1660
2,1661
39,1661
58,1661
1,1662
5,1662
51,1663
2,1664
3,1664
5,1665
4,1666
43,1666
13,1668
8,1670
34,1671
36,1672
36,1673
50,1677
18,1678
40,1680
27,1681
40,1682
37,1683
48,1684
32,1685
1,1687
3,1687
1,1688
2,1689
13,1689
4,1690
40,1690
2,1691
53,1691
4,1692
1,1693
2,1694
5,1694
3,1695
55,1695
5,1700
26,1701
35,1701
37,1703
40,1705
46,1706
45,1707
13,1716
59,1716
56,1717
2,1718
29,1718
5,1719
29,1719
48,1719
55,1719
11,1720
42,1720
29,1721
39,1722
10,1723
14,1723
57,1723
46,1724
50,1724
25,1728
38,1728
22,1729
26,1734
44,1736
53,1739
29,1741
3,1743
21,1743
22,1744
5,1745
4,1746
40,1746
4,1747
36,1747
46,1748
5,1749
52,1750
3,1751
5,1753
32,1753
1,1758
3,1760
5,1761
19,1761
30,1761
1,1762
5,1762
2,1763
46,1763
1,1764
58,1764
2,1765
4,1766
3,1767
34,1767
4,1768
2,1769
1,1770
3,1770
1,1771
4,1771
19,1772
2,1773
2,1774
3,1774
1,1775
4,1775
2,1777
5,1777
35,1778
5,1779
16,1781
12,1783
23,1784
49,1786
27,1791
33,1792
1,1793
1,1794
3,1794
21,1794
29,1794
51,1794
2,1795
5,1795
1,1796
5,1796
2,1797
4,1797
19,1797
22,1797
2,1798
3,1798
46,1798
52,1799
58,1799
4,1802
18,1802
52,1805
27,1810
50,1811
42,1814
6,1815
38,1816
20,1818
1,1819
2,1820
1,1823
2,1824
19,1824
22,1824
1,1825
25,1825
58,1825
59,1825
2,1827
21,1828
27,1828
19,1831
29,1835
51,1836
19,1838
32,1839
52,1839
1,1843
18,1843
1,1845
3,1845
2,1846
4,1846
1,1847
47,1848
49,1848
3,1849
24,1849
2,1850
4,1851
16,1852
5,1853
22,1853
2,1854
5,1854
31,1855
4,1856
36,1857
46,1857
57,1859
11,1860
3,1861
4,1862
37,1862
4,1863
18,1864
31,1864
7,1865
25,1865
36,1865
5,1866
56,1866
3,1867
5,1868
1,1869
20,1869
1,1870
2,1871
2,1872
1,1874
2,1876
13,1878
36,1878
36,1882
18,1885
3,1888
4,1889
20,1890
4,1891
5,1892
3,1893
5,1894
23,1900
42,1900
42,1902
58,1902
54,1904
12,1905
55,1905
52,1906
1,1907
45,1907
1,1908
2,1909
2,1910
1,1911
59,1911
2,1912
3,1914
17,1914
14,1915
55,1916
5,1917
1,1918
3,1918
27,1918
4,1920
16,1920
2,1921
5,1921
6,1921
20,1921
60,1922
3,1922
18,1922
4,1923
31,1923
1,1924
59,1924
18,1925
2,1926
34,1926
1,1927
2,1928
33,1928
58,1929
26,1931
57,1931
1,1932
10,1933
2,1934
45,1934
1,1935
2,1936
45,1936
1,1938
7,1938
2,1939
39,1939
47,1940
54,1941
34,1943
1,1944
1,1945
2,1947
11,1948
51,1948
1,1950
19,1950
24,1952
31,1953
2,1954
2,1955
33,1955
9,1956
41,1957
13,1959
16,1960
39,1960
2,1969
16,1972
27,1978
33,1978
3,1980
14,1980
4,1981
5,1983
22,1983
41,1983
4,1984
13,1984
23,1984
5,1985
1,1986
3,1986
1,1987
57,1987
8,1988
2,1989
2,1992
42,1992
1,1993
2,1994
17,1994
22,1995
36,1996
60,2000
22,2000
45,2000
57,2000
1,2007
12,2007
1,2008
7,2008
44,2009
3,2011
38,2012
2,2013
2,2014
1,2015
24,2015
2,2016
59,2016
18,2018
60,2019
54,2019
45,2020
1,2022
7,2023
1,2024
23,2025
26,2025
51,2025
2,2026
1,2027
35,2027
43,2028
3,2029
23,2029
5,2030
2,2031
2,2032
4,2032
13,2033
35,2033
4,2034
3,2035
5,2036
35,2039
40,2039
3,2045
5,2047
5,2048
11,2048
34,2048
4,2049
22,2049
47,2050
3,2052
4,2053
55,2053
8,2054
10,2057
15,2057
17,2057
26,2057
40,2062
60,2065
1,2065
2,2066
50,2066
1,2067
1,2068
50,2068
2,2069
2,2070
52,2075
22,2076
42,2078
9,2079
40,2080
44,2081
30,2083
58,2086
25,2094
48,2096
20,2097
11,2099
44,2100
39,2102
48,2103
3,2105
4,2106
21,2106
22,2106
30,2106
48,2106
1,2107
3,2107
2,2108
4,2108
1,2109
5,2109
2,2110
5,2111
29,2111
37,2111
1,2112
2,2113
3,2114
4,2115
3,2116
4,2117
5,2118
50,2118
5,2119
38,2119
55,2121
52,2125
8,2127
40,2127
47,2130
3,2131
37,2131
4,2132
15,2132
4,2133
42,2134
3,2135
59,2135
5,2136
1,2138
5,2138
1,2139
24,2139
2,2141
2,2142
1,2143
35,2143
5,2144
2,2145
3,2145
4,2146
34,2146
42,2146
46,2146
4,2148
1,2149
5,2149
2,2150
1,2151
2,2153
3,2153
28,2153
1,2154
54,2154
2,2155
53,2155
5,2156
3,2157
5,2158
41,2158
26,2159
5,2160
4,2161
31,2161
4,2162
40,2162
3,2163
35,2167
40,2170
46,2170
18,2172
36,2173
3,2175
41,2175
10,2176
4,2177
5,2178
28,2178
50,2178
19,2179
42,2179
4,2183
5,2184
3,2185
53,2189
3,2191
32,2191
59,2193
11,2194
5,2195
4,2196
21,2196
4,2197
60,2198
28,2198
34,2198
5,2199
3,2200
18,2201
33,2202
59,2203
3,2204
57,2204
20,2205
24,2206
4,2207
22,2207
42,2207
5,2209
3,2210
60,2211
5,2212
4,2213
38,2213
25,2218
11,2219
14,2223
26,2223
49,2227
36,2228
39,2229
42,2230
38,2231
1,2232
2,2233
1,2235
2,2236
26,2236
49,2236
1,2237
37,2238
41,2238
2,2239
3,2240
4,2241
5,2242
2,2243
4,2246
5,2247
38,2247
3,2249
1,2250
3,2250
2,2251
5,2252
4,2253
1,2254
3,2254
5,2255
1,2256
4,2256
2,2257
52,2257
2,2258
23,2259
23,2261
41,2262
47,2262
17,2268
11,2269
19,2269
46,2270
48,2271
1,2272
51,2272
2,2274
3,2274
40,2274
1,2275
4,2275
54,2275
2,2276
5,2276
17,2276
1,2278
4,2278
2,2280
3,2280
1,2281
50,2281
1,2282
5,2282
37,2282
2,2283
3,2283
60,2284
2,2285
37,2285
4,2286
1,2287
32,2287
5,2288
5,2289
17,2289
21,2289
3,2290
23,2290
51,2290
2,2291
4,2291
1,2296
45,2296
1,2297
32,2297
2,2298
41,2298
51,2301
2,2302
47,2302
18,2304
1,2306
2,2308
7,2315
11,2315
23,2315
1,2323
2,2326
1,2327
2,2329
24,2330
1,2332
41,2333
2,2334
17,2335
1,2336
56,2337
2,2338
3,2339
4,2340
55,2340
4,2341
1,2342
5,2342
19,2343
2,2344
5,2344
1,2345
3,2345
43,2345
2,2346
13,2346
21,2346
40,2350
49,2352
56,2356
24,2357
36,2360
36,2364
33,2365
3,2370
56,2371
37,2372
58,2372
10,2373
5,2374
30,2374
41,2374
5,2375
28,2375
36,2375
7,2376
4,2377
52,2377
4,2379
59,2379
3,2380
13,2380
40,2387
37,2391
26,2392
44,2394
60,2395
46,2395
10,2396
11,2396
19,2399
30,2400
27,2403
60,2404
47,2404
3,2405
28,2405
5,2407
13,2407
5,2408
25,2408
35,2408
4,2409
42,2410
4,2411
3,2412
21,2413
7,2415
15,2415
1,2417
41,2417
2,2418
36,2418
1,2419
50,2419
1,2420
38,2420
2,2422
2,2424
48,2425
1,2428
1,2429
2,2433
50,2434
2,2435
1,2437
59,2437
20,2439
2,2440
53,2440
47,2442
24,2444
45,2444
23,2445
8,2446
50,2447
60,2448
57,2448
57,2449
57,2453
59,2454
48,2455
43,2456
1,2459
3,2463
4,2464
43,2464
52,2464
5,2466
22,2466
4,2467
57,2467
5,2468
47,2468
3,2469
54,2470
18,2471
23,2472
55,2472
25,2473
26,2475
1,2482
26,2482
21,2484
57,2484
2,2485
1,2486
2,2487
19,2487
1,2488
34,2488
2,2489
29,2491
8,2492
37,2494
3,2495
8,2495
9,2495
27,2497
33,2497
18,2499
34,2501
31,2503
22,2504
7,2506
20,2510
56,2512
7,2516
45,2517
45,2518
33,2519
47,2519
9,2526
34,2527
29,2528
35,2528
45,2529
1,2530
1,2531
48,2531
2,2534
2,2535
1,2537
2,2539
60,2540
51,2540
55,2541
1,2542
1,2543
47,2543
2,2544
59,2544
1,2545
22,2546
59,2547
2,2548
23,2549
44,2549
27,2550
60,2551
2,2552
7,2552
13,2555
7,2556
47,2556
57,2556
51,2560
56,2566
26,2568
9,2570
7,2571
3,2572
4,2573
22,2573
3,2574
5,2575
5,2576
21,2576
59,2576
27,2577
4,2579
20,2581
46,2582
7,2583
14,2583
19,2585
54,2585
35,2586
1,2588
3,2588
4,2589
47,2589
56,2590
5,2591
2,2592
4,2592
23,2593
1,2594
3,2594
5,2595
1,2596
2,2597
2,2598
6,2598
32,2601
35,2602
34,2603
58,2603
52,2604
27,2607
54,2614
3,2615
5,2616
1,2618
42,2618
5,2619
10,2619
2,2620
4,2620
4,2621
1,2622
3,2622
2,2623
28,2623
1,2625
57,2626
2,2627
30,2627
29,2629
7,2634
25,2635
13,2639
41,2639
22,2641
1,2646
1,2647
38,2648
40,2648
2,2649
53,2649
2,2650
3,2650
1,2651
5,2651
4,2653
48,2654
2,2655
3,2655
4,2656
7,2656
5,2657
45,2657
47,2657
51,2657
29,2659
26,2660
37,2663
36,2664
10,2669
41,2669
3,2670
24,2670
5,2671
29,2671
4,2673
25,2674
4,2675
42,2675
3,2676
31,2676
59,2676
5,2677
32,2680
42,2684
20,2687
35,2687
30,2688
1,2690
24,2690
53,2690
2,2691
1,2693
1,2694
38,2694
2,2695
58,2695
2,2697
12,2702
24,2702
29,2702
1,2704
49,2704
27,2705
37,2705
47,2705
49,2705
1,2707
59,2707
2,2708
52,2708
3,2710
5,2711
26,2711
36,2712
37,2712
4,2713
44,2713
5,2714
28,2714
31,2714
1,2715
2,2716
2,2717
3,2717
27,2718
6,2719
47,2719
4,2720
49,2720
44,2723
31,2728
33,2728
50,2729
1,2730
1,2731
10,2732
2,2734
41,2735
1,2736
13,2736
2,2738
3,2738
2,2739
4,2739
5,2740
4,2741
3,2743
21,2744
5,2746
39,2746
8,2747
12,2748
55,2748
35,2751
46,2752
50,2752
23,2756
3,2757
4,2758
4,2759
5,2760
3,2761
5,2762
32,2762
60,2766
28,2768
16,2774
3,2775
54,2775
5,2776
43,2776
4,2777
3,2778
15,2778
57,2778
4,2779
33,2779
28,2781
5,2783
32,2784
38,2785
9,2787
21,2787
31,2789
18,2792
27,2792
3,2795
1,2796
4,2796
6,2796
31,2796
1,2797
3,2797
41,2797
4,2798
54,2798
5,2799
2,2800
5,2800
1,2802
34,2804
2,2805
36,2805
2,2806
17,2809
37,2811
50,2811
21,2812
30,2814
54,2817
58,2818
18,2821
43,2823
8,2825
33,2826
33,2827
56,2827
3,2831
5,2832
4,2833
3,2834
27,2835
28,2835
4,2836
5,2837
45,2837
23,2839
3,2841
33,2841
4,2842
51,2842
4,2843
38,2844
53,2845
3,2846
57,2846
5,2847
5,2848
53,2849
10,2850
35,2851
33,2852
44,2852
12,2853
59,2853
3,2855
20,2855
5,2856
52,2856
54,2856
59,2856
4,2858
38,2858
59,2858
5,2859
4,2862
55,2862
3,2863
1,2864
45,2864
47,2864
54,2864
1,2865
51,2865
60,2867
2,2867
1,2868
39,2868
41,2870
2,2871
2,2873
21,2877
12,2879
44,2881
11,2884
36,2885
12,2886
51,2886
11,2888
22,2888
32,2888
43,2889
7,2890
10,2890
28,2890
54,2890
49,2895
48,2897
8,2898
24,2898
48,2899
39,2905
21,2907
47,2907
9,2910
29,2910
22,2912
58,2912
44,2914
20,2917
26,2917
9,2919
59,2919
37,2922
34,2923
43,2923
16,2925
18,2928
25,2930
48,2930
25,2931
51,2931
19,2932
15,2936
18,2938
34,2938
48,2939
47,2943
58,2944
50,2945
13,2946
24,2947
47,2947
30,2948
25,2951
1,2954
1,2955
9,2955
33,2955
2,2957
27,2957
47,2957
2,2958
1,2959
49,2960
2,2961
34,2961
24,2962
59,2965
54,2970
27,2973
55,2973
6,2974
59,2982
25,2985
31,2985
32,2987
48,2987
18,2988
32,2991
13,2992
38,2992
32,2997
43,2998
14,3000
20,3002
45,3004
9,3005
51,3005
8,3011
21,3013
22,3013
13,3017
41,3017
18,3018
29,3019
16,3020
1,3024
53,3024
2,3026
43,3026
1,3027
1,3028
35,3028
2,3030
2,3031
55,3033
19,3034
25,3034
26,3034
43,3034
22,3036
20,3038
37,3039
28,3040
46,3040
52,3040
31,3042
19,3043
20,3044
27,3046
13,3047
43,3048
52,3052
50,3053
23,3055
24,3055
26,3055
50,3058
20,3061
55,3061
51,3062
3,3064
22,3064
5,3065
4,3066
21,3066
3,3067
13,3067
5,3069
4,3070
33,3071
7,3076
1,3080
2,3082
1,3083
54,3083
2,3084
1,3085
56,3086
2,3088
53,3089
37,3091
3,3092
41,3092
4,3093
4,3094
54,3094
3,3095
9,3095
5,3096
5,3098
55,3099
19,3100
55,3100
10,3102
55,3104
23,3107
47,3109
7,3112
1,3113
1,3115
23,3116
51,3116
2,3118
9,3118
1,3119
48,3119
2,3120
38,3121
2,3122
10,3123
40,3123
60,3125
20,3125
14,3126
51,3127
53,3128
3,3131
5,3132
4,3133
42,3133
4,3136
42,3136
5,3137
3,3138
45,3138
11,3141
47,3141
24,3142
38,3142
3,3143
44,3143
15,3146
14,3149
47,3151
43,3155
58,3156
12,3157
19,3158
54,3160
40,3162
52,3162
56,3164
35,3165
3,3166
5,3167
4,3168
29,3168
3,3169
37,3169
1,3170
2,3172
4,3172
5,3173
7,3175
6,3176
15,3176
23,3176
6,3178
52,3178
1,3179
8,3179
43,3179
7,3180
1,3182
48,3182
16,3183
54,3183
32,3184
48,3184
2,3185
9,3185
25,3185
2,3186
14,3188
47,3189
3,3190
20,3190
4,3191
5,3193
27,3194
44,3194
4,3195
60,3197
3,3197
5,3198
41,3200
42,3200
3,3201
8,3202
46,3202
10,3203
5,3204
4,3206
41,3206
3,3207
32,3207
4,3208
5,3209
26,3209
44,3214
9,3215
25,3215
11,3216
49,3217
1,3221
36,3221
2,3223
1,3225
14,3225
1,3227
12,3228
2,3229
21,3229
2,3230
31,3231
21,3232
45,3232
3,3235
16,3235
5,3236
4,3237
59,3237
4,3238
3,3239
5,3240
25,3242
38,3244
8,3248
26,3250
1,3251
21,3251
1,3252
2,3253
1,3256
48,3256
57,3256
2,3257
17,3257
1,3258
18,3258
2,3260
28,3260
32,3260
42,3260
6,3261
51,3261
6,3262
53,3262
49,3266
3,3269
19,3269
15,3270
5,3271
4,3272
28,3272
5,3273
43,3273
4,3274
3,3275
17,3275
36,3276
14,3279
3,3280
4,3281
3,3282
33,3282
49,3283
5,3284
14,3284
4,3286
33,3286
56,3286
5,3287
8,3291
24,3291
59,3291
10,3294
8,3295
31,3296
21,3297
11,3298
53,3303
3,3304
12,3304
24,3304
27,3304
35,3304
4,3305
14,3306
45,3307
3,3309
4,3310
5,3312
5,3313
45,3314
27,3315
3,3316
4,3318
5,3320
1,3321
1,3322
2,3323
3,3323
1,3324
4,3324
44,3325
5,3326
2,3327
52,3328
2,3329
24,3332
48,3333
45,3335
50,3335
13,3336
21,3338
23,3339
40,3342
3,3344
23,3344
4,3346
4,3347
1,3348
5,3348
5,3349
1,3350
2,3351
1,3352
3,3352
41,3352
2,3357
2,3359
16,3359
27,3359
19,3360
1,3361
26,3361
37,3361
55,3361
2,3362
1,3363
2,3364
1,3367
2,3369
45,3373
3,3374
42,3374
5,3376
37,3376
40,3377
4,3381
4,3382
17,3382
21,3382
3,3383
5,3384
14,3387
1,3391
37,3391
2,3392
30,3392
48,3392
1,3393
1,3394
30,3394
2,3396
41,3396
7,3397
2,3398
22,3399
49,3400
38,3402
1,3403
2,3404
25,3404
52,3404
1,3405
11,3405
8,3406
2,3407
3,3407
53,3407
1,3408
4,3408
2,3409
4,3409
17,3409
49,3409
49,3410
5,3411
14,3411
43,3412
5,3414
3,3416
17,3416
57,3416
45,3419
54,3419
16,3421
36,3422
58,3427
31,3428
36,3429
39,3431
48,3432
22,3433
35,3433
47,3433
58,3434
3,3437
4,3438
40,3438
5,3439
1,3440
5,3440
6,3440
30,3440
1,3441
4,3441
41,3441
2,3443
54,3444
2,3445
44,3445
59,3445
21,3447
27,3447
3,3448
1,3449
50,3449
52,3449
2,3451
1,3453
1,3454
2,3456
24,3456
54,3456
16,3458
2,3459
1,3461
2,3462
12,3463
45,3469
7,3472
50,3475
22,3479
7,3480
41,3480
40,3481
44,3481
1,3482
13,3482
51,3482
13,3483
2,3484
1,3485
1,3486
12,3486
29,3486
36,3486
2,3487
12,3488
2,3489
25,3489
42,3489
30,3490
34,3490
50,3490
37,3491
1,3492
2,3493
1,3494
58,3494
2,3495
42,3496
32,3499
1,3500
11,3501
41,3501
2,3502
24,3502
24,3504
59,3504
55,3506
3,3507
26,3507
4,3508
29,3508
58,3508
9,3510
4,3511
5,3514
5,3515
19,3516
41,3517
3,3518
1,3519
42,3520
40,3522
50,3522
1,3523
2,3524
53,3524
2,3525
44,3526
53,3526
52,3527
17,3528
18,3528
48,3528
1,3529
2,3530
41,3530
11,3532
53,3532
37,3536
48,3537
49,3538
40,3539
8,3541
50,3541
51,3542
42,3543
43,3544
20,3546
1,3547
23,3547
1,3548
24,3548
2,3550
3,3550
2,3551
5,3551
1,3552
4,3552
4,3553
38,3553
5,3554
50,3554
2,3555
58,3555
3,3556
30,3556
9,3557
32,3559
55,3559
18,3560
20,3560
36,3560
30,3561
47,3562
54,3562
20,3563
8,3566
41,3569
48,3569
6,3572
42,3573
16,3574
19,3575
50,3575
16,3577
11,3579
17,3579
33,3585
20,3587
42,3588
6,3589
22,3589
22,3590
53,3591
35,3593
3,3595
29,3595
4,3596
59,3596
5,3597
4,3598
53,3598
5,3599
36,3599
22,3600
3,3601
47,3601
3,3602
32,3603
51,3604
47,3605
4,3607
52,3607
11,3608
39,3608
5,3609
5,3610
1,3611
4,3611
2,3612
16,3612
55,3612
1,3613
3,3613
1,3615
25,3616
6,3617
21,3617
2,3618
5,3618
44,3618
2,3619
22,3620
42,3620
8,3622
26,3623
19,3626
48,3626
60,3631
50,3631
25,3633
36,3634
10,3635
19,3635
17,3636
3,3638
5,3640
4,3641
4,3642
1,3644
3,3644
32,3645
45,3645
5,3646
48,3648
49,3648
58,3650
22,3651
54,3651
49,3652
22,3653
17,3656
3,3657
4,3658
5,3659
59,3659
5,3660
54,3660
34,3662
3,3663
35,3664
51,3664
4,3665
35,3666
51,3669
60,3670
36,3670
9,3672
33,3672
57,3673
21,3675
33,3680
2,3681
8,3681
30,3681
17,3682
49,3685
17,3688
18,3689
15,3690
50,3690
45,3692
14,3694
1,3695
33,3695
1,3697
55,3697
2,3698
12,3698
2,3699
1,3700
2,3702
60,3710
20,3712
49,3718
29,3720
1,3721
17,3721
2,3723
41,3725
1,3726
1,3727
2,3728
3,3728
5,3730
4,3731
22,3732
2,3733
5,3735
4,3736
17,3736
51,3736
41,3737
3,3738
3,3742
18,3743
39,3743
9,3744
4,3746
33,3746
13,3747
5,3750
15,3750
40,3750
5,3751
11,3751
46,3751
49,3751
3,3752
4,3753
7,3756
18,3757
57,3757
16,3758
31,3759
19,3760
45,3760
3,3762
54,3762
14,3764
4,3765
5,3766
4,3767
33,3767
1,3768
5,3768
14,3768
15,3768
41,3768
2,3769
3,3769
23,3769
1,3770
53,3771
2,3772
1,3775
2,3776
45,3779
27,3782
52,3783
26,3784
50,3785
45,3786
22,3790
29,3791
31,3793
39,3796
26,3797
57,3797
52,3800
33,3807
18,3808
9,3809
18,3809
3,3810
4,3812
59,3812
5,3813
1,3814
5,3815
2,3816
1,3817
3,3817
29,3817
2,3818
4,3818
1,3819
50,3820
2,3821
57,3821
3,3823
5,3824
4,3825
6,3825
3,3826
5,3827
4,3828
15,3830
31,3831
3,3839
30,3839
5,3841
35,3841
36,3841
43,3841
4,3842
19,3842
33,3842
3,3843
5,3844
4,3845
49,3846
1,3848
34,3849
1,3850
46,3850
58,3850
2,3852
32,3852
55,3852
1,3853
2,3854
2,3859
26,3859
48,3860
33,3861
45,3861
40,3863
13,3866
49,3867
52,3868
59,3871
6,3872
37,3872
56,3872
59,3874
44,3877
55,3877
15,3881
47,3881
9,3886
21,3888
16,3890
59,3890
17,3892
26,3893
3,3894
4,3895
5,3896
5,3898
54,3898
15,3899
44,3899
4,3901
3,3902
55,3904
24,3905
53,3905
56,3905
35,3906
16,3907
29,3907
56,3909
7,3915
52,3915
56,3916
7,3917
37,3920
43,3920
43,3922
44,3925
49,3925
3,3927
4,3930
5,3931
39,3932
5,3933
41,3934
4,3935
3,3936
24,3936
54,3939
3,3942
4,3943
4,3944
18,3946
5,3947
3,3948
27,3948
5,3949
16,3949
6,3950
1,3951
3,3951
19,3951
2,3952
4,3952
23,3952
38,3953
1,3954
5,3954
1,3955
5,3955
60,3956
2,3956
4,3956
59,3956
2,3959
3,3960
41,3962
11,3963
18,3964
3,3968
4,3969
15,3971
3,3972
4,3973
5,3974
1,3975
5,3975
1,3977
60,3978
41,3979
57,3979
58,3979
2,3980
7,3980
1,3981
2,3982
21,3982
44,3982
2,3983
42,3983
21,3986
43,3987
60,3988
1,3991
1,3992
2,3993
1,3994
8,3994
25,3994
3,3995
15,3995
4,3996
43,3996
56,3997
5,3998
2,3999
5,3999
46,3999
4,4000
44,4000
2,4001
24,4001
60,4002
3,4002
20,4002
53,4005
44,4007
43,4008
24,4009
50,4009
15,4010
26,4010
38,4011
24,4012
60,4015
18,4016
45,4016
25,4017
15,4018
51,4019
30,4025
51,4029
44,4031
14,4034
42,4036
1,4038
59,4038
1,4039
36,4039
2,4042
57,4042
1,4043
2,4044
2,4045
3,4045
4,4046
3,4047
4,4048
57,4048
5,4049
5,4050
1,4051
1,4052
2,4053
1,4054
39,4054
46,4055
2,4058
2,4060
3,4060
5,4061
44,4061
5,4062
36,4062
4,4063
4,4064
29,4064
1,4065
15,4066
1,4068
3,4068
17,4068
2,4069
58,4069
1,4071
2,4072
2,4073
17,4077
52,4079
38,4080
26,4082
33,4082
26,4084
1,4085
3,4085
1,4086
2,4087
19,4087
2,4088
5,4088
54,4088
1,4089
2,4090
5,4090
4,4092
14,4092
41,4093
3,4094
4,4095
30,4103
11,4104
36,4104
37,4106
28,4108
19,4109
25,4119
40,4119
51,4123
11,4125
48,4130
21,4131
1,4134
3,4134
5,4135
7,4135
1,4136
12,4136
28,4136
2,4137
4,4137
7,4137
13,4138
2,4139
8,4139
3,4140
1,4141
40,4141
5,4142
37,4143
5,4144
24,4145
35,4145
2,4147
4,4147
15,4147
23,4153
46,4153
27,4154
12,4157
16,4158
10,4159
18,4159
19,4159
24,4159
40,4159
53,4159
25,4160
3,4162
1,4164
4,4164
15,4164
5,4165
6,4165
3,4166
18,4166
28,4166
1,4167
5,4167
34,4167
16,4168
20,4168
2,4169
15,4170
17,4170
24,4171
1,4172
4,4172
26,4172
2,4173
35,4174
2,4175
15,4178
31,4179
51,4183
11,4187
33,4191
19,4196
41,4196
3,4197
13,4197
4,4198
28,4198
53,4198
4,4199
50,4199
5,4200
50,4200
23,4201
5,4202
11,4202
3,4203
37,4204
7,4205
14,4208
10,4209
31,4213
43,4214
3,4215
5,4216
15,4216
59,4216
1,4217
2,4219
4,4219
41,4219
5,4220
27,4220
35,4221
1,4222
4,4222
45,4222
1,4224
3,4224
2,4225
29,4225
57,4226
2,4227
27,4227
1,4229
40,4229
2,4230
1,4231
1,4232
26,4232
2,4233
2,4237
1,4239
9,4239
13,4239
23,4239
35,4239
1,4242
39,4242
2,4243
23,4243
25,4245
1,4248
3,4248
22,4248
2,4249
4,4249
2,4250
11,4251
21,4252
4,4253
29,4253
3,4254
5,4256
20,4257
35,4257
52,4257
5,4259
10,4262
47,4266
40,4273
60,4274
56,4280
47,4281
38,4283
37,4285
3,4286
22,4286
4,4287
3,4291
5,4292
5,4293
45,4294
4,4295
41,4295
6,4298
15,4301
56,4302
47,4304
3,4306
34,4308
18,4310
3,4312
58,4314
4,4315
4,4317
9,4317
18,4318
1,4319
5,4319
5,4320
13,4320
2,4321
3,4321
45,4321
1,4322
33,4322
51,4323
2,4325
57,4325
1,4327
7,4327
52,4327
6,4328
15,4328
2,4331
19,4331
30,4332
3,4333
17,4333
5,4334
45,4334
5,4337
4,4338
3,4340
4,4341
13,4342
59,4343
47,4345
17,4347
10,4348
22,4350
46,4351
49,4353
22,4358
3,4359
5,4360
52,4361
53,4361
4,4362
6,4362
5,4363
23,4364
49,4365
3,4366
4,4367
41,4373
35,4374
12,4376
31,4377
31,4379
16,4380
56,4382
31,4388
30,4390
6,4392
15,4398
17,4399
34,4402
16,4403
27,4403
37,4404
35,4409
54,4409
5,4411
14,4411
30,4412
1,4416
2,4417
41,4417
27,4418
47,4418
10,4419
29,4419
35,4420
1,4421
3,4422
48,4422
5,4423
1,4424
4,4424
6,4424
17,4424
30,4424
2,4425
4,4425
2,4426
5,4426
20,4426
3,4427
6,4427
45,4427
18,4428
1,4429
30,4430
1,4431
22,4432
44,4432
2,4433
2,4434
1,4436
2,4437
56,4437
38,4438
49,4439
28,4440
13,4441
52,4443
20,4445
56,4447
42,4448
11,4450
39,4451
57,4451
15,4452
9,4453
37,4455
31,4456
38,4456
3,4457
10,4457
40,4457
24,4458
28,4459
5,4460
8,4460
39,4460
4,4462
49,4462
5,4463
58,4463
1,4464
3,4464
4,4465
1,4466
53,4466
59,4466
2,4467
58,4467
2,4468
39,4468
1,4470
44,4470
34,4471
53,4471
2,4472
43,4472
47,4472
24,4475
31,4478
31,4480
51,4480
17,4484
39,4487
1,4488
12,4488
42,4488
54,4489
10,4491
39,4491
42,4494
14,4497
26,4497
3,4498
56,4500
4,4501
57,4503
1,4504
5,4504
1,4505
4,4505
2,4506
2,4507
3,4507
7,4508
5,4509
12,4510
1,4513
2,4514
52,4519
14,4520
56,4520
3,4522
5,4523
5,4525
4,4526
9,4526
28,4526
48,4526
4,4527
17,4527
3,4530
7,4530
19,4530
1,4532
2,4533
15,4534
33,4534
1,4535
35,4535
1,4536
2,4537
45,4537
2,4538
60,4539
1,4541
28,4541
3,4542
53,4542
54,4542
1,4543
2,4544
2,4545
4,4547
1,4548
5,4548
2,4549
4,4550
27,4551
3,4554
5,4555
9,4555
21,4555
23,4555
39,4556
6,4558
41,4558
12,4559
34,4560
42,4560
50,4561
42,4564
40,4566
49,4568
21,4571
17,4572
25,4572
45,4572
10,4573
7,4574
25,4578
17,4581
52,4581
28,4582
3,4585
5,4586
23,4587
4,4589
54,4589
5,4590
13,4590
36,4590
4,4591
24,4592
42,4592
3,4593
42,4594
58,4594
1,4596
45,4598
1,4599
23,4599
24,4599
47,4600
7,4601
28,4601
2,4602
1,4603
2,4605
16,4605
2,4607
14,4607
37,4607
25,4609
30,4609
47,4609
23,4610
29,4612
53,4612
21,4613
44,4617
3,4623
4,4626
3,4627
19,4627
53,4627
1,4628
2,4629
1,4630
4,4630
5,4632
1,4633
51,4633
2,4634
11,4635
5,4636
2,4637
9,4638
22,4639
11,4640
1,4643
3,4643
5,4644
4,4645
56,4645
4,4646
42,4646
60,4647
1,4647
10,4647
2,4648
1,4649
3,4649
56,4649
2,4651
39,4651
2,4652
5,4652
19,4652
51,4652
3,4654
12,4654
4,4657
5,4658
18,4658
36,4658
31,4659
3,4660
5,4661
47,4661
4,4662
57,4662
10,4664
12,4664
32,4664
59,4666
33,4668
35,4669
34,4670
38,4671
32,4674
35,4674
53,4676
54,4677
58,4679
29,4682
1,4686
20,4687
1,4688
2,4690
1,4691
59,4691
1,4692
2,4693
2,4694
3,4696
20,4697
5,4698
60,4699
5,4699
7,4700
4,4701
4,4702
19,4703
3,4704
25,4704
32,4704
29,4705
44,4705
36,4706
9,4710
22,4710
37,4711
58,4711
49,4712
4,4714
59,4714
1,4715
2,4716
1,4717
49,4717
3,4719
4,4720
2,4721
3,4721
1,4722
28,4722
2,4723
36,4723
5,4724
5,4727
50,4727
1,4728
4,4728
1,4730
41,4730
2,4731
13,4732
1,4733
49,4733
2,4734
11,4736
3,4738
54,4738
2,4739
4,4739
3,4740
4,4741
5,4742
7,4742
5,4743
16,4743
1,4745
17,4745
21,4745
1,4746
2,4747
1,4748
10,4748
2,4750
2,4751
22,4751
56,4751
3,4752
43,4753
4,4754
3,4755
5,4755
31,4755
3,4756
56,4756
5,4757
1,4758
4,4758
23,4758
32,4758
43,4760
21,4761
26,4761
27,4761
37,4762
59,4762
2,4763
1,4764
55,4768
36,4769
28,4770
29,4771
56,4771
1,4772
40,4773
2,4774
58,4774
2,4775
59,4777
3,4778
4,4781
55,4781
5,4782
4,4785
3,4786
5,4787
13,4789
36,4789
45,4789
9,4791
44,4791
52,4792
35,4795
1,4798
3,4798
27,4798
1,4799
2,4800
1,4801
2,4803
2,4804
21,4806
60,4810
10,4810
30,4812
3,4816
4,4817
5,4819
5,4820
50,4820
51,4820
3,4821
23,4821
4,4822
24,4823
6,4824
46,4826
44,4827
57,4827
39,4830
31,4832
12,4833
33,4835
57,4835
42,4838
46,4838
27,4841
37,4841
43,4841
54,4843
5,4848
16,4848
13,4849
21,4850
17,4851
6,4852
3,4853
5,4854
6,4856
10,4856
55,4857
5,4858
4,4859
4,4861
3,4862
27,4862
17,4869
1,4870
35,4870
1,4871
2,4872
38,4872
43,4874
2,4875
1,4876
2,4877
25,4879
35,4880
18,4881
35,4882
15,4883
20,4883
39,4884
38,4885
18,4886
44,4886
1,4887
16,4888
2,4889
3,4891
8,4891
14,4891
22,4891
1,4892
3,4892
34,4892
2,4893
30,4893
42,4893
1,4894
4,4896
2,4897
5,4898
36,4899
5,4900
4,4901
11,4901
13,4901
3,4903
25,4908
9,4911
25,4911
44,4911
3,4914
27,4914
28,4914
10,4915
5,4916
5,4918
4,4920
14,4920
34,4922
49,4922
1,4924
4,4924
2,4925
3,4925
1,4926
1,4927
7,4927
40,4927
50,4927
2,4928
2,4929
41,4931
9,4935
23,4936
31,4936
21,4940
50,4940
51,4943
16,4944
50,4944
58,4944
23,4946
3,4951
4,4952
33,4952
1,4953
3,4953
53,4953
1,4954
2,4955
2,4956
5,4956
10,4956
47,4957
1,4958
2,4959
5,4959
34,4959
4,4960
36,4960
48,4960
37,4962
53,4962
3,4964
44,4964
1,4966
4,4966
2,4968
1,4969
5,4969
44,4969
2,4970
1,4971
5,4971
2,4974
37,4975
4,4976
3,4977
54,4978
3,4979
4,4983
3,4984
4,4985
5,4986
20,4986
5,4988
16,4989
30,4989
1,5001
32,5001
9,5002
52,5002
1,5003
2,5004
1,5005
38,5008
2,5010
2,5011
29,5011
19,5014
37,5015
28,5016
41,5018
24,5019
11,5021
3,5023
4,5024
5,5025
5,5026
3,5027
1,5028
4,5028
14,5028
46,5029
49,5029
2,5030
1,5031
57,5031
1,5032
28,5032
2,5035
28,5035
2,5036
11,5036
16,5036
24,5037
20,5038
42,5039
51,5039
56,5039
26,5041
48,5041
25,5042
52,5042
14,5046
24,5046
50,5047
10,5048
11,5048
19,5049
1,5053
29,5053
1,5054
50,5054
2,5056
1,5057
2,5058
2,5059
44,5059
28,5060
30,5062
25,5063
57,5064
13,5065
11,5069
1,5074
3,5074
5,5075
41,5075
2,5076
1,5077
22,5077
5,5078
2,5079
4,5079
59,5080
3,5081
1,5082
4,5082
2,5083
47,5084
3,5085
4,5086
3,5087
39,5088
46,5088
12,5089
5,5090
5,5091
15,5091
12,5092
18,5092
4,5093
32,5093
3,5094
24,5094
4,5096
3,5098
27,5098
4,5099
40,5099
5,5100
10,5100
32,5101
37,5101
5,5102
34,5103
1,5104
36,5104
1,5105
6,5105
48,5105
20,5107
2,5108
3,5109
4,5110
13,5110
60,5111
5,5111
42,5111
1,5112
3,5112
5,5113
4,5114
2,5115
2,5116
50,5116
14,5119
1,5120
36,5120
2,5121
1,5122
2,5123
12,5123
1,5124
2,5125
30,5127
34,5131
28,5132
40,5132
56,5133
35,5138
1,5139
21,5139
46,5139
1,5140
2,5141
21,5141
54,5142
1,5144
2,5146
2,5147
44,5147
56,5147
13,5150
50,5150
6,5151
1,5152
1,5153
2,5155
54,5155
2,5156
1,5157
2,5158
38,5159
35,5162
38,5162
6,5163
26,5163
1,5165
29,5165
59,5166
2,5167
15,5167
1,5168
1,5169
53,5169
2,5170
2,5171
26,5175
17,5177
22,5178
4,5180
8,5180
42,5180
27,5182
25,5185
50,5185
46,5186
1,5187
2,5188
45,5188
41,5189
1,5190
22,5190
27,5190
1,5191
2,5192
2,5193
48,5193
3,5197
55,5197
4,5198
53,5198
4,5199
5,5200
34,5200
3,5201
39,5201
55,5201
5,5202
24,5203
3,5205
4,5207
3,5210
10,5211
41,5211
5,5213
4,5214
5,5217
51,5217
52,5217
14,5219
11,5221
1,5222
35,5222
7,5223
1,5225
2,5227
35,5227
45,5227
1,5228
2,5229
2,5230
20,5230
55,5230
26,5233
7,5234
45,5236
53,5238
17,5239
7,5240
51,5242
51,5243
13,5245
15,5246
58,5246
16,5247
51,5249
10,5250
13,5251
55,5251
3,5256
5,5257
1,5258
1,5259
4,5259
2,5260
3,5260
54,5260
5,5262
25,5262
31,5262
1,5263
2,5263
2,5264
4,5264
2,5265
47,5267
30,5271
1,5272
22,5272
2,5273
1,5274
2,5276
38,5276
1,5277
47,5279
2,5281
15,5282
51,5282
3,5289
4,5291
3,5292
5,5293
27,5294
48,5294
4,5295
5,5296
1,5298
1,5300
2,5301
13,5301
56,5301
33,5302
1,5303
24,5303
30,5303
2,5306
58,5306
2,5307
14,5308
54,5309
3,5310
5,5311
20,5311
56,5311
4,5312
3,5313
39,5313
4,5314
32,5314
5,5316
1,5318
1,5320
2,5321
1,5322
21,5322
2,5323
57,5324
2,5325
34,5326
58,5326
20,5328
23,5328
14,5329
48,5330
8,5333
18,5333
43,5333
7,5334
3,5338
47,5338
4,5339
5,5340
5,5344
4,5345
3,5346
13,5347
12,5348
1,5350
1,5351
10,5351
42,5351
2,5353
7,5353
1,5354
37,5355
2,5356
2,5357
21,5357
26,5357
36,5357
18,5358
14,5361
21,5362
52,5364
34,5369
17,5370
6,5371
23,5373
9,5374
58,5374
1,5376
20,5376
42,5376
54,5376
1,5377
2,5379
2,5380
1,5381
59,5381
28,5382
2,5383
28,5385
40,5385
45,5385
55,5385
57,5393
31,5399
32,5399
58,5400
19,5402
54,5402
24,5403
57,5405
42,5406
55,5411
55,5412
17,5416
31,5422
50,5423
57,5427
1,5428
2,5429
1,5430
2,5431
3,5431
1,5432
5,5432
2,5433
4,5433
3,5434
5,5436
4,5438
15,5439
20,5446
9,5448
24,5455
6,5456
59,5457
14,5458
38,5461
28,5465
17,5467
52,5468
26,5471
55,5472
3,5473
5,5474
7,5474
4,5476
18,5477
21,5478
5,5479
10,5479
20,5479
4,5480
3,5481
48,5481
33,5483
40,5484
54,5484
32,5485
36,5486
20,5487
58,5488
31,5489
1,5491
12,5491
30,5491
38,5491
6,5493
6,5494
25,5494
2,5495
1,5496
39,5496
6,5497
1,5499
36,5499
39,5499
2,5500
47,5501
2,5502
26,5502
54,5503
3,5505
9,5506
5,5507
50,5507
4,5508
24,5508
4,5510
18,5510
47,5510
3,5512
15,5512
26,5512
1,5514
5,5514
49,5514
51,5514
1,5515
2,5517
37,5517
59,5517
1,5518
6,5518
2,5519
2,5521
28,5521
17,5522
1,5523
15,5523
2,5524
1,5527
44,5527
1,5528
45,5529
50,5530
2,5531
2,5532
3,5533
4,5534
33,5534
49,5534
56,5535
4,5536
1,5537
5,5537
1,5538
22,5538
2,5539
5,5539
1,5540
3,5540
48,5540
2,5541
2,5542
27,5544
53,5545
45,5547
27,5551
31,5552
7,5556
27,5556
14,5557
32,5558
42,5559
13,5563
8,5565
53,5567
34,5569
45,5571
29,5572
15,5573
43,5573
31,5574
36,5574
11,5575
31,5576
24,5577
37,5577
48,5579
30,5580
22,5585
25,5586
44,5588
52,5588
54,5591
12,5592
50,5594
1,5595
5,5595
16,5595
17,5595
24,5596
48,5597
1,5598
2,5599
2,5600
24,5600
1,5601
50,5601
2,5602
23,5605
9,5607
24,5615
30,5616
28,5618
3,5619
24,5619
30,5619
41,5619
5,5621
26,5622
31,5622
51,5622
5,5623
4,5624
3,5625
6,5625
28,5625
4,5626
39,5626
51,5626
3,5627
4,5628
55,5628
50,5630
3,5631
8,5631
5,5632
4,5633
7,5634
49,5634
5,5636
11,5636
3,5640
29,5641
46,5643
36,5644
41,5645
22,5647
53,5650
48,5652
55,5652
23,5655
36,5658
57,5660
6,5661
8,5661
8,5663
29,5663
14,5664
23,5664
36,5664
27,5668
58,5670
9,5671
55,5672
43,5675
32,5677
16,5679
3,5683
36,5684
4,5685
5,5686
46,5686
4,5687
3,5688
5,5689
47,5689
26,5690
51,5690
1,5691
33,5692
2,5693
1,5694
3,5694
2,5696
5,5696
1,5697
4,5697
50,5697
2,5698
5,5698
4,5699
55,5699
38,5700
48,5701
4,5702
1,5703
1,5704
3,5704
2,5705
2,5707
1,5708
2,5711
3,5711
4,5712
5,5713
9,5713
3,5716
5,5717
21,5717
46,5717
4,5718
23,5719
34,5719
49,5719
43,5720
13,5721
32,5722
13,5725
47,5728
3,5729
4,5730
3,5731
5,5732
54,5732
5,5733
4,5734
43,5735
54,5736
37,5738
1,5744
1,5745
60,5746
2,5747
2,5749
1,5753
26,5754
2,5755
55,5755
3,5758
4,5759
38,5762
37,5764
5,5765
34,5765
3,5767
41,5767
32,5768
4,5769
5,5770
12,5772
6,5775
52,5778
56,5778
5,5779
22,5781
33,5782
57,5782
28,5783
21,5787
50,5787
24,5788
34,5788
25,5792
30,5795
22,5797
53,5797
4,5798
59,5798
40,5799
53,5804
52,5807
11,5810
50,5812
5,5815
47,5816
30,5818
33,5818
45,5818
1,5819
21,5819
2,5820
1,5821
33,5822
35,5822
17,5823
24,5823
7,5824
60,5825
1,5825
2,5827
3,5827
4,5828
31,5828
2,5829
5,5829
4,5830
18,5830
39,5830
5,5831
26,5831
3,5832
11,5834
32,5836
60,5837
21,5840
8,5841
59,5843
50,5845
57,5845
11,5847
1,5848
2,5850
1,5851
12,5851
24,5855
57,5855
2,5856
32,5856
1,5857
17,5857
36,5857
2,5858
3,5859
30,5859
4,5860
46,5860
4,5861
5,5862
15,5862
35,5863
5,5866
3,5867
47,5867
3,5868
8,5869
53,5870
4,5871
24,5871
3,5872
53,5872
4,5873
5,5875
29,5876
37,5876
5,5877
13,5877
38,5877
38,5878
36,5881
55,5887
34,5890
9,5892
12,5892
15,5893
28,5893
35,5893
36,5893
55,5895
51,5896
12,5897
38,5900
53,5900
13,5902
9,5903
20,5905
37,5905
3,5909
41,5910
4,5911
4,5912
59,5912
5,5913
12,5913
53,5914
3,5917
5,5918
29,5923
24,5926
29,5926
36,5927
16,5930
30,5930
16,5931
21,5931
3,5932
21,5932
41,5932
42,5932
4,5934
37,5934
5,5935
1,5936
4,5936
44,5936
49,5936
3,5937
1,5938
5,5938
2,5939
3,5939
20,5939
32,5939
5,5940
1,5941
2,5942
4,5942
2,5943
4,5943
1,5944
3,5944
7,5944
2,5945
5,5945
1,5946
52,5946
2,5947
12,5948
45,5948
1,5949
45,5949
19,5951
21,5951
29,5951
2,5952
49,5957
13,5958
22,5959
8,5962
53,5963
29,5964
26,5966
38,5969
55,5969
14,5973
15,5975
40,5978
32,5979
53,5982
3,5983
49,5983
1,5984
4,5984
31,5984
2,5985
42,5985
5,5986
1,5987
10,5987
38,5987
3,5988
2,5989
5,5989
4,5990
1,5992
44,5992
48,5992
2,5993
25,5995
50,5997
12,5999
22,5999
55,5999
3,6000
4,6001
24,6001
4,6002
48,6002
5,6003
7,6004
24,6004
3,6006
52,6006
5,6008
12,6012
14,6012
38,6013
39,6013
50,6017
12,6019
37,6019
7,6021
47,6022
10,6023
41,6026
31,6028
45,6029
53,6029
5,6034
25,6035
31,6035
21,6039
26,6042
54,6046
43,6047
57,6056
35,6057
3,6062
15,6063
34,6063
4,6064
26,6064
5,6065
4,6067
12,6067
31,6068
5,6069
12,6071
30,6071
3,6072
40,6072
22,6073
59,6074
59,6076
59,6080
11,6081
30,6083
19,6084
30,6084
20,6085
55,6085
3,6087
32,6088
42,6090
5,6091
5,6092
20,6094
42,6094
4,6095
3,6096
4,6097
3,6101
49,6101
5,6102
49,6102
4,6105
30,6106
25,6107
33,6107
4,6108
52,6108
1,6109
3,6109
5,6111
6,6111
9,6111
10,6111
2,6112
1,6113
2,6114
3,6114
5,6115
1,6116
2,6117
4,6117
4,6118
34,6118
3,6120
5,6123
3,6125
32,6126
4,6127
20,6127
5,6128
58,6128
5,6129
3,6130
7,6130
44,6130
7,6131
4,6132
37,6132
14,6135
39,6135
30,6138
32,6139
43,6139
46,6141
46,6142
22,6143
56,6144
7,6146
3,6147
4,6148
5,6149
12,6150
42,6150
5,6152
4,6153
23,6154
1,6155
3,6155
2,6156
33,6156
1,6157
12,6157
13,6157
54,6157
1,6158
51,6158
2,6159
2,6160
3,6161
5,6163
35,6163
36,6163
4,6165
51,6165
3,6166
1,6167
4,6168
6,6168
2,6169
5,6170
13,6171
19,6171
1,6172
50,6172
2,6173
18,6173
1,6174
9,6174
2,6175
43,6177
25,6178
1,6179
2,6180
54,6180
3,6181
22,6181
1,6182
2,6183
4,6184
1,6185
2,6186
5,6187
3,6189
4,6190
5,6191
52,6192
1,6193
1,6194
2,6195
2,6197
1,6198
32,6199
33,6199
2,6200
35,6207
45,6208
7,6213
23,6213
48,6213
59,6214
1,6218
2,6219
3,6219
57,6219
1,6220
4,6220
1,6221
2,6222
4,6222
38,6222
37,6223
5,6224
2,6225
3,6226
1,6227
5,6227
1,6228
7,6229
2,6230
58,6230
1,6232
2,6233
53,6233
2,6234
46,6242
34,6245
1,6247
8,6247
50,6250
27,6251
47,6252
51,6252
16,6255
52,6256
47,6257
8,6259
28,6260
1,6261
23,6261
31,6261
1,6262
9,6262
2,6263
1,6264
2,6265
2,6266
39,6266
11,6267
31,6271
3,6274
24,6274
19,6275
17,6276
38,6276
5,6277
17,6277
4,6278
50,6279
4,6281
22,6281
5,6282
3,6284
15,6284
3,6286
4,6288
4,6290
19,6290
42,6290
5,6291
3,6292
41,6292
5,6293
29,6293
13,6294
1,6296
1,6301
23,6301
2,6302
49,6302
2,6303
1,6304
2,6305
46,6305
15,6306
1,6307
18,6307
51,6308
1,6309
6,6309
45,6311
58,6311
2,6312
12,6312
37,6312
59,6312
2,6313
53,6313
1,6314
21,6314
29,6314
2,6317
10,6319
31,6320
44,6324
1,6325
2,6326
28,6326
8,6327
24,6327
26,6327
1,6328
2,6329
1,6331
26,6331
2,6332
18,6332
59,6332
11,6334
29,6334
25,6336
24,6337
2,6340
3,6341
4,6342
3,6343
5,6344
16,6344
5,6345
4,6347
32,6348
36,6348
55,6350
3,6352
6,6352
40,6360
1,6361
34,6361
1,6362
24,6363
2,6365
18,6365
2,6366
3,6366
39,6366
4,6367
39,6367
46,6368
1,6369
23,6369
46,6369
2,6370
31,6370
5,6372
4,6374
26,6374
5,6376
35,6376
13,6378
3,6379
40,6380
13,6384
17,6384
30,6384
51,6385
12,6389
56,6391
47,6395
50,6395
52,6399
1,6400
2,6401
1,6402
2,6403
1,6405
52,6405
2,6406
35,6409
47,6411
26,6414
13,6415
8,6417
56,6417
11,6418
18,6418
51,6418
24,6422
36,6422
38,6422
41,6423
56,6424
43,6426
13,6428
14,6428
6,6429
11,6431
29,6433
58,6433
13,6434
19,6435
1,6437
2,6438
1,6439
58,6442
2,6443
1,6445
9,6445
2,6446
25,6447
9,6448
16,6448
1,6449
11,6449
2,6451
1,6452
2,6454
1,6455
50,6455
53,6457
58,6457
2,6458
51,6458
1,6461
11,6461
1,6462
2,6463
60,6464
2,6464
19,6464
46,6464
1,6465
2,6467
51,6467
52,6467
2,6468
8,6468
52,6468
18,6469
35,6469
34,6470
20,6472
24,6472
27,6473
59,6473
8,6475
30,6476
17,6477
32,6477
42,6477
14,6480
15,6480
40,6480
23,6484
36,6486
21,6491
15,6492
13,6493
55,6498
36,6502
1,6505
1,6506
2,6507
45,6509
1,6510
52,6510
2,6511
26,6511
41,6511
2,6512
54,6513
19,6516
11,6517
34,6517
34,6518
25,6521
32,6524
55,6524
20,6526
1,6527
2,6528
1,6529
1,6531
2,6532
2,6533
58,6536
13,6537
39,6538
3,6541
60,6542
4,6542
6,6544
47,6545
5,6546
4,6547
39,6547
3,6548
54,6548
5,6549
15,6552
34,6556
32,6558
53,6558
42,6559
3,6560
32,6561
4,6563
1,6564
5,6564
2,6565
15,6565
9,6566
1,6567
5,6568
24,6568
4,6569
2,6571
3,6571
1,6572
18,6573
2,6574
47,6576
3,6577
36,6577
57,6577
4,6579
49,6583
37,6589
43,6594
29,6595
56,6597
40,6598
11,6600
27,6600
45,6607
10,6611
14,6616
1,6617
9,6617
10,6617
1,6618
2,6619
2,6620
16,6620
1,6621
14,6622
50,6622
2,6624
50,6625
44,6626
35,6627
19,6628
38,6628
54,6629
36,6631
42,6631
20,6634
29,6634
45,6640
13,6643
1,6644
3,6647
12,6647
52,6647
38,6648
2,6649
52,6649
56,6649
1,6650
4,6651
35,6651
1,6652
3,6653
4,6654
11,6654
52,6654
2,6655
5,6655
2,6656
5,6656
6,6656
55,6656
8,6658
13,6658
55,6659
25,6660
27,6660
3,6661
4,6664
48,6664
3,6665
38,6666
42,6666
44,6666
51,6667
5,6668
45,6668
1,6669
4,6669
1,6670
2,6671
59,6671
2,6672
5,6672
33,6672
28,6673
1,6674
2,6675
25,6675
47,6676
1,6677
2,6678
7,6678
1,6680
1,6681
4,6682
38,6682
60,6683
2,6683
2,6685
7,6685
39,6686
50,6687
17,6693
1,6694
1,6695
41,6695
2,6696
8,6696
60,6698
2,6698
1,6699
2,6701
54,6702
45,6703
35,6704
58,6705
10,6706
1,6708
26,6708
2,6710
1,6711
2,6712
1,6713
2,6714
27,6721
37,6721
43,6721
49,6721
3,6722
45,6722
1,6723
1,6724
5,6724
2,6725
4,6725
15,6725
2,6726
4,6726
28,6727
60,6728
3,6728
10,6728
5,6729
1,6730
40,6730
2,6731
24,6731
11,6732
45,6732
11,6733
20,6733
1,6736
1,6737
28,6737
2,6738
44,6738
1,6739
2,6740
22,6740
52,6744
2,6745
16,6747
29,6748
50,6748
31,6750
43,6750
39,6751
48,6752
29,6757
22,6758
36,6761
37,6764
9,6765
16,6765
6,6767
19,6772
47,6772
47,6775
47,6776
51,6776
1,6778
54,6778
1,6779
2,6780
19,6780
2,6781
1,6783
3,6783
2,6784
32,6784
28,6785
48,6785
5,6786
53,6786
58,6787
1,6789
4,6789
1,6790
3,6790
51,6790
2,6791
4,6792
46,6792
1,6793
2,6795
19,6795
24,6795
2,6797
13,6797
30,6797
5,6798
44,6798
55,6798
26,6801
57,6801
49,6803
23,6805
40,6806
3,6808
46,6809
5,6810
4,6813
3,6814
15,6814
20,6814
5,6815
4,6817
55,6820
10,6822
35,6822
35,6824
38,6824
22,6828
53,6831
34,6832
43,6834
3,6835
4,6836
38,6836
29,6837
4,6838
5,6842
19,6842
5,6843
3,6844
33,6845
44,6845
6,6847
45,6847
41,6848
14,6852
17,6852
12,6854
17,6854
13,6856
6,6857
44,6857
49,6859
21,6861
54,6861
19,6862
52,6863
60,6864
40,6869
39,6871
14,6872
58,6873
58,6874
42,6875
37,6879
1,6880
50,6882
1,6883
14,6883
2,6884
46,6884
53,6884
1,6886
2,6887
39,6887
2,6888
19,6888
25,6890
47,6893
49,6893
51,6894
12,6898
42,6900
6,6901
20,6904
26,6905
30,6906
49,6907
56,6907
13,6915
26,6918
23,6919
30,6919
29,6925
60,6927
8,6928
49,6928
58,6928
25,6933
7,6934
18,6935
55,6937
29,6941
47,6949
54,6952
30,6954
14,6955
12,6958
9,6959
7,6961
20,6961
33,6961
55,6961
51,6962
54,6963
59,6966
46,6967
28,6971
29,6971
21,6976
51,6976
9,6978
40,6979
56,6980
28,6981
25,6986
60,6988
35,6988
45,6990
44,6995
47,6996
31,6997
35,7003
16,7005
28,7007
58,7012
20,7013
44,7013
1,7015
56,7016
2,7017
48,7017
1,7018
39,7018
2,7019
33,7020
39,7021
1,7022
7,7022
2,7023
43,7024
23,7027
31,7027
50,7029
34,7032
17,7035
4,7037
8,7038
3,7039
1,7040
4,7040
2,7041
4,7043
45,7044
1,7045
40,7045
5,7046
2,7047
37,7047
57,7048
5,7050
35,7050
51,7050
3,7051
1,7052
3,7053
2,7054
5,7054
45,7055
32,7056
4,7057
3,7058
4,7059
41,7059
5,7060
42,7061
58,7061
32,7063
1,7065
2,7066
26,7066
1,7067
40,7067
1,7068
32,7068
2,7069
2,7070
2,7072
17,7072
45,7075
19,7077
25,7077
37,7079
1,7080
31,7080
47,7080
2,7081
21,7082
27,7082
41,7083
1,7084
22,7084
25,7084
1,7085
2,7086
2,7087
21,7087
34,7088
34,7090
39,7091
32,7092
28,7094
44,7094
56,7094
34,7098
58,7100
60,7103
9,7104
44,7104
34,7105
27,7106
14,7108
17,7109
52,7109
26,7112
18,7114
1,7115
45,7115
2,7116
1,7117
41,7118
2,7119
38,7119
47,7119
8,7121
1,7122
51,7123
2,7124
46,7125
60,7126
45,7126
60,7127
16,7127
46,7127
1,7128
1,7129
25,7129
50,7129
2,7130
1,7131
2,7132
39,7135
2,7136
35,7140
57,7140
20,7143
9,7144
43,7144
3,7148
59,7149
15,7151
34,7151
4,7152
14,7152
24,7152
1,7154
2,7155
5,7155
49,7155
1,7156
3,7156
16,7156
1,7157
4,7157
5,7158
2,7159
36,7159
2,7161
29,7161
47,7162
6,7163
21,7163
39,7163
16,7166
28,7166
12,7167
54,7168
44,7169
30,7170
6,7174
40,7174
31,7175
49,7175
54,7175
3,7176
4,7177
4,7180
18,7180
22,7180
5,7181
5,7182
12,7182
3,7183
39,7184
60,7186
50,7186
53,7186
3,7187
5,7188
37,7188
4,7189
39,7189
4,7190
1,7192
5,7193
33,7193
3,7194
39,7195
40,7195
2,7199
1,7200
2,7201
1,7202
2,7204
60,7205
8,7208
34,7210
49,7213
3,7215
5,7215
4,7216
3,7217
51,7217
5,7218
20,7218
1,7221
4,7222
37,7222
49,7222
2,7224
5,7224
1,7225
2,7226
25,7227
32,7227
47,7227
1,7228
34,7228
2,7230
25,7233
52,7235
23,7243
52,7245
17,7246
48,7246
3,7247
5,7248
35,7248
4,7250
5,7251
8,7251
4,7252
3,7253
18,7253
38,7255
23,7257
30,7257
15,7260
10,7263
10,7264
1,7265
2,7266
1,7267
8,7267
59,7267
2,7268
1,7269
10,7270
2,7271
59,7274
15,7275
51,7276
54,7277
3,7279
55,7284
36,7286
10,7287
23,7288
10,7289
19,7292
39,7296
50,7296
30,7297
46,7297
51,7297
60,7298
38,7299
20,7300
47,7300
60,7302
38,7303
8,7310
35,7311
36,7312
6,7313
56,7313
22,7314
52,7314
54,7314
57,7316
34,7317
6,7322
18,7324
22,7327
1,7328
1,7329
49,7329
2,7333
1,7334
2,7336
29,7336
33,7336
2,7338
39,7338
1,7339
1,7340
43,7340
3,7341
2,7342
4,7342
18,7342
24,7342
28,7342
1,7343
28,7343
45,7343
49,7343
5,7346
38,7346
2,7347
3,7347
2,7348
30,7348
5,7349
51,7349
4,7351
27,7352
36,7352
60,7355
20,7358
20,7359
32,7360
46,7360
15,7361
20,7362
47,7366
51,7367
1,7369
35,7369
1,7370
57,7371
2,7374
12,7375
1,7377
2,7379
7,7379
8,7380
2,7381
51,7381
60,7382
14,7382
13,7383
49,7386
51,7386
23,7391
42,7393
10,7396
28,7396
12,7398
39,7399
56,7399
13,7400
33,7400
41,7408
51,7408
59,7411
33,7412
4,7413
20,7413
20,7414
3,7415
31,7416
4,7417
19,7418
2,7419
4,7419
3,7420
5,7421
15,7421
5,7422
11,7425
45,7425
1,7426
33,7427
45,7427
1,7428
2,7429
27,7431
1,7432
21,7432
53,7432
55,7432
2,7433
23,7434
2,7435
30,7441
49,7442
10,7445
24,7449
12,7451
17,7451
1,7452
1,7454
2,7455
2,7456
1,7457
2,7458
5,7459
3,7461
4,7465
14,7466
3,7467
45,7467
5,7468
50,7469
5,7470
8,7470
1,7471
18,7471
1,7472
23,7472
53,7472
4,7473
55,7473
2,7474
2,7475
1,7476
36,7477
2,7478
11,7478
15,7478
28,7484
45,7484
42,7485
11,7487
17,7489
28,7489
49,7490
60,7491
10,7494
56,7494
20,7496
7,7498
26,7498
45,7499
54,7499
44,7500
3,7501
4,7502
27,7502
4,7503
25,7503
5,7505
16,7505
25,7505
49,7505
5,7506
3,7507
14,7507
25,7508
14,7510
30,7510
48,7512
32,7515
22,7516
43,7518
48,7520
25,7522
57,7524
55,7527
31,7529
59,7529
1,7530
2,7533
15,7533
37,7534
1,7535
37,7535
2,7536
25,7536
1,7537
7,7537
26,7537
2,7538
2,7539
33,7540
17,7543
58,7543
15,7544
5,7546
7,7546
16,7547
39,7547
40,7550
32,7552
54,7552
3,7553
5,7555
4,7556
4,7557
11,7557
3,7558
52,7558
14,7559
5,7560
48,7566
30,7567
40,7569
37,7575
53,7575
9,7576
6,7577
40,7577
45,7578
36,7581
28,7582
13,7584
46,7585
54,7588
7,7589
3,7590
20,7590
36,7590
4,7591
33,7591
10,7592
5,7593
18,7594
1,7595
18,7595
3,7596
4,7597
1,7598
20,7598
2,7599
5,7599
53,7599
2,7600
1,7601
54,7601
2,7602
5,7603
41,7603
8,7605
12,7606
37,7607
1,7609
1,7610
8,7610
2,7612
37,7612
42,7612
51,7612
2,7614
51,7614
40,7615
1,7617
18,7617
19,7617
2,7618
7,7621
10,7621
53,7622
27,7632
31,7632
1,7633
11,7633
2,7635
1,7637
30,7639
6,7641
21,7642
35,7643
1,7644
39,7644
2,7645
9,7645
2,7646
51,7647
16,7648
43,7648
50,7648
44,7649
27,7654
13,7655
21,7656
38,7656
51,7659
14,7660
1,7662
2,7663
1,7664
1,7665
2,7666
56,7666
6,7669
8,7670
17,7671
23,7671
2,7672
46,7673
21,7674
32,7677
19,7679
36,7679
1,7680
19,7680
1,7681
2,7685
17,7685
2,7686
1,7687
46,7689
2,7690
40,7690
22,7691
30,7692
42,7699
16,7700
20,7701
47,7703
14,7704
16,7705
18,7708
33,7708
9,7711
47,7711
50,7713
2,7716
10,7716
27,7716
32,7716
48,7722
55,7722
9,7724
50,7726
15,7728
15,7729
48,7729
16,7732
34,7733
56,7733
17,7734
3,7735
4,7736
55,7737
4,7738
30,7738
33,7738
3,7740
5,7741
52,7742
58,7742
5,7743
45,7745
3,7746
4,7747
47,7747
22,7748
5,7751
31,7752
4,7753
29,7753
59,7753
3,7755
5,7756
28,7756
43,7757
52,7760
1,7761
1,7762
32,7763
51,7763
2,7764
1,7766
2,7767
49,7767
2,7768
48,7768
50,7769
38,7775
47,7775
33,7777
3,7781
7,7782
5,7784
5,7785
4,7786
10,7788
4,7789
3,7790
47,7794
1,7798
1,7799
2,7800
1,7801
34,7802
2,7803
7,7805
33,7805
40,7807
2,7809
37,7809
49,7810
56,7812
49,7815
60,7817
3,7817
12,7817
35,7817
16,7819
4,7824
5,7825
5,7826
3,7827
46,7827
16,7828
59,7828
43,7829
4,7831
21,7832
51,7835
4,7836
51,7836
6,7841
32,7843
17,7844
45,7844
50,7844
52,7851
53,7853
17,7854
57,7858
49,7862
11,7864
38,7864
1,7865
17,7865
28,7866
27,7867
3,7868
52,7868
1,7869
4,7869
59,7869
2,7870
4,7870
2,7871
3,7871
32,7871
5,7872
1,7873
5,7873
55,7873
38,7874
2,7875
3,7876
4,7877
28,7877
4,7878
5,7879
31,7879
5,7881
27,7881
3,7882
25,7885
27,7885
1,7890
2,7891
26,7892
32,7893
1,7894
1,7895
10,7895
15,7895
2,7896
2,7897
27,7897
32,7899
13,7902
22,7904
23,7905
21,7908
3,7910
5,7911
26,7912
5,7913
54,7913
4,7915
9,7915
4,7916
3,7918
38,7918
55,7919
34,7920
30,7922
13,7924
44,7926
34,7927
52,7928
51,7929
36,7933
3,7935
5,7936
4,7937
50,7937
6,7938
35,7939
3,7940
21,7941
34,7941
5,7944
13,7944
30,7944
4,7946
47,7946
16,7949
21,7951
44,7952
37,7954
3,7957
14,7958
47,7958
48,7958
1,7959
28,7959
1,7961
2,7963
20,7963
1,7964
2,7965
8,7965
2,7966
21,7966
24,7966
13,7969
40,7969
1,7970
3,7970
33,7970
1,7971
4,7972
2,7974
5,7974
9,7975
11,7975
4,7976
38,7976
5,7977
2,7978
42,7978
1,7980
3,7981
27,7981
2,7982
3,7982
4,7983
32,7983
1,7984
1,7986
3,7986
2,7987
5,7987
1,7988
4,7988
5,7989
11,7989
25,7990
2,7992
2,7993
8,7993
14,7993
11,7998
45,7998
53,8000
7,8002
60,8004
17,8005
31,8005
29,8009
30,8009
45,8011
3,8013
6,8014
20,8014
4,8015
4,8016
58,8016
3,8017
52,8017
54,8017
5,8020
5,8021
19,8021
5,8022
51,8022
16,8024
54,8024
40,8033
46,8033
50,8033
51,8033
31,8034
3,8035
30,8036
35,8037
39,8037
4,8038
18,8038
4,8039
44,8039
5,8040
10,8042
32,8042
45,8042
3,8043
42,8045
5,8046
30,8048
3,8050
5,8051
4,8052
33,8052
5,8053
9,8053
4,8054
3,8056
15,8056
39,8056
46,8059
1,8062
2,8063
1,8064
2,8065
22,8065
1,8066
39,8068
60,8070
2,8070
45,8070
5,8071
42,8075
4,8076
20,8077
24,8079
1,8080
1,8082
2,8083
13,8083
39,8083
2,8084
1,8086
2,8089
12,8089
19,8089
47,8089
12,8091
19,8092
38,8092
49,8092
6,8093
41,8093
47,8093
28,8097
37,8097
32,8099
1,8102
54,8102
25,8103
1,8104
19,8104
32,8104
2,8107
25,8107
1,8108
3,8108
38,8108
2,8109
3,8109
4,8109
5,8110
15,8110
41,8110
2,8111
3,8111
55,8111
1,8115
5,8115
16,8115
1,8116
4,8116
2,8117
7,8117
9,8117
33,8117
1,8119
18,8119
2,8120
2,8123
48,8123
41,8127
37,8129
33,8130
8,8131
58,8135
21,8137
28,8137
42,8137
3,8139
56,8139
1,8140
5,8140
4,8141
3,8143
5,8144
55,8144
7,8145
4,8146
41,8146
50,8147
1,8148
1,8149
1,8150
2,8151
1,8152
45,8153
58,8153
2,8154
2,8155
40,8156
47,8160
7,8161
1,8164
45,8167
1,8168
6,8169
9,8169
2,8170
44,8170
1,8171
17,8171
59,8171
2,8172
2,8173
36,8174
51,8174
60,8175
29,8176
11,8178
58,8179
55,8181
57,8182
41,8183
23,8184
36,8184
55,8184
13,8185
52,8187
53,8189
10,8191
30,8191
44,8193
51,8193
24,8194
3,8197
13,8197
29,8200
48,8201
37,8204
34,8205
42,8207
58,8207
50,8209
13,8212
57,8213
22,8219
19,8222
23,8225
46,8226
19,8233
44,8235
22,8236
1,8238
41,8240
2,8241
32,8242
3,8243
28,8243
36,8243
4,8244
5,8246
1,8247
4,8247
1,8248
5,8248
3,8249
11,8249
55,8251
2,8252
2,8253
55,8253
24,8257
51,8257
33,8258
3,8260
39,8260
5,8261
5,8263
53,8264
5,8265
18,8266
7,8267
4,8268
33,8269
46,8269
1,8270
4,8270
46,8270
1,8271
3,8271
31,8271
2,8272
55,8273
1,8274
28,8274
2,8275
2,8276
3,8276
51,8276
4,8278
3,8279
54,8281
5,8282
56,8284
4,8285
44,8285
5,8286
50,8288
3,8289
4,8290
4,8292
5,8293
26,8293
9,8294
3,8297
25,8297
1,8299
5,8299
60,8300
1,8300
36,8300
11,8301
2,8302
24,8302
50,8302
1,8303
6,8303
35,8303
2,8304
2,8305
3,8305
1,8306
38,8306
55,8306
2,8307
5,8307
1,8309
19,8309
4,8311
47,8311
2,8312
4,8312
1,8313
24,8313
2,8314
3,8315
5,8316
42,8318
52,8322
11,8323
19,8325
18,8326
46,8326
22,8327
39,8327
51,8327
3,8328
60,8329
4,8329
5,8331
4,8332
52,8332
3,8333
5,8334
20,8334
11,8335
3,8336
18,8338
4,8340
11,8341
4,8342
5,8343
15,8343
52,8343
5,8344
43,8348
3,8349
13,8351
4,8354
13,8354
11,8359
9,8368
22,8368
14,8374
39,8374
49,8374
1,8376
34,8377
11,8378
17,8378
50,8379
1,8380
46,8380
2,8381
42,8381
2,8382
30,8382
1,8383
2,8384
3,8385
37,8385
4,8386
5,8389
3,8391
4,8392
5,8393
35,8393
3,8394
18,8395
4,8396
5,8397
3,8399
4,8400
50,8400
5,8401
54,8401
1,8402
2,8404
50,8405
1,8406
21,8406
6,8407
45,8407
1,8408
43,8408
44,8409
2,8410
2,8412
3,8412
1,8413
4,8413
48,8413
2,8414
41,8414
10,8415
4,8416
14,8416
19,8416
58,8416
5,8418
1,8419
22,8419
46,8419
2,8420
56,8421
1,8422
5,8422
2,8424
3,8424
15,8428
56,8428
1,8429
60,8432
1,8433
12,8433
2,8434
14,8434
2,8435
1,8436
2,8437
3,8439
5,8441
4,8442
4,8443
5,8446
3,8447
58,8447
7,8449
42,8450
44,8450
6,8455
16,8456
6,8457
52,8457
31,8459
38,8461
39,8463
51,8468
58,8470
1,8475
42,8477
30,8479
49,8485
3,8488
5,8491
4,8492
3,8493
4,8494
31,8494
7,8496
5,8497
8,8497
18,8498
49,8500
16,8503
10,8504
48,8504
17,8505
26,8505
1,8507
27,8507
2,8509
7,8509
17,8509
1,8510
49,8510
54,8510
2,8511
54,8511
1,8512
24,8512
26,8512
53,8512
33,8513
2,8514
19,8517
42,8519
20,8520
1,8523
2,8524
1,8525
1,8526
45,8526
2,8528
56,8528
2,8529
1,8530
46,8530
1,8531
27,8531
2,8533
2,8534
11,8534
18,8534
49,8534
1,8535
15,8537
2,8538
3,8540
52,8540
5,8541
17,8541
24,8541
4,8542
6,8542
47,8542
5,8543
3,8544
42,8544
4,8546
55,8546
36,8547
18,8548
47,8548
19,8552
3,8554
4,8555
4,8556
38,8556
5,8557
5,8558
46,8559
3,8561
14,8562
18,8564
1,8565
1,8566
33,8566
36,8566
13,8571
2,8572
38,8572
1,8573
36,8574
2,8575
12,8575
54,8575
33,8576
54,8576
60,8577
2,8578
39,8578
54,8580
1,8581
49,8581
1,8582
7,8582
24,8582
43,8583
46,8583
58,8584
2,8585
31,8586
1,8587
7,8587
2,8588
45,8589
2,8591
28,8591
17,8596
24,8596
33,8596
40,8596
33,8598
20,8600
53,8600
3,8601
42,8601
49,8602
47,8603
45,8604
5,8605
41,8607
51,8607
1,8609
50,8610
1,8611
4,8611
8,8611
2,8612
3,8612
1,8613
4,8613
2,8614
5,8614
42,8614
2,8615
14,8618
39,8618
48,8621
1,8624
2,8625
21,8625
30,8627
1,8628
16,8628
1,8630
2,8632
39,8632
2,8634
38,8634
20,8637
41,8640
48,8645
18,8646
42,8646
45,8647
18,8649
31,8649
3,8651
4,8652
14,8652
16,8652
4,8653
13,8655
5,8656
3,8657
5,8658
33,8659
6,8662
17,8662
52,8662
28,8664
10,8665
12,8666
32,8666
47,8666
28,8668
8,8671
16,8672
50,8673
9,8680
33,8680
49,8681
22,8683
47,8686
19,8688
22,8689
17,8690
56,8690
53,8693
22,8694
37,8696
46,8697
43,8700
47,8700
1,8704
3,8704
2,8705
4,8705
1,8706
4,8706
2,8707
5,8707
1,8708
5,8710
13,8710
2,8712
13,8712
20,8712
26,8712
3,8713
45,8713
28,8718
24,8721
35,8721
22,8722
26,8726
3,8728
1,8729
46,8729
1,8730
5,8730
38,8730
2,8731
5,8731
2,8732
4,8732
44,8732
1,8733
4,8733
39,8733
2,8735
3,8735
54,8735
6,8736
17,8739
41,8739
10,8744
32,8744
38,8744
59,8746
1,8747
2,8748
3,8748
36,8749
4,8750
1,8751
5,8751
4,8752
28,8752
1,8754
13,8754
48,8755
5,8756
2,8757
2,8758
3,8758
54,8758
16,8761
37,8762
17,8765
3,8766
8,8769
4,8770
18,8770
4,8771
32,8772
3,8773
27,8773
5,8774
5,8775
27,8775
17,8776
1,8778
1,8779
11,8779
2,8780
15,8781
1,8783
56,8783
2,8784
12,8785
6,8786
2,8787
19,8787
11,8789
13,8789
55,8789
1,8790
6,8790
37,8790
1,8793
3,8794
15,8794
2,8795
4,8795
5,8796
14,8796
23,8796
2,8797
15,8797
1,8798
4,8798
3,8799
17,8799
2,8800
5,8800
25,8801
24,8802
55,8805
17,8806
55,8809
6,8810
54,8814
27,8816
27,8819
26,8820
41,8820
31,8821
50,8823
9,8824
3,8826
51,8826
1,8827
5,8827
7,8827
38,8828
4,8829
2,8830
4,8830
1,8831
3,8831
9,8832
9,8833
1,8834
5,8834
2,8835
3,8836
2,8837
12,8837
54,8837
4,8838
29,8838
58,8838
1,8839
42,8839
3,8840
13,8840
41,8840
2,8841
1,8842
5,8842
2,8845
5,8846
39,8846
1,8847
42,8847
51,8847
2,8849
4,8849
1,8852
45,8853
2,8855
44,8856
56,8857
1,8858
1,8859
36,8859
2,8860
17,8861
2,8862
8,8863
7,8864
17,8864
3,8865
1,8866
4,8866
5,8868
1,8869
4,8869
54,8869
57,8870
3,8871
44,8871
2,8872
5,8872
33,8873
60,8874
2,8874
39,8874
1,8875
2,8877
36,8878
51,8878
52,8878
54,8880
38,8881
27,8885
46,8885
46,8892
10,8895
42,8895
45,8896
5,8897
50,8898
47,8900
53,8901
25,8902
47,8902
55,8903
35,8906
12,8907
28,8911
55,8915
19,8917
41,8919
14,8920
57,8920
43,8921
53,8921
14,8922
4,8923
53,8924
34,8927
3,8928
40,8928
4,8929
17,8929
29,8929
26,8930
55,8930
5,8931
7,8931
3,8933
29,8933
5,8937
21,8937
4,8938
60,8939
12,8939
38,8939
40,8951
24,8956
46,8956
59,8957
56,8961
47,8963
16,8967
22,8967
50,8967
9,8970
26,8970
46,8970
54,8972
52,8973
60,8979
3,8979
5,8982
15,8982
57,8982
37,8983
19,8984
4,8985
28,8985
1,8986
5,8986
1,8987
4,8987
2,8989
36,8989
57,8989
3,8990
2,8991
55,8991
1,8992
2,8993
21,8993
27,8995
3,8997
4,8998
5,8999
3,9000
4,9001
38,9001
43,9001
13,9003
50,9004
5,9006
15,9006
45,9006
54,9009
51,9010
25,9012
47,9012
33,9016
16,9017
47,9019
51,9019
29,9020
3,9021
35,9022
4,9023
8,9024
5,9025
3,9026
27,9026
15,9027
37,9027
4,9028
5,9029
8,9029
49,9029
47,9030
50,9031
14,9032
42,9032
1,9034
1,9036
52,9036
2,9037
56,9037
1,9038
2,9039
16,9040
49,9040
58,9040
2,9041
3,9041
25,9041
4,9042
5,9043
29,9043
32,9043
4,9044
52,9044
58,9045
3,9046
25,9046
5,9047
22,9047
47,9047
59,9051
8,9052
52,9053
51,9057
49,9059
12,9062
6,9065
32,9067
3,9072
23,9072
16,9075
45,9076
1,9078
2,9080
20,9080
1,9082
33,9082
54,9082
1,9083
2,9084
42,9086
51,9086
2,9088
54,9088
33,9089
3,9091
30,9091
5,9092
44,9093
55,9093
4,9094
5,9095
4,9096
33,9096
39,9096
43,9096
3,9098
1,9100
8,9101
2,9102
13,9103
1,9104
2,9105
53,9107
1,9108
11,9110
23,9111
2,9112
1,9114
12,9114
3,9115
4,9116
2,9117
5,9117
24,9117
46,9117
4,9118
59,9118
1,9119
5,9119
50,9119
1,9120
3,9120
17,9122
2,9124
2,9125
60,9128
6,9129
30,9129
8,9140
28,9140
30,9140
57,9140
3,9141
15,9141
26,9141
49,9141
51,9141
7,9144
29,9145
40,9145
3,9146
15,9146
4,9147
1,9148
5,9148
49,9148
2,9149
5,9149
1,9150
3,9150
60,9151
2,9151
48,9151
4,9152
1,9153
2,9154
26,9158
34,9159
16,9163
46,9167
53,9169
17,9172
6,9175
9,9175
39,9175
12,9176
27,9178
13,9179
51,9186
19,9187
20,9189
22,9190
54,9193
20,9194
19,9197
21,9197
56,9198
7,9199
35,9199
17,9200
3,9203
34,9203
49,9204
4,9206
34,9207
45,9207
49,9207
3,9209
33,9209
5,9211
19,9211
37,9211
52,9213
5,9214
42,9215
4,9216
14,9216
21,9217
57,9217
6,9218
43,9219
10,9220
7,9225
14,9227
1,9228
2,9229
1,9230
2,9231
1,9232
10,9234
47,9234
53,9234
2,9235
11,9236
28,9239
3,9240
4,9241
3,9242
60,9243
32,9243
5,9244
4,9245
23,9245
27,9245
5,9246
9,9247
31,9247
12,9252
52,9254
38,9255
31,9258
30,9261
48,9261
3,9262
4,9263
46,9263
3,9264
5,9265
48,9265
5,9266
4,9267
31,9267
3,9268
33,9269
56,9269
5,9270
22,9270
47,9270
5,9271
4,9273
37,9273
39,9273
4,9274
10,9277
3,9281
32,9282
3,9293
52,9293
4,9294
24,9294
3,9295
5,9296
4,9297
5,9298
52,9299
15,9302
21,9302
24,9302
38,9302
53,9305
1,9306
21,9306
2,9308
1,9309
3,9309
9,9309
44,9309
28,9310
31,9310
2,9312
5,9312
1,9313
4,9313
4,9314
2,9315
3,9315
34,9315
32,9317
5,9318
39,9318
16,9319
20,9319
10,9321
53,9328
22,9332
53,9332
9,9333
48,9333
38,9335
57,9335
52,9336
1,9340
5,9340
1,9341
2,9342
1,9343
15,9344
16,9344
2,9345
2,9346
49,9346
13,9348
35,9348
31,9351
31,9352
11,9353
37,9355
1,9356
6,9356
1,9357
47,9358
57,9358
15,9360
2,9361
46,9363
2,9364
1,9367
42,9368
2,9369
11,9371
56,9373
21,9374
3,9375
21,9375
58,9375
5,9377
4,9378
5,9379
3,9380
4,9382
50,9382
32,9385
24,9386
11,9388
26,9389
39,9392
55,9392
43,9393
38,9397
47,9398
21,9403
44,9403
8,9404
26,9404
55,9405
42,9406
54,9409
3,9412
28,9412
1,9413
4,9413
2,9414
3,9415
1,9416
7,9416
2,9417
4,9417
1,9418
5,9418
2,9419
5,9419
14,9419
20,9420
7,9423
29,9424
39,9424
3,9425
30,9425
4,9428
4,9431
30,9431
5,9432
17,9433
1,9434
19,9434
2,9435
5,9435
34,9435
1,9436
3,9436
1,9437
7,9438
2,9439
14,9439
47,9439
2,9440
2,9441
7,9443
45,9445
22,9446
39,9449
60,9451
2,9452
12,9455
19,9455
49,9455
15,9458
38,9463
27,9464
54,9464
19,9465
15,9467
21,9467
32,9471
40,9475
52,9476
9,9478
20,9479
32,9480
13,9481
50,9482
25,9483
43,9491
7,9495
3,9496
5,9497
5,9498
1,9500
38,9500
54,9500
2,9501
13,9501
1,9502
4,9503
4,9504
30,9504
3,9506
52,9506
2,9508
1,9509
34,9510
2,9511
22,9511
11,9513
37,9513
25,9515
1,9517
6,9517
35,9518
19,9520
1,9521
24,9521
47,9521
48,9521
2,9522
25,9522
12,9524
25,9524
8,9525
1,9526
41,9526
59,9526
2,9527
20,9527
2,9528
46,9530
5,9533
9,9535
11,9535
14,9535
53,9538
34,9543
53,9543
6,9545
47,9545
47,9546
21,9548
6,9555
3,9561
5,9562
5,9563
4,9564
29,9566
4,9568
35,9568
3,9569
26,9569
57,9569
6,9573
37,9573
36,9575
45,9575
3,9577
4,9579
5,9580
5,9582
14,9582
4,9583
44,9583
3,9584
6,9585
16,9586
28,9587
34,9587
41,9591
8,9593
26,9593
29,9596
8,9597
1,9598
11,9598
1,9599
2,9600
2,9602
8,9602
48,9602
1,9603
2,9605
58,9605
1,9606
50,9608
1,9609
31,9609
2,9610
1,9611
43,9611
2,9612
2,9613
36,9623
35,9624
37,9624
51,9625
1,9626
23,9626
2,9627
30,9627
1,9628
1,9629
14,9629
2,9631
2,9633
14,9634
22,9634
30,9635
17,9637
53,9637
26,9638
33,9638
35,9641
58,9641
25,9642
7,9646
10,9648
57,9648
22,9649
30,9653
17,9654
23,9655
14,9659
27,9660
59,9660
3,9663
4,9664
53,9665
59,9665
3,9666
5,9668
1,9669
33,9669
1,9670
2,9671
2,9672
22,9672
58,9672
4,9673
17,9673
31,9673
51,9674
5,9675
34,9676
1,9680
2,9681
32,9681
10,9696
28,9697
51,9698
36,9702
59,9703
1,9704
2,9706
1,9707
3,9708
46,9709
1,9711
55,9711
2,9712
4,9713
49,9713
2,9714
5,9714
1,9715
5,9715
49,9715
4,9716
24,9716
2,9717
1,9718
3,9719
1,9721
34,9721
7,9722
10,9722
2,9724
3,9725
4,9726
41,9726
2,9727
5,9727
1,9728
3,9728
39,9728
46,9728
4,9729
56,9729
1,9730
5,9731
12,9731
2,9732
54,9732
2,9733
36,9736
51,9737
1,9738
2,9739
39,9739
28,9740
15,9745
36,9745
59,9746
50,9747
3,9748
4,9749
5,9750
3,9751
4,9752
5,9753
19,9754
9,9758
46,9758
33,9759
9,9761
52,9765
33,9766
19,9769
9,9770
49,9771
56,9771
18,9772
23,9772
35,9773
39,9773
53,9775
19,9777
3,9780
48,9780
25,9781
33,9781
4,9782
43,9782
5,9785
3,9786
45,9786
5,9787
4,9788
43,9791
45,9792
39,9795
1,9797
40,9797
1,9798
2,9799
8,9799
2,9800
3,9801
1,9802
2,9803
7,9803
51,9803
1,9804
5,9804
1,9805
4,9805
5,9806
2,9807
3,9807
36,9807
50,9807
2,9808
4,9808
1,9810
3,9810
17,9810
2,9811
3,9811
4,9812
39,9812
4,9813
15,9813
5,9814
32,9814
52,9816
5,9817
44,9817
3,9818
43,9818
51,9818
40,9819
17,9820
45,9820
2,9822
45,9822
48,9825
21,9831
21,9832
3,9837
4,9838
30,9838
5,9839
55,9839
5,9840
4,9841
11,9841
3,9842
34,9842
1,9844
3,9844
1,9845
5,9845
2,9847
4,9847
9,9847
2,9848
4,9848
1,9849
5,9849
2,9850
3,9850
47,9850
31,9851
44,9854
58,9854
7,9855
39,9855
25,9857
41,9857
35,9860
39,9860
3,9861
4,9862
35,9862
5,9863
28,9863
60,9864
4,9864
3,9865
10,9865
35,9865
5,9866
3,9867
5,9868
15,9869
41,9870
5,9871
36,9872
43,9872
4,9873
32,9873
25,9874
4,9875
22,9875
57,9875
3,9876
22,9876
55,9878
37,9879
35,9880
50,9881
38,9884
45,9885
34,9887
3,9888
29,9888
1,9889
4,9889
1,9890
32,9890
2,9891
3,9891
1,9892
5,9892
12,9892
2,9893
4,9893
2,9894
5,9894
15,9896
3,9898
4,9899
3,9900
47,9900
4,9901
5,9902
5,9903
19,9903
28,9905
41,9908
1,9912
56,9912
35,9913
49,9913
57,9913
1,9914
45,9914
9,9915
59,9915
35,9916
25,9920
37,9920
2,9921
2,9922
1,9923
2,9924
12,9924
34,9924
38,9925
26,9926
23,9928
1,9929
57,9930
1,9932
34,9932
2,9933
19,9933
22,9933
37,9933
42,9933
2,9934
16,9934
1,9935
40,9935
2,9936
19,9936
24,9937
57,9937
54,9938
41,9939
49,9943
34,9948
6,9953
21,9953
11,9955
6,9957
38,9959
46,9963
36,9969
58,9969
33,9970
1,9971
21,9971
1,9973
43,9973
2,9974
1,9975
2,9976
21,9976
29,9976
2,9977
29,9979
21,9981
36,9983
20,9984
49,9988
24,9989
43,9989
44,9989
8,9991
36,9991
27,9992
47,9997
29,9998
37,9999
