10,2
48,2
32,3
13,6
22,6
43,6
53,6
31,7
10,14
29,16
50,17
37,18
19,21
6,25
11,25
47,26
60,28
3,30
15,31
4,32
25,32
3,34
46,35
4,37
16,37
48,37
8,38
5,39
46,40
5,41
13,41
19,43
58,49
23,51
27,53
31,53
16,54
17,54
30,58
8,61
42,61
40,63
1,67
42,68
1,70
60,72
35,72
54,73
58,74
2,77
1,78
2,80
2,83
1,87
28,88
1,90
16,90
59,91
60,94
3,94
43,94
4,95
2,96
3,96
1,97
5,98
43,98
2,100
2,102
4,103
5,106
17,108
36,108
8,111
1,112
47,112
60,113
1,113
23,113
53,113
2,114
1,115
2,116
8,116
41,116
2,117
28,118
11,119
3,120
1,121
2,122
10,122
1,124
1,125
4,125
11,125
18,125
42,125
47,125
54,125
27,126
47,126
2,127
5,127
2,128
5,128
3,129
36,129
4,130
21,131
44,136
51,137
33,139
20,142
18,144
37,144
28,145
23,147
55,147
36,151
46,152
19,153
52,153
55,155
13,160
42,161
11,162
58,162
39,163
1,164
31,164
16,165
14,166
19,168
31,168
2,169
53,169
9,172
1,173
51,173
57,175
3,176
38,176
1,177
56,177
1,178
1,179
2,180
4,181
9,181
2,182
4,182
18,182
52,182
45,183
39,184
5,185
58,186
29,190
39,190
45,190
58,190
3,192
42,192
5,193
6,194
27,196
47,200
22,202
23,202
46,205
51,205
27,212
56,215
60,220
16,221
14,224
42,225
23,232
52,233
1,234
27,235
2,236
12,236
1,237
2,238
13,238
37,239
1,240
31,240
23,241
31,241
43,241
2,244
20,244
23,244
47,245
43,247
48,248
14,255
50,257
6,258
11,258
10,261
29,261
1,262
11,262
11,263
55,263
3,264
5,265
20,265
43,266
4,267
51,267
5,271
4,272
29,272
1,273
10,274
2,276
1,277
3,277
2,278
33,278
2,280
32,281
36,281
28,284
19,285
32,288
50,288
14,291
22,294
34,294
3,295
20,295
4,298
34,298
12,299
24,299
27,299
41,300
56,300
3,301
5,302
50,302
5,303
44,303
47,303
4,304
19,307
42,308
18,311
4,314
45,318
58,318
3,320
55,322
57,322
4,323
22,323
4,324
5,327
39,328
60,329
53,330
5,331
3,332
46,334
39,336
21,339
25,340
27,340
9,341
19,342
38,348
14,350
55,350
60,352
17,354
29,356
35,356
8,357
53,359
54,359
53,360
28,367
44,367
7,368
53,370
28,371
31,372
57,375
43,376
58,377
6,378
30,379
41,379
38,383
44,386
20,388
28,395
57,396
20,398
51,400
59,400
3,401
10,401
56,403
15,404
58,404
5,405
57,405
1,407
1,408
6,408
44,408
25,409
2,410
4,410
7,410
19,411
53,411
1,412
1,413
2,413
21,413
2,415
14,415
5,417
37,418
3,419
4,420
23,421
36,423
38,424
20,425
41,426
52,426
53,430
15,431
44,432
15,434
58,435
22,437
17,438
25,440
6,446
4,448
58,450
22,451
39,452
56,452
55,456
23,458
49,458
10,460
27,462
21,463
41,467
39,473
58,474
29,476
42,477
2,480
37,488
23,490
14,493
30,493
13,495
35,496
39,496
56,499
27,500
48,500
57,500
24,502
28,502
33,502
44,503
23,507
43,507
19,514
3,516
4,520
17,520
46,520
38,522
40,522
52,522
1,523
3,523
24,523
2,525
5,525
19,525
59,525
4,527
32,527
1,529
5,529
10,529
32,530
1,533
22,535
24,536
48,536
2,539
2,540
30,541
33,545
51,547
58,549
46,554
58,554
34,557
7,558
34,559
55,563
19,565
54,567
37,569
43,571
3,572
44,573
56,575
4,576
22,577
5,579
6,579
3,582
4,583
9,583
13,584
5,587
23,589
51,589
24,590
49,590
16,592
29,597
17,598
32,601
41,602
1,603
50,603
54,603
15,604
27,609
41,609
35,610
10,611
19,612
47,613
3,614
25,614
5,615
5,616
6,616
20,617
4,618
52,618
54,618
50,619
3,621
32,621
3,623
4,627
25,628
43,629
60,632
40,634
28,635
45,636
3,638
1,639
21,639
45,639
4,640
1,641
5,641
35,642
2,644
3,644
2,647
1,649
5,649
55,649
2,650
4,650
23,651
26,651
59,651
38,653
39,661
35,662
41,663
33,664
41,664
52,665
14,670
43,670
41,672
50,674
9,676
47,676
20,677
41,678
6,679
8,680
26,681
31,684
16,686
31,690
35,690
59,692
3,696
35,696
50,696
47,697
5,698
12,699
4,702
30,702
55,702
60,703
3,704
5,705
25,706
45,706
4,707
34,715
27,719
20,721
25,724
60,725
9,729
20,729
6,730
15,730
33,730
55,733
19,735
29,737
56,737
57,745
40,746
12,747
18,748
50,748
33,753
39,757
60,758
59,762
55,763
9,768
24,770
58,770
33,771
56,771
1,772
40,773
1,776
56,777
2,778
2,779
1,781
3,781
12,781
2,782
4,784
5,785
22,785
5,787
13,787
4,788
21,788
34,788
41,788
46,790
55,790
39,792
3,793
60,794
21,798
50,798
4,799
14,799
42,799
50,800
55,802
59,802
3,803
57,803
5,805
59,805
4,806
27,806
16,807
56,808
4,809
48,810
10,811
5,812
49,814
51,815
3,816
9,816
1,820
2,821
15,821
1,822
59,822
1,823
38,825
56,825
2,826
32,826
3,828
43,828
10,829
31,830
2,831
39,831
14,836
27,838
56,838
28,841
16,842
42,842
10,846
34,850
2,851
35,853
12,854
51,855
14,858
17,860
1,864
1,866
60,867
2,867
3,867
53,868
48,869
1,871
21,871
52,871
2,872
8,872
2,876
7,876
54,877
14,879
10,884
12,885
9,888
12,890
40,890
10,892
50,892
48,893
7,895
5,897
23,898
25,898
41,901
50,902
47,903
41,904
24,908
51,909
3,910
28,910
4,911
4,914
41,914
55,914
23,915
44,915
3,919
26,919
37,919
5,920
10,920
5,921
35,922
40,922
57,924
51,925
20,927
34,929
18,931
35,933
42,933
19,934
27,935
37,938
13,939
13,940
40,941
52,945
52,946
59,949
43,951
58,951
10,953
28,954
20,955
27,955
16,958
8,961
30,961
35,961
8,963
40,963
49,964
24,965
32,966
3,968
4,970
10,970
1,971
4,972
1,973
2,974
5,975
1,976
2,979
54,979
55,979
8,980
14,980
54,980
2,981
5,981
48,981
48,982
3,983
43,984
39,986
6,987
1,988
12,989
25,990
27,990
1,991
3,992
2,993
4,995
19,995
2,996
1,1000
5,1000
3,1002
26,1002
2,1003
58,1003
5,1004
47,1005
4,1007
56,1007
11,1008
35,1008
31,1009
32,1011
6,1017
28,1017
3,1018
5,1020
22,1020
32,1020
16,1021
34,1021
50,1021
4,1022
24,1022
4,1023
25,1023
5,1027
11,1027
36,1027
3,1028
1,1030
13,1032
9,1033
2,1034
21,1034
46,1034
21,1035
1,1037
24,1038
8,1039
41,1039
2,1041
29,1041
38,1042
25,1043
1,1044
15,1044
45,1044
50,1044
51,1044
2,1045
3,1047
42,1047
4,1049
15,1049
52,1050
3,1051
5,1052
24,1053
30,1053
5,1054
45,1054
4,1055
19,1057
19,1058
42,1060
47,1061
51,1063
32,1064
27,1069
13,1070
11,1072
12,1073
14,1078
33,1078
34,1081
54,1086
43,1087
12,1089
17,1091
26,1093
60,1094
12,1094
6,1095
10,1096
21,1096
13,1097
3,1098
5,1099
19,1099
27,1099
4,1100
49,1101
5,1103
10,1104
43,1104
3,1106
4,1107
3,1108
18,1108
13,1109
26,1109
30,1111
54,1111
5,1112
21,1112
4,1113
22,1113
26,1113
7,1115
54,1115
5,1117
3,1118
4,1120
21,1120
57,1124
52,1125
42,1126
6,1128
34,1130
21,1133
27,1134
28,1134
21,1135
38,1136
56,1136
3,1137
50,1137
53,1137
22,1138
25,1138
5,1139
32,1141
4,1142
19,1142
37,1142
25,1143
5,1144
26,1144
4,1146
3,1147
55,1149
49,1151
31,1152
25,1153
4,1157
20,1161
25,1161
3,1164
4,1165
4,1166
5,1167
1,1168
55,1169
5,1172
3,1174
49,1174
1,1175
37,1175
7,1176
2,1178
2,1180
1,1181
24,1182
45,1182
22,1183
30,1183
44,1184
2,1186
35,1189
59,1189
20,1190
39,1190
51,1192
42,1193
7,1195
48,1195
54,1195
16,1197
18,1201
47,1201
50,1201
34,1202
11,1205
57,1206
11,1207
34,1209
10,1210
57,1210
21,1214
47,1216
3,1217
7,1217
58,1217
38,1218
30,1220
4,1221
5,1222
3,1223
6,1224
36,1224
57,1224
17,1225
4,1226
12,1229
43,1229
5,1230
21,1234
29,1234
30,1237
1,1239
57,1243
17,1245
54,1245
15,1247
24,1247
1,1248
50,1249
58,1250
2,1251
2,1253
16,1255
31,1255
1,1258
2,1259
36,1261
56,1262
1,1264
26,1264
46,1264
1,1265
59,1265
2,1267
2,1268
1,1269
24,1271
2,1273
48,1274
48,1275
20,1277
29,1277
1,1280
25,1280
31,1280
1,1282
2,1283
52,1284
2,1285
51,1285
43,1288
26,1290
1,1291
18,1291
18,1292
2,1293
26,1295
9,1296
18,1296
32,1299
57,1303
29,1305
31,1306
48,1306
21,1308
51,1308
1,1309
33,1310
1,1311
2,1312
45,1312
52,1312
2,1313
10,1313
23,1313
1,1316
11,1316
31,1316
34,1316
35,1321
50,1322
55,1322
2,1325
53,1326
27,1329
42,1329
54,1329
46,1331
26,1333
59,1338
15,1339
27,1339
55,1339
56,1339
56,1340
11,1343
3,1346
38,1347
5,1348
4,1349
5,1350
50,1351
4,1352
37,1352
46,1353
28,1355
32,1356
41,1356
3,1357
42,1357
58,1359
7,1363
3,1370
12,1370
51,1374
21,1375
11,1377
39,1381
21,1384
60,1385
6,1388
46,1388
17,1389
58,1389
37,1391
55,1395
10,1397
8,1398
21,1403
1,1406
1,1409
4,1410
2,1411
14,1411
1,1412
9,1412
20,1413
31,1413
2,1416
49,1416
2,1420
59,1420
32,1423
22,1424
23,1425
24,1427
51,1427
32,1430
25,1434
9,1435
34,1435
56,1438
55,1444
34,1446
7,1450
16,1450
7,1451
46,1452
29,1453
12,1454
47,1465
28,1473
41,1474
21,1477
53,1478
1,1480
33,1480
40,1481
43,1487
3,1488
33,1489
4,1490
5,1491
24,1491
1,1492
2,1494
31,1494
1,1496
4,1497
3,1499
5,1500
1,1501
20,1501
52,1502
2,1504
22,1506
58,1506
3,1508
24,1508
33,1508
37,1508
2,1509
5,1509
36,1509
56,1509
4,1510
13,1510
53,1511
13,1512
4,1516
4,1517
36,1519
56,1520
5,1523
33,1524
3,1525
29,1525
7,1527
58,1527
51,1528
43,1530
12,1531
14,1531
34,1531
18,1532
23,1532
2,1539
59,1540
40,1541
31,1542
2,1547
25,1547
37,1547
60,1551
60,1554
9,1557
47,1557
31,1560
43,1560
55,1560
11,1561
33,1562
18,1565
3,1567
4,1568
36,1568
5,1569
4,1572
10,1573
40,1573
5,1575
50,1576
3,1577
28,1577
32,1579
50,1580
60,1582
16,1582
21,1585
9,1586
51,1586
10,1589
21,1589
34,1589
53,1594
33,1595
37,1596
13,1597
18,1603
45,1607
16,1609
57,1609
37,1610
58,1610
38,1612
50,1612
58,1614
48,1616
50,1618
37,1622
1,1624
1,1625
40,1625
47,1625
2,1626
2,1627
1,1628
2,1630
14,1630
48,1630
3,1633
52,1633
37,1635
10,1636
23,1637
52,1637
35,1640
13,1641
46,1641
44,1644
12,1645
19,1647
23,1648
3,1651
42,1652
5,1657
4,1658
29,1658
5,1661
9,1662
15,1662
4,1663
3,1664
52,1664
16,1666
37,1669
50,1669
58,1669
17,1670
43,1670
57,1670
32,1671
32,1673
49,1673
14,1674
28,1674
46,1677
31,1679
36,1679
16,1680
53,1680
21,1684
31,1685
48,1685
7,1686
12,1687
35,1687
13,1693
18,1693
58,1693
8,1694
57,1694
55,1696
29,1698
25,1699
53,1699
14,1703
45,1705
7,1708
16,1709
57,1710
26,1711
8,1712
44,1717
19,1720
27,1723
29,1724
33,1729
45,1732
13,1733
18,1733
57,1736
34,1738
1,1739
1,1740
39,1742
2,1743
13,1743
2,1744
12,1744
49,1744
1,1745
15,1746
2,1749
16,1750
39,1750
25,1751
13,1752
42,1755
48,1756
7,1758
9,1758
14,1760
1,1762
42,1763
46,1763
2,1765
14,1765
17,1765
1,1767
33,1769
2,1771
59,1771
1,1772
39,1772
2,1773
3,1774
4,1775
18,1775
26,1775
4,1778
13,1778
1,1780
3,1780
33,1780
42,1781
1,1782
5,1783
32,1783
5,1786
16,1788
48,1788
40,1789
42,1790
2,1792
38,1792
2,1794
18,1796
32,1796
1,1799
20,1800
2,1801
23,1802
50,1802
52,1803
3,1806
5,1807
9,1808
16,1808
31,1808
45,1809
35,1810
16,1812
50,1812
41,1814
4,1815
4,1816
16,1816
20,1816
54,1816
37,1817
5,1818
59,1818
23,1819
3,1820
32,1822
21,1824
28,1828
1,1831
2,1834
39,1834
1,1835
1,1837
47,1837
60,1838
2,1838
30,1838
2,1839
17,1839
59,1842
3,1843
23,1844
40,1845
15,1847
26,1847
1,1849
5,1849
4,1850
7,1850
4,1851
50,1851
56,1852
1,1853
3,1853
2,1854
5,1854
8,1854
60,1855
13,1855
2,1856
41,1856
1,1857
14,1857
30,1857
54,1857
19,1858
2,1860
27,1861
56,1861
58,1861
15,1864
7,1865
47,1869
43,1870
48,1870
20,1871
49,1871
48,1873
15,1874
35,1874
44,1874
33,1881
10,1884
15,1889
12,1890
6,1892
10,1893
24,1894
5,1896
25,1896
55,1907
48,1910
13,1911
48,1911
44,1913
15,1915
36,1915
53,1917
1,1918
6,1918
31,1920
27,1923
39,1930
7,1931
11,1932
26,1934
9,1935
38,1936
23,1943
59,1943
27,1945
32,1946
35,1946
11,1949
23,1950
37,1950
45,1951
12,1953
33,1953
25,1954
14,1955
50,1955
15,1956
48,1959
25,1960
45,1962
44,1963
16,1965
20,1969
54,1969
48,1970
55,1971
55,1972
53,1973
7,1974
25,1975
5,1983
8,1983
28,1988
36,1989
49,1989
36,1992
34,1996
3,1999
48,1999
4,2000
60,2001
5,2001
41,2001
56,2002
54,2003
20,2005
3,2006
4,2007
20,2007
55,2010
5,2011
39,2012
51,2014
9,2016
51,2017
25,2019
5,2021
6,2024
7,2025
13,2025
59,2027
9,2028
12,2028
15,2029
19,2029
31,2029
16,2031
45,2038
58,2039
28,2040
23,2046
25,2049
28,2049
40,2050
57,2052
50,2056
60,2058
35,2061
33,2063
55,2063
59,2063
29,2064
58,2064
27,2066
31,2068
41,2068
38,2069
47,2070
39,2073
1,2076
2,2077
43,2077
55,2080
24,2081
1,2083
2,2085
1,2086
18,2086
21,2089
2,2090
28,2092
8,2096
14,2096
3,2098
47,2099
5,2100
7,2100
4,2101
8,2101
47,2102
39,2104
11,2105
5,2107
4,2108
16,2108
3,2109
8,2110
37,2110
27,2111
34,2111
57,2113
31,2114
37,2119
55,2126
55,2129
34,2131
22,2133
50,2133
12,2134
50,2135
3,2140
17,2142
6,2143
9,2143
34,2143
5,2145
22,2147
4,2149
4,2150
5,2151
49,2151
24,2152
22,2153
25,2155
3,2157
1,2158
1,2159
51,2160
53,2160
2,2161
33,2161
1,2163
53,2163
58,2163
50,2164
28,2165
32,2165
37,2165
49,2165
16,2167
21,2167
2,2168
10,2169
40,2170
2,2172
29,2172
19,2175
24,2178
52,2181
60,2184
46,2185
13,2187
17,2187
35,2187
43,2187
60,2190
37,2193
21,2194
59,2196
38,2200
48,2200
38,2204
40,2204
50,2205
59,2206
58,2207
33,2208
40,2209
16,2210
36,2210
1,2211
7,2211
1,2212
3,2212
47,2212
2,2213
4,2215
29,2215
50,2215
4,2216
2,2217
5,2217
1,2218
3,2218
7,2218
5,2219
32,2219
2,2221
29,2221
23,2223
38,2223
60,2225
47,2226
48,2227
7,2229
12,2232
22,2232
44,2232
26,2233
47,2234
8,2236
30,2238
9,2241
37,2241
34,2242
15,2244
5,2246
35,2247
35,2252
40,2252
53,2253
26,2255
31,2255
3,2256
4,2257
24,2257
59,2258
45,2259
4,2260
5,2261
3,2265
5,2266
1,2269
37,2269
48,2269
1,2270
11,2270
38,2270
51,2270
2,2271
46,2271
14,2272
2,2273
1,2274
34,2274
2,2275
34,2277
40,2278
3,2281
28,2281
53,2281
4,2282
21,2282
59,2283
3,2284
45,2284
5,2285
22,2285
4,2286
5,2287
54,2289
8,2290
59,2291
10,2293
21,2294
20,2295
17,2298
1,2300
1,2301
35,2303
45,2304
2,2305
35,2305
41,2305
36,2308
19,2309
20,2309
56,2309
59,2309
1,2310
3,2311
58,2311
5,2312
22,2312
2,2313
4,2314
2,2317
5,2317
3,2319
4,2320
16,2322
42,2322
44,2322
4,2323
40,2326
41,2326
47,2326
3,2327
5,2329
5,2330
27,2330
4,2331
35,2331
3,2335
30,2336
4,2337
41,2337
27,2338
31,2339
10,2340
46,2344
39,2349
48,2355
25,2364
32,2364
21,2366
8,2368
8,2369
10,2370
60,2372
26,2372
35,2372
7,2373
7,2374
21,2375
42,2375
46,2375
50,2381
49,2386
36,2390
51,2394
38,2395
49,2397
54,2401
30,2402
53,2402
3,2403
57,2407
50,2408
28,2409
18,2415
29,2417
40,2418
55,2419
13,2420
12,2425
18,2425
34,2428
3,2432
60,2433
5,2434
4,2435
7,2436
32,2438
4,2439
5,2440
11,2440
37,2440
3,2441
31,2443
51,2444
22,2446
59,2446
17,2447
33,2448
19,2450
19,2455
52,2455
46,2457
20,2459
1,2460
34,2463
28,2464
29,2464
8,2466
33,2467
55,2467
54,2470
1,2472
9,2472
51,2474
30,2476
46,2476
1,2477
44,2477
1,2479
2,2481
1,2482
11,2482
30,2483
57,2483
2,2484
2,2485
3,2490
5,2491
4,2494
7,2494
3,2495
5,2497
4,2499
8,2499
22,2499
3,2505
23,2505
28,2505
15,2506
5,2507
4,2508
6,2508
4,2509
50,2509
5,2510
46,2510
1,2512
13,2512
44,2512
1,2513
11,2514
58,2514
3,2515
2,2516
27,2516
52,2516
2,2517
1,2518
2,2521
7,2522
43,2522
47,2522
7,2523
45,2524
15,2526
40,2526
56,2526
50,2528
6,2530
10,2531
17,2531
59,2532
52,2533
18,2534
44,2535
9,2536
23,2538
50,2538
12,2539
26,2547
57,2548
36,2549
6,2551
21,2552
42,2554
9,2556
38,2557
1,2558
42,2560
1,2561
14,2562
2,2563
2,2564
11,2564
29,2566
34,2566
45,2567
56,2567
40,2568
52,2568
27,2572
1,2573
42,2573
12,2574
24,2574
56,2575
2,2576
59,2578
42,2579
44,2579
59,2579
28,2580
38,2580
51,2580
52,2583
29,2585
45,2585
3,2587
42,2587
44,2589
5,2590
4,2591
13,2591
44,2594
5,2596
13,2596
3,2597
31,2597
4,2598
18,2598
58,2603
46,2604
31,2606
13,2608
46,2614
47,2618
10,2620
53,2623
14,2624
27,2624
48,2625
3,2627
27,2627
4,2629
40,2629
39,2633
4,2636
5,2637
51,2639
53,2639
5,2640
3,2641
33,2641
13,2643
1,2644
14,2645
17,2645
39,2645
1,2646
49,2646
2,2647
1,2648
13,2648
2,2649
56,2650
25,2651
49,2651
2,2653
46,2657
18,2659
15,2664
3,2668
12,2669
4,2672
35,2672
15,2673
5,2677
5,2678
3,2679
58,2680
4,2683
32,2683
56,2683
6,2684
48,2685
3,2686
8,2686
37,2686
57,2687
4,2689
18,2689
14,2690
5,2691
37,2691
4,2692
37,2692
3,2695
40,2695
5,2696
30,2701
54,2702
4,2704
22,2704
14,2705
42,2705
29,2706
59,2707
47,2711
19,2712
47,2712
30,2713
40,2714
8,2715
40,2716
18,2719
44,2724
23,2728
30,2729
6,2731
11,2731
31,2731
10,2735
42,2736
31,2737
13,2738
58,2738
11,2745
1,2748
6,2748
2,2749
49,2749
1,2750
39,2750
1,2752
11,2752
29,2753
2,2755
25,2756
2,2758
26,2758
53,2758
18,2760
20,2760
6,2763
43,2764
28,2766
13,2769
22,2772
60,2774
35,2776
41,2778
10,2781
23,2781
24,2781
25,2781
1,2783
1,2784
19,2784
53,2786
13,2790
2,2791
28,2793
1,2798
11,2800
3,2801
2,2803
5,2803
4,2804
2,2805
3,2805
11,2805
4,2806
5,2809
32,2811
53,2811
12,2812
26,2814
49,2815
32,2818
13,2821
28,2823
60,2834
44,2835
41,2836
44,2836
32,2841
42,2843
1,2844
2,2847
44,2847
45,2847
1,2849
1,2851
25,2852
2,2853
14,2853
34,2853
50,2853
46,2854
47,2854
2,2855
35,2855
8,2856
30,2858
36,2859
42,2859
56,2859
31,2863
33,2866
56,2867
59,2867
47,2874
51,2875
3,2876
26,2877
11,2878
46,2878
4,2881
16,2882
14,2883
55,2883
3,2884
49,2884
5,2886
27,2887
5,2890
15,2891
39,2891
4,2893
37,2893
40,2893
25,2894
58,2894
40,2896
1,2898
34,2898
2,2899
9,2900
1,2901
1,2903
2,2904
46,2904
40,2905
22,2906
52,2906
27,2907
52,2910
2,2911
32,2914
7,2919
22,2923
17,2926
36,2926
35,2928
55,2930
9,2931
30,2931
36,2931
3,2933
25,2933
48,2934
5,2935
10,2935
4,2936
23,2936
52,2937
4,2939
38,2939
3,2941
12,2941
43,2941
5,2942
55,2942
1,2943
19,2943
1,2945
37,2945
41,2945
10,2946
40,2946
2,2948
59,2948
1,2950
2,2951
28,2952
2,2954
29,2954
30,2954
31,2954
12,2955
14,2955
29,2955
19,2962
45,2963
20,2969
20,2973
22,2973
29,2973
21,2974
18,2978
22,2984
35,2987
17,2989
50,2989
37,2990
39,2992
52,2992
56,2992
7,2995
47,2995
25,2997
47,3006
26,3007
34,3007
36,3008
53,3008
9,3009
1,3010
1,3012
2,3013
49,3013
2,3015
23,3015
42,3015
55,3015
1,3016
22,3016
37,3016
50,3016
12,3017
29,3017
2,3018
49,3021
34,3022
48,3022
13,3023
38,3023
46,3024
54,3024
47,3027
44,3028
35,3029
7,3031
43,3031
1,3033
50,3034
59,3034
19,3035
1,3037
3,3040
16,3040
2,3042
1,3043
7,3043
5,3044
15,3044
14,3045
2,3046
5,3046
2,3047
39,3047
4,3048
3,3052
36,3053
49,3054
41,3055
4,3059
23,3059
56,3059
1,3065
57,3065
20,3066
30,3067
2,3068
57,3068
1,3072
2,3073
46,3074
54,3074
41,3076
1,3077
51,3081
20,3082
2,3083
34,3083
41,3084
41,3086
55,3087
53,3090
7,3092
20,3092
3,3093
45,3094
1,3096
4,3096
35,3096
4,3098
19,3098
57,3102
5,3103
23,3105
5,3106
3,3108
45,3109
9,3116
37,3117
46,3119
52,3119
1,3120
17,3120
1,3121
49,3121
2,3122
12,3122
17,3122
1,3123
2,3124
46,3125
15,3127
23,3127
46,3127
11,3128
52,3128
2,3129
26,3129
28,3129
12,3131
1,3132
49,3133
41,3134
48,3134
1,3135
36,3135
16,3137
24,3137
2,3138
3,3138
18,3138
5,3139
12,3139
2,3140
4,3140
29,3140
3,3142
1,3144
4,3144
29,3144
42,3144
13,3146
19,3146
2,3147
5,3148
54,3148
6,3151
51,3151
41,3153
22,3157
26,3158
39,3158
17,3159
43,3159
42,3160
29,3162
37,3162
13,3164
24,3165
46,3166
37,3170
34,3172
10,3174
58,3174
26,3176
32,3177
55,3177
1,3179
1,3181
3,3181
16,3182
40,3182
50,3184
2,3186
57,3186
1,3189
2,3190
17,3191
2,3193
18,3194
17,3195
54,3197
14,3202
18,3204
48,3206
34,3208
9,3209
11,3210
46,3211
36,3212
40,3213
53,3213
13,3214
18,3214
60,3215
51,3218
12,3224
33,3224
47,3225
21,3226
14,3227
22,3227
25,3229
27,3229
59,3229
1,3231
36,3232
46,3232
2,3233
3,3233
58,3233
60,3234
1,3234
11,3234
2,3235
4,3236
5,3237
9,3237
1,3238
45,3239
2,3240
14,3240
5,3241
4,3243
36,3243
3,3244
53,3245
6,3247
22,3247
43,3247
43,3248
36,3250
44,3250
25,3251
54,3252
30,3257
23,3261
31,3263
3,3266
28,3267
43,3268
10,3269
28,3271
36,3272
51,3274
37,3275
16,3276
45,3276
14,3277
40,3278
43,3279
11,3282
29,3284
51,3284
58,3285
60,3286
3,3288
5,3290
4,3292
48,3294
5,3296
50,3296
4,3298
29,3298
52,3299
3,3300
30,3300
26,3301
43,3302
36,3303
21,3304
58,3305
21,3307
28,3309
41,3312
55,3314
35,3320
15,3322
49,3324
45,3328
28,3330
54,3332
45,3333
17,3337
47,3337
19,3339
60,3346
39,3348
47,3348
14,3351
35,3351
49,3354
59,3358
30,3360
31,3360
44,3360
38,3361
40,3361
3,3362
36,3363
4,3366
4,3367
16,3368
22,3369
5,3370
22,3370
44,3370
45,3372
5,3374
47,3374
3,3375
57,3377
30,3378
46,3378
55,3380
15,3381
19,3381
45,3381
31,3382
21,3385
46,3385
3,3386
56,3386
19,3387
58,3387
4,3388
16,3389
56,3389
3,3390
5,3392
5,3396
52,3397
4,3398
3,3401
4,3402
5,3403
44,3404
53,3404
16,3405
45,3405
4,3406
3,3407
5,3408
8,3408
28,3410
15,3412
7,3414
35,3414
21,3416
60,3419
27,3421
16,3425
18,3426
44,3427
30,3429
20,3430
13,3431
44,3433
47,3433
21,3434
15,3436
29,3436
39,3437
18,3438
11,3445
41,3448
46,3449
57,3449
42,3450
39,3454
56,3461
58,3461
39,3462
28,3464
33,3464
30,3467
34,3467
25,3469
23,3471
39,3471
27,3472
40,3472
25,3473
43,3473
55,3473
31,3477
33,3482
17,3484
50,3487
11,3489
14,3489
23,3489
57,3490
21,3494
32,3494
13,3496
18,3497
16,3498
21,3500
56,3502
20,3503
12,3506
55,3507
17,3508
39,3510
31,3513
3,3514
27,3514
49,3514
4,3516
4,3519
7,3519
46,3520
24,3521
26,3521
36,3522
5,3523
17,3525
38,3525
3,3527
5,3528
58,3530
60,3531
32,3534
31,3538
3,3540
5,3541
46,3546
56,3546
4,3547
4,3548
22,3550
48,3550
5,3553
58,3553
3,3554
14,3554
27,3556
19,3561
32,3563
56,3564
18,3565
33,3565
22,3566
1,3567
22,3567
38,3569
1,3570
2,3572
52,3572
1,3573
35,3573
2,3576
3,3576
27,3576
4,3577
1,3578
5,3578
33,3578
3,3579
4,3580
2,3581
25,3581
52,3581
5,3583
60,3585
9,3585
14,3585
35,3585
20,3586
52,3587
25,3588
9,3589
14,3597
59,3597
59,3598
31,3604
59,3608
21,3609
58,3611
34,3612
49,3615
12,3616
34,3618
47,3620
3,3623
4,3625
10,3625
5,3626
4,3627
29,3627
42,3627
33,3629
3,3630
58,3630
9,3631
5,3632
11,3634
24,3634
58,3640
19,3641
1,3645
8,3646
1,3650
13,3651
2,3654
9,3654
27,3654
50,3655
2,3656
1,3659
13,3659
2,3660
22,3661
39,3661
3,3667
4,3669
8,3669
3,3670
7,3671
37,3675
59,3675
5,3677
22,3678
26,3678
35,3678
50,3678
38,3679
44,3679
4,3680
27,3680
32,3680
57,3682
26,3683
5,3684
28,3685
47,3685
8,3689
3,3691
52,3691
10,3692
5,3694
30,3694
4,3699
45,3699
4,3700
5,3701
36,3701
37,3701
3,3702
1,3703
19,3703
1,3705
2,3706
23,3708
46,3710
60,3712
1,3712
2,3713
2,3714
24,3714
36,3720
20,3723
31,3723
29,3724
32,3726
35,3726
20,3729
8,3733
24,3733
50,3734
12,3735
1,3736
34,3736
60,3737
1,3737
15,3737
12,3738
47,3738
2,3739
52,3739
2,3740
43,3742
1,3744
2,3745
43,3750
13,3753
27,3756
34,3759
1,3763
14,3763
26,3766
39,3766
16,3767
12,3768
29,3769
13,3770
1,3771
2,3774
55,3775
2,3777
1,3778
14,3778
2,3781
1,3782
2,3783
1,3785
2,3788
22,3788
1,3792
2,3794
58,3798
44,3801
15,3804
21,3804
29,3804
1,3807
34,3807
28,3808
51,3808
42,3809
11,3811
1,3812
55,3813
2,3815
1,3817
9,3817
2,3818
2,3819
39,3822
50,3822
11,3824
22,3826
24,3827
17,3828
37,3828
17,3830
19,3833
40,3834
42,3836
1,3837
19,3837
1,3838
25,3840
48,3840
2,3841
2,3845
20,3845
1,3846
2,3848
3,3848
4,3849
36,3849
39,3849
5,3853
4,3854
55,3854
5,3855
45,3855
51,3855
26,3856
3,3857
43,3857
7,3858
32,3859
58,3859
8,3861
31,3864
35,3864
22,3866
17,3868
1,3872
27,3873
2,3874
1,3875
18,3875
41,3877
60,3878
39,3878
14,3879
26,3880
47,3880
1,3881
4,3881
2,3885
13,3885
2,3886
33,3887
39,3894
57,3894
22,3900
60,3904
1,3906
36,3907
58,3907
18,3909
34,3910
43,3910
51,3910
29,3912
59,3912
33,3914
2,3916
25,3916
1,3918
36,3919
2,3921
26,3921
1,3922
2,3923
19,3923
20,3924
9,3927
31,3927
33,3928
35,3928
18,3933
46,3935
42,3937
15,3938
23,3939
38,3942
13,3943
37,3949
17,3950
40,3951
31,3952
19,3953
29,3953
54,3955
57,3955
44,3956
57,3956
11,3958
57,3958
39,3959
56,3975
57,3976
3,3977
10,3977
56,3977
47,3979
21,3980
4,3981
5,3982
29,3982
39,3983
19,3984
58,3984
42,3986
56,3986
4,3989
10,3990
3,3991
9,3992
50,3992
12,3993
5,3996
7,3998
16,3998
25,3999
50,4004
38,4005
28,4006
52,4006
39,4008
31,4014
58,4017
56,4018
54,4020
46,4023
3,4024
5,4026
50,4027
58,4028
5,4029
4,4030
9,4030
48,4030
3,4031
57,4033
1,4035
4,4035
42,4036
1,4037
38,4037
55,4037
2,4038
15,4038
2,4040
16,4040
1,4041
8,4041
2,4043
59,4043
58,4045
25,4046
15,4050
29,4050
1,4053
54,4053
28,4054
50,4055
32,4056
37,4058
43,4058
50,4060
2,4062
1,4063
2,4064
1,4065
2,4069
26,4070
36,4072
39,4073
44,4077
22,4079
24,4083
16,4084
1,4089
44,4089
10,4090
15,4090
42,4090
12,4094
17,4094
53,4094
34,4095
36,4095
42,4095
13,4097
39,4097
53,4099
16,4101
51,4101
23,4102
19,4103
1,4104
31,4106
33,4106
41,4107
24,4108
35,4109
23,4110
2,4112
11,4113
1,4114
2,4115
1,4118
46,4118
2,4119
33,4125
25,4126
32,4129
28,4130
44,4130
38,4134
54,4134
9,4137
42,4138
43,4138
1,4140
1,4142
16,4146
2,4147
2,4148
1,4149
24,4149
46,4149
2,4153
60,4154
37,4154
1,4155
47,4155
1,4156
47,4156
34,4157
2,4159
11,4159
55,4159
1,4160
42,4160
51,4162
2,4163
2,4164
13,4164
51,4166
27,4167
23,4168
34,4169
10,4170
2,4172
18,4175
57,4176
17,4177
53,4178
34,4181
52,4181
17,4182
3,4183
43,4183
53,4183
9,4184
4,4185
48,4185
3,4187
57,4187
5,4188
5,4191
28,4191
6,4193
4,4196
24,4196
7,4198
39,4201
54,4202
31,4203
22,4205
58,4207
58,4210
23,4211
1,4212
44,4212
2,4213
11,4213
21,4213
1,4214
2,4215
47,4215
1,4216
58,4220
14,4221
35,4222
52,4223
2,4224
12,4225
10,4226
39,4226
46,4227
9,4230
3,4233
14,4233
5,4234
57,4234
36,4236
4,4238
26,4240
3,4241
37,4241
31,4242
25,4243
5,4244
4,4245
39,4246
52,4246
32,4247
35,4248
1,4250
14,4250
57,4250
53,4251
1,4253
9,4254
10,4254
2,4257
1,4258
24,4258
57,4259
2,4260
40,4261
2,4262
7,4263
28,4263
1,4265
53,4265
1,4266
22,4266
2,4267
28,4267
1,4268
2,4270
39,4271
2,4272
49,4272
1,4273
1,4275
2,4276
42,4277
27,4278
2,4279
24,4279
1,4280
2,4281
7,4281
6,4282
16,4282
19,4282
40,4286
32,4293
33,4294
49,4296
7,4298
35,4301
55,4305
20,4306
39,4307
38,4313
11,4314
57,4315
3,4320
5,4322
57,4325
5,4326
25,4326
60,4327
4,4327
31,4327
4,4329
3,4330
6,4330
28,4330
43,4330
35,4331
28,4332
3,4333
9,4333
4,4334
3,4335
20,4335
44,4335
5,4337
37,4337
4,4340
5,4341
26,4342
29,4343
33,4344
55,4345
26,4351
45,4352
3,4355
14,4355
4,4356
5,4357
5,4358
43,4358
3,4359
4,4362
52,4362
22,4366
60,4367
34,4369
53,4369
35,4376
58,4376
11,4377
37,4377
18,4379
35,4379
10,4380
28,4380
20,4382
22,4382
38,4383
52,4383
54,4383
30,4386
51,4388
8,4389
18,4389
20,4391
45,4394
59,4395
6,4396
18,4396
7,4397
23,4399
34,4400
45,4400
26,4404
50,4406
46,4408
43,4410
14,4411
9,4416
6,4417
38,4421
8,4422
3,4427
14,4427
4,4428
7,4428
10,4428
15,4431
22,4431
40,4431
4,4432
29,4432
3,4433
50,4433
5,4434
5,4436
20,4436
35,4440
49,4440
25,4446
1,4450
18,4451
2,4452
24,4452
31,4452
1,4455
13,4455
37,4455
1,4457
59,4457
2,4458
2,4459
44,4459
3,4462
27,4462
50,4462
5,4463
26,4465
29,4465
40,4466
9,4467
5,4469
4,4470
4,4471
12,4473
3,4474
39,4475
12,4476
11,4477
32,4478
19,4479
26,4479
46,4479
9,4485
22,4488
32,4489
3,4492
27,4492
37,4492
4,4495
10,4495
49,4496
4,4498
40,4498
19,4501
51,4501
3,4502
16,4503
5,4507
59,4508
5,4510
40,4510
43,4512
55,4516
58,4516
44,4517
42,4518
30,4522
52,4522
56,4522
11,4526
3,4527
15,4528
31,4528
4,4532
4,4533
55,4534
3,4535
5,4537
37,4537
51,4537
5,4538
14,4538
32,4540
54,4541
18,4546
12,4547
45,4548
40,4549
60,4550
12,4550
52,4555
46,4556
7,4557
27,4560
38,4560
46,4562
33,4563
44,4563
7,4565
33,4565
8,4568
21,4568
24,4568
38,4568
60,4571
34,4571
27,4573
19,4574
8,4575
51,4578
52,4579
57,4581
6,4585
47,4585
50,4585
33,4587
18,4588
18,4589
18,4590
58,4590
60,4594
33,4598
59,4599
47,4600
7,4605
5,4606
60,4610
44,4614
24,4616
35,4617
52,4620
13,4621
14,4622
23,4623
1,4626
36,4629
15,4630
23,4630
31,4636
28,4639
48,4640
57,4641
60,4643
3,4645
34,4645
4,4646
28,4647
3,4651
36,4652
5,4653
41,4653
5,4654
18,4655
4,4657
46,4659
14,4661
42,4662
20,4664
50,4669
50,4670
35,4674
36,4674
20,4675
57,4679
35,4680
16,4681
10,4682
24,4682
35,4684
44,4684
45,4684
60,4686
13,4686
7,4687
19,4687
2,4689
40,4689
48,4692
12,4694
27,4695
13,4697
27,4698
58,4698
27,4703
3,4704
35,4704
4,4705
19,4705
4,4706
57,4706
5,4708
3,4709
38,4709
5,4711
51,4712
8,4717
44,4717
14,4718
11,4722
53,4722
41,4726
17,4727
56,4727
25,4728
58,4730
45,4735
35,4740
31,4745
46,4746
1,4747
1,4749
37,4749
45,4749
2,4751
1,4752
47,4752
27,4753
29,4753
2,4754
18,4754
14,4756
1,4757
46,4760
2,4761
53,4762
45,4763
14,4767
49,4767
39,4768
37,4770
50,4770
45,4774
48,4774
55,4777
56,4777
33,4778
43,4781
10,4782
3,4783
4,4784
3,4785
4,4787
5,4790
5,4791
23,4792
6,4794
38,4794
48,4798
8,4799
38,4802
1,4803
2,4806
13,4810
31,4810
35,4811
26,4812
6,4813
33,4813
22,4815
57,4815
52,4819
1,4820
18,4822
18,4824
47,4825
2,4826
38,4826
1,4827
6,4828
9,4828
10,4829
38,4829
51,4829
56,4829
2,4830
37,4830
35,4832
54,4832
8,4834
41,4834
53,4834
11,4835
27,4837
14,4838
35,4839
16,4840
10,4841
31,4849
37,4850
60,4855
25,4859
18,4862
36,4862
13,4864
50,4864
14,4867
48,4867
6,4870
16,4870
45,4871
12,4872
17,4874
36,4874
47,4877
24,4881
34,4882
10,4885
3,4886
26,4886
49,4887
12,4893
33,4893
37,4896
8,4898
1,4899
16,4901
24,4901
18,4902
1,4903
11,4903
23,4904
42,4904
53,4904
15,4906
2,4907
15,4907
2,4908
1,4912
7,4912
59,4913
41,4914
2,4915
35,4915
40,4915
33,4916
3,4917
37,4917
58,4917
5,4918
43,4919
4,4923
35,4924
3,4926
21,4926
6,4927
5,4929
4,4932
49,4933
49,4937
11,4941
48,4946
35,4948
58,4948
1,4949
55,4950
2,4952
28,4952
60,4954
1,4954
2,4957
3,4958
24,4958
4,4959
41,4959
1,4960
7,4961
5,4962
48,4962
4,4963
26,4963
54,4963
2,4964
43,4964
3,4965
27,4965
5,4966
33,4966
13,4968
10,4969
47,4969
30,4970
14,4972
60,4974
22,4974
51,4975
34,4976
23,4979
43,4980
29,4982
53,4982
49,4983
59,4984
12,4985
21,4987
56,4987
20,4988
60,4989
39,4991
38,4994
12,4996
23,4996
32,4996
11,4999
19,4999
56,5001
24,5004
28,5004
59,5011
12,5013
23,5013
51,5013
1,5014
6,5014
24,5015
2,5016
21,5016
33,5017
13,5018
25,5020
53,5020
16,5021
7,5022
35,5022
1,5023
45,5023
1,5025
2,5026
59,5027
2,5028
13,5034
32,5036
19,5037
29,5040
39,5042
7,5044
56,5048
25,5050
11,5051
8,5058
33,5058
33,5062
9,5064
32,5064
25,5066
19,5069
53,5070
60,5071
6,5071
48,5072
26,5075
37,5079
25,5080
47,5081
12,5083
13,5085
58,5087
59,5087
57,5088
11,5090
11,5091
45,5093
36,5094
45,5094
56,5096
1,5099
22,5099
44,5101
1,5102
15,5102
57,5102
2,5103
25,5103
1,5104
48,5105
2,5107
2,5108
11,5110
38,5110
37,5112
40,5113
56,5114
41,5116
56,5116
3,5118
5,5119
44,5119
59,5119
4,5121
7,5123
52,5124
60,5125
54,5125
23,5127
58,5127
41,5128
42,5128
1,5129
4,5129
1,5130
2,5132
14,5132
5,5133
34,5134
3,5136
16,5136
36,5136
1,5138
43,5140
2,5141
46,5141
56,5141
2,5142
32,5148
23,5151
60,5152
50,5152
44,5155
34,5158
50,5158
3,5159
31,5159
55,5159
5,5161
46,5161
1,5162
53,5162
1,5163
3,5163
2,5165
15,5165
4,5166
30,5166
47,5166
1,5167
3,5167
20,5169
23,5169
26,5170
49,5171
2,5172
2,5173
37,5173
56,5174
5,5175
13,5176
4,5177
35,5179
23,5180
6,5181
1,5182
13,5182
17,5182
7,5184
1,5185
3,5185
2,5187
2,5188
29,5189
1,5190
11,5190
2,5191
4,5191
24,5191
5,5192
27,5192
3,5193
29,5193
5,5194
53,5194
48,5196
4,5197
47,5198
36,5199
55,5200
49,5201
21,5206
7,5208
49,5208
20,5209
51,5210
7,5211
14,5211
54,5211
45,5216
1,5220
5,5220
2,5221
25,5221
1,5222
1,5223
2,5224
32,5224
2,5225
13,5227
1,5229
1,5232
49,5232
2,5233
42,5235
42,5237
1,5238
56,5239
2,5240
37,5241
2,5242
24,5243
49,5245
3,5246
1,5250
2,5251
46,5251
1,5253
43,5254
49,5254
5,5255
35,5255
1,5256
2,5257
4,5257
33,5258
2,5259
19,5259
29,5259
30,5259
33,5259
5,5261
3,5263
4,5267
20,5267
17,5269
39,5269
11,5271
27,5271
53,5272
31,5279
19,5280
20,5282
42,5282
20,5283
50,5284
54,5285
1,5286
40,5287
1,5288
46,5288
27,5289
49,5289
34,5291
2,5292
12,5293
42,5293
47,5294
60,5295
7,5295
8,5295
1,5296
2,5297
2,5299
12,5300
19,5300
44,5302
55,5302
55,5305
31,5306
34,5309
48,5312
57,5312
13,5316
49,5318
22,5321
43,5321
12,5323
46,5324
51,5324
42,5325
22,5326
57,5326
39,5328
58,5330
14,5331
39,5332
13,5333
38,5334
8,5335
46,5336
22,5337
35,5345
1,5350
3,5350
11,5351
15,5351
8,5352
2,5353
38,5354
44,5354
1,5355
2,5357
56,5357
1,5358
15,5358
25,5360
30,5360
2,5362
51,5363
3,5369
11,5369
4,5370
5,5371
47,5371
5,5372
49,5372
3,5374
7,5374
4,5377
6,5378
29,5383
50,5384
8,5388
26,5389
20,5392
23,5393
56,5394
19,5395
15,5398
43,5398
34,5399
56,5399
1,5401
1,5402
9,5402
2,5403
2,5406
42,5406
1,5408
9,5409
48,5410
18,5412
15,5414
30,5414
2,5415
57,5419
1,5420
41,5424
2,5425
1,5427
43,5427
2,5428
31,5431
1,5433
2,5434
10,5434
10,5440
6,5442
36,5443
48,5446
51,5446
41,5449
18,5450
37,5450
25,5451
36,5452
44,5457
48,5458
1,5459
1,5460
3,5461
4,5462
16,5462
2,5464
4,5464
33,5464
2,5465
1,5466
3,5466
51,5466
59,5467
31,5468
26,5471
2,5472
5,5473
26,5473
42,5473
5,5476
39,5476
15,5477
55,5477
54,5478
58,5478
8,5484
29,5485
7,5488
11,5490
39,5492
27,5495
13,5497
31,5497
46,5497
58,5503
11,5505
53,5505
29,5507
47,5508
48,5508
19,5509
54,5509
23,5510
59,5512
29,5514
8,5517
25,5517
7,5518
43,5518
45,5519
12,5520
59,5520
51,5521
11,5525
51,5525
10,5527
46,5527
52,5527
9,5528
37,5529
33,5537
22,5539
36,5541
44,5541
10,5542
16,5542
27,5544
1,5545
43,5545
1,5547
41,5549
2,5551
46,5551
16,5552
1,5553
46,5553
15,5554
46,5554
49,5554
17,5555
2,5556
2,5557
29,5561
54,5561
46,5562
53,5563
25,5565
33,5567
15,5574
34,5574
44,5574
1,5575
15,5575
16,5575
2,5577
57,5578
52,5579
1,5580
1,5582
2,5586
3,5587
2,5589
4,5589
53,5589
5,5592
8,5592
5,5593
52,5593
59,5593
28,5595
3,5596
4,5597
1,5602
17,5602
49,5602
1,5603
43,5604
2,5605
2,5606
11,5608
53,5608
19,5610
49,5611
1,5612
29,5613
54,5613
2,5614
20,5615
51,5617
59,5618
27,5621
22,5622
3,5628
12,5628
28,5629
5,5631
16,5631
51,5631
60,5632
51,5633
5,5634
26,5635
4,5636
35,5638
46,5638
24,5639
44,5640
4,5641
33,5641
56,5641
3,5643
50,5645
58,5645
19,5646
31,5647
40,5650
20,5652
45,5655
5,5658
3,5659
33,5660
55,5663
4,5666
59,5666
20,5667
17,5668
37,5668
5,5669
41,5670
11,5671
5,5673
3,5675
34,5675
60,5676
15,5677
36,5677
20,5678
51,5678
4,5679
18,5679
36,5681
3,5682
6,5683
60,5686
1,5689
56,5689
1,5691
2,5693
1,5694
2,5695
34,5699
2,5702
33,5702
46,5703
55,5703
56,5703
37,5704
48,5704
49,5707
33,5708
50,5709
58,5712
33,5714
13,5718
36,5719
7,5720
49,5721
1,5724
1,5725
16,5725
2,5726
8,5726
32,5726
2,5727
27,5728
52,5728
1,5729
23,5729
30,5730
37,5730
38,5730
2,5731
50,5731
11,5732
57,5734
14,5735
25,5741
45,5741
58,5741
3,5744
22,5745
5,5746
42,5746
36,5747
60,5748
5,5748
47,5748
4,5749
13,5750
28,5750
2,5751
3,5751
11,5751
29,5751
4,5752
17,5753
60,5757
47,5757
24,5761
43,5761
12,5763
42,5765
16,5766
56,5768
3,5769
5,5770
46,5771
43,5772
57,5773
59,5775
4,5776
38,5776
4,5777
9,5777
28,5778
27,5780
3,5784
5,5786
20,5786
48,5787
49,5790
20,5792
47,5792
21,5793
3,5796
54,5798
45,5801
5,5802
11,5802
54,5802
4,5803
11,5803
9,5806
4,5807
5,5808
16,5808
44,5809
45,5809
3,5810
33,5814
55,5815
47,5816
24,5819
8,5820
16,5820
31,5823
50,5823
59,5825
40,5829
55,5832
59,5835
3,5838
53,5840
38,5841
4,5842
31,5843
4,5844
8,5844
46,5845
43,5846
5,5850
50,5851
3,5853
25,5853
51,5854
27,5855
51,5855
52,5855
5,5857
21,5858
39,5859
5,5860
16,5860
3,5863
30,5863
18,5864
14,5865
54,5866
4,5867
18,5869
5,5870
22,5871
44,5871
1,5873
5,5873
1,5875
38,5875
4,5876
10,5877
3,5878
47,5878
54,5880
25,5881
22,5882
50,5882
2,5884
2,5885
24,5885
28,5885
1,5890
14,5890
50,5890
2,5892
50,5893
11,5894
24,5896
41,5896
38,5897
57,5897
16,5898
17,5899
15,5904
43,5905
3,5906
4,5908
39,5908
18,5909
39,5909
1,5910
5,5910
3,5911
2,5912
4,5912
10,5912
56,5912
10,5913
1,5914
45,5914
5,5915
48,5915
1,5917
26,5917
29,5917
3,5920
4,5923
46,5923
5,5924
43,5924
54,5926
8,5928
21,5928
27,5929
8,5930
4,5932
3,5933
5,5934
2,5935
2,5936
29,5937
26,5940
51,5941
45,5942
21,5943
32,5943
39,5944
17,5945
26,5946
32,5946
14,5949
32,5953
38,5953
17,5956
24,5956
45,5956
51,5957
31,5959
1,5961
44,5961
1,5962
16,5962
22,5962
2,5963
6,5963
9,5963
1,5964
2,5966
38,5966
2,5967
1,5969
1,5971
42,5971
55,5972
13,5973
59,5973
2,5974
19,5974
35,5975
51,5975
2,5976
1,5978
2,5979
6,5984
11,5984
12,5984
36,5987
35,5989
33,5996
25,5997
59,5998
48,5999
6,6000
23,6000
27,6000
60,6002
60,6007
31,6007
54,6007
33,6016
34,6016
25,6021
40,6023
35,6024
51,6024
7,6028
25,6028
19,6029
13,6033
49,6033
60,6035
51,6037
15,6041
30,6041
8,6044
47,6044
27,6045
34,6045
38,6045
8,6047
34,6048
43,6050
33,6053
13,6054
9,6056
8,6058
47,6058
48,6060
56,6060
13,6062
19,6062
49,6062
5,6063
45,6063
40,6064
25,6067
37,6068
46,6071
1,6073
5,6074
26,6075
2,6076
1,6077
12,6077
48,6077
19,6079
54,6079
38,6081
2,6082
16,6082
37,6083
43,6085
1,6087
2,6089
54,6089
41,6092
42,6094
18,6095
15,6096
9,6097
47,6098
9,6103
24,6103
50,6104
47,6108
10,6109
58,6111
21,6112
44,6116
1,6118
30,6118
53,6118
22,6119
38,6119
50,6120
60,6121
33,6121
1,6122
2,6123
1,6124
31,6124
31,6125
35,6125
2,6127
30,6127
45,6129
21,6130
2,6131
26,6131
25,6133
51,6133
22,6135
21,6136
29,6136
38,6137
43,6138
41,6139
49,6140
60,6142
57,6143
47,6147
12,6153
43,6153
46,6161
58,6161
51,6165
26,6172
11,6174
53,6176
48,6177
54,6177
58,6177
8,6180
12,6181
28,6182
52,6183
19,6185
30,6185
51,6189
13,6192
54,6192
13,6194
34,6194
3,6196
4,6199
5,6200
13,6200
17,6201
21,6201
22,6201
22,6203
30,6204
3,6205
48,6206
18,6210
56,6210
56,6213
4,6215
5,6216
48,6219
56,6219
3,6222
36,6222
4,6223
6,6224
3,6226
5,6227
8,6227
42,6227
50,6228
5,6232
4,6234
21,6237
30,6239
55,6240
31,6242
1,6243
1,6245
2,6246
1,6248
50,6248
2,6249
6,6249
2,6250
15,6250
20,6253
5,6256
33,6256
46,6261
27,6262
39,6263
13,6267
14,6268
24,6269
3,6272
33,6272
4,6275
34,6276
27,6277
3,6278
28,6278
14,6279
5,6280
5,6281
13,6281
53,6281
4,6284
41,6285
1,6289
11,6290
25,6291
1,6293
32,6293
2,6294
36,6294
1,6295
1,6296
2,6296
32,6296
2,6297
39,6298
50,6300
13,6303
22,6303
37,6303
51,6307
22,6308
24,6308
52,6309
3,6310
14,6310
4,6311
5,6313
44,6313
27,6315
3,6316
4,6319
5,6320
7,6323
38,6323
15,6325
5,6327
8,6331
30,6332
31,6334
36,6334
11,6338
57,6340
3,6342
42,6344
15,6345
42,6345
22,6347
15,6348
4,6349
18,6349
32,6349
27,6350
4,6352
55,6352
50,6355
24,6358
27,6358
3,6359
10,6361
37,6361
50,6361
5,6362
37,6364
5,6365
36,6368
43,6369
25,6373
3,6375
31,6375
34,6377
16,6379
25,6379
4,6381
5,6384
33,6387
42,6387
5,6392
23,6392
11,6393
33,6396
3,6397
32,6397
4,6399
3,6400
4,6401
15,6401
5,6402
27,6403
49,6403
34,6404
57,6405
33,6406
5,6407
3,6409
8,6410
24,6410
4,6411
9,6411
26,6412
10,6414
44,6419
44,6421
54,6422
16,6425
35,6426
45,6427
12,6428
31,6434
43,6442
59,6443
28,6444
20,6445
1,6449
1,6450
52,6450
2,6452
2,6453
20,6453
48,6453
1,6454
14,6455
59,6455
2,6456
41,6457
57,6460
53,6461
17,6466
45,6466
43,6467
50,6467
1,6468
25,6468
2,6469
39,6475
34,6476
49,6476
38,6478
11,6479
1,6481
3,6481
33,6481
12,6482
41,6482
4,6484
5,6485
1,6486
21,6486
2,6488
5,6488
48,6488
2,6489
4,6489
28,6490
3,6491
35,6491
59,6493
45,6497
57,6498
1,6500
32,6502
34,6502
1,6503
2,6504
20,6506
1,6507
15,6507
2,6508
16,6508
32,6508
2,6509
29,6509
17,6510
15,6515
45,6516
31,6526
53,6527
56,6531
29,6532
7,6533
54,6537
30,6539
34,6539
8,6541
14,6541
40,6546
42,6547
20,6548
44,6548
36,6549
58,6549
31,6551
8,6554
28,6554
56,6557
59,6557
11,6558
26,6558
45,6560
21,6562
56,6562
35,6563
46,6563
31,6565
39,6566
36,6568
59,6568
46,6570
53,6570
35,6571
8,6574
13,6576
50,6579
57,6580
59,6581
50,6585
7,6589
46,6591
40,6592
29,6598
8,6601
15,6602
10,6603
60,6604
38,6604
14,6605
55,6607
45,6610
14,6611
27,6611
3,6612
4,6613
23,6613
3,6614
9,6614
5,6615
5,6616
4,6617
35,6617
43,6617
3,6621
4,6621
24,6621
32,6621
31,6622
49,6622
4,6624
51,6625
3,6626
5,6628
4,6629
50,6629
5,6630
54,6630
21,6631
50,6632
57,6632
11,6635
19,6635
46,6635
55,6636
18,6639
38,6643
55,6643
23,6648
37,6649
48,6650
52,6652
46,6653
37,6655
35,6657
51,6658
45,6661
30,6665
27,6669
24,6670
3,6671
36,6671
5,6673
42,6673
49,6674
5,6676
4,6678
51,6678
3,6679
29,6679
4,6681
50,6681
19,6683
6,6685
50,6685
17,6686
30,6686
17,6689
48,6689
3,6690
47,6690
5,6692
37,6692
5,6693
4,6695
23,6695
50,6696
52,6696
4,6697
3,6699
29,6700
37,6700
14,6701
26,6701
40,6702
56,6703
29,6704
34,6707
10,6709
13,6714
51,6716
3,6718
59,6718
4,6719
46,6720
4,6721
27,6721
5,6722
21,6723
29,6725
3,6726
34,6726
5,6727
9,6727
17,6727
24,6732
10,6733
31,6736
53,6736
27,6737
58,6737
24,6741
34,6741
10,6746
11,6748
31,6750
3,6753
39,6753
1,6755
4,6755
3,6756
4,6757
16,6758
58,6758
5,6760
12,6760
1,6761
5,6761
31,6762
3,6763
58,6763
11,6767
45,6767
2,6768
4,6769
1,6770
30,6771
34,6771
2,6774
5,6775
7,6775
36,6776
2,6777
50,6778
15,6779
57,6779
9,6780
59,6782
20,6784
50,6787
59,6787
3,6788
5,6789
25,6790
4,6791
26,6791
27,6793
37,6793
58,6794
19,6800
50,6801
59,6804
24,6805
21,6809
39,6809
28,6819
50,6820
19,6821
33,6827
15,6830
37,6830
52,6830
1,6836
50,6836
39,6837
2,6838
9,6839
1,6840
4,6841
2,6843
7,6843
29,6843
1,6844
17,6844
2,6847
20,6847
25,6848
38,6848
47,6848
38,6849
39,6849
31,6853
30,6855
43,6860
1,6863
29,6863
1,6867
2,6869
11,6871
40,6872
2,6874
18,6876
43,6876
46,6876
53,6876
18,6877
1,6879
48,6879
2,6881
20,6881
12,6884
22,6884
45,6884
26,6887
3,6889
30,6889
9,6891
46,6891
7,6893
5,6895
1,6896
4,6897
26,6898
54,6898
11,6899
56,6899
5,6900
21,6901
52,6903
1,6904
4,6904
38,6904
2,6905
3,6906
1,6908
7,6908
42,6908
10,6909
3,6910
30,6910
2,6911
4,6911
13,6911
4,6912
5,6913
2,6914
3,6914
28,6914
40,6914
5,6915
20,6915
49,6917
25,6921
38,6921
8,6923
23,6924
36,6924
14,6925
42,6926
29,6928
1,6929
2,6931
11,6931
1,6932
18,6932
26,6932
42,6932
2,6937
3,6938
22,6939
32,6939
1,6940
5,6940
23,6941
2,6942
12,6943
4,6945
3,6946
11,6946
5,6947
4,6948
15,6948
48,6951
3,6955
6,6955
36,6955
5,6956
16,6956
57,6956
4,6957
47,6957
4,6958
3,6961
10,6961
55,6963
5,6964
56,6964
35,6965
59,6968
30,6970
46,6971
3,6973
4,6974
5,6975
28,6975
47,6976
7,6977
41,6978
3,6979
11,6981
2,6982
5,6983
4,6984
45,6984
21,6985
35,6991
57,6991
35,6995
8,6996
19,6997
44,6997
41,7001
56,7001
59,7004
40,7010
1,7014
2,7015
1,7016
23,7018
32,7018
2,7020
55,7020
52,7021
1,7022
43,7022
2,7023
52,7024
31,7025
15,7029
29,7032
45,7034
8,7035
24,7036
37,7036
50,7038
54,7040
28,7041
57,7042
16,7043
1,7044
59,7044
32,7045
56,7045
1,7046
13,7046
2,7049
1,7050
2,7053
30,7053
41,7053
2,7054
7,7054
30,7060
40,7060
11,7062
25,7062
18,7063
57,7063
43,7064
40,7068
46,7069
49,7069
11,7070
34,7070
59,7071
60,7072
7,7073
20,7073
37,7073
3,7075
54,7075
4,7076
19,7078
3,7079
60,7081
4,7081
43,7081
5,7082
8,7082
33,7085
5,7086
54,7086
7,7087
1,7095
35,7095
2,7096
27,7096
28,7097
24,7099
27,7105
39,7105
11,7106
45,7107
1,7108
55,7108
2,7110
1,7112
17,7112
2,7113
53,7117
2,7118
33,7118
50,7122
11,7124
11,7125
38,7125
29,7126
37,7128
29,7130
40,7131
23,7132
55,7132
25,7133
10,7136
25,7136
59,7136
59,7138
46,7139
39,7143
3,7145
46,7146
5,7150
46,7150
4,7152
3,7153
33,7153
32,7154
46,7154
5,7155
32,7155
4,7156
13,7156
27,7159
13,7161
35,7163
22,7165
26,7165
16,7171
39,7172
9,7174
11,7175
46,7178
47,7183
21,7185
47,7185
20,7186
27,7186
52,7187
3,7190
4,7191
35,7192
5,7193
34,7194
4,7195
59,7195
24,7198
27,7198
45,7198
48,7199
3,7202
5,7203
45,7206
55,7206
36,7207
3,7210
13,7210
4,7211
5,7212
4,7213
23,7213
24,7213
30,7213
23,7214
54,7215
3,7216
31,7216
5,7217
13,7217
3,7218
5,7220
4,7221
18,7223
34,7223
3,7224
45,7226
56,7226
5,7227
18,7227
25,7227
35,7227
45,7227
4,7230
1,7231
24,7233
8,7234
18,7234
46,7234
2,7238
31,7238
49,7238
56,7238
10,7239
28,7242
20,7243
1,7244
27,7244
1,7245
47,7245
2,7247
49,7247
2,7248
33,7249
34,7249
9,7250
30,7251
42,7252
47,7255
39,7257
43,7258
28,7259
31,7259
49,7260
58,7260
44,7262
42,7265
28,7269
9,7270
16,7270
47,7270
3,7272
5,7273
4,7274
46,7274
5,7277
4,7278
1,7279
3,7279
30,7279
54,7281
60,7283
3,7284
12,7284
47,7284
52,7285
4,7288
6,7290
9,7291
24,7291
4,7294
33,7295
3,7296
5,7297
28,7297
30,7299
26,7300
5,7304
3,7309
4,7311
45,7311
5,7312
21,7312
46,7312
14,7314
43,7316
5,7318
10,7320
15,7320
51,7320
25,7322
4,7323
1,7324
3,7324
20,7324
8,7326
59,7326
1,7327
30,7327
31,7327
2,7328
32,7328
37,7328
2,7330
28,7332
1,7333
52,7333
2,7334
49,7334
20,7338
31,7342
54,7342
58,7342
10,7343
8,7344
18,7347
23,7348
16,7349
46,7350
38,7355
25,7357
35,7357
28,7358
41,7361
56,7363
49,7365
15,7367
42,7369
45,7369
20,7371
44,7373
12,7376
5,7378
23,7378
47,7378
33,7382
56,7384
32,7387
37,7388
12,7389
36,7391
47,7391
37,7394
46,7394
16,7395
47,7398
42,7399
22,7404
9,7405
7,7406
1,7407
3,7409
57,7409
60,7410
4,7411
1,7412
12,7412
41,7412
3,7413
11,7413
2,7414
5,7414
18,7414
26,7414
4,7415
22,7416
1,7417
5,7418
28,7418
2,7419
2,7421
11,7421
13,7422
40,7427
24,7429
9,7430
9,7435
54,7437
36,7438
33,7440
17,7442
58,7444
40,7445
5,7450
12,7451
14,7451
48,7454
45,7457
48,7460
47,7463
49,7463
8,7464
14,7464
35,7465
33,7466
46,7466
49,7466
1,7468
55,7468
2,7472
13,7474
20,7474
44,7474
1,7475
36,7476
56,7476
2,7477
1,7478
2,7479
33,7480
46,7482
54,7482
53,7485
14,7487
1,7490
3,7490
2,7491
11,7491
32,7492
52,7492
1,7493
2,7494
54,7494
1,7495
2,7498
24,7500
32,7500
21,7501
26,7508
1,7509
1,7510
2,7511
48,7511
40,7512
1,7516
28,7518
47,7518
2,7519
2,7520
37,7521
48,7521
21,7523
47,7525
8,7526
17,7526
33,7526
22,7527
1,7529
6,7531
2,7533
50,7540
58,7540
31,7543
1,7546
10,7546
2,7547
37,7547
1,7549
19,7549
52,7549
2,7551
27,7551
10,7552
39,7552
38,7553
33,7556
41,7558
14,7560
9,7562
21,7563
13,7564
45,7569
7,7572
42,7572
3,7575
5,7576
11,7576
4,7577
23,7577
14,7578
40,7578
4,7581
5,7582
3,7583
8,7584
13,7585
23,7585
52,7586
56,7586
31,7587
36,7593
58,7594
39,7599
19,7600
25,7601
20,7603
13,7604
44,7606
10,7607
57,7608
19,7609
58,7612
17,7613
3,7614
4,7615
16,7616
46,7616
50,7617
3,7619
4,7620
5,7621
17,7621
59,7621
5,7622
11,7622
4,7623
25,7623
19,7624
49,7626
52,7629
15,7630
43,7633
26,7635
42,7635
53,7639
17,7640
49,7640
5,7641
58,7641
41,7651
9,7653
30,7653
3,7654
17,7654
4,7655
4,7658
5,7659
30,7659
60,7660
3,7660
5,7661
17,7661
7,7664
47,7666
57,7667
7,7671
38,7672
59,7675
39,7680
54,7682
60,7688
23,7691
53,7693
35,7694
55,7697
18,7698
56,7698
36,7702
17,7703
53,7703
54,7703
51,7704
58,7704
16,7706
29,7706
7,7709
5,7710
41,7711
3,7716
44,7718
25,7719
40,7719
43,7719
46,7719
50,7720
5,7721
48,7721
54,7722
33,7723
4,7725
4,7727
11,7727
3,7728
47,7730
34,7731
5,7732
25,7733
37,7733
40,7734
21,7738
38,7741
28,7742
57,7742
14,7745
50,7745
42,7746
20,7748
13,7749
39,7753
19,7756
1,7761
31,7761
54,7761
2,7762
1,7764
16,7764
31,7764
1,7765
6,7765
43,7765
2,7766
29,7766
2,7767
15,7768
41,7768
37,7769
1,7770
2,7771
1,7772
1,7773
2,7774
43,7775
28,7776
54,7776
17,7777
2,7778
17,7782
1,7783
37,7784
44,7784
1,7785
53,7785
2,7787
1,7788
31,7788
47,7788
16,7789
2,7791
47,7792
12,7794
2,7795
40,7796
31,7797
3,7799
4,7800
5,7801
15,7802
25,7802
3,7803
38,7803
30,7804
5,7805
7,7805
48,7805
4,7806
25,7807
59,7807
42,7817
31,7819
34,7819
37,7819
56,7821
43,7828
53,7830
27,7831
8,7832
13,7832
45,7834
35,7835
35,7838
43,7839
13,7840
59,7843
52,7844
6,7846
15,7847
36,7847
33,7848
23,7849
6,7850
46,7850
42,7852
13,7854
58,7855
28,7857
16,7864
28,7864
44,7869
56,7870
21,7873
33,7874
24,7876
59,7876
34,7877
8,7878
36,7878
55,7878
11,7880
51,7880
57,7881
20,7882
22,7883
16,7884
10,7887
3,7892
4,7893
3,7894
48,7894
5,7896
5,7897
52,7897
54,7897
59,7899
4,7900
46,7901
25,7903
26,7903
57,7903
5,7904
36,7904
52,7905
43,7907
47,7910
24,7911
30,7912
36,7912
45,7914
18,7917
6,7919
23,7920
50,7920
34,7921
28,7930
19,7933
39,7935
50,7937
52,7937
19,7939
36,7939
31,7943
60,7945
14,7945
33,7946
35,7946
48,7950
28,7951
40,7951
7,7952
56,7953
60,7955
10,7957
50,7958
25,7961
34,7963
19,7964
51,7964
52,7964
42,7969
10,7971
17,7973
53,7973
11,7974
14,7974
12,7975
22,7982
53,7982
43,7985
28,7987
35,7987
27,7992
20,7993
47,7993
49,7994
47,7996
26,7998
13,7999
43,7999
51,8002
41,8005
27,8006
45,8006
41,8009
43,8009
58,8009
1,8011
44,8013
47,8013
16,8014
16,8015
23,8015
2,8016
1,8017
15,8017
23,8017
31,8017
42,8018
45,8018
1,8019
27,8021
2,8022
42,8022
21,8024
2,8025
15,8027
48,8027
38,8028
35,8029
24,8030
11,8031
29,8034
40,8035
50,8036
34,8037
3,8038
5,8039
20,8039
15,8041
59,8042
4,8044
19,8045
5,8046
10,8046
40,8046
3,8047
4,8048
13,8048
22,8049
20,8054
37,8054
9,8057
14,8057
27,8057
36,8060
35,8061
30,8063
36,8068
60,8074
14,8075
12,8078
2,8079
46,8081
52,8085
32,8090
12,8093
52,8094
50,8096
14,8097
25,8097
37,8097
48,8097
53,8099
56,8100
25,8102
44,8102
8,8103
10,8103
44,8105
18,8107
1,8108
8,8110
9,8110
1,8111
17,8111
9,8112
7,8113
12,8113
45,8113
41,8114
35,8115
2,8116
45,8116
2,8119
57,8119
1,8120
43,8122
2,8124
35,8126
48,8126
31,8127
50,8129
25,8130
43,8130
33,8131
11,8133
44,8135
21,8136
8,8139
44,8139
1,8142
2,8143
1,8144
1,8145
51,8145
41,8146
2,8147
36,8147
42,8147
40,8149
42,8150
52,8152
2,8153
52,8157
29,8159
19,8160
17,8161
60,8162
1,8162
8,8162
39,8162
1,8163
17,8165
54,8165
33,8166
51,8166
2,8167
1,8169
2,8170
3,8171
4,8173
38,8173
2,8175
50,8175
6,8177
4,8178
5,8179
19,8179
5,8181
21,8181
42,8181
59,8181
3,8182
47,8183
7,8184
38,8184
10,8186
4,8189
15,8189
20,8189
49,8190
10,8191
31,8191
49,8196
54,8196
47,8197
17,8201
57,8202
46,8204
38,8206
35,8207
41,8207
54,8209
58,8209
48,8210
3,8211
4,8212
3,8214
4,8215
50,8215
26,8217
30,8218
46,8219
5,8220
24,8222
28,8224
5,8225
25,8225
36,8226
52,8226
9,8233
45,8234
34,8235
57,8235
58,8235
30,8238
10,8241
21,8241
21,8245
60,8246
7,8246
9,8247
5,8248
3,8249
1,8250
2,8252
31,8252
1,8253
5,8253
2,8254
9,8254
1,8256
5,8256
56,8256
2,8258
4,8259
4,8260
30,8265
3,8266
7,8266
36,8266
59,8266
16,8270
35,8270
6,8272
14,8272
17,8272
25,8273
18,8274
24,8274
29,8275
27,8276
37,8276
22,8277
40,8278
1,8280
31,8281
1,8283
2,8286
1,8289
9,8291
12,8292
31,8295
47,8295
2,8296
9,8296
33,8297
59,8297
2,8298
3,8299
4,8300
53,8301
47,8302
40,8303
5,8304
31,8304
45,8304
46,8306
4,8307
23,8307
49,8307
5,8309
19,8309
42,8309
3,8310
18,8310
43,8310
51,8312
58,8313
33,8314
55,8315
20,8316
57,8316
21,8320
1,8321
29,8321
3,8322
2,8323
10,8324
60,8325
15,8326
1,8327
4,8328
2,8329
5,8329
51,8330
5,8331
1,8332
20,8333
30,8335
16,8336
2,8337
4,8338
49,8341
54,8341
3,8342
32,8342
54,8345
44,8347
23,8351
7,8352
21,8356
43,8356
28,8357
23,8362
17,8363
60,8365
2,8366
17,8366
34,8367
30,8368
32,8369
26,8375
3,8376
4,8378
6,8378
5,8379
3,8380
4,8382
5,8383
36,8383
58,8383
6,8384
20,8385
10,8386
48,8386
45,8387
40,8388
14,8390
50,8391
44,8393
16,8394
45,8396
9,8397
29,8400
29,8401
45,8402
17,8403
22,8406
37,8406
55,8409
28,8416
11,8418
15,8418
46,8418
20,8419
47,8421
60,8425
56,8428
57,8430
40,8431
24,8432
24,8439
36,8439
35,8444
16,8445
55,8446
30,8447
42,8447
22,8449
31,8450
55,8453
40,8454
51,8455
45,8456
60,8458
6,8459
22,8460
29,8460
35,8460
36,8462
15,8464
7,8465
10,8465
13,8466
59,8470
50,8472
12,8473
14,8475
19,8476
59,8480
21,8481
56,8485
1,8486
46,8486
58,8487
56,8489
42,8490
1,8491
22,8491
27,8492
39,8492
2,8493
27,8495
2,8496
37,8496
40,8496
43,8497
3,8499
53,8499
1,8500
4,8500
24,8500
32,8500
43,8500
2,8501
4,8503
53,8503
50,8505
5,8506
3,8507
50,8507
16,8508
40,8509
45,8509
5,8511
50,8514
21,8515
23,8515
55,8515
20,8517
16,8521
1,8525
24,8525
52,8526
19,8527
51,8529
53,8529
14,8530
21,8530
55,8534
59,8539
7,8541
21,8541
46,8543
55,8543
41,8549
47,8552
18,8559
11,8562
13,8565
39,8565
37,8567
3,8572
17,8572
26,8572
31,8576
13,8579
3,8581
60,8584
4,8586
58,8587
60,8588
5,8588
27,8589
3,8590
4,8591
10,8591
5,8593
18,8594
27,8595
30,8595
27,8597
21,8598
11,8600
11,8601
31,8603
21,8605
26,8605
58,8605
24,8608
27,8614
40,8618
48,8619
39,8620
14,8622
52,8622
43,8625
14,8628
1,8633
18,8633
25,8633
3,8634
2,8636
1,8638
2,8639
5,8639
23,8639
51,8639
4,8641
4,8642
24,8642
1,8643
2,8644
3,8644
5,8647
33,8647
57,8647
3,8651
5,8652
10,8652
13,8653
4,8655
19,8655
28,8655
3,8657
41,8658
1,8659
9,8660
4,8661
55,8662
5,8664
2,8665
18,8665
4,8666
12,8666
1,8668
3,8669
2,8670
5,8670
4,8671
1,8672
3,8672
14,8672
2,8673
4,8673
34,8673
11,8678
37,8678
59,8678
5,8679
25,8680
48,8680
19,8683
48,8687
1,8688
2,8689
6,8689
7,8689
43,8690
1,8692
2,8693
49,8693
1,8696
2,8698
18,8698
49,8698
20,8700
22,8701
35,8701
48,8701
60,8708
49,8709
16,8715
22,8716
20,8717
20,8721
37,8722
12,8723
17,8723
29,8731
3,8732
1,8733
5,8733
44,8733
4,8734
10,8734
4,8735
11,8736
3,8737
24,8738
5,8739
60,8743
2,8743
1,8744
1,8745
16,8746
21,8747
25,8747
59,8749
26,8750
2,8751
2,8752
36,8752
1,8753
1,8754
2,8755
42,8755
11,8756
48,8756
58,8757
1,8758
51,8758
58,8758
2,8761
30,8762
2,8764
52,8764
47,8767
17,8768
8,8770
45,8773
24,8777
17,8779
58,8780
26,8781
36,8785
35,8789
58,8793
59,8796
21,8798
30,8798
3,8799
22,8799
38,8799
5,8800
1,8801
4,8803
2,8804
10,8804
1,8805
27,8805
37,8805
1,8807
4,8808
2,8809
20,8809
3,8810
5,8811
16,8811
29,8811
26,8813
47,8813
2,8814
55,8815
21,8817
43,8819
15,8820
23,8820
60,8821
46,8821
54,8825
38,8831
21,8832
34,8833
8,8834
41,8839
23,8840
41,8841
10,8842
24,8842
13,8843
54,8843
11,8846
53,8849
56,8849
8,8850
26,8850
59,8850
18,8851
3,8854
4,8856
26,8856
3,8862
9,8862
5,8863
56,8865
5,8866
20,8867
50,8867
4,8869
42,8872
25,8875
29,8876
37,8877
43,8877
41,8879
52,8881
57,8882
3,8883
52,8884
53,8887
4,8888
5,8889
4,8891
57,8891
5,8892
16,8893
3,8896
3,8899
5,8900
11,8902
4,8903
54,8903
55,8904
13,8905
5,8906
58,8906
4,8907
3,8908
21,8908
55,8908
53,8912
1,8914
7,8915
2,8916
1,8918
1,8919
38,8923
2,8924
40,8924
49,8924
2,8925
11,8926
17,8928
10,8930
28,8930
37,8935
1,8938
32,8938
18,8939
1,8941
9,8941
2,8944
22,8944
49,8945
1,8947
15,8947
29,8947
42,8949
44,8949
2,8951
25,8951
33,8951
8,8952
2,8954
21,8957
42,8958
3,8959
5,8963
16,8963
6,8964
4,8965
9,8966
56,8966
3,8968
4,8969
5,8971
39,8971
18,8978
22,8981
19,8985
58,8986
7,8989
24,8989
22,8990
59,8994
3,8995
40,8995
45,8995
4,8997
25,8997
43,8997
5,8999
3,9001
21,9001
23,9002
24,9002
52,9003
4,9005
52,9005
5,9006
29,9006
18,9008
35,9008
16,9011
22,9011
53,9011
7,9012
10,9012
59,9012
49,9013
15,9014
19,9014
23,9018
36,9018
27,9021
43,9023
24,9024
1,9032
21,9033
2,9035
18,9035
37,9037
1,9038
42,9038
1,9039
4,9039
2,9041
38,9041
2,9042
49,9042
10,9043
24,9043
48,9044
12,9047
1,9048
2,9049
1,9050
14,9050
27,9052
18,9053
44,9055
1,9056
2,9057
34,9058
49,9058
33,9059
6,9060
2,9062
25,9063
24,9065
30,9065
47,9065
3,9069
5,9070
45,9070
4,9072
11,9072
5,9073
14,9074
3,9075
34,9075
49,9075
4,9076
54,9080
15,9081
30,9081
37,9081
1,9082
23,9082
1,9083
7,9084
8,9084
2,9086
8,9087
2,9088
1,9089
25,9089
2,9090
45,9090
3,9093
26,9094
4,9096
15,9100
50,9100
3,9103
55,9104
5,9106
50,9106
5,9107
29,9107
4,9108
16,9112
13,9116
18,9116
35,9121
50,9121
56,9122
20,9124
46,9124
25,9125
24,9127
48,9131
46,9132
17,9137
49,9137
5,9138
5,9141
21,9141
9,9142
1,9144
1,9146
17,9146
52,9147
56,9147
28,9149
2,9150
21,9150
41,9151
39,9154
1,9155
2,9156
2,9158
24,9158
37,9158
25,9161
59,9161
12,9166
25,9166
49,9166
46,9169
49,9171
36,9172
3,9173
5,9175
19,9176
5,9177
53,9178
4,9179
4,9180
3,9182
9,9182
17,9184
50,9184
55,9184
23,9188
3,9189
5,9191
4,9193
14,9193
4,9194
3,9195
11,9195
37,9196
5,9198
26,9199
3,9203
34,9203
23,9204
5,9206
4,9207
4,9208
42,9209
3,9210
5,9211
15,9211
16,9212
11,9214
3,9216
34,9216
16,9217
14,9220
39,9220
59,9220
4,9222
42,9224
42,9225
46,9225
60,9229
59,9229
19,9231
8,9233
5,9234
5,9235
3,9236
4,9239
1,9243
10,9244
59,9244
2,9245
26,9245
31,9245
1,9247
1,9250
36,9250
16,9253
12,9256
13,9256
2,9259
43,9259
20,9262
2,9263
18,9263
37,9266
32,9267
36,9267
38,9270
6,9271
3,9272
37,9272
48,9273
1,9274
4,9275
33,9277
2,9278
3,9278
1,9281
5,9281
46,9281
1,9282
15,9282
32,9282
5,9283
45,9283
2,9284
4,9284
14,9286
2,9288
19,9288
52,9289
26,9294
3,9295
11,9297
41,9299
33,9301
34,9301
4,9303
6,9303
5,9304
5,9305
48,9305
4,9306
55,9306
19,9307
38,9307
45,9308
3,9309
12,9309
3,9311
6,9311
18,9312
58,9312
5,9313
5,9314
21,9314
37,9314
6,9315
58,9315
4,9316
50,9316
1,9317
3,9317
4,9318
16,9318
49,9320
21,9321
9,9323
2,9324
1,9325
2,9327
1,9330
3,9331
2,9333
4,9333
56,9333
5,9334
46,9335
3,9338
4,9340
48,9340
10,9341
54,9347
5,9349
1,9350
31,9350
2,9351
1,9355
2,9356
2,9358
1,9359
2,9360
35,9360
45,9361
3,9363
8,9363
55,9363
45,9365
5,9368
29,9368
4,9369
3,9370
5,9371
9,9373
25,9374
4,9376
1,9382
3,9382
15,9384
5,9385
21,9385
4,9386
44,9388
27,9389
2,9391
1,9392
5,9392
29,9392
2,9393
1,9395
4,9395
3,9396
14,9397
2,9398
52,9401
16,9402
20,9402
38,9404
18,9405
53,9406
13,9408
37,9409
53,9409
29,9410
34,9410
13,9411
3,9412
44,9412
1,9413
27,9417
29,9420
43,9420
37,9422
26,9423
40,9426
46,9436
34,9438
12,9440
60,9442
12,9443
37,9443
37,9445
49,9445
14,9447
36,9448
41,9450
47,9450
16,9454
43,9454
35,9455
29,9456
40,9456
42,9456
37,9459
51,9459
28,9466
11,9469
27,9470
22,9473
42,9473
45,9473
36,9474
53,9474
3,9478
4,9479
3,9480
4,9480
38,9480
4,9481
54,9481
15,9482
5,9483
5,9484
26,9485
49,9485
23,9486
41,9487
8,9489
17,9490
1,9491
26,9491
1,9492
18,9495
9,9496
11,9497
15,9497
32,9498
40,9498
1,9499
38,9500
2,9502
15,9502
1,9506
3,9506
7,9506
58,9506
17,9507
4,9508
32,9508
24,9509
5,9510
5,9511
23,9511
29,9511
2,9512
3,9513
2,9515
47,9515
59,9516
4,9517
12,9518
51,9518
14,9519
21,9520
55,9520
54,9523
3,9524
51,9524
4,9527
18,9527
5,9530
4,9532
5,9533
3,9536
42,9536
11,9537
45,9540
44,9542
48,9544
45,9545
51,9548
60,9549
22,9549
3,9551
14,9554
30,9554
44,9554
5,9555
4,9556
22,9556
5,9557
47,9557
3,9559
33,9559
49,9559
4,9560
27,9560
1,9564
33,9566
1,9567
2,9568
45,9568
19,9569
20,9569
33,9569
2,9572
21,9573
27,9573
12,9574
52,9574
54,9576
6,9577
19,9577
1,9578
2,9580
45,9582
55,9585
1,9586
2,9587
3,9588
21,9589
1,9590
4,9590
22,9592
10,9593
31,9593
2,9595
3,9595
53,9595
5,9596
7,9597
25,9597
1,9599
5,9599
4,9600
2,9601
1,9604
26,9605
31,9605
43,9606
2,9607
8,9607
1,9608
19,9608
2,9610
56,9610
1,9611
9,9611
36,9611
2,9612
51,9615
30,9617
21,9620
7,9621
9,9622
26,9623
60,9627
28,9628
39,9628
53,9631
1,9632
1,9633
2,9634
1,9635
10,9636
9,9638
15,9638
19,9638
2,9639
2,9640
17,9640
34,9641
8,9642
34,9645
40,9645
58,9645
59,9645
32,9647
54,9647
35,9648
3,9649
6,9649
44,9649
5,9650
4,9652
29,9652
1,9653
1,9654
3,9654
33,9654
2,9656
5,9656
51,9656
58,9656
1,9658
4,9658
2,9659
8,9659
24,9659
2,9660
13,9661
11,9662
1,9663
20,9664
1,9666
30,9667
30,9668
2,9671
15,9671
47,9671
1,9672
3,9672
24,9673
53,9673
2,9674
4,9674
24,9675
11,9676
55,9677
5,9678
4,9679
18,9679
2,9680
5,9680
54,9680
3,9681
32,9681
53,9681
11,9684
2,9686
18,9686
26,9686
43,9686
1,9694
1,9695
7,9695
2,9696
1,9697
2,9699
2,9700
58,9700
49,9702
57,9703
60,9705
36,9705
40,9705
27,9706
46,9706
51,9706
6,9708
19,9708
42,9708
53,9709
22,9710
11,9711
47,9711
43,9712
1,9714
13,9714
35,9715
46,9718
9,9719
1,9720
2,9723
9,9723
2,9724
42,9726
1,9728
54,9729
12,9730
17,9731
18,9731
2,9732
15,9732
6,9734
39,9734
3,9735
5,9737
53,9737
43,9739
10,9743
5,9745
12,9746
26,9747
4,9750
50,9750
4,9751
28,9752
3,9753
27,9753
37,9756
27,9758
37,9760
11,9762
20,9762
49,9762
10,9767
2,9771
42,9782
37,9784
55,9784
35,9785
39,9794
12,9795
13,9805
45,9807
57,9813
59,9814
21,9823
34,9823
1,9825
30,9825
34,9825
58,9828
30,9830
45,9833
22,9836
37,9836
41,9840
24,9841
34,9841
31,9842
40,9843
42,9843
1,9844
2,9845
44,9845
1,9846
28,9846
1,9847
12,9848
42,9848
25,9849
2,9851
44,9852
2,9853
24,9855
54,9857
9,9858
46,9859
26,9860
2,9861
30,9861
54,9870
21,9873
25,9873
42,9876
54,9878
1,9879
2,9881
3,9881
10,9881
59,9881
4,9882
1,9883
3,9883
5,9884
1,9887
2,9888
2,9890
35,9891
55,9892
5,9896
14,9896
4,9898
43,9898
27,9901
6,9902
11,9902
49,9903
55,9903
1,9904
27,9904
2,9905
49,9907
44,9908
1,9909
2,9910
36,9910
59,9913
1,9915
2,9916
16,9916
56,9916
50,9917
47,9920
23,9923
40,9924
18,9925
20,9925
34,9925
23,9928
21,9932
56,9932
41,9934
9,9936
19,9938
56,9938
44,9939
9,9941
31,9941
46,9941
23,9943
51,9943
39,9945
41,9946
23,9951
12,9959
45,9963
47,9964
17,9967
34,9973
51,9978
23,9981
40,9981
18,9982
17,9984
3,9985
33,9985
41,9987
13,9991
5,9992
4,9993
21,9993
36,9993
3,9995
5,9997
18,9997
59,9997
4,9998
29,9998
41,9998
44,9998
12,9999
46,9999
