5,5
29,9
59,10
6,11
19,12
1,13
1,14
2,15
24,15
49,15
1,16
3,16
4,17
15,17
2,18
3,18
4,19
23,19
2,20
5,21
5,22
19,22
11,28
47,28
41,30
15,31
35,35
28,36
42,42
35,44
35,45
11,46
42,46
54,48
42,49
23,52
56,52
1,54
1,56
53,56
1,60
12,60
34,60
8,61
2,64
1,66
39,66
59,66
2,67
11,67
33,67
2,70
32,71
20,73
18,81
21,81
34,81
38,82
15,83
24,83
20,86
59,88
35,89
53,95
55,95
21,96
15,100
16,100
34,100
21,101
27,101
26,103
35,103
47,104
27,106
29,107
8,108
6,111
25,111
29,112
48,117
13,119
16,121
32,121
60,122
12,122
16,125
55,125
9,126
16,128
54,128
1,129
17,130
1,133
27,133
2,134
1,135
2,138
27,138
2,142
6,144
9,146
14,146
47,146
18,147
18,150
56,150
47,154
30,155
45,156
14,157
16,157
26,157
26,158
42,166
50,171
58,171
60,173
16,173
57,174
3,175
5,176
54,176
4,177
4,178
3,179
52,179
35,181
44,181
5,182
23,186
51,186
17,187
34,187
23,188
49,188
39,189
21,191
22,193
13,195
30,197
35,199
47,199
9,201
53,202
57,204
28,206
26,207
42,207
45,207
48,208
39,212
42,212
11,217
20,220
51,220
47,221
7,222
30,224
10,227
18,235
47,235
39,236
9,237
27,239
1,242
30,242
36,242
48,242
7,243
38,243
8,244
34,244
1,245
2,247
34,247
24,248
41,248
1,249
51,249
52,249
10,250
34,251
2,252
2,253
41,255
29,257
36,257
34,259
34,262
23,264
29,264
55,264
56,265
29,267
36,269
51,271
20,275
21,275
1,276
27,276
23,278
44,278
48,278
1,279
34,280
2,281
13,281
24,281
43,282
2,283
48,283
12,284
15,284
1,285
45,285
46,288
2,289
39,291
25,292
36,292
3,294
17,294
4,296
3,297
5,300
37,301
4,302
48,302
5,303
40,304
40,310
52,310
15,312
1,315
29,315
1,318
2,319
2,320
54,320
1,321
2,323
23,324
32,324
19,327
13,328
40,332
33,333
1,334
2,335
3,336
48,336
51,337
1,338
4,338
40,338
4,339
2,340
1,341
5,341
13,341
2,342
5,342
20,342
33,344
3,345
48,345
35,346
36,348
10,352
18,352
20,352
22,352
7,354
24,354
1,357
50,359
2,360
1,361
26,362
53,362
2,363
1,365
2,366
6,366
47,366
36,367
24,368
49,368
14,375
53,376
45,377
52,380
58,383
30,386
12,389
60,392
60,393
52,396
43,397
50,397
47,400
56,400
19,402
44,405
20,408
23,411
39,411
48,413
60,416
24,422
32,422
59,422
48,423
9,424
24,424
6,428
49,429
28,430
50,430
5,432
9,432
41,434
29,438
27,440
54,440
18,441
28,441
33,441
50,443
13,445
12,446
18,447
34,447
3,448
4,449
4,451
11,451
30,452
5,453
3,454
5,455
10,457
12,457
15,457
47,457
15,458
38,458
40,458
3,459
34,460
4,461
5,462
45,462
60,463
3,463
4,464
31,465
7,467
30,467
40,467
5,468
17,476
51,479
13,481
56,481
37,484
4,492
14,492
44,492
27,494
48,494
7,495
29,496
13,497
1,498
12,498
35,500
36,500
39,500
22,501
39,507
7,512
26,512
12,515
22,515
32,516
43,516
6,518
33,521
12,526
13,526
31,526
32,526
50,526
19,527
34,527
37,528
9,529
13,530
17,530
34,533
46,534
13,535
29,535
31,536
54,537
50,541
24,543
16,544
37,545
52,547
14,549
49,553
29,558
6,561
14,567
40,567
35,568
60,569
24,574
47,574
47,576
46,577
33,578
30,579
19,581
8,584
51,584
43,585
3,586
33,588
48,588
30,589
5,590
4,591
5,593
3,594
4,595
27,595
55,595
1,597
1,598
46,598
2,599
12,600
1,601
2,602
33,602
52,602
2,604
37,605
41,605
55,611
15,613
35,615
28,616
20,617
59,617
10,620
11,627
59,627
24,628
28,628
40,628
10,630
17,632
51,632
53,634
44,637
22,639
60,641
30,642
29,645
25,647
50,647
12,648
60,652
51,655
59,657
16,659
35,659
45,659
33,660
41,660
53,667
40,669
46,670
12,671
32,674
37,675
58,675
3,677
4,678
22,678
46,678
4,680
5,681
36,683
52,684
3,686
5,688
20,688
12,691
40,692
60,693
49,693
45,696
13,698
56,700
29,703
30,704
55,707
12,708
36,708
18,709
19,709
34,711
49,712
28,713
32,713
6,714
6,715
32,717
42,717
31,720
3,722
17,723
20,723
1,724
30,725
31,725
41,725
2,726
1,727
1,728
13,728
2,730
8,730
2,732
12,734
8,736
17,739
1,742
34,742
39,742
1,743
6,743
2,744
54,744
1,745
3,747
34,747
57,747
2,748
4,748
5,749
25,749
45,749
39,750
41,750
2,751
53,751
5,752
4,754
3,755
48,756
1,758
9,760
6,762
24,766
31,766
34,768
39,769
34,771
5,773
47,773
18,774
21,779
57,781
18,782
38,782
23,784
58,786
27,787
31,787
35,787
32,795
33,796
58,796
31,799
36,799
46,802
41,805
32,806
6,808
43,809
57,814
20,815
28,819
36,821
31,823
60,826
32,826
40,826
10,827
35,827
13,828
1,831
2,832
48,832
18,834
1,835
1,838
2,839
2,842
31,842
57,843
36,845
38,848
27,850
35,850
15,854
45,855
48,855
36,857
22,858
31,858
37,858
53,858
17,860
45,861
53,862
1,865
2,866
1,867
9,867
54,867
48,868
1,869
11,869
2,870
23,874
2,876
22,876
15,877
29,880
22,881
20,883
20,886
30,886
56,890
16,891
3,897
57,899
5,903
5,904
4,905
38,905
10,906
3,908
51,908
4,909
33,909
37,910
31,911
20,912
12,917
47,920
58,921
51,922
10,927
35,928
38,928
26,930
44,931
54,932
8,934
10,934
36,936
40,940
19,943
7,948
6,950
21,953
46,954
47,955
7,958
26,958
55,959
37,962
17,964
44,967
49,968
3,973
5,974
1,975
4,975
2,976
10,976
49,976
1,977
21,977
2,978
1,979
14,979
23,979
4,981
3,983
16,983
11,984
2,985
5,985
40,986
44,991
59,994
22,1003
1,1004
15,1006
41,1006
19,1007
49,1010
1,1011
19,1012
11,1013
29,1013
53,1014
1,1015
2,1016
54,1017
18,1019
19,1020
2,1021
1,1022
2,1023
16,1024
56,1024
33,1025
37,1025
43,1026
32,1028
37,1029
38,1031
23,1032
28,1033
13,1034
42,1037
54,1037
16,1039
31,1040
7,1041
21,1041
49,1041
11,1042
29,1042
39,1044
7,1045
40,1048
23,1050
17,1052
3,1054
9,1054
4,1055
16,1055
4,1057
35,1059
5,1061
5,1062
7,1062
3,1063
42,1065
56,1065
20,1066
24,1066
55,1066
57,1066
8,1067
28,1067
46,1067
33,1068
11,1074
60,1076
14,1076
8,1077
53,1079
42,1081
20,1083
38,1087
49,1089
51,1093
38,1095
16,1097
14,1098
30,1098
44,1098
24,1101
27,1102
52,1103
32,1107
37,1107
31,1109
47,1115
51,1119
58,1121
9,1122
49,1122
57,1127
9,1129
41,1133
49,1134
30,1138
54,1138
30,1139
58,1139
55,1140
5,1141
43,1142
58,1142
33,1144
56,1148
12,1150
9,1153
29,1154
46,1155
41,1156
6,1158
12,1158
24,1159
6,1166
49,1168
57,1171
3,1172
4,1173
5,1174
8,1174
16,1175
5,1176
3,1177
45,1177
4,1179
22,1179
24,1181
56,1181
58,1181
34,1184
3,1185
5,1186
4,1187
4,1189
59,1189
20,1190
57,1190
59,1192
5,1193
3,1194
38,1204
1,1210
6,1211
55,1211
2,1213
1,1214
2,1216
1,1217
38,1217
2,1219
41,1219
48,1221
3,1222
29,1222
17,1223
4,1224
36,1224
23,1225
41,1225
5,1226
5,1227
3,1229
14,1229
4,1230
48,1230
12,1231
27,1232
14,1234
41,1234
52,1236
34,1238
44,1239
25,1241
31,1245
39,1246
29,1250
37,1250
52,1251
51,1252
35,1255
42,1256
24,1258
48,1259
3,1264
15,1264
42,1264
5,1265
7,1265
24,1265
27,1266
5,1267
4,1269
18,1269
33,1269
4,1270
32,1271
54,1272
3,1273
19,1273
56,1276
37,1277
23,1278
25,1279
58,1281
45,1283
20,1284
3,1287
53,1287
4,1288
6,1289
5,1290
3,1292
57,1292
1,1293
4,1293
21,1293
1,1294
5,1294
2,1295
56,1296
2,1297
1,1298
27,1298
2,1299
35,1299
42,1299
57,1300
55,1301
49,1303
55,1303
31,1304
44,1305
51,1305
18,1307
46,1307
27,1309
6,1315
12,1315
16,1317
9,1318
43,1319
12,1320
43,1321
12,1322
8,1323
14,1325
39,1325
57,1325
1,1326
1,1327
2,1328
1,1329
2,1330
32,1331
55,1331
2,1332
3,1332
11,1333
5,1334
11,1334
36,1334
4,1335
9,1335
33,1335
58,1335
5,1336
1,1338
4,1338
43,1338
3,1339
8,1339
1,1340
27,1340
2,1341
2,1342
51,1342
1,1343
2,1344
15,1346
32,1346
43,1346
46,1347
28,1348
40,1351
58,1351
3,1353
1,1355
5,1355
2,1356
4,1356
4,1357
1,1358
3,1359
11,1359
2,1361
5,1361
12,1362
56,1362
1,1363
19,1363
2,1364
1,1366
6,1376
12,1376
33,1376
39,1376
58,1379
34,1382
6,1383
6,1384
25,1384
49,1385
36,1389
7,1391
23,1393
24,1393
3,1394
4,1395
55,1395
4,1396
33,1396
25,1397
5,1399
28,1400
34,1401
3,1402
50,1403
53,1403
56,1403
5,1405
11,1407
48,1408
14,1409
1,1412
2,1414
37,1414
1,1415
20,1415
2,1418
1,1419
2,1420
55,1422
54,1423
56,1423
23,1424
13,1427
7,1430
31,1433
34,1433
1,1434
37,1434
38,1434
1,1435
23,1436
2,1437
1,1438
18,1438
21,1438
2,1439
36,1440
53,1440
2,1441
19,1441
25,1443
1,1445
2,1446
1,1447
2,1448
1,1450
18,1452
45,1452
2,1453
1,1454
2,1455
6,1456
58,1456
1,1459
28,1460
2,1461
1,1462
13,1462
2,1463
18,1464
41,1465
3,1466
18,1466
5,1467
51,1468
32,1469
4,1471
16,1471
29,1472
5,1474
51,1474
4,1476
3,1478
34,1478
56,1480
51,1481
15,1482
18,1482
21,1487
35,1487
47,1487
49,1490
7,1491
23,1493
30,1498
3,1500
44,1500
39,1501
4,1502
12,1502
5,1503
3,1504
22,1504
60,1506
5,1509
4,1512
11,1515
34,1515
48,1515
30,1518
26,1522
12,1523
18,1524
53,1527
13,1528
45,1529
45,1534
31,1535
43,1535
50,1535
11,1536
20,1536
22,1536
18,1537
8,1538
36,1540
1,1543
1,1544
19,1544
27,1544
2,1545
28,1545
1,1547
13,1548
2,1549
9,1549
13,1549
22,1549
32,1549
6,1550
3,1552
30,1552
32,1553
2,1554
4,1556
50,1556
5,1557
27,1558
17,1559
32,1559
15,1560
14,1561
5,1562
4,1563
23,1564
3,1565
29,1565
18,1566
20,1570
53,1571
9,1572
24,1578
9,1580
59,1580
28,1584
47,1585
28,1586
30,1587
50,1587
1,1589
1,1590
2,1591
47,1591
57,1591
2,1593
20,1593
1,1595
40,1596
56,1596
2,1597
11,1597
15,1600
50,1601
7,1604
31,1605
21,1608
26,1608
19,1609
32,1611
1,1612
2,1615
15,1615
21,1615
1,1616
51,1618
19,1619
1,1620
19,1620
26,1620
8,1621
2,1622
2,1623
16,1623
51,1626
31,1628
34,1631
58,1633
8,1634
40,1636
10,1637
24,1639
57,1642
46,1643
16,1646
39,1648
59,1648
54,1649
20,1653
24,1653
31,1653
1,1656
2,1660
53,1660
1,1662
22,1663
2,1664
44,1664
6,1666
16,1666
1,1669
2,1671
51,1671
27,1672
1,1673
3,1673
14,1673
60,1675
1,1675
2,1677
2,1678
32,1678
56,1678
1,1679
38,1680
2,1681
33,1682
16,1689
31,1689
49,1690
29,1692
55,1699
3,1706
13,1706
50,1706
36,1708
54,1708
5,1709
15,1709
4,1712
4,1713
55,1715
5,1716
3,1718
56,1719
37,1720
10,1721
8,1729
1,1730
35,1731
1,1732
2,1733
3,1733
1,1735
5,1735
15,1735
10,1736
56,1737
4,1738
4,1739
2,1741
2,1742
5,1742
36,1743
53,1743
3,1745
42,1745
44,1745
53,1746
32,1749
21,1750
29,1750
60,1754
29,1754
3,1758
53,1758
5,1759
55,1759
4,1760
5,1761
17,1761
3,1762
29,1764
52,1764
5,1765
4,1766
12,1766
16,1767
28,1768
25,1769
60,1773
51,1776
32,1781
34,1781
42,1781
46,1784
21,1785
32,1786
42,1788
16,1791
22,1792
12,1793
42,1794
60,1795
33,1795
46,1795
48,1797
48,1800
17,1801
31,1801
24,1802
28,1802
30,1802
1,1804
1,1806
2,1807
1,1808
54,1808
2,1809
2,1810
1,1811
17,1812
2,1813
1,1815
2,1818
24,1818
48,1818
1,1819
2,1820
8,1820
15,1822
14,1825
21,1826
45,1826
6,1830
8,1830
53,1830
35,1831
23,1833
53,1835
56,1835
23,1837
32,1837
20,1838
38,1839
39,1839
42,1839
7,1840
12,1842
21,1843
23,1846
41,1846
42,1849
10,1850
24,1851
10,1858
46,1858
27,1860
57,1861
47,1862
43,1869
36,1875
57,1879
48,1881
16,1882
60,1885
30,1885
7,1886
46,1889
24,1890
3,1896
4,1897
4,1898
9,1898
8,1899
3,1902
6,1902
23,1903
5,1907
5,1908
38,1909
35,1910
59,1910
7,1912
56,1912
44,1915
1,1920
2,1921
1,1922
37,1923
2,1924
54,1924
12,1928
2,1931
15,1931
1,1932
2,1933
3,1933
33,1933
4,1934
31,1934
4,1936
38,1936
5,1937
10,1937
57,1938
5,1939
3,1940
1,1944
60,1945
1,1945
15,1946
39,1946
2,1947
1,1948
44,1948
2,1949
31,1949
2,1950
31,1950
39,1951
59,1957
1,1958
18,1958
45,1958
2,1960
32,1960
1,1961
1,1964
14,1964
2,1965
4,1965
14,1965
2,1966
19,1969
28,1969
40,1969
7,1972
13,1973
54,1975
24,1978
30,1978
9,1979
11,1979
32,1979
58,1984
6,1985
24,1985
38,1985
21,1986
45,1991
8,1992
53,1993
7,1996
45,1996
2,1997
22,1997
50,1999
57,1999
39,2000
48,2000
45,2001
9,2002
25,2003
59,2004
1,2006
19,2007
53,2007
54,2012
59,2013
2,2015
30,2015
7,2016
34,2018
19,2021
60,2023
19,2023
47,2025
19,2026
40,2033
42,2033
10,2034
28,2035
31,2035
16,2037
37,2037
49,2040
21,2042
30,2042
15,2043
13,2045
13,2046
11,2050
45,2053
37,2054
40,2055
60,2057
57,2058
44,2060
47,2062
53,2062
34,2063
57,2065
56,2066
58,2067
1,2069
30,2069
2,2071
1,2072
19,2072
30,2072
50,2072
1,2073
2,2075
3,2076
25,2076
26,2076
5,2077
11,2078
2,2079
5,2079
60,2080
59,2080
39,2081
26,2082
1,2084
26,2084
4,2085
4,2088
59,2088
3,2089
38,2090
1,2091
2,2092
32,2094
41,2094
1,2095
60,2096
2,2096
2,2099
17,2100
6,2103
45,2103
11,2105
39,2107
40,2108
22,2110
56,2110
46,2112
32,2113
9,2118
10,2118
35,2118
1,2120
2,2121
1,2122
13,2123
24,2123
54,2124
1,2125
2,2126
19,2126
23,2126
2,2128
37,2129
59,2129
60,2130
55,2133
42,2134
7,2136
1,2137
58,2137
1,2139
2,2140
1,2142
46,2144
58,2146
59,2147
2,2148
2,2150
53,2150
49,2151
6,2152
1,2153
2,2154
8,2154
1,2156
3,2158
30,2158
1,2160
2,2161
5,2161
30,2161
2,2163
43,2163
5,2165
9,2165
19,2166
4,2168
4,2169
3,2171
16,2171
29,2175
3,2177
5,2180
55,2180
4,2181
27,2182
32,2182
5,2183
9,2183
34,2185
29,2186
9,2188
32,2189
29,2190
4,2192
9,2192
3,2195
36,2195
15,2196
27,2196
44,2196
53,2196
60,2197
9,2197
34,2197
41,2197
25,2199
11,2200
17,2203
54,2207
46,2208
18,2210
28,2211
9,2212
34,2213
60,2214
58,2215
36,2217
38,2217
4,2218
16,2219
17,2219
50,2221
47,2222
29,2223
24,2226
27,2226
3,2227
43,2227
5,2228
55,2228
15,2230
5,2231
4,2232
8,2232
10,2232
20,2232
56,2233
3,2234
41,2236
4,2237
48,2240
10,2243
35,2244
60,2246
9,2247
32,2247
31,2249
26,2250
3,2254
53,2255
5,2258
4,2259
16,2259
22,2259
23,2259
5,2261
4,2262
35,2262
3,2263
42,2263
55,2263
6,2264
44,2270
40,2271
29,2272
7,2275
23,2275
43,2276
2,2277
24,2277
27,2277
35,2279
37,2282
57,2283
37,2285
46,2285
48,2286
17,2293
20,2294
49,2298
50,2298
3,2301
5,2302
4,2303
5,2304
58,2304
13,2305
3,2306
4,2308
2,2310
24,2310
3,2311
8,2311
4,2312
5,2313
5,2315
38,2315
46,2315
3,2316
4,2317
20,2317
23,2319
49,2319
18,2320
27,2324
45,2328
9,2329
37,2330
42,2330
6,2332
26,2334
33,2335
37,2339
53,2348
37,2351
52,2351
1,2352
36,2353
2,2354
1,2355
1,2356
18,2356
2,2357
3,2357
7,2357
35,2357
47,2357
2,2358
19,2358
23,2358
10,2359
39,2359
39,2360
39,2361
40,2362
5,2363
5,2364
4,2365
26,2365
33,2365
4,2366
3,2368
59,2368
52,2370
38,2374
35,2379
15,2381
56,2381
48,2383
35,2385
41,2385
49,2392
26,2393
40,2397
30,2403
39,2404
6,2408
31,2408
10,2409
18,2409
24,2409
20,2411
16,2412
24,2412
1,2413
9,2413
1,2414
10,2414
39,2414
2,2418
51,2418
1,2420
13,2421
54,2421
2,2422
24,2424
20,2425
2,2426
14,2427
14,2430
8,2434
16,2435
24,2435
1,2438
3,2439
7,2440
43,2440
1,2441
4,2441
15,2441
2,2442
4,2442
3,2443
5,2444
2,2445
5,2445
1,2448
2,2450
16,2451
25,2452
38,2453
29,2454
27,2456
58,2456
37,2458
57,2458
59,2458
45,2462
47,2463
59,2463
48,2464
42,2467
30,2470
50,2470
9,2473
23,2474
38,2474
37,2475
10,2476
19,2476
28,2479
29,2481
8,2484
35,2484
49,2486
47,2488
50,2488
50,2490
27,2492
3,2494
55,2494
5,2495
53,2495
4,2496
50,2496
46,2498
3,2500
5,2501
38,2501
4,2502
46,2502
6,2503
34,2503
52,2503
1,2505
6,2506
1,2508
44,2509
2,2511
3,2511
58,2511
2,2512
4,2512
5,2513
3,2514
1,2515
4,2515
55,2515
2,2516
5,2518
6,2522
41,2523
60,2524
35,2526
60,2527
39,2531
6,2532
3,2533
8,2533
26,2533
4,2534
41,2534
60,2535
26,2536
29,2536
33,2537
5,2538
44,2539
3,2540
5,2540
1,2541
2,2541
31,2541
2,2542
4,2542
1,2543
5,2543
3,2544
2,2545
52,2545
1,2546
4,2546
7,2546
26,2546
2,2547
3,2547
16,2548
5,2552
19,2553
5,2555
15,2555
4,2556
17,2557
43,2558
10,2559
24,2559
47,2559
36,2560
31,2561
27,2562
1,2564
1,2565
2,2566
32,2566
48,2566
2,2567
18,2567
1,2568
2,2569
27,2573
46,2574
46,2578
38,2579
11,2582
45,2583
44,2586
14,2590
46,2591
20,2594
44,2595
14,2596
3,2597
5,2598
58,2598
11,2599
4,2600
26,2600
5,2601
4,2603
50,2604
3,2606
12,2607
59,2608
9,2610
19,2612
23,2614
12,2617
7,2621
55,2621
10,2622
39,2622
56,2624
24,2630
25,2630
28,2631
38,2633
12,2634
15,2634
28,2634
48,2634
49,2634
48,2635
60,2636
45,2637
15,2638
39,2639
18,2642
1,2643
2,2644
47,2645
58,2645
9,2646
18,2646
28,2646
1,2647
58,2647
10,2648
18,2648
9,2649
29,2649
1,2650
56,2650
2,2651
26,2651
2,2652
12,2652
17,2652
29,2654
9,2656
23,2657
53,2657
21,2659
18,2660
29,2661
18,2666
24,2666
12,2667
44,2667
7,2668
11,2669
60,2671
15,2671
36,2671
10,2675
7,2680
44,2685
54,2685
23,2687
54,2687
25,2690
60,2693
8,2693
40,2693
46,2696
43,2698
20,2700
30,2702
12,2703
54,2704
39,2705
49,2707
37,2713
10,2714
38,2716
56,2722
6,2723
12,2723
20,2723
15,2724
29,2724
22,2725
12,2734
10,2735
40,2736
32,2737
60,2738
24,2742
53,2742
60,2745
17,2745
22,2745
39,2747
34,2748
45,2748
49,2750
22,2752
54,2752
57,2757
56,2760
51,2764
3,2765
24,2765
15,2767
31,2767
20,2768
58,2768
60,2771
48,2773
10,2774
15,2776
9,2778
38,2778
17,2780
55,2780
24,2783
29,2787
60,2788
13,2791
60,2793
20,2793
17,2797
7,2799
19,2803
34,2803
3,2805
5,2806
4,2807
4,2809
8,2809
10,2809
40,2809
46,2809
57,2810
3,2812
5,2813
6,2815
9,2817
20,2817
34,2819
56,2820
25,2821
47,2822
15,2829
56,2829
50,2831
20,2834
47,2835
12,2837
52,2837
11,2838
54,2840
33,2842
42,2842
55,2842
56,2846
34,2849
1,2851
2,2852
1,2855
30,2855
2,2856
40,2856
29,2857
59,2857
22,2860
9,2862
48,2862
1,2863
3,2863
2,2864
20,2864
3,2865
60,2866
4,2866
4,2867
9,2867
5,2869
3,2872
31,2872
44,2872
5,2873
9,2877
46,2879
15,2881
8,2883
4,2884
31,2886
18,2888
1,2889
46,2889
38,2890
1,2892
10,2892
34,2892
2,2893
1,2894
2,2895
7,2895
60,2897
2,2897
3,2898
52,2899
4,2900
52,2900
5,2901
17,2901
21,2902
26,2903
46,2903
4,2904
5,2905
51,2905
42,2907
3,2909
57,2914
15,2919
3,2920
4,2921
5,2922
4,2924
18,2924
3,2925
31,2926
5,2928
17,2929
31,2929
42,2930
10,2931
52,2932
28,2937
16,2938
10,2940
10,2943
36,2944
37,2945
50,2946
45,2948
41,2949
15,2955
40,2957
38,2958
51,2958
26,2960
13,2965
14,2965
52,2973
41,2975
55,2975
10,2976
31,2977
32,2977
3,2980
45,2980
5,2982
6,2983
11,2985
4,2986
24,2986
5,2987
39,2989
4,2990
3,2991
54,2992
25,2993
59,2994
26,2996
31,2998
41,2998
23,3000
3,3002
8,3003
17,3004
22,3004
51,3004
12,3005
60,3007
42,3008
31,3009
59,3009
57,3011
10,3013
26,3013
47,3013
24,3014
55,3014
41,3016
53,3017
49,3022
1,3023
2,3024
3,3025
1,3026
15,3026
35,3026
1,3027
4,3027
24,3027
2,3028
2,3029
25,3029
39,3029
5,3030
3,3033
4,3035
5,3036
40,3036
32,3038
16,3039
12,3041
27,3044
19,3045
6,3046
2,3047
22,3047
14,3048
8,3050
15,3053
37,3053
52,3053
1,3058
26,3060
1,3062
2,3063
45,3063
1,3064
2,3065
50,3065
2,3066
40,3067
60,3069
9,3070
21,3070
33,3070
22,3074
37,3074
53,3074
20,3076
49,3076
20,3077
27,3077
3,3078
4,3081
5,3083
3,3084
5,3085
57,3086
4,3087
4,3088
28,3089
35,3089
13,3094
3,3098
9,3098
16,3099
4,3101
7,3101
18,3101
26,3101
37,3102
42,3102
5,3103
31,3103
5,3106
7,3106
24,3107
43,3107
4,3108
3,3109
52,3109
23,3110
47,3110
27,3114
30,3117
17,3118
28,3118
24,3119
3,3122
33,3122
5,3125
23,3125
43,3125
13,3127
4,3129
10,3129
52,3132
4,3133
5,3135
3,3136
21,3136
26,3136
41,3137
48,3138
24,3140
29,3141
13,3142
36,3143
33,3146
55,3146
2,3147
26,3149
4,3154
29,3154
8,3155
1,3158
2,3159
7,3159
15,3159
24,3159
1,3161
58,3161
2,3162
1,3163
2,3165
3,3165
8,3165
1,3169
52,3175
26,3178
47,3180
13,3181
49,3181
1,3185
30,3185
2,3186
1,3189
11,3189
1,3191
3,3191
4,3193
48,3194
3,3195
5,3196
2,3197
4,3197
7,3197
5,3198
2,3199
3,3199
4,3200
42,3200
58,3200
16,3201
5,3203
3,3204
5,3206
4,3208
28,3208
1,3212
1,3213
34,3213
2,3214
55,3215
16,3216
2,3217
1,3220
18,3220
39,3221
58,3221
48,3222
2,3223
10,3223
23,3223
39,3223
35,3227
55,3231
14,3232
35,3232
41,3234
51,3235
53,3236
54,3236
26,3240
30,3240
52,3247
56,3248
55,3250
39,3253
45,3257
4,3264
15,3265
3,3266
9,3267
5,3268
4,3269
22,3269
4,3270
53,3270
3,3271
25,3271
56,3273
24,3275
36,3276
5,3277
15,3281
1,3282
54,3283
1,3286
25,3287
2,3290
54,3290
37,3291
1,3292
22,3292
41,3292
2,3293
2,3294
37,3294
12,3296
35,3297
20,3300
36,3301
41,3301
3,3307
29,3307
4,3308
51,3308
5,3309
30,3309
15,3310
52,3310
33,3311
5,3312
48,3313
54,3314
4,3315
30,3316
60,3317
3,3317
21,3317
39,3321
5,3322
13,3322
41,3322
60,3323
24,3325
33,3327
10,3329
38,3331
46,3332
17,3339
41,3343
6,3345
31,3349
19,3350
15,3351
44,3352
36,3353
16,3354
57,3354
51,3359
25,3360
43,3361
52,3362
44,3364
22,3365
7,3368
27,3369
49,3374
36,3375
57,3375
17,3379
23,3379
23,3380
27,3380
5,3383
8,3385
12,3385
1,3387
1,3388
24,3388
2,3389
45,3389
1,3390
2,3391
2,3392
60,3396
27,3396
37,3396
52,3396
39,3399
43,3404
15,3409
20,3412
8,3418
38,3418
10,3419
1,3420
1,3421
2,3422
20,3424
2,3425
42,3425
1,3427
16,3427
2,3430
40,3430
26,3434
28,3434
39,3434
60,3435
21,3436
10,3437
19,3439
52,3440
3,3441
5,3442
4,3444
4,3445
27,3446
30,3447
3,3448
35,3448
37,3450
15,3451
5,3452
40,3452
21,3454
52,3454
27,3456
34,3457
54,3457
37,3458
15,3461
42,3463
31,3464
43,3464
52,3465
60,3466
49,3467
53,3469
48,3471
23,3474
11,3477
49,3478
58,3479
47,3485
11,3486
15,3486
48,3489
1,3490
3,3490
1,3493
4,3493
53,3493
4,3494
37,3494
2,3495
3,3495
2,3496
5,3496
1,3497
5,3497
2,3498
58,3499
54,3503
29,3505
26,3508
12,3513
22,3513
8,3515
12,3516
38,3516
40,3516
15,3517
50,3520
57,3520
39,3524
30,3525
12,3529
1,3532
1,3534
18,3534
2,3535
6,3535
1,3536
25,3536
2,3537
47,3537
54,3538
2,3539
15,3539
47,3539
41,3541
14,3542
36,3542
41,3544
26,3545
5,3547
53,3549
3,3550
4,3551
5,3552
4,3554
37,3554
3,3555
27,3555
5,3556
1,3558
1,3559
6,3560
2,3562
2,3563
38,3563
17,3564
48,3564
1,3565
2,3567
11,3568
45,3570
11,3571
21,3572
25,3573
52,3573
13,3574
38,3574
50,3575
16,3576
43,3578
33,3579
42,3581
49,3581
38,3582
14,3585
3,3588
20,3589
4,3590
23,3591
5,3593
10,3593
36,3595
3,3597
1,3599
5,3600
14,3600
2,3601
4,3601
28,3601
41,3602
1,3603
21,3603
4,3604
47,3607
1,3608
2,3609
2,3610
3,3610
10,3610
40,3611
4,3612
8,3612
40,3613
44,3614
46,3615
5,3616
35,3617
49,3617
4,3618
41,3618
46,3618
3,3619
47,3619
53,3619
35,3620
12,3621
39,3621
5,3623
49,3623
7,3627
45,3630
56,3630
35,3639
12,3644
20,3646
31,3647
36,3648
6,3649
3,3650
4,3651
51,3653
5,3654
22,3655
29,3655
3,3656
5,3656
5,3657
4,3658
48,3658
43,3659
46,3659
56,3659
16,3660
25,3660
59,3660
41,3662
19,3663
17,3665
11,3667
36,3667
30,3671
53,3671
45,3672
13,3678
22,3678
36,3679
15,3681
24,3682
31,3682
44,3683
19,3684
44,3684
18,3686
45,3686
42,3687
20,3689
3,3691
4,3692
49,3692
53,3692
3,3693
4,3694
47,3694
5,3696
5,3699
30,3700
54,3703
9,3704
18,3708
14,3710
13,3711
46,3719
35,3720
24,3722
59,3722
3,3725
49,3725
11,3726
54,3726
4,3727
14,3727
5,3728
5,3729
4,3730
41,3731
56,3731
3,3733
25,3733
15,3740
40,3740
16,3742
55,3744
1,3750
49,3750
56,3750
30,3752
3,3753
14,3753
11,3754
4,3756
5,3757
3,3759
34,3760
5,3761
4,3762
23,3762
45,3762
22,3763
19,3767
35,3770
58,3770
29,3774
28,3775
3,3779
52,3779
5,3780
6,3781
4,3783
10,3783
3,3784
1,3785
5,3785
2,3787
4,3787
23,3788
1,3791
14,3791
19,3791
24,3791
52,3791
50,3792
1,3793
3,3794
2,3795
4,3795
8,3795
4,3796
7,3796
20,3797
49,3797
58,3797
5,3798
2,3799
3,3799
31,3800
60,3802
10,3803
5,3804
29,3807
39,3809
22,3810
37,3815
4,3816
8,3818
7,3819
53,3821
43,3822
22,3823
54,3825
56,3825
27,3830
38,3830
1,3835
13,3836
47,3836
1,3837
2,3838
1,3840
33,3840
54,3840
2,3841
2,3842
35,3844
18,3845
48,3845
50,3845
10,3846
43,3849
53,3849
50,3850
57,3852
56,3853
9,3855
50,3858
23,3862
24,3862
13,3863
1,3864
1,3865
43,3866
12,3868
2,3870
1,3872
6,3873
2,3874
2,3875
21,3876
57,3877
20,3878
59,3878
3,3879
25,3879
4,3880
51,3880
5,3881
10,3882
5,3883
26,3883
3,3884
10,3884
29,3884
4,3886
7,3886
23,3888
17,3890
1,3891
45,3891
1,3892
24,3894
1,3898
3,3899
52,3901
1,3903
4,3903
48,3904
54,3904
2,3905
38,3905
2,3906
4,3906
5,3907
30,3907
1,3909
14,3909
3,3910
39,3910
5,3911
44,3913
2,3914
3,3914
50,3915
4,3916
31,3918
3,3919
4,3920
44,3920
33,3921
27,3922
38,3922
33,3923
5,3924
5,3927
55,3927
36,3928
54,3928
7,3931
51,3931
7,3938
32,3938
28,3939
16,3940
18,3947
43,3948
27,3950
17,3956
46,3956
58,3956
40,3957
58,3958
9,3959
51,3959
4,3960
49,3966
50,3966
24,3970
25,3972
11,3973
14,3973
33,3973
7,3976
40,3976
53,3978
11,3982
45,3982
1,3984
2,3985
1,3986
55,3988
2,3989
38,3989
1,3990
21,3990
2,3991
11,3991
1,3993
52,3993
12,3996
46,3996
1,3997
10,3997
2,3999
1,4000
2,4002
58,4003
25,4004
43,4005
31,4007
2,4008
10,4008
35,4009
58,4009
10,4013
10,4014
11,4014
17,4014
56,4015
25,4017
17,4019
36,4020
48,4023
53,4024
1,4029
27,4029
24,4030
1,4033
2,4034
13,4034
1,4037
55,4037
45,4041
2,4042
7,4042
33,4043
2,4044
33,4044
49,4044
55,4045
11,4049
15,4049
54,4054
7,4056
50,4058
3,4062
5,4063
34,4063
4,4065
4,4066
3,4069
54,4069
5,4070
44,4072
14,4073
30,4077
44,4077
14,4080
35,4081
1,4082
2,4083
41,4083
47,4083
1,4084
1,4086
2,4087
37,4087
44,4089
46,4090
2,4091
49,4092
24,4094
3,4095
5,4096
22,4097
5,4098
42,4098
4,4099
3,4101
22,4102
4,4105
36,4105
33,4107
48,4107
38,4108
40,4108
14,4109
49,4110
58,4110
10,4111
28,4111
38,4111
49,4113
3,4116
4,4117
5,4120
5,4121
13,4121
28,4122
3,4123
22,4123
49,4123
4,4125
31,4125
44,4125
36,4126
29,4129
57,4129
6,4130
56,4130
3,4134
4,4135
21,4136
3,4138
53,4138
5,4140
3,4141
47,4141
5,4142
10,4142
36,4143
4,4144
13,4144
14,4144
45,4147
1,4149
29,4149
2,4150
8,4150
1,4152
1,4153
2,4155
2,4156
27,4156
30,4156
45,4159
9,4163
11,4163
46,4165
3,4166
20,4166
35,4166
4,4167
52,4167
5,4168
5,4169
4,4170
3,4171
12,4172
16,4172
8,4173
38,4175
34,4181
41,4182
27,4183
58,4186
51,4187
56,4190
47,4197
48,4198
59,4199
33,4201
18,4205
21,4208
49,4208
47,4210
35,4211
29,4214
12,4215
8,4216
38,4218
25,4219
24,4223
58,4223
49,4224
27,4225
34,4226
28,4229
16,4231
38,4232
9,4233
37,4234
29,4236
41,4238
20,4239
10,4243
51,4243
35,4247
17,4249
49,4250
13,4251
26,4254
58,4255
32,4257
16,4258
56,4261
41,4262
54,4265
31,4269
21,4270
40,4270
10,4273
21,4273
28,4277
43,4277
17,4281
23,4284
49,4289
48,4292
3,4296
60,4297
5,4297
35,4297
4,4298
8,4300
30,4300
5,4302
14,4302
4,4303
3,4304
9,4304
53,4304
3,4309
17,4309
1,4310
2,4311
4,4311
1,4312
1,4314
38,4314
47,4314
2,4315
3,4315
2,4316
5,4316
24,4316
5,4317
53,4317
60,4318
4,4319
17,4319
24,4319
11,4320
43,4320
1,4321
13,4321
47,4322
3,4323
2,4325
12,4325
30,4325
4,4326
51,4326
4,4328
27,4328
1,4330
5,4330
5,4331
2,4333
3,4333
26,4333
1,4334
28,4334
57,4334
11,4335
2,4338
15,4338
35,4342
1,4345
1,4346
2,4347
16,4347
46,4347
1,4348
2,4349
12,4350
24,4350
1,4352
48,4352
34,4353
2,4354
32,4354
1,4355
6,4355
45,4356
59,4357
1,4358
9,4359
25,4361
54,4362
2,4365
20,4365
27,4366
34,4366
2,4368
53,4372
11,4375
51,4375
16,4377
50,4377
35,4378
1,4379
49,4379
48,4383
2,4384
6,4388
23,4388
35,4389
44,4389
48,4391
37,4393
23,4394
24,4401
47,4405
31,4408
12,4409
23,4411
46,4411
53,4412
55,4412
28,4413
38,4415
41,4415
23,4419
43,4422
23,4424
57,4425
13,4428
7,4433
7,4436
38,4441
8,4443
35,4443
15,4448
20,4451
42,4451
45,4451
54,4452
23,4454
8,4458
11,4459
35,4459
24,4462
34,4465
40,4467
42,4467
17,4468
43,4470
34,4475
55,4475
35,4477
10,4479
14,4482
1,4484
36,4484
16,4485
51,4486
6,4488
32,4491
55,4491
1,4493
23,4493
1,4496
2,4497
1,4498
2,4499
2,4500
17,4501
22,4504
25,4505
45,4507
11,4509
19,4510
32,4510
43,4510
42,4512
28,4513
21,4514
32,4518
43,4520
36,4523
15,4525
16,4525
43,4526
8,4530
23,4531
18,4532
3,4534
4,4535
28,4537
5,4538
3,4539
31,4539
5,4540
50,4541
39,4542
47,4543
4,4544
51,4545
22,4550
24,4550
3,4552
4,4554
3,4555
5,4556
20,4556
37,4558
59,4558
4,4559
5,4560
8,4561
51,4564
11,4570
3,4571
4,4572
41,4572
44,4572
11,4574
5,4575
60,4579
57,4579
3,4580
59,4580
34,4582
5,4583
40,4583
4,4584
52,4586
46,4591
1,4592
1,4594
2,4595
52,4595
2,4597
15,4598
1,4599
5,4599
31,4599
2,4602
59,4605
13,4608
11,4609
39,4609
41,4611
43,4611
48,4612
54,4614
38,4617
55,4617
15,4620
58,4620
19,4621
38,4621
10,4622
26,4628
30,4630
59,4630
27,4631
34,4635
42,4645
36,4646
24,4647
25,4651
48,4654
55,4654
22,4655
25,4659
3,4661
4,4662
5,4663
36,4664
44,4666
5,4668
3,4670
47,4670
6,4671
4,4673
56,4673
49,4676
36,4680
59,4680
21,4684
58,4684
3,4686
36,4686
60,4688
22,4688
37,4689
7,4691
53,4693
29,4695
38,4697
21,4700
55,4700
39,4702
46,4702
56,4705
28,4707
9,4708
37,4708
57,4710
34,4713
38,4720
60,4722
15,4725
29,4727
29,4731
42,4731
28,4734
53,4735
17,4736
25,4736
29,4736
52,4736
3,4741
28,4743
4,4744
29,4744
33,4744
5,4745
31,4745
3,4746
27,4746
5,4747
24,4747
4,4748
30,4748
1,4749
2,4750
19,4750
24,4750
42,4750
45,4750
1,4751
15,4751
45,4751
57,4752
1,4753
2,4754
2,4755
41,4756
6,4757
47,4761
59,4761
15,4767
40,4768
15,4769
4,4772
40,4778
55,4778
18,4780
7,4781
32,4782
25,4785
18,4786
52,4786
11,4787
10,4790
12,4794
34,4794
37,4794
45,4794
27,4795
16,4801
53,4801
59,4801
56,4804
28,4807
23,4808
54,4809
12,4813
16,4813
35,4817
3,4820
31,4820
50,4820
3,4822
31,4822
5,4824
22,4824
4,4825
9,4825
38,4825
52,4826
10,4827
5,4828
3,4831
4,4832
27,4832
34,4839
3,4842
17,4842
4,4844
5,4845
5,4846
3,4848
16,4848
4,4850
43,4851
27,4852
9,4853
42,4861
21,4863
13,4864
41,4864
15,4866
26,4870
34,4870
32,4874
53,4876
31,4879
41,4881
56,4882
14,4884
15,4893
35,4894
3,4897
4,4899
25,4901
3,4902
10,4902
5,4904
5,4906
57,4906
42,4908
14,4911
60,4912
4,4912
55,4913
1,4917
1,4918
2,4919
1,4920
17,4922
2,4923
2,4925
50,4930
33,4932
3,4937
29,4940
54,4940
27,4941
3,4944
42,4944
4,4945
3,4949
17,4949
49,4949
1,4950
5,4950
31,4950
2,4952
32,4952
36,4952
4,4953
1,4955
5,4955
1,4956
17,4956
24,4957
53,4957
55,4957
2,4958
2,4959
3,4959
5,4960
5,4961
4,4962
55,4962
4,4965
46,4965
12,4968
53,4968
54,4968
3,4969
54,4973
17,4974
34,4978
42,4978
30,4980
24,4981
38,4982
24,4983
47,4983
53,4984
12,4985
9,4987
37,4992
30,4993
37,4996
43,4998
24,4999
58,5002
38,5004
23,5005
7,5006
9,5007
14,5007
16,5009
51,5010
9,5011
29,5012
49,5015
58,5015
43,5016
12,5019
9,5022
21,5024
3,5026
18,5026
26,5026
5,5027
41,5027
25,5028
58,5028
23,5031
4,5032
6,5032
4,5033
5,5034
12,5034
55,5034
3,5035
39,5036
58,5036
23,5038
26,5042
45,5046
48,5047
41,5050
26,5051
26,5052
17,5055
35,5055
1,5060
12,5061
1,5063
2,5064
2,5065
1,5066
11,5066
12,5066
36,5066
11,5068
35,5068
46,5068
2,5069
8,5069
25,5070
40,5073
9,5074
56,5075
49,5077
19,5078
37,5080
46,5080
7,5081
23,5083
37,5083
33,5085
10,5086
37,5088
53,5089
52,5090
1,5094
1,5097
2,5098
1,5100
44,5100
57,5100
2,5101
2,5102
16,5105
35,5107
13,5108
25,5109
21,5110
1,5111
27,5111
2,5113
3,5113
16,5113
29,5113
12,5115
4,5116
31,5116
36,5116
59,5116
1,5117
4,5117
40,5117
2,5118
3,5118
1,5120
5,5121
53,5121
5,5122
14,5122
41,5122
43,5122
48,5122
18,5123
2,5125
39,5126
5,5128
30,5128
24,5131
39,5131
44,5132
31,5133
20,5136
43,5137
46,5137
58,5137
10,5141
41,5141
55,5142
39,5144
57,5144
45,5145
26,5147
40,5147
8,5150
38,5150
56,5150
15,5151
43,5152
48,5152
48,5155
47,5158
58,5159
29,5160
48,5163
16,5164
23,5164
58,5165
6,5166
37,5169
51,5169
19,5171
35,5173
24,5174
31,5174
28,5175
52,5175
53,5177
43,5178
15,5179
19,5180
33,5180
32,5184
23,5185
49,5187
32,5190
40,5190
55,5191
44,5192
1,5195
1,5196
23,5197
44,5198
14,5199
20,5199
44,5199
2,5200
1,5201
2,5202
12,5202
2,5204
51,5206
8,5208
15,5210
54,5210
58,5211
59,5213
34,5220
23,5221
56,5222
17,5223
58,5225
28,5226
37,5227
41,5233
37,5234
43,5234
16,5235
3,5237
22,5237
59,5238
4,5239
1,5241
59,5241
22,5243
4,5245
43,5246
5,5247
10,5248
33,5248
5,5249
3,5250
37,5252
41,5252
5,5253
7,5255
28,5255
22,5257
40,5258
1,5259
52,5259
1,5260
35,5260
2,5261
45,5263
2,5264
1,5266
55,5266
2,5267
32,5269
58,5269
10,5271
15,5272
34,5272
16,5277
11,5284
16,5286
10,5289
23,5289
17,5290
40,5292
18,5295
51,5295
15,5301
11,5305
59,5306
14,5312
11,5313
18,5319
11,5324
47,5324
9,5328
47,5330
49,5330
1,5332
2,5333
3,5333
23,5333
1,5335
1,5336
15,5336
51,5336
2,5337
2,5338
5,5338
47,5338
5,5340
21,5341
4,5342
9,5342
16,5342
3,5343
4,5345
12,5345
15,5345
1,5346
3,5346
27,5346
2,5348
30,5348
39,5348
1,5349
37,5349
56,5349
2,5350
6,5350
1,5353
36,5353
2,5354
20,5354
4,5356
4,5357
5,5359
7,5359
37,5359
14,5360
19,5360
47,5360
3,5362
46,5363
57,5363
5,5364
29,5365
44,5365
13,5369
29,5369
40,5369
47,5370
9,5372
12,5374
30,5377
56,5381
10,5383
24,5384
45,5391
22,5392
58,5392
52,5393
18,5395
57,5401
30,5402
53,5402
58,5403
14,5406
55,5407
31,5408
28,5413
32,5414
3,5415
55,5415
4,5416
39,5416
4,5417
20,5417
24,5417
3,5418
5,5419
5,5420
10,5420
37,5425
11,5426
44,5426
4,5427
41,5428
54,5428
11,5429
16,5430
52,5431
24,5432
17,5433
33,5433
50,5434
3,5435
4,5436
22,5436
50,5436
5,5437
5,5438
4,5439
3,5440
3,5443
50,5443
39,5444
34,5445
5,5449
26,5449
5,5450
4,5451
8,5451
17,5452
1,5453
1,5454
2,5455
3,5455
4,5455
8,5455
18,5455
37,5455
29,5456
2,5457
4,5457
24,5457
45,5457
1,5458
12,5458
40,5458
43,5458
2,5459
7,5460
11,5460
23,5460
24,5460
48,5463
30,5464
38,5468
11,5469
11,5470
16,5470
19,5470
37,5470
50,5471
1,5474
22,5474
1,5477
2,5478
2,5479
7,5479
56,5479
40,5482
1,5483
59,5483
2,5484
25,5485
32,5486
4,5488
10,5489
58,5489
30,5491
34,5493
58,5494
18,5495
32,5497
44,5497
34,5499
3,5503
8,5504
53,5504
5,5505
59,5506
35,5507
18,5508
15,5509
37,5509
5,5510
18,5511
52,5511
4,5512
3,5513
42,5513
48,5513
4,5516
36,5516
33,5517
18,5518
30,5518
44,5518
23,5519
10,5521
22,5521
41,5521
26,5522
54,5522
57,5522
3,5527
4,5528
5,5529
31,5530
4,5531
31,5531
5,5533
44,5533
2,5534
60,5535
3,5535
36,5537
57,5538
55,5539
30,5541
39,5541
56,5542
1,5544
10,5544
1,5545
35,5545
2,5546
36,5546
22,5547
40,5547
1,5548
2,5549
2,5551
9,5551
19,5551
1,5552
1,5553
38,5553
2,5554
4,5554
21,5555
2,5556
1,5558
3,5558
14,5558
52,5558
2,5560
52,5560
4,5561
20,5561
4,5563
5,5564
5,5565
28,5566
30,5566
6,5571
17,5572
44,5573
3,5576
60,5577
25,5578
34,5581
35,5582
21,5587
30,5587
28,5589
29,5589
52,5590
60,5591
22,5592
26,5592
45,5593
33,5596
38,5596
44,5597
32,5599
37,5600
53,5600
8,5603
22,5603
55,5605
39,5608
48,5610
32,5618
35,5618
40,5619
13,5620
7,5622
3,5625
26,5625
1,5626
5,5626
5,5627
4,5628
3,5630
17,5630
31,5630
2,5631
21,5631
4,5633
1,5634
9,5634
2,5635
38,5636
1,5637
2,5638
13,5638
22,5639
41,5641
1,5642
23,5642
1,5643
15,5645
47,5645
2,5646
9,5647
1,5648
2,5649
2,5650
11,5650
44,5651
56,5654
1,5657
38,5657
39,5657
2,5658
1,5660
38,5660
52,5661
1,5662
2,5663
2,5665
23,5666
58,5666
13,5668
30,5669
1,5676
43,5678
28,5679
8,5680
24,5681
53,5683
27,5685
53,5685
39,5686
27,5688
6,5696
8,5697
35,5699
42,5699
40,5700
49,5700
1,5701
1,5702
21,5702
2,5703
1,5705
4,5705
9,5705
47,5705
53,5705
2,5706
2,5708
45,5713
48,5713
35,5716
47,5718
26,5719
50,5721
20,5723
20,5724
25,5724
27,5725
38,5726
8,5728
31,5733
42,5733
46,5737
51,5738
50,5741
37,5743
58,5743
26,5745
17,5746
41,5748
27,5752
17,5754
59,5757
21,5760
23,5760
6,5762
1,5763
15,5763
1,5764
45,5764
7,5765
46,5765
18,5766
2,5767
54,5767
26,5770
2,5772
19,5772
53,5772
1,5774
2,5775
49,5775
18,5776
43,5780
32,5781
43,5782
56,5782
41,5783
56,5783
59,5784
54,5785
39,5786
47,5786
59,5787
11,5788
60,5798
18,5799
29,5799
35,5800
20,5801
35,5802
1,5803
28,5805
2,5807
1,5808
19,5808
1,5809
2,5810
15,5811
2,5812
40,5812
56,5812
45,5818
3,5819
5,5820
28,5820
47,5820
5,5821
4,5822
4,5823
18,5823
24,5823
52,5823
3,5824
32,5824
3,5828
4,5831
13,5831
48,5832
5,5833
45,5833
48,5834
60,5835
5,5835
3,5838
4,5839
16,5841
60,5843
24,5845
49,5845
23,5846
59,5847
48,5850
28,5851
13,5853
3,5854
23,5854
5,5855
5,5856
42,5856
4,5858
9,5858
28,5858
3,5859
59,5859
47,5860
1,5861
3,5861
4,5861
2,5862
3,5862
8,5863
26,5863
1,5864
20,5864
51,5864
55,5864
35,5865
2,5867
6,5867
1,5868
2,5869
33,5871
10,5874
32,5874
60,5877
28,5877
1,5878
6,5878
1,5879
3,5879
2,5880
4,5880
14,5880
24,5880
5,5881
2,5882
3,5882
1,5883
4,5883
15,5883
56,5884
2,5887
5,5887
59,5887
26,5889
17,5891
31,5891
8,5892
29,5892
24,5896
21,5897
17,5901
37,5903
60,5909
57,5909
31,5911
32,5911
33,5911
17,5913
9,5915
14,5915
20,5916
11,5917
36,5918
40,5918
7,5921
48,5921
18,5922
23,5922
45,5922
1,5923
17,5923
32,5925
17,5927
57,5928
18,5930
52,5930
59,5930
1,5931
21,5932
20,5933
41,5935
41,5936
52,5937
55,5938
16,5939
55,5941
55,5944
1,5945
42,5945
48,5946
3,5947
1,5948
5,5948
2,5949
2,5950
27,5950
5,5951
19,5951
1,5952
23,5952
2,5953
23,5953
4,5954
6,5954
43,5954
3,5956
4,5960
3,5963
26,5963
4,5964
44,5964
5,5965
3,5966
5,5967
2,5971
4,5972
44,5973
59,5979
12,5981
45,5982
47,5982
31,5984
1,5985
29,5985
49,5985
2,5987
13,5987
42,5989
1,5990
24,5990
42,5990
2,5992
55,5993
22,5996
29,5996
1,5997
2,5998
50,6008
9,6009
34,6009
37,6016
17,6017
40,6017
40,6018
3,6019
10,6019
5,6023
15,6023
29,6023
4,6025
5,6026
27,6026
3,6027
22,6029
4,6030
48,6031
39,6032
3,6033
4,6034
45,6034
12,6036
18,6036
32,6036
40,6036
11,6038
57,6038
5,6039
36,6039
52,6040
1,6042
50,6042
2,6043
41,6043
5,6044
3,6045
39,6046
59,6046
1,6047
14,6047
14,6048
4,6049
2,6050
56,6050
1,6051
2,6052
3,6052
1,6056
26,6056
1,6058
34,6058
4,6059
16,6059
2,6060
32,6060
53,6060
58,6060
5,6061
2,6062
51,6062
3,6063
11,6063
20,6063
1,6064
2,6065
5,6065
57,6065
4,6066
27,6066
13,6073
14,6074
25,6079
3,6082
5,6084
60,6085
4,6086
56,6086
4,6087
3,6088
52,6088
5,6090
27,6092
25,6093
33,6093
24,6095
54,6096
6,6099
15,6099
9,6100
1,6101
23,6101
2,6102
51,6102
3,6103
32,6103
21,6104
1,6105
50,6105
7,6106
10,6106
1,6108
2,6111
27,6111
8,6112
12,6112
2,6113
18,6113
13,6117
1,6118
33,6118
1,6119
2,6121
1,6122
31,6122
2,6123
11,6125
2,6126
14,6126
18,6126
11,6127
36,6130
52,6133
1,6136
1,6137
34,6139
38,6139
2,6140
2,6143
22,6143
1,6144
56,6145
2,6146
59,6150
40,6156
32,6157
7,6158
40,6159
32,6161
52,6161
19,6166
14,6170
30,6170
46,6174
18,6178
40,6178
3,6179
26,6180
4,6181
5,6182
37,6182
3,6183
4,6184
5,6185
49,6190
8,6191
46,6191
38,6192
30,6193
40,6194
7,6199
59,6201
36,6207
38,6210
58,6210
1,6214
3,6214
35,6216
60,6217
4,6217
2,6218
5,6218
2,6219
45,6219
1,6220
40,6220
1,6221
5,6221
3,6222
2,6223
4,6223
16,6223
2,6224
48,6224
28,6229
45,6234
53,6234
15,6235
49,6236
3,6237
4,6238
5,6239
5,6240
3,6241
4,6243
11,6244
39,6244
29,6245
1,6247
47,6248
12,6249
2,6250
1,6251
1,6252
38,6252
25,6253
44,6253
2,6254
16,6254
2,6255
16,6256
51,6257
36,6260
14,6262
43,6262
58,6264
8,6265
38,6265
60,6268
26,6268
53,6268
40,6269
18,6270
60,6271
1,6271
15,6271
36,6271
2,6272
7,6272
1,6274
1,6275
24,6275
2,6276
25,6276
23,6277
28,6277
2,6278
6,6279
8,6279
43,6280
30,6281
12,6282
19,6285
37,6287
10,6289
59,6291
2,6292
23,6295
13,6296
24,6296
41,6297
35,6299
38,6302
8,6305
12,6305
54,6306
50,6308
1,6310
17,6310
43,6310
22,6312
7,6313
2,6314
1,6315
41,6315
60,6316
2,6316
1,6317
16,6317
2,6319
51,6323
5,6325
1,6328
2,6330
1,6331
2,6332
18,6332
26,6333
38,6333
9,6334
1,6336
16,6336
26,6336
2,6338
31,6338
52,6338
29,6339
55,6339
11,6340
20,6346
57,6355
36,6359
27,6364
3,6366
45,6367
4,6368
29,6368
5,6369
41,6369
3,6370
7,6371
5,6372
38,6372
4,6373
52,6380
33,6382
38,6383
58,6384
54,6390
6,6391
1,6394
7,6394
29,6394
2,6395
17,6395
57,6395
1,6396
2,6397
1,6399
2,6401
43,6407
21,6411
41,6413
56,6416
23,6417
27,6420
38,6421
15,6423
35,6428
54,6430
27,6431
12,6432
50,6433
48,6437
50,6437
3,6438
13,6438
17,6438
4,6439
5,6440
44,6440
3,6441
5,6442
7,6442
36,6442
49,6442
4,6444
31,6446
47,6459
24,6461
16,6467
25,6467
45,6467
49,6471
26,6473
57,6473
60,6474
26,6476
33,6476
60,6477
54,6477
8,6478
55,6485
52,6487
1,6488
31,6490
40,6492
2,6499
1,6500
44,6501
2,6502
19,6502
1,6503
2,6504
8,6504
24,6504
35,6504
3,6505
28,6505
4,6506
10,6508
5,6509
25,6510
47,6510
50,6510
52,6510
4,6511
10,6511
29,6511
3,6513
55,6516
5,6517
11,6518
11,6520
51,6521
10,6523
44,6523
47,6524
50,6525
45,6527
3,6528
8,6528
5,6529
4,6530
3,6531
5,6534
4,6535
57,6537
13,6540
47,6542
18,6550
2,6551
50,6551
6,6553
1,6555
2,6558
1,6559
24,6559
1,6560
22,6560
39,6560
38,6561
2,6564
2,6565
28,6565
59,6565
19,6571
7,6572
24,6572
50,6572
39,6573
33,6574
1,6578
1,6579
60,6580
2,6581
8,6581
13,6582
2,6584
1,6585
2,6586
30,6587
33,6588
57,6589
9,6591
50,6592
40,6593
19,6595
8,6596
43,6596
39,6597
58,6602
24,6605
40,6608
47,6608
1,6615
54,6617
59,6619
2,6620
38,6620
1,6621
27,6621
2,6623
1,6624
34,6625
2,6626
15,6628
3,6630
3,6635
5,6637
10,6641
4,6642
50,6643
5,6645
10,6645
40,6645
3,6646
34,6646
52,6647
4,6648
22,6649
42,6649
4,6650
42,6655
19,6656
40,6656
30,6657
33,6657
1,6658
1,6659
26,6659
2,6660
29,6663
44,6665
50,6665
2,6666
17,6666
1,6667
22,6667
2,6669
17,6670
1,6671
50,6671
1,6672
20,6672
12,6674
28,6675
2,6676
11,6676
49,6676
9,6677
22,6677
11,6678
38,6678
23,6680
2,6683
1,6686
28,6686
52,6686
2,6688
37,6689
25,6690
41,6690
7,6692
41,6693
25,6694
39,6697
50,6697
29,6698
30,6703
11,6704
45,6704
19,6706
1,6707
1,6708
2,6709
23,6709
13,6710
21,6712
1,6713
47,6713
2,6714
12,6717
2,6718
8,6718
48,6718
57,6719
22,6720
28,6720
42,6720
3,6721
5,6722
44,6722
4,6724
12,6724
59,6725
4,6726
13,6727
35,6727
9,6729
30,6729
10,6730
4,6731
54,6731
5,6732
3,6733
33,6736
24,6739
28,6740
3,6755
22,6755
4,6757
5,6758
34,6758
41,6758
4,6759
60,6760
5,6760
27,6762
30,6762
21,6764
31,6766
3,6767
28,6767
56,6767
2,6770
8,6773
51,6773
16,6777
39,6778
59,6780
6,6781
45,6781
9,6783
23,6783
47,6783
54,6783
33,6784
47,6784
20,6788
53,6788
59,6790
26,6793
25,6794
53,6795
5,6797
29,6798
50,6799
60,6801
42,6802
1,6805
2,6807
21,6807
1,6808
24,6808
17,6809
1,6810
30,6810
2,6814
2,6815
31,6817
50,6818
49,6819
45,6823
48,6825
22,6832
23,6832
54,6832
24,6833
28,6835
19,6839
51,6839
56,6840
40,6841
53,6842
37,6843
43,6844
32,6846
12,6847
38,6847
19,6849
17,6850
39,6850
26,6851
38,6851
55,6856
56,6856
5,6857
15,6857
27,6858
60,6861
11,6862
47,6862
7,6864
37,6865
50,6866
28,6868
18,6871
41,6873
3,6874
21,6874
23,6875
34,6875
5,6876
25,6876
54,6877
5,6879
54,6880
4,6881
51,6881
4,6883
47,6883
8,6884
37,6884
43,6884
29,6885
3,6889
46,6889
60,6890
51,6891
39,6893
29,6896
56,6897
39,6898
45,6898
30,6900
41,6901
28,6905
43,6906
7,6907
55,6909
56,6914
42,6915
9,6916
26,6918
60,6923
3,6923
14,6924
9,6926
5,6927
4,6928
4,6929
3,6930
56,6931
5,6932
24,6933
16,6938
11,6940
13,6940
3,6943
13,6943
27,6943
34,6943
15,6944
4,6945
14,6945
4,6946
5,6947
27,6949
32,6949
18,6950
31,6950
5,6951
25,6953
9,6954
17,6955
3,6957
20,6958
3,6960
29,6960
4,6961
4,6962
3,6963
27,6965
52,6966
5,6967
48,6967
5,6968
53,6969
35,6971
50,6971
12,6972
13,6972
8,6973
30,6973
21,6974
60,6976
1,6976
7,6976
2,6978
4,6978
47,6978
49,6978
55,6978
1,6980
26,6980
2,6981
10,6981
21,6981
55,6981
14,6982
1,6983
29,6983
2,6984
28,6984
9,6987
35,6987
1,6990
33,6990
14,6992
24,6994
2,6995
50,6995
51,6995
42,6996
1,6997
53,6997
2,6999
1,7000
2,7001
6,7003
10,7006
52,7007
30,7009
55,7009
59,7010
43,7011
36,7012
21,7013
33,7013
55,7019
53,7020
13,7022
40,7023
6,7024
13,7024
18,7026
33,7028
15,7038
43,7042
8,7047
47,7048
13,7057
59,7057
19,7059
59,7059
32,7061
23,7062
22,7065
21,7067
43,7067
21,7068
36,7068
44,7068
59,7068
50,7070
8,7071
16,7071
24,7071
55,7071
60,7072
45,7073
47,7077
15,7078
41,7078
44,7082
59,7084
3,7085
28,7085
60,7087
5,7087
40,7087
4,7088
5,7089
28,7089
4,7091
29,7091
7,7092
3,7093
45,7093
58,7093
7,7094
20,7095
30,7099
42,7099
47,7111
12,7114
44,7117
46,7123
39,7124
49,7126
3,7128
57,7128
5,7130
4,7131
19,7131
3,7133
36,7133
4,7134
5,7139
51,7140
15,7144
54,7145
60,7146
52,7146
45,7150
51,7155
36,7156
7,7157
36,7158
17,7160
24,7160
18,7162
54,7163
33,7164
35,7164
58,7164
36,7166
12,7167
17,7167
24,7167
49,7169
53,7169
56,7169
39,7171
44,7171
35,7175
1,7177
56,7178
48,7179
56,7187
59,7188
13,7192
25,7192
10,7194
19,7194
18,7195
43,7196
3,7197
58,7200
49,7203
22,7206
36,7206
51,7210
40,7214
33,7217
48,7217
1,7219
2,7220
27,7221
14,7223
10,7224
42,7224
1,7226
1,7227
19,7228
41,7229
60,7230
24,7230
2,7231
23,7231
2,7234
1,7235
2,7236
56,7238
11,7242
18,7243
9,7246
29,7248
21,7251
14,7255
38,7255
45,7255
27,7256
60,7258
28,7259
9,7261
9,7263
23,7264
33,7265
6,7267
28,7269
17,7270
33,7270
1,7271
36,7271
2,7272
1,7274
46,7275
60,7276
1,7276
2,7277
50,7277
2,7278
14,7278
43,7278
19,7279
22,7280
30,7280
13,7283
58,7283
44,7284
46,7285
58,7286
18,7288
38,7288
57,7288
29,7296
17,7297
52,7298
1,7299
54,7299
32,7301
1,7302
37,7302
2,7303
27,7303
2,7304
1,7306
56,7306
2,7307
27,7307
54,7307
47,7308
48,7309
3,7311
5,7312
4,7314
57,7314
40,7316
5,7317
26,7318
44,7318
13,7320
19,7322
7,7325
23,7325
4,7326
3,7328
7,7329
17,7329
44,7329
54,7330
28,7331
43,7332
48,7333
56,7333
8,7336
16,7338
43,7338
40,7340
48,7340
40,7341
26,7343
48,7344
42,7346
21,7350
18,7351
31,7351
32,7351
51,7352
9,7355
13,7355
41,7360
30,7362
17,7363
21,7365
40,7365
32,7366
46,7366
18,7369
3,7371
4,7372
37,7372
5,7373
39,7373
1,7375
3,7375
4,7376
1,7378
5,7378
2,7379
19,7379
2,7381
46,7381
1,7382
43,7383
2,7386
57,7389
2,7391
23,7391
45,7392
58,7393
59,7393
60,7395
41,7395
39,7396
6,7397
44,7397
54,7398
15,7400
36,7400
42,7400
17,7401
3,7403
59,7403
4,7404
3,7405
8,7405
54,7406
4,7407
5,7408
5,7409
56,7409
33,7410
15,7411
31,7411
29,7412
32,7412
46,7412
17,7414
36,7415
32,7418
27,7420
56,7421
8,7427
11,7428
38,7433
44,7436
3,7439
5,7440
53,7440
22,7441
5,7442
4,7443
38,7443
4,7444
21,7445
31,7445
3,7446
19,7447
44,7448
9,7449
30,7449
1,7451
2,7452
54,7452
1,7454
1,7456
30,7456
2,7457
56,7457
2,7458
3,7458
57,7458
5,7459
4,7460
8,7460
18,7460
5,7461
33,7463
59,7464
4,7465
3,7467
59,7468
47,7471
26,7473
54,7473
21,7476
43,7477
50,7477
46,7482
1,7485
60,7487
1,7487
2,7489
9,7489
54,7489
2,7490
31,7490
48,7495
1,7497
54,7497
2,7498
51,7500
18,7503
57,7503
32,7507
3,7510
4,7513
4,7514
33,7514
5,7515
49,7515
5,7516
43,7516
43,7517
3,7518
30,7519
38,7520
54,7521
6,7524
53,7524
14,7525
52,7525
37,7526
57,7526
31,7527
25,7529
26,7529
60,7530
27,7530
16,7531
20,7531
57,7536
45,7537
23,7539
51,7539
8,7540
43,7540
3,7541
21,7541
4,7542
56,7543
24,7544
3,7545
35,7547
40,7548
5,7551
18,7551
31,7553
22,7555
5,7556
56,7556
1,7558
4,7559
2,7560
7,7560
1,7561
1,7562
16,7563
8,7564
51,7564
2,7565
2,7566
44,7571
52,7571
20,7573
8,7574
15,7574
20,7575
3,7576
46,7577
46,7578
4,7579
28,7581
5,7582
27,7582
3,7583
23,7583
40,7583
4,7584
5,7585
11,7586
14,7587
34,7587
11,7588
14,7590
1,7591
9,7602
34,7605
60,7609
51,7609
10,7611
24,7611
51,7611
47,7615
26,7617
25,7618
8,7619
7,7623
3,7626
5,7629
4,7631
3,7632
4,7633
17,7635
58,7635
16,7636
19,7637
24,7637
5,7638
44,7638
5,7641
7,7641
50,7646
20,7648
29,7648
27,7649
42,7657
29,7660
41,7661
41,7665
11,7666
37,7667
21,7668
17,7669
52,7669
26,7671
8,7672
56,7672
35,7673
60,7674
25,7674
42,7674
2,7678
23,7681
51,7681
34,7685
22,7687
50,7689
9,7690
13,7690
32,7691
48,7692
37,7693
58,7693
50,7695
3,7697
48,7698
5,7700
4,7701
3,7702
44,7702
4,7704
5,7705
24,7705
42,7705
6,7707
46,7709
52,7711
1,7712
48,7712
1,7713
5,7713
37,7713
2,7714
1,7715
51,7715
52,7718
2,7719
34,7719
2,7721
47,7721
28,7726
29,7727
56,7728
43,7729
5,7730
12,7731
43,7732
53,7734
39,7740
43,7741
45,7745
7,7748
1,7749
54,7749
2,7750
30,7750
1,7751
11,7751
45,7751
2,7752
1,7753
30,7753
2,7754
32,7754
14,7761
47,7761
42,7763
22,7765
34,7765
56,7765
38,7768
53,7768
54,7769
33,7772
35,7773
3,7775
5,7776
44,7776
22,7778
60,7779
24,7779
4,7780
5,7781
11,7781
37,7781
4,7782
3,7783
56,7783
21,7785
35,7789
58,7789
42,7791
1,7792
12,7792
2,7793
30,7793
1,7794
26,7797
2,7798
33,7799
1,7800
12,7800
2,7802
11,7802
20,7802
27,7806
16,7809
41,7809
38,7815
52,7817
11,7820
12,7823
26,7825
58,7825
59,7826
12,7827
46,7829
45,7830
11,7834
18,7835
21,7838
25,7842
40,7842
14,7844
1,7846
2,7848
19,7848
27,7848
1,7849
1,7851
2,7852
39,7853
54,7854
19,7856
2,7857
19,7857
10,7859
33,7859
41,7859
24,7863
8,7864
11,7866
20,7866
33,7866
32,7869
44,7872
16,7875
38,7876
30,7877
6,7879
8,7881
26,7881
32,7882
59,7882
41,7883
21,7884
34,7885
35,7885
54,7887
48,7888
60,7891
25,7891
42,7894
30,7896
20,7897
43,7897
43,7898
50,7901
29,7902
37,7902
13,7903
3,7906
4,7907
5,7910
21,7912
24,7912
26,7912
5,7913
20,7913
39,7913
3,7915
4,7917
43,7921
29,7926
13,7928
49,7928
28,7929
42,7930
39,7933
57,7934
32,7941
43,7941
32,7943
35,7945
39,7949
3,7953
14,7955
1,7956
5,7956
49,7956
2,7957
37,7957
58,7957
4,7958
39,7958
3,7959
1,7960
4,7960
20,7960
25,7960
60,7961
2,7961
5,7961
1,7962
2,7963
47,7964
51,7964
24,7966
1,7968
32,7970
42,7970
2,7971
18,7974
54,7975
1,7977
23,7979
42,7980
2,7981
24,7981
1,7982
45,7982
14,7983
2,7984
40,7984
23,7985
8,7986
51,7987
52,7988
36,7989
40,7992
31,7994
29,7995
51,7997
1,7999
1,8001
2,8002
48,8002
1,8004
2,8005
2,8006
27,8007
45,8008
59,8008
58,8013
10,8015
40,8016
28,8017
3,8020
31,8020
4,8021
35,8021
5,8022
21,8022
37,8022
4,8023
47,8023
5,8024
3,8025
10,8026
47,8026
48,8026
7,8028
11,8028
34,8029
42,8029
46,8030
25,8031
45,8031
52,8032
33,8034
22,8036
15,8039
7,8040
26,8040
25,8042
60,8044
46,8045
13,8046
50,8046
8,8048
60,8051
16,8055
34,8055
50,8057
22,8058
30,8059
32,8062
59,8062
56,8068
1,8070
42,8070
52,8070
1,8071
2,8072
32,8074
17,8075
2,8076
1,8077
2,8080
55,8082
19,8084
29,8084
47,8084
46,8085
49,8086
49,8087
9,8090
19,8092
33,8093
39,8093
11,8095
31,8095
46,8095
27,8097
24,8102
43,8102
6,8107
37,8107
22,8108
29,8110
59,8111
4,8112
29,8118
60,8119
45,8120
34,8131
20,8132
37,8133
12,8134
3,8136
4,8138
27,8138
27,8139
20,8140
37,8141
5,8143
5,8145
34,8145
3,8148
18,8148
4,8150
57,8150
60,8151
43,8151
13,8153
60,8157
13,8159
40,8160
22,8163
47,8165
49,8168
35,8172
41,8172
3,8174
5,8178
4,8179
5,8180
10,8180
4,8181
54,8182
38,8183
3,8184
40,8187
13,8188
30,8188
34,8188
35,8190
1,8194
47,8194
1,8195
2,8196
25,8197
57,8197
2,8198
13,8199
1,8200
20,8200
50,8200
34,8201
2,8202
33,8203
7,8204
60,8208
31,8208
60,8209
19,8209
28,8209
9,8210
58,8213
23,8218
29,8220
60,8221
5,8221
46,8221
55,8221
60,8222
46,8223
14,8224
58,8224
1,8225
14,8225
31,8225
27,8226
9,8227
1,8229
2,8229
31,8229
2,8230
51,8233
1,8234
13,8234
2,8235
2,8236
17,8239
9,8240
58,8240
39,8241
7,8243
59,8245
34,8247
17,8248
25,8250
20,8252
7,8256
38,8256
1,8257
59,8265
3,8266
5,8267
29,8267
21,8268
12,8269
54,8269
4,8270
4,8271
3,8273
58,8273
5,8274
32,8274
19,8275
43,8276
18,8278
34,8278
41,8278
14,8282
45,8284
58,8284
7,8286
54,8286
10,8287
10,8288
3,8293
4,8295
17,8295
3,8296
27,8296
8,8297
5,8298
19,8298
37,8301
5,8302
20,8302
38,8302
53,8304
23,8306
36,8307
4,8308
37,8309
59,8311
39,8314
12,8316
32,8318
8,8322
21,8323
24,8323
15,8325
33,8325
39,8327
28,8328
40,8329
33,8330
11,8332
40,8332
40,8334
16,8336
20,8337
48,8338
51,8338
6,8341
56,8342
35,8343
20,8346
10,8348
20,8350
34,8350
24,8352
40,8353
39,8354
20,8360
57,8363
14,8365
52,8366
13,8369
31,8369
38,8370
18,8371
46,8372
37,8375
8,8376
45,8376
53,8377
60,8378
48,8378
57,8378
10,8379
7,8380
32,8380
16,8382
19,8383
23,8383
43,8384
26,8385
5,8386
21,8388
1,8389
9,8390
2,8391
33,8392
59,8393
1,8395
2,8396
1,8399
36,8400
2,8401
13,8401
3,8403
4,8404
33,8404
58,8404
4,8407
5,8409
5,8410
3,8412
41,8413
58,8415
1,8418
30,8418
47,8418
43,8419
2,8420
15,8422
42,8423
1,8424
59,8424
2,8427
1,8428
2,8430
5,8430
20,8431
48,8432
53,8432
32,8434
46,8434
46,8436
47,8439
44,8441
35,8443
1,8444
41,8445
58,8446
2,8447
1,8448
18,8448
29,8448
59,8448
1,8449
24,8450
2,8452
2,8454
41,8455
56,8457
38,8459
53,8459
8,8461
9,8462
11,8462
8,8463
48,8467
49,8470
56,8471
20,8473
56,8476
18,8477
14,8478
34,8480
26,8481
28,8483
22,8484
55,8488
37,8490
10,8491
24,8492
47,8494
37,8498
8,8499
37,8499
25,8500
35,8501
47,8501
15,8502
21,8502
18,8511
13,8512
53,8512
14,8515
50,8515
34,8516
43,8518
37,8520
29,8521
54,8521
23,8522
55,8524
3,8525
38,8525
29,8526
24,8527
48,8527
57,8527
14,8529
17,8529
5,8530
14,8530
47,8530
59,8530
4,8531
55,8531
7,8532
31,8533
1,8535
5,8535
44,8535
1,8536
2,8537
2,8538
3,8539
1,8540
4,8540
21,8541
2,8542
45,8546
46,8547
55,8547
6,8548
15,8550
22,8551
5,8555
16,8555
33,8555
41,8555
60,8556
7,8557
36,8558
44,8558
45,8558
25,8561
51,8561
5,8563
29,8565
1,8567
1,8568
36,8569
49,8569
2,8571
7,8571
2,8572
2,8573
1,8574
2,8577
30,8581
50,8582
43,8584
53,8586
45,8588
8,8589
26,8589
50,8589
59,8589
13,8597
24,8597
19,8600
24,8605
18,8607
13,8608
33,8609
49,8615
8,8616
20,8617
19,8618
24,8621
10,8622
25,8623
31,8625
34,8625
7,8626
60,8627
12,8627
37,8630
8,8631
60,8633
7,8635
10,8636
34,8637
5,8640
30,8640
45,8641
19,8643
30,8643
20,8644
4,8645
43,8645
22,8646
41,8646
60,8647
42,8648
55,8651
28,8652
31,8654
20,8657
46,8658
21,8659
14,8661
55,8661
46,8663
3,8664
4,8665
3,8666
5,8667
4,8668
17,8668
5,8669
25,8669
28,8669
56,8672
8,8674
27,8677
37,8677
13,8680
54,8680
42,8683
41,8684
3,8685
46,8685
12,8686
4,8690
5,8691
4,8692
12,8693
48,8693
5,8694
17,8695
7,8696
19,8696
3,8697
19,8697
24,8701
27,8701
56,8706
40,8709
16,8712
35,8715
54,8715
34,8718
26,8719
44,8719
9,8722
28,8724
25,8726
55,8726
48,8727
11,8728
46,8728
34,8729
60,8730
59,8732
18,8733
27,8734
29,8734
1,8736
8,8736
4,8737
41,8737
13,8738
20,8739
37,8739
1,8740
2,8742
41,8746
3,8748
1,8750
2,8751
44,8751
2,8752
19,8752
5,8753
4,8754
13,8754
15,8754
4,8755
9,8755
3,8756
53,8756
56,8756
5,8760
24,8762
30,8762
12,8763
1,8764
1,8766
2,8767
55,8769
1,8770
42,8771
2,8774
26,8774
2,8775
41,8776
25,8777
23,8778
52,8779
57,8780
1,8783
22,8783
1,8784
54,8784
14,8785
2,8786
27,8786
53,8787
1,8788
36,8788
2,8789
2,8791
1,8792
15,8792
35,8792
1,8793
43,8793
16,8794
51,8794
33,8795
58,8795
2,8796
19,8796
13,8797
2,8798
1,8799
13,8799
23,8799
2,8800
19,8800
54,8800
16,8803
29,8806
11,8808
1,8809
1,8811
3,8811
2,8812
32,8812
36,8812
2,8813
4,8813
38,8813
3,8814
58,8814
4,8815
5,8816
1,8817
5,8817
6,8817
2,8818
50,8819
16,8820
28,8820
10,8821
6,8824
45,8825
31,8827
17,8829
34,8829
32,8831
29,8832
51,8835
27,8836
17,8838
49,8839
35,8842
3,8844
5,8845
16,8845
1,8847
4,8847
10,8849
32,8851
4,8853
12,8853
3,8857
5,8858
29,8858
6,8861
23,8864
28,8866
51,8868
15,8869
40,8872
14,8874
19,8874
36,8880
54,8880
20,8882
51,8882
23,8888
26,8889
60,8890
3,8892
37,8893
1,8894
5,8894
22,8894
11,8895
1,8896
4,8896
57,8896
2,8898
3,8898
5,8899
1,8900
4,8900
15,8900
2,8901
7,8901
2,8902
14,8902
30,8905
51,8906
49,8910
19,8915
19,8916
39,8919
55,8920
11,8921
41,8922
43,8926
36,8927
35,8930
7,8931
11,8932
51,8932
14,8933
15,8939
51,8941
54,8941
29,8942
38,8943
3,8944
21,8944
25,8944
50,8944
4,8945
5,8946
45,8947
37,8948
45,8948
1,8950
4,8950
5,8951
20,8951
50,8951
2,8952
39,8952
1,8954
3,8954
58,8954
59,8954
5,8956
1,8957
2,8959
30,8961
2,8962
30,8963
44,8964
27,8968
33,8969
37,8972
10,8973
34,8973
1,8975
36,8988
14,8991
12,8992
13,8993
51,8993
54,8994
44,8995
1,8998
21,8999
43,8999
1,9000
2,9001
47,9001
38,9002
1,9003
2,9005
28,9007
59,9007
19,9010
2,9011
10,9012
13,9014
2,9015
35,9017
42,9017
11,9020
16,9020
10,9023
21,9023
53,9024
56,9025
57,9028
34,9030
35,9030
40,9030
39,9034
13,9036
31,9039
9,9040
39,9043
42,9043
57,9046
16,9047
8,9050
33,9051
23,9053
42,9055
18,9056
48,9058
15,9059
18,9059
42,9060
24,9061
7,9064
3,9070
4,9071
12,9072
41,9072
5,9073
20,9073
13,9074
4,9075
52,9075
57,9075
5,9076
17,9080
3,9081
31,9081
22,9082
34,9082
57,9088
23,9091
4,9093
47,9093
1,9094
44,9094
1,9095
2,9096
22,9096
26,9096
32,9096
1,9098
1,9099
8,9099
2,9100
22,9101
49,9101
44,9102
2,9103
60,9104
33,9108
52,9108
25,9109
34,9112
1,9114
8,9115
1,9117
2,9118
2,9119
7,9119
1,9121
51,9121
2,9122
44,9123
5,9125
30,9125
52,9125
4,9130
14,9139
49,9146
56,9151
47,9152
54,9152
11,9153
15,9155
7,9156
22,9157
46,9157
25,9159
57,9160
49,9163
55,9163
36,9171
51,9172
8,9173
32,9173
18,9174
28,9174
31,9174
34,9174
5,9175
33,9175
6,9176
13,9180
23,9181
39,9181
22,9182
29,9182
1,9184
3,9185
7,9185
4,9186
49,9186
5,9188
4,9190
23,9190
3,9192
5,9193
34,9195
42,9198
1,9202
22,9202
13,9203
57,9203
1,9204
28,9205
1,9206
52,9208
2,9212
60,9214
1,9214
2,9215
2,9217
30,9217
11,9221
33,9223
34,9223
25,9225
7,9226
15,9226
13,9228
49,9228
7,9229
51,9231
35,9236
27,9240
59,9241
21,9244
23,9245
39,9246
47,9246
1,9247
24,9247
36,9247
1,9248
2,9249
46,9249
1,9251
11,9252
17,9254
59,9255
2,9256
2,9257
44,9257
58,9258
48,9259
11,9261
42,9262
43,9262
15,9265
38,9270
6,9273
54,9273
3,9274
15,9274
29,9274
5,9276
4,9277
12,9277
10,9278
23,9278
5,9279
27,9282
4,9284
3,9285
8,9286
31,9286
32,9287
51,9292
33,9294
56,9294
59,9294
13,9295
25,9295
7,9297
23,9297
58,9297
45,9298
60,9299
1,9299
1,9300
2,9301
1,9302
2,9304
43,9305
2,9307
7,9307
22,9307
11,9308
23,9312
10,9315
51,9317
10,9321
9,9325
56,9326
50,9327
6,9328
6,9329
27,9330
45,9331
59,9331
15,9333
23,9334
53,9334
60,9337
46,9340
38,9341
23,9347
27,9348
10,9350
24,9352
14,9354
54,9357
52,9359
50,9360
8,9363
52,9363
12,9364
52,9364
51,9370
19,9372
1,9374
40,9375
60,9377
49,9377
14,9378
43,9380
3,9381
21,9381
4,9382
18,9382
5,9383
29,9386
39,9386
4,9388
11,9388
5,9389
3,9391
1,9396
41,9396
51,9400
23,9401
8,9403
15,9404
27,9407
58,9410
21,9413
52,9413
34,9414
49,9414
28,9417
17,9418
24,9418
53,9418
15,9419
21,9421
25,9423
50,9428
55,9428
11,9430
1,9434
1,9436
2,9437
37,9437
6,9438
1,9439
2,9440
39,9440
39,9442
22,9443
2,9444
33,9444
7,9446
52,9447
29,9452
13,9453
22,9453
22,9455
33,9455
43,9457
17,9459
30,9464
38,9467
54,9467
9,9470
27,9474
23,9476
27,9476
24,9479
51,9480
28,9483
7,9484
25,9487
11,9488
49,9488
20,9490
27,9492
30,9493
14,9495
41,9496
47,9498
29,9499
37,9501
39,9503
45,9508
18,9510
27,9510
59,9510
58,9511
25,9512
28,9513
12,9514
21,9516
9,9521
28,9521
41,9521
18,9522
47,9522
14,9525
44,9528
48,9528
29,9531
35,9534
9,9536
33,9541
46,9541
50,9541
3,9544
50,9544
21,9545
59,9546
7,9547
46,9547
4,9549
3,9551
5,9552
23,9552
29,9555
5,9556
6,9556
16,9557
4,9558
20,9558
53,9562
11,9563
36,9564
14,9566
8,9571
48,9575
30,9576
9,9577
17,9580
20,9584
38,9584
23,9588
16,9589
23,9590
45,9590
11,9591
26,9592
39,9592
31,9593
25,9595
18,9596
4,9597
6,9598
50,9601
3,9603
50,9603
11,9604
4,9605
7,9605
5,9606
4,9608
25,9611
33,9611
3,9612
47,9612
49,9612
8,9613
5,9614
57,9615
42,9619
52,9619
26,9622
50,9625
58,9625
13,9626
50,9626
8,9627
24,9627
14,9628
21,9628
17,9632
42,9632
13,9633
56,9633
40,9634
27,9637
51,9637
15,9645
20,9645
31,9646
38,9646
23,9648
38,9648
13,9650
19,9651
8,9652
1,9653
29,9653
2,9655
1,9656
42,9656
2,9657
1,9658
2,9659
12,9659
19,9660
44,9664
7,9669
33,9671
13,9672
49,9674
24,9675
37,9683
1,9684
34,9684
46,9684
1,9685
2,9686
8,9687
1,9688
2,9689
25,9689
32,9689
2,9690
31,9690
32,9692
33,9692
46,9692
48,9694
6,9697
43,9698
20,9699
35,9699
46,9702
40,9704
22,9710
34,9712
49,9712
12,9716
16,9719
39,9721
34,9722
45,9724
45,9729
58,9730
5,9731
36,9735
45,9735
48,9737
16,9739
23,9740
26,9740
10,9742
35,9742
11,9743
41,9745
43,9745
45,9745
18,9746
59,9747
39,9753
27,9754
34,9757
4,9762
55,9763
7,9765
42,9765
43,9766
56,9767
28,9768
37,9772
57,9772
1,9773
57,9773
2,9774
31,9775
32,9775
1,9777
2,9779
33,9780
1,9781
25,9781
2,9783
11,9783
40,9786
39,9788
36,9789
57,9793
59,9793
22,9796
58,9796
41,9801
3,9805
35,9805
27,9806
5,9807
36,9807
54,9808
5,9809
39,9809
4,9811
11,9811
19,9811
23,9811
54,9811
4,9812
14,9812
56,9812
3,9815
38,9817
27,9819
14,9821
52,9822
7,9823
34,9827
48,9828
55,9835
57,9835
51,9836
3,9842
38,9843
5,9844
13,9847
25,9847
42,9847
4,9849
12,9849
26,9849
4,9850
3,9851
20,9853
5,9854
46,9854
7,9855
28,9855
22,9857
50,9857
4,9859
12,9859
5,9860
25,9861
43,9861
17,9864
22,9864
51,9865
52,9868
30,9869
36,9869
48,9869
35,9870
51,9872
59,9872
60,9874
45,9874
48,9874
36,9876
53,9877
3,9882
30,9882
4,9883
9,9883
32,9885
5,9886
18,9887
26,9887
3,9888
7,9888
24,9888
25,9890
5,9891
54,9892
4,9893
20,9893
3,9894
27,9894
4,9895
59,9895
27,9896
5,9897
25,9897
5,9898
41,9898
54,9898
32,9899
4,9900
39,9902
3,9903
11,9904
54,9904
3,9905
55,9905
5,9906
26,9906
4,9907
23,9908
32,9908
4,9910
34,9911
40,9912
5,9913
32,9913
3,9914
19,9915
30,9919
35,9920
53,9920
50,9922
28,9924
17,9926
19,9928
44,9928
10,9934
30,9934
5,9935
24,9937
29,9938
10,9942
23,9943
30,9945
39,9945
8,9947
1,9948
2,9949
3,9949
49,9949
1,9953
5,9953
2,9954
4,9954
13,9954
1,9955
47,9955
2,9957
16,9957
3,9958
54,9958
5,9959
24,9959
4,9963
33,9964
40,9964
51,9973
27,9976
41,9976
34,9977
39,9979
39,9981
54,9981
59,9983
53,9985
59,9989
39,9991
13,9993
17,9996
28,9996
57,9996
44,9997
41,9998
47,9998
