9,1
33,2
13,3
34,5
1,6
1,7
2,9
7,9
2,10
1,11
2,12
15,13
7,18
43,18
15,23
31,25
27,27
34,27
7,28
39,28
1,29
26,30
6,31
42,32
55,32
2,34
1,35
51,35
1,36
3,36
5,37
26,37
4,38
16,38
55,38
5,39
4,40
41,40
3,42
2,45
17,45
12,46
30,46
2,48
37,49
51,51
43,52
33,53
37,54
24,56
44,57
37,59
34,60
13,61
60,66
55,66
31,67
51,67
36,72
43,72
12,75
32,78
6,79
54,80
59,81
54,83
50,84
25,89
31,89
25,93
4,94
25,94
44,95
44,96
49,98
11,101
31,101
43,101
1,102
46,102
1,105
2,106
15,106
1,109
49,109
57,109
31,111
55,111
2,113
50,113
2,114
48,115
10,116
3,117
4,121
5,122
8,122
49,122
3,124
54,124
3,125
6,125
15,125
54,125
5,126
4,128
6,129
29,130
43,131
11,133
44,137
1,138
25,138
50,138
52,139
44,141
20,143
53,145
59,146
21,148
7,149
18,150
13,151
12,152
11,156
55,157
1,158
38,158
2,161
1,162
1,163
32,164
2,165
3,165
2,168
5,168
4,169
8,169
16,170
33,175
42,175
3,177
4,179
5,180
45,180
60,184
1,186
12,186
40,186
50,186
48,187
1,188
45,189
54,189
22,190
2,192
6,192
1,193
8,193
39,194
24,195
53,195
2,197
18,197
19,197
2,198
40,201
1,202
31,203
35,203
27,204
36,204
47,204
7,205
1,208
2,210
2,211
30,216
1,218
6,218
48,218
2,219
27,219
43,220
29,221
43,221
32,223
40,223
21,227
29,227
39,228
11,229
36,232
46,233
55,236
25,237
43,237
46,238
60,239
30,239
47,241
9,246
53,247
50,251
34,253
57,254
52,255
3,256
4,257
24,257
50,257
3,258
6,258
5,260
1,261
4,261
28,261
2,262
59,262
1,263
5,263
2,266
60,268
10,269
1,270
2,274
10,279
3,280
27,280
60,284
42,284
43,285
4,287
27,287
16,289
5,291
42,293
50,294
3,296
43,296
5,297
34,297
4,298
20,301
36,301
7,302
28,303
46,304
31,305
50,305
41,308
27,310
56,310
10,317
31,317
54,318
57,318
47,319
36,323
35,324
43,326
46,328
10,329
44,330
35,334
39,334
56,338
3,341
8,341
58,341
5,342
29,342
52,342
4,343
20,344
33,344
44,345
5,346
11,346
39,347
30,351
41,351
3,352
19,352
4,353
49,353
60,354
8,355
8,358
17,360
55,360
32,362
52,363
13,364
18,364
59,364
59,367
18,368
16,369
34,372
1,373
8,373
1,374
30,375
2,376
48,377
48,380
53,380
57,380
2,383
22,383
1,385
20,385
18,386
55,386
2,387
57,389
58,389
35,391
53,391
20,395
16,396
27,397
41,397
32,398
58,400
14,403
32,404
50,404
26,408
39,408
14,409
60,411
47,411
51,411
3,412
5,413
4,415
56,415
5,416
36,418
4,421
23,421
3,422
36,422
25,423
22,424
6,425
23,427
56,429
28,431
28,433
60,434
1,437
50,437
2,438
23,440
44,441
1,442
19,442
45,442
46,442
43,443
1,444
41,444
51,445
34,446
53,448
2,449
26,449
2,450
13,450
22,450
32,450
8,451
13,455
8,456
43,457
58,460
36,465
47,465
33,466
41,473
20,474
17,475
8,476
17,476
38,478
32,482
45,487
6,489
44,492
1,496
1,500
28,500
2,502
41,503
1,504
31,507
2,508
34,508
2,509
16,512
52,516
25,518
30,519
36,520
16,523
12,524
15,524
51,530
33,532
3,535
22,535
51,535
4,536
4,537
10,537
31,537
9,538
51,538
5,539
3,540
5,542
39,545
42,548
47,548
15,551
54,552
35,553
30,554
23,559
18,567
14,568
10,569
36,574
33,575
14,576
22,576
18,578
23,578
1,579
23,581
34,583
2,584
3,584
4,586
30,586
48,586
50,586
4,587
21,587
38,587
1,588
2,589
5,589
28,590
57,590
34,591
1,592
5,592
21,592
44,592
3,594
2,595
34,597
37,598
12,599
27,599
58,599
19,601
28,603
23,605
59,605
3,607
20,607
4,608
18,608
3,613
18,613
20,613
30,613
42,613
5,614
13,614
6,615
58,615
13,617
58,620
5,621
4,622
11,625
50,625
17,628
37,628
43,629
57,632
20,633
23,633
31,639
47,642
7,651
3,652
58,652
29,653
34,654
4,655
5,656
24,656
32,657
5,658
18,658
50,661
14,662
4,663
9,663
3,664
41,664
54,670
55,674
26,675
1,680
3,681
52,681
2,683
1,684
4,684
4,688
16,688
55,688
5,689
25,689
11,690
31,690
32,690
55,690
1,691
2,692
5,694
2,695
3,695
34,698
2,699
14,700
10,702
15,702
19,703
43,703
34,705
30,709
31,712
60,714
7,716
18,717
40,718
45,719
60,720
21,720
23,721
30,723
45,723
28,724
45,724
22,725
18,728
23,728
37,728
1,729
2,730
9,730
1,732
1,733
34,734
22,736
43,737
2,738
20,738
2,740
58,741
25,744
3,745
6,745
4,747
22,747
23,748
41,748
5,750
5,751
11,751
3,752
4,753
56,754
9,755
58,757
12,758
45,758
38,760
50,762
28,763
20,766
32,766
13,768
44,768
55,770
37,773
46,773
55,775
43,776
23,777
54,778
28,779
54,780
31,781
39,781
44,783
59,789
34,791
1,794
13,794
48,795
1,796
2,797
26,802
47,802
2,803
36,803
1,804
2,805
36,805
37,806
50,806
38,807
10,815
14,815
17,817
20,817
42,821
51,821
55,822
2,825
22,827
57,827
55,829
3,830
25,830
32,831
5,832
18,832
4,835
14,835
5,836
3,837
37,837
4,838
16,839
4,843
17,845
43,845
3,846
56,847
4,848
5,856
3,857
5,858
4,859
10,861
46,861
6,862
54,863
53,866
1,867
57,867
46,868
1,869
48,869
23,870
2,873
2,875
24,875
1,877
2,879
34,879
20,885
14,886
54,886
30,888
18,889
24,889
36,890
6,891
30,891
39,891
31,893
50,893
25,895
27,896
13,898
34,899
34,904
27,905
50,905
34,910
1,911
1,912
45,913
2,914
1,916
2,919
2,920
14,921
47,921
50,921
37,923
60,924
16,925
3,929
5,931
4,933
27,933
5,934
28,934
41,934
48,934
49,934
3,935
59,935
4,936
18,939
20,939
48,939
15,940
21,941
15,944
25,944
11,947
48,947
4,949
58,950
27,953
8,955
32,958
49,958
55,965
16,972
34,972
37,974
11,975
50,975
24,986
60,987
33,989
33,994
44,994
32,995
15,996
33,997
59,1001
6,1005
22,1005
41,1006
11,1007
17,1009
4,1010
33,1012
52,1018
10,1019
31,1019
19,1021
49,1021
14,1027
59,1027
21,1028
50,1028
14,1031
42,1031
3,1032
4,1034
5,1035
53,1035
47,1037
4,1038
54,1041
5,1042
24,1043
3,1044
45,1045
20,1049
40,1049
33,1050
7,1051
27,1054
28,1054
47,1055
22,1058
26,1058
49,1065
27,1066
56,1066
34,1067
53,1071
16,1074
27,1077
60,1081
11,1081
33,1081
43,1081
39,1082
26,1084
49,1086
55,1089
23,1091
7,1092
52,1092
8,1097
19,1097
10,1098
7,1099
1,1106
10,1106
1,1107
2,1108
21,1109
1,1111
41,1111
58,1111
8,1112
2,1113
27,1114
39,1114
2,1115
10,1117
39,1117
1,1118
14,1120
23,1120
1,1123
2,1124
29,1124
44,1124
52,1125
9,1126
24,1127
34,1127
57,1127
2,1128
15,1128
1,1129
20,1130
21,1131
45,1131
2,1133
60,1134
27,1135
27,1136
44,1136
50,1140
35,1143
60,1145
36,1146
23,1147
33,1148
55,1148
43,1150
7,1151
30,1151
33,1152
36,1152
21,1153
52,1154
53,1156
40,1157
13,1163
9,1164
46,1166
6,1167
10,1168
36,1170
1,1173
2,1174
1,1175
24,1175
47,1175
24,1176
32,1176
45,1177
46,1179
7,1180
27,1181
44,1186
1,1187
40,1188
2,1193
17,1193
51,1193
57,1193
2,1194
24,1194
51,1195
60,1196
46,1200
59,1209
44,1210
44,1211
14,1216
43,1218
13,1219
40,1220
15,1223
38,1224
60,1226
39,1226
25,1230
6,1231
3,1232
56,1232
14,1235
29,1235
40,1235
4,1237
32,1237
5,1239
32,1239
5,1242
50,1242
3,1243
4,1244
29,1246
42,1246
7,1248
31,1249
34,1249
20,1250
47,1251
1,1255
44,1256
8,1257
2,1258
15,1259
27,1261
49,1261
11,1264
1,1266
2,1268
1,1269
24,1269
2,1270
49,1270
55,1270
40,1271
41,1272
36,1274
18,1275
58,1279
60,1284
25,1287
3,1290
5,1292
21,1292
28,1292
37,1297
23,1299
40,1299
5,1301
4,1302
3,1303
11,1303
44,1304
4,1306
5,1306
29,1306
14,1307
3,1308
44,1313
55,1316
57,1317
8,1319
6,1320
60,1321
1,1322
24,1322
2,1323
1,1324
1,1325
2,1326
2,1328
59,1329
40,1331
16,1335
45,1336
5,1343
16,1344
1,1345
1,1346
2,1348
19,1348
45,1348
26,1349
1,1350
2,1351
6,1353
2,1356
11,1356
4,1357
58,1357
33,1358
60,1365
55,1366
34,1368
8,1369
10,1370
12,1371
19,1371
14,1373
53,1373
15,1375
22,1377
48,1381
13,1382
10,1387
17,1389
60,1392
45,1392
52,1394
3,1396
33,1397
5,1401
59,1401
16,1403
25,1405
29,1406
4,1407
16,1407
22,1408
4,1410
32,1410
5,1411
46,1411
57,1411
3,1412
42,1412
18,1419
31,1421
12,1422
24,1422
38,1423
29,1426
34,1430
22,1431
17,1432
7,1434
1,1436
24,1437
2,1438
39,1438
1,1439
2,1440
1,1441
10,1441
26,1442
40,1443
2,1444
34,1448
16,1453
54,1453
36,1454
15,1458
23,1459
58,1460
27,1462
47,1463
6,1464
31,1466
21,1469
54,1469
10,1471
36,1471
18,1473
49,1473
14,1474
59,1474
16,1479
21,1480
45,1480
58,1480
44,1481
19,1484
27,1485
41,1491
14,1497
52,1503
5,1504
56,1504
58,1506
8,1509
41,1509
28,1513
55,1513
15,1516
5,1517
41,1520
20,1522
51,1522
35,1524
18,1525
22,1528
52,1529
47,1530
49,1530
54,1534
1,1535
7,1536
11,1536
53,1536
9,1540
58,1541
59,1541
57,1542
21,1543
27,1544
15,1548
29,1549
45,1550
33,1552
59,1552
14,1555
50,1557
6,1563
29,1564
59,1569
57,1571
60,1572
27,1572
19,1577
8,1578
13,1580
7,1582
8,1582
53,1582
41,1583
19,1586
35,1586
1,1590
13,1591
21,1591
1,1592
19,1592
2,1593
18,1594
2,1596
1,1597
35,1597
2,1599
26,1600
42,1602
43,1602
12,1603
30,1605
3,1607
27,1609
27,1610
5,1611
38,1611
39,1612
4,1615
54,1615
20,1616
1,1618
3,1618
4,1619
1,1621
5,1621
2,1624
34,1624
1,1625
24,1625
2,1626
18,1626
2,1628
37,1630
9,1631
13,1632
17,1632
35,1632
53,1635
34,1637
19,1638
36,1638
50,1641
19,1642
36,1643
41,1646
54,1649
40,1651
49,1659
1,1660
35,1660
2,1661
9,1661
1,1664
2,1665
1,1666
48,1666
3,1667
2,1668
4,1668
6,1668
8,1668
33,1669
33,1671
38,1672
60,1674
5,1676
9,1676
5,1677
23,1677
3,1678
4,1679
12,1684
30,1686
41,1687
60,1688
23,1688
17,1689
11,1690
49,1691
55,1691
6,1694
46,1698
54,1699
17,1705
28,1705
42,1709
47,1709
14,1710
55,1711
3,1717
7,1718
47,1718
5,1719
4,1720
5,1721
4,1722
26,1724
51,1725
46,1726
3,1727
7,1727
53,1731
31,1732
46,1732
3,1733
15,1733
4,1735
23,1735
5,1736
57,1736
5,1737
38,1738
54,1738
4,1742
40,1743
3,1745
43,1745
3,1746
4,1750
3,1751
22,1751
21,1752
5,1753
5,1754
22,1755
36,1756
4,1758
17,1759
42,1765
56,1765
40,1768
6,1769
23,1770
1,1772
47,1773
13,1777
40,1778
2,1779
12,1782
1,1785
39,1786
47,1786
11,1787
31,1787
2,1789
2,1790
25,1791
32,1791
1,1792
2,1793
44,1793
54,1794
48,1795
34,1798
1,1799
9,1799
1,1800
2,1801
25,1801
30,1801
2,1802
28,1802
37,1802
1,1805
8,1805
26,1806
31,1806
55,1806
24,1809
37,1809
2,1811
40,1811
20,1813
60,1816
39,1818
15,1820
59,1821
3,1822
42,1822
5,1823
57,1823
4,1824
4,1827
3,1828
37,1829
51,1830
5,1831
6,1834
22,1835
41,1835
59,1835
42,1839
27,1840
43,1840
44,1842
30,1844
33,1845
51,1848
59,1849
1,1850
44,1852
1,1854
2,1855
44,1856
1,1858
7,1858
5,1860
2,1862
2,1865
44,1866
59,1867
32,1868
37,1868
23,1874
14,1876
51,1876
58,1876
22,1877
1,1879
21,1879
45,1880
6,1886
8,1888
57,1889
25,1892
21,1896
21,1900
39,1903
54,1904
9,1905
20,1906
9,1910
48,1910
55,1910
12,1912
33,1912
9,1913
12,1913
59,1913
45,1914
11,1918
20,1920
12,1923
3,1924
4,1925
5,1926
5,1927
7,1927
24,1927
45,1928
38,1929
48,1929
60,1930
35,1930
19,1931
11,1932
13,1932
4,1933
31,1933
60,1935
20,1937
1,1938
3,1940
20,1940
25,1940
1,1941
48,1942
58,1942
26,1943
2,1945
2,1948
3,1948
39,1948
4,1949
1,1951
4,1951
47,1952
3,1954
2,1955
5,1955
5,1956
57,1956
37,1959
52,1959
30,1960
18,1961
47,1962
37,1964
27,1966
24,1969
46,1970
16,1973
43,1973
55,1976
26,1977
42,1981
44,1983
56,1986
51,1989
15,1995
33,1995
10,1996
20,1996
45,1996
38,1998
48,1998
11,2000
9,2003
27,2006
10,2007
53,2008
59,2008
31,2014
46,2016
9,2018
8,2019
40,2020
19,2028
36,2029
58,2032
59,2032
21,2033
31,2035
52,2038
50,2040
15,2041
57,2043
38,2047
17,2048
9,2049
17,2050
44,2051
18,2053
39,2053
59,2054
8,2055
37,2055
55,2056
60,2057
37,2057
16,2060
46,2060
4,2061
38,2063
15,2064
51,2064
28,2067
3,2070
58,2070
39,2071
4,2072
5,2074
21,2075
3,2076
5,2077
4,2078
21,2078
32,2080
1,2086
11,2086
16,2086
15,2089
2,2091
12,2093
58,2093
1,2095
40,2097
50,2097
2,2098
1,2099
2,2100
48,2101
57,2102
1,2104
2,2105
15,2105
40,2105
1,2106
10,2106
46,2107
56,2107
41,2108
2,2109
33,2110
37,2110
1,2111
2,2112
28,2113
37,2113
30,2117
18,2119
56,2119
8,2120
11,2120
44,2120
10,2122
46,2123
36,2124
6,2131
8,2133
49,2136
58,2136
42,2140
9,2142
3,2143
5,2144
45,2144
4,2147
34,2147
30,2148
59,2150
52,2152
7,2153
40,2153
3,2155
4,2156
5,2157
24,2157
50,2160
43,2163
25,2164
48,2165
51,2165
53,2167
42,2171
55,2177
42,2180
35,2182
36,2184
42,2184
29,2185
58,2185
6,2188
46,2188
29,2192
6,2193
15,2193
58,2193
22,2195
47,2195
8,2197
39,2201
42,2201
59,2203
43,2205
53,2205
1,2208
50,2208
32,2210
52,2213
1,2215
41,2216
2,2220
58,2225
1,2226
2,2228
45,2228
26,2229
11,2230
54,2231
2,2234
3,2234
4,2235
47,2235
13,2236
1,2237
5,2237
45,2238
1,2239
8,2239
2,2240
14,2240
29,2240
2,2241
14,2241
1,2242
5,2242
2,2243
3,2243
4,2247
8,2247
38,2250
29,2251
9,2252
45,2254
43,2260
25,2266
55,2266
47,2267
51,2269
56,2269
53,2271
36,2276
37,2277
10,2280
25,2282
30,2282
48,2282
58,2283
37,2285
54,2287
51,2289
54,2289
46,2295
39,2296
56,2296
13,2297
50,2298
5,2300
8,2303
46,2303
29,2305
32,2305
26,2306
41,2308
33,2310
57,2310
10,2311
1,2316
1,2318
22,2319
2,2320
9,2320
43,2320
50,2321
30,2323
53,2323
1,2325
25,2327
53,2327
49,2330
45,2331
2,2334
53,2335
8,2336
2,2339
9,2340
19,2341
29,2341
40,2342
20,2347
49,2348
1,2351
3,2351
36,2352
8,2353
37,2353
1,2354
15,2354
23,2354
5,2355
2,2356
4,2357
6,2357
51,2357
2,2361
4,2361
3,2362
13,2362
1,2363
28,2363
2,2364
5,2365
45,2365
40,2367
3,2369
5,2370
4,2371
6,2374
23,2375
5,2376
4,2377
14,2377
3,2378
32,2385
1,2386
38,2387
1,2388
2,2390
27,2390
29,2391
22,2393
1,2396
2,2397
13,2398
27,2399
30,2400
2,2401
17,2401
24,2401
38,2408
31,2409
51,2410
54,2410
37,2413
32,2416
52,2416
31,2419
58,2419
21,2420
33,2422
51,2424
60,2426
3,2426
5,2428
5,2429
39,2429
57,2429
60,2430
4,2430
16,2430
29,2430
13,2432
39,2432
57,2432
34,2433
47,2434
4,2435
17,2436
3,2437
28,2437
43,2438
13,2439
1,2440
45,2440
1,2441
28,2441
2,2442
16,2443
37,2443
18,2444
10,2445
1,2446
51,2446
50,2450
55,2450
25,2451
2,2452
38,2452
36,2453
2,2454
21,2456
19,2459
20,2459
7,2460
29,2462
1,2464
2,2465
17,2465
3,2466
58,2466
4,2467
38,2467
1,2468
5,2468
19,2468
22,2468
24,2468
4,2469
39,2470
48,2470
53,2470
3,2471
2,2472
24,2472
37,2472
1,2473
2,2474
5,2475
32,2476
23,2478
9,2482
22,2482
30,2482
37,2483
26,2484
41,2484
51,2484
32,2487
41,2488
13,2491
16,2491
57,2492
36,2495
44,2495
54,2498
50,2499
10,2505
14,2506
9,2510
47,2510
41,2511
59,2511
18,2514
50,2514
30,2515
54,2516
16,2519
36,2521
7,2523
31,2524
38,2525
43,2526
13,2528
10,2534
44,2535
52,2536
33,2538
13,2539
13,2540
27,2540
22,2543
30,2544
36,2544
51,2544
48,2545
13,2550
8,2551
50,2551
50,2555
35,2560
37,2563
50,2565
14,2566
25,2567
20,2568
28,2568
21,2574
60,2575
39,2581
41,2584
3,2586
49,2587
53,2589
25,2590
42,2591
29,2594
60,2595
4,2597
8,2597
4,2598
14,2600
21,2601
24,2602
5,2605
57,2605
26,2606
30,2606
34,2607
3,2608
5,2610
7,2611
33,2611
53,2612
51,2613
1,2615
58,2616
35,2617
2,2618
7,2618
1,2619
16,2619
2,2623
1,2625
45,2625
2,2626
3,2626
5,2629
30,2629
31,2629
52,2629
1,2631
37,2631
6,2632
19,2632
1,2633
39,2634
2,2635
4,2636
59,2636
3,2637
4,2641
23,2642
2,2644
57,2644
32,2645
1,2646
2,2647
5,2649
14,2649
54,2650
37,2653
7,2654
16,2656
41,2657
60,2659
24,2661
28,2661
3,2664
12,2664
27,2665
3,2667
5,2668
47,2668
43,2671
4,2674
52,2676
2,2680
42,2680
11,2682
16,2684
33,2684
5,2685
4,2689
3,2690
26,2692
27,2692
1,2693
2,2695
8,2695
1,2696
2,2698
28,2698
1,2700
2,2702
31,2705
33,2707
39,2710
49,2710
21,2714
18,2716
30,2717
23,2718
29,2719
29,2723
10,2724
38,2724
47,2726
23,2727
26,2731
48,2733
24,2735
18,2736
51,2742
40,2743
48,2746
1,2747
13,2747
2,2748
13,2748
1,2749
14,2751
26,2753
2,2754
24,2755
1,2756
2,2759
32,2759
51,2759
28,2760
40,2765
13,2766
40,2767
41,2767
37,2768
51,2770
47,2771
57,2771
39,2774
28,2778
34,2781
16,2782
3,2787
11,2788
4,2792
3,2793
11,2793
12,2794
5,2795
39,2795
19,2796
4,2798
5,2801
13,2804
60,2806
3,2806
4,2808
14,2808
20,2808
3,2810
2,2811
5,2811
11,2811
4,2812
56,2814
5,2815
6,2817
55,2817
26,2818
32,2819
3,2820
49,2821
48,2822
4,2825
12,2825
27,2825
4,2826
49,2826
29,2827
14,2830
54,2833
59,2833
3,2834
19,2835
5,2836
5,2837
43,2838
45,2839
46,2842
26,2843
19,2844
54,2845
1,2846
13,2846
17,2846
27,2846
42,2846
2,2847
1,2848
60,2849
42,2849
19,2852
2,2853
38,2853
41,2854
55,2856
54,2859
1,2861
25,2861
2,2862
1,2863
38,2863
1,2864
30,2864
11,2867
59,2867
29,2870
47,2871
2,2872
48,2872
1,2873
30,2873
2,2874
15,2874
2,2876
44,2876
15,2877
29,2877
15,2878
41,2878
1,2881
55,2883
6,2884
56,2887
60,2888
1,2888
59,2889
57,2891
2,2892
1,2893
1,2895
29,2895
13,2897
28,2897
2,2899
11,2899
2,2900
40,2900
29,2901
39,2902
27,2904
2,2908
18,2910
48,2912
33,2913
15,2916
50,2916
53,2916
55,2920
60,2921
40,2922
14,2923
36,2923
36,2926
41,2927
7,2929
44,2929
21,2930
35,2930
29,2932
56,2935
12,2938
46,2940
31,2941
50,2942
56,2945
14,2948
27,2950
35,2950
41,2950
3,2952
27,2952
4,2953
41,2953
56,2953
4,2954
3,2959
53,2959
5,2960
19,2960
26,2960
57,2961
60,2962
5,2962
17,2962
35,2962
15,2963
14,2964
56,2964
2,2966
18,2967
51,2967
58,2967
1,2969
33,2969
8,2971
11,2972
56,2973
6,2974
48,2974
29,2977
57,2977
3,2979
4,2981
45,2981
5,2982
14,2982
60,2984
5,2984
42,2984
38,2986
2,2987
4,2987
4,2988
18,2988
51,2988
7,2991
3,2992
17,2994
17,2995
43,2998
22,2999
35,3001
7,3003
57,3003
3,3004
47,3004
5,3005
43,3007
54,3007
5,3008
4,3009
51,3009
20,3011
22,3011
58,3011
3,3012
18,3012
43,3012
4,3013
51,3013
21,3016
29,3018
34,3019
1,3020
34,3020
2,3022
31,3022
1,3023
9,3025
1,3026
32,3027
34,3027
49,3027
2,3028
2,3031
33,3031
39,3031
30,3032
33,3032
23,3034
9,3035
36,3037
52,3037
54,3039
11,3042
47,3045
6,3049
51,3051
56,3052
27,3054
40,3054
35,3056
8,3058
17,3058
32,3059
22,3060
14,3063
51,3066
54,3069
14,3072
20,3072
27,3072
46,3073
52,3074
26,3075
8,3077
15,3077
14,3081
21,3085
24,3086
42,3087
10,3090
33,3090
7,3091
9,3091
53,3093
49,3094
9,3095
10,3095
58,3096
14,3097
1,3098
29,3098
2,3099
55,3099
1,3101
1,3102
17,3104
2,3108
42,3109
49,3112
54,3113
39,3114
2,3115
60,3117
45,3118
8,3119
60,3122
42,3122
59,3122
7,3125
30,3127
56,3129
60,3131
17,3132
31,3133
31,3134
14,3135
10,3138
50,3141
43,3145
45,3147
7,3149
27,3149
24,3152
8,3153
23,3156
46,3158
48,3158
12,3162
31,3162
37,3162
16,3167
60,3169
60,3171
50,3175
27,3179
14,3180
14,3182
6,3184
21,3187
28,3188
22,3192
31,3193
49,3193
46,3194
1,3196
1,3197
7,3200
2,3202
24,3203
52,3204
2,3205
22,3206
35,3209
3,3210
16,3210
1,3211
4,3211
2,3212
40,3213
3,3214
4,3215
16,3216
5,3218
7,3218
30,3220
5,3221
28,3227
30,3228
55,3230
35,3231
47,3232
40,3233
48,3236
27,3239
42,3240
1,3244
2,3247
1,3248
2,3249
1,3250
60,3251
16,3251
26,3251
57,3251
2,3252
8,3258
16,3260
36,3262
36,3263
22,3269
29,3270
39,3270
1,3272
1,3274
7,3274
9,3274
49,3274
60,3275
54,3275
2,3278
32,3278
22,3279
1,3280
2,3282
2,3283
33,3285
12,3287
1,3290
17,3291
2,3292
11,3293
14,3293
25,3293
1,3295
1,3297
2,3298
31,3299
45,3299
2,3302
17,3302
34,3310
14,3311
27,3311
32,3312
18,3314
1,3315
6,3315
1,3316
24,3318
26,3320
29,3320
2,3321
20,3321
59,3322
12,3323
2,3324
1,3326
38,3327
41,3327
39,3328
59,3328
18,3329
2,3330
48,3330
44,3331
52,3334
54,3339
37,3341
51,3344
57,3344
1,3345
25,3345
33,3345
1,3346
2,3347
54,3347
56,3348
38,3349
1,3350
2,3359
9,3359
2,3360
52,3361
25,3362
48,3363
1,3366
2,3367
1,3368
2,3369
21,3370
29,3370
55,3370
1,3372
12,3373
54,3373
1,3375
2,3376
30,3376
54,3377
24,3378
51,3380
3,3382
48,3382
5,3383
55,3383
5,3385
4,3386
12,3386
3,3387
57,3387
4,3388
26,3389
14,3392
34,3392
43,3393
3,3395
48,3397
6,3398
4,3399
52,3401
4,3402
24,3402
5,3403
42,3403
24,3404
31,3404
50,3404
3,3407
5,3408
8,3409
17,3410
35,3411
44,3412
33,3414
59,3414
44,3421
60,3422
54,3422
55,3423
10,3426
14,3428
56,3428
11,3431
54,3432
11,3439
50,3439
55,3439
60,3441
54,3441
32,3443
59,3448
15,3450
34,3450
6,3454
3,3458
4,3459
43,3459
47,3460
3,3461
21,3461
7,3465
30,3466
19,3467
42,3467
60,3468
5,3468
1,3470
4,3470
55,3470
47,3472
50,3472
5,3473
13,3474
1,3475
2,3476
13,3476
34,3476
58,3476
2,3477
1,3478
12,3478
2,3479
48,3481
2,3482
48,3485
57,3487
7,3488
54,3491
59,3491
28,3492
56,3497
1,3498
51,3499
1,3500
38,3500
46,3500
16,3501
30,3502
39,3502
2,3504
42,3505
50,3505
13,3506
59,3506
2,3507
1,3509
55,3510
2,3511
20,3514
22,3516
4,3517
55,3517
40,3518
7,3523
19,3524
38,3524
18,3526
20,3526
2,3528
13,3528
13,3529
30,3530
23,3532
52,3532
42,3533
50,3534
10,3539
33,3544
33,3547
55,3547
6,3550
6,3551
41,3558
53,3560
48,3564
51,3564
20,3567
47,3567
56,3567
13,3568
49,3569
53,3570
28,3573
59,3575
13,3582
16,3582
50,3583
50,3592
42,3594
51,3596
41,3597
37,3600
51,3600
17,3601
39,3602
16,3606
50,3607
58,3607
13,3608
31,3609
1,3611
14,3613
40,3621
9,3622
29,3623
33,3628
18,3629
10,3630
51,3632
41,3634
22,3636
14,3638
55,3638
55,3640
30,3644
56,3644
50,3647
36,3649
46,3649
43,3655
49,3656
28,3658
39,3658
15,3659
25,3660
33,3662
57,3663
1,3665
1,3666
2,3668
12,3668
58,3668
42,3670
23,3671
2,3672
9,3672
15,3672
51,3672
53,3673
29,3674
32,3675
1,3676
7,3676
8,3678
2,3680
32,3680
50,3680
43,3681
53,3685
58,3687
38,3691
50,3691
56,3693
48,3695
10,3698
33,3702
45,3703
59,3703
11,3709
21,3710
39,3710
3,3713
4,3714
35,3715
5,3717
31,3718
32,3718
30,3719
41,3719
43,3719
45,3719
6,3720
3,3721
20,3722
5,3723
58,3723
37,3724
4,3729
9,3731
60,3733
54,3736
45,3737
60,3740
54,3740
55,3741
45,3742
26,3743
33,3745
45,3745
47,3746
23,3747
60,3750
44,3750
45,3750
52,3752
56,3754
57,3757
38,3758
46,3760
35,3761
27,3762
39,3765
6,3773
7,3776
15,3777
47,3779
57,3783
7,3784
30,3785
51,3786
51,3789
18,3792
3,3795
23,3795
7,3796
34,3796
33,3798
5,3799
10,3799
4,3800
4,3803
15,3803
11,3804
28,3804
3,3805
20,3805
5,3806
35,3807
8,3809
19,3809
25,3810
27,3819
12,3820
38,3827
7,3829
34,3830
1,3833
10,3834
17,3834
1,3835
51,3840
3,3841
9,3841
24,3841
30,3841
2,3842
14,3842
36,3842
2,3843
50,3843
35,3844
1,3845
4,3845
19,3845
30,3845
48,3845
3,3846
52,3846
2,3847
5,3847
58,3847
46,3848
5,3850
27,3857
4,3858
8,3858
51,3858
54,3858
27,3861
35,3861
51,3861
37,3862
48,3869
49,3870
35,3874
23,3876
48,3876
52,3876
14,3880
22,3883
34,3885
43,3885
51,3889
16,3893
30,3893
53,3896
21,3897
28,3901
15,3902
52,3902
46,3904
34,3905
37,3905
10,3906
29,3906
40,3906
45,3907
17,3909
55,3909
44,3910
48,3911
27,3915
29,3915
31,3917
11,3919
55,3920
59,3920
60,3921
6,3922
13,3926
33,3926
1,3929
38,3929
60,3930
2,3930
1,3931
51,3931
22,3933
25,3933
1,3934
2,3935
27,3935
2,3937
30,3940
11,3941
29,3942
13,3943
42,3948
32,3949
41,3951
48,3953
14,3954
48,3957
51,3957
5,3959
11,3959
47,3959
40,3961
36,3964
57,3964
18,3965
5,3966
9,3968
43,3968
59,3968
52,3970
41,3972
8,3975
16,3976
54,3976
8,3977
30,3977
55,3977
1,3978
55,3980
8,3985
46,3985
17,3986
17,3987
52,3989
40,3990
3,3991
4,3992
6,3992
3,3993
5,3994
8,3994
21,3994
28,3995
4,4001
5,4002
44,4002
38,4004
8,4010
58,4011
38,4012
5,4014
47,4014
1,4015
47,4015
58,4015
1,4017
2,4018
1,4020
19,4020
2,4023
26,4023
2,4024
10,4024
27,4028
53,4028
23,4032
54,4032
43,4039
28,4040
26,4043
59,4044
9,4046
32,4046
58,4047
51,4048
13,4051
14,4051
30,4051
2,4056
3,4056
4,4060
4,4061
5,4065
44,4065
20,4066
24,4066
51,4066
54,4066
3,4067
7,4067
12,4070
18,4071
5,4073
45,4075
21,4077
32,4082
35,4082
49,4082
53,4082
18,4083
44,4083
14,4087
33,4087
10,4088
39,4091
9,4097
19,4098
34,4098
40,4100
51,4102
57,4104
38,4105
47,4107
1,4110
1,4111
20,4111
2,4113
2,4115
1,4116
4,4116
15,4116
54,4119
2,4122
15,4125
56,4126
52,4130
45,4132
25,4133
54,4133
19,4135
49,4136
7,4138
38,4138
52,4139
1,4140
57,4141
1,4142
53,4142
2,4143
1,4144
2,4149
49,4149
2,4150
16,4150
32,4150
1,4151
2,4154
29,4155
45,4155
1,4156
2,4161
39,4163
36,4164
1,4166
15,4166
43,4166
2,4167
23,4168
38,4171
15,4173
53,4173
11,4174
59,4174
24,4175
1,4178
40,4178
51,4178
1,4179
7,4179
38,4179
2,4180
50,4182
2,4183
8,4183
57,4183
1,4184
30,4184
57,4184
2,4185
19,4187
49,4188
53,4189
56,4189
57,4191
1,4192
37,4192
45,4192
2,4193
32,4194
1,4195
2,4196
26,4196
53,4196
1,4199
15,4199
34,4199
2,4200
46,4202
37,4203
49,4203
59,4203
43,4206
16,4207
44,4209
1,4210
2,4213
3,4213
16,4213
4,4214
1,4215
5,4215
4,4216
26,4216
37,4217
2,4218
14,4218
31,4218
1,4221
3,4222
7,4222
2,4223
35,4223
5,4224
23,4224
46,4224
1,4225
1,4226
2,4227
58,4227
1,4228
10,4230
32,4231
51,4231
2,4232
37,4232
39,4232
2,4233
8,4233
54,4235
16,4237
18,4237
6,4242
13,4244
29,4245
44,4245
14,4249
40,4249
40,4252
12,4256
29,4260
45,4260
55,4260
16,4264
16,4265
51,4265
53,4265
29,4271
30,4273
37,4279
1,4283
33,4283
30,4284
1,4285
12,4287
58,4287
30,4288
38,4289
57,4290
2,4292
39,4292
36,4295
1,4296
23,4297
2,4298
27,4298
57,4298
1,4299
10,4299
11,4299
20,4300
53,4301
23,4303
2,4304
17,4308
19,4311
27,4312
14,4313
19,4314
20,4315
3,4317
33,4318
23,4319
4,4321
17,4321
24,4322
36,4322
1,4323
4,4323
15,4323
24,4323
57,4323
2,4324
5,4325
1,4327
5,4327
1,4328
25,4328
3,4329
46,4329
2,4331
12,4334
2,4335
55,4336
28,4337
10,4341
57,4342
36,4343
46,4345
1,4347
24,4347
1,4348
2,4349
26,4349
19,4350
14,4351
19,4351
59,4351
34,4352
53,4352
1,4354
52,4355
2,4357
44,4360
57,4360
2,4361
15,4361
45,4369
59,4369
33,4370
54,4371
54,4373
10,4376
15,4377
1,4378
2,4380
1,4381
21,4381
45,4381
22,4383
1,4384
18,4384
30,4384
37,4385
46,4385
13,4386
26,4387
2,4388
49,4390
3,4392
33,4392
48,4393
59,4394
2,4395
4,4395
30,4396
4,4397
3,4398
1,4401
23,4402
5,4404
25,4405
48,4405
5,4406
52,4406
1,4407
39,4407
2,4410
26,4410
12,4412
2,4413
1,4414
2,4415
29,4415
37,4417
20,4420
50,4421
9,4422
24,4423
45,4423
54,4427
49,4428
54,4430
42,4432
6,4433
9,4433
11,4434
28,4442
14,4443
12,4445
22,4448
2,4449
35,4454
14,4455
27,4456
3,4459
4,4460
1,4461
25,4461
2,4463
19,4463
43,4463
1,4466
5,4466
54,4466
9,4467
13,4467
4,4469
3,4470
2,4471
12,4471
1,4472
2,4474
12,4475
1,4477
1,4479
5,4479
14,4480
45,4481
2,4482
35,4483
1,4484
35,4485
2,4486
2,4487
38,4487
30,4496
6,4500
37,4500
46,4504
26,4505
6,4506
3,4507
13,4507
25,4508
4,4509
5,4510
21,4510
49,4510
58,4510
3,4513
17,4514
34,4514
4,4515
8,4515
37,4515
60,4517
37,4518
5,4519
21,4521
7,4522
12,4524
41,4524
20,4527
30,4529
46,4531
6,4537
34,4537
32,4538
15,4540
55,4540
34,4541
41,4541
18,4543
44,4544
59,4544
12,4549
59,4551
51,4552
45,4555
7,4558
29,4559
60,4560
36,4560
9,4561
21,4561
8,4562
43,4562
35,4563
46,4571
30,4573
10,4575
8,4578
13,4578
44,4579
35,4580
16,4581
18,4581
26,4581
54,4583
57,4584
1,4590
2,4593
54,4593
1,4594
9,4594
1,4595
42,4598
2,4599
3,4599
14,4600
2,4601
23,4607
20,4611
36,4611
43,4613
44,4613
49,4613
56,4613
24,4617
21,4619
1,4623
37,4625
1,4629
16,4629
60,4630
2,4630
1,4631
44,4632
2,4633
10,4634
60,4635
3,4635
53,4637
2,4641
31,4643
33,4643
10,4645
49,4645
50,4649
31,4650
47,4650
56,4654
36,4655
29,4657
1,4659
2,4660
23,4661
36,4661
52,4661
54,4662
1,4663
39,4663
19,4665
1,4666
2,4668
18,4668
38,4668
56,4668
2,4669
39,4671
16,4673
34,4673
38,4673
16,4675
3,4676
5,4677
11,4677
15,4679
22,4679
4,4682
3,4684
5,4686
34,4686
4,4688
14,4690
50,4690
6,4693
26,4693
56,4695
42,4698
55,4701
34,4702
30,4705
34,4709
39,4711
1,4713
1,4715
49,4717
2,4719
14,4720
36,4720
49,4721
2,4722
1,4723
13,4723
21,4724
35,4726
49,4726
2,4728
21,4729
25,4729
41,4733
35,4736
33,4738
32,4739
14,4741
2,4746
36,4748
31,4749
44,4749
13,4751
7,4752
27,4754
9,4757
11,4760
38,4761
58,4762
54,4764
19,4765
23,4766
32,4766
13,4769
10,4770
42,4771
12,4772
3,4773
34,4773
4,4774
5,4775
3,4776
21,4776
10,4777
59,4777
4,4778
18,4778
32,4778
5,4780
10,4780
26,4781
45,4781
28,4784
41,4785
39,4789
29,4790
12,4795
31,4795
16,4796
35,4796
52,4796
8,4798
55,4799
48,4800
59,4803
3,4804
6,4806
44,4807
1,4808
12,4808
45,4808
4,4809
2,4810
5,4810
10,4810
3,4812
16,4812
58,4812
1,4814
32,4815
44,4815
4,4816
55,4816
5,4818
17,4819
52,4819
17,4820
17,4821
1,4823
3,4823
2,4824
2,4825
4,4826
5,4827
57,4829
5,4830
45,4830
52,4830
3,4831
29,4831
22,4832
4,4833
2,4834
18,4837
41,4838
14,4843
53,4843
42,4846
48,4848
7,4854
9,4855
32,4856
39,4856
53,4858
59,4861
57,4873
9,4876
59,4877
11,4879
50,4879
12,4880
24,4880
44,4882
22,4890
44,4890
19,4891
27,4894
32,4900
35,4900
42,4901
5,4902
41,4903
59,4906
14,4908
3,4911
41,4911
4,4912
5,4915
49,4915
37,4918
4,4919
5,4920
10,4920
3,4921
12,4923
51,4925
58,4925
3,4927
23,4928
37,4929
47,4931
4,4932
22,4932
3,4933
5,4934
34,4934
43,4935
4,4936
6,4937
1,4938
5,4938
2,4939
24,4941
33,4941
1,4942
41,4942
1,4943
37,4946
2,4949
45,4949
2,4950
26,4951
22,4955
28,4955
42,4955
47,4957
1,4958
2,4959
21,4961
54,4962
60,4963
28,4964
36,4964
40,4964
1,4965
1,4966
20,4966
3,4967
45,4968
2,4969
39,4969
4,4971
8,4972
6,4974
2,4975
51,4975
4,4978
54,4980
8,4981
5,4982
59,4982
53,4983
58,4983
56,4984
5,4985
13,4986
3,4989
38,4989
32,4990
49,4991
30,4992
51,4993
3,4996
10,4996
26,4996
42,4997
22,4998
5,4999
9,4999
20,4999
24,5000
4,5001
22,5001
46,5001
3,5002
4,5003
36,5003
5,5004
36,5005
52,5005
3,5013
4,5014
31,5014
5,5016
13,5016
31,5016
3,5018
8,5019
21,5019
52,5019
4,5020
34,5020
5,5021
3,5022
5,5024
50,5025
4,5026
37,5026
4,5027
45,5027
3,5028
46,5030
5,5031
23,5033
27,5034
9,5036
22,5036
5,5037
9,5039
30,5043
58,5044
16,5047
58,5050
7,5056
15,5058
25,5059
43,5059
12,5061
57,5062
2,5064
13,5065
15,5065
23,5068
35,5070
14,5071
21,5072
13,5076
32,5076
59,5078
33,5079
47,5083
27,5084
31,5086
37,5088
59,5089
50,5090
6,5091
28,5091
55,5091
38,5092
26,5094
11,5095
30,5095
52,5099
55,5099
37,5103
43,5107
26,5109
52,5110
35,5114
11,5116
55,5116
58,5116
58,5117
28,5120
28,5122
58,5123
8,5127
8,5130
19,5135
51,5141
20,5143
16,5146
33,5146
11,5153
24,5155
16,5156
56,5156
59,5157
52,5159
59,5159
38,5161
1,5164
19,5164
16,5165
6,5167
1,5169
25,5170
2,5171
11,5173
2,5174
22,5174
8,5175
20,5176
5,5177
17,5178
1,5179
6,5179
2,5180
22,5181
28,5182
6,5184
31,5185
19,5186
1,5188
24,5189
31,5189
2,5192
29,5193
1,5194
30,5196
50,5197
49,5198
44,5200
34,5201
6,5202
3,5203
4,5204
18,5204
33,5204
2,5205
3,5205
1,5206
14,5206
5,5207
31,5207
2,5208
5,5208
6,5209
4,5210
36,5210
28,5214
3,5219
52,5219
4,5220
5,5221
29,5221
52,5224
3,5228
4,5230
5,5231
20,5231
51,5231
3,5233
4,5234
5,5236
3,5238
10,5238
35,5238
7,5239
5,5240
4,5242
12,5249
13,5251
36,5251
37,5252
40,5253
3,5254
59,5255
4,5256
50,5256
3,5257
5,5257
58,5257
1,5258
5,5258
47,5259
7,5260
35,5261
13,5262
4,5263
1,5264
5,5265
28,5265
2,5266
2,5268
26,5269
33,5269
1,5270
43,5271
2,5272
1,5274
3,5274
38,5274
16,5277
1,5279
2,5280
2,5281
1,5283
46,5283
41,5285
2,5286
29,5287
29,5289
23,5292
41,5294
1,5295
22,5297
1,5299
47,5302
9,5304
38,5304
12,5305
40,5305
17,5308
28,5309
2,5310
33,5312
41,5312
18,5314
2,5317
1,5320
3,5322
4,5323
41,5323
2,5324
3,5325
33,5325
13,5327
14,5329
2,5330
36,5330
20,5333
23,5333
4,5334
30,5335
5,5336
52,5336
5,5337
31,5337
9,5340
60,5342
33,5342
50,5343
57,5343
36,5346
25,5348
31,5348
53,5350
34,5351
15,5354
10,5357
21,5361
4,5363
55,5367
27,5368
45,5368
1,5373
57,5383
9,5385
39,5386
52,5390
10,5391
34,5393
59,5393
6,5395
29,5396
39,5398
27,5401
20,5402
1,5409
20,5410
2,5411
40,5411
1,5412
35,5413
48,5413
56,5413
59,5413
6,5415
2,5416
1,5417
2,5418
15,5418
19,5418
8,5419
23,5419
37,5425
1,5428
29,5429
58,5429
41,5430
1,5432
3,5432
18,5432
18,5434
37,5435
2,5436
2,5437
19,5438
1,5440
2,5442
38,5442
22,5445
46,5445
23,5446
28,5446
32,5450
31,5454
15,5456
37,5456
7,5457
42,5459
8,5461
14,5462
11,5465
38,5465
3,5467
49,5467
4,5471
24,5471
4,5472
16,5473
38,5473
50,5474
5,5475
3,5476
44,5479
5,5481
38,5483
43,5483
21,5485
13,5487
45,5489
55,5489
38,5490
3,5491
4,5492
3,5493
51,5494
24,5496
58,5497
5,5501
39,5501
46,5502
10,5504
4,5505
42,5505
22,5507
60,5509
38,5510
5,5511
1,5512
9,5513
25,5513
23,5514
1,5517
55,5518
2,5519
1,5523
17,5523
27,5525
13,5527
24,5528
2,5529
34,5529
42,5529
2,5530
2,5532
32,5532
11,5533
59,5533
49,5535
37,5540
59,5540
34,5543
45,5545
23,5547
4,5550
39,5550
1,5552
16,5552
1,5553
2,5555
26,5555
2,5556
16,5557
1,5558
49,5558
36,5559
35,5560
59,5560
2,5561
39,5567
27,5575
42,5576
33,5577
54,5581
40,5584
52,5586
51,5589
7,5590
15,5591
41,5591
44,5591
60,5592
28,5595
3,5599
25,5599
5,5600
4,5602
3,5603
36,5603
45,5604
5,5605
31,5605
1,5607
4,5607
46,5611
1,5612
3,5612
2,5613
44,5613
3,5614
12,5614
4,5615
5,5617
24,5617
2,5618
4,5618
1,5619
1,5620
2,5620
3,5621
5,5622
38,5622
6,5625
36,5625
45,5625
19,5627
3,5631
5,5633
15,5633
9,5634
60,5635
5,5635
18,5635
4,5636
55,5636
3,5637
58,5637
4,5640
7,5643
45,5643
29,5647
48,5647
26,5650
9,5651
41,5653
57,5655
57,5657
1,5662
2,5664
43,5665
41,5666
47,5666
1,5667
1,5669
34,5669
53,5670
20,5671
2,5674
29,5674
30,5678
54,5678
2,5679
47,5680
44,5682
16,5683
23,5683
9,5685
43,5687
19,5689
20,5689
11,5693
50,5693
52,5694
8,5695
18,5699
18,5700
36,5700
8,5701
52,5701
18,5703
59,5703
41,5705
29,5709
36,5710
34,5717
11,5720
39,5722
41,5724
44,5725
6,5726
12,5726
16,5726
25,5726
23,5727
28,5727
55,5736
27,5738
15,5739
31,5739
5,5743
27,5743
51,5745
12,5748
3,5749
5,5750
29,5750
4,5752
36,5752
47,5752
5,5753
52,5754
3,5755
4,5756
48,5756
19,5762
50,5765
37,5768
52,5768
27,5770
16,5771
7,5773
25,5773
3,5775
21,5775
46,5775
45,5776
26,5777
1,5778
4,5778
2,5779
4,5779
23,5781
5,5783
1,5785
5,5786
3,5787
2,5788
22,5788
1,5789
12,5789
42,5789
34,5790
14,5791
2,5793
10,5794
6,5797
47,5798
31,5799
20,5800
9,5802
46,5803
15,5808
1,5809
29,5812
39,5814
18,5815
57,5817
56,5820
27,5821
35,5821
1,5822
13,5822
1,5823
21,5825
2,5826
1,5827
4,5829
19,5829
2,5831
16,5833
37,5833
19,5834
2,5835
19,5838
9,5842
34,5846
48,5848
57,5850
54,5851
37,5854
57,5855
60,5859
33,5860
19,5861
20,5861
35,5861
32,5862
31,5864
33,5865
46,5865
22,5867
14,5868
20,5868
27,5868
30,5870
32,5870
29,5871
24,5874
13,5883
49,5883
60,5884
28,5884
6,5886
28,5889
49,5890
52,5891
26,5892
27,5893
13,5895
47,5895
41,5898
1,5899
2,5900
29,5901
59,5901
51,5902
53,5902
1,5904
2,5906
1,5908
28,5908
2,5909
49,5909
54,5909
22,5911
32,5914
10,5915
60,5920
24,5921
59,5922
20,5923
22,5923
52,5923
42,5925
34,5926
1,5928
42,5928
15,5930
1,5931
8,5931
15,5932
2,5933
50,5933
2,5934
21,5935
1,5936
27,5936
34,5937
3,5938
14,5938
28,5940
51,5940
4,5941
5,5942
34,5942
2,5943
25,5943
21,5944
4,5946
5,5949
26,5949
10,5952
23,5954
3,5956
40,5958
6,5959
21,5961
18,5964
1,5966
16,5968
18,5970
26,5970
51,5970
22,5975
18,5978
1,5979
3,5979
2,5980
4,5980
4,5981
5,5982
1,5983
3,5983
32,5983
5,5984
42,5986
45,5986
2,5987
1,5989
30,5993
2,5994
15,5994
24,5994
3,5995
14,5996
5,5997
37,6000
42,6000
4,6001
28,6001
5,6002
3,6003
46,6003
11,6005
4,6006
33,6008
42,6008
36,6012
30,6013
55,6017
45,6019
24,6022
40,6022
32,6023
49,6025
9,6026
59,6030
42,6032
42,6033
58,6036
28,6037
35,6037
36,6039
55,6042
13,6044
23,6045
53,6045
33,6046
8,6047
1,6049
2,6050
59,6051
23,6052
1,6054
2,6056
21,6056
30,6056
2,6057
35,6057
1,6059
2,6060
40,6061
43,6064
8,6066
21,6067
27,6067
33,6067
31,6070
9,6073
21,6073
6,6075
19,6075
35,6075
53,6075
31,6077
3,6082
46,6082
4,6084
21,6085
5,6089
12,6089
27,6089
26,6091
47,6091
29,6093
42,6093
36,6094
39,6095
4,6096
11,6096
5,6098
25,6098
3,6100
57,6101
10,6103
15,6106
1,6107
45,6107
2,6108
21,6108
1,6110
22,6110
32,6110
41,6110
1,6112
39,6112
2,6115
2,6117
6,6117
25,6118
43,6118
19,6120
59,6131
16,6136
40,6136
31,6139
42,6140
44,6141
1,6142
15,6142
3,6144
37,6145
2,6146
30,6148
2,6149
52,6150
1,6153
25,6153
28,6154
20,6155
41,6155
1,6156
27,6157
57,6158
2,6159
2,6160
55,6160
28,6162
30,6164
29,6165
50,6166
1,6167
2,6169
18,6170
1,6171
1,6172
2,6174
2,6176
42,6176
27,6177
42,6177
27,6178
24,6183
25,6183
48,6184
27,6186
19,6190
46,6191
60,6192
14,6192
45,6192
32,6194
6,6196
56,6197
26,6199
17,6202
60,6203
58,6207
30,6208
48,6208
8,6212
8,6213
1,6214
13,6214
14,6214
2,6215
48,6215
1,6216
1,6219
37,6219
2,6220
2,6221
50,6222
1,6224
10,6224
51,6225
2,6227
38,6228
10,6229
53,6233
43,6235
1,6236
8,6236
1,6237
29,6237
2,6238
2,6239
36,6243
39,6243
34,6244
57,6244
3,6247
25,6247
5,6249
16,6249
19,6249
4,6251
5,6252
47,6252
35,6253
3,6255
4,6258
11,6261
46,6262
45,6263
46,6264
47,6264
34,6265
19,6268
49,6270
38,6274
16,6276
1,6278
38,6279
1,6280
34,6280
7,6281
7,6282
18,6282
60,6284
2,6284
25,6284
44,6284
2,6285
56,6286
1,6287
2,6289
11,6289
3,6290
38,6290
46,6290
4,6292
51,6292
5,6294
43,6294
5,6296
14,6296
17,6296
3,6297
56,6297
4,6298
29,6299
40,6303
40,6305
13,6307
52,6307
57,6308
29,6309
1,6310
51,6315
49,6317
17,6318
23,6319
46,6319
51,6320
12,6321
42,6322
3,6324
4,6325
3,6330
14,6330
9,6331
5,6332
32,6333
5,6336
4,6337
6,6337
55,6337
58,6337
31,6343
27,6345
34,6345
6,6347
49,6350
59,6350
24,6351
13,6352
29,6352
34,6352
54,6352
10,6355
19,6357
21,6357
53,6358
34,6360
51,6360
41,6363
58,6363
28,6365
51,6365
43,6366
13,6369
42,6372
39,6373
26,6374
7,6381
3,6383
41,6384
4,6385
53,6385
5,6386
34,6388
1,6389
5,6389
22,6390
28,6390
1,6391
4,6391
40,6392
3,6393
28,6393
30,6393
26,6394
20,6395
12,6397
2,6398
39,6399
36,6400
40,6401
1,6402
30,6402
28,6403
32,6404
2,6405
2,6408
41,6408
25,6409
31,6411
47,6411
28,6415
43,6415
3,6416
47,6416
57,6416
46,6417
21,6418
42,6418
52,6419
6,6420
5,6422
50,6423
11,6424
40,6424
20,6427
26,6427
51,6427
52,6429
15,6430
5,6431
28,6432
42,6432
9,6437
44,6437
31,6438
54,6438
4,6439
3,6440
17,6440
35,6442
48,6442
4,6446
32,6447
3,6451
22,6452
35,6452
5,6453
55,6453
5,6454
39,6455
52,6455
4,6456
1,6457
4,6457
3,6459
41,6459
52,6459
1,6463
47,6463
2,6465
10,6466
47,6466
1,6467
57,6467
10,6468
2,6470
2,6472
29,6474
26,6475
7,6478
18,6478
29,6479
20,6482
43,6482
16,6483
30,6483
10,6486
27,6488
43,6488
3,6489
21,6489
4,6490
5,6491
3,6495
33,6495
4,6496
35,6496
59,6497
51,6498
57,6498
5,6500
19,6500
32,6500
57,6500
58,6500
21,6502
52,6502
48,6504
48,6505
49,6505
2,6506
25,6506
45,6509
15,6511
54,6511
32,6515
36,6515
41,6516
32,6517
18,6521
48,6523
16,6524
35,6524
57,6524
21,6526
53,6529
50,6537
24,6540
17,6541
1,6542
18,6545
2,6546
1,6547
4,6547
34,6549
44,6549
2,6550
14,6551
40,6552
1,6553
2,6554
25,6556
24,6557
37,6563
54,6564
3,6565
50,6565
4,6566
26,6566
3,6567
5,6568
38,6568
4,6569
35,6569
55,6569
8,6570
5,6571
40,6571
55,6572
19,6575
30,6575
53,6577
2,6578
30,6580
37,6580
30,6582
31,6582
50,6582
30,6587
36,6588
15,6589
23,6589
47,6590
19,6592
13,6597
10,6598
48,6598
52,6603
7,6607
56,6607
42,6608
25,6611
35,6612
14,6614
23,6620
25,6620
55,6621
10,6622
49,6624
36,6625
27,6626
55,6626
56,6626
21,6629
39,6634
54,6635
60,6637
60,6639
10,6639
22,6641
44,6641
57,6642
60,6643
29,6644
18,6646
49,6646
15,6647
32,6648
57,6648
59,6648
21,6649
60,6650
53,6650
15,6652
23,6654
29,6655
7,6656
22,6659
8,6662
10,6662
1,6665
1,6666
1,6667
13,6668
2,6669
1,6670
40,6670
12,6671
43,6671
2,6672
31,6673
2,6674
39,6674
8,6675
60,6677
43,6679
36,6681
1,6682
39,6682
2,6683
42,6684
15,6685
26,6685
35,6685
16,6686
46,6687
1,6689
1,6690
2,6691
19,6692
2,6695
51,6697
40,6698
54,6698
59,6700
40,6704
53,6711
56,6712
40,6715
1,6716
1,6718
37,6719
2,6720
18,6720
1,6722
46,6723
2,6725
11,6725
12,6726
47,6726
2,6730
36,6730
45,6730
56,6731
13,6734
55,6735
20,6736
19,6737
28,6741
43,6741
7,6743
27,6743
51,6743
34,6744
27,6747
14,6748
58,6748
3,6751
9,6755
32,6757
36,6757
4,6758
39,6760
4,6761
5,6762
3,6763
36,6764
5,6767
52,6768
47,6770
7,6771
44,6771
44,6775
60,6777
35,6777
38,6778
4,6780
44,6783
42,6784
60,6785
53,6786
3,6796
50,6799
4,6801
3,6803
5,6805
4,6806
30,6807
5,6808
20,6808
39,6808
33,6819
17,6820
27,6820
49,6820
11,6824
3,6828
13,6828
5,6830
7,6830
4,6831
15,6833
30,6834
39,6835
3,6840
60,6841
5,6842
50,6842
4,6843
11,6843
17,6844
12,6845
54,6846
43,6850
55,6851
8,6854
36,6854
8,6859
59,6861
33,6864
6,6865
32,6873
26,6874
45,6879
49,6879
23,6881
50,6885
36,6888
29,6889
56,6889
36,6890
22,6894
2,6897
38,6902
31,6904
52,6904
3,6905
25,6906
40,6910
50,6910
5,6911
37,6911
4,6912
32,6912
3,6913
6,6913
5,6915
55,6915
45,6916
4,6917
52,6917
3,6919
19,6919
59,6919
16,6921
5,6922
4,6924
52,6924
4,6925
1,6926
2,6927
3,6927
1,6928
5,6928
2,6930
57,6930
1,6931
2,6932
3,6932
9,6932
8,6934
36,6934
47,6934
53,6934
38,6938
1,6939
4,6939
2,6940
5,6940
1,6941
11,6941
26,6941
1,6942
3,6942
42,6942
5,6943
4,6944
2,6945
40,6946
51,6947
56,6947
2,6948
46,6950
32,6951
60,6957
57,6958
14,6961
35,6961
40,6962
53,6963
4,6965
23,6965
56,6965
7,6968
18,6968
31,6969
28,6971
48,6974
18,6975
9,6976
58,6976
53,6977
15,6978
40,6978
13,6979
16,6979
60,6980
14,6981
18,6982
26,6982
24,6983
42,6983
8,6984
44,6984
28,6985
54,6986
7,6989
20,6989
18,6990
41,6993
45,6995
53,6995
1,6997
3,6997
34,6997
1,6998
5,6998
5,7001
21,7001
30,7001
34,7001
4,7002
2,7003
3,7003
4,7004
13,7004
17,7004
2,7005
17,7008
37,7010
1,7011
15,7011
9,7012
18,7013
2,7014
17,7017
46,7019
39,7021
58,7022
48,7025
3,7027
15,7027
51,7027
4,7028
19,7028
58,7028
60,7029
5,7029
5,7030
3,7031
4,7035
8,7036
50,7036
3,7039
4,7041
5,7042
24,7042
5,7043
35,7044
1,7045
4,7045
40,7046
2,7047
3,7047
36,7048
1,7049
16,7049
2,7051
3,7054
1,7056
11,7056
2,7057
4,7057
5,7060
47,7063
29,7065
4,7066
9,7066
54,7066
3,7068
14,7068
35,7069
1,7070
41,7070
26,7071
23,7072
41,7072
5,7074
32,7074
25,7076
2,7077
38,7077
1,7078
10,7079
1,7080
39,7080
2,7081
11,7081
31,7081
2,7082
21,7085
44,7086
51,7086
52,7086
12,7087
37,7087
57,7087
14,7089
38,7090
24,7091
38,7091
28,7093
55,7098
28,7099
44,7099
14,7101
21,7102
18,7105
3,7109
5,7110
37,7110
42,7110
6,7111
22,7111
4,7116
30,7116
5,7117
50,7117
3,7120
11,7120
4,7122
1,7125
1,7127
49,7129
9,7132
2,7133
2,7135
54,7135
1,7137
16,7139
20,7139
2,7140
1,7143
2,7144
16,7144
40,7144
1,7145
1,7147
2,7148
56,7148
2,7149
50,7150
37,7153
11,7154
24,7154
54,7154
50,7157
57,7157
40,7160
41,7162
33,7163
47,7165
27,7169
46,7169
26,7170
45,7170
50,7171
45,7172
46,7172
13,7175
33,7177
38,7177
16,7178
29,7181
35,7182
13,7183
51,7183
34,7189
28,7195
11,7198
43,7198
58,7199
17,7200
27,7201
34,7201
30,7203
46,7203
3,7208
58,7208
4,7209
55,7210
1,7212
3,7212
32,7213
5,7214
5,7215
2,7216
4,7216
18,7216
1,7217
48,7221
59,7221
1,7222
2,7223
24,7223
43,7223
2,7225
31,7225
16,7227
36,7227
42,7227
16,7232
23,7233
55,7238
59,7238
40,7239
35,7240
7,7244
21,7248
50,7251
3,7253
4,7254
32,7254
5,7263
40,7263
4,7264
6,7264
5,7265
54,7265
3,7266
40,7266
43,7267
59,7267
27,7273
53,7275
44,7280
38,7281
20,7282
21,7282
57,7283
60,7284
12,7284
48,7285
9,7287
13,7288
46,7288
17,7289
57,7290
20,7295
41,7297
12,7298
27,7298
33,7307
17,7308
42,7308
6,7310
15,7310
40,7311
19,7314
30,7315
27,7316
14,7318
57,7321
8,7322
60,7323
1,7323
3,7325
2,7329
1,7331
4,7331
14,7331
53,7332
2,7333
19,7334
1,7335
22,7336
35,7336
50,7336
2,7337
5,7338
52,7338
53,7341
5,7342
41,7342
4,7343
8,7344
3,7345
23,7347
45,7350
44,7351
19,7352
32,7352
55,7352
16,7355
21,7360
36,7360
28,7361
37,7362
9,7363
57,7372
13,7374
33,7378
43,7382
21,7383
56,7383
20,7384
27,7384
16,7390
41,7390
9,7392
20,7392
43,7397
53,7397
55,7397
26,7398
51,7399
11,7400
3,7409
23,7409
45,7410
4,7411
9,7411
21,7412
43,7413
4,7415
19,7415
7,7416
5,7418
51,7419
3,7420
5,7421
36,7422
59,7422
15,7424
18,7427
43,7427
10,7430
10,7434
13,7434
23,7435
45,7437
50,7437
16,7438
19,7438
50,7440
1,7441
56,7441
2,7442
24,7442
9,7444
20,7445
1,7448
1,7450
2,7452
49,7452
2,7455
7,7456
12,7459
3,7466
23,7467
45,7467
5,7468
57,7468
2,7469
4,7471
19,7471
4,7474
6,7474
40,7475
3,7480
53,7481
5,7482
3,7483
51,7485
3,7486
41,7487
46,7487
47,7487
5,7489
13,7489
5,7490
55,7491
58,7493
4,7495
50,7495
11,7496
4,7497
3,7498
7,7498
49,7501
41,7502
31,7504
48,7505
53,7505
55,7506
56,7510
24,7514
29,7516
3,7517
41,7517
44,7518
4,7519
4,7521
35,7521
5,7522
5,7523
7,7523
3,7524
12,7524
17,7524
26,7524
47,7526
55,7526
42,7527
21,7532
17,7534
39,7535
23,7540
29,7541
17,7542
21,7546
36,7546
25,7550
33,7555
18,7559
51,7562
12,7566
45,7566
48,7566
47,7568
30,7571
23,7574
32,7574
34,7580
36,7584
41,7588
60,7589
33,7591
1,7594
35,7594
47,7594
3,7595
51,7595
52,7595
23,7596
1,7597
27,7597
2,7598
4,7598
28,7598
5,7599
20,7599
5,7600
13,7600
3,7601
4,7602
1,7603
2,7606
17,7607
2,7608
55,7608
56,7609
37,7611
52,7611
8,7612
16,7612
26,7613
39,7613
29,7614
31,7616
54,7617
7,7618
20,7618
3,7619
23,7619
50,7619
1,7620
5,7620
22,7620
4,7621
27,7621
3,7622
32,7622
2,7623
50,7623
5,7624
1,7625
4,7625
10,7625
1,7627
30,7628
2,7629
47,7629
56,7629
53,7631
20,7633
14,7635
44,7635
2,7636
55,7638
2,7639
22,7642
30,7647
19,7649
51,7650
33,7651
23,7653
35,7653
16,7657
24,7660
24,7661
14,7662
27,7662
60,7663
42,7665
6,7668
37,7669
44,7670
35,7672
30,7674
24,7676
40,7677
28,7678
30,7678
1,7680
15,7680
59,7680
60,7681
23,7681
56,7681
1,7682
34,7682
56,7682
2,7685
53,7687
1,7688
23,7690
2,7692
48,7692
2,7693
17,7694
42,7694
12,7695
14,7695
47,7695
31,7703
19,7705
43,7707
50,7708
58,7708
1,7709
2,7711
1,7712
2,7713
22,7713
1,7717
36,7717
34,7719
2,7720
12,7720
15,7721
1,7723
14,7724
53,7724
31,7726
1,7728
2,7729
1,7732
12,7733
60,7734
2,7734
43,7735
15,7736
35,7739
2,7741
31,7741
4,7743
22,7743
53,7745
15,7749
42,7749
46,7749
13,7750
45,7753
48,7754
36,7756
32,7758
8,7760
47,7761
15,7766
33,7767
30,7768
37,7769
53,7769
8,7770
29,7770
16,7779
1,7782
2,7784
1,7785
1,7788
40,7788
2,7789
13,7789
2,7790
20,7790
58,7792
39,7795
22,7796
37,7800
50,7800
33,7801
23,7802
26,7804
7,7807
8,7808
45,7808
13,7810
15,7810
52,7810
1,7811
27,7813
26,7814
2,7815
59,7815
54,7816
60,7818
1,7818
2,7819
1,7820
2,7821
16,7821
54,7824
60,7828
54,7829
29,7830
14,7831
15,7833
18,7833
1,7834
2,7837
31,7837
1,7838
11,7839
16,7840
53,7841
34,7842
56,7842
1,7843
20,7843
58,7844
22,7845
52,7846
47,7847
23,7848
50,7848
21,7852
2,7854
29,7854
54,7854
1,7855
2,7856
5,7856
43,7856
41,7857
47,7857
10,7858
58,7859
25,7860
43,7861
31,7866
46,7866
46,7869
18,7878
43,7878
10,7880
6,7882
32,7883
52,7884
23,7885
1,7890
38,7891
53,7892
2,7894
19,7894
1,7898
2,7899
1,7901
36,7902
53,7903
2,7904
35,7904
39,7905
9,7909
12,7909
19,7915
8,7917
25,7920
27,7925
10,7926
49,7926
25,7927
4,7928
1,7929
21,7932
37,7932
7,7933
26,7933
1,7934
60,7936
40,7939
56,7939
31,7940
50,7941
13,7942
2,7943
24,7944
58,7945
1,7946
30,7947
57,7950
2,7951
10,7951
2,7952
17,7952
8,7956
3,7957
55,7960
28,7962
55,7962
4,7963
57,7964
5,7967
34,7967
38,7968
4,7969
1,7970
2,7971
3,7972
29,7972
1,7973
19,7974
5,7975
1,7976
29,7976
54,7976
2,7977
35,7977
60,7978
2,7981
27,7981
28,7981
41,7983
10,7984
34,7985
59,7986
30,7988
57,7989
15,7991
25,7991
12,7993
45,7993
57,7995
55,7996
59,8002
37,8003
42,8003
58,8003
46,8004
48,8005
41,8006
53,8006
60,8008
3,8010
5,8014
6,8014
27,8014
5,8016
46,8016
4,8017
13,8017
39,8018
43,8018
3,8020
4,8021
14,8022
29,8024
9,8025
60,8026
3,8026
34,8026
48,8026
31,8027
27,8029
19,8031
43,8031
4,8032
3,8033
6,8033
23,8033
31,8033
52,8033
4,8035
11,8035
5,8037
12,8038
5,8039
50,8041
57,8041
10,8044
31,8044
34,8046
58,8046
13,8047
24,8053
3,8054
5,8055
4,8058
29,8059
42,8060
5,8064
3,8065
4,8066
48,8066
18,8069
40,8069
56,8069
57,8071
24,8072
30,8074
45,8076
37,8077
12,8079
15,8080
47,8081
52,8085
42,8086
38,8087
13,8091
1,8093
22,8093
44,8093
2,8094
49,8094
56,8096
57,8097
20,8099
42,8099
50,8099
59,8099
1,8100
15,8100
43,8101
1,8102
2,8103
15,8103
56,8103
2,8104
13,8104
30,8106
41,8108
53,8110
36,8111
51,8111
5,8112
3,8113
5,8114
58,8115
21,8117
38,8118
4,8123
9,8123
59,8123
4,8124
50,8125
45,8126
26,8127
59,8127
3,8128
50,8131
5,8133
49,8135
28,8142
35,8143
43,8143
46,8143
41,8144
54,8144
45,8146
48,8147
35,8150
2,8154
55,8154
60,8155
53,8155
52,8156
57,8157
37,8159
44,8159
24,8160
8,8161
44,8162
24,8163
3,8166
35,8166
5,8167
4,8169
14,8170
5,8171
33,8172
57,8172
1,8176
1,8178
2,8179
3,8180
47,8180
1,8182
4,8183
57,8185
37,8186
2,8187
2,8188
60,8191
7,8191
32,8191
43,8194
52,8194
37,8195
44,8195
55,8197
57,8197
18,8198
26,8198
35,8198
46,8202
42,8204
13,8207
1,8208
4,8209
41,8209
2,8210
24,8211
34,8211
1,8212
36,8212
17,8213
45,8215
60,8216
2,8216
1,8217
40,8217
57,8217
2,8218
40,8220
25,8222
45,8225
50,8225
22,8227
10,8228
9,8229
20,8229
43,8229
53,8229
58,8230
30,8231
54,8231
13,8234
30,8234
45,8235
15,8236
50,8237
19,8238
43,8242
37,8244
45,8245
4,8248
8,8254
23,8258
26,8261
43,8262
1,8263
2,8265
1,8266
12,8268
1,8269
2,8270
2,8272
48,8272
27,8278
10,8281
4,8286
37,8288
57,8288
25,8293
11,8298
15,8300
44,8300
3,8301
39,8301
5,8302
19,8302
43,8303
5,8304
2,8305
4,8306
11,8306
16,8306
17,8306
46,8307
3,8308
58,8309
4,8310
9,8313
3,8314
27,8314
4,8315
13,8315
55,8315
5,8316
5,8317
38,8317
58,8317
4,8318
15,8320
3,8322
47,8323
49,8323
50,8324
55,8326
7,8327
8,8328
22,8328
57,8328
23,8332
48,8332
9,8335
41,8335
48,8337
31,8338
41,8338
24,8341
1,8344
31,8344
7,8346
21,8348
39,8349
58,8351
1,8356
41,8356
53,8357
2,8358
1,8360
14,8360
31,8360
2,8361
2,8363
10,8366
14,8366
10,8367
54,8368
6,8369
7,8371
28,8373
58,8373
57,8375
44,8376
13,8378
28,8379
6,8381
18,8381
9,8382
26,8382
27,8383
4,8384
35,8384
8,8386
37,8386
28,8389
48,8389
6,8392
8,8392
28,8392
37,8392
44,8398
46,8398
28,8402
49,8404
52,8404
43,8406
35,8407
49,8407
20,8410
45,8413
48,8415
15,8417
16,8417
15,8419
33,8423
7,8425
20,8425
26,8425
47,8426
12,8427
23,8427
49,8435
1,8438
2,8439
3,8439
22,8439
24,8440
1,8441
2,8442
5,8442
1,8443
4,8443
4,8444
2,8445
19,8445
31,8447
15,8449
5,8450
6,8451
3,8452
30,8453
31,8460
38,8463
18,8466
9,8467
18,8467
59,8467
60,8469
11,8472
49,8473
36,8477
11,8484
9,8486
51,8486
46,8487
26,8491
1,8492
28,8493
47,8493
1,8494
53,8495
2,8498
1,8500
16,8501
23,8501
2,8502
2,8503
28,8504
56,8509
1,8515
3,8515
2,8516
1,8517
2,8519
13,8519
29,8519
1,8520
42,8520
27,8521
38,8521
13,8524
23,8524
14,8525
2,8527
51,8527
6,8529
14,8530
1,8535
35,8536
1,8537
50,8537
2,8540
6,8540
21,8543
19,8544
2,8545
1,8546
47,8546
2,8547
17,8552
59,8553
46,8554
37,8556
35,8562
21,8563
20,8564
6,8565
8,8566
38,8566
20,8567
25,8567
27,8568
37,8569
14,8571
36,8574
38,8575
15,8578
27,8579
49,8579
37,8580
56,8581
46,8583
30,8584
40,8585
51,8589
25,8590
30,8590
37,8591
34,8592
28,8593
46,8594
42,8597
14,8598
53,8599
20,8601
1,8602
24,8602
1,8603
33,8603
17,8604
2,8605
55,8606
56,8606
2,8608
25,8609
48,8609
1,8611
30,8612
2,8613
20,8614
26,8614
14,8617
9,8618
15,8619
25,8626
49,8627
14,8629
25,8631
48,8632
35,8633
43,8635
21,8636
27,8639
33,8642
42,8642
50,8643
50,8645
44,8647
18,8648
24,8648
11,8649
30,8651
21,8652
15,8655
26,8656
52,8658
9,8659
15,8660
27,8660
59,8662
13,8665
42,8668
31,8672
32,8673
54,8673
60,8675
25,8676
40,8676
34,8677
50,8677
55,8678
54,8679
8,8681
24,8683
22,8685
33,8685
53,8685
19,8686
25,8686
46,8688
49,8688
46,8689
32,8694
37,8697
40,8697
53,8697
44,8698
58,8698
34,8701
12,8702
11,8704
24,8705
23,8707
31,8708
60,8713
10,8713
52,8713
6,8719
38,8721
48,8721
53,8721
11,8722
25,8722
45,8722
26,8723
35,8728
14,8729
28,8732
49,8732
52,8733
34,8735
42,8735
6,8737
9,8738
25,8739
31,8739
13,8740
13,8743
50,8744
11,8745
49,8746
44,8747
7,8750
59,8755
22,8757
33,8757
24,8759
58,8759
8,8764
43,8766
26,8767
32,8767
50,8767
54,8767
1,8770
36,8770
2,8771
47,8771
46,8773
1,8774
2,8777
1,8778
14,8779
2,8781
19,8789
3,8791
14,8791
1,8792
2,8793
1,8794
55,8795
1,8796
4,8796
36,8796
39,8798
16,8799
2,8801
50,8802
20,8803
58,8803
60,8804
5,8804
5,8805
10,8806
18,8806
19,8806
36,8806
2,8807
3,8807
4,8809
38,8809
30,8810
31,8810
53,8818
8,8819
46,8819
53,8819
23,8823
57,8823
49,8829
21,8831
60,8832
38,8832
1,8833
14,8833
1,8834
58,8834
2,8835
2,8836
27,8836
1,8837
2,8839
24,8839
8,8842
14,8846
16,8848
19,8849
22,8849
47,8851
46,8852
14,8856
41,8856
27,8857
31,8859
55,8862
7,8863
45,8863
23,8865
35,8866
9,8874
59,8876
21,8877
40,8878
38,8880
18,8881
7,8883
40,8883
13,8885
45,8893
6,8896
19,8898
18,8900
43,8903
12,8904
3,8905
53,8905
5,8906
4,8907
14,8907
25,8910
3,8913
5,8914
4,8915
37,8915
28,8916
59,8921
48,8922
3,8924
14,8924
5,8925
19,8925
5,8926
4,8927
12,8927
14,8928
20,8928
4,8929
3,8930
26,8930
27,8931
43,8931
60,8932
3,8940
42,8940
27,8942
43,8942
8,8943
34,8944
20,8945
50,8945
34,8951
23,8952
15,8953
28,8954
55,8957
24,8958
48,8959
50,8961
34,8962
48,8963
56,8963
1,8964
22,8964
1,8965
13,8967
24,8967
2,8968
18,8968
2,8969
41,8971
42,8971
1,8972
12,8972
2,8973
25,8974
54,8974
24,8975
27,8976
55,8979
51,8981
58,8981
35,8987
41,8990
45,8992
13,8994
25,8995
38,9001
22,9004
10,9007
11,9007
1,9008
44,9009
1,9011
2,9012
58,9012
22,9016
1,9018
2,9019
2,9021
26,9023
43,9023
59,9026
15,9027
7,9030
18,9031
46,9034
4,9035
46,9041
22,9042
44,9043
12,9045
50,9048
47,9049
22,9050
54,9051
17,9054
56,9055
10,9056
11,9057
16,9058
43,9060
54,9060
50,9061
12,9063
18,9063
47,9064
1,9066
35,9066
1,9071
12,9071
50,9074
27,9075
2,9076
1,9077
20,9078
2,9079
52,9079
2,9081
41,9081
6,9084
16,9084
21,9085
10,9087
14,9091
31,9091
43,9093
41,9094
42,9095
31,9096
24,9097
47,9098
53,9100
35,9102
47,9102
48,9103
19,9106
58,9106
42,9107
43,9107
7,9108
20,9108
1,9109
1,9113
2,9115
2,9116
1,9119
28,9119
2,9120
47,9121
42,9126
6,9127
24,9128
45,9130
38,9134
46,9134
45,9135
51,9138
15,9141
3,9142
31,9142
5,9143
4,9144
7,9144
5,9145
34,9145
56,9145
21,9146
32,9147
4,9148
3,9149
32,9149
57,9151
45,9152
19,9154
56,9157
9,9160
16,9160
59,9161
23,9162
30,9162
60,9169
1,9169
2,9170
15,9170
1,9172
3,9172
22,9172
2,9173
4,9173
40,9173
45,9173
37,9174
12,9175
1,9176
5,9176
2,9177
27,9177
3,9179
11,9179
18,9179
4,9181
29,9181
43,9181
5,9182
41,9182
31,9187
48,9187
44,9201
46,9201
52,9203
6,9204
46,9207
24,9210
41,9210
25,9211
50,9217
42,9218
42,9219
51,9219
14,9224
44,9224
22,9230
1,9232
1,9233
2,9234
2,9235
17,9235
26,9235
1,9236
2,9238
17,9238
31,9246
28,9248
21,9249
37,9249
39,9249
55,9252
23,9253
48,9257
20,9260
21,9262
15,9264
27,9266
22,9267
25,9267
23,9273
29,9273
38,9273
9,9276
38,9276
10,9277
3,9278
26,9279
36,9280
17,9281
4,9282
40,9282
3,9284
17,9285
55,9285
8,9286
5,9287
38,9287
28,9288
5,9289
45,9290
37,9291
4,9292
46,9293
38,9294
26,9296
9,9297
9,9299
12,9302
36,9302
48,9307
54,9308
56,9308
32,9311
60,9312
47,9313
41,9315
44,9319
16,9321
1,9323
1,9324
60,9325
2,9325
2,9326
56,9326
35,9327
1,9328
8,9330
16,9331
2,9334
11,9338
43,9339
59,9340
12,9342
1,9356
41,9357
1,9358
34,9358
2,9361
2,9363
55,9363
1,9365
17,9365
2,9367
18,9367
4,9369
49,9370
54,9370
59,9373
15,9374
31,9374
31,9375
27,9376
33,9377
57,9378
11,9379
43,9384
49,9388
59,9391
41,9392
1,9396
2,9399
1,9400
1,9401
18,9402
34,9402
5,9404
2,9405
2,9406
12,9407
32,9408
45,9410
52,9410
60,9413
3,9413
42,9413
40,9414
48,9414
59,9414
55,9416
51,9417
5,9418
36,9418
4,9419
7,9420
20,9420
13,9422
7,9423
58,9423
5,9427
56,9427
8,9428
4,9431
22,9431
3,9432
39,9436
56,9436
39,9440
28,9441
53,9441
1,9442
2,9443
1,9444
9,9444
1,9445
3,9449
37,9449
5,9450
28,9451
19,9453
5,9454
5,9455
34,9455
4,9456
2,9457
3,9457
2,9458
28,9458
46,9458
14,9460
4,9462
13,9463
26,9464
12,9466
15,9469
38,9469
51,9470
49,9473
10,9474
17,9474
50,9477
20,9478
53,9479
56,9479
3,9480
25,9480
51,9483
18,9484
26,9488
31,9489
40,9489
8,9491
49,9492
8,9494
51,9495
13,9497
1,9501
2,9504
3,9504
25,9507
1,9508
17,9508
32,9508
44,9509
4,9510
44,9511
1,9512
5,9512
2,9513
3,9513
34,9514
50,9515
2,9516
15,9516
11,9517
10,9519
37,9519
4,9520
31,9521
45,9521
5,9522
51,9527
23,9534
37,9535
43,9536
54,9536
55,9538
10,9539
9,9541
40,9544
21,9553
49,9554
47,9555
15,9556
20,9556
48,9558
51,9559
52,9559
3,9565
28,9565
2,9567
46,9571
55,9572
1,9573
3,9573
50,9573
5,9574
4,9575
2,9577
1,9578
3,9579
1,9580
5,9580
2,9581
2,9582
4,9583
59,9585
50,9586
1,9587
47,9589
42,9590
48,9590
1,9591
17,9592
2,9593
1,9594
53,9594
2,9595
2,9597
11,9601
20,9602
52,9603
53,9603
43,9605
47,9605
49,9607
31,9609
39,9614
24,9616
59,9618
41,9619
21,9620
42,9620
44,9620
32,9625
55,9625
17,9626
51,9633
3,9634
4,9635
5,9636
5,9638
4,9639
30,9640
10,9642
53,9642
3,9643
18,9647
3,9648
39,9649
4,9650
5,9651
5,9654
59,9654
3,9655
35,9655
4,9658
22,9658
57,9661
48,9666
29,9668
33,9668
32,9672
21,9673
18,9677
48,9677
8,9680
42,9681
7,9683
52,9687
16,9689
40,9690
49,9692
23,9695
32,9695
49,9695
55,9695
13,9696
34,9699
58,9699
43,9701
21,9702
1,9703
57,9704
1,9705
52,9705
12,9706
2,9707
54,9707
9,9708
1,9709
2,9710
2,9711
13,9715
32,9715
54,9715
3,9718
5,9723
4,9724
6,9725
3,9727
12,9729
4,9730
25,9730
5,9731
9,9734
42,9736
11,9740
36,9740
46,9741
1,9743
40,9746
6,9747
8,9747
31,9748
4,9750
52,9751
51,9754
13,9760
37,9760
50,9765
15,9766
19,9766
27,9773
12,9774
15,9774
10,9776
46,9776
16,9778
57,9781
58,9781
36,9788
22,9789
28,9790
53,9791
7,9794
26,9794
52,9797
31,9801
57,9801
20,9803
9,9805
26,9806
6,9807
21,9808
43,9809
46,9809
16,9810
7,9813
32,9813
15,9814
44,9815
59,9815
43,9817
24,9819
35,9819
3,9820
14,9820
18,9820
4,9822
49,9823
31,9825
54,9825
4,9827
23,9827
34,9830
3,9832
5,9833
8,9834
5,9837
23,9838
35,9839
59,9839
27,9840
12,9842
19,9845
27,9847
21,9848
56,9848
44,9850
28,9851
25,9852
43,9852
17,9854
35,9854
1,9857
1,9860
34,9860
2,9861
2,9864
1,9865
2,9866
31,9868
41,9870
36,9871
29,9875
28,9878
14,9880
36,9884
8,9885
25,9886
1,9888
26,9888
1,9889
41,9890
2,9891
16,9891
11,9892
14,9892
1,9893
28,9893
2,9894
40,9897
17,9898
39,9898
2,9899
23,9900
22,9901
38,9903
1,9904
12,9905
2,9909
11,9909
15,9909
1,9910
34,9910
24,9911
44,9911
24,9913
25,9914
58,9916
1,9917
2,9918
2,9919
55,9922
23,9923
34,9929
35,9932
3,9933
4,9935
5,9936
4,9937
52,9937
3,9939
6,9940
5,9941
53,9941
11,9942
3,9947
37,9947
55,9947
4,9948
14,9948
19,9948
59,9948
3,9949
4,9950
5,9951
23,9953
5,9955
3,9960
22,9961
4,9962
45,9963
52,9963
4,9966
36,9967
9,9969
47,9969
5,9972
45,9973
22,9975
42,9975
5,9976
26,9976
50,9980
57,9981
59,9981
3,9982
8,9982
57,9982
38,9983
32,9985
7,9987
12,9987
44,9987
53,9989
9,9992
51,9992
53,9992
1,9993
3,9993
11,9993
4,9994
10,9995
5,9996
4,9997
1,9998
25,9998
1,9999
3,9999
