20,1
52,1
1,2
1,3
46,3
48,3
19,4
2,5
8,5
14,5
23,5
1,7
48,7
2,8
58,8
2,10
41,10
3,14
4,15
5,16
5,17
3,18
33,18
45,18
7,19
54,19
4,20
8,22
15,22
39,22
56,22
32,23
52,24
32,25
53,25
29,28
1,30
1,31
2,32
9,32
1,33
2,34
2,36
12,37
1,39
47,39
8,40
16,40
18,40
2,41
1,42
1,43
2,44
38,44
2,46
30,46
43,46
1,48
30,48
7,49
34,49
42,49
1,50
2,51
20,51
2,52
48,52
1,53
45,53
2,54
31,55
38,56
58,56
18,57
28,57
29,58
31,58
10,59
27,60
41,60
10,69
29,73
23,74
1,79
1,80
2,82
2,83
1,85
2,86
21,86
23,88
9,99
57,100
41,102
3,104
4,105
7,105
41,105
57,105
14,106
31,106
3,107
4,108
28,109
60,110
1,110
5,110
5,112
1,113
31,114
17,115
3,116
4,117
2,118
12,118
2,119
5,119
58,120
4,121
1,124
3,124
2,125
25,125
57,125
5,126
38,128
7,129
29,130
3,136
11,136
36,136
5,137
4,138
33,139
44,141
52,141
4,142
50,142
3,143
16,143
5,144
1,145
54,145
3,146
37,146
1,147
4,147
18,147
3,148
18,148
31,148
2,149
16,149
5,150
23,150
30,150
47,150
1,151
4,151
2,152
5,152
2,153
58,155
16,156
34,157
42,157
57,160
60,163
1,163
3,164
11,164
5,165
56,165
4,166
2,167
3,167
40,167
5,168
1,169
4,169
9,169
2,170
41,171
60,172
1,172
2,173
12,175
36,175
53,177
1,178
2,179
1,180
1,181
2,182
2,185
39,185
51,185
19,187
3,192
31,192
32,192
43,193
14,195
1,196
2,197
10,197
19,197
27,197
5,198
1,199
4,199
1,200
5,200
2,201
3,201
2,202
43,204
4,206
3,207
53,207
25,209
5,210
9,210
41,210
5,212
53,212
52,213
4,214
4,215
3,216
3,220
8,220
39,220
5,221
4,222
35,222
55,222
5,225
4,226
3,227
44,229
25,233
55,236
1,245
3,245
2,246
1,247
5,247
1,248
4,248
2,249
3,249
53,249
2,251
4,251
38,251
5,253
20,254
36,254
1,255
27,255
33,255
2,258
13,259
3,260
1,261
5,261
5,262
2,263
9,264
11,264
21,264
39,264
1,265
4,265
38,265
2,266
3,267
23,267
4,268
31,271
1,278
1,279
2,281
50,281
1,282
2,283
2,284
9,286
36,287
45,288
9,295
37,298
38,299
44,301
22,306
36,306
20,308
9,310
57,313
3,314
4,315
5,316
5,317
28,317
29,317
3,318
4,319
24,319
16,320
34,320
9,321
38,324
11,326
15,326
34,330
15,334
3,335
46,335
5,337
18,337
4,339
5,339
24,339
4,340
4,341
6,342
48,342
3,344
9,344
30,345
45,345
40,348
50,348
3,349
4,351
18,352
5,353
3,354
5,355
4,356
43,356
51,359
55,359
58,360
13,361
17,361
42,361
53,361
7,362
25,366
57,366
3,368
41,368
23,369
4,370
3,372
4,374
13,375
16,375
5,376
19,376
56,376
5,377
19,377
38,377
59,381
57,388
10,389
55,395
1,399
2,400
1,401
1,402
51,403
54,403
2,405
2,407
24,407
22,408
38,408
33,414
52,415
1,418
40,418
2,419
1,420
3,420
2,421
1,422
5,422
58,422
18,423
55,423
4,424
47,424
2,425
56,426
58,426
5,427
24,427
3,428
4,429
38,429
1,430
3,431
21,432
24,432
4,433
1,434
7,434
12,434
22,434
2,435
49,435
1,436
2,437
5,437
3,438
44,438
2,439
4,439
5,440
44,440
51,440
41,441
46,442
19,443
56,444
25,445
56,447
14,448
52,449
54,449
19,450
7,451
30,456
32,460
1,461
2,462
1,463
46,463
54,463
58,463
2,466
24,466
40,466
1,467
2,471
22,471
50,474
50,475
53,475
12,476
22,476
10,478
41,478
6,480
28,485
24,487
40,488
8,494
1,496
20,496
41,496
46,496
43,497
1,500
2,501
26,501
30,501
21,502
2,503
37,503
1,504
16,504
28,504
2,505
28,505
31,506
58,506
54,507
51,512
1,515
1,516
21,516
2,517
7,517
49,517
17,519
2,520
33,520
51,523
1,524
9,524
35,524
37,524
2,525
1,526
3,526
2,527
5,527
1,528
2,529
4,529
26,529
56,529
1,530
3,530
2,531
4,532
1,533
5,533
1,534
2,535
50,535
1,536
2,537
59,537
2,539
40,540
60,541
21,541
32,541
11,542
14,542
41,542
17,545
26,548
60,549
44,551
3,554
4,555
32,555
60,556
5,556
3,557
19,558
49,559
59,559
1,560
4,561
47,561
5,562
15,563
37,563
1,564
2,565
32,565
41,565
1,566
2,567
2,568
32,568
47,570
59,571
32,572
27,573
7,575
50,576
3,578
5,579
1,581
42,581
5,582
1,583
39,583
2,584
4,584
1,585
4,585
49,585
2,586
2,587
3,587
58,587
36,588
56,589
30,590
3,593
28,593
5,594
4,595
10,595
11,596
46,596
4,597
3,598
45,598
54,598
9,599
47,599
5,600
43,604
60,607
15,610
57,612
6,615
16,615
15,616
29,617
42,617
50,619
51,622
49,623
41,624
50,624
27,625
1,628
21,628
9,629
1,630
2,631
2,632
1,634
2,635
27,636
27,637
15,639
37,640
3,641
1,642
4,642
27,642
1,643
5,643
18,643
2,644
5,644
44,644
1,645
3,645
9,645
2,646
4,646
15,646
53,646
2,647
32,650
38,650
38,651
56,655
21,660
7,662
3,666
18,666
21,666
4,669
6,669
5,673
10,674
3,675
31,675
4,676
5,677
54,678
3,682
4,682
12,682
13,682
46,682
56,682
11,686
12,687
24,687
29,688
41,688
38,689
42,690
56,693
56,695
30,698
58,698
60,701
43,701
10,702
12,702
39,702
46,702
47,706
28,708
54,708
1,712
48,712
53,712
55,712
1,713
34,714
2,715
46,717
1,718
28,718
14,719
2,720
56,720
2,723
35,723
53,723
45,725
12,726
44,726
43,729
30,731
52,732
41,733
22,734
45,735
14,737
7,739
13,739
49,741
1,743
3,743
4,744
53,744
5,745
5,747
1,748
4,748
2,749
34,749
3,750
1,751
1,752
12,752
2,754
2,755
7,755
47,755
12,758
47,759
28,760
6,761
50,761
14,762
49,762
35,763
51,767
58,770
57,771
18,772
3,774
18,774
14,776
31,776
4,777
3,779
4,782
5,783
5,784
42,787
14,792
35,793
54,793
7,794
47,794
56,794
26,796
22,797
18,798
31,798
22,799
9,801
24,801
57,801
24,805
3,808
5,811
4,812
12,812
24,812
19,813
5,814
4,815
3,816
15,816
45,816
49,819
13,820
58,820
54,824
11,825
44,825
3,828
9,828
4,830
33,831
59,831
4,833
21,833
39,833
60,834
42,834
5,835
25,836
5,837
3,838
8,838
2,840
27,842
29,842
18,844
15,845
42,850
3,851
4,853
42,854
4,855
5,856
40,856
47,856
5,857
31,859
60,860
3,862
9,862
1,869
29,869
2,870
3,870
47,871
5,872
42,872
1,873
4,873
38,873
58,873
2,874
13,874
5,875
6,875
1,876
4,876
24,876
29,876
41,876
2,878
3,880
15,883
53,885
11,886
15,886
14,887
48,888
56,896
13,897
53,897
24,898
52,898
17,900
36,900
51,900
25,902
43,903
1,908
3,908
27,908
40,908
1,909
2,910
51,910
1,911
4,911
56,911
2,912
51,912
4,915
23,915
2,917
3,917
5,918
5,920
22,923
37,930
29,934
51,940
20,941
58,941
15,942
47,943
55,947
23,948
30,949
38,951
8,952
33,952
40,952
38,955
15,962
15,965
47,965
13,966
22,968
1,969
42,972
3,973
45,973
5,974
1,975
4,975
13,975
5,976
39,977
49,977
4,978
59,978
1,979
3,979
7,980
2,981
3,981
5,982
19,982
4,983
54,983
3,984
20,984
2,985
5,985
1,986
4,986
2,987
21,989
44,989
29,990
54,991
1,992
2,993
41,993
57,993
9,995
1,996
26,996
31,996
2,997
21,997
1,999
55,999
2,1000
35,1000
18,1002
17,1003
32,1004
9,1006
9,1007
7,1008
1,1009
43,1009
49,1009
1,1010
26,1010
2,1011
2,1012
41,1012
1,1014
2,1015
19,1022
12,1023
21,1025
52,1025
30,1028
1,1029
2,1032
38,1033
43,1033
60,1034
1,1035
2,1037
1,1038
15,1038
47,1038
2,1039
29,1043
1,1044
1,1045
2,1048
1,1049
2,1050
58,1050
56,1051
2,1052
3,1053
4,1054
5,1055
36,1055
43,1055
56,1055
20,1056
3,1057
2,1058
5,1058
1,1059
1,1060
2,1061
50,1061
1,1062
46,1062
2,1063
4,1063
47,1065
3,1066
15,1066
13,1067
5,1068
18,1068
4,1069
2,1070
5,1073
13,1073
1,1074
4,1074
2,1075
1,1076
2,1077
3,1077
1,1078
2,1079
45,1079
38,1082
55,1084
45,1087
1,1092
19,1093
2,1094
11,1095
1,1096
8,1096
2,1097
6,1097
1,1099
2,1101
36,1101
48,1108
7,1109
25,1110
43,1111
1,1112
1,1113
34,1113
35,1113
2,1114
2,1115
1,1116
10,1116
12,1117
2,1118
46,1119
27,1123
3,1124
54,1124
4,1125
38,1125
3,1126
5,1127
4,1128
18,1128
5,1131
26,1131
8,1132
24,1133
7,1135
1,1137
1,1138
2,1139
1,1140
2,1141
54,1142
2,1143
11,1147
3,1151
6,1151
50,1151
4,1152
30,1152
5,1153
5,1154
3,1155
43,1155
1,1156
2,1157
4,1157
20,1157
1,1158
28,1158
30,1159
1,1160
2,1162
29,1162
32,1162
33,1162
2,1163
18,1164
28,1165
23,1167
49,1167
40,1168
34,1172
24,1175
32,1176
3,1178
34,1178
4,1179
5,1180
3,1181
58,1181
49,1182
50,1185
56,1186
4,1187
5,1188
49,1188
1,1192
9,1192
2,1193
1,1195
39,1195
2,1196
1,1197
2,1198
35,1199
3,1201
5,1202
37,1202
59,1202
5,1205
4,1206
20,1206
4,1207
25,1207
35,1207
3,1208
18,1209
11,1210
42,1212
21,1213
37,1213
38,1219
51,1220
15,1221
22,1221
33,1222
54,1223
41,1224
53,1227
19,1228
34,1229
23,1230
15,1232
17,1232
28,1234
22,1236
42,1236
58,1242
8,1243
17,1244
26,1246
46,1246
57,1247
3,1248
4,1249
5,1250
31,1251
3,1254
19,1254
4,1255
13,1255
19,1255
5,1258
28,1260
47,1260
51,1263
31,1270
26,1271
46,1271
58,1271
15,1277
28,1279
37,1281
39,1281
26,1283
4,1284
7,1290
15,1290
28,1292
16,1293
37,1294
46,1296
47,1296
18,1301
21,1301
55,1308
7,1309
33,1309
36,1309
31,1313
33,1313
3,1314
54,1314
4,1315
5,1317
4,1318
5,1319
3,1321
57,1322
39,1324
59,1326
3,1331
1,1332
4,1332
1,1333
2,1334
5,1334
2,1335
1,1336
3,1336
14,1336
5,1337
2,1338
4,1338
15,1341
35,1341
52,1341
3,1344
46,1344
4,1348
5,1353
45,1353
3,1354
5,1356
37,1357
1,1358
4,1358
60,1361
2,1361
55,1361
1,1362
1,1363
14,1364
2,1365
24,1367
2,1368
49,1370
49,1372
31,1373
29,1376
1,1379
2,1380
46,1381
48,1383
1,1384
1,1386
28,1388
51,1389
2,1390
2,1391
9,1394
43,1394
1,1398
3,1399
10,1399
22,1399
2,1400
4,1400
45,1400
59,1401
5,1402
1,1403
1,1404
5,1405
16,1405
2,1406
28,1406
2,1407
23,1408
3,1410
1,1411
12,1411
1,1412
2,1413
4,1413
2,1414
38,1414
49,1414
1,1415
9,1415
3,1418
2,1419
4,1419
26,1419
43,1420
5,1421
3,1422
6,1423
51,1423
5,1424
1,1425
4,1425
2,1427
1,1428
2,1429
1,1430
2,1431
16,1431
24,1431
43,1431
1,1432
1,1433
38,1435
2,1436
16,1436
29,1436
1,1437
2,1438
51,1438
2,1439
21,1441
33,1442
40,1443
32,1444
26,1447
29,1447
30,1449
57,1449
58,1449
23,1451
10,1453
13,1455
29,1455
30,1455
48,1455
53,1456
8,1458
60,1459
56,1461
20,1462
52,1462
7,1463
42,1465
26,1466
53,1471
19,1473
28,1473
10,1475
50,1475
3,1476
24,1476
36,1476
4,1477
31,1477
4,1478
5,1479
55,1479
5,1481
51,1481
3,1482
15,1482
8,1483
44,1483
5,1484
43,1484
32,1493
55,1494
60,1498
22,1501
34,1501
39,1501
43,1504
51,1504
25,1508
47,1509
30,1512
46,1512
15,1513
45,1513
11,1514
45,1514
58,1514
29,1515
4,1517
13,1517
31,1522
42,1523
34,1525
8,1527
44,1527
57,1527
59,1529
38,1531
44,1535
49,1536
31,1537
53,1537
9,1539
19,1540
3,1542
12,1542
4,1544
3,1545
5,1546
34,1546
52,1547
5,1548
7,1548
46,1548
4,1549
56,1551
19,1553
30,1553
41,1555
51,1558
15,1559
22,1562
20,1564
30,1565
9,1566
39,1568
12,1570
45,1573
36,1574
3,1578
17,1578
23,1579
54,1579
5,1580
5,1581
42,1581
59,1581
6,1582
4,1584
3,1585
4,1586
3,1590
31,1590
42,1590
4,1591
7,1591
53,1591
5,1595
3,1597
1,1598
4,1598
5,1599
1,1600
34,1600
2,1601
24,1602
38,1603
1,1604
2,1606
2,1607
10,1607
3,1608
26,1608
51,1608
12,1609
4,1610
18,1610
30,1610
5,1611
18,1611
31,1611
48,1611
5,1612
3,1613
23,1613
39,1613
4,1615
3,1616
4,1619
5,1620
31,1620
38,1620
3,1621
50,1621
5,1622
44,1623
4,1624
52,1624
3,1625
23,1625
44,1625
48,1625
9,1626
12,1626
12,1627
1,1628
2,1629
48,1629
1,1632
2,1632
51,1632
2,1634
36,1634
1,1635
54,1635
2,1637
59,1638
52,1641
1,1642
52,1642
3,1643
5,1644
33,1644
2,1645
1,1646
1,1647
4,1647
53,1648
2,1649
3,1649
5,1650
39,1650
2,1652
4,1653
23,1665
31,1665
19,1666
37,1667
16,1676
45,1678
37,1680
43,1683
37,1685
16,1691
3,1695
4,1696
32,1697
56,1699
59,1699
5,1700
11,1700
10,1701
7,1702
4,1705
3,1706
5,1707
16,1707
32,1707
57,1710
39,1711
42,1711
16,1712
55,1712
21,1713
17,1714
42,1715
53,1715
30,1716
13,1717
47,1717
48,1717
32,1718
39,1719
11,1722
46,1724
57,1724
40,1725
48,1727
54,1727
19,1728
57,1729
55,1730
23,1733
6,1734
45,1734
6,1737
11,1737
21,1738
3,1739
5,1740
4,1742
16,1742
4,1743
5,1745
20,1745
21,1745
34,1745
3,1746
20,1746
26,1751
1,1752
2,1754
1,1755
40,1755
2,1756
1,1757
6,1757
7,1758
2,1759
26,1764
45,1765
38,1771
34,1773
45,1774
10,1775
33,1775
12,1776
1,1777
26,1777
42,1777
3,1778
4,1779
1,1780
2,1782
2,1783
5,1783
58,1783
59,1783
4,1784
10,1784
1,1785
5,1785
2,1786
3,1787
57,1787
1,1791
2,1793
53,1793
40,1794
28,1795
1,1797
3,1797
2,1798
5,1798
27,1798
1,1799
50,1799
2,1800
12,1800
37,1800
42,1800
53,1802
4,1803
20,1804
32,1804
5,1805
4,1807
36,1807
3,1809
18,1811
34,1811
1,1812
2,1813
23,1813
1,1814
48,1814
1,1815
2,1816
2,1817
53,1817
41,1820
6,1826
30,1827
42,1827
28,1828
13,1829
50,1832
19,1833
3,1834
4,1835
29,1835
5,1837
22,1837
5,1838
3,1839
15,1840
4,1841
1,1842
56,1842
1,1844
34,1844
9,1845
2,1846
15,1847
2,1848
1,1849
2,1851
29,1851
51,1852
3,1853
45,1853
1,1854
5,1854
49,1854
1,1855
4,1855
14,1855
11,1856
4,1857
2,1858
5,1858
41,1858
2,1859
3,1859
27,1861
49,1861
1,1862
2,1863
8,1863
35,1864
13,1866
15,1866
3,1867
4,1868
18,1868
5,1870
4,1873
19,1873
42,1873
3,1874
5,1875
19,1878
55,1882
30,1883
31,1890
58,1892
43,1896
22,1897
27,1898
6,1900
3,1906
4,1908
7,1908
5,1909
5,1910
48,1911
4,1912
3,1913
12,1915
60,1916
3,1917
4,1918
5,1919
12,1919
31,1922
4,1923
3,1924
6,1928
5,1929
48,1930
25,1931
18,1934
3,1935
25,1935
4,1937
11,1937
27,1937
42,1938
11,1939
50,1939
57,1939
12,1940
4,1941
3,1942
14,1942
5,1943
56,1943
5,1944
29,1944
34,1945
27,1946
8,1950
21,1951
33,1951
14,1954
20,1955
25,1955
55,1955
22,1956
31,1958
51,1959
59,1959
29,1961
43,1962
52,1964
60,1966
57,1967
29,1971
6,1972
13,1972
50,1972
6,1973
29,1974
25,1975
3,1980
16,1981
20,1981
5,1982
20,1982
5,1984
4,1985
3,1986
4,1987
3,1989
4,1990
3,1991
5,1992
3,1993
5,1994
4,1995
40,1997
15,2003
35,2005
24,2007
37,2008
5,2013
3,2015
31,2015
5,2016
46,2016
50,2017
28,2018
4,2019
49,2019
60,2020
1,2020
5,2021
33,2021
1,2022
3,2023
2,2024
4,2024
13,2024
57,2024
1,2025
2,2026
50,2026
1,2027
2,2027
12,2028
47,2028
56,2030
6,2031
38,2036
57,2039
1,2040
19,2041
1,2043
50,2043
2,2044
1,2045
2,2046
15,2046
29,2046
3,2047
13,2047
2,2049
4,2050
3,2051
39,2051
28,2052
4,2053
5,2054
12,2054
5,2055
23,2055
42,2055
53,2055
11,2056
58,2056
24,2057
40,2060
53,2060
19,2061
27,2061
57,2062
42,2063
28,2065
36,2068
55,2068
22,2071
41,2071
44,2071
59,2074
33,2075
33,2076
3,2077
38,2077
5,2078
4,2080
6,2080
5,2083
16,2084
4,2086
42,2089
3,2090
24,2092
15,2095
53,2096
25,2097
14,2098
49,2099
31,2104
39,2105
56,2108
53,2110
20,2113
9,2116
29,2125
55,2125
57,2126
48,2127
29,2129
18,2131
2,2133
57,2136
36,2137
3,2138
5,2139
9,2139
8,2140
46,2141
4,2145
20,2145
3,2146
46,2146
5,2147
4,2149
3,2150
4,2151
53,2151
4,2152
5,2153
10,2153
3,2154
5,2158
59,2161
49,2162
14,2164
37,2165
37,2166
1,2168
19,2169
1,2171
16,2171
17,2171
22,2171
2,2173
48,2174
26,2175
2,2176
40,2176
3,2177
43,2177
47,2178
48,2178
54,2178
1,2179
17,2179
2,2180
37,2180
26,2181
28,2185
53,2187
34,2190
41,2193
37,2194
43,2195
3,2196
5,2197
47,2197
4,2198
26,2198
3,2199
29,2199
43,2199
32,2200
30,2201
19,2202
47,2202
4,2203
5,2204
1,2205
45,2205
1,2208
2,2209
39,2210
2,2211
10,2211
15,2211
1,2212
2,2214
3,2215
60,2216
5,2216
15,2216
4,2217
45,2217
4,2218
14,2218
5,2219
25,2219
3,2220
11,2224
35,2224
13,2225
23,2225
39,2228
10,2229
14,2229
33,2229
6,2231
38,2231
18,2232
55,2234
13,2235
49,2237
3,2240
1,2241
4,2241
5,2242
1,2243
5,2243
4,2244
20,2244
2,2245
58,2245
21,2246
3,2247
39,2247
1,2248
2,2249
16,2250
2,2252
40,2252
43,2252
20,2254
31,2256
1,2257
1,2258
33,2258
33,2259
35,2259
21,2261
2,2262
2,2264
26,2264
32,2265
38,2265
1,2267
2,2268
23,2268
32,2269
45,2269
36,2270
29,2273
1,2277
1,2278
2,2279
3,2281
2,2282
4,2283
1,2284
3,2284
32,2285
2,2286
5,2286
40,2287
36,2289
5,2290
4,2291
27,2294
1,2296
46,2296
56,2296
2,2297
35,2297
1,2299
3,2299
13,2299
21,2299
1,2300
2,2301
5,2301
37,2303
2,2304
48,2304
4,2305
14,2305
4,2307
5,2309
27,2309
3,2310
23,2310
41,2310
52,2310
57,2311
1,2312
44,2312
1,2313
26,2313
2,2315
19,2315
1,2316
2,2317
2,2318
10,2318
6,2320
22,2321
29,2323
53,2325
36,2326
36,2333
3,2335
17,2335
5,2336
1,2338
4,2338
2,2339
28,2339
18,2340
47,2340
4,2341
1,2342
60,2343
1,2343
3,2343
10,2343
5,2344
2,2345
51,2345
2,2346
27,2346
3,2347
4,2349
5,2350
5,2351
4,2352
3,2353
16,2354
3,2359
8,2359
4,2361
24,2361
5,2362
59,2362
4,2364
55,2364
3,2365
39,2365
42,2365
57,2366
24,2367
5,2368
33,2368
48,2369
12,2372
38,2373
11,2374
1,2377
2,2378
20,2378
54,2378
55,2378
58,2378
1,2379
30,2379
41,2381
55,2383
2,2384
3,2385
1,2386
11,2386
2,2387
5,2388
6,2388
46,2388
5,2391
44,2391
4,2392
40,2392
3,2394
1,2395
4,2395
1,2396
35,2397
2,2399
27,2400
54,2400
59,2400
1,2401
49,2402
26,2403
54,2404
2,2405
11,2405
2,2406
44,2406
3,2408
35,2409
3,2414
17,2414
4,2415
5,2416
4,2419
5,2419
3,2420
15,2421
4,2422
19,2424
50,2424
39,2427
47,2427
3,2430
20,2433
30,2433
32,2434
5,2437
29,2437
4,2438
26,2438
5,2439
4,2440
3,2441
6,2441
27,2441
3,2443
46,2443
36,2445
41,2445
4,2447
5,2448
4,2449
3,2450
14,2450
47,2450
34,2451
35,2451
24,2452
5,2453
1,2458
40,2458
1,2459
2,2460
12,2460
1,2461
2,2462
10,2463
48,2465
10,2470
2,2472
3,2472
16,2474
36,2474
4,2475
25,2475
50,2475
4,2476
1,2479
1,2480
3,2480
16,2480
2,2481
5,2481
27,2481
43,2481
2,2482
5,2482
54,2482
1,2484
6,2484
50,2484
2,2486
58,2486
7,2491
47,2493
30,2495
44,2496
3,2499
4,2500
7,2500
16,2500
3,2501
26,2501
5,2502
4,2503
41,2504
5,2505
29,2506
7,2507
33,2508
55,2510
15,2511
42,2511
57,2514
26,2516
46,2516
24,2518
38,2520
17,2521
34,2521
18,2522
22,2522
44,2523
51,2526
13,2527
9,2528
3,2529
9,2529
48,2529
45,2531
60,2532
4,2532
7,2532
5,2533
15,2534
13,2535
5,2537
4,2539
29,2539
3,2541
6,2542
56,2549
34,2551
14,2553
46,2554
45,2557
1,2564
3,2564
2,2566
5,2566
1,2567
5,2567
27,2567
1,2568
4,2568
4,2569
9,2569
55,2570
2,2571
3,2571
14,2572
53,2572
2,2573
3,2574
50,2575
4,2576
10,2576
11,2577
4,2578
46,2578
5,2581
2,2582
47,2582
52,2586
5,2589
47,2589
52,2589
3,2590
12,2593
1,2598
2,2599
1,2601
1,2602
19,2604
52,2604
2,2605
9,2605
2,2607
44,2607
56,2609
32,2613
48,2615
56,2615
32,2616
37,2624
53,2625
24,2626
45,2629
17,2631
31,2634
6,2635
12,2635
54,2636
10,2637
59,2637
3,2640
4,2641
8,2642
10,2642
5,2643
49,2644
1,2645
1,2646
5,2646
8,2646
31,2646
47,2646
2,2647
3,2647
2,2649
4,2649
1,2650
2,2653
12,2654
13,2654
28,2661
1,2662
1,2663
3,2663
30,2663
2,2664
5,2664
7,2664
4,2665
3,2666
42,2666
2,2667
5,2667
1,2668
59,2668
2,2669
4,2670
14,2670
6,2672
19,2674
55,2676
16,2677
7,2678
58,2678
43,2681
54,2681
22,2683
19,2686
11,2690
1,2691
19,2692
41,2693
29,2694
51,2694
45,2696
3,2702
19,2703
34,2703
4,2705
9,2705
27,2705
32,2705
32,2707
5,2708
47,2708
5,2709
3,2710
4,2712
56,2712
58,2712
58,2716
58,2717
14,2718
26,2718
43,2718
21,2719
33,2722
1,2724
1,2725
2,2726
2,2728
16,2728
30,2728
35,2730
50,2731
1,2732
37,2732
58,2732
57,2733
2,2735
1,2737
2,2739
52,2739
22,2740
33,2740
51,2741
1,2743
1,2744
3,2744
20,2744
2,2745
43,2745
2,2747
4,2747
1,2748
4,2748
34,2748
1,2749
2,2750
5,2750
5,2752
2,2753
3,2754
1,2755
32,2756
56,2756
2,2757
39,2757
34,2759
17,2760
51,2761
59,2761
40,2762
10,2763
27,2763
14,2765
27,2766
36,2766
21,2767
42,2769
45,2769
8,2770
54,2774
1,2777
1,2779
42,2779
52,2779
2,2781
2,2782
1,2783
19,2783
2,2786
6,2786
11,2786
48,2786
34,2787
1,2788
6,2788
18,2788
2,2789
1,2790
41,2790
58,2790
18,2791
51,2793
1,2794
23,2794
2,2795
2,2796
19,2796
53,2796
54,2797
48,2798
51,2798
45,2801
40,2805
58,2808
11,2809
24,2815
1,2818
2,2819
1,2821
47,2821
1,2822
2,2823
37,2823
2,2825
45,2825
7,2828
46,2828
34,2829
31,2832
51,2834
3,2840
5,2841
33,2841
10,2842
4,2843
4,2846
12,2846
36,2846
40,2846
51,2846
55,2846
3,2847
45,2847
5,2848
51,2850
24,2854
42,2854
45,2854
31,2856
1,2857
44,2857
1,2858
2,2859
1,2863
2,2864
2,2865
12,2866
35,2866
27,2868
22,2871
15,2872
1,2873
44,2873
2,2874
20,2874
1,2875
1,2876
42,2876
2,2877
10,2877
45,2877
2,2878
51,2878
2,2879
11,2881
25,2881
44,2882
1,2885
49,2885
1,2886
2,2887
7,2887
2,2888
1,2890
39,2890
2,2891
37,2891
20,2895
32,2895
1,2897
22,2898
2,2899
1,2900
22,2900
2,2901
10,2901
1,2904
2,2905
19,2905
19,2906
38,2906
1,2909
6,2910
49,2911
2,2913
25,2913
45,2913
53,2914
1,2915
1,2916
38,2916
2,2917
32,2917
2,2918
43,2919
36,2921
3,2923
51,2924
3,2926
7,2927
18,2927
5,2928
4,2930
47,2930
4,2931
26,2931
5,2933
3,2934
35,2935
14,2936
1,2937
33,2937
47,2937
2,2938
36,2938
45,2938
1,2939
1,2940
2,2941
49,2942
2,2943
33,2943
44,2943
55,2943
16,2947
57,2948
52,2950
1,2951
7,2952
12,2952
54,2953
27,2955
57,2959
20,2964
47,2967
31,2968
52,2969
3,2971
5,2973
5,2974
33,2974
47,2975
4,2977
3,2978
8,2980
4,2982
26,2982
39,2982
3,2983
19,2983
4,2984
33,2984
3,2985
5,2986
58,2986
5,2987
4,2989
33,2990
13,2991
34,2992
56,2996
18,2998
3,3001
4,3002
27,3002
27,3003
3,3004
4,3004
5,3006
3,3009
5,3010
45,3010
57,3010
19,3013
27,3014
45,3015
34,3017
19,3018
58,3020
37,3022
50,3022
3,3023
4,3024
19,3024
5,3025
5,3026
4,3027
3,3029
51,3029
30,3033
43,3033
26,3035
3,3036
4,3037
4,3038
31,3038
3,3039
47,3039
5,3040
1,3041
5,3041
16,3041
2,3042
19,3042
1,3043
13,3043
2,3044
3,3044
1,3045
4,3045
51,3045
3,3046
40,3046
2,3047
4,3047
1,3048
5,3048
1,3049
5,3049
17,3049
2,3050
24,3052
2,3053
18,3056
1,3057
2,3058
17,3060
52,3060
35,3061
58,3061
41,3062
41,3074
10,3078
1,3079
44,3080
1,3082
59,3082
2,3083
3,3083
1,3084
5,3084
2,3085
5,3085
53,3085
4,3087
2,3088
4,3088
24,3088
33,3088
45,3088
3,3090
5,3090
36,3090
3,3091
52,3091
4,3092
4,3093
16,3093
26,3093
44,3093
5,3094
3,3095
3,3096
5,3096
12,3096
23,3096
12,3099
28,3099
27,3101
41,3102
18,3103
3,3104
21,3104
3,3108
5,3109
41,3109
4,3110
3,3111
32,3111
34,3112
5,3113
22,3113
44,3113
1,3114
4,3115
53,3116
35,3119
1,3120
24,3120
37,3120
42,3120
17,3121
6,3122
2,3123
3,3123
1,3124
5,3124
35,3124
40,3125
2,3126
4,3126
2,3127
5,3129
23,3129
27,3129
41,3129
32,3130
3,3131
25,3131
45,3132
15,3133
4,3135
14,3138
43,3140
8,3141
3,3142
21,3142
35,3145
5,3146
5,3148
6,3148
49,3149
4,3150
42,3150
3,3153
4,3154
42,3156
20,3157
45,3158
57,3160
60,3161
24,3161
29,3162
27,3166
53,3168
47,3173
22,3174
29,3174
39,3177
55,3177
14,3178
31,3178
44,3179
48,3185
19,3187
3,3189
56,3189
10,3191
1,3192
4,3192
7,3192
2,3193
5,3193
1,3194
3,3194
5,3195
1,3196
4,3196
58,3196
2,3198
2,3199
47,3200
50,3202
21,3205
53,3206
1,3207
2,3208
23,3208
1,3209
52,3209
1,3210
2,3212
2,3214
14,3214
1,3215
2,3217
1,3219
2,3220
1,3221
47,3221
2,3223
51,3223
24,3226
60,3227
4,3230
53,3231
30,3234
54,3237
18,3238
12,3240
19,3240
29,3241
52,3241
52,3246
50,3249
33,3250
34,3254
31,3255
1,3256
3,3256
55,3256
2,3257
4,3257
53,3257
1,3258
3,3258
5,3259
25,3259
29,3259
2,3260
4,3260
1,3261
5,3261
31,3261
40,3261
2,3262
48,3262
3,3265
4,3266
5,3267
3,3268
35,3268
5,3269
4,3271
27,3274
47,3275
51,3275
36,3276
26,3277
10,3279
25,3280
38,3280
29,3283
35,3283
23,3284
27,3284
22,3285
23,3286
3,3287
26,3287
5,3288
11,3288
4,3290
7,3290
21,3290
4,3291
3,3293
53,3293
5,3294
7,3295
24,3298
27,3299
60,3301
25,3301
3,3305
5,3308
1,3309
5,3309
1,3310
23,3310
4,3311
4,3313
23,3313
2,3314
3,3314
2,3315
38,3316
43,3316
9,3318
30,3318
1,3319
18,3320
2,3321
38,3323
14,3324
26,3328
15,3333
49,3333
18,3334
53,3335
2,3337
21,3337
16,3341
26,3342
48,3342
55,3342
27,3347
10,3349
34,3350
46,3350
7,3352
5,3358
1,3362
3,3362
5,3363
2,3364
4,3364
1,3365
5,3365
2,3366
36,3366
60,3367
23,3367
1,3368
3,3368
2,3369
18,3369
24,3369
4,3371
37,3374
22,3376
16,3379
46,3379
25,3383
23,3384
20,3386
28,3387
11,3388
59,3388
37,3389
26,3391
56,3394
14,3395
48,3395
24,3397
32,3398
54,3398
47,3401
29,3405
54,3406
3,3412
26,3412
10,3413
33,3414
5,3415
4,3416
5,3417
47,3417
3,3418
16,3418
4,3419
43,3419
10,3421
18,3421
33,3422
56,3422
1,3424
27,3425
50,3425
2,3426
1,3427
37,3428
1,3429
26,3430
38,3430
2,3431
18,3431
2,3434
13,3434
49,3434
20,3435
11,3436
1,3440
20,3441
23,3441
51,3444
43,3446
1,3447
14,3447
11,3448
1,3449
47,3449
2,3450
10,3450
2,3451
55,3451
58,3451
1,3452
2,3456
12,3457
41,3457
1,3458
2,3460
1,3461
1,3462
2,3463
26,3463
2,3464
14,3467
38,3467
1,3468
9,3472
53,3472
1,3473
43,3473
2,3474
3,3474
1,3475
4,3475
38,3475
2,3476
5,3476
55,3476
2,3477
5,3478
19,3478
42,3478
3,3480
14,3480
4,3481
48,3482
29,3485
8,3486
34,3490
58,3490
1,3491
3,3491
1,3492
5,3492
2,3493
4,3493
25,3493
2,3494
4,3494
1,3495
2,3496
3,3496
5,3497
35,3497
20,3500
48,3500
51,3501
27,3506
34,3506
46,3509
47,3509
33,3510
55,3511
34,3512
49,3512
11,3513
47,3516
15,3518
36,3518
21,3521
24,3521
50,3521
20,3523
54,3523
33,3524
28,3525
1,3527
35,3528
2,3529
18,3529
1,3530
47,3530
2,3531
1,3532
2,3534
26,3535
43,3538
55,3540
42,3543
24,3544
45,3544
59,3544
37,3549
35,3551
3,3552
50,3553
4,3555
33,3556
3,3557
5,3558
26,3558
52,3558
5,3559
5,3563
4,3564
52,3570
35,3571
19,3577
3,3579
5,3580
40,3580
51,3580
4,3581
5,3582
3,3583
35,3583
31,3584
42,3585
55,3585
4,3586
9,3586
41,3589
3,3591
5,3592
18,3592
35,3592
4,3593
9,3594
3,3595
15,3595
19,3596
4,3598
5,3599
37,3599
58,3599
17,3600
3,3602
58,3602
18,3604
5,3605
25,3605
1,3608
5,3608
10,3608
4,3609
1,3611
4,3611
2,3612
2,3613
3,3613
14,3613
1,3614
2,3617
3,3618
56,3618
5,3619
4,3620
36,3620
5,3621
3,3623
10,3623
4,3624
23,3624
59,3624
26,3625
37,3625
20,3626
3,3630
35,3631
5,3633
50,3634
4,3635
14,3636
5,3637
3,3638
36,3638
53,3638
4,3639
33,3640
27,3641
28,3641
50,3641
22,3644
1,3647
39,3648
1,3649
6,3649
43,3649
2,3651
2,3653
1,3654
31,3654
2,3655
36,3659
9,3661
24,3662
36,3663
17,3666
1,3668
9,3668
2,3670
34,3670
47,3671
1,3673
41,3673
2,3674
28,3674
1,3675
57,3675
2,3676
16,3677
53,3677
55,3677
26,3678
3,3682
38,3682
4,3683
19,3684
5,3685
3,3686
15,3686
42,3688
5,3690
23,3691
44,3693
4,3694
3,3696
21,3697
5,3698
4,3699
32,3700
4,3701
1,3702
5,3702
33,3703
1,3704
3,3704
2,3705
1,3706
2,3708
2,3709
20,3709
7,3711
37,3713
41,3713
52,3717
54,3717
33,3719
35,3733
32,3735
28,3738
8,3740
32,3740
22,3741
18,3742
3,3743
6,3744
4,3745
29,3745
54,3745
4,3746
5,3747
17,3747
38,3747
3,3748
32,3749
53,3749
6,3750
17,3750
18,3750
5,3751
1,3752
1,3754
50,3754
15,3755
2,3756
2,3758
1,3759
2,3761
24,3762
46,3762
47,3766
56,3767
18,3769
41,3770
15,3774
27,3774
58,3776
27,3777
13,3781
23,3782
14,3785
48,3785
17,3786
39,3786
6,3788
22,3788
43,3789
55,3794
33,3796
21,3800
3,3803
4,3804
4,3805
3,3806
27,3806
5,3807
5,3808
25,3809
56,3809
19,3810
26,3811
10,3813
11,3814
34,3817
17,3820
19,3821
28,3821
1,3822
37,3823
1,3825
18,3825
27,3825
28,3825
43,3825
2,3826
3,3826
5,3827
12,3827
2,3828
1,3829
4,3829
18,3829
27,3829
3,3830
2,3831
5,3831
54,3831
1,3832
2,3833
4,3834
1,3839
29,3839
1,3841
2,3844
2,3845
32,3846
42,3847
5,3849
38,3849
3,3850
4,3851
7,3851
5,3852
4,3853
5,3854
48,3854
3,3857
40,3857
59,3858
14,3859
49,3859
24,3861
59,3861
14,3862
50,3862
51,3863
52,3864
48,3865
43,3866
3,3868
21,3868
3,3872
4,3873
4,3875
46,3876
3,3877
6,3877
5,3878
27,3878
5,3879
26,3880
8,3881
23,3881
44,3881
30,3883
3,3884
14,3884
22,3884
55,3884
10,3885
41,3885
9,3886
7,3888
5,3889
7,3891
25,3894
32,3894
36,3897
1,3898
4,3899
21,3899
2,3900
40,3901
48,3901
3,3902
58,3902
60,3903
5,3903
1,3904
41,3904
4,3905
7,3906
3,3907
38,3907
1,3908
2,3909
5,3909
2,3910
4,3910
47,3910
5,3911
25,3913
4,3914
3,3918
38,3921
33,3934
38,3934
56,3936
35,3940
52,3940
54,3940
3,3942
4,3944
21,3944
26,3944
59,3944
5,3945
4,3946
15,3946
35,3946
5,3947
55,3947
3,3948
31,3948
3,3949
9,3949
4,3950
10,3951
49,3951
53,3951
3,3952
4,3953
9,3953
10,3953
5,3955
5,3957
36,3958
3,3959
13,3959
47,3959
4,3960
37,3960
3,3962
46,3962
1,3963
5,3963
1,3964
5,3964
4,3965
2,3966
26,3966
50,3966
3,3967
1,3968
2,3969
5,3969
2,3970
4,3971
1,3974
5,3974
10,3974
40,3974
2,3975
1,3977
6,3977
1,3978
2,3979
4,3979
52,3980
3,3981
54,3981
2,3982
3,3983
13,3983
38,3983
9,3984
18,3984
4,3985
28,3985
29,3986
3,3987
10,3987
4,3989
26,3989
29,3989
1,3991
5,3992
7,3992
5,3993
40,3993
2,3994
1,3996
1,3997
16,3997
2,3999
2,4000
13,4005
10,4008
40,4012
15,4013
54,4013
55,4013
28,4016
48,4016
31,4019
28,4020
8,4021
13,4021
22,4021
36,4021
16,4023
42,4025
18,4026
34,4030
1,4034
2,4035
1,4037
15,4037
1,4038
22,4038
2,4040
2,4042
29,4043
51,4045
9,4054
31,4054
7,4057
51,4061
51,4062
3,4063
16,4063
5,4064
5,4065
27,4065
4,4066
57,4066
4,4068
3,4069
55,4070
13,4072
28,4076
39,4077
3,4079
4,4080
49,4080
3,4081
49,4081
10,4082
11,4082
5,4083
5,4084
1,4086
4,4086
11,4088
13,4088
2,4092
57,4092
50,4094
9,4095
34,4095
38,4096
52,4096
56,4096
23,4099
39,4099
30,4102
26,4106
59,4107
26,4108
58,4109
56,4111
6,4113
21,4114
30,4114
36,4116
45,4116
50,4116
29,4117
3,4123
41,4123
5,4125
57,4125
4,4126
5,4127
3,4128
28,4128
4,4130
59,4130
18,4134
38,4136
59,4138
48,4139
44,4143
16,4144
39,4147
57,4148
28,4151
23,4153
38,4157
11,4158
19,4160
1,4161
2,4162
25,4162
34,4162
1,4163
27,4164
1,4165
49,4165
53,4166
2,4167
11,4167
2,4168
14,4170
53,4171
60,4172
9,4175
59,4175
41,4176
46,4182
19,4183
37,4183
1,4187
2,4189
1,4192
15,4192
26,4193
34,4193
2,4194
1,4195
37,4195
58,4195
2,4196
30,4196
39,4200
3,4201
19,4202
4,4203
5,4204
44,4206
4,4208
5,4210
58,4210
3,4211
32,4211
23,4212
33,4215
39,4215
57,4215
33,4216
1,4217
1,4218
2,4219
1,4220
2,4221
7,4221
2,4223
46,4223
6,4226
48,4227
3,4228
14,4228
25,4228
31,4228
4,4229
33,4229
40,4229
4,4230
55,4230
5,4231
3,4232
9,4232
34,4232
5,4233
27,4233
48,4234
23,4235
26,4235
54,4237
3,4246
19,4246
5,4247
4,4248
31,4249
4,4251
38,4251
52,4252
1,4253
3,4253
5,4254
16,4254
1,4255
29,4255
2,4256
41,4256
47,4256
2,4257
1,4260
8,4260
33,4261
2,4262
33,4263
36,4263
37,4266
3,4269
5,4270
30,4270
4,4271
19,4272
3,4273
32,4274
1,4278
2,4279
1,4280
4,4280
1,4281
44,4282
5,4283
56,4283
55,4284
30,4285
2,4286
3,4286
2,4287
59,4287
4,4288
9,4288
1,4290
49,4291
1,4292
2,4294
2,4295
14,4295
25,4295
30,4295
48,4295
1,4297
9,4297
22,4297
2,4299
1,4300
22,4301
1,4302
6,4305
48,4305
2,4306
2,4308
42,4309
60,4310
1,4310
2,4311
3,4314
20,4314
4,4316
38,4316
59,4317
4,4318
33,4318
1,4321
5,4321
1,4322
2,4323
5,4323
35,4323
52,4323
34,4324
2,4325
3,4325
1,4326
31,4326
2,4327
57,4328
24,4330
50,4333
58,4333
24,4336
1,4338
1,4340
3,4341
40,4341
4,4342
4,4343
5,4344
39,4345
51,4345
2,4347
3,4347
1,4348
2,4349
9,4349
10,4349
44,4349
54,4349
2,4350
1,4351
5,4352
2,4353
1,4354
25,4354
33,4354
2,4355
1,4356
59,4356
30,4357
41,4358
2,4359
3,4362
59,4363
5,4364
9,4364
4,4365
6,4367
5,4368
29,4368
1,4371
3,4371
2,4372
1,4373
4,4374
49,4374
1,4375
3,4375
58,4375
2,4376
5,4376
40,4376
48,4376
2,4377
4,4377
35,4377
48,4377
5,4378
4,4380
3,4381
17,4385
52,4386
27,4391
1,4394
2,4395
51,4395
55,4395
1,4396
10,4396
41,4396
2,4397
1,4398
3,4398
2,4400
28,4401
32,4403
46,4405
41,4407
33,4409
39,4410
24,4412
40,4413
3,4420
4,4421
52,4421
13,4423
3,4425
18,4425
45,4426
1,4427
4,4427
2,4428
1,4429
5,4429
1,4430
2,4432
5,4432
32,4432
2,4434
32,4437
19,4438
48,4439
53,4440
12,4442
15,4443
21,4446
8,4447
15,4447
24,4447
44,4449
17,4450
27,4457
50,4457
3,4458
15,4458
5,4459
25,4459
50,4459
4,4460
3,4461
41,4464
5,4466
20,4466
4,4467
58,4467
34,4470
26,4472
19,4474
26,4484
50,4484
33,4485
1,4487
1,4488
2,4489
31,4489
2,4490
21,4490
1,4491
45,4491
2,4492
17,4492
6,4493
12,4494
25,4495
6,4496
54,4496
44,4497
25,4499
52,4500
3,4501
54,4501
1,4503
4,4503
51,4503
1,4504
5,4504
37,4504
2,4505
3,4505
57,4505
4,4506
55,4506
1,4507
5,4509
23,4509
16,4510
2,4511
2,4512
3,4513
32,4513
4,4515
1,4516
4,4517
2,4518
5,4518
1,4520
3,4520
5,4521
52,4522
57,4523
60,4524
2,4524
1,4526
18,4527
25,4527
2,4528
7,4528
43,4530
24,4533
31,4533
46,4533
29,4534
51,4541
20,4542
29,4543
56,4544
34,4545
3,4546
4,4547
57,4548
3,4549
30,4550
1,4552
4,4552
5,4553
25,4553
1,4554
2,4555
5,4555
2,4556
1,4557
19,4557
2,4558
50,4559
58,4561
7,4563
50,4563
58,4565
23,4566
36,4567
53,4569
1,4575
54,4575
1,4577
30,4579
47,4581
2,4584
12,4584
2,4585
53,4585
54,4585
1,4586
3,4586
5,4587
15,4587
48,4587
4,4588
27,4588
2,4589
3,4589
5,4590
58,4590
1,4591
4,4591
1,4595
39,4595
1,4596
2,4598
29,4598
1,4599
2,4600
2,4601
13,4601
57,4601
58,4602
24,4604
27,4607
56,4607
36,4608
23,4609
26,4613
59,4615
38,4619
20,4620
41,4624
6,4625
46,4626
37,4628
32,4630
54,4631
17,4632
28,4633
55,4634
50,4638
16,4641
37,4643
18,4649
53,4649
23,4652
12,4656
46,4656
45,4658
15,4659
43,4661
46,4661
9,4662
53,4662
51,4665
58,4665
51,4666
3,4673
32,4673
43,4673
44,4674
45,4674
4,4675
4,4676
3,4677
28,4677
5,4678
8,4678
5,4679
3,4680
4,4681
1,4683
5,4683
1,4684
2,4685
2,4686
3,4686
1,4687
2,4688
5,4689
4,4690
31,4695
7,4698
38,4701
26,4702
33,4704
53,4704
43,4705
43,4707
25,4708
57,4708
19,4709
16,4711
54,4715
2,4716
16,4716
41,4718
3,4722
5,4725
4,4726
4,4728
3,4731
5,4732
56,4733
1,4735
2,4736
36,4737
1,4738
2,4739
1,4740
2,4741
57,4744
7,4745
20,4745
1,4747
3,4747
12,4747
52,4747
5,4751
25,4752
4,4753
5,4754
4,4755
3,4756
48,4758
22,4760
55,4761
1,4762
14,4762
27,4763
28,4763
1,4765
52,4765
2,4766
43,4768
1,4769
2,4771
2,4773
36,4773
44,4773
6,4774
51,4775
46,4776
11,4779
7,4780
57,4783
14,4789
25,4789
33,4789
28,4790
23,4791
29,4791
32,4791
42,4792
23,4795
47,4795
37,4802
3,4803
12,4803
4,4805
11,4805
60,4808
4,4809
36,4809
3,4810
32,4810
5,4811
5,4813
24,4813
56,4815
57,4816
39,4817
18,4820
53,4821
45,4822
18,4823
1,4825
2,4827
1,4828
21,4828
25,4828
1,4829
3,4829
56,4829
2,4830
2,4831
5,4831
2,4832
4,4832
5,4833
13,4834
27,4834
1,4836
1,4837
3,4837
4,4838
42,4838
2,4839
8,4839
1,4842
2,4843
2,4844
10,4845
25,4848
19,4849
8,4850
37,4852
33,4853
35,4853
1,4854
2,4855
52,4855
53,4855
1,4856
18,4857
2,4858
46,4858
1,4859
38,4859
2,4862
57,4865
59,4867
12,4869
1,4872
54,4873
2,4874
1,4875
2,4876
9,4876
1,4877
2,4878
3,4884
16,4884
18,4884
31,4884
4,4885
5,4887
1,4888
7,4888
19,4888
4,4889
13,4889
50,4889
2,4890
3,4890
55,4890
1,4891
5,4891
1,4892
60,4893
44,4893
35,4895
2,4896
5,4896
47,4896
2,4898
6,4900
21,4905
59,4905
13,4910
44,4912
21,4915
5,4918
33,4918
44,4918
32,4919
31,4923
29,4924
48,4924
13,4925
17,4926
47,4928
33,4929
25,4930
60,4931
9,4936
36,4939
1,4940
60,4941
2,4941
1,4942
58,4942
2,4944
18,4944
36,4944
16,4945
40,4945
1,4947
2,4948
28,4950
31,4951
17,4952
60,4954
30,4955
1,4956
11,4956
2,4958
1,4959
1,4960
3,4960
15,4960
45,4960
2,4961
5,4961
21,4961
2,4962
4,4962
41,4962
25,4965
4,4966
3,4967
20,4967
50,4968
58,4968
37,4969
5,4970
27,4971
47,4972
16,4976
43,4976
6,4978
1,4980
46,4980
2,4981
1,4982
19,4982
1,4983
32,4983
3,4984
18,4984
2,4985
22,4985
29,4985
38,4987
50,4987
4,4989
5,4990
2,4991
3,4991
4,4992
32,4994
53,4994
5,4995
1,4996
2,4997
31,4997
1,4998
35,4998
1,4999
34,4999
60,5001
2,5001
15,5001
2,5002
25,5002
8,5003
20,5007
59,5007
3,5008
4,5009
5,5010
29,5010
3,5011
5,5012
28,5012
4,5013
55,5013
17,5015
37,5015
16,5020
18,5020
55,5020
46,5021
49,5022
52,5022
8,5024
41,5025
29,5029
56,5029
28,5032
57,5032
60,5033
13,5034
18,5034
42,5035
45,5041
20,5044
45,5044
8,5047
31,5047
26,5048
3,5053
36,5053
4,5056
4,5058
28,5059
5,5060
3,5061
8,5061
32,5061
53,5062
5,5063
52,5063
30,5064
42,5064
15,5065
19,5069
28,5070
54,5074
48,5077
1,5080
34,5080
51,5081
1,5082
5,5083
2,5084
13,5084
2,5085
4,5085
38,5085
1,5086
2,5088
57,5088
20,5091
53,5091
33,5093
52,5094
59,5094
1,5097
10,5103
45,5104
32,5106
3,5107
44,5108
4,5110
10,5110
37,5110
12,5111
3,5112
5,5113
15,5113
4,5115
38,5117
5,5118
43,5118
45,5119
56,5120
24,5121
3,5123
4,5124
5,5126
58,5126
3,5127
53,5127
5,5128
4,5129
17,5133
1,5134
1,5137
2,5138
1,5139
1,5141
2,5142
9,5142
19,5142
31,5142
40,5142
2,5144
24,5145
44,5146
33,5147
53,5149
29,5153
13,5154
59,5157
1,5159
2,5161
30,5161
1,5163
2,5164
1,5165
2,5166
30,5166
1,5172
1,5175
2,5176
1,5178
19,5178
2,5179
18,5181
2,5182
3,5182
26,5183
27,5183
59,5184
48,5186
1,5187
50,5187
2,5188
1,5189
2,5190
45,5190
46,5190
25,5191
1,5192
2,5193
3,5193
11,5193
5,5194
4,5195
50,5196
3,5197
4,5198
5,5202
44,5203
15,5204
18,5206
3,5208
28,5208
34,5208
4,5209
4,5210
3,5212
5,5213
4,5214
5,5214
5,5217
3,5219
23,5219
4,5221
51,5222
33,5224
5,5225
3,5226
5,5227
6,5227
30,5227
4,5228
18,5229
22,5230
52,5230
47,5232
50,5232
48,5233
1,5239
18,5239
2,5240
38,5240
1,5242
2,5244
1,5245
3,5245
2,5246
4,5246
29,5246
57,5246
5,5247
31,5247
3,5248
4,5249
1,5250
5,5250
13,5251
23,5251
40,5253
9,5255
19,5255
26,5258
39,5258
50,5261
7,5263
24,5265
3,5269
4,5270
5,5273
9,5273
18,5273
57,5273
4,5274
3,5276
5,5280
31,5280
16,5281
29,5281
40,5283
59,5283
1,5284
9,5284
15,5284
1,5285
44,5287
2,5288
1,5291
12,5291
49,5291
2,5292
33,5292
2,5293
10,5293
3,5297
4,5298
11,5298
5,5299
32,5299
56,5299
4,5301
60,5302
29,5302
51,5302
5,5303
42,5304
58,5304
3,5305
25,5305
37,5308
50,5308
33,5310
47,5310
37,5311
13,5312
55,5312
37,5313
13,5314
55,5314
24,5316
3,5320
4,5321
12,5321
5,5323
4,5325
3,5326
5,5327
11,5328
15,5328
20,5331
19,5333
49,5333
7,5334
32,5335
50,5335
48,5336
1,5337
2,5338
53,5338
55,5338
1,5339
25,5339
34,5339
60,5340
2,5340
27,5340
1,5341
3,5341
26,5341
2,5342
2,5343
9,5343
4,5344
34,5344
4,5345
5,5347
15,5347
20,5348
5,5349
3,5350
36,5352
39,5352
22,5353
45,5354
1,5355
18,5355
1,5356
34,5357
2,5358
1,5359
18,5359
2,5360
2,5361
40,5361
16,5364
27,5367
47,5367
6,5368
10,5369
39,5369
33,5370
19,5371
23,5371
33,5371
53,5371
35,5372
14,5374
50,5374
53,5374
36,5376
59,5376
1,5377
2,5378
45,5379
1,5381
30,5381
1,5382
3,5382
2,5383
4,5384
4,5385
2,5386
5,5386
31,5386
5,5387
29,5387
42,5387
27,5388
3,5389
16,5390
46,5390
29,5391
35,5391
56,5391
7,5393
43,5395
28,5397
9,5398
50,5399
37,5401
41,5402
49,5402
42,5407
58,5407
44,5408
45,5413
38,5414
12,5415
31,5418
33,5420
3,5425
5,5426
15,5426
4,5427
5,5428
13,5428
20,5428
23,5428
26,5429
4,5431
3,5432
35,5435
53,5435
23,5436
39,5436
3,5437
4,5438
4,5439
3,5441
15,5442
5,5443
51,5443
5,5444
14,5444
27,5444
29,5444
15,5446
29,5448
22,5449
21,5450
40,5451
16,5453
52,5453
24,5455
39,5455
35,5456
26,5457
59,5457
3,5458
2,5459
24,5459
36,5459
4,5461
27,5461
4,5462
10,5462
5,5466
3,5468
16,5468
39,5468
47,5468
16,5469
5,5470
46,5470
33,5471
6,5472
36,5475
25,5477
12,5481
56,5483
50,5485
41,5488
51,5490
9,5491
35,5491
47,5494
42,5498
27,5499
15,5501
40,5501
3,5506
9,5506
39,5506
5,5507
30,5507
43,5507
5,5508
12,5509
53,5509
60,5511
4,5512
3,5513
16,5514
4,5516
21,5517
14,5518
31,5521
19,5524
49,5524
41,5525
7,5526
33,5526
7,5527
44,5527
16,5528
44,5529
40,5530
59,5531
29,5535
30,5535
15,5536
41,5536
26,5537
43,5540
11,5543
30,5543
18,5544
43,5545
38,5546
1,5549
2,5550
1,5552
52,5552
55,5552
2,5553
1,5554
2,5556
3,5556
31,5557
4,5559
44,5561
60,5562
4,5562
3,5563
5,5564
35,5564
55,5564
5,5565
48,5567
34,5574
32,5575
52,5575
18,5576
54,5577
26,5581
51,5581
16,5583
3,5587
1,5589
2,5590
1,5591
4,5591
24,5591
1,5592
4,5592
48,5592
2,5593
5,5593
2,5594
3,5596
5,5597
15,5600
3,5604
38,5604
4,5605
1,5606
2,5607
5,5607
22,5607
5,5608
27,5608
1,5609
2,5610
3,5610
1,5611
56,5611
4,5612
2,5613
15,5613
17,5613
6,5614
9,5614
60,5615
8,5617
42,5617
57,5617
3,5622
5,5623
4,5625
9,5626
29,5626
5,5627
1,5628
4,5628
1,5629
3,5629
54,5629
2,5630
2,5631
32,5631
1,5632
17,5632
2,5636
8,5637
24,5637
20,5639
43,5640
25,5641
27,5643
43,5644
42,5645
57,5645
41,5648
3,5649
4,5652
1,5653
16,5653
41,5653
1,5654
5,5654
2,5655
3,5655
1,5656
19,5656
2,5657
4,5657
2,5658
5,5659
30,5659
37,5659
21,5662
26,5671
50,5671
3,5674
27,5675
45,5675
51,5675
21,5676
43,5676
44,5676
1,5678
4,5678
1,5679
2,5682
2,5683
3,5683
1,5684
32,5684
60,5685
2,5685
5,5685
4,5686
52,5686
5,5687
7,5689
38,5689
20,5690
60,5694
9,5695
35,5695
56,5697
13,5698
40,5702
18,5703
12,5704
3,5705
4,5706
5,5707
49,5707
4,5708
5,5709
3,5710
45,5711
18,5713
31,5714
35,5714
47,5714
17,5716
41,5717
50,5718
6,5719
7,5719
15,5719
57,5722
54,5726
13,5734
13,5735
43,5735
16,5739
23,5739
47,5740
13,5743
8,5745
57,5746
3,5748
41,5748
4,5749
7,5750
16,5750
43,5750
5,5751
27,5751
4,5752
21,5752
1,5753
2,5754
5,5754
1,5755
58,5755
2,5756
3,5756
47,5756
1,5757
2,5758
52,5758
36,5759
50,5759
51,5759
1,5761
26,5761
17,5762
2,5763
51,5763
1,5765
2,5766
3,5766
4,5767
28,5767
33,5767
1,5768
2,5769
4,5769
11,5769
5,5770
3,5771
5,5772
36,5772
1,5775
3,5775
12,5775
1,5776
4,5777
2,5778
3,5778
40,5778
1,5779
5,5779
2,5780
5,5780
2,5781
4,5781
1,5784
17,5784
1,5785
11,5786
55,5786
22,5787
2,5788
1,5789
2,5790
2,5791
60,5792
36,5792
41,5792
3,5795
9,5795
22,5795
4,5797
5,5798
11,5798
32,5798
5,5799
37,5799
4,5800
49,5800
3,5801
4,5801
12,5801
38,5801
46,5802
3,5804
5,5805
40,5805
53,5805
4,5807
1,5808
5,5808
20,5808
6,5809
1,5810
42,5810
2,5811
3,5811
29,5811
60,5812
2,5812
4,5812
59,5814
1,5815
52,5815
2,5816
33,5816
25,5821
6,5822
28,5822
52,5824
3,5826
5,5827
4,5828
4,5829
57,5829
58,5830
3,5832
1,5833
20,5833
23,5833
5,5834
2,5835
4,5835
23,5835
1,5836
3,5836
1,5837
9,5837
43,5837
2,5838
2,5839
26,5839
56,5839
26,5840
3,5842
34,5842
36,5845
23,5846
1,5853
16,5853
2,5854
26,5855
60,5856
1,5856
43,5857
42,5858
2,5859
1,5860
2,5861
46,5861
36,5862
2,5863
49,5863
3,5864
38,5864
4,5865
5,5866
4,5867
28,5867
45,5867
53,5867
5,5868
3,5869
41,5869
37,5872
39,5873
3,5876
26,5876
5,5878
4,5879
4,5880
3,5881
49,5882
5,5883
10,5885
22,5889
28,5891
50,5892
54,5897
3,5898
4,5900
1,5902
14,5902
4,5903
2,5904
14,5904
1,5905
5,5905
1,5907
3,5907
9,5907
56,5907
2,5908
3,5908
19,5908
2,5909
5,5909
45,5910
41,5911
1,5913
10,5913
21,5913
1,5914
39,5914
40,5914
33,5915
40,5916
55,5916
2,5917
43,5917
2,5919
9,5919
24,5919
55,5919
1,5921
2,5922
11,5924
19,5925
38,5926
37,5928
3,5929
1,5930
5,5930
2,5931
4,5931
1,5932
3,5933
49,5933
4,5935
44,5935
2,5936
49,5936
22,5938
32,5938
5,5939
16,5939
1,5940
2,5941
4,5941
47,5943
1,5944
2,5945
49,5945
31,5946
1,5947
1,5948
2,5949
2,5950
30,5950
32,5950
1,5951
11,5951
24,5951
39,5952
48,5952
1,5953
38,5953
2,5954
7,5954
30,5954
25,5955
2,5956
43,5956
13,5957
32,5957
1,5959
2,5960
40,5963
60,5964
41,5965
32,5966
33,5966
32,5968
3,5969
4,5970
7,5970
5,5972
45,5972
5,5973
3,5975
4,5976
10,5976
10,5977
46,5977
14,5978
7,5984
16,5985
47,5986
3,5989
27,5989
5,5990
33,5990
15,5991
4,5992
59,5992
3,5993
4,5995
20,5998
5,6000
19,6001
30,6006
35,6006
56,6007
3,6008
11,6008
1,6009
5,6009
21,6009
4,6010
2,6011
30,6011
42,6011
4,6012
29,6012
1,6013
3,6013
1,6015
22,6015
2,6016
5,6016
23,6016
37,6016
51,6016
2,6017
12,6017
59,6017
3,6021
12,6022
4,6023
42,6023
5,6024
4,6025
53,6026
5,6027
43,6027
3,6028
22,6029
37,6029
38,6030
41,6030
1,6031
22,6034
2,6035
34,6035
47,6035
56,6035
1,6036
42,6036
2,6037
37,6038
1,6039
45,6039
2,6042
33,6044
39,6045
26,6046
12,6047
33,6047
25,6050
14,6051
44,6052
43,6056
3,6057
4,6058
41,6058
3,6059
57,6059
5,6060
27,6060
33,6060
59,6060
4,6062
14,6062
43,6062
5,6063
34,6065
56,6065
25,6067
39,6067
3,6069
4,6070
5,6071
3,6073
32,6074
35,6075
47,6077
4,6078
28,6078
32,6079
5,6080
50,6080
54,6080
14,6082
57,6082
12,6083
49,6083
3,6084
10,6084
18,6085
1,6086
32,6086
54,6086
2,6087
1,6090
5,6090
29,6090
4,6092
12,6092
5,6093
23,6093
2,6094
1,6095
2,6096
4,6096
3,6098
53,6100
6,6101
15,6101
1,6102
1,6103
42,6103
34,6105
2,6106
33,6107
2,6109
33,6109
1,6110
2,6111
6,6116
22,6116
53,6116
14,6119
56,6119
24,6120
29,6121
39,6121
9,6122
17,6123
49,6125
11,6128
16,6129
25,6129
23,6133
28,6134
12,6135
9,6136
28,6138
47,6138
50,6138
37,6148
9,6149
53,6150
32,6154
52,6155
49,6156
4,6157
16,6163
41,6164
44,6164
21,6165
36,6169
50,6170
17,6171
42,6172
60,6176
16,6178
6,6180
28,6180
57,6180
55,6186
56,6186
35,6187
40,6188
17,6189
21,6189
8,6191
59,6194
44,6195
31,6196
1,6197
34,6198
1,6199
2,6201
1,6202
2,6203
38,6204
2,6205
54,6206
42,6207
19,6209
17,6211
28,6217
3,6221
52,6221
30,6222
44,6222
4,6223
9,6223
57,6225
5,6226
40,6226
53,6226
5,6227
3,6228
42,6229
4,6230
7,6230
60,6231
14,6232
26,6232
40,6234
46,6236
26,6239
41,6246
49,6246
51,6246
31,6247
3,6248
23,6249
29,6252
51,6254
44,6257
24,6258
49,6258
58,6259
41,6260
19,6263
22,6266
44,6267
28,6268
52,6268
13,6272
56,6272
13,6274
3,6279
5,6280
5,6281
51,6281
39,6282
4,6284
10,6284
17,6284
4,6285
12,6285
51,6285
1,6286
3,6286
36,6287
2,6288
1,6289
30,6291
41,6291
15,6292
33,6292
36,6292
55,6292
2,6293
21,6294
31,6294
1,6296
2,6297
10,6297
1,6299
1,6301
2,6302
1,6303
45,6303
2,6304
2,6306
42,6306
3,6307
45,6308
26,6310
59,6314
38,6315
9,6316
60,6320
15,6320
46,6323
57,6325
29,6327
1,6328
2,6329
1,6330
2,6332
27,6332
1,6334
12,6334
22,6334
37,6334
9,6335
20,6335
45,6335
50,6335
2,6336
59,6336
13,6339
21,6339
15,6340
7,6341
26,6341
49,6341
13,6342
26,6343
29,6344
3,6347
56,6348
40,6349
4,6350
3,6351
52,6352
4,6353
5,6355
34,6356
47,6356
5,6357
9,6359
16,6360
58,6360
10,6362
33,6364
13,6365
31,6366
58,6368
46,6370
47,6370
36,6371
48,6371
3,6373
5,6374
27,6374
55,6374
4,6375
5,6376
15,6376
38,6377
3,6378
20,6378
48,6378
5,6379
31,6379
4,6380
17,6381
18,6381
35,6382
1,6384
2,6385
9,6386
43,6386
1,6387
22,6387
42,6387
52,6388
2,6389
1,6390
2,6391
24,6391
48,6391
3,6392
40,6392
4,6393
48,6393
5,6395
44,6395
4,6396
22,6397
30,6397
3,6398
39,6398
5,6399
12,6401
52,6403
1,6406
36,6406
2,6408
1,6409
1,6410
45,6411
2,6412
35,6412
52,6412
55,6412
22,6413
25,6413
37,6413
2,6414
42,6415
22,6417
25,6420
22,6421
28,6421
3,6422
38,6422
4,6423
60,6424
4,6424
5,6425
3,6426
35,6426
5,6427
32,6427
20,6430
15,6431
42,6431
57,6431
19,6435
44,6437
16,6439
14,6441
9,6443
43,6447
26,6449
55,6449
15,6451
41,6452
60,6453
48,6456
44,6457
54,6460
1,6461
1,6462
2,6463
9,6463
1,6464
54,6464
2,6466
51,6466
2,6467
3,6467
22,6467
48,6467
51,6467
31,6468
31,6469
43,6469
5,6472
4,6473
49,6473
5,6474
15,6475
3,6476
4,6478
30,6479
8,6483
21,6484
1,6487
28,6487
3,6489
51,6489
2,6490
4,6490
39,6490
1,6492
7,6492
1,6493
4,6493
5,6496
50,6496
53,6496
2,6497
5,6497
15,6497
56,6497
2,6498
3,6498
11,6499
42,6500
4,6503
7,6505
19,6507
44,6507
38,6508
55,6515
58,6515
45,6517
52,6517
20,6519
12,6524
12,6526
9,6529
28,6529
31,6531
29,6532
60,6534
56,6534
53,6535
47,6539
56,6539
49,6541
50,6541
57,6546
45,6549
47,6552
51,6556
2,6557
20,6558
27,6558
38,6561
25,6562
58,6562
27,6564
3,6565
5,6566
5,6567
42,6567
55,6567
4,6568
4,6569
43,6569
3,6570
27,6570
41,6570
3,6571
13,6571
5,6573
4,6574
3,6575
4,6575
7,6575
30,6575
5,6576
3,6577
19,6578
30,6578
3,6579
4,6580
1,6581
2,6582
5,6582
1,6583
1,6584
3,6584
10,6585
25,6585
4,6586
2,6587
11,6587
2,6588
5,6588
8,6588
7,6590
21,6590
35,6591
16,6595
37,6596
29,6597
43,6598
53,6598
45,6600
16,6604
28,6605
23,6608
60,6609
43,6609
28,6610
32,6611
10,6613
19,6614
48,6615
13,6620
30,6622
1,6623
40,6623
24,6625
2,6626
1,6627
2,6629
27,6629
45,6629
55,6629
1,6631
3,6632
4,6633
2,6635
3,6635
50,6636
4,6640
21,6641
40,6641
6,6642
56,6642
57,6642
5,6643
22,6643
5,6644
47,6644
50,6644
17,6646
49,6649
10,6650
16,6652
33,6655
34,6655
11,6656
56,6656
26,6658
18,6660
11,6661
45,6661
17,6666
32,6669
20,6671
46,6672
42,6674
42,6675
53,6676
16,6677
35,6677
41,6678
34,6679
17,6683
3,6684
19,6685
21,6685
5,6687
39,6687
4,6693
4,6694
43,6695
3,6696
5,6698
49,6698
44,6699
51,6699
3,6700
29,6700
52,6700
4,6701
3,6702
1,6704
5,6704
39,6704
1,6705
5,6705
1,6706
7,6706
2,6707
4,6707
2,6708
23,6708
1,6709
2,6710
39,6710
15,6711
37,6711
46,6711
32,6712
12,6715
22,6715
25,6716
37,6716
43,6720
33,6724
43,6725
50,6725
8,6727
3,6731
31,6732
5,6733
1,6735
4,6735
39,6735
2,6736
5,6736
59,6736
4,6737
24,6737
1,6739
41,6739
2,6740
1,6741
3,6741
2,6742
21,6742
56,6742
57,6743
20,6745
45,6746
1,6748
26,6748
49,6748
2,6749
35,6749
14,6750
1,6751
12,6752
29,6752
42,6754
1,6756
56,6756
2,6757
2,6758
3,6759
50,6759
4,6762
5,6763
49,6764
5,6765
3,6766
4,6767
20,6767
19,6769
57,6769
36,6771
1,6774
2,6775
8,6775
9,6775
1,6776
2,6777
1,6778
16,6778
22,6778
27,6778
35,6778
46,6778
13,6779
15,6779
2,6781
58,6781
49,6783
37,6785
1,6786
1,6787
21,6787
27,6788
40,6788
2,6790
1,6791
6,6792
2,6793
52,6793
34,6794
51,6794
56,6794
2,6796
60,6800
3,6800
14,6801
36,6801
38,6801
59,6801
1,6802
4,6802
2,6803
22,6803
1,6804
3,6805
32,6805
4,6806
26,6807
49,6807
1,6808
5,6808
33,6808
2,6809
5,6809
21,6809
47,6809
2,6811
22,6812
21,6814
34,6816
42,6817
31,6818
38,6818
47,6821
3,6824
47,6824
4,6827
27,6827
37,6827
51,6827
4,6828
3,6830
5,6831
3,6834
32,6834
5,6835
31,6836
55,6837
1,6839
49,6839
1,6840
36,6840
2,6841
1,6843
1,6845
32,6845
2,6847
18,6847
2,6848
25,6851
52,6851
43,6855
45,6855
21,6858
54,6858
58,6858
18,6859
45,6859
30,6862
40,6862
23,6866
44,6867
53,6868
8,6870
25,6870
42,6870
58,6871
53,6872
27,6874
43,6874
9,6877
53,6880
43,6882
52,6884
32,6886
1,6887
17,6892
30,6892
44,6893
20,6897
32,6901
42,6901
31,6902
16,6903
12,6912
16,6913
1,6915
1,6916
2,6917
2,6918
6,6918
7,6918
1,6919
2,6921
35,6928
57,6930
1,6934
1,6936
2,6937
20,6938
19,6940
24,6941
2,6944
58,6946
10,6947
1,6949
24,6949
51,6950
2,6951
37,6951
43,6953
28,6954
42,6959
1,6960
45,6960
2,6961
8,6961
1,6962
1,6963
2,6964
3,6965
2,6967
20,6967
4,6969
4,6970
21,6970
5,6973
3,6974
31,6974
59,6974
48,6978
5,6979
40,6981
16,6983
24,6984
25,6984
59,6985
3,6987
40,6987
1,6988
10,6988
4,6989
60,6990
1,6990
2,6991
3,6991
2,6992
5,6992
1,6993
4,6993
2,6994
5,6994
1,6995
38,6997
53,6998
25,6999
37,7002
39,7002
31,7006
27,7008
28,7008
30,7014
53,7014
8,7015
24,7017
30,7018
52,7020
3,7022
5,7023
22,7023
5,7024
30,7024
3,7025
25,7025
40,7025
4,7026
50,7027
55,7028
3,7029
19,7029
4,7030
24,7032
3,7035
4,7036
52,7036
5,7039
20,7039
51,7039
5,7040
4,7041
12,7042
29,7042
44,7042
3,7043
59,7043
54,7045
3,7046
33,7046
20,7047
1,7048
7,7048
4,7049
2,7051
3,7051
5,7053
40,7053
1,7054
5,7054
2,7055
49,7056
50,7056
1,7057
2,7058
4,7058
34,7058
23,7059
40,7059
1,7060
3,7060
8,7060
5,7061
33,7062
4,7063
14,7063
2,7064
3,7064
1,7065
1,7066
5,7066
2,7067
4,7067
2,7068
13,7069
36,7069
48,7071
19,7074
30,7076
3,7077
4,7078
1,7080
36,7080
40,7080
2,7081
3,7081
1,7082
46,7082
2,7084
4,7084
1,7085
5,7085
2,7086
5,7086
33,7087
7,7088
7,7089
51,7091
1,7092
21,7092
1,7093
2,7094
27,7094
34,7096
41,7096
2,7097
7,7099
1,7100
25,7100
38,7101
56,7103
2,7104
52,7106
40,7108
52,7109
14,7110
1,7112
18,7112
1,7113
2,7115
53,7117
2,7118
1,7119
40,7119
2,7120
17,7120
51,7121
42,7126
42,7128
9,7130
39,7132
43,7132
55,7132
21,7135
58,7135
1,7136
2,7137
1,7138
19,7142
35,7142
2,7144
1,7145
2,7146
27,7146
3,7148
17,7149
24,7149
5,7150
15,7150
4,7151
17,7151
43,7151
3,7152
26,7152
42,7153
4,7154
5,7157
21,7160
37,7160
47,7161
53,7162
50,7163
51,7164
21,7165
48,7167
44,7169
27,7170
20,7171
44,7172
59,7173
6,7174
15,7174
17,7174
57,7174
15,7176
18,7176
3,7177
1,7178
2,7179
6,7179
26,7179
28,7180
1,7181
41,7181
47,7181
56,7181
8,7183
2,7184
47,7184
55,7184
1,7185
21,7186
33,7187
56,7187
15,7189
22,7189
48,7189
2,7190
28,7194
32,7194
43,7196
43,7197
56,7198
58,7201
38,7202
44,7202
37,7203
36,7207
50,7207
48,7210
52,7210
42,7212
1,7213
3,7215
13,7215
4,7217
31,7217
1,7218
5,7218
5,7219
26,7219
2,7220
2,7221
4,7221
19,7221
1,7222
3,7222
2,7223
3,7223
27,7223
8,7224
4,7225
7,7225
17,7225
59,7225
5,7226
43,7226
49,7226
53,7226
5,7227
15,7227
4,7228
3,7230
17,7232
29,7233
33,7237
35,7237
17,7238
17,7239
31,7241
26,7244
1,7245
1,7247
23,7247
2,7248
54,7251
2,7255
57,7255
1,7256
2,7257
26,7258
20,7261
42,7261
37,7262
52,7262
1,7263
23,7263
60,7264
1,7264
34,7264
2,7266
13,7267
16,7267
3,7269
34,7269
2,7270
1,7272
45,7272
2,7273
31,7275
27,7276
30,7276
56,7276
11,7284
59,7284
50,7285
31,7287
38,7289
36,7290
45,7290
3,7291
4,7293
55,7293
3,7294
4,7295
5,7297
1,7298
5,7299
1,7300
2,7301
29,7302
3,7303
23,7303
1,7304
5,7304
2,7305
4,7305
5,7306
2,7307
3,7308
17,7308
4,7312
38,7312
30,7313
30,7317
6,7319
23,7322
56,7325
46,7331
23,7332
17,7334
3,7339
4,7340
1,7341
4,7341
3,7342
5,7343
5,7344
29,7344
35,7344
6,7346
48,7348
15,7349
26,7349
27,7349
40,7349
1,7350
2,7351
49,7351
1,7352
2,7353
38,7354
1,7355
56,7355
9,7356
13,7356
24,7356
2,7357
3,7357
3,7358
5,7359
17,7359
50,7359
54,7359
5,7361
4,7362
4,7363
34,7363
3,7364
3,7365
57,7365
30,7366
43,7366
45,7366
33,7367
4,7368
3,7369
48,7369
1,7370
5,7370
2,7371
5,7371
4,7372
1,7373
1,7374
2,7375
2,7376
42,7376
26,7377
35,7377
3,7379
21,7379
40,7379
4,7380
45,7380
49,7380
4,7383
5,7384
12,7384
1,7385
3,7385
13,7386
2,7387
1,7388
5,7388
43,7388
2,7389
7,7390
1,7391
2,7393
43,7394
48,7395
12,7396
16,7400
60,7402
19,7402
58,7404
24,7406
9,7407
46,7408
30,7411
42,7412
21,7414
11,7415
36,7415
3,7416
4,7417
7,7418
38,7418
41,7418
5,7419
1,7420
2,7421
3,7421
1,7422
4,7422
39,7422
5,7423
2,7424
1,7425
35,7425
48,7426
2,7427
22,7428
19,7429
1,7430
20,7430
29,7432
49,7432
40,7434
2,7435
46,7435
56,7437
1,7438
8,7438
2,7440
1,7441
2,7443
13,7444
39,7448
12,7450
3,7456
4,7457
5,7458
32,7458
30,7459
5,7461
9,7461
38,7461
4,7462
3,7463
1,7465
3,7465
59,7465
5,7466
4,7467
16,7467
27,7467
3,7468
35,7468
4,7469
16,7470
47,7470
1,7471
5,7471
3,7472
32,7472
2,7473
51,7475
2,7476
4,7476
3,7477
38,7477
1,7478
5,7478
43,7478
2,7479
4,7479
4,7480
6,7481
51,7481
5,7482
19,7485
30,7486
49,7486
3,7488
38,7488
41,7488
5,7489
4,7491
44,7491
1,7492
3,7492
4,7493
33,7493
1,7494
42,7494
49,7494
2,7495
1,7496
12,7496
2,7497
5,7497
28,7497
50,7497
2,7498
3,7499
58,7500
52,7501
4,7502
41,7503
5,7505
40,7506
3,7507
5,7507
8,7507
4,7508
23,7508
58,7508
60,7509
5,7509
37,7510
11,7511
29,7512
11,7513
24,7514
36,7515
15,7516
17,7520
19,7521
56,7522
18,7524
3,7525
54,7525
4,7526
39,7527
5,7528
16,7529
4,7531
5,7532
59,7532
3,7533
25,7535
27,7535
1,7537
1,7540
30,7541
27,7542
2,7543
1,7544
26,7545
2,7546
2,7547
1,7548
13,7548
1,7549
60,7550
49,7550
2,7551
2,7552
1,7555
8,7555
35,7555
2,7556
28,7561
42,7562
11,7567
53,7567
3,7568
16,7570
5,7571
12,7571
44,7572
4,7573
5,7574
4,7575
33,7575
36,7575
1,7576
55,7576
1,7577
3,7577
45,7577
2,7578
1,7579
44,7579
2,7580
37,7582
39,7582
2,7583
60,7584
56,7585
54,7587
1,7589
3,7589
5,7590
14,7590
2,7591
10,7591
23,7591
1,7592
4,7592
10,7592
25,7593
1,7594
4,7594
32,7594
52,7594
2,7595
51,7596
2,7597
5,7599
19,7599
40,7599
36,7600
46,7600
3,7601
10,7602
1,7604
2,7605
43,7605
1,7607
22,7608
58,7608
2,7609
31,7609
1,7610
2,7611
40,7612
42,7612
1,7615
44,7615
2,7616
1,7620
43,7620
1,7622
27,7624
11,7625
2,7627
2,7628
12,7629
35,7630
51,7630
1,7632
41,7632
59,7632
2,7634
1,7635
2,7636
1,7637
2,7638
35,7639
42,7639
20,7642
30,7642
37,7646
38,7646
1,7651
42,7651
1,7653
19,7653
25,7653
2,7654
3,7655
2,7656
4,7656
1,7657
4,7657
2,7658
20,7658
3,7659
49,7659
19,7661
5,7662
5,7663
44,7663
40,7664
42,7664
41,7665
48,7665
1,7667
48,7667
1,7668
12,7668
2,7670
1,7671
2,7674
13,7674
2,7676
45,7676
24,7682
32,7683
31,7686
39,7687
16,7690
12,7691
27,7691
28,7691
41,7695
43,7696
37,7699
1,7700
36,7700
53,7701
2,7702
1,7703
1,7704
2,7705
2,7706
19,7706
38,7707
13,7712
14,7715
22,7715
6,7716
51,7719
16,7723
3,7727
10,7727
5,7729
32,7729
5,7732
7,7732
4,7733
52,7733
55,7733
4,7734
3,7735
20,7735
3,7736
48,7736
4,7737
3,7738
8,7738
5,7739
60,7740
5,7740
16,7740
24,7740
4,7741
21,7743
59,7745
20,7746
34,7747
9,7748
3,7754
4,7755
3,7756
5,7757
40,7757
5,7758
4,7759
16,7760
56,7761
52,7764
12,7765
21,7765
3,7766
50,7766
5,7767
6,7767
5,7768
10,7768
12,7768
4,7769
21,7769
4,7770
52,7770
57,7771
3,7772
15,7772
25,7773
10,7777
38,7777
59,7777
59,7778
20,7780
33,7782
48,7783
29,7784
43,7787
12,7790
41,7790
19,7793
39,7793
3,7794
20,7794
33,7794
4,7795
4,7796
47,7796
5,7797
3,7798
5,7799
3,7800
11,7801
36,7802
4,7803
4,7805
1,7806
34,7806
5,7807
11,7807
35,7807
2,7808
39,7808
44,7808
1,7809
26,7809
2,7811
1,7812
5,7812
20,7812
2,7813
3,7813
60,7814
53,7817
39,7820
42,7825
46,7825
47,7828
16,7830
35,7830
3,7832
19,7832
55,7832
5,7835
48,7835
4,7838
5,7839
3,7840
7,7840
4,7841
1,7843
2,7844
58,7845
1,7846
9,7846
2,7847
22,7847
39,7847
1,7848
2,7849
24,7850
46,7851
58,7853
10,7854
8,7855
3,7856
26,7856
39,7856
4,7857
47,7857
4,7858
35,7858
3,7859
5,7860
5,7861
3,7862
5,7863
4,7864
5,7865
3,7866
28,7866
38,7866
4,7868
24,7869
52,7869
3,7870
51,7870
4,7873
60,7876
3,7876
56,7876
4,7878
5,7879
5,7880
16,7880
44,7882
40,7883
48,7884
31,7885
28,7889
58,7891
1,7892
43,7892
2,7893
30,7893
43,7893
1,7894
2,7894
1,7895
2,7897
15,7897
2,7898
20,7898
36,7899
38,7899
9,7900
33,7900
3,7901
38,7901
4,7902
26,7902
5,7903
20,7903
37,7903
5,7904
4,7905
25,7905
57,7905
3,7906
15,7908
3,7913
31,7913
4,7916
3,7917
34,7918
37,7919
4,7920
12,7920
25,7921
34,7921
23,7922
38,7922
53,7922
5,7923
50,7923
5,7924
9,7924
39,7924
3,7925
13,7925
4,7926
23,7926
56,7926
4,7927
5,7929
48,7929
3,7932
49,7933
5,7934
2,7935
9,7935
45,7939
8,7943
16,7945
58,7945
2,7948
43,7949
26,7951
24,7953
34,7954
10,7955
8,7956
13,7957
21,7957
56,7957
55,7958
1,7959
2,7960
19,7962
1,7963
51,7963
2,7965
11,7965
38,7966
1,7968
2,7969
3,7969
14,7971
42,7971
48,7971
11,7973
1,7975
21,7975
1,7976
35,7976
16,7977
53,7978
2,7979
28,7979
2,7981
1,7983
12,7984
58,7984
2,7985
3,7987
31,7988
4,7989
43,7993
28,7995
5,7996
10,7999
16,7999
1,8001
3,8001
2,8002
4,8002
1,8003
5,8003
23,8003
14,8005
3,8009
27,8009
28,8010
5,8011
2,8012
1,8013
2,8015
9,8015
4,8016
3,8019
1,8021
4,8021
45,8021
51,8021
5,8022
2,8023
1,8026
1,8027
2,8028
3,8029
2,8031
45,8031
46,8031
48,8031
5,8032
4,8033
54,8033
4,8034
3,8035
48,8036
22,8037
5,8038
49,8038
49,8039
1,8040
6,8040
57,8040
2,8041
1,8042
1,8043
23,8044
59,8044
2,8045
15,8045
41,8046
58,8046
7,8047
9,8047
54,8047
2,8048
1,8049
17,8049
33,8051
1,8052
2,8053
49,8053
2,8054
1,8055
36,8058
2,8059
34,8059
3,8060
34,8060
4,8062
8,8062
11,8062
3,8063
53,8063
57,8063
5,8065
1,8066
4,8066
1,8067
5,8067
2,8068
18,8068
30,8070
2,8071
1,8072
2,8073
15,8074
37,8079
3,8080
5,8081
37,8081
41,8082
5,8083
8,8083
4,8084
40,8084
3,8085
33,8085
4,8087
21,8089
46,8089
29,8091
20,8092
9,8093
18,8093
32,8093
6,8097
7,8097
43,8097
44,8101
17,8102
38,8103
30,8107
12,8108
27,8109
38,8109
57,8110
19,8113
37,8113
8,8114
33,8115
55,8117
17,8118
5,8120
26,8120
17,8125
48,8126
16,8131
3,8134
4,8135
3,8138
4,8139
5,8140
7,8140
5,8142
39,8144
13,8146
31,8146
21,8147
52,8147
36,8148
41,8149
14,8153
56,8156
12,8157
50,8160
46,8163
20,8166
51,8168
15,8169
31,8172
40,8173
26,8174
53,8175
54,8176
8,8177
31,8181
6,8182
36,8182
49,8182
48,8187
49,8187
46,8188
59,8189
25,8191
1,8195
23,8196
1,8197
21,8197
3,8198
2,8199
2,8201
1,8202
4,8202
5,8203
56,8203
4,8204
5,8205
51,8205
2,8206
3,8206
11,8207
52,8208
1,8209
36,8209
1,8210
39,8210
2,8211
2,8212
21,8213
1,8214
2,8215
3,8215
4,8217
5,8218
4,8219
5,8220
3,8221
41,8221
32,8225
39,8225
40,8227
54,8227
7,8229
43,8232
31,8234
23,8238
50,8239
6,8240
8,8240
56,8240
52,8241
22,8242
52,8244
41,8246
6,8251
38,8251
3,8252
5,8253
10,8254
4,8255
4,8256
5,8257
33,8258
35,8258
36,8258
3,8259
2,8261
27,8261
43,8264
23,8265
45,8265
21,8266
60,8267
49,8267
26,8268
57,8268
31,8269
37,8269
59,8269
41,8270
56,8271
1,8273
2,8274
53,8276
1,8277
17,8277
51,8277
2,8279
1,8280
7,8280
59,8280
2,8281
35,8281
44,8282
16,8285
17,8289
48,8289
56,8291
49,8292
43,8297
10,8299
24,8301
54,8303
20,8305
58,8305
47,8306
58,8307
3,8310
16,8311
4,8312
4,8313
5,8314
34,8314
57,8314
3,8315
40,8315
49,8315
5,8316
58,8316
25,8318
27,8318
1,8324
17,8324
3,8326
37,8327
2,8328
5,8328
4,8329
1,8330
4,8330
45,8330
52,8330
1,8331
41,8331
2,8332
3,8332
13,8332
57,8332
5,8333
2,8334
24,8337
45,8337
59,8341
20,8342
35,8345
14,8346
1,8350
1,8352
29,8352
2,8353
47,8354
2,8355
3,8355
44,8355
2,8356
4,8356
1,8357
5,8357
10,8357
29,8357
2,8358
4,8360
5,8361
3,8364
52,8364
24,8365
3,8367
20,8367
4,8369
1,8370
4,8371
5,8372
10,8374
36,8374
3,8375
1,8376
5,8376
2,8377
57,8379
1,8380
19,8381
2,8384
2,8385
3,8386
4,8387
15,8387
5,8389
31,8389
4,8390
1,8391
3,8391
60,8392
2,8392
5,8392
53,8392
22,8393
16,8394
1,8395
1,8398
36,8398
2,8399
17,8399
34,8400
48,8400
50,8400
56,8400
2,8401
28,8404
41,8404
57,8405
31,8409
8,8411
51,8411
1,8412
2,8414
37,8415
1,8417
2,8418
1,8419
35,8419
54,8419
2,8421
1,8423
1,8424
2,8425
2,8427
1,8428
16,8431
21,8431
2,8433
27,8434
41,8434
46,8435
7,8439
54,8439
7,8440
50,8440
1,8445
7,8446
44,8446
1,8447
58,8447
2,8448
46,8448
56,8448
1,8450
18,8451
25,8451
32,8451
48,8451
42,8452
56,8452
2,8453
53,8453
27,8455
54,8455
47,8457
45,8458
2,8459
39,8459
3,8460
4,8461
30,8461
3,8462
5,8463
5,8465
4,8468
22,8468
35,8468
36,8469
55,8469
13,8470
48,8472
53,8476
42,8479
53,8479
15,8480
50,8480
9,8483
38,8486
38,8487
41,8489
53,8489
57,8492
11,8494
38,8497
28,8498
16,8499
6,8502
24,8502
32,8505
18,8506
8,8510
20,8513
56,8513
13,8516
3,8519
6,8520
4,8521
43,8521
4,8522
45,8522
39,8523
5,8524
3,8525
5,8526
40,8529
59,8529
19,8530
30,8533
13,8534
32,8539
44,8539
50,8540
54,8540
12,8541
25,8542
47,8544
4,8545
9,8545
14,8546
58,8546
31,8547
40,8551
3,8553
5,8555
5,8556
7,8556
22,8556
25,8556
36,8556
4,8557
35,8557
3,8558
4,8559
22,8561
23,8565
31,8565
20,8566
28,8567
42,8571
41,8573
44,8575
22,8580
3,8582
1,8583
4,8583
43,8583
2,8584
5,8584
28,8584
35,8584
46,8584
59,8584
4,8585
1,8586
3,8586
1,8587
5,8587
2,8589
2,8590
1,8592
14,8592
1,8593
6,8593
2,8594
2,8596
18,8596
1,8597
57,8597
5,8598
8,8598
2,8599
41,8600
41,8603
23,8607
59,8607
8,8608
3,8609
60,8610
5,8611
60,8612
46,8612
56,8614
4,8616
38,8616
4,8618
22,8618
2,8619
3,8619
1,8620
5,8620
53,8620
56,8620
1,8621
24,8621
2,8622
54,8622
2,8623
56,8624
1,8626
2,8627
23,8627
1,8628
33,8628
55,8628
2,8629
1,8630
43,8630
2,8631
1,8632
17,8632
2,8633
44,8633
45,8634
24,8637
58,8637
59,8638
13,8639
16,8639
13,8645
35,8648
43,8648
31,8650
1,8652
8,8652
1,8653
2,8654
1,8656
41,8658
2,8659
11,8659
30,8660
52,8660
2,8661
39,8664
3,8665
5,8667
7,8667
32,8667
60,8668
4,8668
32,8668
5,8669
58,8669
38,8670
4,8672
24,8673
3,8674
40,8679
52,8680
26,8682
37,8682
1,8686
1,8688
2,8690
26,8691
53,8692
2,8693
1,8695
9,8695
2,8696
51,8696
12,8698
25,8698
35,8698
25,8701
3,8702
49,8704
5,8705
39,8706
1,8708
21,8708
1,8709
2,8711
4,8711
25,8711
36,8711
2,8713
5,8713
32,8713
1,8714
3,8714
4,8715
34,8715
2,8716
1,8720
29,8720
44,8720
2,8722
35,8722
1,8723
35,8723
1,8724
30,8725
40,8725
2,8726
30,8726
2,8727
5,8727
33,8727
50,8727
20,8728
51,8728
1,8729
7,8732
1,8734
2,8735
2,8736
1,8737
2,8738
39,8739
43,8742
35,8746
3,8751
4,8753
11,8753
3,8756
5,8758
17,8758
4,8759
19,8759
5,8761
27,8761
47,8761
10,8766
43,8766
10,8767
12,8771
57,8773
20,8776
57,8779
10,8783
22,8784
17,8786
18,8787
21,8787
53,8787
46,8788
16,8791
45,8791
15,8793
51,8793
9,8796
35,8797
16,8799
25,8801
31,8801
39,8802
13,8804
41,8804
56,8804
16,8805
14,8806
27,8808
8,8810
1,8812
2,8813
43,8814
35,8817
17,8819
1,8821
38,8821
13,8822
1,8823
56,8824
2,8827
2,8829
26,8829
51,8829
3,8830
39,8830
4,8831
4,8832
5,8833
17,8833
42,8833
3,8836
35,8837
5,8838
49,8839
3,8840
4,8841
5,8842
5,8843
10,8843
48,8843
21,8844
26,8846
15,8847
7,8848
40,8848
49,8848
3,8850
4,8852
3,8854
5,8855
5,8856
4,8857
24,8857
4,8858
26,8859
3,8861
1,8864
55,8865
1,8866
2,8870
2,8872
28,8872
1,8873
27,8873
2,8874
48,8875
49,8876
37,8878
32,8879
27,8880
24,8881
55,8882
1,8884
1,8885
2,8887
14,8887
20,8887
1,8888
2,8889
2,8890
14,8892
12,8893
29,8894
45,8894
6,8895
29,8895
16,8900
52,8900
51,8903
28,8905
1,8909
1,8910
20,8911
2,8912
13,8912
24,8912
41,8912
42,8912
2,8913
40,8915
1,8920
2,8921
3,8921
6,8921
59,8921
4,8922
5,8923
5,8924
42,8924
5,8925
3,8926
4,8928
18,8928
3,8930
24,8930
39,8931
4,8932
4,8935
22,8935
5,8936
27,8936
3,8937
4,8939
35,8940
16,8941
5,8942
7,8942
46,8944
18,8945
40,8945
50,8945
8,8946
1,8947
35,8948
57,8948
8,8949
1,8951
47,8952
2,8954
3,8954
1,8955
17,8956
55,8956
2,8957
4,8957
16,8957
2,8958
4,8958
38,8958
5,8960
51,8960
5,8962
25,8963
27,8964
57,8964
59,8964
35,8965
3,8966
31,8968
57,8970
1,8971
2,8973
1,8974
1,8975
2,8976
3,8976
25,8976
39,8976
44,8976
49,8976
2,8978
4,8978
5,8981
8,8982
45,8983
3,8984
59,8985
5,8986
12,8987
59,8987
4,8988
25,8991
49,8991
20,8992
41,8995
13,8996
46,8996
12,9007
47,9007
26,9010
57,9014
11,9015
12,9015
32,9015
19,9016
55,9016
52,9017
3,9018
4,9019
5,9020
4,9022
5,9023
59,9026
21,9027
3,9029
16,9029
24,9029
26,9029
11,9030
58,9030
10,9032
25,9032
35,9032
26,9036
41,9039
22,9043
25,9043
31,9043
31,9045
50,9045
7,9047
30,9047
22,9051
24,9054
24,9055
32,9055
42,9059
24,9060
53,9062
3,9063
46,9065
57,9065
20,9066
53,9066
5,9067
4,9068
5,9069
18,9069
1,9070
3,9070
28,9070
4,9071
26,9071
34,9071
1,9072
3,9072
36,9072
2,9073
1,9074
38,9074
2,9075
4,9075
42,9076
49,9076
2,9077
3,9077
58,9077
4,9078
5,9080
5,9082
42,9085
3,9086
6,9086
4,9087
4,9088
5,9089
33,9089
5,9090
20,9090
3,9091
18,9092
55,9093
14,9094
36,9095
3,9099
5,9100
24,9100
4,9102
48,9102
5,9103
4,9104
3,9105
7,9105
58,9105
1,9106
22,9106
39,9106
2,9107
38,9108
1,9109
36,9109
6,9110
35,9110
2,9111
1,9112
3,9114
54,9114
2,9115
4,9115
1,9116
5,9116
1,9117
3,9117
5,9118
51,9118
2,9119
4,9119
1,9120
2,9121
9,9121
2,9123
1,9125
8,9125
30,9125
2,9127
1,9128
2,9130
1,9131
6,9131
2,9133
52,9136
3,9138
4,9140
1,9141
5,9141
2,9142
4,9142
1,9143
2,9144
40,9144
1,9145
5,9145
2,9146
3,9146
10,9147
31,9147
3,9149
5,9150
16,9150
60,9151
4,9151
3,9153
16,9153
4,9154
7,9156
5,9157
30,9158
35,9159
12,9162
20,9168
41,9168
58,9172
29,9176
54,9176
34,9177
12,9181
30,9184
12,9188
55,9191
52,9192
23,9193
48,9193
52,9193
53,9196
37,9198
52,9199
27,9203
32,9206
48,9208
28,9216
1,9222
57,9222
1,9223
2,9224
27,9224
42,9224
2,9226
41,9227
10,9229
1,9230
2,9231
51,9235
21,9237
26,9237
9,9238
40,9238
3,9240
5,9241
5,9242
4,9244
3,9245
34,9245
4,9246
26,9247
27,9254
38,9254
45,9254
60,9255
39,9257
52,9257
3,9258
4,9259
60,9260
1,9260
3,9260
25,9260
1,9261
5,9261
5,9263
2,9264
4,9264
1,9265
2,9266
3,9266
2,9267
4,9267
5,9269
25,9269
3,9270
5,9271
25,9271
42,9273
56,9273
4,9276
7,9276
1,9277
58,9277
2,9278
1,9279
9,9279
42,9280
20,9281
58,9281
2,9282
18,9285
40,9285
46,9285
1,9287
2,9289
45,9289
15,9294
1,9296
32,9296
45,9297
48,9298
46,9300
12,9301
41,9304
18,9305
16,9306
30,9311
50,9312
44,9317
1,9318
37,9318
2,9319
15,9319
32,9320
1,9322
32,9322
1,9323
8,9323
39,9323
2,9324
53,9324
2,9325
55,9325
39,9326
52,9326
1,9328
31,9329
1,9331
9,9332
3,9333
2,9334
23,9334
46,9334
1,9335
4,9335
2,9336
14,9336
4,9337
23,9337
29,9337
2,9338
5,9338
3,9339
5,9341
51,9341
34,9342
29,9343
37,9344
44,9344
33,9346
16,9348
19,9349
40,9350
57,9350
24,9351
57,9353
46,9356
48,9356
45,9359
1,9360
39,9360
1,9362
2,9364
45,9364
1,9365
21,9365
2,9366
2,9367
6,9367
19,9368
3,9369
21,9369
1,9370
4,9370
2,9371
4,9371
10,9371
13,9371
32,9371
1,9372
5,9372
56,9372
1,9373
3,9373
53,9373
2,9374
46,9374
5,9375
10,9375
46,9375
2,9376
58,9376
17,9377
8,9380
1,9384
14,9384
26,9384
1,9387
2,9388
14,9388
2,9390
15,9390
35,9390
50,9390
1,9391
2,9393
24,9399
9,9401
17,9405
44,9406
23,9411
20,9412
32,9412
37,9412
50,9412
38,9413
51,9413
10,9414
19,9415
29,9416
10,9417
39,9417
31,9419
57,9420
58,9420
33,9422
60,9423
33,9424
1,9425
3,9425
8,9425
5,9427
13,9427
43,9428
4,9431
24,9431
3,9432
5,9434
4,9435
11,9435
14,9437
24,9439
47,9439
58,9439
14,9444
48,9450
46,9453
3,9455
45,9455
54,9455
30,9459
52,9460
15,9461
51,9461
52,9461
57,9461
17,9465
32,9465
35,9466
28,9468
8,9469
13,9471
14,9471
30,9473
49,9475
20,9476
15,9477
54,9478
51,9481
26,9482
27,9482
26,9484
27,9484
33,9485
11,9488
30,9489
53,9490
31,9491
47,9491
1,9494
5,9495
1,9498
50,9500
2,9501
15,9501
27,9501
2,9502
1,9504
33,9504
2,9505
44,9507
24,9508
40,9509
45,9513
44,9518
48,9518
30,9522
35,9522
17,9523
38,9523
47,9523
48,9523
15,9524
47,9526
31,9527
33,9527
1,9529
34,9529
2,9531
1,9532
1,9534
57,9534
58,9534
2,9535
34,9535
2,9536
52,9536
21,9543
28,9543
51,9544
57,9544
16,9545
52,9545
53,9546
47,9548
40,9549
1,9550
1,9552
2,9553
2,9554
7,9555
1,9556
29,9556
34,9557
2,9558
35,9558
37,9558
41,9558
29,9559
49,9561
53,9561
12,9568
23,9570
58,9572
34,9574
17,9576
10,9577
51,9580
44,9582
3,9583
47,9584
5,9585
5,9586
8,9586
34,9587
4,9588
59,9589
50,9590
4,9591
50,9591
5,9592
3,9593
23,9594
29,9594
50,9594
31,9595
50,9595
16,9596
46,9596
57,9597
45,9598
39,9603
50,9603
56,9605
19,9606
33,9606
59,9607
15,9616
13,9617
3,9619
1,9620
5,9621
4,9622
1,9623
45,9623
4,9624
2,9625
5,9625
2,9626
5,9626
3,9627
55,9628
1,9629
2,9631
10,9631
35,9637
28,9638
40,9640
41,9641
43,9642
28,9645
53,9645
52,9647
11,9648
46,9650
7,9654
41,9654
27,9656
19,9657
1,9658
2,9659
1,9660
1,9662
45,9662
2,9664
3,9664
7,9664
4,9665
2,9666
4,9666
5,9667
42,9667
5,9669
55,9670
3,9671
33,9673
59,9677
7,9679
40,9681
39,9683
57,9683
15,9687
1,9688
27,9688
13,9689
33,9689
26,9690
52,9690
1,9691
47,9691
38,9693
3,9694
53,9694
2,9695
4,9695
5,9695
1,9696
56,9696
2,9697
5,9697
58,9697
2,9698
4,9698
8,9698
46,9698
41,9700
5,9701
3,9702
8,9702
49,9702
13,9703
25,9705
50,9707
3,9708
5,9709
37,9709
55,9710
4,9711
59,9712
4,9713
5,9714
26,9714
55,9714
3,9715
3,9719
4,9720
8,9720
45,9720
5,9721
24,9722
4,9724
16,9725
13,9726
31,9726
44,9727
47,9728
22,9729
47,9729
9,9730
35,9730
48,9730
3,9731
6,9731
5,9732
28,9732
60,9733
21,9735
60,9738
45,9738
60,9739
19,9740
31,9741
53,9742
25,9743
27,9743
51,9743
7,9745
46,9748
10,9750
31,9750
15,9751
3,9753
9,9753
4,9754
60,9755
4,9755
29,9755
34,9755
41,9755
9,9756
5,9757
10,9757
3,9758
15,9758
36,9758
5,9759
23,9759
41,9761
50,9764
41,9765
17,9767
49,9768
37,9770
16,9771
22,9774
45,9775
5,9779
35,9780
3,9781
34,9782
5,9783
23,9783
5,9784
4,9785
1,9786
3,9786
2,9787
4,9788
1,9789
3,9789
2,9790
20,9790
1,9791
18,9791
2,9793
4,9793
35,9793
5,9795
26,9796
5,9797
4,9798
3,9801
1,9802
1,9804
2,9805
6,9805
46,9806
50,9806
1,9808
43,9810
33,9812
2,9814
2,9815
40,9815
52,9815
58,9815
3,9816
6,9817
4,9818
5,9819
16,9819
59,9819
28,9820
30,9820
4,9821
35,9821
15,9822
3,9823
5,9824
27,9825
33,9826
46,9826
18,9828
32,9832
34,9832
12,9836
38,9836
16,9839
32,9839
9,9840
24,9840
32,9840
1,9841
16,9842
1,9843
18,9845
2,9846
16,9846
2,9847
1,9848
2,9849
60,9853
18,9854
11,9857
15,9859
32,9860
48,9861
55,9861
5,9862
3,9864
4,9865
9,9865
42,9865
3,9866
4,9867
47,9867
5,9868
35,9868
36,9868
5,9869
13,9870
45,9871
17,9875
41,9880
12,9881
46,9881
1,9882
15,9882
1,9883
2,9884
1,9885
12,9886
13,9886
2,9888
2,9889
25,9890
47,9890
49,9890
2,9891
10,9893
47,9897
44,9899
45,9901
1,9903
43,9904
3,9905
5,9906
7,9906
5,9907
4,9908
2,9909
3,9909
1,9910
14,9910
1,9911
4,9911
51,9911
2,9912
24,9912
47,9912
2,9913
2,9914
29,9917
40,9917
59,9917
21,9918
42,9922
1,9926
36,9926
2,9927
1,9928
6,9928
24,9928
2,9929
27,9929
1,9930
2,9931
16,9932
13,9933
46,9935
20,9936
57,9937
59,9937
60,9940
6,9943
11,9943
43,9943
22,9944
29,9945
18,9946
2,9947
57,9947
43,9948
33,9950
36,9950
25,9951
6,9952
34,9952
44,9955
25,9956
34,9957
25,9960
28,9961
14,9962
46,9962
54,9964
20,9968
48,9968
14,9970
49,9970
16,9971
48,9971
58,9974
30,9979
11,9980
58,9980
19,9982
1,9983
1,9985
2,9986
13,9986
38,9986
1,9988
30,9988
39,9988
2,9989
2,9990
3,9991
26,9992
30,9992
4,9993
4,9994
5,9995
5,9996
38,9996
48,9997
3,9998
