32,2
27,3
17,4
58,4
3,8
4,9
19,9
4,10
5,11
5,13
45,13
30,15
57,15
3,16
27,18
60,22
11,22
23,28
44,33
39,37
13,39
30,39
8,41
39,43
3,47
15,49
4,50
5,51
20,54
4,55
5,60
3,62
3,64
25,65
31,66
38,67
5,69
39,69
27,70
49,70
4,71
20,71
34,71
5,74
50,75
16,76
29,76
4,77
3,79
8,83
36,83
33,84
51,87
40,92
46,93
22,98
11,100
48,101
46,102
54,103
42,105
1,107
16,107
34,107
27,108
44,108
23,112
20,114
58,115
25,116
43,117
38,119
47,121
19,122
6,126
40,126
33,133
39,133
33,138
41,139
53,141
35,142
20,143
60,144
32,145
3,147
51,149
4,150
5,152
4,153
45,153
48,153
5,155
32,155
3,156
29,159
7,161
50,165
3,166
11,167
56,167
4,168
5,169
15,169
5,170
3,171
27,171
29,172
40,172
1,174
4,175
2,177
25,177
44,178
20,179
1,180
2,182
1,184
10,186
2,188
24,192
32,195
18,197
19,199
7,200
14,200
12,202
43,204
3,205
23,205
4,206
16,207
5,208
3,211
5,212
4,213
52,213
18,214
47,217
4,218
6,219
45,219
3,227
48,227
14,228
37,231
1,232
2,233
48,235
1,237
36,243
1,244
2,247
24,247
33,248
2,249
17,251
4,253
42,254
6,257
27,259
30,259
17,260
10,261
55,264
54,268
54,269
24,271
11,272
47,273
52,275
25,276
58,279
22,281
60,285
35,286
42,286
16,288
26,288
17,294
9,297
15,301
43,301
56,303
24,308
1,310
1,312
2,313
1,314
2,315
16,316
60,319
48,319
2,320
41,321
28,323
28,326
54,327
15,328
34,328
12,329
59,329
51,331
25,335
60,337
22,340
38,340
15,341
51,341
55,341
46,343
55,352
18,355
13,357
53,358
43,359
40,362
42,364
48,365
11,368
36,370
3,372
13,372
1,374
4,374
37,375
1,376
2,378
5,378
2,379
1,381
2,382
50,384
46,385
4,388
5,389
3,391
38,391
32,392
41,396
1,397
32,397
11,398
2,399
1,400
2,401
12,401
59,402
7,403
13,405
1,406
2,408
29,410
8,412
53,415
57,415
12,418
31,418
53,418
39,420
36,424
54,425
57,425
35,426
56,432
29,436
48,436
39,439
20,442
25,444
32,444
49,449
52,449
39,451
21,452
40,453
1,454
2,456
23,456
4,457
1,461
47,461
52,461
1,462
44,462
3,464
8,464
2,465
4,466
9,471
2,472
50,473
33,475
46,476
46,478
1,481
50,482
2,484
30,485
47,485
1,486
3,486
53,486
2,490
29,490
1,491
26,491
20,493
2,496
9,496
4,497
58,498
4,499
23,500
3,504
44,504
5,506
23,507
30,507
5,508
23,509
40,510
7,512
18,512
35,514
48,514
59,515
47,520
56,520
42,521
30,525
41,525
16,526
19,529
42,530
16,533
28,533
57,535
58,536
43,548
45,548
16,551
25,554
53,555
27,558
45,567
39,568
36,569
13,570
25,572
13,573
3,574
47,574
52,574
5,576
5,578
34,578
21,579
4,580
4,581
3,582
29,583
52,583
34,586
39,586
15,589
46,589
22,591
19,592
1,593
15,593
27,593
2,595
36,595
1,597
2,598
1,600
25,600
46,603
57,604
23,605
2,607
42,608
25,609
29,612
30,612
60,613
3,615
50,615
52,616
4,617
42,617
60,618
4,618
3,619
31,619
5,620
10,620
44,620
5,621
24,622
8,623
49,623
40,624
15,625
1,627
14,628
32,628
1,629
32,629
41,630
2,631
43,632
1,633
2,634
2,635
18,637
47,638
18,640
45,641
17,642
14,644
41,644
45,644
60,648
20,652
41,652
19,655
29,655
46,660
3,662
5,663
30,666
55,667
53,670
4,671
4,672
21,673
42,673
53,673
29,674
40,674
58,678
40,679
3,684
40,685
5,687
30,689
38,696
46,696
29,699
52,699
16,700
26,701
5,705
17,705
32,706
41,706
23,707
17,709
40,709
34,710
15,711
48,711
46,712
24,715
39,715
43,721
22,722
1,726
1,727
51,727
2,729
1,730
13,730
44,730
53,731
2,733
2,737
3,737
10,737
60,738
4,739
44,739
4,740
1,741
45,741
2,743
18,743
39,743
1,744
2,745
3,747
28,747
19,748
24,748
50,748
1,749
2,750
5,750
24,750
38,750
5,752
17,752
23,752
26,752
13,755
2,756
12,757
47,759
12,761
12,765
53,767
60,769
1,770
41,770
10,771
51,772
58,773
10,774
6,776
30,782
31,783
39,784
28,787
51,789
11,792
51,792
53,792
49,793
17,796
57,797
37,806
44,806
30,808
29,810
16,813
59,814
15,815
19,819
43,819
3,825
4,826
5,828
18,828
3,829
5,831
20,831
4,832
36,836
52,838
16,840
58,842
57,843
56,844
1,847
29,849
39,850
2,851
42,852
1,853
3,853
4,854
2,856
5,857
1,860
43,861
12,862
31,862
2,863
10,863
39,863
40,863
3,864
15,866
25,866
40,867
51,867
31,868
5,869
11,870
35,874
50,875
26,876
4,879
20,879
50,879
58,879
49,881
36,884
58,884
33,885
29,892
45,893
50,894
59,894
39,899
18,901
1,902
1,903
9,903
36,904
38,904
59,904
2,905
10,905
39,905
2,907
60,908
1,909
31,909
49,911
2,913
37,915
9,917
18,917
34,917
29,922
49,922
25,925
18,927
55,930
29,933
42,933
57,933
34,934
25,938
34,939
20,940
24,940
17,947
24,949
55,950
47,951
43,953
37,954
51,954
20,956
55,958
50,960
60,961
24,962
43,969
58,971
44,978
52,979
46,980
55,981
53,982
58,985
44,986
35,987
46,991
54,993
7,994
29,994
47,994
31,995
42,995
15,997
40,1004
24,1005
8,1007
49,1009
23,1012
34,1014
15,1015
43,1015
3,1016
5,1017
30,1020
4,1023
53,1023
51,1024
5,1025
40,1025
4,1026
32,1026
3,1027
52,1027
40,1029
6,1034
35,1043
3,1045
49,1045
4,1046
20,1046
34,1047
5,1049
5,1050
51,1050
22,1051
3,1053
4,1054
22,1054
16,1057
59,1057
45,1058
24,1060
30,1061
46,1063
8,1064
48,1065
49,1066
25,1067
52,1067
42,1071
30,1072
17,1076
47,1077
48,1077
3,1081
40,1082
18,1083
55,1083
5,1084
59,1084
4,1085
4,1087
1,1090
1,1094
5,1094
33,1094
3,1095
3,1096
37,1096
4,1097
2,1098
3,1098
39,1098
41,1098
2,1099
13,1099
1,1100
35,1100
58,1100
5,1102
2,1103
19,1103
46,1105
5,1108
8,1108
15,1108
4,1109
39,1111
59,1112
53,1113
42,1115
54,1118
10,1119
23,1119
28,1120
37,1120
7,1122
50,1125
27,1129
11,1132
27,1135
46,1138
11,1142
3,1143
4,1144
29,1145
5,1146
46,1146
48,1147
21,1148
21,1150
24,1152
4,1153
32,1155
28,1156
59,1156
27,1159
5,1160
3,1163
25,1165
29,1168
45,1174
9,1176
23,1176
39,1176
43,1178
36,1180
25,1182
12,1186
34,1186
45,1187
56,1187
46,1192
3,1194
16,1194
4,1198
4,1199
3,1200
31,1200
46,1201
5,1202
42,1202
56,1202
1,1204
25,1204
1,1205
5,1205
46,1205
2,1206
2,1207
60,1209
48,1213
50,1213
53,1214
1,1215
6,1215
60,1216
2,1216
23,1216
27,1217
55,1217
10,1218
18,1218
39,1219
29,1221
60,1222
19,1225
24,1228
15,1231
50,1235
10,1236
34,1236
21,1237
1,1239
56,1239
2,1240
47,1242
42,1243
56,1243
2,1244
58,1244
20,1249
6,1250
36,1250
21,1252
36,1253
1,1254
52,1254
2,1256
1,1257
42,1258
44,1258
9,1260
51,1260
2,1262
29,1262
9,1266
35,1267
60,1268
12,1271
16,1277
32,1278
57,1278
1,1280
1,1281
49,1281
8,1282
2,1283
46,1283
2,1286
34,1286
1,1287
41,1287
2,1288
46,1288
48,1298
36,1300
21,1301
45,1303
37,1304
21,1306
27,1306
32,1313
9,1315
27,1315
48,1315
35,1320
8,1321
38,1321
13,1322
57,1322
42,1323
56,1325
27,1326
10,1327
30,1327
30,1331
45,1331
47,1331
40,1335
40,1337
11,1340
14,1342
46,1342
12,1343
45,1345
56,1345
11,1348
23,1348
44,1348
55,1348
31,1350
60,1355
37,1356
23,1357
7,1359
25,1364
42,1364
3,1368
37,1370
4,1371
9,1371
34,1371
26,1372
56,1373
3,1374
14,1374
4,1376
23,1376
38,1378
5,1381
5,1382
32,1383
56,1385
30,1387
30,1392
50,1392
11,1393
18,1393
1,1394
1,1396
11,1396
23,1396
2,1397
47,1397
22,1399
24,1399
60,1400
2,1402
1,1403
2,1406
16,1410
31,1410
25,1411
29,1413
10,1418
17,1419
45,1420
32,1422
6,1424
51,1426
21,1427
34,1427
46,1427
34,1428
18,1429
1,1430
11,1430
1,1431
45,1432
43,1435
2,1438
2,1439
7,1440
30,1440
52,1440
1,1441
8,1442
8,1443
40,1445
2,1447
28,1447
45,1450
3,1451
4,1453
60,1455
4,1456
22,1456
59,1456
50,1457
5,1458
7,1458
42,1458
27,1460
5,1463
3,1464
46,1464
60,1469
45,1473
43,1474
8,1476
38,1476
54,1476
12,1480
42,1483
38,1485
10,1487
35,1488
35,1491
51,1491
54,1491
14,1492
34,1493
25,1494
47,1496
47,1498
14,1499
35,1499
43,1505
41,1508
59,1508
8,1509
11,1512
47,1513
12,1514
28,1517
29,1517
59,1518
34,1519
36,1521
21,1523
25,1525
58,1529
7,1530
43,1530
26,1535
59,1535
20,1539
47,1540
48,1542
25,1544
52,1551
8,1552
59,1558
21,1561
45,1561
35,1564
23,1568
35,1568
34,1569
3,1570
31,1570
48,1571
18,1573
4,1574
49,1574
27,1575
49,1576
3,1577
40,1577
22,1578
42,1579
59,1579
32,1580
44,1580
5,1581
15,1581
5,1582
12,1582
28,1582
59,1582
60,1584
4,1587
25,1588
44,1588
15,1590
33,1590
25,1591
3,1593
26,1594
35,1594
40,1596
4,1597
5,1600
25,1600
59,1600
3,1602
53,1603
5,1604
4,1605
18,1605
2,1609
45,1611
6,1614
30,1614
52,1614
6,1616
19,1619
12,1621
18,1621
25,1623
11,1624
53,1624
57,1624
17,1625
37,1628
58,1628
42,1631
35,1633
6,1635
52,1635
5,1637
21,1640
27,1641
55,1641
20,1643
46,1643
21,1653
47,1654
1,1655
23,1655
1,1656
33,1656
2,1657
12,1657
18,1657
33,1657
17,1658
20,1659
38,1660
14,1662
23,1662
1,1663
23,1663
52,1664
48,1665
5,1666
13,1667
51,1668
59,1668
2,1669
12,1669
50,1669
8,1670
2,1675
36,1675
26,1676
44,1679
18,1681
32,1682
46,1682
6,1683
26,1683
22,1684
2,1686
46,1686
40,1690
6,1691
1,1692
2,1693
59,1694
43,1695
58,1695
1,1696
14,1696
37,1696
52,1696
2,1697
17,1698
27,1699
1,1701
16,1701
2,1702
16,1710
3,1711
5,1713
4,1714
60,1715
18,1717
28,1718
51,1718
52,1719
3,1721
8,1721
25,1721
5,1722
4,1723
44,1724
48,1724
51,1725
57,1725
4,1730
27,1730
26,1736
59,1736
3,1738
8,1738
47,1738
1,1742
1,1743
26,1743
33,1744
2,1745
2,1747
1,1748
54,1748
21,1751
2,1752
31,1753
13,1755
6,1758
38,1760
27,1763
28,1764
50,1764
50,1767
58,1769
45,1771
15,1774
39,1775
8,1778
18,1782
1,1783
13,1783
1,1784
24,1784
12,1786
31,1786
29,1787
25,1788
38,1788
58,1789
2,1790
15,1790
2,1791
1,1792
2,1793
20,1797
52,1797
10,1801
11,1801
12,1801
3,1803
13,1803
49,1803
4,1804
3,1805
50,1805
11,1806
5,1807
5,1808
4,1809
45,1809
58,1810
3,1812
58,1812
28,1813
4,1814
5,1815
36,1817
47,1818
41,1819
4,1820
22,1820
3,1822
37,1822
45,1823
38,1824
5,1825
47,1826
57,1828
1,1829
46,1829
1,1831
36,1831
2,1833
50,1833
2,1835
1,1836
14,1836
2,1837
45,1838
10,1840
59,1840
26,1856
35,1856
9,1858
39,1858
52,1859
58,1860
3,1861
52,1862
49,1864
41,1865
56,1869
40,1871
53,1872
13,1874
17,1875
38,1876
48,1877
41,1878
9,1879
42,1879
25,1880
41,1880
42,1880
35,1881
3,1882
4,1883
11,1883
12,1884
28,1884
54,1885
4,1888
5,1889
7,1889
3,1890
1,1894
5,1894
50,1896
19,1897
44,1897
17,1902
11,1903
39,1903
57,1904
57,1905
32,1907
39,1907
56,1907
20,1908
3,1910
5,1911
39,1911
48,1911
1,1912
4,1912
23,1912
48,1912
3,1914
2,1915
4,1915
5,1917
1,1919
21,1920
49,1920
1,1922
19,1925
17,1926
21,1926
24,1926
2,1927
2,1928
25,1928
1,1929
23,1929
1,1930
11,1930
2,1931
55,1932
22,1933
58,1933
43,1934
2,1935
37,1935
1,1936
2,1937
27,1940
56,1940
46,1941
3,1943
50,1943
46,1945
1,1946
4,1946
23,1949
2,1950
41,1951
42,1951
1,1952
2,1954
5,1954
1,1955
4,1955
3,1956
44,1956
2,1958
5,1958
31,1959
54,1959
57,1960
9,1962
26,1963
21,1966
11,1969
27,1969
57,1970
46,1971
56,1974
39,1975
3,1976
39,1976
10,1977
54,1977
60,1979
43,1979
10,1980
59,1980
5,1982
56,1982
55,1983
33,1984
14,1985
54,1985
4,1989
4,1990
3,1991
9,1991
35,1991
16,1993
28,1993
5,1995
46,1996
45,1997
51,1997
55,1997
3,1999
42,1999
57,1999
5,2000
21,2000
5,2001
10,2002
4,2005
3,2006
4,2010
37,2010
13,2021
27,2021
12,2024
25,2024
44,2026
47,2026
10,2028
34,2028
44,2031
3,2032
14,2033
13,2034
14,2035
5,2036
4,2037
4,2039
59,2039
5,2040
44,2041
3,2042
6,2043
16,2045
34,2045
27,2047
17,2048
37,2048
53,2048
51,2050
25,2052
7,2053
8,2053
9,2053
3,2054
9,2055
12,2055
30,2055
4,2058
30,2058
4,2059
5,2061
5,2063
3,2066
31,2066
34,2066
23,2069
1,2072
6,2072
2,2076
4,2078
42,2079
52,2079
22,2081
32,2081
33,2081
56,2081
15,2083
26,2083
42,2087
59,2087
35,2088
38,2088
55,2089
13,2091
23,2091
1,2092
17,2092
2,2094
24,2096
1,2097
1,2098
29,2099
39,2100
53,2100
9,2102
1,2103
52,2104
30,2107
2,2109
2,2110
31,2110
49,2110
17,2112
23,2112
50,2112
10,2113
3,2116
5,2117
4,2118
4,2119
5,2120
26,2120
3,2123
18,2127
42,2130
27,2131
3,2134
5,2135
4,2136
11,2136
31,2136
52,2137
3,2138
24,2138
37,2138
38,2138
5,2139
20,2139
25,2139
41,2139
19,2140
20,2140
4,2141
23,2145
37,2146
42,2150
20,2155
39,2155
19,2156
26,2156
8,2160
29,2163
8,2164
9,2165
27,2165
33,2165
49,2166
6,2170
21,2171
25,2171
58,2171
5,2175
32,2177
52,2177
23,2178
54,2178
26,2179
11,2180
27,2180
48,2181
3,2183
25,2186
11,2187
5,2188
5,2189
42,2189
4,2190
51,2190
55,2190
3,2191
31,2191
45,2194
4,2196
5,2197
11,2198
60,2200
12,2200
3,2201
15,2203
5,2204
4,2205
23,2205
5,2207
22,2207
3,2208
1,2209
4,2209
1,2210
2,2211
26,2213
60,2216
1,2216
2,2217
53,2219
2,2220
56,2220
14,2225
50,2227
39,2229
8,2231
33,2231
10,2233
33,2234
51,2234
29,2236
24,2237
54,2237
12,2238
36,2238
40,2238
55,2239
54,2241
36,2242
47,2242
40,2243
54,2244
22,2246
32,2246
30,2248
29,2249
1,2250
6,2250
17,2250
24,2251
2,2253
60,2254
6,2254
53,2255
1,2256
1,2257
2,2258
12,2260
60,2261
18,2262
2,2263
22,2267
51,2268
48,2269
54,2271
14,2273
39,2273
48,2274
49,2274
10,2277
19,2277
31,2283
39,2284
1,2285
37,2285
2,2286
45,2286
1,2287
14,2287
1,2289
24,2291
39,2291
2,2293
27,2293
43,2293
2,2294
7,2295
14,2297
12,2298
37,2299
10,2301
27,2305
42,2310
46,2310
15,2315
1,2317
53,2319
1,2320
17,2321
2,2322
2,2324
1,2327
2,2329
51,2329
56,2331
24,2335
60,2338
55,2338
58,2338
36,2340
17,2342
32,2342
42,2342
59,2347
43,2348
34,2349
1,2352
43,2352
15,2354
19,2354
13,2355
35,2355
37,2355
2,2356
1,2357
56,2358
55,2359
2,2360
1,2361
6,2361
17,2361
2,2363
6,2366
19,2368
57,2370
24,2373
22,2383
47,2383
45,2389
22,2392
29,2393
3,2394
46,2394
5,2395
14,2395
37,2395
5,2397
12,2397
46,2397
4,2398
39,2398
46,2399
3,2400
4,2401
40,2401
57,2402
17,2405
37,2409
60,2412
54,2412
59,2413
34,2415
21,2416
38,2418
11,2421
15,2424
23,2425
3,2427
29,2427
1,2428
4,2428
32,2430
2,2431
45,2431
57,2431
1,2432
3,2432
1,2433
2,2434
14,2434
56,2434
2,2437
22,2437
23,2439
50,2440
5,2441
1,2442
20,2443
2,2444
1,2445
5,2445
9,2445
10,2445
4,2446
45,2447
20,2448
2,2449
9,2449
11,2449
1,2450
52,2450
2,2451
28,2454
31,2456
3,2458
15,2459
4,2460
25,2460
37,2460
5,2461
9,2461
54,2461
21,2465
5,2466
4,2467
3,2468
17,2470
15,2471
44,2471
51,2471
43,2473
47,2473
6,2478
46,2478
48,2479
9,2483
37,2483
46,2483
12,2485
40,2485
53,2485
12,2486
59,2486
52,2487
47,2488
11,2491
34,2494
21,2496
47,2497
35,2501
15,2502
28,2502
3,2504
29,2504
11,2507
10,2508
58,2510
2,2513
4,2513
18,2513
3,2514
4,2515
5,2516
27,2517
5,2518
60,2520
29,2522
39,2522
38,2523
1,2524
16,2525
21,2525
48,2525
1,2527
54,2527
2,2528
1,2529
21,2529
2,2532
24,2532
2,2533
15,2533
30,2535
26,2536
49,2537
52,2538
48,2540
55,2542
54,2546
22,2547
37,2547
21,2550
22,2552
37,2554
20,2561
57,2564
27,2565
55,2566
29,2567
41,2567
56,2567
17,2569
31,2569
36,2570
10,2571
14,2576
51,2578
34,2579
3,2580
4,2581
3,2582
29,2582
46,2583
5,2584
30,2584
4,2585
44,2585
5,2589
23,2589
41,2590
47,2590
5,2592
59,2593
11,2595
44,2598
1,2599
1,2600
2,2601
41,2601
44,2601
2,2602
23,2603
17,2604
1,2606
46,2608
2,2609
10,2611
38,2611
57,2613
38,2618
47,2618
43,2620
19,2623
40,2627
60,2628
44,2630
11,2632
53,2634
40,2637
8,2640
27,2642
33,2642
30,2645
54,2645
6,2647
21,2647
27,2651
52,2655
7,2656
16,2656
37,2656
16,2657
60,2658
24,2658
13,2660
19,2660
18,2661
21,2661
2,2663
6,2664
29,2665
27,2666
41,2669
44,2669
26,2670
9,2674
13,2674
43,2679
44,2679
53,2684
12,2687
3,2688
26,2690
4,2691
36,2691
3,2692
36,2692
53,2692
5,2693
36,2694
21,2695
4,2696
5,2697
54,2698
7,2699
15,2699
30,2699
27,2701
40,2703
17,2704
34,2708
29,2710
13,2711
2,2712
51,2712
54,2712
59,2712
3,2713
5,2714
37,2714
57,2714
4,2717
4,2718
11,2720
30,2720
37,2720
5,2723
49,2723
3,2724
10,2725
47,2726
6,2728
15,2728
58,2730
59,2732
10,2734
16,2735
29,2735
29,2737
27,2740
55,2744
1,2746
34,2748
58,2748
1,2749
10,2749
2,2750
2,2751
1,2752
10,2752
32,2752
16,2756
24,2756
40,2757
2,2759
16,2760
30,2761
46,2761
35,2763
39,2763
40,2767
13,2768
20,2768
52,2771
60,2775
13,2775
16,2781
60,2783
38,2787
6,2788
60,2790
22,2791
42,2791
50,2792
42,2794
3,2795
4,2796
5,2797
3,2799
11,2799
4,2800
5,2801
7,2801
14,2803
42,2803
59,2803
41,2805
55,2806
58,2806
8,2807
15,2807
47,2807
33,2812
14,2814
37,2814
49,2816
21,2819
13,2823
15,2823
57,2827
58,2829
25,2830
43,2833
26,2834
40,2836
58,2836
21,2838
41,2842
48,2842
38,2845
51,2845
52,2847
47,2848
45,2850
51,2851
47,2853
22,2854
42,2854
57,2854
39,2858
3,2859
33,2861
27,2862
39,2862
28,2866
45,2867
7,2868
4,2869
32,2869
3,2870
49,2870
27,2871
5,2872
11,2872
4,2873
16,2873
5,2877
59,2877
18,2878
19,2878
7,2881
23,2882
33,2882
56,2882
54,2883
7,2884
10,2884
56,2887
11,2888
48,2888
49,2888
16,2898
55,2898
14,2899
34,2900
16,2904
22,2905
52,2906
53,2907
32,2910
3,2911
30,2911
39,2911
5,2912
29,2913
19,2914
4,2915
28,2917
45,2917
3,2918
4,2922
6,2923
27,2923
5,2924
48,2925
17,2926
3,2927
7,2927
5,2929
31,2929
19,2930
30,2930
30,2931
4,2932
50,2932
55,2932
9,2933
3,2934
57,2934
52,2936
5,2937
38,2938
4,2939
21,2939
26,2942
18,2944
40,2944
11,2951
12,2951
9,2954
23,2954
9,2955
15,2958
47,2958
3,2960
57,2960
9,2961
34,2962
1,2964
9,2964
5,2965
4,2966
41,2966
44,2967
2,2969
3,2969
13,2969
59,2970
5,2971
19,2971
1,2972
1,2973
4,2973
33,2974
52,2974
2,2975
5,2976
2,2977
36,2980
29,2981
3,2982
4,2983
4,2984
5,2984
3,2985
44,2985
4,2987
38,2988
5,2990
25,2994
41,2999
32,3000
20,3003
6,3005
11,3006
11,3008
43,3008
31,3013
53,3013
54,3014
9,3015
6,3016
53,3019
44,3020
55,3020
33,3025
6,3033
17,3035
54,3035
16,3036
49,3037
60,3040
53,3040
14,3042
22,3044
30,3046
46,3046
50,3047
56,3047
43,3048
15,3050
18,3053
4,3055
7,3055
33,3055
6,3060
19,3061
8,3068
26,3072
13,3073
44,3073
47,3074
49,3074
50,3075
57,3075
25,3076
13,3078
1,3080
1,3081
23,3081
2,3083
1,3084
6,3085
2,3086
54,3086
38,3089
52,3089
14,3090
2,3091
50,3095
54,3096
13,3097
36,3100
3,3104
15,3104
47,3104
18,3106
4,3107
5,3108
17,3111
4,3112
5,3113
46,3117
3,3118
25,3119
58,3119
58,3123
53,3133
15,3135
60,3138
59,3141
1,3142
1,3143
19,3145
47,3145
13,3146
14,3146
2,3147
1,3148
2,3149
2,3150
7,3151
22,3152
31,3152
32,3152
55,3152
38,3153
49,3153
53,3153
36,3155
39,3158
44,3159
48,3161
36,3165
33,3166
20,3167
35,3167
34,3168
3,3170
4,3171
5,3173
4,3174
39,3175
31,3176
5,3177
18,3178
19,3178
3,3179
42,3180
48,3182
31,3183
14,3184
2,3188
3,3188
7,3188
5,3189
5,3191
13,3192
4,3193
3,3194
9,3194
20,3194
59,3194
51,3195
4,3196
11,3196
7,3199
32,3199
1,3202
2,3204
18,3204
51,3205
58,3205
1,3206
2,3207
46,3207
1,3208
3,3208
7,3209
13,3209
5,3210
28,3211
26,3212
5,3213
2,3215
16,3216
55,3216
4,3218
4,3219
46,3221
3,3222
14,3222
60,3223
3,3223
18,3223
39,3223
5,3224
40,3227
45,3227
52,3231
33,3233
4,3234
3,3235
18,3236
31,3236
5,3237
45,3239
1,3240
2,3242
4,3242
1,3243
20,3243
2,3244
1,3245
23,3245
59,3248
2,3249
54,3249
52,3252
60,3253
6,3255
38,3257
6,3259
43,3260
55,3261
33,3264
6,3266
34,3266
23,3267
54,3267
19,3269
15,3275
30,3275
30,3280
15,3292
1,3293
1,3294
13,3294
2,3297
46,3297
2,3298
1,3299
46,3299
2,3300
57,3300
6,3301
59,3302
7,3303
35,3303
45,3305
53,3305
49,3307
22,3312
1,3317
10,3317
29,3318
26,3319
15,3322
37,3323
59,3324
52,3325
58,3327
7,3329
51,3336
8,3338
12,3339
23,3339
48,3345
31,3346
37,3351
24,3352
1,3365
30,3367
52,3368
2,3369
15,3369
55,3369
1,3370
1,3371
2,3373
2,3374
45,3376
46,3378
40,3380
42,3382
3,3383
12,3387
51,3387
52,3387
58,3387
6,3390
17,3391
47,3392
1,3394
57,3394
1,3396
51,3396
2,3397
1,3398
2,3399
18,3400
2,3403
23,3403
14,3406
21,3406
30,3406
42,3406
30,3408
55,3412
28,3414
42,3415
57,3415
3,3416
10,3418
17,3418
25,3418
48,3421
4,3422
50,3424
54,3424
22,3425
3,3426
14,3426
33,3426
27,3427
35,3427
46,3429
5,3430
9,3430
4,3432
48,3432
5,3437
49,3441
7,3442
43,3443
49,3443
30,3445
60,3446
41,3446
1,3448
16,3448
22,3448
28,3448
48,3449
1,3450
9,3451
35,3451
2,3453
3,3453
59,3454
2,3455
1,3456
4,3456
23,3456
2,3457
5,3457
5,3459
10,3459
4,3461
55,3461
3,3462
58,3462
59,3465
10,3469
25,3469
33,3469
57,3469
54,3472
41,3478
8,3480
5,3481
15,3484
55,3485
3,3489
55,3489
23,3491
17,3493
4,3497
48,3497
3,3500
40,3500
57,3500
58,3501
5,3502
50,3502
5,3503
24,3504
4,3506
7,3506
59,3506
1,3510
56,3512
1,3513
47,3513
2,3515
2,3516
31,3517
1,3520
20,3521
59,3522
15,3524
2,3528
8,3528
57,3536
57,3539
34,3541
50,3541
59,3541
8,3543
57,3543
16,3546
35,3547
8,3548
3,3549
5,3550
50,3550
21,3553
40,3553
4,3554
1,3555
12,3555
1,3556
9,3556
4,3557
37,3558
41,3558
3,3559
14,3559
39,3559
2,3560
4,3560
5,3560
1,3562
49,3562
2,3563
24,3563
48,3563
24,3565
2,3569
38,3570
26,3571
31,3571
34,3575
57,3575
57,3578
1,3579
26,3579
2,3580
1,3581
24,3581
25,3582
43,3583
48,3583
48,3584
1,3585
3,3585
38,3585
60,3588
2,3588
2,3589
41,3589
4,3590
34,3590
5,3591
50,3591
5,3592
41,3594
60,3597
57,3597
3,3598
18,3598
21,3600
56,3600
4,3602
10,3603
37,3605
48,3605
24,3606
46,3609
44,3610
1,3612
1,3614
23,3614
2,3615
15,3617
1,3618
3,3618
2,3619
5,3619
2,3620
5,3621
55,3622
36,3623
4,3625
18,3625
6,3627
3,3628
9,3628
17,3631
60,3632
4,3632
12,3634
60,3639
10,3640
45,3640
8,3642
52,3642
13,3644
23,3647
33,3647
49,3647
32,3648
36,3649
40,3649
41,3652
42,3652
24,3664
40,3671
9,3675
37,3675
1,3676
17,3676
18,3676
2,3677
1,3682
1,3683
2,3685
17,3686
54,3686
8,3687
16,3688
26,3688
27,3688
41,3688
2,3689
22,3691
10,3692
21,3692
17,3696
24,3699
38,3699
35,3702
52,3705
41,3706
1,3707
12,3707
2,3708
15,3708
1,3710
60,3711
38,3711
1,3712
30,3714
2,3716
2,3719
26,3721
43,3721
48,3721
7,3723
13,3723
40,3724
21,3726
3,3727
18,3731
4,3732
3,3734
9,3734
25,3734
31,3734
41,3734
4,3735
6,3735
11,3736
5,3737
51,3739
5,3741
32,3745
55,3750
12,3751
12,3754
59,3759
42,3763
30,3764
7,3765
59,3765
11,3766
50,3768
17,3770
1,3771
3,3772
5,3773
15,3773
4,3774
1,3775
2,3776
3,3777
4,3778
18,3779
2,3780
5,3780
1,3781
6,3782
15,3782
36,3782
49,3782
2,3784
59,3784
31,3786
46,3786
59,3786
31,3788
15,3791
9,3793
27,3793
15,3794
55,3804
50,3809
14,3815
18,3817
58,3817
27,3818
28,3818
51,3818
16,3819
23,3820
46,3822
16,3823
28,3823
37,3823
13,3827
16,3827
34,3830
45,3832
28,3837
13,3847
56,3847
27,3849
51,3852
20,3853
42,3855
38,3856
37,3857
53,3860
7,3866
25,3867
32,3867
11,3868
28,3868
46,3868
52,3869
40,3870
30,3873
35,3875
59,3875
29,3876
12,3877
12,3881
39,3882
15,3883
56,3884
7,3885
42,3893
32,3894
16,3896
59,3896
1,3898
15,3898
9,3900
53,3900
21,3901
2,3904
1,3905
39,3905
41,3906
7,3907
27,3907
50,3907
53,3907
1,3908
56,3908
13,3910
16,3911
2,3913
2,3917
39,3917
57,3918
44,3921
8,3923
32,3924
53,3925
3,3932
4,3935
8,3935
5,3936
4,3937
28,3937
3,3938
5,3939
6,3939
59,3940
34,3945
34,3949
3,3950
21,3951
27,3952
12,3953
30,3953
54,3953
56,3953
4,3955
5,3957
40,3957
5,3959
30,3959
36,3961
3,3962
4,3965
29,3966
24,3970
52,3970
36,3974
12,3975
49,3975
48,3977
57,3979
52,3981
49,3984
16,3990
36,3990
53,3994
12,3996
32,3996
20,3998
23,3998
25,3998
15,4000
23,4000
41,4000
47,4000
12,4001
53,4002
32,4004
41,4005
16,4006
59,4007
32,4009
56,4009
1,4010
39,4010
27,4011
50,4011
40,4012
1,4013
28,4013
20,4014
2,4017
32,4017
1,4019
2,4020
35,4022
2,4024
3,4027
4,4029
3,4030
2,4031
5,4033
23,4034
5,4035
42,4037
4,4038
45,4039
56,4040
58,4040
33,4041
42,4047
9,4048
12,4048
47,4048
37,4052
4,4056
9,4056
53,4056
24,4057
21,4059
25,4059
1,4064
12,4064
2,4066
14,4067
58,4067
7,4068
1,4069
14,4070
49,4071
27,4072
2,4073
1,4076
2,4079
14,4079
30,4079
60,4081
23,4084
44,4084
17,4086
15,4088
7,4092
38,4092
9,4098
57,4098
35,4099
42,4101
36,4103
8,4105
47,4107
28,4108
37,4108
12,4109
39,4109
29,4112
31,4113
25,4115
41,4120
41,4129
20,4132
27,4132
47,4133
16,4139
55,4139
6,4141
9,4143
18,4143
36,4144
55,4144
19,4145
28,4147
6,4151
52,4153
33,4154
52,4154
51,4156
33,4158
37,4158
15,4161
58,4162
60,4164
53,4165
58,4166
1,4167
1,4168
34,4169
35,4169
37,4172
2,4173
7,4173
1,4175
32,4175
1,4176
2,4176
37,4176
52,4176
58,4176
3,4177
23,4178
2,4179
4,4179
26,4179
3,4183
51,4183
27,4184
40,4184
36,4185
56,4186
4,4188
5,4189
44,4192
56,4192
2,4193
45,4193
36,4194
54,4195
43,4197
5,4199
58,4199
3,4201
5,4202
37,4205
38,4208
4,4210
5,4211
43,4211
4,4212
32,4212
3,4213
10,4215
30,4216
19,4219
33,4220
13,4224
29,4225
12,4230
31,4230
28,4235
49,4235
28,4236
50,4236
14,4245
55,4245
40,4247
17,4249
54,4251
33,4255
44,4255
32,4257
57,4258
2,4260
37,4260
38,4260
45,4261
18,4265
58,4268
51,4271
8,4272
11,4274
53,4274
1,4276
37,4276
17,4277
27,4277
2,4278
1,4281
41,4285
18,4288
2,4289
1,4290
2,4291
42,4293
1,4294
45,4294
26,4296
55,4296
25,4298
38,4298
14,4300
41,4300
56,4302
28,4303
20,4313
21,4314
42,4314
11,4319
54,4320
13,4324
33,4324
20,4325
1,4326
3,4326
2,4327
48,4327
1,4328
5,4328
28,4328
4,4329
1,4330
3,4332
4,4333
39,4333
47,4333
5,4334
18,4334
43,4337
2,4338
2,4340
11,4340
46,4341
42,4342
42,4343
30,4346
18,4347
49,4347
51,4347
48,4350
7,4354
17,4354
1,4355
53,4355
54,4356
2,4357
1,4358
42,4358
44,4358
47,4359
59,4359
28,4360
25,4361
45,4362
17,4364
53,4364
2,4365
21,4365
31,4365
47,4369
1,4371
2,4372
16,4374
58,4375
13,4381
17,4382
32,4384
40,4385
59,4390
3,4395
53,4398
43,4399
47,4399
6,4400
17,4403
22,4405
49,4406
29,4411
51,4411
42,4423
16,4424
11,4426
27,4428
50,4431
36,4433
44,4436
54,4437
54,4440
24,4445
23,4446
17,4447
21,4450
53,4452
25,4455
26,4455
45,4456
15,4459
8,4461
29,4464
53,4465
1,4468
13,4468
51,4468
2,4469
27,4469
1,4470
8,4470
27,4470
50,4470
19,4471
49,4471
3,4474
2,4475
1,4476
3,4476
4,4477
5,4477
2,4478
2,4479
56,4479
58,4479
4,4483
44,4483
1,4484
5,4484
13,4484
3,4485
36,4486
47,4486
10,4488
33,4488
53,4488
5,4489
54,4489
2,4491
1,4493
58,4493
58,4495
2,4496
25,4496
1,4497
48,4497
54,4497
11,4498
2,4500
56,4506
34,4507
41,4508
13,4512
3,4513
23,4513
31,4513
36,4513
4,4514
51,4514
19,4515
5,4517
17,4517
33,4518
39,4518
27,4519
37,4519
4,4520
28,4521
5,4523
45,4523
3,4524
12,4524
4,4526
25,4532
43,4532
1,4533
19,4533
29,4534
58,4534
19,4536
25,4537
27,4537
57,4538
3,4543
5,4546
4,4548
52,4548
7,4549
46,4549
5,4551
3,4552
32,4552
49,4552
4,4553
18,4555
37,4556
18,4558
11,4563
16,4563
23,4563
17,4564
19,4565
43,4567
37,4568
41,4570
26,4573
59,4573
45,4575
43,4580
46,4582
42,4583
34,4584
31,4588
56,4588
3,4589
55,4589
4,4590
14,4591
5,4592
3,4594
50,4595
5,4596
7,4596
54,4596
4,4598
23,4603
16,4604
6,4605
14,4607
9,4608
50,4609
47,4612
35,4613
25,4618
49,4618
45,4625
26,4626
41,4632
54,4632
10,4634
19,4634
20,4638
59,4641
7,4644
20,4645
60,4651
21,4651
33,4655
3,4657
59,4658
5,4659
56,4660
4,4663
52,4664
3,4665
32,4665
41,4665
19,4667
5,4669
4,4670
24,4670
38,4670
28,4671
3,4678
15,4678
20,4678
21,4678
59,4678
20,4679
7,4680
51,4680
5,4681
4,4682
4,4683
53,4684
33,4687
3,4688
7,4688
5,4690
46,4693
37,4697
48,4697
42,4699
46,4699
3,4702
5,4703
23,4703
21,4705
29,4705
33,4707
20,4708
58,4708
4,4709
14,4709
3,4710
36,4710
4,4711
50,4711
5,4714
3,4715
4,4717
34,4717
5,4718
18,4718
4,4719
37,4719
5,4720
3,4722
57,4725
16,4727
54,4728
29,4735
12,4739
55,4739
33,4740
51,4740
33,4742
8,4743
15,4744
16,4744
3,4747
57,4749
19,4750
41,4750
9,4754
16,4755
17,4756
26,4756
55,4756
4,4757
4,4761
18,4761
5,4762
14,4762
3,4764
12,4764
5,4768
33,4768
34,4768
56,4768
36,4769
38,4769
3,4771
4,4772
16,4772
19,4772
3,4773
14,4773
5,4775
47,4775
29,4776
31,4776
36,4776
4,4778
43,4778
29,4779
5,4780
14,4780
21,4785
58,4785
59,4787
30,4789
29,4791
23,4792
1,4793
27,4793
37,4794
24,4795
1,4797
2,4799
1,4801
12,4802
3,4803
34,4803
2,4805
4,4805
2,4806
5,4807
15,4807
32,4807
42,4807
18,4808
25,4809
33,4809
5,4814
3,4816
8,4818
9,4820
56,4820
4,4821
10,4821
24,4822
43,4823
11,4824
25,4826
49,4826
50,4829
3,4830
23,4832
48,4833
11,4835
56,4836
60,4837
46,4837
20,4838
4,4840
3,4841
21,4841
5,4843
48,4844
5,4845
33,4845
39,4846
4,4849
54,4851
28,4852
35,4853
7,4855
40,4855
58,4855
19,4856
35,4860
26,4867
24,4868
9,4869
42,4869
42,4870
8,4871
48,4871
45,4873
52,4873
55,4881
24,4882
49,4883
40,4884
3,4885
4,4886
3,4887
4,4888
18,4888
21,4889
5,4893
26,4893
21,4894
5,4896
32,4900
18,4903
60,4905
44,4906
46,4906
7,4911
58,4914
35,4915
17,4916
28,4916
31,4921
47,4921
55,4924
47,4925
45,4931
48,4931
14,4934
17,4938
40,4938
19,4943
20,4943
47,4943
20,4944
58,4944
49,4950
34,4952
57,4952
51,4953
21,4957
1,4958
2,4959
1,4960
10,4960
2,4961
11,4963
16,4967
1,4968
28,4968
2,4969
57,4969
13,4972
52,4973
53,4976
1,4978
20,4981
2,4982
37,4982
1,4984
2,4985
1,4988
39,4990
56,4990
37,4991
2,4994
30,4994
48,4994
48,4997
18,4998
30,5000
3,5005
42,5008
46,5008
4,5010
14,5012
3,5013
5,5016
39,5017
12,5018
4,5019
18,5020
5,5021
27,5024
27,5025
48,5031
14,5034
6,5036
19,5038
34,5044
23,5045
45,5046
28,5047
21,5048
15,5050
6,5051
23,5059
24,5061
4,5062
6,5062
10,5062
14,5062
21,5063
26,5063
18,5067
34,5067
54,5069
21,5072
43,5075
29,5076
34,5077
41,5079
13,5081
27,5081
51,5081
24,5082
35,5082
53,5082
56,5083
53,5084
59,5086
57,5087
58,5087
25,5088
12,5089
49,5094
20,5095
7,5096
19,5096
47,5096
12,5097
33,5098
32,5103
2,5104
36,5110
42,5115
14,5116
21,5116
22,5119
39,5119
15,5122
51,5123
3,5126
4,5127
4,5128
5,5129
3,5130
5,5133
22,5133
12,5137
53,5140
32,5144
40,5144
12,5146
12,5147
21,5148
16,5150
35,5152
39,5152
3,5153
53,5153
11,5155
4,5156
3,5157
39,5157
4,5159
5,5160
5,5163
22,5163
53,5165
11,5168
54,5168
40,5170
11,5173
56,5174
10,5176
37,5176
20,5184
33,5184
45,5187
38,5188
17,5194
31,5202
30,5204
20,5206
25,5207
1,5215
28,5215
1,5217
42,5219
36,5220
3,5222
22,5222
2,5223
5,5226
12,5226
16,5227
56,5227
34,5228
1,5230
4,5230
3,5232
60,5233
2,5233
55,5233
2,5234
4,5234
5,5236
47,5239
14,5242
53,5245
47,5248
51,5249
3,5250
5,5250
14,5250
37,5250
42,5251
14,5252
34,5253
4,5257
42,5257
4,5259
53,5260
5,5261
5,5262
9,5263
27,5263
3,5264
39,5265
55,5267
3,5270
52,5271
55,5273
4,5274
7,5275
10,5275
17,5275
28,5276
55,5276
3,5277
44,5278
1,5279
5,5279
4,5280
5,5281
1,5282
33,5282
2,5285
43,5285
1,5287
2,5290
2,5291
10,5293
53,5296
11,5298
35,5298
17,5300
8,5302
30,5303
19,5305
35,5305
41,5308
37,5309
1,5311
30,5311
33,5311
52,5311
23,5312
3,5313
4,5315
2,5316
1,5317
5,5318
1,5319
5,5319
40,5319
4,5320
8,5320
3,5321
42,5322
45,5322
2,5323
2,5324
22,5324
48,5324
9,5326
50,5326
57,5328
22,5329
1,5331
1,5334
16,5334
2,5336
23,5337
28,5337
30,5338
58,5339
35,5340
2,5343
1,5345
5,5347
2,5348
18,5349
39,5349
45,5349
37,5350
11,5352
3,5353
4,5354
5,5355
44,5355
17,5358
3,5360
5,5361
52,5361
4,5363
30,5364
37,5364
30,5366
43,5367
52,5368
60,5372
43,5372
60,5373
10,5373
53,5375
1,5376
2,5379
28,5381
55,5381
45,5382
1,5383
12,5383
31,5383
32,5383
2,5384
1,5386
35,5386
1,5387
2,5387
15,5387
52,5391
26,5393
1,5395
1,5396
2,5397
1,5398
2,5403
19,5403
27,5403
3,5404
56,5404
2,5406
5,5406
34,5406
5,5409
4,5410
18,5410
30,5410
3,5411
52,5412
4,5413
45,5413
1,5414
1,5417
30,5417
14,5418
29,5418
25,5421
2,5423
32,5424
2,5425
14,5426
1,5427
41,5427
2,5428
6,5428
30,5430
1,5438
36,5438
44,5438
3,5439
26,5439
49,5442
4,5443
58,5443
3,5447
4,5448
39,5448
5,5450
53,5450
42,5451
27,5452
40,5452
5,5453
10,5458
34,5459
30,5466
36,5468
40,5469
10,5470
34,5472
38,5472
31,5474
1,5475
20,5476
57,5476
54,5477
34,5479
43,5479
14,5482
8,5483
41,5483
59,5484
41,5486
3,5492
5,5494
37,5496
53,5496
4,5499
5,5500
20,5500
10,5501
36,5501
3,5502
7,5504
11,5504
37,5504
4,5505
23,5508
43,5511
30,5513
36,5513
52,5514
45,5515
23,5516
10,5517
3,5519
27,5519
52,5519
5,5523
5,5525
9,5525
21,5525
2,5526
57,5527
4,5528
32,5529
25,5530
3,5531
4,5532
37,5533
45,5533
48,5540
56,5540
47,5544
3,5546
18,5547
4,5549
15,5550
3,5558
30,5558
5,5559
4,5560
58,5560
40,5561
60,5562
5,5562
29,5564
16,5569
19,5569
23,5573
25,5574
47,5575
52,5575
60,5576
58,5577
41,5580
47,5581
17,5583
14,5584
9,5585
42,5585
13,5588
5,5590
46,5590
14,5592
8,5595
24,5595
48,5595
2,5596
37,5596
39,5601
26,5603
31,5603
21,5604
31,5605
9,5611
14,5612
19,5615
19,5616
47,5618
60,5622
10,5622
46,5622
51,5622
22,5623
23,5625
21,5630
46,5631
25,5634
9,5638
53,5638
28,5639
19,5640
20,5642
29,5643
31,5644
57,5649
3,5650
24,5650
25,5651
4,5654
5,5655
59,5655
25,5656
4,5658
11,5658
43,5659
55,5659
5,5660
46,5661
3,5663
13,5663
48,5664
31,5667
22,5668
14,5670
40,5673
1,5676
47,5676
54,5676
49,5677
27,5684
30,5685
18,5687
41,5690
11,5691
4,5696
26,5700
58,5701
14,5703
37,5706
22,5707
28,5708
45,5708
46,5709
48,5710
41,5711
19,5713
48,5715
30,5717
60,5718
33,5720
59,5723
31,5726
39,5730
56,5731
28,5738
23,5739
27,5741
25,5743
49,5743
37,5745
19,5747
24,5747
14,5749
6,5751
17,5751
32,5755
42,5756
38,5760
48,5760
52,5761
39,5763
39,5764
24,5765
25,5770
51,5770
37,5772
24,5773
52,5773
44,5774
32,5778
48,5778
57,5778
41,5781
54,5781
1,5782
2,5784
26,5784
47,5784
1,5785
2,5787
26,5787
36,5788
1,5789
58,5790
40,5791
2,5796
24,5796
51,5796
56,5800
10,5803
35,5803
3,5804
12,5804
46,5804
60,5806
54,5806
45,5807
4,5808
3,5809
5,5811
5,5812
14,5812
15,5812
1,5813
4,5815
21,5815
56,5815
29,5818
9,5821
9,5823
3,5824
25,5825
4,5826
19,5827
4,5829
52,5829
3,5830
35,5830
5,5831
42,5831
5,5832
30,5833
1,5834
13,5834
1,5835
16,5835
48,5835
59,5835
10,5836
2,5837
23,5839
1,5840
20,5843
59,5843
18,5844
2,5845
48,5845
2,5846
10,5846
24,5850
11,5851
8,5853
33,5853
44,5854
38,5857
46,5857
29,5860
40,5860
60,5862
26,5862
56,5862
56,5863
39,5864
51,5865
51,5866
22,5870
10,5872
45,5873
55,5875
11,5876
37,5878
40,5880
52,5880
3,5882
8,5882
18,5882
4,5883
45,5883
5,5885
39,5886
54,5886
5,5887
7,5888
58,5889
3,5890
4,5891
31,5891
18,5893
43,5893
52,5896
40,5898
50,5900
37,5901
3,5903
19,5904
60,5906
5,5907
10,5907
29,5907
41,5908
4,5909
5,5910
3,5912
25,5913
4,5914
10,5914
43,5916
42,5919
55,5919
11,5923
9,5924
38,5925
21,5926
26,5926
20,5929
39,5929
46,5930
22,5934
29,5935
22,5938
31,5941
22,5943
49,5943
23,5945
56,5949
9,5952
20,5953
14,5960
22,5961
33,5967
3,5969
36,5970
23,5971
44,5971
3,5972
41,5972
5,5973
38,5979
4,5980
5,5982
60,5983
1,5984
26,5984
34,5984
40,5984
3,5986
45,5986
51,5986
4,5988
9,5988
17,5990
45,5990
2,5991
1,5992
2,5994
42,5994
1,5995
2,5996
47,5996
10,5998
27,5998
17,5999
46,5999
19,6000
16,6001
9,6002
13,6003
3,6005
17,6005
4,6007
4,6009
9,6010
55,6010
5,6011
28,6011
52,6011
5,6012
3,6013
52,6013
22,6014
59,6016
11,6018
40,6021
1,6022
14,6022
24,6023
28,6023
2,6024
58,6024
39,6025
16,6026
1,6027
3,6027
1,6028
2,6029
2,6030
4,6032
5,6034
4,6037
3,6038
7,6038
15,6038
27,6039
57,6039
1,6042
7,6042
5,6043
2,6044
57,6044
8,6045
1,6046
2,6047
46,6047
1,6052
2,6054
55,6055
12,6057
4,6058
5,6058
7,6058
2,6059
7,6064
11,6064
32,6064
10,6065
23,6065
48,6065
38,6067
46,6069
13,6072
16,6082
40,6082
3,6083
48,6083
51,6084
5,6086
26,6086
39,6087
24,6088
4,6090
5,6091
12,6091
55,6094
4,6095
3,6097
21,6099
33,6099
10,6103
20,6103
27,6104
30,6104
6,6105
19,6106
3,6111
4,6114
52,6114
3,6115
5,6118
51,6118
45,6120
5,6122
7,6122
1,6123
4,6123
1,6124
28,6124
55,6124
2,6125
51,6125
49,6126
2,6127
46,6128
1,6129
10,6129
33,6129
50,6130
55,6130
2,6131
41,6133
39,6136
18,6137
46,6137
21,6138
7,6142
10,6142
56,6146
10,6148
43,6150
4,6152
1,6154
44,6155
45,6156
2,6157
13,6157
38,6157
15,6158
8,6163
38,6163
1,6165
12,6165
17,6166
1,6168
49,6169
31,6172
60,6173
2,6173
28,6173
37,6175
47,6177
2,6180
47,6181
37,6182
38,6183
8,6185
23,6186
30,6187
24,6188
42,6188
22,6189
43,6189
42,6191
49,6191
14,6193
8,6195
27,6196
59,6198
48,6199
16,6200
21,6200
60,6202
25,6202
48,6204
26,6205
58,6208
18,6211
11,6214
21,6214
26,6214
34,6214
28,6217
16,6218
24,6219
47,6220
46,6221
37,6224
41,6227
10,6231
24,6231
26,6231
57,6232
45,6236
58,6236
44,6237
3,6238
57,6238
20,6239
29,6239
5,6240
47,6240
4,6242
3,6244
58,6245
1,6247
14,6247
1,6249
58,6250
60,6253
6,6253
58,6255
8,6256
15,6256
8,6257
45,6258
29,6259
5,6260
52,6261
1,6262
2,6263
1,6264
4,6264
2,6266
43,6267
44,6267
2,6269
35,6269
7,6270
3,6271
5,6273
42,6273
39,6275
5,6278
28,6278
6,6279
9,6279
1,6280
4,6280
51,6280
3,6281
4,6282
1,6283
31,6284
56,6284
2,6285
7,6285
2,6286
27,6286
31,6286
57,6286
1,6289
15,6290
19,6293
3,6294
2,6295
5,6295
1,6296
4,6297
2,6298
3,6298
4,6299
1,6301
5,6301
1,6302
13,6304
55,6305
2,6306
3,6306
44,6307
53,6307
2,6308
4,6308
4,6310
36,6310
5,6313
17,6317
52,6317
3,6318
6,6318
11,6320
5,6321
7,6321
12,6321
44,6324
45,6327
10,6328
55,6331
33,6335
40,6339
14,6341
30,6342
43,6343
47,6343
18,6345
1,6347
9,6347
15,6347
51,6347
13,6348
24,6348
1,6349
2,6351
1,6352
45,6353
35,6354
2,6355
42,6355
2,6357
5,6357
38,6359
42,6359
41,6360
26,6361
33,6361
32,6362
51,6364
21,6365
33,6366
38,6366
40,6367
36,6368
54,6368
20,6370
27,6371
48,6371
43,6373
8,6375
28,6375
3,6378
5,6379
4,6382
5,6383
1,6384
1,6385
10,6385
39,6386
4,6387
50,6387
2,6388
37,6388
42,6388
1,6389
3,6389
43,6391
3,6392
26,6392
9,6393
35,6395
45,6397
2,6398
46,6398
2,6399
24,6400
43,6401
11,6405
34,6405
10,6409
19,6410
31,6414
33,6416
38,6416
52,6416
24,6420
44,6420
8,6427
34,6427
42,6429
49,6429
17,6430
29,6432
23,6433
17,6436
46,6436
7,6437
1,6438
18,6439
42,6439
38,6440
53,6440
59,6440
44,6443
34,6444
1,6446
2,6448
2,6449
1,6451
39,6451
52,6451
2,6452
34,6452
20,6453
29,6453
8,6454
46,6454
23,6459
29,6459
40,6459
46,6460
12,6461
15,6461
45,6462
22,6465
29,6465
29,6466
58,6467
59,6467
7,6469
38,6469
1,6473
1,6474
32,6475
60,6477
2,6478
53,6479
12,6480
2,6482
1,6485
2,6486
47,6486
29,6487
42,6487
53,6488
48,6491
20,6492
40,6492
1,6493
25,6494
2,6496
1,6497
25,6497
38,6497
2,6498
1,6500
27,6500
2,6501
20,6501
60,6506
32,6506
56,6506
1,6509
1,6510
2,6512
2,6513
1,6514
46,6515
2,6518
10,6519
26,6519
58,6520
26,6521
21,6522
9,6523
10,6524
39,6524
47,6524
51,6525
9,6526
6,6528
15,6528
57,6528
39,6532
23,6536
59,6536
48,6538
58,6538
18,6539
20,6540
27,6542
36,6545
51,6548
42,6549
3,6550
4,6551
42,6551
4,6552
39,6553
51,6553
5,6554
10,6555
44,6556
5,6557
29,6558
52,6560
55,6562
3,6563
30,6563
41,6564
45,6566
19,6567
11,6568
27,6569
46,6569
47,6569
30,6570
1,6572
2,6573
17,6574
1,6576
2,6578
28,6578
17,6579
1,6580
42,6581
43,6582
55,6586
2,6589
25,6590
40,6591
34,6592
14,6595
46,6595
10,6599
19,6599
31,6603
59,6604
10,6605
25,6605
34,6606
31,6609
43,6614
56,6614
37,6616
6,6617
18,6617
24,6617
44,6619
52,6622
25,6623
32,6627
33,6628
24,6631
26,6635
14,6636
59,6636
34,6638
16,6639
36,6639
60,6642
48,6642
7,6643
31,6643
50,6644
1,6645
17,6645
26,6645
1,6646
40,6648
2,6649
46,6649
2,6657
59,6657
1,6659
49,6660
7,6661
10,6661
20,6661
50,6662
2,6664
6,6664
30,6665
51,6668
40,6671
15,6673
34,6675
45,6675
37,6676
23,6678
7,6679
42,6679
9,6680
28,6680
23,6682
3,6683
45,6683
5,6684
5,6689
18,6689
4,6696
22,6696
51,6696
9,6697
22,6698
60,6700
4,6700
46,6700
3,6701
28,6706
31,6707
9,6708
8,6709
17,6709
21,6709
30,6709
14,6711
15,6712
45,6712
57,6716
44,6718
3,6719
10,6719
22,6720
45,6720
5,6721
18,6721
23,6722
4,6723
5,6724
40,6724
3,6725
6,6727
58,6728
4,6729
16,6730
26,6732
46,6732
45,6734
48,6735
2,6736
3,6739
26,6739
4,6740
15,6740
5,6741
4,6742
10,6742
23,6742
41,6742
12,6744
10,6746
21,6746
24,6746
31,6746
5,6747
51,6747
13,6748
47,6749
59,6750
3,6753
43,6757
49,6757
3,6760
4,6765
7,6765
33,6765
4,6766
39,6766
3,6767
50,6769
5,6770
45,6770
5,6771
18,6772
54,6772
58,6775
9,6782
50,6784
34,6785
56,6785
3,6786
54,6786
16,6787
21,6789
49,6792
5,6795
4,6797
3,6798
50,6800
5,6801
4,6803
16,6803
42,6804
43,6805
34,6812
31,6817
57,6817
30,6818
60,6823
18,6823
55,6827
11,6829
59,6829
3,6832
39,6832
8,6837
28,6838
1,6839
29,6839
2,6840
25,6841
36,6841
55,6842
1,6843
44,6844
28,6845
1,6846
2,6847
36,6848
2,6849
46,6850
19,6852
26,6852
55,6853
33,6854
41,6856
60,6859
31,6860
6,6861
1,6862
13,6862
41,6863
23,6864
56,6864
1,6867
15,6867
18,6867
51,6867
50,6869
2,6870
30,6870
2,6871
1,6873
35,6873
2,6874
37,6874
41,6875
9,6876
7,6878
58,6879
38,6881
57,6886
24,6887
31,6887
41,6887
14,6888
19,6889
15,6893
9,6894
60,6895
28,6895
32,6896
11,6898
53,6898
29,6899
33,6902
23,6903
47,6903
12,6904
42,6905
26,6906
45,6906
33,6907
37,6907
36,6912
20,6913
56,6915
57,6915
43,6919
44,6920
45,6921
11,6923
53,6925
55,6925
59,6925
42,6926
11,6927
46,6927
27,6928
19,6930
23,6931
34,6933
35,6933
3,6934
4,6935
5,6936
48,6937
3,6938
2,6939
5,6939
22,6939
36,6940
34,6941
4,6942
38,6942
56,6948
1,6949
6,6949
39,6950
1,6952
29,6952
2,6954
9,6956
1,6957
38,6958
23,6959
25,6959
2,6960
9,6960
40,6963
50,6963
2,6965
12,6968
43,6970
11,6974
58,6975
3,6976
41,6976
20,6977
29,6977
5,6980
5,6982
49,6982
4,6984
3,6985
4,6986
15,6986
41,6986
55,6990
15,6991
51,6991
55,6991
60,6992
22,6992
7,6993
17,6994
29,6994
60,6997
28,6998
44,6998
39,6999
29,7003
31,7003
16,7006
33,7006
23,7007
30,7008
56,7008
59,7010
36,7011
21,7012
1,7016
2,7018
1,7019
23,7020
2,7021
41,7022
55,7022
45,7023
58,7023
41,7025
1,7026
33,7026
34,7026
39,7026
40,7029
48,7030
2,7032
45,7034
1,7035
7,7035
1,7037
32,7037
2,7038
3,7039
51,7039
5,7040
60,7041
1,7041
4,7041
2,7042
3,7042
37,7042
60,7043
5,7043
17,7044
2,7045
4,7045
45,7045
20,7050
35,7052
3,7056
17,7056
4,7057
40,7057
4,7061
46,7061
5,7062
3,7064
37,7064
5,7065
27,7065
59,7066
33,7068
54,7068
31,7071
51,7071
43,7072
47,7075
17,7082
53,7082
25,7083
37,7085
7,7086
11,7088
14,7088
32,7094
50,7094
55,7095
56,7095
32,7097
3,7098
5,7100
16,7100
4,7101
4,7102
37,7102
50,7103
2,7104
18,7105
5,7106
32,7106
53,7106
24,7108
31,7108
3,7109
10,7109
53,7111
49,7117
38,7119
57,7123
51,7124
60,7125
43,7126
41,7127
30,7128
22,7131
3,7134
23,7135
48,7135
4,7136
39,7140
3,7141
20,7141
48,7141
5,7142
5,7143
9,7144
4,7147
34,7152
51,7154
50,7157
30,7158
33,7160
50,7160
58,7162
28,7167
52,7167
7,7169
37,7170
48,7174
39,7175
33,7180
52,7181
12,7192
11,7194
27,7199
59,7199
29,7200
8,7201
8,7203
17,7203
19,7204
56,7204
25,7205
38,7205
53,7206
9,7209
48,7209
30,7210
12,7213
37,7216
24,7219
33,7219
26,7220
46,7224
47,7224
46,7225
21,7226
12,7227
1,7231
9,7231
58,7231
2,7235
28,7236
1,7238
1,7239
40,7240
2,7242
43,7245
54,7245
2,7247
50,7247
39,7248
23,7249
27,7250
23,7251
35,7255
27,7260
55,7260
46,7262
48,7262
16,7268
24,7268
8,7269
13,7269
32,7271
13,7275
29,7280
30,7282
41,7282
3,7285
36,7285
32,7286
4,7289
27,7289
3,7290
29,7290
54,7290
4,7291
59,7291
5,7292
44,7292
59,7292
60,7293
5,7294
60,7295
47,7295
10,7297
12,7297
55,7299
58,7299
58,7300
27,7302
39,7306
44,7307
14,7309
23,7310
47,7310
3,7311
4,7312
27,7312
3,7313
12,7314
59,7314
55,7315
13,7316
41,7316
40,7317
5,7318
34,7318
5,7319
41,7319
4,7320
34,7322
3,7325
10,7326
4,7327
48,7330
28,7331
37,7332
5,7334
11,7334
5,7337
34,7337
4,7338
3,7339
8,7340
34,7344
11,7346
58,7346
3,7356
4,7359
11,7359
55,7359
57,7359
20,7360
37,7361
5,7363
16,7363
33,7366
5,7368
23,7368
56,7368
49,7369
60,7371
3,7372
17,7372
4,7373
6,7373
23,7375
51,7377
10,7378
13,7379
25,7379
49,7380
28,7381
22,7384
26,7387
12,7392
20,7395
39,7395
30,7396
49,7396
39,7397
21,7398
25,7399
23,7404
1,7405
19,7405
2,7406
1,7407
2,7410
3,7410
4,7413
17,7414
1,7415
45,7415
2,7417
3,7418
5,7419
4,7420
5,7422
12,7427
25,7429
10,7430
14,7430
51,7430
7,7432
35,7432
49,7433
41,7437
12,7440
3,7441
58,7441
14,7443
59,7443
5,7444
18,7444
47,7444
48,7444
49,7444
5,7448
41,7448
4,7449
57,7451
3,7452
22,7452
4,7455
54,7457
56,7462
3,7464
28,7464
4,7465
21,7465
12,7466
14,7466
46,7467
5,7468
46,7469
4,7470
3,7471
21,7471
18,7473
5,7474
25,7475
52,7476
29,7477
7,7482
30,7482
20,7484
3,7487
5,7488
46,7490
4,7491
3,7492
49,7494
5,7496
4,7497
18,7497
18,7498
3,7500
4,7504
3,7505
60,7506
9,7514
15,7515
30,7516
4,7517
23,7517
24,7517
55,7517
9,7519
54,7519
5,7522
5,7523
45,7525
53,7526
19,7529
26,7530
60,7532
32,7533
46,7533
52,7533
41,7535
21,7536
18,7539
29,7539
39,7539
43,7539
30,7540
37,7541
44,7542
32,7543
50,7545
16,7549
16,7550
23,7553
32,7553
41,7554
6,7555
23,7555
29,7555
40,7555
1,7558
2,7560
15,7560
31,7560
14,7563
17,7563
2,7564
1,7565
8,7565
36,7565
2,7566
15,7569
51,7569
54,7569
1,7570
2,7571
53,7571
11,7573
9,7576
51,7584
59,7587
12,7592
21,7593
48,7593
3,7594
48,7594
49,7594
4,7595
4,7597
48,7597
5,7598
39,7598
52,7598
55,7601
7,7602
12,7604
41,7604
43,7604
3,7608
6,7608
5,7609
11,7609
52,7611
15,7617
20,7617
42,7619
11,7622
45,7622
54,7623
38,7625
44,7625
45,7628
14,7632
28,7634
36,7638
55,7639
27,7640
58,7640
34,7643
34,7645
16,7646
25,7646
28,7647
42,7647
20,7650
9,7652
14,7652
49,7653
53,7654
59,7654
16,7655
46,7655
49,7655
15,7657
25,7657
6,7658
13,7661
43,7661
42,7662
25,7663
10,7664
47,7665
2,7668
16,7668
36,7668
47,7671
54,7671
56,7671
20,7674
3,7675
44,7675
45,7675
5,7677
15,7677
5,7678
21,7678
28,7678
4,7680
4,7682
3,7683
1,7684
1,7685
30,7685
2,7687
1,7689
2,7691
30,7691
2,7692
38,7698
30,7699
55,7701
21,7703
51,7703
32,7706
15,7707
44,7708
17,7709
20,7709
31,7709
52,7710
44,7711
41,7712
25,7713
29,7716
48,7722
51,7722
3,7723
45,7723
1,7726
1,7728
49,7728
2,7730
2,7731
1,7735
6,7739
44,7739
2,7740
18,7740
1,7741
8,7742
2,7743
1,7747
1,7749
2,7750
26,7750
42,7750
2,7751
26,7751
2,7758
40,7760
40,7762
27,7764
22,7766
24,7766
49,7767
43,7768
35,7769
55,7769
13,7770
37,7770
10,7774
3,7777
5,7778
27,7778
4,7779
46,7785
54,7785
35,7787
5,7789
27,7790
33,7791
4,7792
31,7792
29,7793
42,7794
53,7794
58,7794
3,7795
57,7795
1,7796
1,7798
51,7800
10,7801
2,7802
21,7803
41,7803
1,7804
25,7804
2,7805
2,7806
24,7806
10,7808
37,7812
15,7813
60,7816
15,7816
47,7816
32,7820
40,7821
21,7822
7,7823
8,7824
13,7824
43,7824
24,7828
3,7829
1,7830
6,7830
24,7836
4,7837
39,7837
1,7838
2,7839
4,7839
3,7840
22,7840
44,7840
25,7841
60,7842
1,7842
5,7843
4,7844
2,7845
2,7846
57,7846
50,7847
54,7847
15,7848
45,7850
5,7851
17,7854
52,7858
59,7858
19,7860
35,7860
54,7860
12,7861
30,7861
3,7862
4,7866
31,7869
4,7871
3,7874
5,7875
58,7876
5,7878
41,7878
30,7881
46,7881
48,7882
33,7883
10,7885
40,7885
27,7888
3,7889
54,7889
5,7890
9,7892
14,7892
4,7895
4,7897
40,7897
3,7899
17,7899
6,7900
29,7901
5,7902
6,7903
16,7903
47,7904
1,7905
1,7906
3,7906
2,7908
14,7908
12,7909
27,7909
2,7910
18,7910
56,7910
33,7911
1,7914
43,7916
2,7918
6,7918
56,7920
10,7921
29,7922
15,7925
44,7925
17,7928
9,7929
51,7931
33,7932
19,7933
60,7936
52,7936
25,7937
22,7942
16,7946
6,7947
42,7947
22,7954
12,7957
53,7959
12,7960
29,7960
11,7961
36,7961
17,7962
43,7964
12,7966
21,7966
35,7966
48,7966
41,7967
59,7968
51,7971
60,7974
48,7974
24,7976
58,7976
60,7977
1,7977
35,7977
42,7977
1,7979
2,7980
2,7982
31,7983
47,7984
1,7987
2,7988
32,7989
59,7990
24,7991
27,7992
52,7992
51,7997
31,7998
9,8000
3,8001
5,8003
10,8003
53,8003
5,8005
4,8006
47,8006
42,8007
14,8009
30,8009
32,8009
3,8010
19,8010
21,8010
35,8011
41,8011
45,8011
35,8012
44,8013
58,8013
4,8014
35,8018
57,8018
48,8022
43,8024
40,8025
43,8025
8,8026
40,8026
57,8026
37,8028
47,8031
54,8032
16,8038
41,8039
53,8042
21,8043
26,8046
38,8046
32,8047
60,8049
21,8049
19,8050
49,8050
40,8052
9,8053
30,8061
14,8063
22,8063
28,8063
5,8066
32,8069
3,8070
27,8070
33,8071
52,8071
4,8072
41,8072
43,8073
48,8074
5,8075
13,8077
3,8078
17,8078
35,8080
50,8081
41,8082
4,8083
8,8086
56,8086
15,8088
20,8089
21,8090
15,8091
54,8091
5,8094
29,8094
31,8097
34,8097
20,8101
31,8102
14,8103
40,8103
26,8104
35,8104
42,8107
38,8108
50,8111
1,8117
32,8117
3,8118
5,8119
9,8122
56,8122
4,8124
52,8124
46,8125
10,8126
36,8126
46,8127
51,8128
34,8129
5,8130
9,8130
3,8131
8,8131
50,8131
20,8132
37,8132
21,8133
33,8133
28,8134
4,8135
8,8135
5,8136
1,8137
1,8138
2,8139
42,8140
42,8143
1,8144
2,8146
2,8147
20,8150
14,8151
49,8152
3,8153
47,8154
10,8155
4,8156
57,8156
4,8157
52,8158
5,8161
27,8164
5,8165
3,8166
20,8168
22,8168
33,8168
38,8168
43,8171
54,8171
57,8172
54,8175
14,8177
57,8178
53,8182
12,8183
22,8183
57,8183
36,8186
34,8192
23,8193
46,8196
57,8198
23,8199
22,8200
7,8206
39,8206
40,8206
3,8208
8,8208
14,8208
5,8209
30,8209
5,8210
27,8212
4,8213
22,8213
57,8213
37,8214
8,8216
59,8217
40,8220
25,8221
40,8221
8,8222
4,8223
52,8223
55,8223
3,8224
29,8225
11,8227
43,8227
33,8229
7,8231
23,8232
57,8232
17,8234
57,8235
10,8236
27,8236
34,8236
59,8237
1,8238
51,8238
2,8240
1,8241
47,8241
1,8242
2,8245
2,8246
53,8246
16,8248
40,8249
17,8251
34,8252
7,8256
36,8257
47,8257
57,8259
35,8260
41,8260
19,8261
35,8264
7,8266
56,8266
10,8268
53,8268
16,8269
22,8271
59,8272
57,8276
44,8277
6,8278
16,8279
19,8280
9,8281
10,8283
31,8283
48,8283
33,8285
50,8285
6,8287
34,8287
37,8288
43,8290
58,8290
10,8291
15,8293
12,8294
30,8296
40,8296
29,8299
42,8299
58,8303
16,8304
45,8305
57,8306
14,8307
40,8309
44,8309
50,8311
31,8312
35,8314
32,8315
6,8316
16,8316
52,8316
11,8317
59,8320
44,8321
58,8323
57,8326
26,8336
14,8338
13,8339
10,8340
18,8340
23,8340
58,8340
52,8346
10,8353
53,8353
36,8360
56,8362
47,8364
7,8365
15,8369
51,8372
47,8375
10,8377
13,8377
16,8377
42,8377
48,8377
23,8379
54,8379
25,8387
13,8394
11,8395
12,8395
3,8398
4,8402
14,8402
60,8403
5,8404
46,8404
5,8406
57,8406
4,8408
27,8409
14,8410
17,8410
3,8411
50,8411
16,8412
30,8412
54,8412
29,8415
10,8416
37,8418
53,8418
35,8419
29,8420
36,8420
8,8423
51,8424
49,8428
14,8429
52,8431
57,8431
3,8434
5,8435
4,8436
48,8436
4,8437
43,8438
5,8439
34,8439
3,8440
60,8444
1,8444
1,8446
2,8449
55,8449
2,8450
1,8451
43,8451
2,8453
26,8453
10,8454
16,8455
12,8456
20,8456
58,8456
18,8457
42,8459
27,8460
18,8462
29,8462
41,8464
4,8465
48,8465
11,8467
16,8467
37,8468
1,8469
2,8473
12,8473
1,8476
2,8477
47,8478
36,8480
1,8482
2,8483
19,8484
7,8485
13,8485
35,8485
34,8487
3,8488
59,8488
21,8490
22,8491
4,8492
9,8492
18,8493
1,8494
59,8496
2,8497
4,8497
24,8497
1,8498
5,8498
14,8499
1,8502
5,8502
2,8503
24,8503
2,8504
10,8504
3,8506
37,8507
15,8512
30,8513
35,8513
12,8515
35,8517
43,8517
58,8517
36,8519
28,8522
26,8523
30,8523
41,8523
9,8525
52,8526
33,8530
44,8531
56,8531
17,8532
51,8533
57,8533
24,8536
47,8537
43,8542
1,8543
40,8543
54,8543
1,8544
25,8545
45,8545
48,8545
2,8546
24,8547
1,8549
40,8550
2,8551
25,8551
30,8551
2,8552
29,8553
32,8553
18,8558
60,8559
23,8562
15,8564
32,8566
37,8566
58,8566
57,8568
12,8570
60,8575
36,8576
49,8577
37,8580
13,8581
53,8581
53,8582
10,8584
56,8585
3,8587
15,8587
60,8588
5,8589
5,8591
4,8592
31,8592
51,8595
26,8597
57,8599
3,8600
4,8602
12,8603
56,8603
30,8605
60,8607
42,8607
45,8610
6,8613
8,8613
54,8614
7,8617
58,8617
38,8618
4,8620
19,8620
29,8621
16,8623
56,8624
33,8626
1,8631
12,8631
1,8633
7,8633
14,8633
27,8633
2,8634
2,8636
1,8637
56,8637
2,8639
11,8639
41,8639
60,8642
49,8642
44,8643
9,8644
10,8645
28,8645
9,8646
32,8650
36,8650
41,8650
42,8653
51,8653
55,8653
50,8654
1,8655
21,8657
1,8658
2,8659
1,8661
35,8661
2,8663
36,8663
2,8664
32,8664
51,8666
6,8668
22,8668
8,8669
36,8669
3,8670
40,8671
4,8672
5,8673
4,8675
12,8675
3,8676
54,8676
5,8678
34,8681
22,8683
1,8690
17,8690
24,8693
21,8695
60,8697
1,8697
16,8697
12,8699
1,8700
8,8700
37,8700
39,8700
8,8701
44,8701
59,8701
2,8702
29,8703
59,8704
2,8707
34,8707
1,8709
33,8709
2,8710
50,8710
11,8713
33,8714
54,8719
22,8720
10,8722
3,8723
9,8723
58,8723
13,8724
1,8725
5,8725
5,8727
37,8727
2,8729
4,8729
1,8730
4,8730
50,8730
2,8731
3,8731
40,8731
1,8732
2,8735
19,8735
32,8735
40,8736
8,8738
36,8740
55,8743
49,8745
45,8751
24,8754
56,8754
1,8755
45,8755
1,8756
2,8757
45,8757
41,8760
2,8761
30,8763
39,8764
1,8766
2,8767
33,8769
22,8770
27,8771
10,8772
15,8773
55,8776
39,8777
40,8780
43,8781
19,8782
8,8784
8,8787
12,8788
29,8788
21,8793
35,8793
1,8795
29,8795
2,8797
37,8797
1,8800
3,8800
19,8800
2,8801
4,8801
18,8802
1,8803
3,8803
27,8803
2,8804
34,8804
5,8805
1,8806
5,8808
2,8809
49,8810
4,8812
53,8813
7,8814
49,8814
1,8815
24,8815
2,8818
3,8818
24,8818
1,8819
33,8819
48,8819
2,8820
14,8820
59,8820
5,8821
7,8821
4,8822
5,8823
44,8823
49,8824
3,8826
32,8826
54,8828
4,8830
53,8833
9,8834
13,8836
32,8836
24,8837
46,8838
32,8839
57,8840
51,8841
22,8842
52,8844
25,8846
13,8851
27,8851
24,8854
10,8856
50,8856
46,8857
21,8859
54,8860
17,8861
59,8862
13,8863
16,8864
20,8864
26,8866
34,8867
39,8868
24,8869
36,8872
47,8874
6,8875
1,8876
2,8878
1,8879
21,8879
2,8880
1,8881
51,8881
31,8882
2,8883
8,8886
19,8888
60,8889
45,8892
3,8896
13,8896
5,8897
17,8899
43,8900
1,8901
2,8902
4,8902
5,8902
1,8903
3,8903
4,8904
46,8904
1,8905
47,8905
5,8906
2,8907
2,8910
30,8912
48,8913
27,8918
56,8921
42,8923
45,8924
10,8926
28,8931
13,8936
26,8936
29,8948
55,8948
3,8951
12,8951
50,8952
54,8952
15,8953
1,8954
5,8954
1,8955
4,8956
48,8956
2,8957
60,8958
1,8959
37,8960
50,8960
2,8961
3,8962
39,8962
54,8962
4,8964
32,8964
2,8965
5,8965
23,8968
48,8969
31,8970
32,8970
46,8970
26,8971
60,8974
51,8977
27,8979
37,8979
40,8979
60,8981
14,8982
38,8983
19,8985
43,8986
44,8988
16,8989
34,8990
31,8993
8,8994
25,8998
50,8999
20,9003
58,9003
6,9005
3,9007
20,9007
9,9010
26,9011
51,9011
58,9013
60,9017
22,9021
43,9021
16,9023
28,9024
33,9024
39,9026
3,9028
23,9028
6,9031
15,9032
34,9032
51,9035
35,9036
6,9037
36,9037
23,9038
21,9039
58,9039
59,9039
4,9040
9,9041
25,9042
50,9042
5,9044
50,9046
32,9047
58,9047
4,9048
3,9049
60,9053
5,9053
42,9053
42,9055
59,9058
37,9059
54,9059
59,9059
60,9062
59,9065
50,9067
56,9067
29,9068
1,9069
3,9069
5,9070
50,9072
1,9073
4,9073
32,9073
14,9074
2,9076
4,9076
7,9077
2,9078
1,9079
3,9079
49,9079
24,9080
60,9083
22,9083
2,9084
34,9084
5,9085
24,9089
13,9090
37,9095
15,9096
32,9096
10,9097
27,9097
60,9098
7,9098
47,9100
18,9104
31,9104
23,9107
20,9108
14,9109
48,9109
38,9110
43,9110
58,9110
40,9113
14,9115
24,9115
19,9116
3,9118
11,9119
18,9119
11,9123
17,9124
4,9127
28,9128
17,9130
1,9131
30,9131
2,9132
60,9133
1,9133
4,9133
2,9135
5,9135
3,9136
30,9138
5,9140
1,9141
2,9142
21,9144
12,9151
35,9151
1,9154
15,9154
30,9154
49,9154
49,9155
13,9156
40,9158
2,9160
36,9161
12,9162
18,9163
48,9163
1,9164
55,9164
2,9166
16,9166
3,9167
35,9167
24,9168
12,9169
32,9169
1,9170
22,9170
54,9170
10,9172
42,9172
15,9173
5,9175
32,9176
2,9177
4,9177
49,9179
38,9181
3,9183
45,9183
5,9184
58,9186
4,9187
5,9187
14,9191
51,9192
8,9195
28,9195
32,9198
48,9199
57,9199
58,9199
35,9205
24,9207
57,9207
7,9209
42,9209
19,9212
3,9213
54,9213
5,9214
4,9216
33,9217
3,9219
5,9220
4,9221
39,9222
50,9224
32,9225
44,9228
43,9229
49,9230
50,9230
55,9236
27,9244
38,9244
34,9248
53,9249
52,9251
46,9252
28,9253
16,9257
16,9258
28,9258
22,9264
45,9264
20,9268
36,9268
18,9269
46,9269
7,9274
4,9277
32,9278
29,9282
45,9282
48,9284
9,9285
19,9285
59,9285
8,9288
31,9288
44,9290
45,9291
9,9292
26,9293
43,9294
45,9295
25,9296
56,9297
56,9300
25,9301
17,9302
55,9303
9,9304
58,9304
19,9305
1,9306
24,9307
2,9308
1,9310
36,9310
2,9311
7,9311
1,9312
57,9313
2,9315
39,9316
56,9320
38,9325
21,9326
6,9328
6,9330
25,9333
13,9334
21,9339
26,9340
46,9340
49,9341
46,9342
13,9343
17,9345
32,9348
60,9349
21,9350
6,9352
23,9353
14,9357
54,9357
51,9359
7,9362
35,9364
35,9365
1,9366
52,9366
1,9368
2,9369
6,9370
20,9370
2,9371
21,9371
26,9371
42,9372
1,9373
2,9374
23,9378
54,9382
33,9385
56,9385
54,9386
22,9389
24,9391
45,9391
56,9394
28,9395
29,9395
27,9396
24,9400
7,9401
32,9401
3,9403
39,9403
4,9404
48,9404
55,9404
5,9405
5,9406
52,9406
4,9407
25,9410
50,9411
56,9411
9,9412
42,9413
31,9415
1,9416
2,9416
3,9416
20,9417
22,9418
28,9419
20,9420
26,9422
2,9423
53,9423
1,9424
3,9424
1,9425
5,9426
33,9426
4,9428
55,9431
3,9433
5,9434
2,9435
4,9436
2,9437
53,9440
29,9445
48,9445
28,9446
34,9446
24,9447
9,9449
38,9457
3,9460
4,9461
43,9461
10,9462
4,9466
6,9467
12,9467
5,9469
3,9470
60,9471
9,9471
54,9473
44,9474
46,9474
5,9475
41,9475
37,9478
1,9482
18,9483
27,9484
31,9485
3,9486
47,9487
33,9488
19,9489
17,9490
36,9490
14,9491
1,9492
59,9492
1,9493
21,9493
9,9496
45,9496
2,9498
2,9499
1,9500
52,9501
10,9502
2,9503
6,9503
27,9505
1,9507
31,9508
2,9509
36,9513
36,9516
10,9517
1,9520
2,9521
1,9522
33,9522
52,9522
2,9523
3,9523
28,9523
10,9524
31,9524
55,9524
4,9527
3,9528
5,9530
5,9532
58,9532
4,9533
38,9539
55,9540
49,9542
51,9547
56,9548
47,9551
31,9553
55,9553
20,9555
34,9555
22,9562
17,9563
9,9565
43,9568
7,9569
19,9573
20,9573
59,9575
52,9576
55,9579
22,9583
26,9585
31,9586
21,9591
29,9594
58,9594
19,9595
40,9603
52,9603
34,9605
47,9612
25,9614
33,9614
24,9615
38,9622
15,9624
30,9627
27,9630
54,9630
50,9632
56,9634
37,9637
37,9638
31,9639
18,9646
41,9649
16,9651
11,9652
52,9652
57,9652
6,9655
9,9656
48,9658
51,9658
32,9659
20,9660
46,9660
13,9662
39,9664
47,9664
34,9665
1,9676
52,9676
1,9678
15,9679
2,9680
28,9680
2,9681
1,9683
14,9684
2,9686
57,9686
18,9689
41,9689
8,9696
11,9696
17,9698
28,9698
36,9699
39,9700
13,9701
27,9702
38,9702
47,9702
45,9708
3,9710
29,9713
35,9714
17,9715
44,9715
7,9716
29,9717
60,9719
54,9719
50,9722
24,9725
11,9729
53,9730
55,9732
13,9733
56,9734
38,9735
3,9742
4,9743
5,9746
4,9748
44,9748
45,9748
28,9749
57,9749
5,9750
3,9751
22,9751
13,9754
29,9754
39,9755
56,9755
43,9757
36,9758
19,9759
49,9762
32,9763
49,9765
49,9768
7,9769
22,9769
22,9773
59,9777
29,9778
43,9778
14,9780
55,9781
22,9782
43,9784
3,9788
5,9789
4,9790
1,9793
22,9793
53,9794
56,9795
1,9796
3,9796
4,9799
48,9799
2,9800
30,9800
2,9801
5,9801
29,9801
1,9803
28,9804
33,9804
37,9805
2,9807
31,9811
11,9812
22,9819
22,9821
19,9823
25,9825
49,9827
54,9827
33,9832
13,9833
21,9834
34,9834
17,9837
56,9839
27,9840
57,9840
58,9840
1,9845
40,9845
2,9846
1,9847
50,9848
52,9848
1,9850
13,9850
2,9851
22,9851
36,9852
2,9853
26,9855
43,9856
13,9857
43,9857
36,9858
19,9859
55,9859
14,9861
50,9863
8,9865
37,9865
17,9867
1,9868
38,9869
39,9874
46,9874
53,9876
15,9877
31,9877
45,9878
49,9880
12,9884
41,9884
41,9885
34,9890
27,9892
33,9892
1,9893
24,9893
1,9894
2,9896
23,9896
1,9899
3,9900
56,9900
2,9901
5,9902
4,9903
2,9904
4,9904
43,9904
5,9906
38,9907
36,9908
3,9909
30,9909
2,9910
1,9912
1,9913
14,9914
39,9916
2,9918
1,9919
39,9919
10,9920
2,9922
46,9922
24,9923
2,9924
40,9924
29,9927
23,9928
42,9930
47,9932
23,9933
28,9939
32,9940
23,9942
53,9942
49,9943
38,9944
27,9945
37,9945
27,9948
55,9949
13,9950
18,9950
34,9951
16,9953
40,9953
30,9954
40,9958
41,9960
58,9960
55,9962
1,9963
1,9964
2,9965
1,9966
43,9967
1,9968
2,9968
45,9971
2,9973
41,9973
19,9974
17,9977
49,9979
23,9980
8,9981
58,9981
20,9983
52,9983
59,9984
19,9985
21,9986
31,9986
35,9987
10,9990
51,9990
54,9991
3,9992
16,9992
25,9992
33,9993
5,9994
20,9994
4,9995
3,9996
9,9996
45,9999
