38,1
35,3
39,6
56,6
14,8
52,14
1,18
1,20
11,20
2,21
1,23
22,24
25,24
2,25
2,26
55,26
16,27
35,29
33,31
35,40
43,40
33,44
22,45
10,46
37,46
38,49
18,50
10,54
12,55
30,57
47,59
56,61
1,68
25,71
51,71
26,72
30,76
42,77
47,77
47,83
22,84
52,84
34,86
58,87
40,90
3,94
5,95
29,96
4,97
33,97
4,98
34,98
5,99
12,99
16,100
3,101
49,103
23,104
31,104
57,109
10,110
47,111
54,112
16,116
1,118
15,118
60,119
2,119
50,119
1,120
51,120
17,121
41,122
2,124
55,124
1,125
2,126
26,126
44,128
44,129
33,133
7,135
4,137
35,137
18,138
58,138
16,139
21,141
11,142
1,143
30,143
2,144
9,144
38,144
1,146
1,147
6,147
2,148
21,148
49,148
2,149
16,150
1,152
2,153
13,153
38,153
50,156
1,157
39,157
21,158
49,159
1,161
21,162
35,163
53,163
2,164
19,164
60,166
2,166
30,166
46,174
16,179
51,180
23,183
42,183
14,184
47,184
36,185
11,186
33,187
26,188
1,189
38,189
60,190
1,190
2,191
5,191
51,191
2,192
1,195
2,196
44,196
50,196
7,198
19,198
22,199
36,199
35,201
21,203
59,205
6,206
34,209
54,209
29,212
21,213
37,220
59,220
16,222
55,232
50,235
22,238
28,238
44,238
42,241
14,243
1,244
36,244
1,245
2,246
1,247
39,248
2,249
2,250
23,251
44,253
1,255
1,258
25,258
2,259
9,259
11,259
1,260
23,260
2,262
30,262
2,263
7,263
30,264
39,264
20,268
48,269
55,269
37,270
35,274
33,277
27,279
46,280
54,280
17,282
17,283
18,283
28,284
32,284
34,284
57,284
30,287
46,287
37,290
33,294
41,297
52,297
49,299
1,304
1,305
2,306
38,306
1,307
2,308
2,309
2,311
16,311
34,313
1,316
40,316
52,316
7,317
1,318
23,318
46,319
2,320
2,321
1,324
2,325
56,328
27,331
38,335
39,335
50,336
60,339
51,340
23,345
58,348
37,353
47,353
47,355
13,356
3,357
33,357
46,358
5,359
1,360
4,360
1,361
4,361
28,361
2,362
1,363
3,363
2,364
35,364
54,364
2,365
5,365
14,365
6,367
23,367
18,369
56,375
40,377
53,380
19,381
26,383
53,383
45,384
23,388
39,393
22,399
13,400
36,400
1,401
3,401
2,402
5,402
1,403
4,403
35,403
56,403
2,404
5,404
40,404
40,405
55,405
1,407
3,407
2,408
4,408
14,408
37,412
49,413
52,413
8,415
16,416
51,416
11,418
15,421
45,421
46,423
27,425
36,426
48,426
28,433
33,433
47,436
52,436
38,440
24,441
27,442
1,443
15,444
24,444
1,445
10,445
2,446
2,447
35,447
1,448
27,448
2,449
27,456
14,459
56,459
34,461
48,462
3,464
15,465
34,466
43,466
5,468
22,469
15,471
5,472
55,472
22,473
23,473
1,474
4,474
51,474
3,475
4,476
2,477
47,477
1,478
2,480
58,480
1,481
21,481
2,482
20,482
27,486
23,487
35,489
45,490
46,491
25,492
39,495
32,497
51,497
11,498
3,500
4,502
3,503
40,506
57,506
42,507
4,508
21,508
32,509
25,510
5,511
22,511
40,512
5,515
20,516
52,517
15,518
21,518
19,519
33,519
3,520
60,521
4,521
5,522
17,522
4,523
5,524
3,525
20,525
22,526
3,528
22,528
57,529
4,530
25,531
4,532
3,533
5,534
48,534
5,535
40,543
56,543
32,545
58,545
60,549
30,549
42,549
32,550
44,550
41,557
35,558
58,559
42,560
11,561
21,563
28,563
43,571
57,571
21,572
3,576
52,576
4,577
5,579
5,580
1,581
3,581
2,583
1,584
4,584
2,587
49,587
1,588
28,588
2,589
29,592
37,592
28,593
19,594
36,594
42,594
45,596
59,599
44,605
7,607
21,609
40,609
17,618
40,618
18,622
56,623
42,624
11,625
48,625
58,629
15,630
54,633
60,634
36,634
50,634
25,636
3,638
5,639
25,639
50,639
1,641
4,641
22,641
30,641
4,642
25,642
1,643
5,643
8,643
2,644
3,644
1,645
2,646
15,646
28,646
2,647
34,648
20,649
59,651
32,652
15,657
14,660
37,660
3,662
22,662
4,664
42,664
50,664
4,665
35,666
43,668
5,669
28,669
35,669
58,669
60,670
5,670
3,671
3,672
23,672
32,673
16,676
53,676
57,676
21,678
50,679
14,680
41,681
6,682
23,684
57,686
40,687
18,693
56,697
20,701
20,702
35,702
50,702
11,704
25,705
45,710
46,711
28,715
24,716
21,717
50,719
18,720
3,722
1,723
5,723
2,724
4,724
1,725
1,726
5,726
10,726
2,727
38,727
2,728
3,729
4,730
9,730
42,731
59,733
36,734
39,736
20,737
49,737
22,740
50,745
58,748
3,749
4,750
1,751
5,751
15,751
1,752
48,753
2,754
11,754
1,755
3,755
2,756
5,757
4,758
2,760
28,761
42,761
19,762
47,763
46,765
52,767
7,769
11,771
34,775
1,777
1,778
18,778
25,778
2,779
1,780
41,780
18,781
2,782
34,782
52,782
2,783
20,784
24,788
3,789
4,790
59,790
5,791
4,792
34,792
5,793
13,793
3,794
22,794
45,794
16,798
42,798
20,799
30,799
30,802
27,803
54,804
48,805
13,806
16,808
3,814
37,814
4,815
32,815
5,816
5,818
4,819
7,820
28,821
47,821
3,822
58,823
14,825
56,831
41,832
11,835
56,835
25,836
49,836
33,838
6,840
36,841
54,845
42,848
46,848
21,850
22,850
17,851
2,853
54,854
36,857
32,858
31,860
41,860
28,863
49,864
47,865
5,866
28,870
55,870
56,871
12,872
32,872
1,873
1,874
48,874
2,875
1,877
2,878
2,879
59,879
53,881
46,883
19,884
18,886
3,887
7,887
43,890
4,891
5,893
4,894
5,895
3,896
33,897
28,902
28,905
25,908
44,908
1,913
12,916
32,916
55,918
32,920
38,920
3,923
5,924
8,924
22,924
47,924
4,925
17,925
53,925
5,926
3,927
33,929
4,931
22,931
45,934
23,936
25,936
32,936
7,937
3,938
4,939
3,940
20,940
43,940
4,941
32,941
5,942
37,942
5,944
59,944
1,945
9,945
2,946
1,947
2,948
21,949
1,950
24,950
28,950
34,950
40,950
2,952
3,952
4,954
4,955
22,955
32,955
60,957
5,957
47,957
5,958
3,959
4,961
41,966
1,969
39,970
10,971
24,971
2,972
13,972
17,972
1,973
16,973
47,975
1,976
53,976
55,976
2,977
6,977
2,980
32,982
29,983
36,983
55,985
9,987
34,989
35,989
50,990
4,991
1,993
60,1004
3,1004
56,1005
21,1006
4,1007
5,1011
17,1011
3,1012
5,1014
4,1015
14,1017
55,1018
26,1019
32,1019
59,1020
55,1021
16,1023
24,1025
7,1026
25,1028
37,1028
41,1029
31,1032
34,1033
3,1034
42,1035
5,1036
40,1036
5,1037
25,1037
36,1037
54,1037
4,1038
4,1039
3,1040
3,1041
18,1041
54,1041
17,1042
23,1043
54,1043
5,1045
4,1046
4,1047
33,1047
47,1047
46,1048
5,1049
27,1049
3,1050
12,1052
36,1052
47,1053
25,1054
53,1054
45,1063
3,1070
43,1071
3,1072
20,1072
33,1072
28,1073
4,1074
11,1074
5,1075
57,1075
4,1076
5,1078
18,1078
3,1080
45,1081
25,1082
16,1083
27,1083
9,1085
18,1085
35,1087
38,1087
60,1089
1,1090
41,1090
1,1091
2,1093
2,1094
11,1094
1,1095
2,1097
35,1098
3,1099
5,1100
5,1101
18,1101
4,1102
14,1102
4,1103
3,1105
17,1105
51,1105
43,1107
1,1112
51,1112
1,1113
2,1114
51,1116
57,1116
12,1117
58,1117
1,1118
2,1119
2,1120
49,1120
8,1122
3,1123
5,1125
19,1126
43,1126
4,1127
10,1127
4,1129
24,1130
26,1130
45,1131
3,1132
31,1132
52,1132
5,1133
3,1136
49,1137
4,1139
3,1140
4,1141
15,1141
34,1141
5,1142
5,1143
27,1143
41,1144
59,1144
52,1147
51,1149
11,1157
24,1158
53,1159
6,1160
25,1160
36,1160
49,1166
60,1169
1,1170
2,1171
32,1171
6,1172
10,1172
7,1173
1,1174
53,1174
1,1175
36,1175
2,1176
46,1176
57,1177
2,1178
48,1179
10,1186
6,1187
27,1189
9,1192
46,1192
28,1194
29,1194
42,1196
32,1200
39,1203
26,1204
36,1204
39,1206
49,1208
16,1211
10,1212
32,1212
26,1213
7,1215
17,1215
3,1219
5,1220
4,1221
41,1221
4,1222
3,1223
14,1223
1,1224
16,1225
36,1225
5,1226
1,1233
14,1234
2,1235
22,1237
1,1238
16,1238
56,1238
1,1239
2,1240
43,1240
48,1240
2,1241
58,1245
34,1247
7,1250
54,1252
51,1253
54,1253
19,1254
28,1254
34,1255
28,1259
60,1260
22,1261
1,1263
2,1266
35,1266
40,1267
1,1268
2,1269
1,1270
34,1270
2,1271
50,1271
1,1272
1,1273
2,1275
36,1276
54,1278
1,1279
2,1281
2,1282
1,1294
49,1294
54,1298
2,1300
1,1301
2,1302
13,1303
15,1303
11,1304
51,1305
1,1306
2,1307
49,1310
36,1312
19,1314
40,1316
48,1316
14,1317
22,1318
33,1319
18,1321
44,1322
55,1323
19,1325
29,1325
36,1325
25,1327
33,1329
37,1330
56,1333
11,1335
60,1338
6,1340
10,1341
48,1341
58,1342
38,1344
12,1346
16,1348
52,1351
1,1355
2,1356
1,1359
54,1359
2,1361
1,1362
46,1362
54,1363
2,1364
7,1364
46,1364
10,1369
21,1370
31,1371
47,1371
15,1375
40,1379
48,1381
15,1382
3,1383
31,1383
5,1384
59,1384
4,1388
4,1390
3,1392
23,1392
5,1394
30,1395
49,1396
19,1397
27,1406
10,1407
45,1407
7,1408
40,1408
58,1409
40,1414
56,1414
6,1416
23,1418
32,1418
3,1419
18,1419
34,1419
4,1420
9,1421
5,1423
15,1423
35,1423
40,1423
5,1424
3,1425
50,1425
4,1426
18,1426
17,1429
23,1429
3,1430
58,1430
5,1431
58,1431
4,1432
41,1432
3,1433
5,1434
4,1436
3,1437
47,1437
16,1438
21,1438
26,1438
53,1438
1,1439
1,1440
2,1441
2,1442
15,1443
29,1443
1,1444
2,1445
22,1447
47,1448
53,1450
39,1454
6,1456
21,1456
24,1457
40,1457
31,1460
25,1462
50,1462
57,1463
28,1464
52,1466
1,1467
44,1467
58,1468
2,1469
1,1470
1,1471
18,1471
46,1471
49,1471
59,1471
2,1472
2,1473
17,1473
20,1473
46,1477
30,1483
51,1484
46,1485
35,1488
45,1488
39,1489
57,1489
29,1490
53,1490
11,1491
39,1494
21,1499
45,1501
14,1506
24,1506
18,1508
46,1508
46,1509
3,1510
4,1511
3,1512
52,1512
5,1513
4,1514
35,1514
5,1517
52,1520
1,1521
13,1521
58,1521
8,1522
23,1522
1,1524
2,1525
1,1528
3,1528
2,1529
4,1529
2,1530
5,1530
35,1530
4,1533
29,1533
41,1533
23,1534
3,1535
20,1535
5,1536
53,1539
18,1540
50,1542
21,1544
46,1544
45,1546
32,1547
32,1548
8,1557
39,1557
36,1560
39,1561
57,1562
44,1564
42,1565
18,1566
21,1567
37,1568
60,1572
31,1573
25,1575
1,1581
56,1581
45,1584
2,1585
35,1585
1,1586
25,1586
2,1587
1,1588
2,1589
24,1590
25,1590
49,1590
1,1592
43,1593
1,1594
3,1595
33,1595
4,1596
14,1596
2,1597
5,1597
1,1598
2,1599
2,1600
5,1602
3,1603
24,1603
54,1603
37,1605
46,1605
4,1606
13,1607
23,1613
1,1619
16,1619
2,1620
3,1620
1,1621
4,1622
4,1623
3,1624
5,1625
28,1625
29,1625
1,1626
5,1626
2,1628
2,1629
40,1638
58,1640
28,1641
36,1645
53,1646
35,1648
3,1649
45,1649
4,1651
4,1652
23,1653
5,1654
5,1655
43,1655
3,1656
3,1659
21,1662
20,1663
37,1663
11,1666
33,1666
6,1669
10,1670
24,1673
51,1673
9,1675
12,1675
3,1676
4,1678
3,1679
22,1679
32,1680
5,1681
19,1682
42,1682
4,1683
5,1684
22,1689
47,1689
33,1690
48,1690
14,1692
32,1698
48,1703
50,1703
43,1704
29,1706
39,1707
60,1710
21,1711
25,1714
23,1718
25,1720
55,1722
60,1723
1,1724
39,1724
1,1725
2,1726
1,1727
25,1727
46,1727
2,1728
2,1729
30,1729
56,1729
1,1733
2,1735
47,1736
1,1737
2,1738
27,1738
54,1738
1,1739
26,1739
2,1740
7,1740
50,1740
24,1741
28,1741
42,1742
16,1744
35,1744
20,1749
2,1750
44,1750
43,1751
1,1752
49,1752
2,1754
42,1754
1,1756
3,1756
29,1756
9,1757
24,1758
1,1759
2,1760
5,1760
54,1760
11,1761
14,1761
31,1761
2,1763
1,1764
2,1766
1,1767
1,1769
2,1770
46,1771
2,1772
12,1772
28,1775
37,1775
13,1776
46,1776
25,1779
3,1780
4,1781
36,1782
11,1783
19,1784
35,1784
3,1786
12,1786
20,1786
24,1788
27,1788
38,1788
4,1790
22,1790
5,1791
28,1791
5,1793
15,1794
57,1797
46,1799
28,1804
57,1805
51,1810
55,1812
24,1813
46,1813
55,1813
36,1814
38,1816
42,1819
28,1821
41,1826
3,1828
4,1830
5,1831
47,1833
59,1834
48,1835
4,1837
5,1838
3,1839
54,1844
33,1845
25,1849
48,1850
41,1852
27,1856
44,1860
33,1861
51,1861
32,1862
53,1863
3,1864
35,1864
40,1865
5,1866
50,1866
4,1867
4,1869
22,1870
5,1871
17,1871
22,1871
3,1872
16,1873
41,1873
1,1874
52,1875
2,1876
1,1877
1,1878
2,1879
59,1879
2,1881
32,1881
6,1882
49,1882
19,1884
19,1887
55,1889
60,1890
33,1890
38,1890
10,1892
18,1895
23,1895
59,1897
9,1898
16,1899
30,1899
17,1901
39,1901
41,1901
3,1907
4,1909
5,1911
4,1913
3,1915
11,1915
39,1915
40,1915
5,1916
33,1916
16,1917
60,1918
24,1918
55,1920
44,1926
17,1929
34,1930
54,1930
15,1931
42,1932
24,1934
59,1937
56,1943
7,1949
30,1953
32,1957
28,1960
55,1960
46,1962
57,1963
32,1969
49,1972
35,1973
1,1975
13,1976
47,1977
2,1980
56,1980
1,1982
55,1982
1,1983
41,1983
38,1985
21,1988
2,1991
2,1992
31,1994
13,1996
31,1998
20,1999
26,2001
54,2001
40,2002
19,2003
21,2003
6,2004
6,2005
43,2006
17,2009
23,2010
49,2010
34,2012
57,2012
13,2013
26,2013
3,2015
4,2020
5,2022
28,2022
4,2023
25,2023
5,2024
10,2024
3,2025
20,2025
45,2026
3,2028
4,2029
5,2030
25,2030
5,2032
3,2033
4,2034
31,2034
17,2037
31,2037
23,2040
26,2040
39,2041
43,2042
51,2047
59,2051
26,2053
38,2055
16,2057
52,2065
14,2066
55,2066
11,2068
51,2069
57,2071
13,2072
31,2072
12,2074
39,2074
12,2075
33,2077
54,2077
47,2080
16,2081
10,2083
35,2083
48,2085
46,2087
2,2090
9,2093
44,2093
55,2096
56,2096
17,2101
40,2102
52,2103
56,2105
7,2106
15,2106
21,2111
47,2111
27,2115
1,2116
1,2117
2,2119
2,2121
1,2123
20,2123
2,2124
9,2124
59,2127
24,2128
21,2129
45,2130
52,2136
9,2140
3,2141
9,2141
49,2141
5,2143
54,2143
4,2144
23,2144
4,2146
7,2146
5,2147
3,2148
8,2149
55,2151
47,2154
6,2158
12,2158
30,2158
25,2159
41,2159
52,2160
12,2161
31,2166
11,2168
36,2169
1,2172
1,2174
2,2175
49,2175
1,2176
2,2177
32,2177
2,2182
8,2184
11,2186
36,2189
54,2190
29,2191
47,2193
35,2197
45,2197
10,2198
38,2198
18,2200
45,2202
19,2203
32,2203
47,2204
21,2208
26,2209
21,2213
39,2213
37,2215
21,2216
25,2216
18,2218
59,2226
31,2227
47,2227
51,2227
16,2228
21,2228
44,2228
51,2228
53,2231
32,2233
37,2235
35,2236
53,2236
1,2240
18,2241
32,2241
2,2242
11,2242
33,2243
48,2244
50,2244
1,2245
49,2248
2,2250
1,2251
3,2251
4,2252
48,2252
5,2253
36,2253
2,2254
4,2254
3,2255
28,2255
53,2255
5,2256
10,2258
46,2258
26,2262
17,2263
34,2263
53,2263
24,2266
48,2266
47,2269
3,2272
38,2274
40,2274
41,2280
40,2281
57,2284
19,2285
49,2285
10,2290
8,2293
59,2294
45,2299
9,2301
23,2301
3,2303
27,2304
4,2305
39,2305
4,2306
53,2307
3,2310
20,2310
29,2311
49,2312
5,2313
17,2313
22,2313
38,2313
5,2314
57,2314
57,2315
41,2322
44,2322
2,2323
3,2324
47,2324
51,2324
36,2325
54,2325
4,2326
5,2327
56,2327
5,2328
4,2329
48,2330
3,2332
38,2332
13,2337
35,2337
8,2338
17,2338
1,2342
9,2345
27,2345
2,2346
47,2346
32,2348
18,2349
1,2351
2,2352
57,2352
1,2354
2,2355
31,2355
46,2355
42,2357
16,2358
56,2358
24,2360
12,2361
18,2362
39,2362
19,2363
50,2363
60,2370
34,2372
41,2379
18,2380
49,2380
55,2384
50,2385
35,2387
38,2387
34,2389
57,2389
3,2392
42,2392
56,2393
5,2396
4,2397
41,2397
1,2398
3,2399
5,2400
34,2400
1,2402
4,2402
2,2403
2,2405
54,2405
1,2406
60,2407
2,2407
43,2408
53,2411
40,2412
44,2413
3,2414
14,2414
15,2415
5,2416
4,2417
3,2418
5,2419
4,2420
57,2424
20,2427
16,2430
32,2430
31,2431
58,2436
38,2437
31,2439
47,2441
49,2444
36,2446
23,2447
18,2449
52,2449
41,2450
51,2452
24,2453
39,2453
47,2453
50,2454
51,2454
3,2464
54,2464
5,2465
4,2466
18,2466
41,2466
60,2467
4,2467
35,2467
50,2467
3,2468
21,2469
60,2470
55,2470
5,2471
12,2471
24,2472
25,2473
18,2475
40,2475
10,2479
43,2481
7,2483
21,2483
14,2486
27,2486
10,2491
47,2491
5,2495
24,2495
38,2496
42,2496
46,2498
10,2500
28,2500
54,2503
55,2504
9,2505
22,2509
53,2510
56,2511
26,2515
55,2516
19,2520
20,2520
47,2520
50,2522
44,2524
59,2525
25,2527
25,2529
47,2529
57,2529
1,2531
39,2531
2,2532
1,2533
1,2534
2,2535
7,2535
23,2535
2,2536
16,2536
57,2538
25,2543
6,2545
22,2552
1,2554
42,2554
2,2556
31,2557
57,2557
1,2558
3,2558
4,2559
5,2560
4,2561
1,2562
2,2563
34,2563
3,2564
49,2564
2,2565
5,2565
19,2567
34,2568
35,2568
26,2570
30,2572
16,2573
7,2578
22,2578
27,2579
16,2582
41,2582
25,2585
56,2585
32,2587
33,2590
51,2590
52,2590
19,2591
28,2591
16,2592
58,2593
11,2594
29,2597
39,2598
17,2602
45,2603
3,2604
4,2605
28,2605
5,2606
5,2607
26,2607
4,2608
3,2610
11,2614
26,2614
1,2616
1,2617
31,2618
2,2619
14,2619
34,2620
2,2621
55,2621
1,2622
38,2622
22,2624
51,2624
2,2626
49,2626
7,2627
11,2627
1,2629
53,2630
29,2631
2,2632
1,2633
44,2633
30,2635
1,2636
16,2637
2,2638
29,2638
2,2640
18,2640
37,2641
57,2641
60,2642
15,2642
52,2642
54,2643
22,2646
53,2650
55,2650
1,2653
2,2654
1,2655
10,2655
45,2655
46,2655
2,2656
26,2656
30,2656
13,2657
1,2658
11,2658
2,2660
34,2665
59,2671
23,2673
7,2678
9,2678
1,2682
24,2684
1,2685
6,2685
2,2686
43,2686
48,2687
1,2689
2,2691
31,2691
42,2691
53,2691
2,2692
40,2693
51,2695
12,2700
29,2700
39,2705
58,2707
18,2709
51,2711
12,2713
14,2713
48,2713
17,2717
30,2723
37,2725
51,2725
14,2728
25,2729
10,2730
20,2732
23,2732
56,2732
39,2734
45,2734
44,2736
4,2741
52,2741
27,2745
9,2746
1,2748
49,2748
2,2750
31,2751
33,2751
1,2752
2,2753
30,2753
1,2755
2,2756
42,2756
60,2762
28,2763
55,2769
36,2772
51,2772
26,2773
11,2774
14,2774
39,2774
32,2777
41,2777
50,2777
5,2778
11,2778
55,2778
60,2779
3,2779
49,2779
5,2780
52,2780
4,2782
37,2782
16,2783
18,2783
6,2784
51,2784
46,2785
5,2786
14,2786
60,2789
4,2789
31,2789
40,2789
14,2790
58,2790
3,2791
42,2791
9,2793
6,2795
30,2797
40,2798
1,2799
6,2799
25,2799
23,2801
59,2801
41,2804
30,2805
54,2807
39,2808
30,2809
50,2813
1,2815
2,2816
1,2817
8,2817
43,2817
1,2818
9,2818
2,2820
54,2820
2,2821
31,2826
32,2826
35,2827
50,2827
32,2828
41,2828
54,2829
37,2833
52,2833
60,2835
29,2835
34,2835
9,2841
24,2848
23,2849
53,2850
6,2853
7,2856
34,2860
15,2861
44,2865
23,2868
37,2869
1,2873
23,2880
32,2881
55,2882
48,2886
11,2887
51,2888
1,2889
2,2890
1,2891
43,2891
8,2892
1,2893
33,2893
59,2895
11,2896
2,2897
24,2897
2,2898
18,2900
27,2902
55,2903
49,2905
15,2906
29,2909
52,2912
38,2916
41,2919
3,2921
5,2922
38,2923
4,2925
5,2926
10,2926
3,2927
24,2927
45,2927
4,2928
56,2929
58,2929
49,2932
55,2933
42,2936
53,2940
41,2942
29,2943
38,2943
24,2944
15,2946
15,2947
27,2947
54,2948
43,2950
55,2952
54,2954
42,2955
38,2956
26,2957
8,2958
13,2958
31,2958
20,2960
28,2960
12,2963
24,2963
60,2968
12,2970
13,2970
56,2971
3,2972
51,2972
4,2974
5,2975
47,2975
3,2976
32,2977
22,2980
4,2981
55,2982
6,2984
20,2984
5,2985
8,2985
54,2985
3,2986
4,2987
1,2988
5,2989
53,2989
1,2990
4,2990
54,2990
5,2991
28,2992
3,2993
15,2993
47,2993
30,2995
49,2995
2,2996
38,2996
58,2996
2,2998
1,2999
25,2999
2,3000
29,3000
34,3000
21,3003
52,3006
25,3008
7,3009
21,3013
10,3014
55,3015
27,3016
23,3019
43,3019
19,3024
50,3024
58,3026
2,3027
17,3029
36,3029
17,3030
58,3030
6,3032
58,3033
31,3038
57,3039
41,3040
22,3042
12,3043
56,3043
17,3044
34,3046
55,3047
41,3048
11,3049
32,3049
52,3054
12,3055
1,3056
1,3057
41,3057
52,3057
2,3058
1,3059
28,3059
50,3059
2,3060
21,3060
45,3060
49,3060
25,3061
48,3061
2,3062
10,3062
34,3063
48,3064
41,3065
13,3066
49,3066
35,3068
13,3069
32,3072
23,3078
43,3079
34,3080
28,3081
40,3081
50,3081
57,3084
48,3085
26,3088
38,3088
50,3089
8,3090
37,3090
19,3091
57,3091
8,3095
54,3095
24,3096
23,3097
25,3099
19,3101
29,3102
11,3105
39,3107
19,3108
26,3111
55,3111
12,3112
50,3112
47,3114
11,3115
42,3117
17,3118
42,3118
49,3124
3,3132
4,3133
3,3135
7,3135
54,3135
5,3136
32,3138
4,3139
5,3141
12,3144
3,3146
19,3146
60,3147
4,3147
42,3147
3,3149
28,3149
20,3151
5,3152
4,3153
5,3154
13,3158
59,3159
8,3160
16,3160
42,3161
23,3163
22,3165
13,3172
28,3172
52,3172
57,3172
30,3173
35,3175
15,3176
25,3176
30,3176
54,3176
40,3180
14,3182
7,3184
3,3187
14,3187
4,3189
4,3190
16,3190
21,3190
50,3190
5,3191
6,3191
3,3192
18,3192
50,3192
55,3192
20,3193
39,3193
51,3193
5,3196
9,3196
55,3196
38,3201
58,3201
3,3204
32,3204
31,3205
4,3206
5,3207
31,3207
3,3208
6,3208
5,3209
7,3209
4,3210
20,3210
55,3215
4,3217
27,3217
46,3219
53,3219
33,3221
40,3223
49,3226
11,3227
32,3228
38,3230
25,3234
31,3234
9,3235
49,3235
1,3238
13,3238
2,3239
1,3241
1,3242
40,3242
2,3244
2,3245
3,3247
23,3247
27,3247
5,3248
5,3249
4,3250
4,3251
3,3252
14,3253
16,3256
26,3259
3,3260
19,3260
20,3261
4,3262
4,3263
5,3264
3,3265
17,3265
56,3265
5,3266
44,3267
42,3268
60,3269
11,3269
50,3269
23,3270
1,3272
1,3273
32,3276
2,3277
2,3278
40,3278
1,3279
10,3279
2,3280
18,3280
6,3282
19,3283
38,3284
54,3284
32,3286
42,3289
52,3295
6,3297
20,3298
3,3300
57,3300
58,3300
5,3301
22,3301
53,3301
4,3302
5,3303
3,3305
4,3306
41,3309
14,3311
27,3313
32,3317
40,3317
42,3318
22,3323
46,3325
1,3330
34,3330
36,3330
2,3331
1,3332
28,3332
39,3333
44,3333
51,3333
52,3333
55,3334
53,3335
2,3337
40,3337
1,3339
34,3339
60,3340
47,3341
2,3342
49,3342
25,3343
23,3344
55,3346
1,3347
44,3349
1,3350
2,3351
1,3353
18,3356
55,3356
2,3358
2,3359
10,3362
60,3363
38,3363
18,3367
6,3368
47,3368
3,3369
34,3369
29,3372
33,3372
13,3374
49,3374
53,3379
17,3380
31,3380
46,3381
20,3383
51,3383
44,3385
42,3386
20,3387
41,3387
12,3389
26,3390
33,3391
15,3397
54,3400
44,3402
25,3405
9,3411
36,3412
6,3416
11,3416
59,3416
27,3417
13,3419
23,3420
44,3421
42,3422
19,3428
44,3428
38,3430
50,3433
24,3434
46,3435
8,3442
3,3444
22,3444
5,3445
16,3445
5,3447
35,3447
4,3448
5,3449
32,3449
15,3450
26,3450
32,3450
4,3453
12,3453
24,3454
3,3455
13,3457
18,3461
30,3465
44,3465
42,3466
21,3468
25,3470
51,3471
21,3472
12,3473
25,3473
14,3477
29,3481
3,3482
4,3483
16,3484
5,3486
3,3487
29,3487
60,3489
38,3489
5,3490
46,3490
4,3491
24,3492
21,3498
52,3498
51,3500
30,3501
39,3503
58,3503
48,3506
17,3507
55,3509
54,3513
52,3515
3,3522
5,3523
15,3523
57,3524
4,3525
28,3525
5,3526
28,3526
41,3530
4,3531
11,3531
47,3531
32,3532
3,3533
3,3536
5,3538
4,3540
27,3541
3,3542
28,3542
5,3544
44,3544
4,3545
28,3545
27,3548
60,3549
46,3549
26,3550
40,3550
17,3551
41,3551
33,3554
57,3554
52,3556
27,3559
39,3561
58,3561
20,3562
41,3563
41,3575
55,3576
58,3576
32,3578
22,3579
14,3580
47,3580
22,3584
5,3585
52,3585
51,3587
26,3590
19,3591
22,3592
43,3593
10,3594
37,3594
47,3597
48,3601
25,3604
13,3605
43,3605
33,3606
40,3609
4,3612
36,3612
55,3612
7,3614
35,3619
39,3622
35,3623
44,3624
23,3627
19,3629
3,3630
27,3630
4,3631
5,3632
38,3634
41,3634
4,3635
36,3637
5,3638
55,3638
3,3640
35,3640
43,3641
26,3642
43,3644
20,3647
9,3648
20,3648
32,3648
51,3648
1,3649
3,3649
2,3650
4,3650
12,3650
22,3650
45,3650
1,3651
41,3651
2,3652
5,3652
1,3653
21,3653
29,3653
30,3653
2,3654
31,3654
14,3655
5,3656
58,3656
39,3657
52,3657
55,3657
4,3658
50,3659
3,3660
10,3660
48,3661
24,3664
54,3664
33,3665
23,3669
37,3669
34,3670
49,3670
18,3672
57,3677
43,3679
41,3681
9,3684
23,3688
43,3691
25,3694
45,3697
1,3701
37,3702
2,3703
1,3704
3,3705
2,3706
5,3706
11,3706
49,3706
1,3707
5,3707
4,3708
4,3709
7,3709
3,3710
52,3710
30,3711
9,3712
2,3713
3,3717
5,3718
49,3718
53,3718
56,3718
4,3719
3,3720
4,3722
9,3722
5,3723
23,3723
55,3726
32,3729
17,3730
45,3732
46,3732
20,3735
54,3735
41,3736
44,3736
1,3740
2,3741
12,3741
24,3741
32,3741
1,3742
27,3742
57,3742
2,3743
1,3744
43,3744
41,3745
7,3747
2,3748
9,3748
57,3749
1,3750
2,3751
1,3754
30,3754
29,3755
2,3759
7,3760
18,3761
1,3762
2,3763
40,3764
46,3765
22,3767
36,3767
12,3769
6,3770
20,3770
21,3770
43,3770
12,3771
17,3771
52,3771
54,3772
9,3773
9,3774
48,3774
15,3775
8,3776
58,3778
24,3782
2,3787
33,3789
34,3791
38,3792
42,3792
23,3793
43,3796
45,3797
21,3799
56,3802
28,3803
56,3805
17,3807
46,3807
41,3808
3,3809
5,3811
4,3812
5,3813
8,3813
4,3815
3,3816
34,3817
56,3817
3,3818
37,3824
24,3826
1,3827
6,3827
2,3828
1,3829
2,3830
1,3831
2,3832
37,3834
20,3836
14,3838
59,3842
1,3843
12,3844
1,3845
8,3845
2,3847
1,3849
2,3850
31,3850
2,3851
44,3853
37,3854
57,3856
33,3857
55,3857
16,3858
11,3859
25,3863
43,3865
33,3866
45,3873
19,3875
24,3875
1,3878
2,3880
34,3880
48,3881
28,3882
1,3883
1,3884
21,3884
31,3884
2,3886
40,3886
2,3888
39,3888
3,3894
9,3894
4,3896
3,3897
9,3897
19,3897
32,3897
41,3897
5,3898
36,3898
4,3899
5,3900
6,3902
3,3905
23,3905
1,3906
4,3906
15,3906
5,3907
22,3908
4,3909
5,3910
18,3910
47,3911
3,3912
33,3913
24,3914
51,3915
55,3918
13,3919
36,3922
54,3923
19,3927
1,3929
1,3931
2,3932
20,3932
39,3932
2,3935
1,3936
60,3937
2,3937
28,3939
42,3939
14,3941
42,3943
47,3943
34,3945
60,3947
46,3948
37,3949
11,3950
3,3954
4,3955
38,3955
1,3957
5,3957
7,3957
2,3958
5,3958
7,3958
13,3958
1,3959
35,3960
1,3961
33,3961
2,3962
4,3962
2,3963
3,3963
7,3963
4,3967
17,3967
10,3969
29,3971
32,3977
11,3978
55,3979
13,3982
24,3983
18,3989
20,3992
56,3992
35,3994
40,3994
54,3995
59,3996
46,3999
30,4004
32,4008
38,4014
34,4018
12,4021
17,4022
53,4022
35,4023
1,4028
50,4028
26,4029
2,4030
36,4030
43,4030
1,4031
1,4032
2,4033
42,4033
36,4034
52,4034
43,4035
57,4035
2,4037
55,4037
50,4038
40,4041
48,4045
39,4048
10,4049
3,4050
4,4052
5,4053
18,4053
44,4053
5,4054
4,4056
10,4056
3,4057
51,4059
45,4065
56,4065
20,4069
36,4069
51,4070
39,4072
9,4074
48,4074
36,4075
41,4076
6,4077
8,4077
17,4079
28,4081
3,4083
4,4084
12,4085
14,4085
5,4086
3,4087
5,4088
1,4089
4,4090
2,4091
1,4092
41,4092
2,4094
43,4095
47,4095
40,4096
1,4097
51,4097
2,4098
7,4098
45,4101
53,4104
11,4108
14,4109
45,4109
49,4111
7,4112
23,4112
50,4113
3,4114
4,4115
5,4117
5,4119
52,4120
4,4121
60,4122
10,4123
3,4125
41,4133
54,4135
1,4136
2,4137
25,4137
54,4137
1,4138
2,4139
1,4141
2,4142
59,4142
34,4144
27,4146
36,4146
11,4152
45,4153
54,4153
1,4154
2,4156
15,4156
1,4158
1,4159
2,4162
29,4163
2,4165
35,4165
51,4172
59,4172
3,4174
30,4174
4,4175
29,4175
37,4177
5,4179
42,4179
15,4180
3,4181
4,4182
5,4184
1,4186
1,4187
53,4187
57,4187
2,4188
24,4188
2,4189
11,4189
30,4189
36,4190
1,4191
2,4192
34,4192
38,4192
7,4193
39,4193
21,4195
49,4195
23,4196
21,4198
48,4198
40,4199
38,4200
10,4201
19,4205
16,4206
28,4208
24,4210
1,4211
2,4213
40,4213
1,4214
1,4215
7,4215
49,4215
2,4217
39,4217
52,4217
28,4218
2,4219
60,4223
18,4223
11,4224
42,4232
3,4237
51,4237
5,4239
31,4239
43,4239
4,4240
25,4240
3,4241
4,4242
17,4242
40,4242
5,4243
11,4243
56,4243
37,4244
52,4244
23,4245
24,4247
19,4251
37,4251
55,4251
7,4257
12,4259
14,4265
10,4266
12,4272
20,4273
51,4274
6,4276
12,4276
36,4276
42,4277
58,4277
18,4278
25,4281
49,4282
24,4283
60,4286
24,4287
37,4289
3,4298
5,4299
51,4299
4,4302
16,4303
25,4303
5,4304
3,4305
32,4305
33,4305
4,4307
9,4310
32,4311
11,4312
8,4314
46,4315
45,4320
11,4322
31,4323
24,4324
27,4333
48,4333
50,4334
43,4336
46,4337
30,4338
15,4340
3,4342
4,4343
11,4343
3,4344
5,4345
19,4345
25,4345
59,4345
4,4347
5,4348
12,4349
21,4349
19,4352
42,4353
39,4356
20,4357
35,4359
36,4364
31,4365
55,4365
36,4368
15,4372
56,4372
20,4373
26,4376
15,4377
51,4382
13,4385
13,4387
28,4388
25,4390
11,4392
12,4396
38,4397
24,4399
10,4403
53,4403
58,4404
17,4405
23,4405
12,4407
20,4409
47,4410
47,4412
48,4413
55,4413
46,4420
51,4420
18,4421
39,4422
52,4423
8,4428
15,4430
13,4433
45,4434
34,4435
42,4436
13,4437
44,4439
53,4442
31,4445
38,4446
41,4446
33,4452
46,4454
56,4454
8,4457
15,4459
28,4461
41,4462
39,4463
58,4467
8,4468
58,4468
40,4469
41,4469
26,4471
23,4479
28,4479
34,4481
34,4484
13,4489
23,4490
3,4491
23,4494
4,4495
7,4495
4,4496
5,4497
5,4498
3,4499
30,4500
56,4503
44,4507
14,4509
48,4510
52,4511
10,4514
57,4517
1,4519
17,4519
1,4520
33,4520
2,4521
20,4521
1,4523
2,4524
2,4525
40,4527
48,4528
3,4529
58,4529
7,4530
4,4531
41,4532
5,4534
29,4535
4,4536
6,4538
23,4538
50,4539
26,4540
41,4540
5,4541
3,4542
22,4542
34,4543
3,4544
4,4545
4,4548
14,4549
35,4549
3,4551
5,4551
5,4552
19,4552
24,4553
3,4554
22,4556
51,4556
27,4558
20,4559
22,4559
21,4560
3,4566
21,4566
25,4567
46,4568
57,4568
13,4569
24,4569
27,4569
55,4569
4,4570
20,4570
12,4572
50,4572
3,4573
11,4573
43,4574
5,4576
12,4576
14,4576
15,4576
19,4576
35,4576
5,4579
45,4579
58,4579
4,4580
37,4580
47,4580
60,4581
37,4581
42,4582
28,4583
22,4585
30,4585
43,4587
12,4588
44,4591
31,4593
55,4594
57,4596
57,4598
36,4600
3,4602
5,4603
25,4603
4,4605
5,4607
4,4608
1,4609
3,4609
1,4610
2,4611
38,4611
60,4612
1,4612
2,4613
2,4614
47,4614
9,4619
39,4620
11,4621
1,4624
37,4624
2,4625
9,4625
1,4626
17,4626
2,4627
21,4628
1,4629
2,4630
3,4631
23,4631
4,4632
8,4632
11,4632
47,4633
3,4634
53,4634
9,4635
58,4635
5,4636
4,4637
5,4638
36,4638
3,4639
7,4640
25,4641
50,4641
5,4642
39,4643
4,4644
5,4645
3,4646
25,4646
4,4647
32,4649
24,4650
56,4651
39,4656
50,4657
32,4660
5,4662
3,4663
4,4664
33,4664
55,4664
5,4666
5,4667
4,4668
3,4669
51,4672
20,4673
29,4673
30,4674
43,4675
11,4676
53,4678
12,4679
56,4680
22,4683
41,4684
29,4686
44,4694
54,4694
35,4697
27,4699
30,4699
24,4700
30,4708
4,4709
52,4711
52,4713
36,4714
12,4720
14,4722
15,4722
8,4724
17,4725
19,4725
50,4726
53,4729
57,4729
32,4730
54,4730
11,4731
22,4731
15,4732
1,4733
2,4734
47,4734
1,4736
1,4737
32,4737
42,4737
2,4738
26,4738
51,4738
2,4739
42,4741
40,4742
41,4742
57,4743
9,4744
46,4747
29,4748
39,4749
7,4751
38,4751
30,4752
1,4753
1,4755
7,4755
57,4755
2,4756
17,4756
2,4757
1,4759
40,4759
45,4759
32,4760
27,4761
2,4762
13,4765
15,4765
21,4766
53,4767
8,4771
13,4771
2,4772
6,4775
43,4775
48,4777
1,4779
17,4779
37,4779
58,4779
39,4780
53,4780
2,4781
1,4782
11,4782
24,4782
1,4783
2,4784
2,4785
24,4787
50,4787
10,4788
50,4788
40,4789
28,4790
30,4791
7,4792
1,4795
2,4797
54,4797
1,4800
9,4800
19,4800
1,4801
2,4802
35,4802
36,4802
15,4803
2,4805
3,4805
5,4806
42,4806
20,4808
40,4808
45,4808
4,4810
4,4812
16,4812
5,4814
3,4815
60,4816
36,4816
47,4817
55,4817
44,4818
3,4819
23,4819
4,4824
35,4824
5,4825
37,4825
3,4826
31,4826
15,4827
15,4828
5,4829
12,4831
31,4833
15,4835
4,4836
14,4837
47,4837
33,4838
45,4839
48,4839
46,4841
17,4842
29,4842
39,4843
52,4844
53,4845
56,4846
2,4847
35,4847
11,4848
1,4849
58,4851
20,4855
42,4855
21,4857
8,4858
22,4859
25,4860
13,4861
18,4861
6,4862
9,4862
9,4864
58,4866
25,4868
27,4870
1,4880
39,4880
2,4881
42,4882
1,4883
41,4885
2,4887
1,4889
2,4890
45,4894
29,4897
60,4898
54,4898
25,4899
25,4901
1,4903
2,4905
24,4905
1,4906
48,4906
1,4907
27,4907
2,4908
38,4908
47,4908
49,4908
2,4909
15,4909
15,4910
24,4912
34,4913
57,4914
37,4920
30,4923
8,4924
30,4924
5,4928
18,4928
6,4929
36,4930
3,4933
42,4933
4,4934
3,4935
18,4935
4,4937
5,4938
44,4938
5,4939
28,4940
57,4941
7,4942
20,4944
33,4945
37,4947
8,4953
50,4954
13,4955
45,4956
58,4958
56,4961
22,4965
20,4967
3,4969
8,4969
4,4970
5,4971
44,4972
4,4973
35,4973
8,4974
46,4974
5,4975
17,4975
28,4975
59,4975
3,4977
8,4977
27,4977
19,4978
23,4981
26,4981
33,4984
44,4984
29,4986
16,4987
20,4991
28,4991
47,5001
48,5001
27,5004
1,5006
9,5006
2,5007
1,5008
47,5008
1,5009
53,5009
2,5010
2,5012
57,5013
10,5015
20,5015
42,5015
54,5016
3,5017
34,5017
55,5019
5,5020
40,5021
56,5021
4,5022
4,5023
24,5023
3,5024
38,5024
5,5026
28,5027
60,5030
55,5030
60,5031
33,5031
54,5031
51,5033
32,5035
14,5036
28,5041
31,5042
15,5047
42,5047
44,5049
25,5051
51,5051
1,5052
1,5053
2,5054
14,5055
1,5056
2,5057
3,5058
2,5060
4,5060
2,5061
3,5062
22,5062
5,5066
12,5067
4,5068
58,5068
29,5069
5,5070
43,5071
52,5077
58,5077
17,5078
42,5079
43,5080
8,5082
52,5082
26,5083
22,5084
1,5085
37,5085
1,5086
23,5086
2,5087
1,5088
42,5088
2,5089
2,5090
11,5090
35,5091
19,5093
53,5093
9,5094
11,5095
8,5096
17,5098
24,5101
54,5103
24,5104
23,5110
31,5112
37,5115
59,5115
46,5117
20,5120
41,5122
40,5125
28,5127
25,5128
14,5129
35,5130
35,5136
32,5137
12,5139
40,5139
12,5140
29,5140
48,5142
50,5144
11,5145
54,5146
13,5147
19,5147
55,5147
60,5149
6,5151
21,5151
39,5151
15,5154
36,5156
45,5159
43,5160
47,5162
52,5162
47,5163
33,5164
51,5165
53,5167
23,5169
36,5171
9,5172
42,5172
57,5177
59,5180
17,5181
54,5181
55,5182
52,5184
33,5186
13,5187
1,5188
60,5189
35,5189
41,5190
1,5191
33,5193
30,5194
2,5195
21,5196
1,5197
2,5198
17,5198
2,5199
8,5199
27,5200
15,5202
34,5208
21,5209
46,5209
8,5214
35,5214
45,5215
22,5219
28,5220
27,5221
52,5228
14,5230
32,5232
8,5233
15,5233
36,5234
50,5234
43,5238
56,5239
32,5241
9,5242
16,5242
23,5243
45,5243
26,5249
52,5251
52,5253
21,5255
51,5255
54,5258
39,5259
44,5259
49,5261
46,5262
48,5262
52,5262
32,5263
58,5263
23,5264
46,5265
12,5266
59,5266
42,5268
57,5268
27,5269
36,5269
3,5270
31,5270
48,5271
4,5272
4,5273
19,5273
26,5273
3,5274
53,5275
5,5276
19,5276
5,5277
32,5280
50,5282
52,5283
34,5284
43,5285
50,5285
18,5290
36,5295
26,5296
14,5297
28,5298
58,5298
17,5300
33,5302
58,5303
56,5304
50,5306
59,5308
11,5311
21,5313
47,5314
28,5327
49,5328
58,5331
39,5332
41,5333
15,5339
12,5345
36,5347
41,5350
46,5350
8,5356
37,5362
54,5362
40,5363
47,5365
38,5369
4,5372
33,5373
14,5374
22,5374
6,5375
3,5377
15,5378
4,5380
5,5381
37,5382
36,5383
3,5384
4,5385
25,5385
19,5387
5,5388
41,5388
46,5388
28,5391
35,5391
41,5392
53,5393
60,5395
56,5395
5,5397
27,5399
49,5405
12,5409
59,5409
45,5410
42,5412
53,5414
11,5415
57,5416
60,5419
24,5424
29,5424
11,5425
38,5433
51,5433
19,5435
45,5444
60,5445
21,5446
47,5449
50,5452
46,5454
52,5455
23,5457
25,5461
44,5461
21,5466
27,5466
6,5467
16,5467
32,5467
28,5468
29,5470
36,5470
54,5471
45,5476
23,5477
4,5479
48,5481
19,5482
50,5482
4,5483
14,5483
48,5490
8,5493
11,5493
57,5494
24,5495
25,5498
38,5498
10,5499
34,5500
1,5501
1,5502
2,5503
3,5503
2,5504
5,5504
18,5504
53,5504
1,5505
4,5505
2,5506
39,5506
4,5507
24,5507
5,5509
37,5509
47,5509
3,5510
51,5512
13,5514
3,5516
40,5517
16,5518
1,5520
1,5521
4,5521
50,5521
2,5522
4,5522
2,5523
5,5523
49,5523
5,5525
3,5526
1,5527
2,5528
13,5528
36,5528
40,5528
52,5528
55,5528
27,5531
30,5531
49,5531
36,5532
8,5533
10,5535
8,5538
14,5540
3,5542
55,5542
59,5542
5,5543
32,5544
12,5545
45,5545
4,5546
53,5547
3,5548
5,5549
24,5549
4,5550
30,5551
10,5552
15,5552
7,5553
36,5556
38,5558
13,5559
37,5559
35,5564
37,5564
3,5565
57,5565
4,5567
5,5569
3,5570
59,5570
8,5571
4,5573
59,5573
56,5574
5,5575
3,5578
10,5579
27,5579
13,5580
19,5580
4,5581
26,5581
34,5581
5,5582
38,5582
47,5582
54,5582
5,5584
4,5585
55,5585
3,5587
25,5591
37,5591
43,5591
60,5592
59,5592
28,5593
14,5594
42,5594
25,5599
1,5600
2,5601
24,5601
51,5601
1,5602
43,5602
1,5604
2,5605
26,5605
2,5606
10,5606
13,5606
48,5609
50,5612
42,5615
8,5617
14,5617
37,5618
27,5619
32,5628
51,5628
20,5631
54,5636
34,5637
30,5638
27,5640
16,5644
52,5647
53,5648
46,5649
55,5649
1,5650
1,5651
2,5652
17,5652
29,5652
21,5654
2,5656
1,5657
32,5657
2,5658
21,5658
17,5661
47,5663
50,5664
20,5665
28,5666
21,5667
40,5667
41,5668
22,5669
6,5670
41,5671
47,5673
33,5674
37,5674
1,5679
2,5681
60,5682
16,5682
1,5685
2,5686
10,5686
32,5686
1,5688
2,5689
40,5689
27,5692
30,5695
42,5696
15,5698
20,5698
33,5698
39,5700
31,5701
11,5702
19,5702
9,5704
40,5704
35,5706
52,5708
12,5715
25,5717
10,5719
29,5720
10,5721
1,5722
7,5722
53,5722
51,5723
1,5725
33,5725
2,5726
52,5726
18,5727
1,5728
51,5729
2,5730
31,5731
52,5733
2,5734
3,5734
46,5734
5,5736
55,5736
4,5738
55,5738
4,5739
5,5741
17,5741
3,5742
21,5742
38,5745
59,5746
18,5749
21,5750
22,5754
18,5755
27,5758
13,5763
54,5763
22,5770
33,5771
44,5771
58,5772
9,5775
1,5777
1,5778
28,5778
2,5779
1,5780
17,5781
2,5782
2,5783
3,5783
6,5783
32,5783
47,5783
5,5784
5,5785
4,5786
3,5788
46,5788
51,5788
4,5789
11,5790
32,5791
3,5793
24,5793
4,5794
4,5795
48,5795
44,5796
54,5796
5,5798
5,5799
58,5802
3,5803
48,5806
23,5807
58,5810
59,5812
6,5814
50,5816
49,5817
24,5819
12,5820
49,5821
57,5822
48,5825
14,5830
20,5836
36,5836
38,5837
30,5839
26,5841
32,5843
34,5843
57,5844
1,5846
5,5846
1,5847
2,5849
1,5851
36,5851
2,5852
3,5852
2,5853
54,5856
45,5857
4,5858
4,5860
1,5862
3,5862
1,5863
5,5863
2,5864
5,5864
55,5864
55,5868
2,5869
14,5869
24,5869
49,5870
1,5871
2,5872
18,5873
51,5873
59,5873
59,5875
44,5876
3,5881
5,5882
4,5883
4,5884
54,5884
39,5885
5,5886
57,5886
7,5887
3,5888
16,5893
48,5894
36,5896
22,5899
58,5901
11,5902
31,5904
31,5907
3,5908
41,5908
19,5910
30,5910
36,5911
4,5912
13,5912
4,5913
3,5914
5,5914
52,5914
5,5915
3,5916
3,5918
15,5918
4,5919
5,5920
10,5920
9,5922
13,5923
26,5923
60,5924
5,5924
3,5925
43,5926
4,5927
18,5931
44,5932
30,5935
17,5937
27,5939
30,5939
50,5939
55,5939
56,5939
27,5941
57,5941
13,5944
21,5946
26,5949
20,5950
27,5950
28,5952
3,5956
24,5956
5,5957
4,5958
18,5958
22,5958
4,5959
58,5960
46,5961
5,5964
3,5965
32,5966
53,5967
58,5967
16,5968
34,5972
36,5972
47,5976
9,5977
24,5977
36,5977
37,5977
55,5977
11,5981
40,5985
19,5990
24,5990
7,5992
48,5996
49,5999
11,6003
9,6004
28,6005
40,6007
55,6008
58,6009
34,6011
19,6012
27,6014
31,6014
20,6016
51,6016
22,6017
31,6018
28,6023
41,6023
36,6024
50,6024
23,6026
39,6026
45,6026
17,6029
31,6029
56,6030
50,6031
18,6035
47,6038
11,6039
15,6039
58,6039
30,6041
6,6044
48,6044
7,6049
1,6051
56,6051
1,6052
39,6052
2,6055
2,6057
56,6057
1,6058
32,6058
2,6059
18,6060
16,6064
56,6065
13,6066
16,6076
14,6077
20,6080
42,6083
6,6086
2,6090
57,6091
3,6094
4,6097
6,6097
5,6098
9,6098
12,6099
5,6100
4,6101
3,6102
10,6102
28,6104
32,6104
54,6104
6,6105
23,6105
28,6105
39,6106
29,6108
31,6108
35,6110
50,6111
9,6112
15,6113
35,6113
57,6113
53,6116
6,6117
30,6119
53,6120
31,6123
12,6124
11,6126
29,6126
38,6126
48,6126
3,6128
8,6129
5,6132
50,6133
4,6134
13,6134
17,6134
4,6135
3,6136
5,6137
32,6138
1,6141
9,6143
42,6143
56,6143
35,6145
41,6145
53,6147
58,6148
50,6149
14,6150
29,6153
56,6154
37,6155
59,6155
42,6158
40,6160
33,6163
40,6165
48,6169
45,6172
7,6174
24,6175
40,6179
33,6181
33,6183
57,6183
36,6185
57,6186
44,6187
57,6188
24,6189
34,6189
47,6189
33,6193
53,6199
1,6201
52,6201
7,6203
60,6204
2,6204
45,6205
1,6206
19,6207
2,6208
60,6210
8,6210
1,6211
50,6212
2,6214
10,6215
42,6215
25,6217
60,6218
53,6220
26,6224
16,6225
55,6225
8,6226
37,6228
1,6229
23,6230
1,6231
44,6231
39,6232
44,6232
2,6233
60,6234
2,6235
1,6236
2,6238
19,6239
38,6240
19,6241
58,6242
25,6244
20,6246
57,6249
11,6251
41,6252
18,6253
41,6253
38,6256
54,6257
56,6260
7,6263
41,6263
58,6264
19,6265
31,6265
19,6266
23,6272
42,6272
37,6274
34,6278
47,6278
59,6280
40,6286
56,6286
1,6288
1,6289
2,6290
49,6290
56,6290
1,6291
2,6293
31,6293
2,6294
52,6294
32,6296
39,6296
6,6297
48,6297
24,6298
37,6301
25,6302
10,6303
40,6303
3,6305
6,6305
5,6306
4,6307
3,6309
31,6309
5,6310
14,6310
4,6311
37,6311
59,6313
45,6314
37,6317
37,6320
21,6321
33,6321
45,6326
37,6327
12,6328
47,6328
6,6330
7,6331
59,6335
47,6339
38,6342
16,6345
20,6346
7,6347
51,6352
1,6354
49,6354
2,6355
34,6355
30,6356
35,6356
1,6357
25,6357
31,6357
36,6358
60,6359
11,6359
2,6361
1,6362
41,6362
2,6363
11,6363
31,6363
52,6364
51,6365
24,6368
46,6368
11,6372
9,6373
37,6374
1,6375
1,6376
2,6377
58,6377
2,6378
1,6379
3,6379
4,6380
5,6381
14,6381
3,6382
2,6383
42,6383
4,6384
5,6385
18,6386
9,6388
35,6391
34,6392
57,6392
37,6393
44,6398
12,6401
20,6402
31,6403
29,6404
19,6406
20,6407
39,6412
60,6414
49,6415
12,6416
25,6419
41,6422
52,6424
53,6424
54,6425
32,6426
29,6428
40,6428
21,6430
31,6430
30,6433
9,6434
37,6435
56,6437
42,6438
43,6441
40,6443
1,6444
46,6444
22,6445
1,6446
27,6446
22,6447
2,6448
2,6449
31,6452
56,6452
9,6453
31,6453
32,6453
1,6454
48,6454
20,6455
2,6459
52,6459
17,6460
57,6461
23,6463
34,6464
49,6466
22,6467
12,6475
43,6477
57,6479
12,6480
39,6480
26,6483
1,6484
14,6484
47,6485
58,6485
2,6488
44,6488
1,6490
40,6490
1,6491
28,6491
2,6493
7,6493
31,6494
2,6495
33,6496
14,6499
44,6500
8,6501
42,6501
53,6501
23,6503
49,6503
53,6504
46,6505
47,6505
14,6513
56,6513
14,6519
37,6520
7,6524
38,6524
56,6525
39,6528
47,6528
31,6535
11,6544
29,6544
22,6546
6,6548
16,6549
59,6549
20,6550
24,6552
28,6552
51,6554
34,6556
31,6558
17,6560
23,6561
34,6562
12,6563
39,6566
13,6569
7,6570
10,6571
11,6571
52,6572
3,6576
4,6577
5,6580
4,6581
58,6581
3,6582
5,6583
47,6583
17,6586
10,6589
21,6589
52,6591
8,6593
7,6594
9,6594
24,6595
17,6597
20,6598
52,6598
58,6600
52,6601
19,6602
38,6602
47,6604
37,6605
44,6605
8,6606
35,6606
53,6606
29,6608
51,6608
60,6609
37,6609
47,6610
54,6610
6,6616
41,6616
14,6618
19,6620
27,6621
50,6621
28,6624
39,6624
49,6624
17,6625
46,6625
34,6626
35,6626
27,6629
28,6629
1,6630
2,6632
1,6633
1,6634
18,6634
2,6635
29,6636
2,6637
40,6641
26,6642
25,6645
59,6645
53,6646
15,6648
10,6650
49,6650
53,6652
40,6653
53,6654
39,6655
42,6655
40,6657
3,6660
3,6661
27,6661
44,6661
4,6662
57,6662
4,6663
50,6663
5,6664
3,6665
5,6666
23,6666
40,6666
49,6667
29,6673
58,6674
29,6675
24,6676
42,6677
34,6678
40,6681
56,6683
51,6685
10,6687
32,6689
55,6692
5,6694
35,6694
15,6696
43,6699
35,6703
40,6704
9,6705
28,6707
36,6707
59,6707
42,6709
22,6710
22,6713
26,6714
51,6714
42,6715
20,6716
37,6716
31,6717
44,6717
27,6718
8,6719
43,6722
56,6722
44,6723
52,6723
47,6724
52,6725
47,6732
13,6735
19,6735
3,6736
4,6737
14,6737
1,6738
2,6739
56,6739
5,6740
1,6741
5,6741
1,6742
4,6742
2,6743
3,6743
42,6743
2,6745
10,6746
38,6748
18,6751
10,6752
55,6752
38,6753
46,6754
59,6755
3,6756
4,6757
25,6757
3,6758
52,6758
4,6759
5,6760
4,6761
34,6761
5,6762
43,6764
1,6765
9,6765
59,6767
2,6771
1,6772
42,6773
1,6774
12,6774
2,6775
48,6775
2,6779
47,6784
24,6785
54,6785
21,6786
32,6786
48,6787
15,6790
31,6790
60,6794
56,6797
49,6801
28,6804
4,6806
22,6806
50,6806
51,6810
49,6820
52,6824
32,6829
27,6830
41,6830
18,6833
3,6835
22,6836
28,6836
36,6836
5,6837
4,6839
4,6840
28,6841
5,6844
23,6844
48,6844
49,6844
48,6845
24,6846
3,6847
39,6848
9,6849
13,6849
3,6850
12,6851
5,6852
7,6852
59,6852
5,6854
54,6854
60,6855
4,6855
4,6856
50,6856
3,6858
10,6859
1,6862
2,6864
1,6866
1,6867
39,6867
2,6869
47,6870
2,6871
13,6873
2,6874
34,6878
53,6879
8,6881
34,6881
52,6886
24,6887
16,6888
24,6891
60,6892
22,6892
30,6892
6,6893
60,6894
1,6896
39,6897
58,6897
7,6899
35,6899
1,6900
2,6902
2,6903
1,6904
20,6904
2,6905
27,6907
53,6907
38,6908
1,6910
18,6911
22,6911
59,6911
2,6912
1,6913
13,6913
58,6914
2,6917
1,6918
2,6919
27,6919
31,6920
8,6921
41,6921
56,6921
33,6922
27,6924
8,6926
16,6926
41,6929
18,6930
22,6930
7,6931
12,6931
45,6933
13,6936
44,6938
22,6940
40,6940
51,6945
21,6946
52,6947
7,6950
21,6950
27,6950
34,6951
40,6951
21,6953
38,6953
38,6956
60,6960
22,6960
14,6961
32,6961
34,6962
31,6967
52,6969
53,6974
11,6977
47,6979
18,6981
60,6984
37,6987
43,6989
24,6990
41,6991
55,6993
21,6995
41,6996
41,6998
10,6999
55,7000
18,7001
44,7002
18,7003
51,7003
40,7005
44,7008
22,7009
10,7012
38,7012
43,7013
1,7017
20,7017
52,7017
1,7018
24,7018
44,7019
53,7019
2,7021
2,7022
1,7023
2,7024
3,7024
12,7024
18,7025
35,7026
1,7027
4,7027
44,7027
2,7028
4,7028
31,7028
1,7029
5,7029
5,7032
2,7033
3,7033
38,7033
16,7034
30,7034
1,7037
2,7039
9,7039
44,7041
1,7042
33,7042
38,7042
2,7043
49,7043
1,7045
60,7046
36,7046
1,7047
2,7049
2,7050
20,7052
55,7052
25,7055
15,7058
46,7059
3,7060
22,7060
48,7060
4,7061
33,7061
5,7062
28,7062
33,7062
5,7063
59,7063
3,7064
17,7064
21,7064
4,7067
23,7072
28,7073
42,7074
58,7074
42,7075
7,7076
58,7077
52,7080
60,7081
20,7083
31,7084
40,7084
60,7087
10,7089
19,7089
23,7092
38,7092
41,7093
46,7093
38,7094
23,7098
27,7098
52,7100
58,7101
16,7105
16,7107
18,7109
57,7109
8,7110
20,7110
13,7111
52,7113
8,7115
14,7115
1,7119
54,7121
48,7122
45,7128
27,7129
38,7129
33,7131
35,7131
55,7131
25,7133
58,7134
36,7142
35,7143
17,7144
27,7144
28,7144
55,7146
54,7149
9,7150
34,7150
45,7154
48,7154
56,7155
35,7156
44,7156
20,7160
17,7164
50,7164
44,7167
3,7169
21,7169
57,7169
4,7171
52,7172
3,7173
39,7173
5,7174
4,7175
22,7175
5,7176
9,7176
57,7176
10,7177
1,7179
20,7179
33,7180
1,7181
27,7181
38,7181
20,7183
2,7186
2,7187
1,7189
50,7189
2,7190
59,7190
3,7191
34,7192
39,7194
53,7197
15,7198
31,7200
48,7200
36,7202
54,7202
38,7203
49,7205
7,7209
9,7209
3,7210
5,7211
1,7212
4,7212
14,7212
2,7213
5,7213
1,7214
1,7215
17,7215
45,7215
2,7216
24,7216
2,7217
3,7217
52,7219
4,7221
36,7222
25,7226
56,7228
3,7229
41,7229
49,7229
53,7229
5,7230
19,7230
4,7231
24,7231
5,7232
4,7233
3,7234
47,7237
28,7238
3,7239
47,7241
9,7242
4,7243
8,7243
53,7244
4,7245
6,7246
5,7248
30,7248
5,7251
18,7251
16,7253
3,7254
45,7257
14,7263
29,7271
9,7272
26,7274
22,7279
1,7281
36,7283
48,7283
1,7284
2,7285
28,7286
2,7287
43,7287
26,7288
1,7289
10,7289
37,7289
2,7290
3,7290
45,7290
49,7291
5,7292
4,7293
36,7294
4,7295
22,7295
49,7295
3,7297
20,7297
40,7298
5,7299
20,7299
12,7300
21,7300
47,7300
7,7302
16,7302
42,7302
3,7303
25,7303
4,7304
3,7305
53,7305
37,7306
4,7307
5,7308
17,7308
34,7308
1,7309
5,7309
21,7313
34,7314
10,7315
60,7318
3,7318
34,7318
12,7319
4,7320
5,7321
5,7322
19,7323
4,7324
3,7325
38,7326
58,7326
3,7327
55,7327
4,7329
18,7329
3,7331
40,7331
5,7332
44,7332
30,7333
45,7333
5,7334
10,7335
4,7336
54,7337
46,7339
27,7341
58,7342
59,7342
47,7343
50,7344
1,7345
25,7345
2,7346
1,7348
1,7349
40,7349
2,7350
3,7350
4,7351
2,7352
4,7353
5,7354
5,7355
14,7359
23,7359
38,7359
3,7360
57,7360
45,7363
27,7365
47,7366
46,7369
8,7372
51,7373
24,7375
53,7377
6,7378
18,7382
44,7382
1,7396
58,7396
2,7397
1,7398
57,7398
2,7399
23,7399
38,7399
17,7400
1,7401
2,7402
19,7404
12,7405
51,7405
53,7410
36,7413
40,7414
56,7416
39,7419
47,7422
10,7426
31,7427
40,7428
12,7433
45,7433
57,7433
35,7434
7,7436
3,7441
19,7442
4,7443
5,7444
26,7444
42,7444
4,7445
34,7445
5,7446
1,7447
3,7447
1,7448
56,7448
2,7450
1,7451
41,7454
52,7457
44,7459
2,7460
2,7461
17,7462
22,7463
37,7463
32,7464
14,7467
35,7468
27,7469
8,7470
25,7471
30,7471
33,7474
40,7474
47,7476
33,7477
3,7479
10,7479
5,7480
4,7481
43,7481
3,7482
4,7482
31,7482
35,7482
5,7484
4,7486
36,7494
9,7495
44,7498
20,7500
38,7502
13,7505
34,7505
21,7506
22,7506
32,7511
1,7513
29,7514
35,7514
1,7515
2,7518
51,7518
32,7519
1,7520
2,7521
2,7522
25,7529
29,7529
38,7529
52,7530
21,7534
40,7534
30,7537
47,7540
33,7547
37,7550
45,7551
5,7554
60,7555
26,7555
14,7559
25,7559
57,7560
44,7562
48,7563
27,7569
44,7576
36,7578
51,7580
36,7582
15,7586
41,7590
18,7591
9,7592
43,7594
56,7599
30,7600
59,7601
22,7602
51,7607
26,7609
60,7614
25,7616
47,7619
48,7621
50,7621
35,7622
39,7622
27,7623
8,7625
27,7626
60,7628
53,7630
1,7631
2,7632
7,7632
52,7632
1,7633
24,7633
2,7634
1,7636
53,7636
2,7637
34,7640
36,7640
15,7649
39,7649
55,7649
23,7650
14,7651
31,7652
32,7652
49,7652
52,7652
36,7657
44,7657
60,7658
6,7658
11,7658
41,7662
24,7667
41,7668
21,7669
51,7669
57,7669
12,7670
26,7672
23,7673
6,7674
17,7674
33,7675
32,7676
8,7681
22,7681
6,7682
3,7683
26,7683
34,7683
9,7684
4,7685
27,7685
24,7687
49,7687
3,7688
53,7688
31,7689
57,7689
4,7690
54,7690
5,7692
8,7692
5,7693
11,7695
59,7700
49,7701
28,7703
36,7706
5,7707
20,7710
19,7712
20,7712
11,7713
42,7713
11,7714
18,7714
53,7721
45,7722
58,7722
14,7723
22,7724
22,7727
60,7729
27,7732
8,7735
20,7741
9,7743
55,7743
11,7744
30,7745
60,7746
55,7747
19,7748
55,7749
14,7751
29,7755
31,7756
51,7756
50,7760
16,7763
1,7764
32,7764
2,7765
1,7766
36,7766
2,7768
41,7768
56,7769
55,7770
1,7771
17,7771
2,7772
56,7774
10,7775
9,7776
58,7777
33,7781
56,7782
34,7783
46,7783
19,7784
4,7785
42,7785
1,7786
1,7788
22,7789
47,7789
2,7790
17,7790
23,7790
2,7791
19,7791
1,7792
57,7792
37,7794
2,7795
47,7797
43,7800
45,7801
54,7801
27,7802
52,7804
10,7805
40,7805
55,7805
41,7806
9,7810
14,7811
19,7814
26,7819
38,7820
43,7820
32,7824
49,7826
27,7827
36,7828
53,7830
12,7832
30,7833
17,7834
53,7834
55,7834
19,7835
56,7836
8,7838
33,7838
40,7839
3,7840
58,7841
4,7842
42,7842
5,7843
15,7843
4,7844
3,7845
5,7846
57,7847
59,7847
38,7848
46,7852
45,7853
18,7858
31,7858
40,7859
59,7863
40,7865
23,7873
36,7874
11,7875
32,7878
6,7879
18,7879
30,7880
52,7880
22,7882
55,7882
3,7883
16,7883
19,7883
26,7883
5,7884
50,7885
24,7886
7,7887
5,7888
4,7889
3,7890
4,7891
16,7891
25,7891
14,7892
15,7892
8,7894
29,7896
29,7897
19,7898
19,7901
11,7903
49,7904
8,7906
33,7908
57,7909
23,7911
60,7916
23,7918
39,7918
6,7919
37,7919
8,7923
27,7923
27,7924
60,7925
25,7926
42,7927
7,7930
35,7930
28,7933
35,7934
10,7943
58,7943
19,7945
33,7947
59,7947
14,7948
51,7948
6,7949
15,7952
29,7952
9,7966
13,7966
41,7966
50,7967
55,7967
1,7970
41,7972
53,7972
2,7973
1,7974
3,7975
11,7975
4,7976
1,7977
5,7977
2,7978
3,7978
60,7979
2,7979
4,7979
5,7981
36,7986
57,7987
18,7990
25,7991
33,7992
44,7994
52,7994
55,7996
59,7996
39,8000
50,8001
19,8002
45,8004
10,8006
21,8007
34,8008
42,8009
14,8010
60,8011
44,8012
49,8012
12,8017
33,8017
15,8025
57,8025
24,8026
17,8031
19,8032
23,8033
19,8034
10,8035
23,8035
50,8035
11,8040
32,8040
24,8046
47,8049
59,8051
25,8053
21,8057
1,8061
48,8065
52,8066
10,8067
30,8069
3,8071
51,8071
33,8072
31,8073
57,8073
44,8076
2,8079
19,8079
48,8081
24,8086
29,8086
40,8086
1,8088
50,8090
24,8091
2,8092
1,8093
29,8094
2,8095
39,8095
1,8097
2,8098
6,8104
3,8108
4,8109
32,8109
44,8110
48,8110
52,8110
3,8111
35,8112
5,8113
4,8114
42,8114
5,8115
14,8116
8,8119
17,8120
14,8123
19,8123
22,8123
6,8124
25,8124
34,8124
57,8125
41,8126
36,8127
33,8131
40,8132
3,8133
53,8133
28,8134
4,8135
5,8136
3,8137
4,8138
20,8138
25,8138
5,8140
54,8140
45,8142
7,8143
50,8144
37,8148
46,8150
22,8152
48,8157
55,8160
19,8162
45,8167
52,8169
21,8170
48,8170
52,8170
26,8171
30,8171
34,8172
18,8174
6,8176
49,8176
42,8178
11,8179
24,8180
38,8182
39,8185
57,8185
39,8187
13,8191
57,8191
3,8193
13,8193
9,8194
5,8195
52,8196
5,8197
28,8197
4,8200
21,8200
3,8201
4,8203
3,8204
24,8205
39,8206
5,8210
23,8210
5,8212
4,8213
3,8214
4,8215
48,8220
22,8221
54,8222
16,8223
24,8223
58,8223
35,8226
54,8226
19,8229
19,8230
16,8232
56,8234
20,8236
50,8236
32,8237
3,8238
40,8238
4,8239
53,8239
5,8241
60,8243
15,8243
54,8243
57,8243
4,8244
3,8245
20,8245
42,8245
5,8246
8,8249
49,8249
32,8251
3,8252
4,8253
4,8254
5,8255
47,8255
5,8256
41,8256
3,8257
19,8257
18,8259
34,8262
30,8264
8,8266
24,8268
22,8270
3,8272
13,8272
47,8273
5,8274
44,8274
5,8275
7,8275
5,8276
4,8278
34,8278
40,8278
47,8278
4,8280
3,8283
47,8283
41,8285
59,8287
32,8289
36,8291
60,8292
57,8293
3,8296
18,8296
19,8296
5,8297
43,8297
44,8297
52,8297
4,8298
30,8298
43,8298
38,8300
31,8302
56,8302
9,8303
4,8304
5,8305
3,8307
3,8308
4,8309
54,8310
43,8311
5,8312
5,8313
4,8314
3,8316
52,8316
6,8319
1,8320
58,8321
1,8322
2,8324
2,8325
41,8325
1,8326
24,8327
51,8327
35,8328
2,8329
47,8329
39,8330
10,8332
41,8336
43,8338
20,8339
42,8340
21,8343
28,8344
32,8344
57,8347
7,8348
18,8348
41,8348
32,8355
52,8356
3,8357
4,8358
57,8360
42,8361
3,8362
4,8363
5,8365
5,8366
20,8368
42,8370
5,8373
30,8373
57,8373
26,8375
56,8375
32,8378
45,8378
16,8380
34,8380
21,8381
53,8382
45,8384
48,8386
9,8387
35,8389
54,8391
59,8393
19,8394
54,8395
49,8402
1,8404
2,8407
1,8409
1,8410
33,8410
3,8411
2,8412
12,8412
46,8412
2,8413
59,8414
1,8415
4,8415
2,8416
4,8416
47,8416
1,8417
5,8417
10,8417
41,8417
2,8418
1,8420
22,8420
39,8420
40,8420
2,8421
45,8421
5,8423
37,8423
51,8423
5,8425
7,8425
3,8426
25,8426
6,8427
21,8427
9,8428
18,8430
36,8430
1,8431
19,8431
2,8432
38,8432
7,8434
1,8435
24,8435
42,8436
29,8438
2,8439
44,8439
1,8440
2,8441
20,8441
20,8442
54,8442
39,8444
57,8444
45,8445
13,8446
36,8446
43,8446
17,8447
56,8449
47,8452
48,8454
30,8455
42,8455
2,8456
55,8456
32,8460
6,8461
11,8462
17,8462
56,8463
55,8465
31,8468
39,8468
37,8471
10,8473
8,8475
9,8477
46,8477
1,8479
50,8479
20,8480
1,8482
41,8483
2,8484
55,8484
1,8487
58,8487
17,8489
28,8489
2,8490
8,8491
17,8491
29,8493
2,8495
8,8496
18,8496
6,8497
8,8499
41,8499
41,8503
19,8504
18,8510
46,8510
36,8512
8,8517
31,8518
32,8519
33,8519
52,8522
9,8523
48,8523
6,8526
34,8528
60,8529
7,8530
29,8530
6,8536
33,8538
39,8538
19,8539
33,8540
51,8541
40,8542
26,8545
53,8556
16,8557
43,8557
36,8561
50,8563
17,8566
36,8566
23,8568
32,8569
3,8572
60,8573
5,8574
4,8575
42,8575
8,8576
32,8576
37,8578
55,8579
42,8580
3,8581
31,8582
48,8582
47,8583
4,8584
24,8584
54,8585
5,8586
37,8586
1,8589
21,8589
2,8590
1,8591
52,8591
52,8593
2,8594
55,8594
1,8596
9,8596
2,8598
26,8598
46,8598
38,8603
3,8605
24,8605
48,8605
27,8606
36,8606
4,8607
4,8608
5,8610
13,8611
3,8612
44,8612
5,8613
46,8615
27,8617
25,8619
25,8622
24,8623
15,8624
16,8626
57,8626
52,8628
42,8630
53,8630
6,8632
38,8635
30,8637
50,8637
10,8638
12,8640
23,8640
58,8643
10,8645
2,8646
31,8647
7,8649
44,8649
21,8650
60,8651
10,8652
46,8652
46,8653
17,8654
13,8655
15,8655
41,8656
18,8659
47,8659
22,8662
50,8662
11,8663
44,8667
12,8671
11,8677
44,8677
1,8679
44,8679
50,8680
52,8680
59,8682
2,8683
3,8685
13,8685
1,8687
5,8687
4,8688
8,8688
57,8689
3,8690
48,8690
2,8691
5,8691
25,8691
1,8692
4,8692
30,8695
14,8696
43,8699
2,8701
41,8701
25,8703
30,8703
55,8703
22,8705
29,8707
33,8707
48,8707
57,8708
38,8709
49,8710
54,8713
26,8715
52,8719
9,8723
47,8726
46,8728
31,8730
1,8733
1,8734
33,8734
2,8735
55,8735
60,8737
16,8737
1,8738
2,8739
3,8740
58,8740
2,8741
3,8743
4,8743
5,8744
58,8744
5,8745
22,8745
34,8745
3,8746
4,8748
45,8749
20,8751
7,8752
17,8752
20,8752
3,8753
20,8754
21,8754
36,8755
46,8756
27,8759
39,8759
40,8761
15,8763
9,8764
24,8764
58,8766
15,8769
26,8771
43,8772
11,8773
46,8776
1,8777
52,8777
2,8778
33,8778
1,8779
3,8779
1,8780
2,8782
2,8783
4,8784
37,8784
3,8789
4,8791
5,8792
5,8793
58,8794
60,8795
45,8795
18,8796
52,8799
34,8800
48,8805
22,8806
59,8808
38,8811
50,8813
16,8815
39,8817
56,8820
18,8821
58,8822
16,8823
25,8823
34,8823
33,8824
1,8827
2,8828
14,8828
1,8831
2,8832
15,8832
24,8832
27,8832
1,8833
8,8833
2,8835
18,8835
17,8836
50,8836
8,8837
60,8840
18,8841
54,8841
55,8842
47,8843
1,8847
1,8849
2,8851
1,8852
2,8854
2,8855
19,8856
50,8857
7,8858
12,8858
1,8860
29,8861
55,8862
33,8863
38,8864
2,8865
48,8865
1,8866
37,8866
23,8867
2,8868
23,8868
58,8868
1,8869
31,8869
2,8870
45,8870
22,8871
23,8874
40,8874
17,8876
41,8876
36,8877
15,8879
43,8879
56,8879
26,8880
11,8881
53,8883
54,8883
3,8885
4,8887
18,8887
5,8888
23,8890
5,8892
60,8893
3,8893
14,8893
4,8894
56,8894
31,8895
36,8897
8,8900
42,8900
10,8901
22,8901
35,8901
1,8902
1,8903
2,8905
2,8906
19,8906
12,8910
1,8911
2,8912
42,8916
51,8916
46,8918
1,8921
23,8921
2,8922
1,8924
23,8924
51,8924
1,8926
50,8926
18,8927
2,8929
46,8929
54,8929
2,8930
35,8931
60,8936
28,8936
3,8937
42,8937
4,8939
3,8940
5,8941
42,8942
4,8945
52,8945
5,8946
25,8946
1,8947
27,8947
51,8949
8,8951
1,8954
13,8954
2,8955
1,8956
2,8957
45,8957
2,8958
26,8958
13,8959
43,8959
9,8961
60,8964
31,8964
45,8964
54,8967
38,8968
26,8970
10,8971
26,8973
31,8975
47,8976
39,8977
25,8981
30,8981
11,8982
11,8983
7,8984
39,8984
55,8984
58,8984
8,8991
18,8992
23,8994
44,8995
34,8996
47,9002
57,9003
12,9005
34,9009
57,9016
45,9017
33,9018
37,9019
38,9020
3,9021
1,9022
25,9022
1,9023
2,9024
1,9026
4,9026
33,9026
46,9026
2,9027
38,9027
2,9028
5,9028
20,9028
32,9029
44,9029
3,9030
5,9031
34,9033
56,9034
4,9035
21,9035
6,9039
42,9039
22,9040
29,9042
42,9043
14,9044
16,9045
22,9045
49,9045
34,9047
54,9047
9,9049
25,9049
39,9049
50,9050
13,9052
43,9053
41,9054
16,9057
3,9058
4,9059
3,9061
12,9062
5,9063
40,9063
1,9067
4,9067
29,9067
1,9068
39,9068
2,9069
35,9069
47,9069
2,9070
5,9070
1,9071
46,9071
2,9072
30,9072
54,9074
58,9077
17,9078
23,9080
10,9085
58,9086
34,9088
51,9096
6,9098
11,9099
29,9099
45,9099
38,9102
32,9104
3,9107
4,9108
44,9108
57,9109
4,9110
5,9113
25,9113
3,9114
9,9115
5,9117
29,9117
1,9118
2,9119
20,9119
1,9120
38,9120
1,9123
42,9123
2,9124
15,9124
2,9125
50,9126
1,9129
31,9129
2,9130
1,9131
40,9131
45,9131
11,9132
1,9133
38,9133
57,9133
2,9134
37,9135
46,9135
58,9135
2,9136
25,9137
37,9137
13,9138
26,9142
30,9142
11,9144
13,9144
33,9144
44,9144
44,9145
48,9146
13,9149
15,9149
28,9153
16,9154
15,9159
50,9160
12,9165
7,9167
23,9168
59,9168
3,9171
22,9171
4,9174
5,9175
33,9175
59,9175
5,9176
3,9177
57,9177
4,9178
13,9183
56,9183
26,9185
9,9188
30,9188
1,9189
1,9190
34,9190
2,9191
51,9192
1,9194
2,9196
15,9197
2,9200
43,9201
43,9202
53,9202
32,9206
12,9207
13,9208
35,9208
27,9212
7,9214
40,9215
58,9215
58,9217
46,9218
14,9221
51,9221
1,9222
2,9224
46,9224
1,9226
2,9228
57,9228
1,9229
56,9229
2,9230
14,9230
16,9234
22,9235
31,9235
1,9236
34,9236
1,9237
2,9238
2,9239
45,9239
1,9241
2,9242
7,9243
27,9248
28,9253
32,9253
53,9253
18,9254
29,9254
53,9254
38,9255
30,9258
55,9258
52,9262
13,9263
34,9263
29,9265
17,9266
58,9266
15,9267
33,9267
44,9268
10,9272
29,9272
47,9272
14,9277
30,9279
55,9280
8,9282
12,9283
3,9286
4,9287
12,9287
51,9287
5,9288
3,9290
4,9291
5,9292
14,9293
34,9293
51,9294
55,9294
17,9295
41,9295
43,9295
30,9299
41,9299
15,9301
39,9301
43,9303
42,9304
25,9315
42,9317
46,9317
45,9322
35,9327
45,9335
1,9336
2,9337
1,9338
33,9338
36,9338
2,9341
1,9342
17,9342
25,9343
2,9344
57,9344
45,9346
3,9348
29,9349
9,9351
15,9354
42,9354
57,9354
31,9355
50,9356
57,9356
58,9356
31,9357
3,9360
30,9360
5,9361
28,9362
37,9362
15,9363
59,9363
47,9364
5,9365
14,9365
4,9366
27,9366
3,9368
10,9368
32,9368
4,9369
55,9369
21,9370
55,9372
37,9373
17,9375
1,9378
1,9379
28,9379
2,9380
28,9380
2,9381
13,9381
52,9382
1,9384
2,9385
32,9386
36,9386
29,9387
52,9390
22,9392
43,9396
5,9397
10,9403
32,9403
46,9403
32,9404
7,9406
32,9407
41,9412
17,9414
30,9414
44,9414
38,9421
1,9422
2,9423
11,9423
24,9423
1,9424
3,9424
5,9425
11,9425
4,9426
2,9427
3,9427
46,9427
1,9428
2,9429
4,9430
5,9431
25,9434
47,9435
45,9437
9,9441
16,9441
59,9442
17,9443
8,9445
16,9445
32,9447
55,9447
32,9450
48,9457
46,9459
42,9462
40,9465
13,9470
55,9470
15,9471
16,9472
8,9473
38,9475
36,9477
33,9478
25,9480
54,9482
24,9487
15,9488
32,9489
31,9491
54,9493
6,9497
39,9498
55,9498
10,9502
59,9505
53,9507
30,9508
60,9510
9,9514
21,9514
25,9514
17,9518
26,9518
46,9520
50,9524
10,9526
43,9526
27,9530
36,9531
12,9536
9,9538
54,9541
9,9542
54,9546
56,9546
57,9547
24,9548
10,9551
47,9551
9,9552
19,9553
57,9555
11,9558
35,9560
37,9560
22,9567
58,9567
31,9571
18,9572
18,9573
51,9573
18,9575
17,9577
6,9578
39,9579
39,9580
1,9582
39,9582
12,9583
13,9583
2,9584
1,9585
33,9585
1,9587
1,9589
2,9591
41,9592
55,9592
2,9593
44,9593
50,9599
38,9601
52,9602
6,9603
37,9604
29,9605
19,9610
45,9615
15,9616
34,9617
1,9618
2,9619
1,9620
24,9620
31,9621
2,9622
41,9622
1,9623
56,9624
2,9627
8,9627
6,9632
3,9634
4,9636
42,9637
5,9638
20,9638
46,9638
5,9640
3,9641
4,9642
14,9644
18,9644
60,9645
24,9645
28,9646
35,9647
8,9650
59,9650
53,9652
3,9655
10,9655
31,9655
28,9656
4,9658
3,9660
14,9660
48,9660
5,9661
4,9662
5,9664
27,9664
17,9668
1,9669
20,9669
37,9671
2,9672
1,9673
19,9673
42,9673
1,9674
6,9674
2,9676
2,9677
16,9678
19,9679
60,9680
45,9686
52,9691
59,9691
32,9692
37,9694
42,9694
17,9695
24,9695
43,9696
45,9696
6,9697
48,9698
18,9699
55,9701
1,9702
2,9703
1,9704
31,9704
48,9704
2,9709
1,9710
39,9710
42,9710
2,9711
36,9711
43,9718
52,9718
60,9719
13,9719
1,9720
39,9720
1,9721
2,9723
43,9723
29,9725
38,9725
59,9725
2,9726
42,9727
1,9728
18,9728
2,9729
28,9729
1,9734
58,9734
1,9735
3,9735
2,9736
4,9736
15,9736
20,9736
5,9737
8,9737
15,9737
40,9737
4,9738
60,9739
2,9739
1,9740
2,9741
5,9742
3,9743
34,9743
41,9746
51,9746
57,9749
46,9752
17,9754
49,9756
52,9757
28,9758
19,9761
36,9763
17,9764
16,9768
41,9768
56,9768
10,9770
23,9770
40,9772
37,9776
3,9780
36,9780
5,9781
12,9781
50,9783
4,9785
10,9785
5,9786
39,9786
4,9787
3,9792
60,9793
25,9793
45,9793
7,9794
23,9799
28,9799
57,9801
7,9803
52,9804
10,9805
56,9806
58,9808
60,9810
37,9811
58,9812
16,9814
45,9814
3,9815
6,9815
5,9816
12,9816
5,9817
41,9817
4,9819
26,9819
48,9819
3,9820
4,9821
40,9821
40,9823
31,9825
11,9826
19,9827
21,9827
1,9828
2,9830
1,9831
10,9831
1,9832
2,9833
15,9833
32,9833
2,9834
30,9834
19,9835
48,9835
15,9839
37,9842
41,9843
51,9844
10,9845
33,9846
28,9848
29,9849
32,9851
31,9852
25,9853
27,9853
53,9853
22,9855
34,9856
54,9856
39,9857
9,9859
3,9862
5,9863
4,9864
40,9865
56,9865
9,9866
3,9867
23,9869
4,9871
54,9871
5,9872
31,9872
9,9873
15,9875
39,9875
11,9877
52,9877
16,9878
57,9879
10,9880
26,9880
29,9883
20,9884
42,9884
44,9884
44,9886
59,9886
44,9888
29,9890
38,9890
34,9893
45,9901
28,9902
18,9903
8,9904
32,9907
49,9913
47,9914
11,9917
29,9918
14,9919
26,9920
52,9921
16,9923
28,9923
45,9925
47,9928
15,9929
35,9930
46,9934
60,9935
50,9936
3,9938
31,9939
55,9939
25,9940
39,9940
41,9941
37,9942
28,9943
47,9943
41,9946
42,9946
7,9947
3,9949
5,9950
4,9951
21,9951
3,9952
58,9954
5,9955
4,9956
6,9958
8,9958
3,9959
4,9960
53,9960
3,9961
8,9961
34,9961
4,9962
5,9963
29,9963
50,9963
5,9964
44,9964
44,9967
47,9967
32,9968
17,9969
36,9969
21,9971
11,9976
1,9977
2,9978
36,9978
1,9979
2,9981
59,9981
1,9982
2,9984
42,9986
11,9987
28,9988
42,9988
7,9992
25,9993
28,9994
50,9996
