50,2
25,4
10,7
31,9
32,10
11,15
41,19
1,20
27,20
2,21
19,21
1,22
26,22
2,23
1,24
10,24
2,25
34,25
59,30
18,31
59,33
14,35
28,35
32,40
28,41
1,44
15,44
1,45
37,45
35,48
53,48
13,49
2,50
1,51
41,51
2,52
10,52
2,53
31,54
56,54
41,55
48,57
25,61
18,62
54,63
6,65
13,66
48,66
11,67
28,69
51,74
15,75
12,77
8,79
40,80
17,81
19,82
56,85
2,86
11,86
29,86
58,89
1,91
2,92
31,92
49,96
1,98
6,99
1,100
2,101
16,101
2,102
52,106
3,107
5,108
5,111
48,114
52,115
38,116
4,117
55,119
4,120
11,121
41,121
18,123
3,125
17,126
1,128
43,131
45,131
9,135
24,136
16,137
24,137
34,138
8,140
9,140
43,141
7,143
33,144
37,144
1,145
46,145
1,147
46,147
2,148
18,148
1,149
2,150
19,151
43,151
47,154
2,155
60,157
1,158
1,159
27,159
39,160
2,161
1,162
2,163
30,163
3,164
9,164
2,165
4,166
44,166
47,166
4,167
58,167
5,168
14,168
5,169
46,169
3,170
14,174
29,174
38,175
22,176
34,176
41,176
1,177
1,178
2,179
31,179
2,180
1,182
2,183
40,183
8,184
13,187
55,187
3,189
38,189
37,190
1,193
60,194
2,194
1,195
29,197
30,197
60,198
6,198
27,200
2,201
32,201
51,202
1,203
28,203
47,203
2,205
22,206
24,206
50,206
59,209
25,210
27,210
47,211
21,212
49,212
48,214
58,214
11,215
27,216
46,216
6,217
25,219
49,220
32,223
21,224
21,226
40,226
11,227
56,228
3,229
5,231
4,232
46,232
4,233
21,234
60,235
5,235
3,236
35,236
43,238
22,239
44,239
53,241
35,242
3,243
22,243
56,243
8,245
5,246
25,247
4,248
9,248
12,248
17,248
3,249
5,250
4,251
18,254
22,254
6,255
1,257
57,257
1,258
35,259
2,260
18,260
47,260
1,261
7,261
2,262
2,263
3,263
4,264
10,264
3,265
4,266
35,266
1,267
12,267
24,267
5,268
11,268
5,269
47,270
2,271
22,271
1,272
2,276
1,277
18,277
2,278
11,279
60,284
27,285
22,287
21,289
3,290
5,291
5,292
4,293
34,293
50,294
4,295
3,296
1,297
1,298
2,300
2,301
43,302
1,303
49,303
2,304
1,305
27,305
32,305
28,306
33,306
6,307
32,307
60,308
44,308
49,308
2,309
29,309
19,310
54,310
1,312
2,315
11,315
1,316
20,316
23,316
2,318
23,318
56,321
30,323
50,323
57,323
47,325
11,327
1,330
11,330
60,331
3,332
4,333
22,333
26,333
39,333
5,335
26,335
42,336
4,337
5,338
39,338
3,339
34,340
8,343
11,344
10,346
15,346
48,346
33,347
35,347
6,350
13,352
34,352
29,353
29,355
3,356
24,357
5,358
8,358
38,358
5,359
4,360
4,361
42,361
1,362
3,362
7,363
1,365
2,366
51,367
55,367
10,368
1,369
2,370
56,371
2,374
59,374
27,376
24,377
1,379
29,379
2,380
1,381
2,382
1,383
35,383
2,384
16,384
38,384
51,384
53,384
46,388
47,388
1,389
1,390
6,390
42,390
2,391
37,392
1,393
2,394
29,394
57,394
2,395
42,396
11,400
41,400
57,406
27,408
6,410
18,411
3,415
5,416
4,417
3,418
5,419
4,420
24,420
7,421
20,421
47,421
10,429
22,431
33,437
16,441
24,444
16,446
60,447
56,451
19,452
20,454
43,454
6,455
24,455
33,455
51,455
53,456
40,458
55,458
57,461
16,464
33,465
36,466
53,466
9,468
28,472
15,473
7,474
52,479
28,480
53,480
9,481
49,483
36,484
17,485
28,485
19,488
20,488
22,490
56,491
33,492
48,492
1,496
1,497
22,497
13,498
2,501
1,502
8,502
2,503
3,503
4,504
5,505
25,505
2,507
30,507
14,509
38,509
45,509
56,512
5,514
26,514
51,514
54,514
4,517
3,519
56,519
51,520
25,523
36,523
39,526
8,527
23,527
38,530
20,531
17,533
32,534
22,535
42,536
50,536
50,537
19,538
53,538
25,544
53,544
28,546
35,546
29,548
3,552
18,553
5,556
13,556
21,556
31,557
31,565
21,566
26,566
41,566
30,567
46,567
15,573
30,573
27,574
29,576
25,577
36,577
33,579
43,579
16,584
55,584
24,585
12,586
47,590
44,591
18,593
13,594
53,596
59,596
52,597
24,600
50,601
42,604
8,609
26,609
34,609
52,609
6,613
30,614
11,615
19,617
55,617
14,623
3,624
5,625
45,625
4,626
45,627
47,627
4,629
25,630
3,631
41,631
5,633
30,633
20,634
46,636
60,639
3,639
57,639
4,640
12,640
31,640
3,641
5,642
8,643
5,644
4,645
10,645
18,648
36,648
38,649
39,653
48,653
43,654
19,658
49,659
43,660
50,664
50,665
39,666
55,668
36,670
24,671
10,675
14,677
34,677
53,677
52,678
59,678
41,681
50,687
5,694
39,694
43,695
8,696
27,696
30,696
14,697
54,697
56,697
12,700
1,703
14,705
57,705
1,706
58,708
41,709
2,710
3,710
35,710
1,711
34,712
2,715
5,715
2,716
39,716
59,716
5,717
48,717
4,718
4,719
43,719
3,721
38,721
44,721
52,725
15,727
24,728
29,729
59,731
52,732
3,733
51,733
4,736
44,736
3,737
5,737
23,737
5,738
1,739
1,740
4,740
2,742
3,742
1,743
2,744
11,744
2,745
30,745
59,746
1,749
49,749
44,752
2,754
1,755
23,755
30,755
2,756
16,757
1,758
2,759
12,759
20,759
2,761
14,763
3,764
33,765
43,765
4,766
5,767
1,770
5,770
2,771
4,771
3,772
1,774
30,774
1,775
2,776
2,777
17,777
35,781
51,781
58,781
59,781
38,782
43,782
31,783
35,785
28,790
51,791
54,791
23,792
40,794
9,795
14,795
9,797
46,797
41,800
17,801
11,805
57,806
55,810
21,813
44,814
3,815
46,816
5,817
12,817
25,818
1,819
4,819
2,821
3,821
10,821
1,822
28,823
1,826
5,826
14,826
40,826
4,828
25,829
21,830
2,831
10,832
47,832
2,834
7,837
18,839
31,839
36,839
7,843
14,843
36,843
16,844
38,844
58,845
1,846
30,846
54,846
2,847
23,849
36,849
41,850
1,851
25,852
1,853
2,854
41,854
45,854
2,855
30,859
7,862
44,865
50,865
55,865
47,869
3,873
4,874
55,874
59,874
17,876
30,878
44,878
51,878
28,879
5,881
15,882
4,883
43,884
57,885
5,886
3,889
41,890
33,893
2,895
5,895
24,895
39,897
21,899
40,899
33,901
26,903
45,903
18,904
50,904
52,907
58,910
1,916
29,917
53,920
48,922
20,925
6,926
57,929
32,930
17,931
42,931
49,931
29,935
12,938
11,939
44,940
12,941
20,942
58,942
33,947
56,947
53,949
20,950
26,950
51,952
57,952
44,955
13,956
34,956
36,957
60,958
1,959
2,960
6,960
7,963
37,964
1,965
2,966
16,966
1,968
49,969
2,970
58,972
12,973
7,975
47,975
7,978
20,984
32,985
8,988
42,988
32,991
50,991
59,992
48,994
37,996
17,998
52,999
50,1001
7,1005
7,1006
10,1007
13,1007
1,1009
13,1009
2,1011
21,1011
1,1012
1,1013
3,1013
2,1014
4,1014
3,1015
2,1016
4,1016
8,1016
27,1016
39,1016
5,1017
5,1018
60,1019
47,1019
24,1023
26,1025
25,1031
43,1034
35,1037
15,1039
8,1042
58,1044
54,1046
33,1048
1,1049
42,1049
2,1050
20,1050
1,1052
26,1052
2,1053
1,1054
2,1055
9,1056
3,1057
14,1058
4,1059
42,1059
5,1060
4,1063
3,1064
46,1065
5,1066
36,1069
60,1074
3,1075
35,1075
54,1075
4,1077
19,1077
36,1078
58,1078
5,1079
35,1079
48,1079
5,1082
3,1084
24,1084
4,1086
26,1087
15,1088
32,1088
1,1093
2,1094
44,1094
38,1096
1,1097
1,1098
2,1099
2,1101
7,1102
57,1103
10,1104
48,1104
53,1104
24,1105
9,1106
41,1108
7,1111
32,1112
54,1112
17,1119
53,1122
21,1124
7,1126
25,1130
16,1131
38,1132
43,1136
13,1137
25,1137
53,1138
52,1139
8,1141
10,1142
21,1142
27,1144
24,1147
7,1149
22,1149
25,1152
57,1156
54,1159
14,1165
47,1166
54,1170
24,1173
14,1176
55,1176
8,1177
37,1180
30,1182
27,1183
60,1186
10,1186
8,1187
23,1187
44,1188
56,1188
25,1191
56,1193
59,1197
21,1198
50,1198
47,1201
35,1205
59,1205
32,1207
43,1211
3,1212
22,1212
39,1213
58,1214
36,1216
59,1216
5,1217
45,1217
35,1218
60,1219
4,1220
12,1220
3,1221
52,1221
4,1222
25,1222
5,1223
36,1224
19,1226
22,1226
55,1228
10,1229
11,1230
12,1231
12,1234
36,1234
54,1234
43,1235
50,1239
52,1239
50,1240
9,1241
8,1249
50,1251
40,1252
16,1254
34,1255
49,1256
57,1257
50,1258
35,1262
26,1265
18,1272
23,1273
44,1274
1,1277
40,1280
57,1280
13,1282
10,1286
32,1289
59,1290
42,1292
51,1292
16,1294
9,1296
13,1297
47,1298
31,1299
1,1304
18,1304
40,1304
2,1305
1,1308
2,1310
1,1311
44,1314
45,1314
51,1314
9,1315
46,1315
2,1317
34,1317
37,1317
57,1317
54,1320
14,1324
1,1327
2,1328
10,1328
56,1328
1,1329
10,1329
40,1329
36,1330
59,1331
1,1332
16,1332
7,1333
2,1334
2,1336
60,1339
35,1342
11,1345
10,1346
1,1347
2,1350
1,1351
20,1351
1,1352
6,1352
2,1353
2,1354
24,1354
27,1355
48,1355
56,1356
45,1358
1,1359
2,1360
50,1360
26,1362
1,1364
45,1364
1,1365
15,1365
2,1366
4,1367
27,1367
2,1368
47,1376
16,1378
26,1380
31,1380
24,1382
45,1383
38,1384
10,1385
9,1388
56,1391
25,1392
11,1393
47,1393
10,1395
22,1395
45,1396
43,1397
18,1400
22,1403
54,1404
59,1404
10,1406
53,1406
60,1407
55,1407
43,1411
16,1415
25,1417
56,1418
35,1421
49,1421
25,1422
19,1425
1,1426
2,1427
1,1428
3,1428
26,1428
1,1429
2,1430
49,1430
2,1431
5,1431
29,1433
50,1433
4,1435
41,1435
3,1437
5,1437
50,1437
23,1438
5,1439
4,1440
18,1440
34,1446
50,1448
51,1451
34,1452
16,1453
29,1457
1,1458
2,1460
27,1460
16,1461
34,1462
16,1463
1,1464
9,1466
39,1467
2,1468
6,1469
56,1469
20,1470
1,1471
2,1472
13,1473
31,1473
10,1474
58,1481
3,1486
15,1487
4,1488
27,1489
52,1489
3,1490
8,1490
53,1490
4,1491
15,1494
5,1495
5,1497
10,1498
25,1502
19,1505
12,1508
26,1508
41,1508
33,1509
58,1510
21,1511
40,1511
26,1513
21,1519
43,1522
42,1524
60,1527
7,1529
39,1529
22,1530
1,1531
25,1531
13,1533
42,1533
2,1534
43,1534
1,1535
18,1536
30,1536
36,1536
8,1537
60,1538
2,1539
21,1539
46,1539
1,1540
2,1542
32,1544
51,1544
1,1545
26,1545
36,1546
2,1547
10,1549
42,1549
52,1549
1,1551
33,1552
9,1553
2,1554
10,1555
26,1555
35,1556
45,1556
21,1557
37,1557
1,1558
22,1558
49,1558
2,1559
34,1560
3,1561
13,1561
25,1562
5,1563
4,1564
3,1565
60,1566
5,1566
39,1566
4,1567
23,1569
29,1573
6,1574
11,1574
15,1574
26,1574
39,1574
10,1575
35,1575
3,1576
46,1576
4,1577
46,1577
18,1580
4,1581
49,1581
19,1583
33,1585
51,1585
56,1585
5,1589
49,1589
43,1590
46,1590
3,1592
5,1594
15,1596
21,1596
8,1597
46,1601
35,1602
11,1603
44,1604
1,1606
11,1606
29,1607
43,1608
1,1609
2,1610
18,1612
2,1613
20,1613
28,1613
1,1614
2,1617
8,1620
49,1626
3,1627
5,1628
4,1629
58,1629
3,1630
5,1633
13,1633
36,1633
13,1634
4,1636
28,1636
48,1636
18,1638
56,1640
20,1641
17,1643
14,1644
17,1644
22,1648
11,1650
55,1650
7,1651
24,1652
35,1652
45,1652
11,1653
51,1653
56,1653
3,1655
5,1658
5,1659
7,1659
8,1660
27,1660
4,1661
4,1662
3,1663
14,1665
55,1665
56,1666
20,1669
22,1669
58,1670
25,1672
58,1676
5,1679
58,1679
47,1682
14,1684
36,1686
19,1688
21,1689
36,1692
5,1693
43,1693
27,1694
50,1694
24,1695
17,1698
11,1699
38,1699
22,1702
29,1702
36,1703
49,1703
44,1704
42,1706
10,1708
12,1708
33,1708
29,1711
13,1712
52,1712
57,1712
22,1714
8,1716
50,1716
58,1716
24,1717
8,1718
52,1719
47,1723
37,1724
14,1726
37,1728
47,1729
12,1732
16,1735
19,1737
41,1737
8,1738
49,1738
10,1740
32,1741
22,1743
24,1743
50,1743
52,1743
22,1745
11,1749
49,1752
48,1753
30,1754
25,1755
20,1756
49,1757
10,1759
17,1759
10,1762
57,1763
30,1764
57,1765
57,1767
29,1768
27,1770
55,1774
43,1778
58,1778
17,1783
24,1787
52,1790
58,1794
50,1798
1,1799
1,1800
2,1801
1,1802
2,1803
15,1805
50,1806
58,1807
2,1808
36,1810
18,1812
49,1813
52,1813
59,1815
10,1816
1,1817
14,1817
1,1818
2,1819
1,1821
2,1822
19,1823
2,1825
8,1826
52,1827
5,1829
35,1829
25,1830
26,1832
32,1832
57,1832
20,1835
21,1835
32,1835
37,1835
1,1838
39,1839
2,1840
1,1841
44,1842
21,1843
1,1844
27,1844
2,1845
30,1845
31,1845
2,1846
25,1846
34,1846
15,1849
27,1849
27,1850
49,1850
18,1852
55,1853
7,1855
9,1859
8,1866
1,1868
10,1869
25,1869
32,1869
18,1870
56,1870
1,1871
2,1872
10,1872
1,1873
47,1873
19,1874
2,1875
2,1878
25,1878
8,1880
44,1880
60,1883
33,1883
23,1884
31,1885
43,1887
16,1890
30,1891
42,1891
12,1894
19,1897
9,1899
43,1900
28,1902
1,1904
58,1904
11,1906
57,1907
2,1908
15,1908
44,1909
1,1910
56,1910
1,1912
3,1912
26,1912
47,1912
52,1913
2,1914
4,1914
23,1914
2,1916
5,1918
14,1918
4,1919
5,1920
34,1920
3,1923
28,1924
53,1924
32,1925
45,1926
50,1926
60,1927
4,1927
12,1930
48,1930
11,1931
52,1934
3,1935
25,1935
4,1937
30,1937
49,1937
5,1938
60,1941
4,1941
3,1942
33,1942
48,1942
5,1943
57,1944
1,1946
30,1946
2,1948
14,1950
24,1952
7,1953
1,1955
1,1956
2,1957
2,1958
6,1958
36,1958
1,1959
42,1959
51,1960
25,1961
39,1966
15,1968
8,1974
1,1977
19,1977
19,1978
2,1980
60,1981
1,1981
2,1982
48,1983
58,1983
1,1985
52,1986
3,1988
5,1990
10,1990
5,1992
15,1992
2,1993
4,1993
43,1993
36,1994
4,1995
22,1995
60,1996
3,1996
52,1996
1,1998
1,1999
32,1999
41,1999
2,2000
60,2001
2,2001
58,2001
12,2002
1,2003
23,2004
40,2004
2,2005
36,2008
11,2011
3,2012
5,2013
48,2013
5,2014
4,2016
3,2017
4,2018
25,2018
14,2021
20,2021
21,2026
57,2027
19,2030
32,2033
1,2038
21,2038
2,2039
3,2042
4,2043
1,2044
4,2044
8,2044
5,2045
31,2045
56,2045
1,2046
34,2046
2,2047
5,2047
2,2048
41,2050
54,2051
3,2052
33,2052
44,2053
26,2056
52,2057
24,2059
50,2059
6,2061
13,2061
1,2063
2,2064
54,2064
6,2065
8,2065
1,2067
1,2069
48,2069
49,2069
55,2069
23,2070
2,2071
20,2071
2,2072
26,2073
60,2074
51,2074
48,2075
53,2075
45,2076
50,2077
29,2079
54,2081
7,2082
18,2083
8,2088
48,2090
53,2092
40,2093
41,2095
44,2095
31,2101
35,2101
59,2101
13,2103
22,2105
46,2106
3,2107
41,2107
4,2108
60,2109
29,2109
44,2109
18,2110
59,2111
7,2115
4,2116
3,2119
17,2120
38,2120
5,2121
5,2123
3,2124
58,2124
4,2126
5,2127
3,2128
5,2129
24,2129
4,2131
28,2132
11,2135
54,2135
17,2136
25,2143
54,2146
41,2147
54,2148
18,2149
49,2149
10,2150
52,2153
43,2155
53,2157
22,2159
22,2160
53,2161
48,2162
43,2165
3,2169
43,2169
1,2171
4,2171
5,2173
7,2173
2,2174
3,2174
1,2175
45,2175
4,2176
16,2176
5,2177
1,2180
2,2181
5,2181
60,2182
2,2182
1,2183
1,2184
2,2185
2,2186
19,2186
48,2186
1,2188
49,2188
2,2189
59,2193
49,2196
10,2198
30,2198
29,2199
30,2202
10,2204
50,2208
3,2210
26,2212
41,2212
4,2213
26,2213
54,2213
3,2214
4,2217
55,2218
5,2219
16,2220
5,2221
40,2221
20,2225
42,2225
48,2226
26,2227
22,2228
60,2229
50,2230
12,2231
41,2232
33,2238
31,2241
9,2242
33,2242
38,2243
3,2244
59,2246
5,2247
35,2247
4,2248
29,2250
5,2251
4,2252
8,2252
3,2253
21,2253
39,2255
22,2256
14,2261
59,2263
48,2265
33,2269
55,2270
56,2270
23,2271
20,2278
56,2278
25,2279
8,2280
41,2280
14,2281
16,2282
48,2282
58,2284
14,2285
35,2285
44,2285
1,2291
49,2291
2,2292
1,2293
34,2295
2,2297
1,2298
2,2299
26,2299
43,2301
19,2303
42,2304
22,2305
24,2306
23,2307
46,2308
54,2308
3,2310
23,2311
4,2312
3,2314
24,2314
35,2317
49,2317
5,2318
43,2318
5,2320
4,2321
23,2321
34,2321
16,2324
56,2325
54,2327
29,2328
23,2334
43,2334
1,2336
16,2336
43,2336
15,2337
44,2337
1,2341
2,2342
22,2342
1,2343
1,2344
2,2345
2,2346
6,2347
14,2347
59,2351
32,2352
56,2354
14,2357
28,2357
30,2357
32,2357
15,2358
30,2358
10,2362
1,2366
1,2369
20,2369
2,2370
30,2370
1,2372
19,2372
36,2373
52,2373
2,2374
2,2375
41,2375
7,2377
42,2377
51,2377
27,2379
26,2380
56,2381
32,2382
38,2382
16,2383
26,2387
16,2390
1,2392
12,2392
2,2393
1,2395
8,2395
2,2396
25,2397
1,2398
2,2400
13,2403
58,2403
44,2404
3,2407
20,2407
4,2409
3,2410
4,2412
12,2412
5,2413
14,2413
5,2414
17,2418
28,2418
3,2419
17,2420
4,2422
3,2424
56,2424
4,2426
5,2428
5,2430
1,2434
13,2435
2,2437
1,2438
2,2439
1,2440
2,2441
31,2441
1,2443
41,2443
2,2444
8,2444
13,2445
1,2446
7,2446
54,2446
2,2449
1,2450
32,2450
2,2451
20,2451
48,2452
10,2453
50,2454
43,2455
46,2457
55,2458
22,2459
9,2460
12,2460
7,2462
7,2463
51,2465
1,2466
1,2468
41,2468
2,2469
1,2470
2,2472
42,2472
2,2474
37,2480
20,2483
29,2483
1,2486
1,2487
2,2489
56,2489
1,2491
40,2492
2,2494
2,2496
25,2502
38,2502
20,2504
43,2505
31,2506
32,2506
8,2508
30,2508
60,2515
6,2515
21,2520
43,2520
17,2523
9,2524
20,2524
40,2524
53,2527
27,2529
20,2532
41,2533
1,2537
2,2539
15,2539
1,2540
22,2540
25,2540
2,2542
12,2542
58,2543
1,2544
2,2545
53,2545
30,2546
20,2547
56,2549
31,2551
11,2554
11,2555
27,2557
3,2558
4,2559
10,2561
49,2561
4,2562
3,2563
6,2563
5,2564
5,2565
44,2567
1,2569
2,2570
1,2571
2,2572
59,2572
60,2573
1,2573
52,2575
29,2578
2,2582
56,2582
3,2583
59,2585
56,2587
4,2588
6,2589
40,2589
44,2591
45,2591
52,2591
5,2592
59,2593
5,2594
4,2595
12,2596
3,2597
30,2598
57,2602
13,2604
42,2605
41,2606
30,2608
9,2609
27,2611
8,2613
34,2616
43,2616
30,2617
39,2618
41,2618
58,2620
11,2621
48,2621
13,2624
52,2624
42,2630
22,2632
31,2634
6,2635
15,2636
33,2636
40,2636
54,2636
14,2638
2,2639
9,2641
46,2641
45,2644
39,2645
6,2646
29,2647
58,2653
58,2656
37,2657
1,2659
43,2659
46,2660
2,2661
1,2662
2,2663
14,2665
1,2666
2,2667
41,2668
1,2669
14,2673
45,2673
60,2674
57,2675
37,2678
9,2680
25,2683
50,2686
51,2688
47,2689
53,2690
1,2691
48,2691
1,2692
2,2695
2,2696
1,2697
2,2699
11,2699
32,2700
53,2700
20,2702
3,2703
4,2704
58,2705
5,2706
9,2706
5,2708
8,2708
4,2710
42,2712
3,2717
6,2717
30,2717
21,2718
43,2718
32,2719
9,2720
60,2723
3,2723
13,2723
35,2723
25,2725
18,2728
51,2730
26,2731
50,2731
43,2732
28,2733
11,2735
28,2736
48,2736
42,2737
22,2738
7,2739
21,2739
38,2741
10,2742
17,2742
60,2744
25,2744
58,2744
56,2748
59,2748
8,2751
11,2751
25,2752
55,2752
13,2754
25,2755
27,2756
39,2756
30,2757
39,2758
4,2760
44,2760
6,2761
21,2763
6,2765
15,2766
1,2771
43,2771
56,2771
1,2772
51,2773
2,2775
53,2775
23,2776
1,2777
2,2778
38,2779
2,2780
33,2781
44,2781
51,2782
2,2783
52,2784
53,2784
32,2787
7,2791
32,2793
49,2793
3,2794
44,2796
4,2797
46,2797
5,2799
51,2800
22,2801
30,2801
12,2804
5,2805
4,2806
3,2807
33,2807
39,2813
19,2815
46,2815
7,2817
31,2818
50,2818
49,2819
8,2821
55,2821
33,2822
54,2823
1,2824
2,2826
23,2826
47,2827
6,2828
37,2828
41,2828
1,2829
12,2829
2,2830
34,2830
14,2831
54,2831
57,2831
1,2833
15,2834
24,2834
31,2834
2,2835
46,2835
59,2835
36,2836
23,2837
1,2839
21,2839
32,2839
9,2840
1,2841
38,2841
2,2842
16,2842
2,2843
19,2843
57,2843
22,2844
1,2845
10,2845
55,2845
37,2846
2,2848
16,2848
27,2849
6,2850
48,2851
57,2851
25,2852
3,2853
48,2853
4,2854
40,2854
3,2855
5,2858
4,2859
5,2860
12,2860
47,2861
60,2862
54,2862
12,2863
21,2863
18,2866
1,2867
6,2867
50,2867
7,2868
25,2868
1,2869
2,2872
30,2872
1,2873
27,2874
2,2876
2,2877
58,2879
28,2880
10,2881
21,2883
56,2885
21,2888
54,2888
3,2891
11,2891
4,2892
4,2894
8,2894
24,2894
5,2895
5,2898
34,2898
3,2899
22,2899
23,2900
6,2901
24,2904
20,2909
41,2913
15,2917
19,2921
23,2921
31,2923
25,2926
47,2926
13,2928
20,2928
38,2928
38,2929
25,2930
29,2931
43,2935
32,2936
3,2938
4,2939
8,2940
5,2941
4,2942
5,2943
20,2943
36,2946
3,2947
39,2948
47,2948
25,2951
9,2953
34,2956
43,2958
40,2959
43,2959
55,2961
43,2962
8,2964
12,2965
41,2966
47,2966
37,2967
23,2968
21,2969
57,2969
46,2970
59,2974
36,2976
19,2977
34,2977
34,2981
36,2981
15,2982
42,2982
39,2986
14,2989
15,2989
3,2995
18,2995
17,2996
30,2996
11,2997
41,2998
52,2999
4,3001
1,3002
4,3002
5,3003
32,3003
1,3004
60,3005
2,3005
1,3006
5,3007
3,3010
20,3010
2,3014
2,3015
37,3018
17,3019
27,3019
58,3021
46,3022
55,3022
47,3025
3,3026
41,3026
1,3027
5,3028
41,3028
42,3028
4,3029
1,3030
3,3030
2,3031
1,3032
4,3033
5,3034
32,3035
2,3036
43,3036
33,3037
2,3038
32,3038
19,3039
25,3042
50,3046
51,3047
41,3048
14,3049
25,3049
60,3051
18,3056
25,3057
32,3057
11,3059
28,3061
34,3061
44,3067
13,3069
53,3069
35,3071
6,3072
19,3072
52,3072
60,3073
35,3075
8,3076
24,3076
43,3081
30,3082
14,3087
45,3088
53,3088
31,3090
54,3093
42,3094
30,3095
42,3096
42,3098
37,3100
34,3101
36,3101
2,3102
22,3102
56,3103
3,3105
47,3105
4,3107
3,3108
15,3108
4,3109
5,3111
56,3111
1,3112
1,3113
2,3114
1,3115
43,3115
2,3116
5,3116
2,3118
18,3119
24,3126
29,3127
40,3129
12,3132
31,3132
9,3133
40,3137
28,3140
50,3141
12,3143
26,3143
31,3144
36,3146
29,3148
39,3148
11,3153
12,3155
32,3158
55,3159
51,3160
6,3161
46,3162
45,3164
59,3164
7,3168
52,3168
6,3169
49,3171
53,3171
58,3171
52,3175
26,3176
37,3182
58,3187
16,3190
29,3191
47,3194
30,3198
31,3199
51,3199
32,3200
41,3200
12,3201
27,3204
27,3205
41,3205
22,3210
48,3210
2,3216
6,3218
42,3220
48,3220
29,3226
34,3226
27,3230
48,3230
21,3231
3,3233
4,3234
3,3235
12,3235
4,3236
32,3236
8,3237
40,3237
5,3239
43,3240
5,3241
3,3244
47,3245
4,3246
9,3246
4,3248
54,3248
40,3249
3,3251
33,3251
5,3252
38,3252
5,3253
7,3258
10,3258
3,3260
5,3262
22,3262
5,3263
37,3263
4,3264
9,3264
30,3265
39,3265
3,3267
46,3267
4,3268
34,3268
46,3268
27,3270
15,3272
2,3275
11,3275
26,3277
50,3280
39,3287
57,3287
21,3288
54,3288
60,3289
59,3289
14,3290
59,3292
43,3294
12,3295
28,3295
32,3295
24,3296
8,3297
21,3300
44,3300
10,3303
16,3304
3,3306
58,3307
47,3308
40,3309
50,3309
58,3310
50,3315
33,3316
38,3316
31,3317
49,3319
30,3323
31,3324
49,3324
35,3326
53,3329
20,3332
25,3334
7,3337
38,3339
35,3341
4,3342
21,3342
18,3344
18,3346
40,3349
33,3353
3,3354
59,3354
24,3355
37,3355
10,3356
42,3358
5,3362
15,3362
5,3363
4,3365
6,3365
3,3366
40,3366
4,3367
20,3367
11,3372
42,3376
45,3377
48,3380
30,3382
1,3383
1,3385
2,3386
10,3386
46,3387
2,3389
1,3391
2,3394
6,3394
32,3395
60,3399
55,3402
9,3404
30,3404
29,3406
37,3406
32,3410
42,3411
56,3411
45,3412
60,3414
54,3414
6,3416
14,3417
27,3417
43,3419
24,3421
46,3424
1,3425
27,3425
34,3426
55,3426
1,3428
45,3428
2,3429
2,3430
6,3430
46,3430
1,3431
29,3431
15,3432
6,3433
37,3433
2,3435
6,3436
32,3436
18,3442
23,3442
59,3442
18,3448
30,3450
33,3451
50,3451
49,3453
56,3453
1,3457
1,3458
8,3460
29,3460
60,3461
47,3461
29,3463
23,3464
2,3465
1,3466
2,3467
2,3469
41,3469
31,3470
31,3475
58,3475
18,3478
22,3479
20,3483
53,3483
18,3484
60,3490
23,3490
45,3490
28,3491
48,3491
60,3495
32,3495
3,3498
23,3498
1,3499
4,3499
30,3499
42,3499
2,3501
3,3501
60,3502
48,3502
60,3503
1,3503
5,3503
2,3504
5,3504
1,3505
4,3505
44,3505
2,3506
57,3507
30,3509
55,3509
6,3511
30,3511
48,3511
36,3512
10,3514
12,3515
34,3516
37,3516
28,3517
47,3517
23,3518
1,3519
1,3520
2,3522
11,3522
2,3523
10,3524
1,3525
12,3525
56,3525
2,3527
36,3528
26,3529
23,3533
53,3537
1,3540
2,3541
1,3542
3,3542
49,3542
2,3544
33,3544
1,3545
4,3545
45,3545
5,3546
44,3546
2,3547
3,3547
10,3547
1,3548
23,3548
4,3550
5,3551
1,3552
2,3554
2,3555
44,3555
37,3556
1,3558
2,3561
7,3561
51,3561
7,3564
40,3565
55,3568
25,3573
16,3575
8,3576
28,3580
34,3580
53,3580
30,3583
22,3584
46,3587
59,3587
42,3591
32,3592
34,3597
14,3600
38,3600
46,3601
7,3602
13,3603
32,3603
7,3607
54,3609
52,3611
60,3613
40,3616
54,3617
24,3619
29,3620
46,3620
56,3620
58,3620
22,3621
43,3621
60,3623
34,3623
23,3625
38,3629
3,3631
17,3631
5,3632
51,3632
5,3633
29,3633
4,3634
51,3634
60,3635
4,3635
57,3635
3,3637
7,3637
45,3637
3,3638
19,3639
24,3639
31,3639
19,3640
1,3641
37,3641
48,3643
44,3646
13,3649
21,3651
59,3651
50,3658
25,3659
45,3659
38,3660
9,3661
42,3661
12,3662
24,3662
13,3664
34,3664
40,3665
39,3668
6,3670
30,3673
3,3675
56,3675
4,3676
11,3676
5,3677
54,3677
5,3678
1,3679
14,3679
55,3679
1,3680
3,3680
2,3681
46,3681
1,3682
23,3682
49,3682
2,3684
4,3684
2,3685
45,3690
4,3692
26,3692
49,3692
48,3693
32,3696
49,3696
15,3698
27,3698
3,3699
27,3699
51,3699
4,3701
6,3701
17,3701
32,3702
47,3702
4,3703
17,3703
5,3705
19,3705
3,3706
19,3707
5,3709
3,3710
4,3711
8,3712
41,3713
3,3714
4,3715
55,3716
45,3717
5,3720
39,3722
54,3722
5,3724
25,3724
13,3725
8,3726
54,3728
42,3729
50,3734
21,3737
50,3738
30,3739
10,3743
20,3743
26,3743
30,3743
33,3744
17,3750
55,3750
8,3752
45,3752
23,3753
51,3753
15,3754
49,3754
24,3758
22,3759
18,3765
21,3767
6,3768
25,3769
59,3769
15,3772
36,3773
10,3779
17,3780
20,3780
21,3780
29,3780
18,3783
59,3784
1,3786
58,3786
18,3787
1,3789
10,3789
21,3789
2,3790
2,3792
1,3793
12,3793
2,3794
32,3795
20,3796
24,3796
10,3797
14,3797
8,3799
20,3801
48,3801
41,3802
16,3804
20,3805
45,3806
58,3806
44,3813
13,3814
32,3814
7,3817
26,3820
50,3822
46,3826
50,3829
8,3832
24,3832
24,3833
3,3835
16,3835
24,3835
47,3836
4,3837
11,3837
22,3837
4,3838
5,3839
52,3839
3,3840
5,3841
13,3841
25,3842
35,3844
7,3845
16,3845
60,3846
7,3847
9,3851
18,3853
41,3855
23,3857
15,3861
18,3862
15,3865
59,3865
40,3866
53,3867
41,3868
51,3868
12,3869
39,3870
15,3874
14,3875
50,3884
6,3885
41,3885
27,3886
51,3886
23,3890
41,3890
35,3894
11,3895
56,3896
25,3898
8,3899
54,3901
11,3902
25,3904
15,3905
51,3906
30,3911
23,3913
47,3913
41,3915
60,3917
47,3919
42,3920
57,3920
1,3922
18,3922
21,3922
2,3923
32,3923
40,3924
29,3926
1,3927
46,3927
1,3928
2,3929
2,3930
9,3932
37,3933
50,3933
9,3936
19,3938
42,3938
26,3939
54,3939
10,3940
58,3941
38,3943
7,3949
13,3951
31,3952
28,3953
49,3956
35,3957
56,3957
22,3959
7,3960
58,3960
3,3962
38,3962
58,3962
4,3963
4,3967
27,3967
5,3969
53,3969
3,3970
15,3970
13,3971
18,3972
29,3972
5,3973
11,3976
50,3976
35,3978
1,3979
1,3980
31,3980
59,3981
2,3982
40,3982
1,3983
41,3984
34,3985
2,3986
21,3986
13,3987
24,3988
2,3989
28,3991
36,3992
11,3995
42,3995
30,3996
54,3998
42,4001
44,4001
19,4004
30,4006
44,4006
27,4010
24,4013
55,4015
47,4018
60,4020
15,4020
27,4024
21,4025
45,4028
27,4035
3,4038
32,4038
33,4039
40,4041
4,4042
5,4043
4,4044
21,4044
3,4045
41,4048
5,4050
10,4053
12,4053
32,4053
51,4053
36,4054
21,4059
3,4060
11,4061
4,4062
5,4063
43,4063
3,4065
5,4067
4,4068
5,4068
3,4070
4,4071
4,4073
35,4073
3,4076
5,4077
26,4077
37,4078
57,4078
18,4079
44,4079
5,4080
38,4082
31,4084
9,4086
37,4088
57,4089
47,4091
4,4092
51,4093
8,4095
42,4096
58,4097
18,4098
6,4099
58,4099
18,4100
3,4104
5,4105
10,4105
4,4109
59,4109
17,4110
30,4110
43,4110
46,4110
4,4111
3,4112
5,4114
36,4115
50,4116
60,4117
3,4118
5,4119
5,4120
4,4122
18,4123
40,4125
4,4126
4,4127
3,4128
1,4132
1,4134
2,4135
30,4135
35,4135
55,4135
2,4136
32,4138
1,4139
2,4141
18,4141
14,4144
45,4145
59,4147
56,4154
32,4159
47,4159
53,4160
11,4161
32,4164
36,4164
42,4165
10,4166
3,4167
9,4167
19,4169
54,4169
4,4170
3,4171
46,4171
56,4171
11,4172
5,4173
12,4173
59,4173
28,4174
48,4175
58,4175
5,4176
4,4178
6,4178
28,4181
30,4181
4,4183
22,4185
52,4188
5,4190
56,4191
13,4194
37,4195
45,4195
50,4196
29,4202
42,4203
22,4204
59,4207
3,4208
37,4208
4,4210
3,4211
31,4211
53,4211
45,4212
33,4213
5,4215
4,4216
5,4217
46,4220
29,4222
26,4225
11,4231
47,4233
8,4234
23,4234
38,4234
17,4236
33,4237
59,4237
49,4239
31,4240
44,4242
1,4243
15,4244
54,4244
1,4245
2,4247
47,4248
2,4250
3,4250
15,4250
5,4252
36,4252
1,4253
5,4253
59,4253
2,4254
4,4254
28,4254
4,4255
3,4256
35,4256
44,4258
27,4259
38,4259
30,4262
24,4265
42,4265
42,4268
15,4270
19,4270
30,4273
1,4274
1,4275
2,4278
2,4279
1,4280
12,4280
2,4281
50,4281
13,4282
30,4288
50,4288
20,4292
41,4294
14,4298
28,4306
1,4308
54,4308
15,4309
1,4312
21,4313
54,4314
2,4315
11,4315
21,4315
45,4315
3,4317
12,4317
2,4318
1,4320
5,4320
4,4321
40,4321
2,4322
4,4323
3,4324
13,4324
5,4326
39,4327
10,4328
56,4328
11,4329
13,4329
26,4329
17,4334
43,4334
24,4336
52,4337
3,4341
46,4341
5,4342
4,4343
13,4343
18,4343
4,4344
27,4344
5,4345
11,4348
13,4348
51,4349
3,4350
15,4351
49,4357
59,4361
40,4362
42,4362
16,4363
7,4366
58,4366
28,4368
1,4369
1,4370
8,4372
30,4372
45,4372
2,4373
2,4374
38,4374
1,4375
42,4375
2,4377
21,4379
10,4381
53,4382
41,4395
33,4402
52,4404
36,4405
20,4406
34,4412
44,4413
17,4417
32,4419
37,4421
27,4424
27,4425
54,4426
23,4429
52,4430
8,4432
38,4434
22,4435
42,4437
3,4438
40,4438
4,4440
17,4440
27,4440
44,4440
3,4441
4,4442
49,4442
5,4443
5,4445
19,4445
33,4446
54,4446
57,4447
1,4448
20,4448
1,4452
2,4454
2,4456
14,4456
18,4456
45,4456
1,4457
38,4460
2,4462
43,4465
20,4468
18,4469
33,4469
29,4471
40,4471
24,4472
8,4477
33,4480
45,4480
29,4481
37,4482
43,4482
28,4483
29,4489
14,4491
17,4491
22,4491
16,4497
17,4497
28,4497
18,4501
13,4503
53,4503
59,4505
47,4508
28,4510
47,4511
1,4512
54,4512
5,4513
29,4514
2,4516
21,4516
1,4518
9,4518
2,4519
9,4521
1,4522
57,4522
2,4524
19,4525
25,4525
41,4528
15,4529
24,4530
6,4531
19,4532
25,4532
49,4532
11,4534
40,4534
7,4536
8,4537
37,4539
46,4539
31,4540
35,4541
15,4542
44,4542
31,4543
60,4545
23,4545
9,4546
3,4548
55,4549
17,4550
41,4551
32,4552
52,4552
56,4554
15,4556
51,4556
56,4556
51,4557
1,4560
1,4562
2,4563
26,4563
55,4563
1,4564
46,4564
13,4565
60,4567
2,4567
2,4568
18,4570
11,4571
55,4571
57,4571
17,4573
3,4574
52,4574
5,4577
50,4577
4,4579
5,4580
51,4581
4,4582
21,4582
35,4582
3,4583
8,4583
37,4585
50,4586
20,4589
38,4590
3,4591
4,4592
4,4594
20,4595
3,4596
5,4597
56,4597
1,4598
29,4598
55,4598
46,4599
1,4600
5,4600
17,4601
2,4603
2,4604
1,4605
2,4606
12,4607
3,4608
1,4609
16,4609
4,4610
5,4616
20,4616
20,4621
3,4624
14,4624
5,4625
29,4626
4,4627
55,4627
21,4631
40,4632
41,4632
31,4634
21,4637
52,4638
60,4640
58,4640
35,4641
37,4643
12,4646
39,4646
43,4646
55,4646
23,4647
54,4650
30,4652
22,4653
50,4653
27,4656
21,4659
27,4661
35,4663
49,4665
7,4668
47,4668
37,4670
27,4671
19,4674
36,4674
19,4676
1,4677
2,4678
26,4679
35,4680
1,4681
1,4682
52,4682
2,4683
59,4683
2,4686
35,4687
23,4690
39,4691
13,4692
35,4693
54,4695
59,4695
27,4696
4,4697
7,4697
17,4697
36,4700
3,4701
21,4701
43,4701
15,4702
31,4705
53,4705
4,4706
40,4706
5,4707
3,4708
52,4708
5,4709
4,4710
51,4712
44,4713
32,4714
39,4714
55,4714
57,4715
27,4719
30,4722
37,4722
44,4722
39,4723
12,4726
21,4726
34,4728
38,4732
40,4732
17,4733
1,4736
2,4738
39,4738
1,4739
52,4739
1,4740
7,4741
48,4741
15,4743
47,4743
2,4745
28,4745
59,4745
3,4746
8,4746
2,4747
5,4747
1,4748
4,4748
30,4748
34,4749
3,4750
1,4751
5,4751
53,4751
4,4752
2,4753
2,4755
1,4757
16,4757
2,4758
24,4764
19,4765
26,4766
29,4766
53,4767
60,4768
6,4768
23,4768
53,4769
60,4770
36,4771
51,4773
53,4773
35,4776
18,4780
6,4784
25,4784
27,4786
41,4786
49,4790
39,4791
39,4793
26,4796
38,4798
54,4799
47,4801
29,4808
40,4808
11,4814
9,4816
36,4816
37,4817
4,4823
54,4824
15,4825
10,4828
18,4828
46,4829
55,4830
39,4832
38,4833
8,4837
10,4837
21,4838
6,4840
54,4840
42,4841
48,4843
9,4850
59,4852
19,4853
58,4855
19,4857
38,4857
42,4857
29,4859
14,4860
44,4864
10,4865
37,4865
35,4866
10,4868
24,4868
36,4868
19,4870
6,4874
25,4874
60,4876
33,4877
31,4878
1,4879
29,4879
37,4879
1,4882
30,4882
2,4883
35,4883
48,4883
14,4885
2,4886
24,4887
1,4889
17,4889
35,4889
42,4889
45,4889
49,4889
2,4890
59,4892
51,4894
4,4896
10,4896
25,4896
27,4898
35,4898
28,4900
58,4900
36,4902
53,4904
18,4907
39,4909
29,4910
3,4915
5,4918
4,4919
43,4919
4,4922
9,4923
27,4923
3,4925
5,4928
58,4929
29,4931
28,4932
16,4935
17,4941
49,4942
6,4944
24,4944
31,4946
8,4947
36,4949
59,4950
7,4952
41,4952
59,4952
28,4959
53,4961
12,4962
43,4965
20,4967
32,4967
24,4968
58,4973
11,4974
59,4974
3,4975
27,4977
4,4978
4,4979
49,4979
5,4980
39,4981
41,4981
43,4981
48,4983
3,4984
25,4984
5,4985
26,4993
1,4997
2,4998
1,4999
2,5000
27,5000
43,5000
46,5002
1,5005
47,5005
46,5007
48,5007
29,5011
1,5012
2,5014
36,5019
17,5020
58,5020
30,5025
46,5027
47,5027
51,5029
50,5031
53,5033
57,5034
28,5036
29,5036
56,5036
55,5038
21,5042
12,5045
21,5045
26,5045
28,5045
31,5045
25,5047
19,5049
20,5051
3,5054
24,5055
4,5057
23,5057
12,5059
8,5060
10,5064
3,5067
5,5068
37,5068
25,5069
54,5069
60,5070
48,5071
5,5073
11,5073
26,5073
4,5074
57,5075
1,5083
2,5084
1,5085
50,5085
1,5086
2,5087
2,5088
49,5089
37,5090
35,5091
21,5092
25,5092
55,5093
32,5094
9,5095
27,5095
51,5096
32,5100
12,5101
47,5105
3,5110
60,5111
30,5111
9,5113
58,5113
10,5114
27,5116
27,5118
37,5119
1,5121
16,5121
1,5123
30,5123
2,5124
2,5125
1,5126
23,5126
2,5130
19,5130
14,5134
15,5134
54,5134
24,5138
3,5140
4,5142
11,5142
27,5142
39,5142
1,5143
5,5143
56,5143
2,5144
5,5144
1,5145
3,5145
2,5146
1,5147
4,5147
26,5147
2,5148
60,5149
51,5149
9,5150
23,5150
42,5150
58,5151
55,5157
60,5160
6,5160
16,5163
42,5163
1,5166
17,5166
34,5166
22,5168
35,5169
50,5169
1,5172
54,5172
45,5173
2,5175
8,5179
2,5182
11,5182
33,5182
1,5183
2,5184
55,5184
16,5185
12,5191
10,5192
20,5197
50,5197
53,5198
28,5199
18,5201
26,5202
55,5202
53,5204
54,5207
11,5208
53,5209
47,5210
57,5212
27,5213
49,5213
57,5216
41,5220
51,5221
31,5223
43,5224
9,5226
30,5226
43,5228
9,5230
21,5233
56,5233
32,5234
38,5235
48,5235
53,5235
47,5237
15,5238
23,5239
24,5240
27,5240
49,5241
60,5242
3,5242
6,5242
59,5242
4,5243
39,5243
3,5244
5,5245
43,5246
4,5247
5,5248
38,5250
47,5251
25,5253
33,5253
6,5255
8,5256
43,5256
27,5258
38,5259
44,5260
37,5261
3,5266
31,5269
58,5269
60,5270
31,5273
35,5273
7,5274
40,5276
6,5277
35,5277
16,5278
54,5280
55,5281
7,5283
51,5284
60,5285
22,5285
38,5285
27,5287
19,5288
54,5290
35,5294
21,5301
38,5301
3,5302
5,5303
4,5304
57,5304
5,5305
3,5308
56,5310
44,5311
17,5312
4,5313
22,5314
42,5316
37,5319
40,5319
1,5320
1,5321
35,5322
2,5323
1,5324
46,5326
2,5327
27,5328
46,5328
16,5329
2,5330
27,5335
32,5336
53,5341
11,5342
20,5344
36,5344
51,5345
35,5347
7,5348
60,5352
25,5354
38,5357
49,5357
43,5363
3,5364
4,5365
31,5365
38,5365
5,5366
19,5366
23,5366
1,5367
4,5367
2,5368
5,5369
3,5370
11,5371
39,5371
45,5371
1,5372
14,5372
17,5372
2,5373
15,5376
1,5378
34,5378
3,5380
2,5381
7,5382
29,5383
12,5384
43,5385
57,5386
15,5388
58,5392
24,5397
35,5397
12,5399
49,5399
50,5399
10,5401
35,5402
28,5405
27,5406
32,5407
41,5408
18,5411
22,5411
1,5413
2,5414
59,5415
1,5416
28,5416
1,5417
2,5418
12,5418
2,5421
46,5423
29,5424
8,5426
26,5426
14,5430
21,5430
57,5431
35,5432
18,5435
29,5435
43,5437
8,5438
9,5443
43,5443
18,5445
28,5445
16,5446
36,5446
3,5447
4,5447
4,5448
35,5453
44,5453
5,5454
5,5455
4,5456
3,5457
33,5457
1,5458
29,5459
24,5461
41,5461
1,5462
6,5464
20,5464
2,5465
39,5465
30,5466
1,5467
2,5468
22,5468
30,5468
2,5469
3,5472
4,5474
24,5475
4,5476
41,5476
19,5477
13,5478
5,5479
5,5481
33,5481
4,5483
51,5483
3,5484
8,5484
54,5485
53,5486
3,5487
4,5488
5,5489
13,5491
49,5491
5,5492
34,5492
3,5493
4,5495
31,5495
24,5496
55,5496
57,5496
31,5497
9,5502
51,5503
3,5504
4,5505
3,5506
19,5506
5,5507
4,5510
5,5511
29,5511
59,5511
25,5513
43,5515
25,5516
42,5518
21,5520
52,5522
27,5524
32,5524
28,5527
39,5528
46,5528
11,5529
25,5529
26,5529
40,5530
46,5532
14,5539
14,5543
53,5543
54,5544
55,5548
1,5549
1,5550
18,5551
2,5555
27,5556
56,5557
2,5558
26,5559
1,5562
15,5564
17,5564
2,5565
48,5565
49,5565
59,5565
29,5568
33,5568
37,5568
19,5569
29,5569
54,5569
58,5572
33,5573
39,5573
40,5573
46,5573
32,5574
3,5575
59,5575
9,5576
51,5576
4,5577
55,5577
10,5578
24,5578
33,5579
5,5580
50,5580
41,5581
6,5582
26,5582
5,5584
6,5584
3,5585
51,5585
4,5588
56,5588
8,5592
23,5593
20,5594
35,5595
51,5598
18,5600
39,5600
15,5601
47,5601
45,5604
51,5604
12,5605
24,5606
43,5607
31,5610
17,5614
1,5615
1,5617
2,5619
18,5620
1,5622
18,5622
29,5623
2,5624
46,5624
2,5626
46,5626
51,5628
55,5628
35,5633
55,5635
28,5636
20,5637
60,5639
4,5645
29,5645
49,5647
40,5653
26,5655
14,5656
38,5658
19,5659
40,5659
33,5660
60,5662
21,5662
54,5666
28,5670
9,5671
27,5672
39,5673
18,5676
24,5676
11,5678
39,5680
40,5680
24,5681
56,5681
34,5683
41,5683
46,5685
54,5685
20,5687
54,5688
49,5689
59,5689
43,5691
58,5692
22,5693
28,5693
59,5694
33,5699
48,5699
34,5701
8,5702
39,5704
44,5705
51,5705
6,5707
9,5707
42,5707
41,5708
46,5713
43,5714
57,5717
25,5718
3,5722
53,5724
5,5725
40,5725
5,5728
58,5728
30,5730
25,5731
35,5731
4,5732
3,5733
37,5733
4,5734
51,5735
29,5738
36,5740
37,5741
22,5743
45,5746
16,5748
55,5749
39,5750
58,5753
48,5754
59,5754
52,5760
31,5761
9,5767
28,5767
33,5774
35,5774
52,5775
17,5780
49,5780
10,5782
15,5786
17,5787
26,5792
40,5795
18,5796
23,5797
8,5799
42,5802
24,5803
26,5803
42,5804
57,5804
52,5805
11,5808
54,5808
12,5809
49,5809
3,5810
46,5810
5,5811
5,5812
4,5814
6,5814
7,5814
4,5819
12,5821
3,5822
29,5822
20,5823
17,5824
40,5829
39,5831
53,5834
35,5835
37,5835
43,5838
48,5838
12,5843
3,5844
32,5845
50,5845
26,5846
35,5846
13,5847
17,5847
4,5849
19,5849
4,5850
6,5850
5,5851
47,5851
35,5853
22,5854
5,5855
3,5859
27,5859
37,5861
17,5868
34,5869
9,5871
44,5873
52,5874
3,5875
59,5875
4,5876
5,5877
3,5879
43,5879
4,5880
5,5882
21,5885
44,5889
37,5892
34,5894
37,5895
45,5897
60,5898
30,5898
32,5900
30,5906
9,5907
22,5910
17,5911
34,5914
38,5917
42,5918
17,5919
37,5921
39,5922
13,5927
11,5930
26,5937
36,5938
50,5940
55,5941
15,5942
48,5944
17,5945
26,5945
40,5946
7,5947
20,5947
37,5949
7,5951
3,5953
22,5953
5,5954
4,5955
58,5956
5,5957
4,5958
3,5959
59,5959
10,5960
24,5960
53,5960
11,5964
22,5964
38,5964
41,5964
37,5968
1,5971
31,5971
2,5972
11,5973
20,5974
1,5975
11,5976
28,5976
1,5978
34,5979
2,5980
9,5980
39,5980
2,5981
30,5981
47,5981
44,5984
31,5986
12,5989
37,5989
3,5990
50,5990
4,5994
5,5995
25,5996
3,6000
8,6002
4,6003
20,6003
37,6003
5,6004
56,6006
34,6007
40,6008
60,6013
10,6013
13,6014
53,6016
49,6020
49,6023
58,6024
34,6025
13,6027
9,6029
42,6029
14,6031
54,6032
30,6033
29,6034
1,6039
1,6040
2,6041
35,6041
1,6042
23,6043
30,6043
47,6043
2,6044
46,6045
2,6046
45,6053
3,6054
4,6056
4,6058
5,6060
5,6061
17,6061
3,6063
1,6064
43,6064
1,6065
2,6066
1,6069
4,6069
2,6070
2,6071
11,6072
40,6079
17,6080
3,6086
5,6087
23,6090
5,6093
28,6093
4,6094
15,6094
3,6095
4,6097
28,6098
29,6098
39,6100
41,6100
10,6101
18,6101
9,6104
18,6110
57,6110
34,6115
60,6119
1,6120
2,6121
1,6125
2,6126
1,6127
7,6127
23,6128
46,6128
2,6129
10,6130
24,6130
38,6130
10,6140
36,6142
7,6143
20,6145
24,6146
44,6150
9,6152
33,6152
19,6153
37,6153
46,6155
7,6157
3,6160
7,6160
20,6160
18,6161
4,6162
5,6166
3,6167
18,6167
57,6167
5,6168
4,6169
32,6169
48,6170
51,6171
28,6173
57,6173
2,6180
54,6180
41,6181
31,6182
14,6183
58,6185
12,6190
27,6192
47,6192
33,6193
53,6193
32,6196
30,6197
7,6198
10,6200
18,6200
14,6202
27,6202
6,6204
17,6204
35,6206
20,6207
44,6210
35,6214
1,6216
1,6218
18,6218
34,6218
2,6219
2,6220
33,6221
41,6221
1,6222
22,6222
2,6223
1,6224
58,6224
3,6225
2,6226
53,6227
4,6229
26,6229
43,6230
3,6231
4,6232
48,6233
12,6234
5,6235
5,6236
44,6238
39,6240
49,6240
41,6241
54,6243
28,6244
19,6246
45,6246
32,6248
48,6250
46,6251
7,6252
10,6252
26,6252
57,6252
56,6254
40,6255
45,6256
15,6257
24,6258
32,6259
15,6263
34,6264
40,6270
53,6273
52,6275
35,6276
50,6281
51,6281
17,6284
17,6285
36,6287
9,6296
9,6304
14,6304
11,6308
47,6310
30,6311
21,6313
41,6313
55,6314
20,6315
50,6316
52,6316
39,6317
50,6317
50,6319
3,6321
29,6321
5,6322
49,6323
4,6324
3,6325
5,6325
3,6327
4,6329
49,6329
52,6330
20,6331
12,6333
11,6335
42,6336
52,6336
19,6337
1,6338
5,6338
59,6339
7,6340
10,6340
1,6341
18,6341
2,6342
16,6343
33,6343
2,6344
19,6345
47,6345
25,6346
56,6346
1,6347
43,6347
2,6348
29,6348
59,6348
8,6353
14,6353
3,6354
46,6355
4,6356
15,6356
1,6357
4,6357
16,6357
1,6358
52,6358
2,6359
1,6360
3,6360
2,6361
47,6361
2,6362
5,6363
5,6364
38,6364
53,6364
12,6374
32,6374
9,6376
23,6377
49,6377
1,6378
12,6378
14,6379
2,6380
56,6383
1,6384
59,6384
1,6385
23,6385
29,6385
2,6387
54,6387
50,6388
2,6389
26,6389
12,6391
35,6391
36,6391
1,6393
2,6394
24,6394
1,6395
1,6396
9,6397
46,6397
2,6398
28,6399
2,6402
19,6405
21,6410
49,6412
48,6413
52,6415
18,6420
19,6423
15,6426
56,6427
46,6428
44,6434
51,6434
8,6435
3,6438
41,6438
44,6438
4,6439
31,6439
25,6440
5,6441
33,6443
5,6446
52,6446
58,6446
4,6447
3,6448
42,6450
12,6459
17,6461
38,6461
30,6463
32,6464
3,6465
4,6466
18,6466
5,6467
36,6467
5,6469
42,6470
4,6471
3,6472
46,6474
13,6476
60,6477
37,6480
10,6482
25,6482
1,6487
24,6487
60,6488
2,6488
60,6489
1,6490
37,6490
2,6493
1,6494
2,6495
3,6495
33,6496
51,6498
5,6499
4,6500
4,6502
50,6502
54,6502
58,6502
59,6502
3,6504
5,6505
26,6509
17,6510
47,6510
45,6513
13,6515
20,6515
25,6515
45,6517
16,6518
16,6520
35,6523
44,6523
32,6524
29,6525
3,6526
11,6526
5,6527
4,6528
21,6529
47,6530
3,6531
4,6533
9,6534
5,6537
41,6538
11,6541
35,6541
1,6543
2,6544
3,6544
1,6545
4,6545
34,6545
2,6546
1,6547
5,6547
42,6547
2,6548
4,6549
23,6550
5,6551
3,6552
32,6553
33,6553
36,6555
9,6556
16,6560
44,6560
1,6561
2,6563
44,6564
12,6565
1,6566
1,6567
53,6568
56,6568
43,6569
2,6571
2,6573
59,6573
30,6578
44,6579
56,6579
36,6581
1,6582
56,6582
2,6584
1,6585
1,6588
2,6589
2,6590
55,6591
19,6592
20,6593
60,6595
52,6597
24,6598
29,6600
44,6600
23,6601
3,6603
9,6605
5,6606
4,6607
42,6609
56,6611
4,6614
37,6615
5,6616
55,6616
3,6617
55,6618
57,6618
8,6621
44,6622
9,6623
58,6626
14,6628
58,6634
11,6636
25,6636
40,6638
47,6638
56,6639
9,6640
25,6641
55,6643
9,6644
16,6645
12,6646
35,6647
51,6647
54,6650
30,6651
26,6655
51,6656
3,6658
9,6658
5,6659
4,6660
46,6660
3,6662
4,6663
58,6663
5,6664
52,6665
47,6669
45,6670
42,6671
39,6672
9,6674
47,6675
11,6676
31,6676
12,6679
58,6682
21,6683
59,6683
31,6688
60,6689
29,6689
36,6690
38,6692
33,6696
7,6697
53,6697
57,6703
20,6709
48,6711
38,6713
39,6714
3,6716
4,6717
54,6717
4,6718
18,6720
5,6723
23,6725
3,6726
5,6729
28,6730
31,6730
35,6730
27,6731
33,6732
4,6733
28,6734
3,6736
4,6737
35,6737
5,6738
16,6738
44,6738
51,6740
5,6742
30,6742
4,6744
51,6744
3,6748
48,6748
59,6748
36,6750
7,6752
49,6752
51,6754
1,6758
60,6760
2,6761
1,6762
1,6763
2,6764
9,6764
18,6766
48,6766
59,6766
2,6767
46,6770
51,6772
37,6774
26,6777
36,6778
40,6779
56,6780
21,6784
7,6785
36,6786
42,6787
3,6789
17,6790
5,6791
4,6792
3,6793
27,6793
4,6794
5,6795
35,6795
15,6798
48,6804
10,6806
28,6810
1,6815
12,6815
2,6817
19,6818
1,6819
3,6819
26,6819
1,6820
5,6822
2,6823
10,6823
2,6825
4,6826
3,6827
40,6828
43,6828
4,6829
60,6832
5,6832
48,6836
26,6839
17,6840
59,6845
44,6848
7,6849
15,6849
18,6849
1,6852
2,6853
31,6853
57,6854
2,6855
1,6856
56,6856
1,6857
2,6858
42,6858
56,6858
42,6859
2,6861
59,6861
10,6863
33,6865
58,6866
20,6867
33,6869
53,6872
45,6874
57,6875
47,6880
50,6880
25,6883
59,6885
10,6889
15,6889
1,6890
43,6891
1,6893
2,6894
52,6894
22,6895
2,6896
1,6897
48,6898
2,6900
49,6903
40,6905
18,6906
48,6908
53,6908
50,6909
13,6912
26,6913
34,6913
23,6914
43,6915
21,6922
34,6922
3,6927
5,6928
52,6928
4,6929
5,6930
3,6931
40,6931
45,6932
4,6933
58,6934
13,6935
29,6936
47,6939
46,6942
36,6948
20,6950
19,6956
8,6958
24,6959
17,6962
17,6963
14,6965
41,6965
21,6968
22,6968
36,6970
37,6977
52,6977
6,6979
9,6979
44,6981
23,6984
32,6985
47,6989
6,6990
48,6992
49,6992
8,6993
13,6993
51,6993
28,6998
55,7000
20,7001
56,7005
23,7006
13,7007
36,7007
53,7009
41,7010
3,7011
33,7011
44,7011
57,7011
1,7013
4,7013
10,7013
5,7014
4,7015
46,7015
36,7016
3,7018
25,7019
48,7019
6,7020
29,7021
2,7022
1,7023
1,7025
26,7025
17,7026
5,7027
2,7028
60,7029
2,7029
1,7032
3,7032
4,7033
5,7034
27,7034
2,7035
23,7035
1,7036
39,7037
5,7039
12,7040
1,7042
4,7042
3,7043
41,7043
2,7047
34,7047
57,7047
32,7048
60,7049
2,7050
58,7052
9,7055
9,7060
35,7064
24,7067
39,7068
21,7071
52,7071
15,7073
52,7074
11,7075
34,7075
40,7075
53,7075
19,7077
53,7077
9,7078
57,7078
45,7079
24,7080
51,7080
59,7081
41,7083
47,7083
59,7083
18,7086
24,7086
25,7087
1,7088
1,7089
2,7090
2,7091
21,7091
10,7092
50,7093
1,7094
49,7095
2,7096
16,7098
34,7099
21,7102
41,7103
57,7103
1,7104
24,7104
44,7104
45,7104
1,7105
49,7107
2,7109
8,7109
1,7110
2,7112
14,7112
2,7113
46,7114
50,7116
17,7119
31,7119
15,7124
50,7127
29,7129
51,7131
34,7132
56,7134
41,7135
29,7138
3,7143
5,7144
37,7144
4,7145
10,7145
55,7145
3,7147
19,7147
59,7147
4,7148
35,7148
10,7150
15,7150
18,7153
26,7153
52,7153
5,7154
38,7155
48,7156
6,7161
11,7162
13,7165
54,7165
23,7166
41,7167
30,7168
54,7168
3,7169
59,7170
27,7172
32,7172
53,7175
38,7176
40,7177
3,7179
5,7180
4,7181
4,7182
5,7183
3,7184
16,7186
13,7187
33,7188
58,7194
16,7196
34,7199
56,7200
30,7201
51,7201
16,7202
32,7202
49,7202
1,7203
21,7205
36,7206
1,7207
19,7207
50,7207
2,7209
2,7210
1,7211
44,7211
2,7212
35,7212
26,7213
30,7213
46,7213
52,7214
16,7217
24,7217
22,7219
39,7222
42,7225
11,7228
43,7232
28,7236
57,7237
23,7238
55,7238
1,7242
11,7242
2,7243
1,7244
2,7245
27,7245
1,7246
4,7246
44,7246
8,7248
15,7248
18,7248
2,7249
10,7249
32,7251
43,7254
58,7257
18,7260
46,7261
24,7262
1,7264
2,7265
21,7266
6,7268
51,7271
33,7272
1,7273
13,7273
15,7273
2,7276
1,7277
2,7279
44,7279
1,7280
23,7280
35,7280
30,7281
2,7282
20,7283
1,7285
41,7285
2,7286
22,7286
28,7287
1,7288
2,7289
32,7291
51,7291
54,7291
58,7294
6,7296
13,7296
24,7296
31,7297
14,7298
9,7300
51,7302
23,7308
13,7309
6,7310
40,7310
15,7315
1,7316
2,7319
1,7320
52,7321
1,7323
3,7323
2,7325
4,7325
5,7326
59,7326
2,7327
4,7329
5,7331
3,7333
27,7334
1,7337
27,7337
1,7338
51,7339
2,7341
3,7342
9,7342
2,7343
5,7343
36,7343
1,7344
17,7344
23,7345
2,7346
4,7346
53,7347
5,7349
23,7349
22,7350
7,7351
3,7352
4,7353
24,7355
11,7358
25,7359
56,7359
51,7362
34,7374
12,7376
15,7376
42,7377
26,7380
28,7380
52,7383
43,7384
59,7384
40,7402
52,7403
16,7404
31,7404
50,7405
44,7406
56,7406
17,7407
38,7408
50,7409
55,7410
4,7411
33,7415
58,7416
6,7418
24,7419
13,7421
31,7421
58,7422
1,7424
1,7425
2,7426
33,7426
1,7428
2,7429
40,7429
46,7429
2,7430
14,7430
48,7434
3,7436
4,7437
25,7437
5,7438
10,7438
3,7439
39,7439
4,7441
47,7441
5,7443
38,7443
25,7447
19,7449
46,7449
46,7450
56,7451
56,7454
56,7459
18,7460
1,7464
25,7464
50,7464
2,7465
9,7467
7,7469
30,7469
1,7470
53,7470
2,7474
16,7475
1,7477
38,7481
25,7482
42,7483
18,7484
3,7485
50,7485
2,7486
35,7487
41,7487
1,7489
48,7489
15,7490
2,7491
1,7492
1,7494
2,7495
5,7495
17,7495
2,7497
12,7497
11,7500
23,7500
50,7502
12,7505
25,7506
23,7509
28,7510
44,7510
33,7512
38,7513
53,7513
34,7516
30,7519
16,7520
23,7521
31,7521
60,7522
17,7523
32,7526
39,7526
8,7530
17,7530
18,7531
44,7532
14,7534
28,7537
59,7538
44,7539
12,7540
18,7541
54,7541
9,7544
1,7545
10,7545
36,7546
60,7547
2,7547
1,7548
1,7549
51,7549
2,7550
2,7551
38,7554
21,7558
42,7558
36,7560
24,7561
24,7562
41,7565
54,7566
25,7567
50,7569
36,7571
38,7572
51,7572
1,7574
43,7574
42,7575
1,7576
30,7576
36,7576
2,7577
27,7577
2,7578
1,7579
2,7580
23,7581
39,7581
41,7584
52,7584
38,7585
51,7587
11,7588
56,7588
59,7591
1,7595
8,7596
1,7598
57,7598
16,7599
39,7599
2,7600
47,7600
1,7601
2,7602
35,7603
2,7604
33,7604
53,7605
38,7607
56,7607
58,7608
27,7611
8,7614
10,7614
25,7614
14,7616
45,7617
52,7621
57,7624
3,7625
21,7625
4,7626
4,7627
1,7628
3,7628
54,7628
2,7629
5,7629
1,7630
20,7631
2,7632
5,7632
25,7632
1,7633
60,7635
2,7635
9,7635
23,7635
30,7636
34,7637
53,7639
56,7640
60,7643
32,7644
2,7645
23,7646
22,7652
33,7652
20,7654
26,7655
46,7656
34,7657
6,7658
52,7659
52,7660
3,7661
50,7662
53,7662
4,7663
25,7663
5,7664
4,7665
3,7666
44,7666
5,7668
29,7668
48,7668
51,7670
55,7670
33,7672
35,7674
5,7676
15,7676
38,7677
6,7678
25,7680
32,7681
60,7682
7,7682
26,7682
45,7682
41,7689
40,7691
7,7692
8,7692
23,7692
8,7693
46,7693
10,7694
14,7697
9,7698
48,7699
55,7702
8,7703
10,7703
3,7704
5,7705
12,7705
54,7705
43,7707
9,7708
10,7708
4,7709
39,7709
10,7711
27,7711
5,7712
3,7713
30,7713
48,7713
52,7713
4,7715
48,7717
59,7719
46,7720
27,7721
30,7722
53,7722
52,7725
8,7728
34,7728
53,7732
45,7734
5,7737
44,7737
27,7738
23,7739
56,7739
18,7740
1,7741
24,7743
40,7745
2,7746
21,7746
1,7752
2,7753
30,7753
1,7754
2,7755
52,7755
32,7756
30,7758
53,7759
27,7760
47,7760
52,7760
33,7761
23,7763
46,7764
52,7764
42,7767
7,7768
38,7768
38,7771
21,7772
47,7781
34,7787
41,7789
31,7792
9,7796
17,7797
45,7801
47,7801
32,7802
42,7802
11,7803
42,7803
9,7804
19,7805
52,7807
1,7808
3,7808
36,7808
2,7809
4,7809
33,7809
1,7810
2,7811
10,7811
36,7811
47,7812
1,7813
34,7813
52,7813
2,7815
5,7815
5,7816
4,7817
28,7817
52,7817
3,7818
10,7819
1,7820
3,7821
4,7822
5,7824
4,7825
11,7825
7,7827
5,7828
20,7828
21,7831
3,7832
21,7834
38,7841
10,7842
34,7842
11,7848
30,7848
33,7848
46,7850
35,7851
42,7854
29,7856
42,7856
46,7858
49,7858
44,7859
24,7860
45,7864
47,7866
6,7867
21,7873
22,7877
3,7880
4,7881
36,7881
56,7881
4,7882
25,7882
5,7883
5,7885
3,7887
24,7887
56,7887
43,7889
34,7896
47,7899
57,7901
50,7902
24,7905
7,7906
14,7907
23,7909
17,7911
16,7912
17,7914
54,7917
58,7919
11,7922
50,7923
38,7924
59,7924
19,7925
57,7926
10,7928
29,7931
45,7935
34,7936
59,7937
11,7939
46,7939
26,7940
48,7940
36,7943
33,7945
46,7945
16,7948
55,7950
50,7952
46,7953
26,7955
52,7955
18,7959
40,7959
17,7962
20,7964
6,7966
50,7966
30,7968
46,7968
14,7973
7,7974
50,7976
41,7979
24,7985
30,7985
10,7986
17,7986
42,7986
3,7987
5,7988
9,7989
41,7989
45,7989
5,7991
14,7992
4,7994
4,7995
22,7995
49,7995
18,7998
3,7999
24,7999
41,8000
43,8000
56,8000
6,8001
21,8003
58,8003
12,8004
15,8004
28,8004
39,8006
49,8006
45,8009
22,8011
24,8012
60,8013
15,8015
46,8015
49,8017
43,8018
46,8020
37,8021
13,8023
38,8023
3,8028
32,8028
44,8029
20,8030
35,8030
6,8032
59,8035
43,8036
35,8037
40,8037
34,8043
39,8043
41,8043
44,8043
50,8046
52,8048
56,8049
45,8050
51,8051
20,8055
10,8062
15,8062
37,8062
13,8066
37,8066
25,8068
8,8069
58,8069
9,8071
27,8073
45,8073
57,8073
11,8076
1,8079
2,8080
20,8081
1,8082
5,8083
2,8084
42,8084
1,8085
37,8086
2,8087
21,8087
6,8088
12,8088
20,8089
14,8090
43,8090
52,8090
6,8091
23,8094
11,8095
35,8099
13,8102
29,8102
31,8103
20,8104
51,8105
47,8106
23,8107
59,8108
16,8109
36,8109
46,8110
25,8112
56,8112
13,8114
18,8115
50,8115
18,8120
59,8121
35,8122
16,8129
28,8132
41,8134
7,8136
55,8136
20,8137
14,8139
50,8139
37,8142
1,8147
44,8147
1,8148
2,8150
2,8151
44,8151
1,8154
2,8155
10,8156
41,8158
58,8159
3,8170
35,8171
4,8173
45,8174
5,8176
5,8177
1,8179
4,8180
24,8180
3,8181
2,8182
49,8182
50,8182
8,8183
52,8184
1,8185
11,8185
2,8186
60,8187
1,8187
9,8187
53,8188
2,8189
52,8189
6,8192
41,8193
36,8197
55,8198
28,8201
10,8207
40,8207
25,8208
8,8209
46,8209
21,8213
34,8217
21,8219
1,8221
7,8221
45,8221
1,8222
35,8222
2,8223
53,8225
2,8226
1,8228
2,8231
22,8232
16,8234
54,8234
21,8237
41,8237
44,8239
10,8240
37,8240
46,8241
40,8247
40,8248
51,8252
44,8254
33,8255
3,8256
45,8256
5,8258
14,8258
44,8261
30,8262
4,8263
11,8263
22,8263
59,8263
15,8264
58,8267
25,8270
42,8270
3,8271
4,8272
50,8272
5,8273
26,8275
29,8276
47,8277
38,8278
29,8279
12,8284
24,8286
32,8286
60,8288
33,8291
4,8292
12,8292
15,8293
11,8294
17,8294
23,8297
6,8298
16,8298
29,8299
25,8301
48,8301
38,8303
45,8304
53,8305
38,8306
24,8307
34,8307
45,8307
24,8308
23,8313
51,8314
52,8314
37,8315
43,8316
57,8317
12,8320
8,8323
41,8323
45,8324
59,8328
35,8330
43,8332
47,8332
34,8334
45,8335
22,8336
43,8336
49,8336
36,8338
36,8339
56,8339
27,8340
47,8342
48,8346
36,8348
46,8348
34,8351
15,8354
50,8354
26,8357
10,8362
13,8366
13,8367
24,8367
9,8368
36,8369
60,8370
50,8370
14,8372
34,8373
54,8375
12,8377
27,8380
28,8382
10,8383
36,8385
21,8388
27,8391
45,8391
9,8392
11,8392
21,8392
59,8396
13,8399
16,8399
19,8399
46,8399
49,8399
17,8401
11,8403
29,8406
12,8407
46,8407
14,8409
43,8411
36,8412
30,8414
50,8415
25,8417
27,8420
6,8428
27,8431
39,8431
47,8431
26,8432
59,8435
18,8436
20,8438
41,8438
7,8439
33,8439
7,8440
17,8441
22,8441
39,8446
35,8447
40,8447
18,8451
20,8456
44,8457
6,8459
52,8460
33,8461
18,8463
60,8464
24,8464
54,8465
30,8467
28,8468
44,8469
1,8471
1,8472
8,8473
19,8473
59,8474
2,8475
1,8476
2,8477
39,8478
43,8478
52,8478
7,8479
30,8479
42,8479
2,8481
10,8481
43,8487
49,8487
6,8488
47,8488
13,8489
3,8490
32,8490
5,8491
19,8491
4,8492
3,8493
40,8493
12,8494
5,8496
4,8497
11,8497
54,8497
49,8498
43,8499
57,8499
49,8500
56,8500
25,8502
17,8507
34,8507
24,8511
1,8514
2,8515
1,8516
3,8516
43,8516
1,8517
5,8517
9,8517
32,8517
2,8518
23,8518
2,8519
4,8520
32,8521
3,8522
24,8523
31,8523
36,8524
4,8525
19,8526
5,8527
11,8528
45,8529
28,8531
53,8531
53,8536
30,8538
34,8540
57,8540
18,8541
49,8544
13,8546
28,8549
12,8550
60,8551
1,8552
57,8552
1,8553
25,8553
2,8554
44,8554
55,8554
1,8555
56,8555
2,8556
2,8557
11,8557
25,8557
60,8559
29,8561
32,8561
48,8561
26,8563
47,8564
18,8567
6,8571
54,8573
6,8577
37,8577
38,8577
10,8579
39,8581
56,8584
49,8586
12,8594
56,8596
3,8597
16,8598
1,8599
2,8600
12,8601
1,8602
4,8602
35,8602
37,8602
2,8604
17,8604
41,8604
1,8605
5,8607
40,8607
50,8607
2,8608
3,8608
12,8608
5,8610
4,8612
1,8613
58,8613
1,8614
54,8614
2,8615
40,8615
1,8616
7,8616
60,8617
35,8617
2,8622
10,8622
2,8624
13,8626
29,8627
43,8627
25,8629
31,8634
47,8639
55,8640
46,8648
21,8650
47,8651
37,8652
50,8652
18,8655
58,8656
47,8658
40,8661
36,8662
47,8665
53,8667
24,8669
58,8670
5,8671
15,8675
9,8676
1,8679
1,8680
29,8681
35,8681
2,8682
45,8682
56,8682
1,8683
2,8684
2,8685
35,8685
29,8686
53,8686
59,8686
8,8691
33,8693
23,8694
40,8694
38,8695
1,8696
31,8696
1,8697
20,8697
54,8698
2,8699
39,8699
59,8699
34,8700
49,8706
28,8707
46,8707
49,8708
1,8709
2,8710
12,8710
29,8710
2,8711
56,8711
3,8714
4,8715
5,8716
45,8716
9,8717
6,8718
16,8718
23,8718
3,8719
5,8720
20,8720
45,8720
56,8720
4,8721
20,8721
35,8721
29,8723
34,8724
56,8725
15,8727
44,8727
29,8728
60,8729
21,8729
22,8729
26,8730
1,8732
19,8733
1,8735
8,8735
18,8736
2,8737
45,8737
2,8738
11,8738
56,8738
1,8739
26,8741
2,8742
20,8742
42,8745
21,8748
10,8750
11,8750
32,8750
50,8752
10,8754
21,8755
21,8756
50,8756
28,8759
24,8762
38,8762
30,8765
48,8765
10,8766
59,8769
27,8771
21,8772
50,8773
30,8774
3,8778
4,8779
3,8780
22,8780
23,8780
5,8781
5,8784
13,8784
27,8784
36,8785
4,8787
1,8788
1,8789
14,8789
27,8789
2,8790
46,8790
47,8790
1,8796
2,8797
9,8797
2,8798
56,8799
45,8800
52,8800
27,8801
41,8803
36,8804
50,8804
13,8806
27,8806
54,8806
58,8809
56,8811
43,8815
54,8815
17,8822
11,8823
22,8823
36,8824
8,8825
55,8826
56,8826
58,8826
3,8827
4,8828
6,8828
3,8829
43,8829
5,8830
59,8831
5,8832
4,8835
33,8837
48,8839
43,8845
5,8853
24,8854
40,8854
57,8854
6,8859
24,8860
44,8862
36,8864
16,8866
36,8867
23,8869
1,8871
41,8872
1,8874
6,8874
2,8876
10,8876
2,8877
25,8878
1,8880
26,8880
54,8883
2,8890
47,8891
54,8891
52,8894
9,8897
34,8898
47,8898
53,8900
33,8901
7,8904
9,8904
1,8906
6,8908
2,8909
7,8909
18,8909
1,8910
12,8912
18,8912
2,8913
1,8914
2,8915
39,8916
1,8919
1,8920
49,8920
2,8921
34,8922
3,8923
1,8924
4,8924
2,8925
4,8925
46,8925
5,8926
2,8927
3,8927
7,8927
36,8928
43,8928
5,8930
19,8930
38,8931
60,8933
21,8933
43,8933
56,8933
59,8939
9,8940
34,8943
14,8947
47,8948
38,8951
15,8954
39,8959
44,8966
19,8968
39,8972
11,8975
3,8976
40,8976
5,8977
4,8979
40,8979
52,8981
46,8982
5,8983
1,8985
3,8987
12,8988
2,8989
4,8989
1,8990
15,8991
1,8995
7,8996
2,8997
2,8999
15,9001
41,9002
17,9005
43,9006
47,9006
1,9008
3,9008
22,9008
5,9009
50,9009
4,9012
3,9013
4,9015
5,9016
3,9022
5,9023
12,9023
4,9024
3,9025
26,9025
43,9025
4,9026
7,9028
5,9029
26,9029
6,9031
35,9031
12,9036
21,9037
34,9037
48,9038
11,9041
28,9041
54,9041
55,9041
6,9043
26,9043
50,9044
43,9048
60,9049
13,9052
13,9054
52,9054
10,9057
35,9057
36,9066
58,9068
35,9072
29,9077
12,9078
13,9078
28,9080
31,9080
9,9082
30,9082
44,9087
12,9088
42,9090
45,9092
25,9097
17,9098
40,9103
26,9105
16,9107
33,9108
35,9109
40,9110
54,9110
19,9111
42,9115
33,9116
42,9117
46,9117
53,9117
48,9121
53,9121
3,9125
5,9126
55,9126
53,9128
4,9130
4,9131
8,9131
5,9132
51,9132
3,9134
51,9134
50,9135
51,9141
58,9142
7,9145
30,9148
1,9150
8,9150
32,9150
46,9150
59,9150
12,9151
1,9153
29,9153
2,9154
19,9155
1,9157
13,9159
39,9159
2,9160
2,9161
19,9162
20,9162
57,9163
11,9164
50,9165
9,9166
22,9166
39,9166
32,9169
55,9171
33,9172
1,9174
2,9175
44,9176
1,9178
1,9180
2,9181
2,9182
24,9183
37,9183
50,9185
1,9187
60,9188
1,9189
17,9193
50,9193
2,9194
1,9196
2,9197
56,9197
2,9198
43,9205
36,9206
44,9207
6,9208
34,9212
56,9213
1,9215
25,9215
9,9216
47,9216
57,9221
57,9222
2,9223
36,9223
1,9224
1,9225
6,9226
20,9227
7,9229
25,9230
58,9231
2,9234
2,9235
26,9235
51,9235
33,9238
31,9239
14,9243
53,9243
38,9248
36,9249
7,9250
45,9250
15,9251
7,9252
56,9252
29,9253
26,9255
28,9256
14,9257
18,9258
19,9258
35,9259
8,9261
42,9261
34,9262
51,9262
7,9263
27,9264
47,9266
18,9269
26,9269
43,9269
58,9269
28,9270
3,9274
35,9274
5,9275
8,9277
4,9278
23,9278
5,9280
52,9280
3,9281
4,9282
47,9283
1,9284
12,9285
28,9285
2,9286
1,9287
33,9288
35,9288
41,9288
1,9289
31,9289
60,9291
2,9291
2,9292
15,9293
18,9293
15,9297
42,9298
54,9299
10,9301
11,9302
41,9302
52,9304
52,9307
10,9314
30,9315
52,9316
44,9317
50,9317
13,9321
58,9324
1,9332
1,9338
35,9338
49,9338
2,9339
34,9339
1,9340
2,9341
2,9342
53,9348
6,9349
42,9350
55,9351
41,9352
1,9353
19,9353
2,9354
10,9355
1,9359
1,9360
28,9361
2,9364
3,9365
56,9366
5,9367
11,9367
4,9368
44,9368
2,9369
3,9369
4,9371
25,9372
22,9373
25,9373
10,9374
29,9374
8,9375
40,9377
5,9378
26,9378
45,9380
53,9385
2,9386
19,9388
21,9391
3,9396
4,9397
22,9397
3,9398
4,9399
41,9399
5,9400
14,9400
37,9400
1,9401
5,9401
2,9404
10,9404
14,9405
42,9405
1,9406
50,9406
44,9407
1,9408
40,9408
2,9409
20,9411
56,9411
2,9412
16,9412
3,9418
5,9419
41,9422
5,9423
47,9423
17,9424
60,9425
4,9425
11,9426
44,9426
24,9428
4,9429
3,9430
55,9430
8,9431
19,9433
47,9433
52,9435
28,9437
46,9438
15,9443
15,9444
23,9447
30,9449
31,9450
46,9452
12,9453
55,9454
12,9455
39,9456
56,9456
10,9457
13,9460
30,9461
44,9462
35,9464
52,9465
16,9466
60,9467
7,9467
60,9470
49,9470
21,9471
52,9471
53,9471
33,9472
58,9472
1,9474
42,9474
2,9475
25,9475
1,9476
1,9478
52,9478
15,9479
2,9480
2,9481
23,9482
50,9482
19,9484
34,9484
21,9487
23,9487
34,9487
18,9489
23,9492
27,9494
19,9495
60,9496
21,9496
10,9497
34,9497
47,9497
25,9500
18,9502
41,9503
51,9506
32,9509
45,9513
47,9514
40,9515
39,9518
32,9519
48,9519
51,9520
46,9524
58,9524
18,9527
25,9530
17,9532
14,9535
25,9535
33,9537
56,9537
24,9540
43,9540
26,9542
47,9542
49,9543
44,9544
39,9546
29,9557
11,9562
28,9562
34,9565
7,9571
24,9576
42,9583
53,9583
1,9584
1,9585
13,9585
26,9585
2,9586
32,9586
1,9587
2,9588
32,9588
2,9589
28,9589
9,9590
41,9592
3,9602
5,9603
4,9604
3,9605
31,9605
42,9606
5,9607
25,9608
51,9608
4,9609
57,9610
22,9611
7,9612
3,9613
16,9613
4,9614
4,9616
3,9617
20,9617
5,9618
5,9620
33,9621
57,9623
20,9625
29,9625
15,9626
39,9626
28,9627
55,9628
42,9630
46,9631
28,9634
28,9635
37,9636
60,9638
13,9644
44,9644
45,9646
48,9648
47,9653
48,9656
38,9657
1,9660
1,9661
2,9662
2,9663
31,9664
33,9664
1,9667
46,9667
2,9668
41,9668
1,9669
49,9669
1,9670
46,9670
9,9671
15,9671
58,9671
2,9672
1,9673
2,9675
2,9676
34,9678
52,9678
35,9680
48,9680
1,9681
2,9682
30,9682
1,9683
2,9686
51,9686
1,9687
15,9687
10,9688
45,9689
2,9692
16,9693
24,9694
39,9698
1,9700
47,9700
1,9702
2,9704
43,9704
43,9705
2,9706
1,9709
2,9712
34,9714
54,9718
39,9719
42,9720
15,9723
20,9723
26,9723
56,9723
53,9724
50,9725
39,9728
41,9728
13,9729
26,9730
31,9733
60,9735
35,9735
55,9736
35,9739
24,9741
51,9741
57,9741
3,9743
4,9744
11,9744
3,9745
53,9745
4,9747
40,9747
5,9748
49,9748
60,9749
5,9750
8,9753
9,9755
34,9757
22,9758
4,9759
43,9760
35,9761
57,9761
48,9763
23,9764
3,9765
4,9766
37,9766
3,9767
26,9767
25,9768
5,9769
59,9769
4,9770
5,9771
9,9771
14,9771
34,9772
38,9775
36,9779
45,9780
14,9782
25,9784
50,9784
7,9785
32,9785
4,9789
56,9789
46,9792
10,9795
30,9795
37,9796
50,9797
52,9798
7,9799
23,9799
29,9801
48,9808
31,9810
40,9810
10,9811
20,9812
20,9814
56,9814
60,9822
5,9822
26,9822
22,9825
12,9826
29,9827
49,9828
5,9832
15,9832
46,9832
13,9835
30,9836
23,9838
50,9838
54,9841
1,9846
12,9847
1,9849
2,9850
1,9852
2,9853
2,9854
44,9856
53,9856
11,9860
45,9862
27,9863
29,9863
6,9865
40,9867
30,9868
36,9868
8,9871
45,9871
21,9872
24,9872
49,9874
1,9877
31,9879
50,9879
2,9880
35,9880
1,9881
2,9882
1,9883
35,9883
44,9884
47,9884
2,9885
11,9887
37,9887
6,9892
32,9892
17,9895
37,9900
9,9902
53,9902
50,9903
53,9904
17,9905
15,9906
53,9906
16,9907
18,9909
24,9909
32,9910
3,9911
5,9912
4,9913
13,9914
56,9915
20,9916
52,9916
4,9917
5,9918
3,9919
7,9919
28,9919
42,9920
52,9921
10,9923
22,9927
29,9927
22,9930
17,9931
26,9932
41,9932
46,9932
1,9935
37,9939
2,9940
27,9940
1,9942
10,9942
38,9942
18,9943
2,9945
1,9946
27,9946
42,9946
55,9946
2,9947
37,9947
9,9948
26,9948
60,9957
46,9957
32,9958
55,9960
40,9961
22,9965
41,9965
49,9968
39,9970
53,9970
24,9971
31,9971
48,9971
6,9973
30,9974
47,9974
24,9977
40,9977
39,9983
22,9984
23,9989
24,9989
33,9991
52,9991
40,9992
8,9993
30,9993
27,9999
