34,1
42,1
40,2
23,3
49,3
23,4
35,5
58,8
14,12
28,12
22,14
7,16
14,19
60,27
43,28
37,30
25,43
21,44
26,44
43,44
53,45
16,46
6,48
9,54
60,55
51,56
55,56
58,56
60,57
3,57
21,57
50,57
34,59
44,59
45,59
4,60
3,62
57,63
5,64
49,64
5,65
60,66
17,67
4,68
10,68
40,70
18,71
55,72
57,72
25,73
42,74
23,78
30,78
31,78
17,79
38,79
47,80
55,83
19,84
54,84
53,85
56,85
3,86
26,86
53,86
5,87
56,88
13,91
47,91
59,94
4,95
3,97
30,99
5,101
18,102
4,104
13,104
28,104
45,104
46,107
23,110
56,110
26,112
31,114
53,114
56,114
30,116
35,116
1,118
18,118
1,120
2,122
2,123
1,125
28,125
3,126
15,126
39,126
5,127
30,127
4,128
2,131
4,132
5,134
3,135
53,135
37,137
8,138
7,139
9,139
32,140
38,140
43,140
29,142
8,146
16,146
59,147
13,148
23,150
34,153
34,159
28,163
50,163
59,164
22,165
33,166
19,168
33,169
44,171
58,171
3,174
25,176
4,178
19,178
47,180
5,181
13,181
55,183
10,184
41,184
9,189
31,189
41,189
13,190
44,192
5,193
3,194
13,194
60,195
4,196
28,196
41,199
31,202
45,207
32,208
9,218
22,220
47,221
60,224
22,227
53,229
29,230
59,232
26,233
47,240
13,241
49,243
1,244
2,247
55,251
1,252
1,254
2,255
9,255
2,257
51,258
35,259
26,262
51,263
31,265
13,267
23,267
22,269
40,269
59,273
38,275
9,278
60,282
1,283
41,283
1,285
57,286
40,287
57,287
1,289
19,292
2,294
1,295
57,296
2,297
2,298
46,299
43,301
44,302
55,302
55,303
32,304
38,304
60,305
47,305
27,307
55,307
32,311
46,311
30,312
37,315
44,317
41,318
34,319
6,320
15,320
16,322
53,323
28,326
54,329
59,331
24,332
7,335
28,335
23,338
30,339
45,339
28,342
6,344
21,346
53,346
6,349
52,350
57,350
15,351
23,353
32,355
42,356
44,360
10,362
60,363
54,364
33,365
6,366
3,367
13,367
32,367
54,368
4,369
19,369
5,370
4,371
45,372
55,372
5,373
48,373
54,373
3,374
31,375
29,377
58,377
38,378
39,378
54,379
18,382
14,383
6,385
40,387
1,391
42,391
46,391
10,393
1,394
2,395
2,396
43,396
52,396
1,397
2,398
7,400
49,401
54,401
17,402
44,403
32,405
43,405
31,409
8,412
3,413
1,415
25,418
28,418
2,421
1,424
3,427
1,428
5,428
47,428
2,429
2,430
3,431
4,431
5,432
25,432
1,434
38,434
41,435
18,436
43,436
57,437
3,439
53,439
4,440
7,444
47,445
9,446
46,446
53,449
54,450
45,451
20,452
12,454
1,456
59,456
1,459
29,460
35,460
45,460
9,461
2,462
46,462
3,465
9,465
2,466
1,468
33,468
2,469
37,470
53,470
26,474
59,475
36,476
20,480
47,481
35,484
6,485
49,485
23,487
45,490
24,493
14,497
41,497
16,498
34,498
8,499
35,503
15,505
35,505
9,512
28,517
7,518
32,518
45,520
56,520
12,522
37,522
51,524
1,527
1,528
28,528
3,529
4,530
2,531
5,531
49,531
3,532
22,532
41,532
2,533
4,533
1,534
53,534
5,535
22,537
2,539
1,540
2,542
38,543
1,544
11,546
1,547
2,549
2,551
55,559
3,560
4,561
5,561
6,561
23,561
34,561
4,562
32,563
58,563
5,566
7,566
44,566
53,566
3,567
39,567
22,568
21,569
5,571
35,571
15,572
56,572
6,574
50,575
33,580
36,581
48,586
11,588
36,588
38,589
27,592
34,592
40,592
51,593
3,594
40,594
49,595
15,596
23,597
56,597
4,598
36,598
5,600
55,600
4,601
8,605
3,606
56,606
5,608
57,610
43,613
3,615
5,617
48,617
55,618
4,619
4,622
4,623
46,623
48,623
3,624
5,626
10,630
30,633
45,633
34,635
44,635
52,638
49,639
3,642
36,642
52,643
32,644
39,644
15,652
13,657
3,658
13,658
6,659
26,659
58,660
4,661
20,661
55,661
4,663
5,665
5,666
44,668
25,670
3,675
17,677
19,678
42,678
58,682
33,684
24,686
25,686
12,690
7,691
41,694
34,697
18,701
12,702
52,705
26,706
53,706
20,707
33,707
42,715
9,717
35,718
51,718
36,719
21,720
22,720
54,720
23,723
17,728
27,729
50,733
18,743
50,745
57,747
43,748
1,750
15,750
55,755
14,756
28,757
1,759
1,760
55,760
60,761
2,761
1,763
42,763
33,764
40,764
42,764
2,765
21,765
2,766
59,772
16,773
25,778
49,781
59,782
30,783
52,783
18,784
47,784
24,789
29,789
34,790
10,791
3,792
4,793
4,794
45,794
5,796
5,797
3,798
59,798
60,800
3,800
27,800
34,800
31,801
4,802
3,803
5,804
15,804
4,806
55,806
33,807
5,808
40,809
47,810
32,812
25,813
32,815
37,819
25,823
29,824
19,826
4,827
39,827
3,830
5,831
21,831
22,831
4,832
3,836
5,837
44,837
11,838
42,838
33,842
19,844
4,846
20,846
28,849
23,850
37,851
10,860
25,862
60,869
17,870
43,870
47,871
58,871
52,872
43,873
22,874
43,878
48,878
40,882
40,883
19,886
20,887
33,887
47,887
52,888
56,888
1,889
27,889
46,889
59,890
14,892
18,892
21,892
2,894
23,896
9,900
47,900
1,901
2,902
27,903
3,905
5,906
1,907
38,907
31,908
2,910
32,910
35,910
43,911
6,912
4,913
9,915
5,916
29,916
60,917
4,918
3,919
13,920
25,921
40,921
45,922
47,923
7,925
51,926
58,926
49,928
1,929
40,931
59,932
1,934
2,935
45,937
2,938
15,938
6,939
1,940
9,940
42,942
49,942
2,943
12,945
51,946
9,948
10,950
44,951
17,954
18,955
36,956
29,957
25,959
32,960
58,961
60,963
31,963
6,965
20,969
43,969
55,969
39,972
42,973
1,974
2,977
22,977
13,978
1,979
3,979
2,981
5,985
59,985
1,988
4,988
4,989
10,989
17,989
2,991
52,992
36,993
1,995
5,995
2,997
3,997
12,999
1,1003
41,1005
2,1006
1,1007
3,1007
35,1007
2,1008
58,1008
4,1009
7,1009
37,1009
57,1009
16,1010
4,1011
24,1012
34,1013
5,1014
15,1015
5,1018
37,1018
42,1018
3,1020
53,1020
1,1021
18,1021
48,1021
48,1023
1,1024
7,1025
2,1026
2,1028
7,1028
1,1029
29,1030
2,1032
58,1033
26,1035
30,1035
8,1036
31,1036
57,1036
32,1040
22,1041
19,1042
51,1043
1,1045
2,1046
36,1046
1,1047
3,1047
1,1048
4,1048
2,1049
5,1049
53,1050
3,1051
27,1051
4,1052
5,1053
35,1053
12,1055
2,1056
29,1057
5,1058
47,1059
54,1060
13,1061
8,1062
14,1062
20,1062
55,1063
10,1064
8,1066
37,1066
20,1067
42,1067
31,1068
13,1069
13,1070
40,1070
20,1071
56,1071
30,1072
13,1073
16,1076
15,1077
48,1077
12,1078
28,1079
31,1079
32,1079
27,1080
49,1081
10,1083
29,1083
44,1086
54,1087
59,1087
40,1090
7,1091
30,1091
1,1093
35,1093
37,1093
1,1094
31,1094
32,1094
2,1095
52,1095
1,1096
51,1096
52,1096
2,1097
55,1097
2,1098
3,1099
53,1099
5,1102
20,1102
51,1102
5,1104
21,1104
33,1104
45,1104
39,1106
4,1108
4,1109
56,1110
17,1111
3,1112
33,1112
1,1113
24,1114
34,1114
2,1117
1,1119
54,1119
58,1119
1,1120
29,1121
48,1121
2,1122
21,1123
60,1124
2,1124
55,1124
33,1125
7,1127
13,1127
28,1129
25,1131
3,1134
12,1134
41,1134
5,1136
8,1137
10,1137
4,1139
3,1140
4,1141
19,1141
5,1142
41,1145
14,1147
19,1147
27,1147
11,1151
58,1151
3,1152
23,1152
41,1152
49,1152
5,1153
4,1155
57,1156
60,1159
5,1159
56,1159
3,1160
32,1161
4,1163
13,1164
36,1165
23,1167
21,1169
15,1171
46,1172
37,1173
2,1177
3,1178
30,1179
5,1182
50,1182
10,1186
18,1186
4,1187
55,1187
4,1188
5,1190
44,1192
3,1193
11,1194
40,1195
43,1195
6,1199
11,1208
55,1208
23,1210
19,1211
30,1211
52,1211
40,1212
21,1213
55,1213
18,1216
39,1220
28,1221
9,1224
55,1224
30,1225
51,1225
27,1227
47,1227
8,1228
13,1228
53,1230
3,1232
5,1234
4,1235
5,1236
11,1236
23,1236
13,1237
57,1237
33,1238
10,1240
4,1241
3,1243
3,1248
4,1249
11,1250
30,1250
33,1250
48,1250
5,1251
1,1252
26,1252
3,1253
2,1254
4,1254
1,1255
19,1255
9,1257
1,1258
2,1260
6,1260
2,1261
5,1263
44,1268
38,1269
39,1269
15,1271
18,1272
19,1272
58,1273
5,1274
11,1274
25,1277
10,1279
45,1281
27,1282
58,1284
14,1285
42,1285
13,1286
21,1288
14,1289
51,1293
39,1294
47,1299
1,1300
48,1300
2,1302
1,1303
1,1305
51,1305
54,1305
2,1306
41,1306
23,1308
57,1308
34,1309
2,1311
45,1313
18,1315
9,1317
54,1318
33,1319
33,1320
47,1321
60,1322
36,1322
8,1324
9,1324
20,1325
3,1328
39,1333
52,1333
16,1337
18,1337
41,1337
52,1337
5,1338
5,1340
4,1341
4,1342
28,1343
39,1343
3,1344
11,1346
35,1346
25,1347
16,1351
53,1360
25,1361
27,1361
36,1363
31,1364
25,1366
31,1366
44,1372
3,1373
5,1375
18,1375
52,1375
4,1376
4,1377
3,1379
38,1379
43,1380
4,1382
40,1384
5,1385
29,1385
1,1388
2,1389
8,1390
23,1390
27,1390
41,1390
51,1391
15,1392
24,1392
51,1393
5,1395
1,1396
22,1396
2,1399
1,1400
3,1401
52,1401
2,1402
5,1402
4,1404
21,1405
4,1407
3,1408
52,1408
5,1409
3,1411
5,1412
20,1413
54,1413
5,1415
19,1415
39,1415
4,1417
55,1419
1,1420
4,1420
24,1421
1,1422
3,1422
3,1424
5,1425
25,1425
44,1426
30,1427
2,1428
4,1429
5,1430
2,1431
1,1433
39,1433
3,1435
4,1436
32,1437
2,1438
38,1439
41,1440
33,1441
32,1442
42,1443
57,1443
9,1446
29,1448
49,1448
30,1449
57,1452
3,1455
6,1455
56,1457
45,1458
42,1460
23,1464
47,1467
28,1469
3,1470
41,1470
4,1472
59,1472
1,1473
3,1473
4,1474
5,1475
49,1475
1,1476
5,1476
37,1477
44,1478
48,1479
39,1483
2,1484
1,1485
2,1486
2,1487
3,1489
5,1490
55,1490
30,1491
1,1494
4,1494
12,1494
5,1495
3,1496
1,1497
54,1497
2,1499
1,1500
7,1500
57,1500
2,1501
34,1501
2,1504
4,1504
54,1507
35,1516
51,1521
45,1523
19,1525
28,1525
43,1525
28,1533
38,1533
19,1535
57,1537
59,1538
58,1541
1,1547
2,1548
49,1548
17,1549
1,1550
45,1551
59,1551
9,1552
16,1552
1,1553
2,1554
2,1556
14,1559
49,1560
45,1562
21,1563
27,1565
44,1565
36,1566
42,1567
50,1569
59,1571
1,1574
2,1578
25,1578
1,1580
2,1581
58,1583
1,1584
34,1584
54,1585
56,1585
33,1587
46,1590
2,1591
54,1591
59,1592
40,1593
2,1595
13,1596
14,1596
12,1598
15,1598
32,1598
60,1600
26,1601
16,1602
28,1603
17,1604
49,1610
47,1611
56,1611
18,1612
37,1614
58,1617
43,1618
44,1618
26,1619
39,1619
4,1620
51,1620
45,1621
26,1622
37,1622
9,1625
42,1628
8,1629
42,1635
21,1636
55,1637
19,1638
19,1639
30,1640
43,1640
47,1642
48,1642
40,1645
25,1647
58,1649
38,1654
16,1655
21,1656
55,1660
10,1662
1,1663
36,1663
50,1663
11,1664
1,1668
7,1668
22,1668
33,1668
2,1669
29,1669
1,1670
2,1671
15,1671
18,1671
2,1674
58,1676
55,1677
57,1677
46,1679
47,1679
12,1680
37,1681
9,1682
43,1684
54,1685
27,1687
3,1689
52,1689
56,1690
5,1691
32,1691
4,1692
52,1693
36,1694
41,1696
9,1697
25,1699
29,1699
4,1700
3,1702
56,1703
5,1704
18,1707
22,1708
13,1709
58,1709
31,1719
48,1719
55,1719
15,1720
28,1720
59,1726
17,1727
58,1727
11,1729
32,1729
42,1729
49,1730
11,1732
53,1732
20,1734
26,1738
34,1743
1,1745
2,1746
60,1747
13,1747
1,1748
2,1749
7,1749
1,1750
25,1750
2,1751
14,1751
55,1751
17,1753
44,1759
49,1760
13,1761
28,1763
10,1768
43,1769
3,1770
12,1771
58,1774
19,1775
53,1775
4,1776
28,1776
46,1776
3,1777
34,1777
40,1777
5,1780
6,1780
34,1781
10,1785
4,1786
17,1786
5,1787
60,1788
49,1788
20,1789
11,1790
23,1790
16,1792
31,1793
59,1795
32,1796
41,1797
18,1799
44,1801
25,1804
55,1807
43,1811
56,1812
22,1813
7,1815
48,1819
15,1820
21,1827
20,1828
23,1828
11,1836
19,1836
32,1844
42,1844
30,1846
44,1848
11,1850
35,1850
27,1857
32,1858
18,1864
27,1864
7,1866
60,1867
3,1869
12,1869
4,1870
3,1871
5,1871
51,1871
5,1872
50,1872
4,1873
13,1875
36,1875
54,1875
3,1876
46,1878
28,1880
55,1881
3,1882
4,1883
4,1884
3,1886
57,1886
5,1889
15,1889
16,1889
28,1889
26,1890
56,1890
33,1893
6,1899
31,1902
45,1902
40,1903
5,1904
43,1905
1,1906
1,1907
39,1908
2,1909
1,1915
2,1916
27,1917
40,1918
2,1922
41,1922
60,1923
18,1923
35,1924
10,1925
16,1926
24,1928
37,1933
58,1934
3,1935
5,1937
14,1937
33,1937
14,1938
4,1940
5,1942
18,1942
40,1942
3,1944
4,1945
36,1946
19,1948
21,1949
57,1949
28,1951
49,1952
3,1954
58,1954
31,1955
5,1957
4,1958
5,1962
6,1962
32,1962
4,1965
3,1966
47,1966
27,1969
10,1970
59,1970
42,1972
22,1973
30,1973
56,1976
9,1981
24,1981
23,1982
20,1983
46,1984
40,1987
21,1988
22,1988
51,1988
10,1989
40,1989
14,1992
16,1994
6,1996
1,1997
1,1999
2,2001
55,2006
1,2007
32,2007
59,2009
28,2010
2,2011
17,2011
54,2011
2,2013
32,2013
9,2014
13,2014
28,2017
6,2018
58,2018
33,2020
8,2021
13,2021
31,2021
19,2024
11,2025
47,2027
57,2027
38,2028
54,2028
20,2029
34,2029
8,2030
27,2031
16,2033
17,2033
44,2035
4,2036
32,2036
41,2036
57,2036
24,2038
27,2040
52,2040
58,2040
25,2043
51,2045
17,2047
22,2047
34,2049
52,2049
58,2049
13,2050
48,2050
29,2051
56,2052
25,2053
20,2055
35,2056
50,2056
47,2059
54,2062
25,2066
43,2066
3,2068
16,2071
4,2073
6,2073
58,2073
52,2075
1,2076
1,2077
4,2077
35,2077
2,2078
7,2079
55,2079
2,2080
3,2080
45,2080
5,2082
10,2082
29,2082
23,2083
55,2083
5,2084
46,2085
1,2086
6,2086
2,2087
9,2088
44,2088
39,2092
54,2093
41,2094
48,2095
45,2100
36,2102
7,2103
10,2106
8,2107
14,2107
12,2108
50,2110
9,2113
36,2117
48,2117
44,2122
54,2122
41,2125
24,2126
45,2126
22,2127
15,2129
18,2134
36,2134
35,2135
15,2136
14,2137
18,2141
30,2142
46,2142
10,2146
28,2146
40,2146
12,2152
11,2153
3,2157
21,2157
4,2158
14,2159
35,2159
5,2160
27,2160
5,2161
51,2161
11,2162
47,2166
3,2167
54,2169
4,2170
45,2171
20,2172
37,2175
18,2178
32,2179
36,2186
46,2191
5,2193
45,2193
54,2193
44,2196
8,2197
11,2199
38,2202
11,2205
3,2206
4,2207
49,2207
54,2208
50,2209
5,2210
4,2213
5,2214
33,2214
3,2216
6,2216
28,2216
44,2217
43,2218
37,2220
3,2224
59,2224
1,2225
5,2226
43,2226
4,2227
30,2228
3,2230
46,2230
1,2231
58,2231
4,2232
7,2232
37,2232
2,2233
47,2233
2,2234
23,2234
45,2234
1,2235
2,2236
5,2236
13,2236
15,2236
52,2237
41,2238
3,2243
19,2243
4,2244
34,2246
40,2247
43,2247
9,2253
5,2257
22,2257
48,2258
3,2260
51,2260
4,2261
15,2261
24,2262
5,2263
45,2264
50,2265
1,2273
42,2273
46,2273
54,2280
54,2281
30,2282
16,2283
46,2284
3,2288
4,2289
6,2289
48,2289
3,2290
49,2290
4,2292
24,2292
2,2294
5,2294
5,2295
56,2295
42,2296
20,2297
13,2302
41,2302
3,2303
44,2303
42,2305
51,2305
4,2306
28,2310
37,2310
5,2311
14,2311
39,2312
54,2312
5,2313
3,2314
25,2314
4,2315
32,2318
47,2318
1,2320
3,2321
2,2322
4,2323
59,2323
5,2324
20,2324
1,2325
4,2325
2,2326
57,2327
5,2328
9,2329
34,2329
1,2330
3,2330
46,2330
2,2334
15,2334
21,2335
28,2337
30,2338
43,2340
47,2340
1,2341
2,2343
1,2345
45,2347
2,2348
41,2348
30,2349
1,2351
47,2351
57,2351
2,2353
10,2356
16,2359
51,2359
46,2360
28,2363
20,2365
52,2365
31,2368
15,2369
45,2370
46,2370
34,2375
27,2376
42,2377
58,2380
13,2383
38,2383
43,2383
60,2385
39,2386
1,2387
10,2387
22,2389
36,2390
32,2391
44,2392
16,2397
5,2398
21,2398
41,2398
46,2401
51,2403
54,2403
12,2405
18,2406
53,2406
9,2407
32,2407
24,2409
18,2413
29,2414
19,2415
28,2415
10,2416
47,2417
30,2420
35,2421
58,2421
54,2423
58,2425
32,2428
3,2429
4,2431
16,2434
4,2437
51,2437
5,2439
51,2440
8,2443
36,2443
11,2445
33,2445
46,2448
3,2449
25,2450
5,2451
56,2454
16,2455
21,2455
27,2457
59,2460
36,2461
3,2463
55,2467
20,2468
4,2470
17,2470
35,2471
28,2473
47,2473
53,2473
4,2475
5,2476
3,2479
59,2482
5,2485
10,2485
35,2485
14,2486
37,2486
28,2487
7,2494
57,2496
38,2497
57,2497
3,2498
43,2498
49,2498
4,2499
34,2499
1,2500
5,2500
1,2503
2,2504
4,2504
6,2505
3,2506
19,2506
21,2506
25,2506
1,2507
2,2509
5,2509
2,2511
29,2514
3,2516
4,2518
5,2519
1,2520
2,2522
52,2522
1,2523
5,2523
41,2523
1,2524
3,2525
4,2526
32,2526
13,2527
2,2529
46,2529
2,2533
38,2534
41,2534
57,2534
3,2535
17,2535
4,2536
55,2536
17,2537
3,2539
5,2545
4,2546
5,2547
58,2547
8,2548
15,2551
47,2556
15,2557
35,2557
59,2558
28,2559
55,2560
12,2563
21,2566
23,2566
30,2566
1,2569
43,2570
19,2571
2,2573
39,2573
47,2573
20,2575
1,2577
8,2578
47,2578
1,2579
29,2580
45,2580
2,2581
2,2586
3,2586
34,2588
57,2588
14,2590
33,2590
4,2592
56,2594
1,2595
4,2595
8,2595
5,2597
2,2598
3,2598
5,2599
25,2599
1,2601
2,2602
1,2603
35,2604
60,2605
47,2605
17,2607
33,2610
47,2610
41,2613
2,2614
3,2614
26,2614
9,2616
42,2616
4,2619
5,2620
10,2621
44,2622
40,2624
3,2625
29,2625
40,2625
4,2626
6,2626
37,2626
5,2632
38,2633
46,2633
39,2637
51,2637
4,2638
57,2638
5,2640
33,2642
21,2643
11,2645
17,2645
30,2645
54,2650
57,2650
44,2652
1,2655
2,2657
45,2659
1,2660
52,2660
56,2661
2,2662
1,2663
2,2664
16,2667
44,2668
24,2671
6,2672
39,2680
58,2680
16,2682
41,2685
30,2687
18,2688
19,2691
33,2691
42,2692
1,2693
1,2694
48,2694
2,2696
36,2696
41,2696
32,2697
22,2698
1,2700
31,2702
2,2704
1,2706
19,2707
22,2708
40,2708
2,2709
14,2710
54,2710
1,2712
52,2713
59,2713
2,2714
40,2714
1,2715
59,2715
25,2717
46,2718
1,2720
2,2722
55,2722
2,2723
14,2724
42,2728
42,2731
43,2734
45,2736
17,2738
35,2738
50,2738
13,2739
32,2740
44,2744
58,2744
45,2749
56,2751
25,2752
42,2754
3,2758
20,2761
1,2766
52,2766
55,2766
19,2779
27,2779
5,2783
48,2783
40,2784
54,2785
38,2786
37,2788
35,2793
53,2793
6,2796
22,2796
59,2800
25,2802
19,2803
56,2803
24,2805
27,2805
54,2805
39,2812
30,2815
1,2816
1,2817
38,2817
2,2818
2,2819
1,2820
22,2820
21,2821
2,2823
60,2825
13,2826
41,2826
25,2827
4,2828
26,2829
37,2837
30,2838
15,2840
25,2840
24,2845
41,2846
52,2847
60,2851
9,2851
3,2852
17,2852
24,2852
56,2852
40,2853
4,2854
15,2855
24,2856
35,2856
49,2856
30,2859
44,2859
4,2861
5,2862
58,2863
19,2864
29,2864
3,2865
21,2867
37,2869
46,2869
5,2871
33,2872
60,2873
32,2873
8,2874
19,2878
39,2879
6,2881
23,2881
40,2881
35,2882
40,2884
52,2884
39,2886
3,2887
20,2887
18,2888
57,2888
4,2890
47,2890
32,2892
41,2892
44,2892
5,2894
36,2894
32,2896
3,2898
36,2899
5,2901
4,2905
22,2905
57,2907
35,2908
37,2908
30,2910
60,2911
35,2912
12,2917
41,2925
31,2929
24,2930
51,2931
58,2931
28,2935
12,2937
30,2937
20,2938
29,2941
25,2942
35,2942
44,2942
36,2943
3,2947
4,2950
58,2950
57,2951
38,2953
3,2955
5,2956
5,2958
18,2959
3,2961
26,2961
43,2961
56,2961
24,2962
48,2962
4,2963
13,2964
31,2964
3,2965
5,2967
4,2968
9,2968
4,2969
15,2969
49,2969
3,2973
5,2974
19,2974
52,2976
59,2979
13,2985
32,2987
20,2988
43,2988
52,2988
1,2992
49,2993
34,2998
53,2998
24,2999
17,3004
18,3004
3,3005
31,3005
2,3006
5,3006
1,3009
53,3009
1,3010
4,3010
40,3010
42,3010
2,3012
4,3012
14,3013
43,3013
56,3013
2,3014
43,3014
17,3015
39,3015
53,3016
47,3017
3,3018
6,3018
39,3018
26,3020
5,3021
38,3021
33,3022
35,3023
57,3024
46,3028
55,3029
35,3030
9,3031
12,3033
40,3033
8,3036
59,3036
47,3037
8,3039
27,3040
34,3040
27,3042
9,3044
21,3044
55,3047
53,3050
20,3055
21,3055
48,3057
60,3059
8,3060
17,3062
16,3067
56,3067
7,3069
52,3069
10,3071
31,3071
23,3074
24,3075
31,3079
26,3081
48,3081
25,3082
40,3084
34,3088
58,3088
52,3092
12,3094
36,3094
8,3097
29,3098
34,3099
13,3103
10,3110
27,3112
17,3115
38,3116
18,3118
46,3119
54,3121
16,3123
19,3123
30,3124
35,3124
40,3125
15,3129
9,3130
23,3130
35,3137
34,3141
30,3142
42,3142
10,3143
13,3144
22,3145
1,3146
54,3146
45,3147
32,3150
33,3150
54,3150
1,3152
2,3153
36,3153
11,3154
3,3155
5,3156
20,3157
40,3157
52,3157
4,3158
32,3158
1,3159
33,3159
2,3160
2,3161
44,3161
51,3161
3,3162
17,3164
5,3165
52,3165
4,3167
59,3169
43,3172
38,3176
52,3177
34,3179
60,3180
27,3181
29,3182
24,3183
58,3184
1,3185
2,3188
59,3188
1,3190
20,3191
12,3192
2,3193
9,3195
28,3195
54,3195
57,3195
9,3197
15,3198
42,3198
1,3199
17,3201
25,3201
59,3204
60,3205
2,3205
9,3205
43,3208
6,3210
27,3212
29,3217
21,3218
55,3218
57,3218
3,3219
31,3220
52,3220
42,3223
29,3225
25,3228
27,3230
16,3233
3,3234
4,3235
30,3235
3,3236
5,3237
5,3238
31,3238
33,3238
4,3239
54,3239
16,3240
18,3240
34,3245
17,3246
60,3248
53,3255
58,3255
52,3256
53,3256
41,3258
32,3262
10,3263
18,3263
48,3264
55,3265
58,3267
27,3269
48,3273
15,3280
29,3281
15,3283
22,3283
53,3286
1,3289
19,3289
1,3290
2,3291
1,3292
28,3292
2,3293
2,3295
18,3297
11,3299
46,3299
24,3300
52,3304
7,3305
17,3308
53,3318
20,3320
50,3321
11,3322
37,3323
49,3323
59,3325
1,3327
41,3327
2,3329
10,3329
16,3329
1,3330
49,3330
2,3331
43,3331
24,3332
1,3333
2,3335
22,3337
34,3338
7,3340
52,3341
51,3346
10,3347
20,3347
13,3349
53,3349
8,3354
39,3358
38,3359
43,3359
9,3360
33,3360
57,3360
55,3366
43,3367
17,3370
41,3373
52,3378
16,3379
33,3379
8,3380
56,3381
31,3386
32,3386
34,3390
6,3392
18,3392
3,3394
21,3395
34,3395
5,3397
4,3399
31,3399
9,3400
4,3401
25,3401
3,3402
5,3403
28,3408
22,3411
56,3412
30,3413
9,3415
51,3420
28,3421
37,3423
53,3423
27,3427
40,3427
47,3428
15,3430
36,3430
3,3432
20,3433
5,3435
1,3437
10,3438
4,3440
2,3442
5,3442
10,3443
43,3443
48,3443
1,3444
4,3444
1,3445
19,3446
39,3447
15,3448
3,3450
17,3450
25,3450
2,3451
2,3452
37,3452
13,3453
19,3453
26,3453
41,3453
16,3454
26,3454
27,3454
34,3454
40,3457
8,3458
21,3459
35,3459
48,3459
13,3461
24,3462
33,3463
34,3466
10,3472
19,3474
3,3477
26,3477
37,3479
4,3480
1,3481
6,3481
1,3482
5,3483
41,3483
2,3484
2,3485
1,3486
15,3486
57,3486
2,3487
3,3487
54,3487
59,3487
5,3489
24,3489
32,3489
38,3490
4,3492
23,3492
40,3493
45,3495
58,3507
1,3508
1,3510
2,3511
41,3511
19,3513
2,3514
1,3515
45,3515
46,3518
60,3519
31,3520
2,3522
39,3523
53,3524
8,3528
9,3528
59,3529
47,3530
26,3532
29,3532
21,3537
58,3545
23,3547
45,3551
55,3551
3,3553
4,3554
13,3554
53,3554
5,3555
22,3555
5,3556
9,3557
11,3557
34,3559
52,3559
18,3561
43,3562
56,3562
3,3563
40,3565
9,3566
4,3567
37,3568
35,3569
7,3571
11,3571
37,3571
40,3572
14,3573
25,3573
50,3573
13,3574
24,3574
17,3578
25,3578
3,3579
22,3579
51,3583
3,3584
6,3584
29,3584
55,3584
5,3585
15,3585
32,3585
4,3586
13,3586
5,3587
38,3587
25,3589
39,3589
46,3594
1,3595
3,3595
14,3597
30,3597
39,3597
58,3598
1,3599
2,3600
43,3600
20,3601
4,3602
47,3602
1,3603
2,3604
13,3605
2,3606
3,3606
60,3608
24,3609
41,3610
48,3610
5,3614
13,3616
53,3616
8,3617
34,3618
4,3619
4,3621
5,3622
3,3623
27,3623
36,3623
3,3624
15,3627
19,3627
41,3630
48,3631
29,3632
32,3632
51,3635
55,3637
22,3638
55,3639
17,3640
8,3643
33,3643
47,3643
7,3647
23,3650
16,3652
54,3653
3,3654
32,3654
5,3658
5,3659
4,3661
3,3662
46,3662
4,3663
11,3664
38,3664
31,3667
12,3669
53,3672
1,3674
38,3674
28,3675
36,3675
11,3676
1,3678
23,3681
2,3682
3,3684
2,3685
7,3685
49,3685
35,3686
1,3689
23,3690
51,3691
15,3692
2,3693
10,3693
55,3695
5,3698
38,3698
10,3700
60,3701
20,3701
44,3703
49,3705
19,3708
5,3710
19,3710
36,3711
55,3711
58,3712
42,3713
56,3713
10,3714
29,3715
34,3716
56,3716
58,3717
51,3718
12,3719
28,3723
55,3723
59,3723
35,3724
59,3724
14,3725
20,3725
8,3726
1,3727
14,3727
36,3727
2,3728
38,3728
44,3728
45,3730
22,3731
55,3731
1,3732
2,3733
49,3733
1,3736
2,3737
48,3739
60,3740
13,3741
42,3741
25,3743
48,3744
52,3745
10,3748
3,3751
14,3751
5,3752
52,3752
8,3753
45,3753
4,3754
19,3755
4,3756
18,3756
38,3757
5,3758
33,3758
49,3758
3,3759
41,3759
52,3759
55,3759
56,3759
55,3762
60,3763
11,3763
56,3763
15,3766
49,3767
58,3769
6,3771
52,3771
6,3772
48,3774
35,3775
60,3776
50,3776
35,3777
42,3778
41,3780
23,3781
16,3785
58,3786
33,3788
23,3790
58,3791
6,3792
14,3792
15,3792
13,3797
3,3800
4,3802
41,3802
23,3803
42,3803
22,3805
52,3807
1,3808
15,3811
47,3812
2,3813
4,3813
23,3813
1,3814
5,3814
17,3815
30,3815
5,3818
15,3819
3,3820
22,3821
9,3823
26,3823
53,3823
60,3824
1,3824
30,3824
46,3824
2,3827
2,3828
31,3828
8,3829
3,3830
38,3831
26,3832
38,3834
10,3835
5,3836
4,3837
20,3837
5,3838
4,3840
20,3840
3,3841
7,3841
21,3843
51,3843
18,3846
27,3846
21,3848
45,3848
42,3851
1,3852
3,3855
12,3856
5,3857
18,3858
20,3858
4,3861
55,3864
39,3865
5,3866
13,3866
49,3866
9,3869
41,3869
7,3871
39,3871
3,3872
57,3875
4,3876
35,3876
47,3876
5,3878
14,3878
24,3878
52,3879
1,3882
12,3882
1,3885
2,3888
35,3891
1,3892
56,3892
29,3895
58,3895
25,3896
32,3896
9,3898
17,3898
49,3899
40,3901
2,3902
13,3902
2,3903
10,3905
24,3906
6,3907
14,3917
54,3919
46,3923
15,3924
30,3924
19,3925
16,3929
20,3929
36,3932
8,3934
29,3934
31,3935
15,3938
21,3940
54,3941
42,3942
29,3946
8,3949
45,3950
39,3952
13,3956
25,3956
35,3956
2,3959
3,3959
44,3959
47,3961
5,3962
24,3966
4,3967
3,3969
10,3970
30,3970
4,3971
17,3971
52,3971
53,3972
1,3973
5,3973
1,3974
43,3974
2,3977
2,3978
58,3979
1,3980
11,3982
45,3982
58,3982
2,3983
12,3985
34,3985
21,3989
40,3989
37,3994
56,3994
34,3997
40,3997
41,3998
5,4001
59,4001
3,4002
24,4002
4,4003
5,4004
4,4006
24,4006
3,4007
5,4009
38,4014
54,4014
1,4016
12,4016
6,4018
50,4019
29,4021
56,4021
1,4025
2,4026
1,4029
2,4030
21,4030
47,4031
25,4034
2,4036
24,4036
34,4036
56,4039
31,4040
52,4041
8,4043
56,4043
35,4047
38,4047
26,4049
49,4049
21,4050
33,4051
12,4052
43,4058
47,4060
7,4061
15,4062
28,4062
31,4062
15,4069
25,4069
27,4070
36,4073
34,4074
50,4074
48,4080
18,4081
12,4082
24,4085
18,4086
28,4086
54,4086
42,4091
22,4093
27,4094
1,4096
37,4096
54,4096
24,4097
1,4098
8,4098
18,4098
2,4099
1,4100
17,4100
2,4101
2,4102
3,4103
4,4104
11,4104
60,4105
5,4107
5,4109
22,4109
12,4110
3,4111
1,4113
4,4113
2,4114
15,4114
29,4114
41,4115
1,4116
11,4116
55,4117
9,4118
43,4120
1,4122
2,4124
49,4124
2,4125
37,4125
10,4126
7,4129
23,4132
40,4132
8,4133
44,4136
48,4141
50,4142
43,4143
52,4145
35,4147
25,4148
37,4152
17,4156
55,4158
30,4161
41,4163
1,4165
37,4165
38,4165
13,4167
29,4167
8,4168
58,4168
2,4170
1,4173
33,4173
1,4176
58,4176
31,4177
2,4178
2,4180
13,4180
47,4180
49,4180
35,4181
47,4182
47,4185
20,4186
42,4188
30,4190
41,4190
39,4191
12,4193
18,4194
27,4197
21,4198
22,4198
32,4201
22,4206
13,4207
35,4211
50,4213
21,4214
1,4215
2,4216
3,4217
1,4218
50,4218
2,4219
4,4219
16,4219
1,4220
5,4220
24,4221
5,4223
53,4223
2,4224
4,4224
13,4225
3,4226
44,4226
10,4227
29,4227
53,4228
30,4231
17,4232
48,4232
9,4233
4,4235
6,4235
46,4236
29,4237
23,4238
46,4238
3,4239
21,4239
34,4245
39,4245
24,4247
44,4248
3,4249
29,4250
5,4252
9,4253
4,4254
8,4256
3,4258
20,4258
4,4259
46,4259
38,4260
5,4261
43,4263
59,4264
37,4265
22,4266
32,4266
32,4267
26,4269
6,4271
1,4272
15,4272
20,4272
1,4273
43,4273
2,4275
29,4275
36,4275
41,4275
2,4276
12,4278
32,4279
1,4280
2,4282
15,4284
54,4284
60,4286
42,4288
30,4289
41,4291
23,4292
45,4293
55,4293
53,4295
49,4299
23,4302
23,4303
1,4304
1,4305
10,4305
19,4305
35,4305
7,4309
16,4310
2,4311
9,4311
21,4311
2,4312
16,4312
48,4314
1,4315
10,4317
9,4318
11,4320
39,4320
24,4321
42,4324
5,4326
54,4326
2,4327
7,4327
18,4327
45,4329
17,4330
38,4330
16,4331
52,4331
43,4333
55,4333
45,4336
43,4337
3,4340
33,4340
5,4341
4,4343
13,4344
5,4345
23,4345
46,4345
3,4348
4,4350
10,4350
24,4352
47,4353
60,4354
3,4357
4,4358
4,4360
57,4360
4,4361
28,4362
3,4363
5,4364
1,4365
5,4365
14,4365
19,4365
1,4366
2,4368
1,4369
24,4372
39,4372
2,4373
2,4374
48,4374
10,4375
3,4379
5,4380
43,4381
4,4383
5,4384
17,4384
3,4386
8,4387
24,4388
36,4389
1,4390
4,4390
6,4390
29,4391
10,4392
1,4396
13,4396
55,4397
2,4401
48,4402
1,4403
2,4404
53,4405
55,4406
57,4406
30,4407
1,4408
52,4411
41,4412
2,4413
16,4413
60,4414
53,4414
60,4415
9,4415
14,4415
57,4416
8,4418
27,4418
24,4421
4,4422
8,4422
9,4423
33,4424
60,4425
13,4428
36,4430
48,4430
15,4434
10,4438
1,4439
34,4439
1,4440
2,4442
4,4442
17,4443
50,4445
2,4447
1,4449
2,4450
56,4451
3,4452
4,4455
13,4455
35,4455
48,4456
13,4457
31,4457
44,4457
5,4458
3,4459
26,4460
4,4461
52,4462
44,4463
5,4465
9,4470
54,4475
23,4477
57,4478
30,4479
9,4483
1,4484
24,4484
1,4485
28,4486
44,4486
40,4487
43,4487
2,4488
7,4488
1,4489
48,4489
2,4491
34,4491
2,4492
16,4493
30,4493
59,4495
37,4501
25,4502
56,4502
47,4503
57,4506
42,4507
46,4507
22,4508
24,4510
47,4511
41,4512
54,4512
1,4513
1,4514
32,4514
2,4516
46,4516
1,4517
2,4518
12,4518
56,4518
6,4519
2,4521
43,4523
14,4527
7,4528
15,4528
48,4528
29,4529
31,4532
51,4532
56,4532
6,4536
10,4536
20,4537
33,4542
13,4544
36,4545
38,4547
17,4549
15,4552
18,4552
20,4552
19,4553
51,4557
59,4558
49,4560
48,4561
15,4562
23,4568
30,4570
37,4570
29,4573
34,4573
17,4577
38,4578
1,4579
60,4582
2,4583
1,4584
27,4589
2,4590
1,4591
30,4591
43,4591
49,4591
34,4592
2,4593
1,4594
2,4595
1,4596
9,4596
19,4596
1,4598
19,4599
2,4601
27,4601
2,4602
34,4602
39,4602
42,4604
46,4605
9,4609
16,4609
45,4611
41,4612
35,4616
24,4617
39,4617
36,4618
59,4618
27,4624
52,4626
12,4627
56,4628
16,4629
22,4629
44,4630
26,4632
23,4633
49,4634
18,4635
18,4636
13,4640
50,4641
31,4642
1,4645
14,4645
43,4646
8,4648
47,4648
31,4649
38,4650
30,4653
35,4656
47,4656
56,4656
28,4657
34,4659
55,4659
20,4660
33,4664
3,4665
11,4666
4,4668
54,4668
47,4669
12,4671
17,4671
32,4673
50,4673
5,4674
37,4675
60,4678
22,4678
3,4679
27,4679
5,4681
32,4681
48,4681
57,4681
58,4681
4,4682
10,4682
43,4682
59,4683
32,4695
26,4696
1,4699
45,4700
2,4702
3,4702
3,4704
5,4704
43,4704
1,4705
32,4706
41,4707
4,4708
1,4709
2,4710
3,4710
13,4710
35,4710
2,4711
41,4712
4,4713
5,4714
30,4716
28,4718
50,4718
1,4720
1,4723
2,4725
2,4726
1,4729
6,4729
9,4729
15,4729
17,4730
22,4730
39,4730
47,4730
2,4733
13,4734
14,4738
31,4740
47,4745
44,4748
51,4749
21,4752
38,4758
32,4760
56,4760
48,4761
13,4766
38,4766
32,4767
22,4769
35,4774
40,4774
57,4780
6,4782
20,4782
16,4783
34,4783
40,4786
50,4786
25,4787
37,4788
58,4788
44,4794
46,4795
31,4796
29,4797
28,4799
60,4800
9,4805
33,4806
41,4806
27,4812
50,4812
24,4815
42,4820
12,4821
47,4823
23,4825
6,4827
38,4827
39,4828
26,4830
37,4831
42,4831
1,4833
9,4833
55,4839
21,4844
52,4845
1,4847
38,4847
2,4851
52,4855
53,4856
15,4857
19,4857
12,4858
59,4859
2,4861
1,4862
35,4862
2,4863
49,4863
1,4864
2,4865
1,4868
2,4869
50,4871
1,4872
60,4873
12,4873
45,4874
2,4876
45,4879
25,4882
27,4882
39,4882
59,4884
8,4886
50,4887
13,4888
18,4888
24,4888
27,4890
1,4891
1,4893
2,4894
1,4896
44,4896
2,4897
11,4897
2,4898
31,4902
3,4903
18,4904
5,4905
42,4906
4,4907
5,4908
20,4908
3,4909
4,4910
47,4912
57,4912
28,4914
49,4915
12,4916
41,4917
4,4919
46,4920
43,4925
6,4934
60,4935
7,4936
9,4937
43,4941
30,4943
56,4944
60,4945
10,4945
13,4945
33,4946
42,4946
53,4946
37,4947
19,4950
27,4951
33,4951
54,4951
1,4952
11,4952
22,4952
33,4955
54,4956
34,4959
27,4960
6,4969
27,4970
26,4973
45,4974
29,4976
36,4976
13,4977
1,4978
3,4978
1,4979
13,4979
43,4979
2,4980
4,4981
35,4981
3,4982
5,4983
2,4984
24,4984
37,4984
4,4985
23,4985
1,4986
55,4986
2,4988
5,4988
10,4988
27,4988
9,4989
18,4990
40,4991
2,4993
58,4994
43,4995
59,4998
1,5003
1,5004
2,5005
60,5006
37,5007
2,5010
1,5011
7,5011
2,5012
14,5013
22,5013
47,5014
17,5017
35,5022
3,5025
35,5025
40,5025
49,5026
25,5027
8,5028
59,5029
36,5031
43,5031
59,5032
46,5035
37,5036
33,5037
6,5038
8,5038
41,5038
19,5039
38,5041
33,5042
50,5043
46,5044
15,5046
15,5048
26,5049
49,5049
31,5050
11,5057
2,5058
51,5058
16,5059
37,5059
10,5063
31,5065
41,5065
39,5066
26,5067
57,5067
49,5071
51,5078
25,5082
57,5082
55,5084
31,5086
37,5090
46,5092
21,5094
47,5095
8,5097
40,5097
58,5098
6,5100
26,5101
40,5103
1,5105
2,5106
10,5106
39,5106
1,5108
25,5108
51,5111
56,5111
16,5113
25,5113
1,5115
6,5115
12,5115
45,5115
2,5117
42,5119
57,5119
2,5120
55,5123
56,5124
6,5125
31,5127
48,5127
9,5132
22,5132
26,5132
31,5134
46,5134
41,5140
42,5141
5,5142
51,5145
60,5146
47,5146
49,5149
23,5154
34,5154
44,5155
17,5156
49,5156
51,5156
54,5156
39,5157
48,5157
3,5158
5,5159
4,5161
27,5162
5,5163
3,5165
4,5166
12,5167
10,5172
1,5175
49,5177
3,5178
15,5178
23,5178
30,5178
55,5178
1,5179
4,5179
2,5180
15,5180
3,5181
55,5182
2,5183
10,5184
29,5184
59,5184
1,5185
2,5186
5,5188
5,5189
4,5190
15,5191
28,5194
11,5195
9,5196
1,5198
50,5198
55,5198
2,5199
1,5200
1,5201
14,5201
34,5201
2,5203
2,5204
35,5204
10,5207
60,5210
30,5211
36,5211
54,5212
18,5218
46,5221
57,5223
50,5224
7,5226
3,5228
4,5230
44,5231
5,5232
4,5233
3,5234
5,5235
49,5235
55,5235
51,5239
53,5239
22,5241
53,5243
3,5245
54,5246
58,5246
6,5247
54,5249
58,5251
53,5254
31,5255
55,5257
3,5258
17,5260
1,5263
7,5263
51,5263
1,5266
4,5267
3,5268
21,5268
58,5268
52,5270
2,5271
4,5272
38,5272
41,5272
56,5272
60,5273
5,5273
2,5275
5,5275
22,5276
1,5277
2,5281
55,5281
34,5284
10,5285
42,5287
15,5289
8,5293
9,5293
28,5293
30,5293
43,5293
33,5294
22,5296
35,5298
47,5299
49,5301
55,5301
17,5303
36,5304
23,5309
48,5310
53,5314
40,5315
11,5318
53,5318
56,5318
22,5319
34,5319
34,5322
56,5323
26,5324
46,5324
37,5325
13,5326
26,5330
57,5331
9,5333
21,5334
43,5335
33,5336
25,5341
48,5345
45,5346
4,5348
24,5349
18,5350
37,5350
57,5351
10,5354
17,5354
47,5355
53,5355
14,5358
15,5358
34,5360
57,5361
12,5362
31,5362
36,5363
29,5374
16,5375
59,5376
21,5379
11,5382
38,5382
16,5385
58,5386
48,5387
54,5387
36,5388
12,5389
33,5390
16,5391
42,5395
46,5395
20,5398
20,5400
37,5400
38,5400
50,5401
8,5402
43,5402
59,5402
43,5403
27,5404
19,5406
37,5406
1,5408
35,5413
28,5414
2,5415
1,5416
35,5416
48,5416
1,5417
3,5417
4,5418
26,5418
2,5419
2,5420
12,5427
23,5427
41,5428
5,5429
10,5429
21,5431
29,5432
3,5433
28,5433
23,5434
4,5435
5,5436
18,5436
31,5437
11,5438
56,5438
17,5439
33,5439
22,5442
42,5444
17,5447
1,5448
42,5448
1,5449
3,5450
2,5451
5,5451
4,5453
60,5455
4,5455
2,5456
30,5456
60,5457
1,5457
15,5457
35,5457
53,5457
3,5458
5,5458
28,5458
3,5461
7,5462
24,5463
2,5464
15,5467
33,5474
29,5475
54,5475
42,5479
27,5480
8,5482
16,5482
60,5484
24,5484
49,5486
50,5486
53,5486
41,5488
25,5489
31,5489
59,5489
38,5494
45,5494
52,5494
52,5499
13,5502
60,5510
36,5510
55,5511
22,5512
21,5513
36,5513
37,5518
58,5519
57,5521
39,5523
1,5525
2,5527
47,5527
1,5529
1,5530
6,5530
39,5530
2,5531
6,5531
28,5531
25,5532
2,5534
9,5537
35,5537
33,5539
31,5540
48,5543
17,5545
19,5545
1,5552
2,5553
1,5554
3,5554
12,5556
25,5556
1,5557
2,5558
21,5559
32,5559
2,5560
26,5562
53,5562
5,5563
14,5563
16,5565
44,5565
17,5566
1,5569
10,5571
2,5572
27,5572
22,5575
22,5576
1,5578
30,5578
1,5579
52,5579
49,5580
3,5581
2,5582
4,5582
2,5583
5,5584
34,5586
4,5587
57,5587
3,5589
5,5591
50,5594
53,5597
49,5598
56,5598
24,5599
3,5600
38,5603
58,5603
54,5604
44,5609
54,5611
3,5613
1,5614
42,5614
5,5615
28,5615
50,5615
4,5618
18,5619
5,5620
13,5620
47,5621
1,5622
11,5622
18,5622
2,5623
1,5624
12,5624
2,5625
4,5625
3,5626
7,5626
3,5627
21,5627
57,5627
4,5628
2,5629
3,5629
26,5629
38,5630
8,5631
19,5632
22,5632
39,5633
5,5634
35,5634
5,5636
21,5636
10,5637
15,5637
19,5637
39,5637
39,5639
13,5640
11,5641
26,5641
44,5641
4,5642
7,5644
34,5647
14,5648
35,5656
47,5656
37,5658
20,5661
40,5662
49,5662
33,5667
54,5667
34,5670
50,5670
19,5671
41,5672
42,5672
18,5674
50,5674
47,5676
46,5677
5,5678
18,5683
15,5684
58,5686
30,5688
14,5694
17,5694
54,5696
1,5698
2,5699
31,5699
42,5699
1,5701
1,5704
44,5705
46,5705
6,5706
2,5707
58,5707
6,5708
8,5708
24,5708
2,5709
3,5710
23,5710
4,5711
12,5711
19,5712
24,5712
3,5713
5,5715
41,5715
4,5716
5,5717
11,5717
52,5720
50,5722
6,5724
1,5725
1,5727
51,5729
43,5730
2,5732
24,5732
35,5733
23,5735
2,5737
57,5737
34,5738
1,5739
20,5739
2,5741
49,5742
41,5743
37,5751
30,5752
41,5752
34,5754
3,5755
9,5755
4,5756
25,5756
55,5757
4,5758
9,5758
5,5759
21,5765
34,5765
3,5767
5,5768
12,5768
14,5772
48,5773
60,5775
22,5775
53,5776
49,5782
33,5785
26,5786
20,5788
27,5790
38,5790
44,5790
32,5794
26,5796
38,5796
25,5799
58,5799
19,5804
56,5804
43,5807
4,5808
18,5809
58,5810
33,5811
1,5812
3,5813
2,5814
1,5815
5,5815
4,5816
36,5816
34,5817
14,5818
5,5819
11,5819
20,5819
24,5819
47,5819
1,5820
3,5820
6,5820
2,5821
4,5822
46,5823
34,5824
2,5827
29,5827
30,5828
30,5832
51,5832
9,5836
30,5838
52,5838
1,5841
37,5841
47,5841
1,5842
52,5844
2,5845
1,5846
2,5847
2,5848
5,5848
20,5848
1,5850
1,5852
30,5852
2,5856
22,5856
1,5857
16,5857
2,5858
2,5861
57,5864
1,5865
42,5866
25,5868
47,5869
14,5874
32,5875
26,5876
12,5880
3,5883
59,5883
4,5885
13,5891
14,5891
4,5892
45,5892
5,5893
9,5893
23,5894
58,5894
3,5895
5,5896
24,5898
40,5898
23,5906
19,5907
56,5907
24,5915
15,5919
57,5919
19,5920
49,5921
3,5922
54,5922
4,5925
51,5926
3,5927
26,5928
5,5929
46,5929
12,5930
5,5934
4,5935
47,5936
3,5937
4,5939
1,5940
16,5940
2,5941
1,5942
13,5944
20,5944
27,5944
1,5945
3,5946
21,5946
52,5946
5,5947
13,5948
2,5949
19,5949
2,5950
24,5952
60,5955
37,5955
42,5955
1,5956
1,5957
9,5957
11,5957
2,5958
5,5958
33,5958
37,5959
11,5960
59,5960
12,5961
2,5964
7,5964
1,5965
4,5965
2,5968
60,5971
1,5972
1,5973
60,5974
2,5976
30,5978
2,5979
1,5980
2,5981
7,5983
2,5987
10,5988
32,5988
35,5988
33,5992
15,5993
22,5993
38,5997
37,6001
48,6003
53,6003
18,6005
50,6008
45,6012
31,6013
11,6015
28,6018
20,6019
33,6021
48,6021
55,6021
22,6024
43,6024
11,6025
37,6027
31,6028
35,6028
6,6031
10,6031
30,6031
39,6034
3,6035
1,6036
36,6038
4,6039
2,6042
1,6043
5,6043
1,6044
2,6045
42,6045
9,6048
2,6049
5,6049
13,6050
3,6052
51,6052
4,6053
15,6053
38,6055
14,6061
50,6063
59,6068
3,6069
1,6070
42,6071
20,6074
55,6074
1,6076
21,6076
2,6077
35,6077
4,6078
1,6079
4,6079
5,6080
2,6081
55,6081
5,6082
2,6083
3,6084
50,6085
57,6086
54,6091
3,6093
41,6093
21,6095
5,6096
4,6100
4,6101
5,6102
3,6104
12,6105
46,6106
58,6107
39,6108
49,6108
55,6109
1,6110
40,6110
2,6111
34,6111
1,6113
27,6116
28,6116
2,6118
1,6119
37,6119
39,6119
2,6120
12,6121
27,6121
37,6121
24,6122
47,6122
19,6123
1,6124
37,6125
33,6127
1,6128
2,6129
48,6129
29,6130
1,6132
2,6135
2,6137
32,6138
15,6139
53,6139
57,6140
55,6141
1,6144
2,6145
41,6147
1,6148
1,6151
2,6155
2,6157
20,6157
27,6160
29,6160
18,6162
23,6162
31,6162
7,6164
34,6164
57,6167
43,6170
19,6173
58,6175
30,6176
37,6179
46,6179
39,6180
52,6180
3,6181
43,6181
13,6182
11,6184
22,6184
1,6185
19,6185
26,6185
5,6186
34,6186
2,6187
4,6187
30,6187
45,6187
46,6188
3,6189
1,6191
35,6192
4,6193
16,6194
46,6196
1,6197
5,6197
14,6197
15,6197
2,6198
2,6200
15,6202
41,6203
25,6206
60,6210
55,6210
22,6212
24,6215
26,6217
7,6220
21,6221
57,6222
16,6225
40,6225
1,6226
11,6226
1,6229
11,6229
28,6230
15,6231
37,6231
2,6232
31,6233
47,6234
57,6234
2,6235
15,6235
12,6236
33,6236
1,6238
44,6238
4,6239
49,6239
24,6244
2,6245
1,6246
39,6246
2,6247
10,6247
1,6249
22,6250
21,6251
1,6252
2,6254
22,6254
2,6255
14,6257
57,6257
56,6261
1,6262
12,6266
30,6266
1,6268
2,6269
17,6272
2,6273
1,6277
2,6278
44,6278
48,6279
59,6284
53,6285
33,6289
9,6290
9,6292
22,6300
32,6301
55,6303
6,6304
52,6304
58,6304
11,6306
26,6309
48,6309
15,6312
3,6313
4,6314
46,6314
5,6315
1,6317
4,6317
17,6318
5,6319
1,6320
18,6320
51,6320
19,6321
38,6321
2,6322
3,6324
26,6324
7,6325
1,6326
59,6326
2,6327
2,6328
1,6332
2,6333
1,6335
2,6336
1,6337
10,6338
13,6341
25,6341
47,6342
18,6343
2,6344
56,6347
3,6350
52,6350
3,6351
16,6353
48,6355
9,6357
5,6358
19,6358
49,6359
5,6360
22,6360
42,6362
4,6363
35,6364
8,6365
3,6366
10,6366
40,6366
33,6369
27,6371
4,6372
4,6373
26,6373
19,6380
57,6383
24,6386
39,6386
26,6389
21,6390
48,6393
39,6395
3,6398
5,6400
13,6401
4,6402
12,6402
4,6404
5,6404
4,6405
12,6405
3,6406
26,6407
10,6408
15,6408
43,6409
59,6410
31,6415
7,6417
23,6418
41,6421
15,6422
39,6424
43,6424
51,6424
13,6437
19,6437
49,6437
14,6439
36,6440
17,6444
11,6445
25,6448
53,6448
16,6450
10,6452
39,6453
17,6454
22,6454
19,6455
33,6456
60,6457
17,6460
33,6461
58,6461
19,6464
26,6466
6,6469
40,6469
56,6470
17,6471
18,6472
28,6474
19,6476
38,6476
55,6477
40,6480
33,6484
26,6487
46,6492
47,6496
15,6498
19,6498
37,6502
47,6503
28,6505
42,6506
60,6507
45,6507
8,6509
40,6510
9,6512
46,6513
9,6514
56,6514
10,6515
56,6515
29,6517
26,6518
39,6518
58,6520
54,6521
26,6522
46,6522
53,6525
36,6526
56,6529
53,6532
39,6533
1,6534
44,6534
2,6537
49,6537
23,6539
1,6542
1,6543
27,6543
2,6544
3,6545
2,6548
5,6548
4,6549
16,6549
51,6550
4,6551
5,6552
59,6554
3,6556
7,6556
28,6556
11,6558
44,6558
11,6559
18,6559
28,6559
34,6562
20,6566
3,6569
32,6569
4,6573
22,6573
26,6573
36,6573
5,6575
37,6575
4,6576
31,6576
3,6577
5,6578
4,6581
1,6583
36,6586
43,6587
1,6588
31,6589
2,6591
16,6592
36,6593
2,6594
1,6595
39,6597
2,6599
40,6599
54,6601
28,6602
11,6605
58,6608
44,6609
7,6611
22,6613
45,6613
33,6615
51,6618
18,6621
31,6621
28,6623
56,6623
45,6624
48,6625
49,6626
29,6627
59,6627
19,6628
3,6629
38,6630
10,6632
4,6634
5,6636
5,6637
3,6638
4,6639
34,6640
7,6647
41,6647
52,6647
1,6649
26,6649
57,6649
2,6651
49,6651
1,6652
18,6655
40,6655
41,6655
2,6656
1,6657
18,6658
34,6659
51,6659
2,6660
47,6662
23,6666
23,6667
55,6669
11,6671
60,6672
14,6674
24,6676
16,6678
29,6679
54,6679
17,6680
33,6681
53,6684
53,6686
3,6688
12,6690
31,6691
39,6691
49,6692
4,6693
54,6693
5,6694
47,6695
5,6697
3,6702
30,6703
28,6705
4,6709
19,6709
41,6710
11,6711
1,6716
14,6716
12,6719
3,6722
51,6722
5,6723
5,6724
4,6725
55,6726
7,6727
3,6728
8,6729
60,6730
4,6730
7,6730
46,6731
14,6732
56,6733
55,6735
28,6736
60,6739
54,6739
16,6742
19,6745
34,6747
20,6749
41,6752
29,6753
6,6757
17,6758
26,6759
44,6760
59,6762
3,6764
22,6764
57,6765
54,6766
4,6767
15,6768
12,6770
3,6771
31,6771
20,6775
52,6775
4,6776
23,6779
60,6781
5,6781
5,6783
13,6784
33,6787
1,6788
54,6788
36,6790
40,6794
6,6798
1,6799
47,6800
41,6801
22,6802
2,6804
45,6807
36,6808
48,6808
1,6809
7,6809
27,6811
51,6811
28,6813
1,6814
2,6817
8,6818
2,6820
15,6824
31,6824
59,6824
52,6827
1,6830
2,6831
32,6831
36,6831
18,6832
13,6834
1,6836
3,6836
25,6838
5,6839
2,6840
34,6840
48,6840
58,6840
4,6842
40,6843
50,6844
1,6845
2,6848
49,6848
5,6849
4,6852
3,6853
45,6858
3,6863
5,6864
4,6866
5,6867
4,6868
3,6870
22,6870
37,6872
57,6873
2,6875
1,6877
2,6878
6,6878
42,6878
13,6880
1,6881
23,6881
2,6883
3,6883
19,6883
1,6884
42,6884
2,6885
10,6889
27,6889
5,6891
5,6892
44,6892
4,6893
10,6896
15,6896
41,6897
55,6897
48,6899
4,6902
3,6903
11,6905
3,6906
27,6907
43,6911
1,6915
4,6915
2,6916
1,6917
5,6917
2,6918
2,6920
4,6920
19,6920
57,6920
5,6921
9,6921
1,6923
3,6923
3,6925
2,6926
4,6927
37,6927
4,6929
3,6930
5,6931
5,6932
39,6934
42,6934
44,6934
8,6935
60,6936
23,6937
6,6941
8,6942
25,6942
53,6942
25,6944
37,6944
59,6947
59,6950
49,6952
46,6953
12,6954
12,6955
60,6956
27,6956
28,6957
7,6962
49,6962
31,6963
45,6963
22,6970
5,6973
11,6973
17,6973
49,6973
10,6975
9,6979
11,6983
23,6983
58,6984
59,6985
12,6987
20,6988
22,6989
56,6989
3,6991
43,6991
51,6993
5,6994
57,6995
3,6996
4,6996
34,6998
44,6999
4,7000
3,7001
9,7001
37,7001
5,7002
6,7003
30,7005
41,7013
33,7014
3,7015
38,7015
4,7019
13,7019
3,7021
51,7021
9,7023
5,7025
40,7026
26,7028
51,7028
5,7031
4,7032
47,7032
31,7034
38,7034
55,7034
54,7036
52,7039
53,7039
56,7040
47,7041
29,7042
45,7042
3,7043
12,7047
24,7048
35,7050
1,7051
5,7051
4,7052
1,7054
2,7055
1,7056
5,7057
7,7057
17,7057
2,7058
4,7058
52,7058
53,7058
38,7061
42,7061
1,7062
2,7063
31,7063
3,7066
1,7067
1,7068
57,7068
2,7071
30,7075
2,7078
51,7078
1,7079
52,7079
2,7081
39,7084
26,7085
18,7090
28,7090
18,7091
26,7091
25,7092
6,7094
48,7095
47,7096
27,7097
49,7097
23,7098
14,7100
19,7100
35,7101
26,7102
58,7106
3,7108
58,7108
5,7109
4,7110
40,7111
5,7112
20,7112
49,7113
3,7114
32,7118
4,7119
8,7119
59,7119
38,7121
38,7123
53,7125
56,7126
42,7128
57,7131
37,7134
36,7135
3,7137
4,7139
5,7141
3,7146
33,7146
4,7147
57,7147
13,7148
23,7149
60,7152
5,7152
29,7153
44,7154
41,7155
8,7157
54,7160
48,7162
17,7163
1,7164
2,7165
48,7165
57,7167
1,7169
36,7169
1,7170
2,7171
7,7171
2,7173
36,7175
55,7175
36,7176
21,7179
15,7180
17,7180
22,7186
32,7190
25,7191
13,7194
19,7195
43,7195
26,7199
48,7199
49,7199
17,7201
11,7202
34,7204
39,7204
28,7205
14,7206
30,7209
41,7209
7,7210
57,7210
35,7211
60,7212
60,7216
37,7220
15,7222
19,7226
47,7232
47,7233
53,7233
56,7236
10,7237
28,7241
30,7242
33,7242
36,7245
3,7246
27,7246
4,7250
5,7252
34,7252
56,7252
42,7253
3,7254
23,7254
4,7256
34,7257
5,7258
50,7262
13,7264
45,7266
59,7277
47,7278
31,7279
47,7280
10,7282
43,7282
59,7286
1,7289
1,7292
12,7293
8,7294
2,7295
22,7295
1,7296
43,7297
12,7298
2,7299
2,7300
56,7300
42,7301
45,7302
16,7304
14,7305
14,7306
16,7307
25,7307
8,7310
53,7312
51,7317
57,7320
21,7321
17,7325
27,7325
1,7329
44,7331
19,7332
1,7333
49,7333
43,7334
2,7335
22,7336
57,7337
11,7338
2,7342
24,7342
1,7343
17,7344
27,7349
2,7352
1,7354
21,7357
1,7358
2,7360
2,7362
40,7363
6,7364
40,7365
1,7367
12,7368
41,7369
59,7369
17,7370
17,7372
15,7374
34,7374
2,7375
43,7376
9,7377
8,7379
17,7380
37,7382
52,7382
33,7384
39,7387
18,7388
7,7390
16,7390
29,7390
54,7391
38,7394
49,7394
48,7396
29,7397
18,7407
23,7407
53,7407
40,7410
56,7410
4,7412
10,7413
40,7413
1,7415
60,7416
43,7416
1,7417
13,7419
56,7419
28,7420
40,7421
35,7422
45,7424
2,7426
2,7427
1,7428
53,7430
5,7431
38,7432
2,7433
10,7433
58,7434
17,7437
47,7437
53,7438
58,7438
3,7440
37,7444
58,7445
5,7449
5,7450
4,7451
53,7454
4,7457
35,7457
3,7458
21,7459
11,7460
5,7464
59,7469
22,7470
17,7472
52,7474
7,7476
19,7476
41,7476
48,7478
50,7479
29,7480
38,7480
40,7484
17,7485
8,7492
12,7492
30,7492
51,7497
32,7498
9,7500
33,7500
48,7500
47,7501
44,7505
52,7506
38,7507
3,7508
59,7508
1,7509
2,7511
4,7512
5,7513
56,7513
9,7514
1,7516
3,7517
17,7517
5,7518
2,7519
4,7519
1,7520
34,7520
2,7521
1,7522
7,7525
21,7525
2,7526
1,7527
2,7528
3,7528
34,7529
4,7530
1,7531
25,7531
3,7532
5,7533
2,7534
4,7537
42,7537
59,7537
5,7538
55,7543
42,7544
53,7552
33,7554
3,7557
44,7558
5,7559
5,7562
28,7562
1,7563
6,7563
35,7563
2,7564
1,7565
48,7565
4,7566
3,7568
9,7568
4,7570
30,7570
50,7573
1,7574
14,7575
2,7576
18,7576
2,7577
3,7578
58,7578
27,7579
4,7581
5,7582
30,7582
54,7583
5,7585
4,7586
3,7587
51,7588
1,7589
2,7590
19,7590
1,7591
42,7591
29,7592
41,7592
1,7593
39,7593
27,7595
35,7595
51,7597
2,7598
25,7601
2,7602
36,7602
40,7602
54,7603
6,7606
11,7606
33,7606
48,7606
29,7608
42,7608
13,7609
15,7610
6,7611
3,7613
30,7615
5,7616
35,7616
4,7618
3,7619
44,7621
45,7621
4,7622
16,7622
28,7624
8,7625
5,7626
3,7627
8,7627
28,7627
13,7628
18,7629
5,7630
4,7631
12,7633
4,7634
3,7635
37,7635
43,7635
5,7636
55,7636
9,7637
27,7640
49,7642
10,7645
24,7645
20,7650
57,7651
44,7656
22,7658
55,7658
52,7662
59,7663
31,7670
35,7670
45,7670
17,7672
29,7674
26,7675
3,7676
17,7676
26,7676
31,7677
39,7679
44,7682
5,7687
6,7687
44,7689
16,7690
33,7690
21,7691
4,7692
43,7692
4,7694
52,7696
3,7697
5,7699
55,7700
49,7701
22,7704
60,7705
3,7705
46,7705
4,7706
46,7706
10,7707
4,7712
48,7712
5,7713
51,7714
5,7715
28,7715
48,7715
2,7716
3,7716
3,7717
4,7719
19,7719
27,7719
4,7720
28,7720
44,7720
53,7721
5,7724
15,7724
50,7726
3,7729
37,7729
5,7730
43,7730
19,7731
23,7731
3,7732
33,7733
58,7733
4,7734
5,7736
5,7737
32,7738
55,7738
4,7739
3,7740
22,7740
39,7741
13,7743
43,7743
7,7744
32,7744
52,7745
43,7746
52,7746
18,7748
23,7749
46,7749
46,7750
41,7751
12,7752
31,7758
14,7759
9,7761
9,7764
43,7768
17,7770
34,7770
44,7772
46,7775
46,7776
23,7781
1,7783
51,7787
51,7789
1,7793
46,7794
15,7796
43,7796
2,7797
49,7797
1,7798
14,7798
29,7799
2,7800
2,7802
55,7803
28,7807
38,7807
10,7809
18,7810
32,7812
20,7813
25,7813
8,7818
28,7818
11,7821
29,7821
30,7821
45,7821
60,7826
47,7826
6,7827
14,7827
42,7827
32,7828
10,7830
55,7830
23,7832
13,7833
14,7833
18,7835
25,7835
32,7835
53,7837
14,7838
9,7840
53,7842
42,7844
43,7844
20,7849
52,7853
35,7856
26,7857
35,7857
20,7858
41,7860
57,7861
55,7863
31,7865
37,7865
18,7867
45,7867
45,7871
18,7872
10,7874
9,7876
44,7885
58,7885
39,7886
41,7893
3,7894
18,7894
37,7896
4,7899
5,7901
35,7903
15,7904
5,7906
14,7906
15,7907
35,7907
59,7907
60,7909
4,7909
19,7909
3,7910
30,7912
24,7913
27,7914
39,7922
46,7922
12,7923
51,7924
1,7926
16,7928
1,7929
6,7929
2,7930
51,7932
2,7934
23,7934
1,7936
47,7936
2,7937
57,7937
9,7940
42,7940
45,7942
6,7945
11,7945
10,7946
14,7946
3,7947
26,7947
36,7947
4,7948
5,7949
41,7950
51,7951
1,7955
43,7955
50,7955
5,7956
29,7956
45,7956
2,7957
48,7957
1,7958
6,7958
1,7960
3,7961
24,7963
16,7964
4,7965
2,7966
3,7967
2,7969
48,7973
4,7974
5,7975
7,7975
57,7975
59,7979
1,7980
4,7980
47,7980
5,7982
8,7983
13,7983
33,7983
1,7984
3,7984
20,7984
57,7984
2,7987
36,7989
32,7990
2,7992
28,7993
7,7994
1,7995
8,7995
2,7996
16,8005
8,8006
17,8006
46,8007
51,8007
52,8007
16,8009
1,8010
30,8010
42,8010
10,8011
2,8012
8,8012
51,8012
1,8014
48,8014
53,8014
23,8016
23,8017
60,8019
59,8019
11,8020
3,8023
5,8024
5,8025
19,8025
4,8026
1,8027
17,8027
41,8028
3,8029
4,8030
45,8030
2,8031
29,8031
2,8033
13,8033
4,8034
14,8035
36,8035
1,8038
33,8039
38,8042
1,8043
2,8047
26,8049
1,8050
1,8051
34,8051
48,8051
2,8052
2,8053
38,8053
49,8055
36,8057
57,8057
8,8059
23,8060
42,8061
45,8061
32,8066
1,8067
2,8069
23,8069
1,8070
43,8070
1,8072
47,8072
57,8073
2,8074
44,8074
51,8074
58,8074
26,8075
28,8076
27,8078
48,8078
2,8083
8,8083
29,8083
41,8085
45,8086
35,8089
42,8089
60,8092
3,8095
28,8095
36,8095
5,8096
4,8098
3,8099
6,8099
20,8099
21,8099
30,8101
5,8105
4,8106
37,8111
49,8111
1,8113
1,8114
2,8115
26,8115
59,8115
24,8116
1,8120
2,8121
2,8122
21,8127
35,8127
22,8131
9,8132
3,8133
57,8133
5,8134
4,8135
4,8137
31,8137
38,8139
46,8139
3,8140
23,8141
5,8142
7,8142
15,8146
3,8147
11,8147
38,8147
22,8151
32,8153
41,8154
24,8156
32,8163
10,8168
58,8172
52,8174
19,8177
24,8181
52,8181
26,8182
23,8185
48,8187
6,8188
21,8189
25,8190
4,8191
40,8191
34,8192
28,8193
15,8194
36,8194
9,8195
39,8200
6,8202
46,8202
9,8203
39,8204
48,8204
54,8205
27,8206
31,8207
49,8208
3,8209
38,8209
52,8210
4,8211
58,8211
60,8212
1,8213
18,8213
27,8213
1,8214
5,8214
2,8215
5,8215
1,8216
3,8216
34,8216
57,8216
2,8217
4,8217
38,8217
2,8218
15,8218
39,8220
55,8220
55,8225
44,8226
27,8227
11,8228
51,8230
3,8231
4,8232
48,8232
30,8235
5,8238
12,8239
10,8240
5,8244
34,8244
3,8246
47,8246
15,8247
28,8247
4,8248
19,8249
48,8250
50,8251
34,8253
20,8254
37,8256
39,8259
45,8259
14,8263
6,8265
33,8265
1,8266
1,8267
11,8268
2,8272
24,8272
2,8273
6,8275
1,8276
2,8278
42,8278
46,8279
58,8279
20,8281
12,8283
37,8284
6,8287
42,8287
3,8288
9,8288
4,8289
22,8289
44,8289
47,8289
53,8289
9,8290
4,8292
51,8293
26,8295
5,8297
5,8299
4,8300
3,8304
48,8304
46,8305
58,8307
8,8308
17,8313
3,8314
4,8315
36,8316
3,8317
8,8317
39,8317
46,8317
42,8318
5,8320
40,8320
4,8321
35,8321
5,8322
8,8322
3,8326
30,8326
39,8326
51,8326
56,8326
58,8327
33,8329
4,8330
22,8330
5,8332
4,8333
21,8333
3,8334
2,8336
5,8337
33,8338
50,8338
41,8339
57,8342
36,8343
30,8346
10,8348
30,8350
47,8350
27,8351
51,8353
26,8354
1,8355
7,8355
19,8358
16,8362
53,8364
14,8366
36,8366
37,8367
1,8369
3,8369
8,8371
54,8371
50,8373
4,8374
12,8374
6,8375
22,8375
4,8376
1,8377
5,8378
2,8379
24,8379
8,8380
3,8381
5,8382
1,8383
2,8385
2,8386
31,8387
50,8390
40,8392
49,8398
14,8402
1,8404
52,8404
2,8407
3,8407
5,8409
1,8410
2,8411
1,8412
52,8412
15,8413
31,8413
25,8415
48,8415
2,8416
4,8416
27,8416
38,8416
4,8419
3,8420
5,8421
51,8424
20,8425
22,8425
28,8426
28,8428
29,8429
36,8433
43,8433
54,8433
55,8434
36,8435
48,8439
3,8440
37,8440
50,8443
54,8443
4,8444
33,8444
35,8444
31,8445
3,8447
50,8448
4,8451
22,8452
55,8452
1,8453
15,8454
60,8455
2,8457
5,8457
1,8458
5,8458
56,8458
2,8459
1,8462
2,8463
10,8463
23,8463
41,8466
50,8467
49,8468
6,8471
40,8473
1,8479
1,8481
2,8483
6,8484
1,8485
28,8487
47,8487
2,8488
2,8489
49,8490
7,8493
8,8493
33,8496
42,8496
54,8498
25,8499
29,8500
30,8502
45,8504
6,8505
30,8505
3,8506
4,8507
31,8510
5,8512
54,8512
4,8515
21,8517
3,8519
34,8520
56,8520
5,8522
58,8522
3,8524
4,8527
4,8528
46,8528
3,8529
5,8530
5,8531
37,8533
54,8533
24,8534
49,8535
6,8542
51,8543
15,8544
11,8545
58,8546
35,8548
48,8548
59,8548
17,8549
51,8549
16,8550
40,8551
1,8554
1,8556
51,8556
2,8557
19,8557
1,8559
3,8559
50,8559
18,8560
47,8561
2,8562
5,8562
13,8562
2,8563
27,8565
44,8565
4,8566
4,8570
19,8572
12,8573
18,8575
31,8576
5,8577
3,8581
51,8582
17,8584
41,8586
29,8587
52,8587
18,8588
47,8589
52,8591
51,8599
1,8600
1,8601
22,8602
2,8606
2,8607
20,8608
27,8608
1,8610
53,8611
2,8612
38,8612
23,8613
42,8613
46,8613
2,8614
37,8614
48,8614
17,8616
34,8617
8,8618
11,8618
10,8619
51,8619
53,8621
23,8624
10,8627
50,8627
33,8628
36,8628
1,8630
28,8631
37,8631
38,8631
46,8633
2,8637
53,8638
3,8639
49,8639
5,8640
58,8640
4,8641
17,8643
1,8644
3,8644
1,8645
5,8645
28,8645
2,8646
18,8646
41,8646
43,8647
50,8647
4,8648
33,8648
59,8648
2,8649
1,8653
16,8655
41,8655
22,8656
47,8656
2,8657
34,8657
1,8658
38,8659
2,8660
24,8660
36,8660
1,8662
3,8662
2,8663
5,8663
19,8663
4,8664
47,8664
3,8666
30,8666
1,8667
5,8667
11,8667
52,8667
12,8668
31,8671
11,8672
4,8674
50,8674
48,8680
2,8683
35,8683
47,8683
6,8685
28,8685
11,8686
21,8686
31,8690
30,8691
42,8693
22,8694
33,8694
30,8699
17,8701
20,8701
52,8704
26,8707
41,8707
35,8708
9,8709
60,8711
13,8711
15,8711
57,8711
29,8713
53,8714
34,8715
10,8718
44,8719
36,8721
58,8721
1,8722
18,8722
1,8723
2,8724
1,8726
10,8726
32,8726
2,8727
43,8729
2,8730
5,8730
10,8731
6,8735
10,8736
9,8737
36,8738
1,8739
1,8743
35,8743
6,8746
55,8746
31,8747
2,8748
11,8748
1,8749
8,8749
34,8749
2,8751
50,8755
2,8756
17,8756
1,8758
2,8759
1,8761
23,8761
38,8761
1,8762
19,8762
11,8763
2,8764
40,8764
51,8764
12,8765
2,8766
50,8766
15,8767
54,8768
23,8769
12,8770
24,8770
34,8771
47,8771
42,8772
60,8773
29,8773
3,8774
42,8775
48,8775
41,8777
59,8777
5,8778
4,8779
28,8779
3,8781
7,8781
25,8782
47,8782
4,8784
9,8785
27,8788
5,8790
25,8790
20,8796
28,8798
47,8805
26,8808
36,8809
50,8809
8,8813
19,8816
33,8817
21,8819
42,8821
15,8822
24,8825
30,8826
42,8826
43,8828
9,8829
19,8830
12,8832
21,8832
20,8835
53,8842
3,8846
30,8849
5,8850
6,8851
4,8852
7,8852
9,8853
33,8854
60,8855
5,8856
25,8857
29,8859
46,8859
26,8860
21,8861
23,8861
3,8862
28,8862
4,8863
10,8864
54,8866
36,8867
55,8869
59,8872
54,8874
54,8878
17,8879
27,8879
54,8879
57,8881
1,8882
60,8883
2,8890
18,8890
26,8893
1,8894
1,8895
5,8895
25,8895
2,8896
22,8897
52,8897
2,8899
53,8899
43,8901
1,8905
7,8905
27,8905
11,8906
1,8907
2,8908
2,8909
45,8909
48,8910
1,8912
39,8912
54,8913
58,8913
2,8914
21,8917
26,8918
46,8922
30,8924
16,8925
14,8928
31,8929
1,8930
17,8930
2,8931
1,8932
2,8933
1,8934
12,8934
24,8935
51,8936
2,8940
28,8940
45,8942
8,8945
31,8947
57,8951
36,8952
56,8953
46,8955
3,8956
4,8957
45,8958
5,8959
55,8959
57,8959
54,8960
4,8962
3,8965
14,8965
5,8966
37,8968
35,8969
29,8970
54,8971
26,8974
20,8975
8,8976
3,8977
5,8980
30,8980
2,8982
49,8982
1,8983
5,8983
1,8984
4,8985
5,8985
3,8986
6,8986
5,8988
46,8988
44,8989
4,8990
2,8991
2,8994
18,8994
58,8994
1,8996
2,8997
37,8997
56,8997
37,8998
15,9000
52,9001
1,9012
38,9012
1,9013
53,9013
13,9014
39,9014
2,9015
45,9015
1,9017
41,9017
2,9019
22,9020
55,9020
2,9021
3,9021
14,9023
22,9024
54,9024
4,9025
56,9025
40,9026
3,9027
5,9028
4,9029
5,9031
22,9034
50,9035
60,9039
14,9040
48,9047
16,9048
18,9050
3,9054
4,9055
22,9055
25,9056
5,9057
53,9058
1,9060
5,9060
31,9060
2,9061
4,9061
42,9061
1,9062
3,9062
51,9062
2,9063
23,9063
35,9063
1,9064
45,9064
2,9066
56,9066
58,9066
18,9069
28,9070
44,9070
24,9071
35,9072
52,9074
48,9075
31,9076
24,9078
49,9078
1,9080
31,9080
1,9082
21,9082
30,9082
31,9082
2,9083
50,9083
49,9084
13,9085
23,9085
1,9087
2,9089
42,9089
2,9090
3,9091
18,9091
59,9091
4,9092
5,9094
41,9094
54,9096
11,9097
3,9098
8,9098
39,9099
1,9100
1,9102
5,9102
2,9103
4,9103
29,9104
49,9104
1,9105
11,9105
59,9105
2,9106
27,9107
60,9109
45,9109
58,9112
2,9114
38,9114
45,9119
36,9120
3,9121
7,9121
20,9121
4,9123
52,9124
4,9125
1,9126
21,9127
3,9128
2,9129
1,9130
52,9130
2,9131
11,9131
1,9132
5,9132
5,9133
16,9136
2,9138
11,9138
18,9139
49,9139
32,9143
34,9143
15,9144
37,9145
41,9147
26,9148
31,9148
47,9148
29,9149
58,9150
27,9154
5,9156
11,9159
21,9159
17,9160
42,9160
22,9162
50,9162
51,9162
7,9164
30,9167
10,9169
27,9173
26,9174
43,9174
31,9175
41,9176
6,9179
17,9179
21,9179
60,9180
3,9181
1,9182
4,9183
43,9183
3,9184
58,9184
5,9185
22,9185
4,9187
10,9187
51,9188
32,9189
35,9190
35,9191
26,9193
5,9194
36,9194
21,9195
47,9196
58,9198
18,9202
34,9203
17,9208
6,9209
56,9209
30,9212
46,9212
35,9213
42,9214
22,9216
33,9225
34,9225
36,9226
52,9227
46,9230
35,9231
45,9234
9,9236
45,9238
44,9239
37,9242
3,9243
15,9246
5,9247
4,9249
54,9249
4,9250
42,9250
50,9250
13,9251
35,9251
31,9252
5,9253
3,9255
6,9255
31,9255
36,9255
54,9256
56,9256
37,9257
23,9259
10,9260
15,9260
3,9261
4,9262
51,9262
47,9263
4,9265
49,9267
5,9268
38,9270
3,9271
29,9271
36,9271
58,9271
5,9272
21,9272
60,9279
2,9280
30,9281
51,9282
39,9283
44,9284
14,9286
29,9286
39,9286
18,9288
32,9288
30,9290
38,9290
2,9294
59,9295
1,9296
48,9296
50,9296
2,9297
60,9298
35,9298
55,9298
1,9299
2,9300
29,9300
34,9300
1,9302
2,9303
38,9305
44,9305
49,9305
23,9306
17,9307
34,9307
40,9308
11,9311
39,9311
14,9313
49,9313
33,9315
3,9317
11,9317
17,9317
4,9318
3,9319
38,9322
28,9323
4,9324
5,9326
6,9326
5,9329
39,9329
31,9330
47,9330
7,9331
58,9331
1,9332
37,9332
34,9333
38,9333
37,9335
1,9337
2,9338
39,9338
2,9340
1,9341
2,9343
43,9347
46,9347
58,9347
40,9350
13,9351
58,9351
30,9354
22,9355
35,9357
1,9362
43,9363
18,9364
18,9365
20,9365
23,9365
2,9366
1,9368
1,9369
22,9369
2,9370
2,9371
31,9371
11,9375
25,9378
3,9384
5,9388
5,9389
4,9390
19,9390
11,9392
3,9393
4,9396
38,9396
54,9400
31,9404
4,9406
17,9408
54,9410
14,9412
7,9415
23,9417
53,9418
49,9420
12,9423
58,9425
28,9426
26,9430
39,9431
1,9434
1,9435
2,9436
2,9437
1,9439
47,9439
59,9439
2,9440
9,9440
16,9441
22,9442
24,9445
53,9446
16,9447
14,9449
3,9451
19,9452
4,9453
13,9453
3,9454
4,9455
15,9455
51,9455
5,9456
40,9456
42,9457
5,9460
11,9460
54,9460
22,9461
6,9462
38,9468
7,9469
8,9469
6,9473
10,9479
12,9479
26,9482
3,9486
27,9487
53,9488
42,9489
60,9491
27,9491
32,9491
35,9491
52,9493
19,9498
32,9498
4,9503
32,9503
37,9503
27,9504
56,9504
38,9508
15,9514
49,9514
49,9515
16,9517
15,9520
17,9520
38,9520
39,9520
55,9525
47,9527
7,9533
40,9533
23,9535
16,9537
14,9538
32,9539
44,9539
13,9541
27,9541
8,9542
9,9542
8,9544
26,9544
52,9544
52,9545
30,9546
16,9551
47,9557
44,9559
1,9560
1,9562
29,9562
44,9562
57,9563
22,9564
2,9565
3,9565
4,9566
1,9567
55,9567
2,9568
5,9568
2,9569
4,9569
9,9571
34,9572
5,9575
3,9577
25,9577
30,9578
52,9579
49,9581
51,9584
11,9587
6,9598
13,9599
16,9600
42,9600
45,9600
49,9600
10,9601
29,9608
59,9610
43,9611
11,9613
6,9616
50,9616
17,9619
32,9621
3,9627
17,9628
29,9628
23,9630
32,9632
48,9632
33,9633
19,9639
23,9641
55,9641
11,9643
12,9643
19,9651
53,9653
3,9657
18,9657
43,9658
9,9660
16,9660
29,9662
39,9662
56,9665
36,9667
6,9668
30,9670
16,9671
24,9673
21,9677
31,9677
12,9678
18,9679
40,9680
47,9681
28,9685
27,9686
50,9687
14,9696
16,9699
44,9699
9,9704
29,9704
30,9706
30,9707
6,9708
27,9709
36,9709
59,9712
57,9715
31,9719
36,9720
47,9720
42,9728
53,9728
57,9728
59,9728
6,9735
1,9736
2,9737
34,9738
54,9740
1,9741
18,9742
1,9743
2,9744
25,9744
2,9745
46,9746
46,9748
23,9750
50,9750
28,9751
59,9753
49,9756
53,9758
9,9760
6,9763
28,9765
57,9765
52,9766
20,9771
1,9773
53,9774
60,9775
24,9776
35,9776
58,9776
2,9777
39,9777
1,9778
3,9779
19,9779
22,9780
51,9781
1,9783
23,9784
47,9785
2,9787
2,9788
24,9788
51,9789
3,9790
16,9790
41,9791
43,9791
4,9792
5,9793
44,9793
12,9794
3,9795
52,9795
39,9797
28,9798
47,9799
5,9800
4,9801
21,9801
8,9804
25,9808
7,9810
28,9812
18,9815
36,9818
39,9819
13,9822
55,9827
28,9828
50,9834
21,9835
8,9836
14,9836
15,9841
39,9843
3,9846
14,9846
24,9846
25,9847
16,9848
4,9849
46,9849
3,9850
52,9850
4,9851
6,9851
5,9852
5,9853
19,9855
1,9857
19,9857
37,9857
1,9859
22,9859
18,9860
23,9860
42,9863
2,9864
36,9865
11,9866
42,9866
1,9867
2,9868
2,9869
32,9870
19,9873
19,9874
57,9875
19,9878
37,9878
38,9884
16,9885
20,9886
11,9888
50,9888
12,9889
30,9889
30,9890
21,9893
23,9893
38,9895
50,9895
31,9897
15,9899
32,9900
37,9902
29,9909
25,9911
54,9911
31,9912
45,9914
3,9915
4,9916
33,9916
44,9916
4,9917
5,9918
6,9918
60,9919
13,9919
46,9919
60,9920
5,9920
1,9921
3,9921
17,9921
2,9923
23,9926
1,9928
1,9930
3,9930
5,9931
31,9931
4,9932
44,9932
5,9933
2,9935
25,9936
41,9936
2,9938
3,9938
7,9938
18,9938
11,9939
4,9940
8,9940
15,9940
1,9941
48,9943
53,9943
2,9944
32,9944
31,9945
9,9946
1,9950
17,9950
60,9952
2,9956
32,9956
1,9957
2,9958
8,9960
43,9962
12,9963
14,9963
22,9963
1,9966
7,9966
2,9967
54,9968
13,9969
48,9971
1,9975
55,9975
2,9979
59,9979
56,9982
1,9983
38,9983
50,9984
58,9984
2,9988
17,9990
41,9990
44,9990
47,9990
18,9996
56,9997
3,9999
