9,4
42,5
55,8
51,11
22,12
60,13
7,14
29,14
48,15
23,18
12,23
53,27
13,28
51,28
31,29
6,32
46,32
50,33
11,34
26,34
5,35
7,36
36,38
3,45
5,46
57,46
4,47
5,50
4,51
3,52
14,53
9,54
10,54
32,54
21,58
43,58
40,59
57,59
18,60
60,61
47,61
22,68
45,72
23,74
31,75
55,82
29,83
20,87
34,87
43,87
45,87
6,88
23,88
51,91
42,96
42,97
25,98
50,100
54,102
27,107
56,109
13,113
6,114
27,115
13,117
39,118
60,120
31,120
45,120
3,121
36,124
52,124
23,128
53,136
53,137
37,139
55,139
60,140
5,140
58,141
59,141
14,144
17,145
42,146
60,147
57,147
29,149
20,150
29,151
22,153
51,154
27,155
29,155
8,156
26,159
38,159
49,159
52,159
48,160
8,170
40,172
1,174
1,177
28,179
2,181
43,181
1,182
25,182
55,182
2,183
2,184
58,184
60,187
43,188
49,188
10,190
41,191
27,192
48,192
3,194
5,195
39,196
5,197
30,197
43,197
4,198
50,199
52,199
4,200
3,201
33,203
47,203
35,205
13,207
22,207
27,207
35,207
1,211
1,212
18,213
2,214
11,215
1,217
58,217
3,218
28,218
12,219
38,219
60,226
2,227
8,228
2,229
35,229
32,232
19,234
47,234
14,235
18,235
29,237
56,237
60,239
3,242
54,242
5,243
5,244
4,245
16,245
25,246
46,246
7,247
4,248
32,248
32,249
36,249
35,250
55,250
3,253
22,253
23,255
46,255
51,257
8,260
45,261
60,266
29,267
38,270
13,271
43,276
32,278
33,280
16,281
41,281
53,282
38,283
52,285
54,286
8,287
8,298
52,300
9,304
35,304
8,307
10,307
54,307
33,310
51,310
37,311
17,313
24,314
7,320
44,321
9,322
50,323
26,324
3,326
41,326
4,327
20,327
5,329
51,329
5,331
3,334
21,338
4,339
21,339
49,343
19,349
28,350
22,351
56,352
9,356
53,359
59,361
26,362
23,365
42,365
49,366
1,368
53,368
39,369
1,370
2,372
48,376
50,377
59,377
15,378
1,379
13,379
32,379
2,380
11,380
14,382
2,383
16,383
21,384
3,386
4,387
35,388
5,389
50,389
3,390
46,394
42,396
5,397
14,397
18,398
59,398
60,400
4,400
36,400
23,401
54,401
3,408
15,408
5,410
21,410
51,410
4,411
4,412
53,413
8,414
50,414
5,415
3,416
60,417
34,418
50,419
45,422
9,425
59,425
57,426
1,427
13,427
31,428
1,429
2,430
1,431
48,431
2,432
2,433
31,433
47,433
45,435
39,439
16,440
27,440
41,440
15,442
44,442
35,443
49,443
3,449
20,451
13,453
1,454
1,458
2,459
56,459
1,460
3,460
2,461
41,461
2,463
4,463
5,465
3,466
19,466
22,467
33,467
7,468
38,468
5,469
4,470
25,471
6,472
46,472
52,472
32,473
43,481
3,484
4,485
18,485
23,485
5,486
35,486
10,487
6,488
36,488
4,489
39,489
5,492
51,492
17,493
3,494
55,496
3,498
16,498
21,498
4,499
11,499
44,499
3,501
4,502
17,502
5,503
5,506
13,506
46,510
32,514
52,521
55,529
42,531
26,533
6,537
12,537
30,539
47,539
16,540
25,540
30,540
35,542
52,543
50,544
24,545
19,546
36,546
40,548
1,550
40,557
58,558
60,559
53,559
41,560
55,561
32,565
32,566
43,567
12,569
42,569
51,569
15,570
39,570
57,570
1,572
9,572
47,573
2,574
30,575
59,576
1,577
45,577
1,578
2,579
2,580
10,581
12,581
24,587
25,597
39,597
14,598
10,602
8,603
25,605
11,611
17,617
3,618
41,618
5,619
5,620
4,621
11,621
44,621
3,622
4,623
3,624
8,626
5,629
4,630
8,631
12,631
8,633
60,634
3,634
11,635
31,635
4,636
39,638
5,639
15,639
53,641
1,642
15,643
47,643
55,643
16,644
57,645
2,647
28,648
1,649
41,649
2,650
1,651
2,652
26,652
30,656
44,658
48,660
23,661
60,662
56,668
17,670
20,673
26,673
41,675
52,675
53,675
32,677
18,678
27,678
22,679
50,682
56,683
20,684
44,687
51,687
1,690
21,691
2,693
22,693
1,694
9,695
12,695
18,695
2,697
11,701
1,702
35,703
58,703
10,704
23,704
2,706
48,706
1,708
18,708
1,709
47,710
38,711
2,714
25,714
40,714
2,717
1,720
55,720
9,721
14,721
2,722
33,722
35,726
21,727
1,728
22,729
23,730
47,730
42,732
11,736
49,736
6,737
9,738
27,738
42,739
14,742
58,742
60,743
17,744
31,744
4,746
43,747
51,752
7,755
10,755
14,756
39,757
20,760
13,761
15,761
24,761
45,762
36,765
6,767
21,767
43,768
39,769
6,771
24,772
4,773
7,773
15,773
15,775
34,775
45,778
1,779
1,780
38,780
10,781
2,782
4,782
45,782
41,786
2,787
41,787
46,787
33,788
1,789
24,789
2,790
33,790
37,790
46,791
20,792
30,793
42,793
12,794
5,796
37,800
52,803
34,805
1,807
47,807
2,808
1,811
52,811
1,813
2,814
45,815
7,816
2,817
51,819
17,820
28,820
15,827
22,830
56,830
14,831
46,831
49,832
19,833
55,833
47,835
8,837
56,838
11,849
31,849
13,854
34,855
40,857
4,858
12,861
8,862
38,862
1,863
2,864
14,864
1,865
15,866
36,866
2,867
51,867
1,868
2,869
30,872
43,872
53,872
55,872
48,875
55,876
54,877
39,880
44,881
50,881
54,881
9,882
47,883
31,886
39,891
46,892
54,894
43,895
56,895
55,896
56,898
14,900
31,902
18,904
1,905
57,907
1,908
28,909
54,909
2,911
1,912
2,915
2,916
1,920
2,922
50,922
1,923
13,923
49,923
1,924
57,925
2,926
2,927
15,929
22,931
42,931
45,934
36,935
25,937
53,937
3,938
24,938
49,938
4,939
24,939
42,939
43,940
3,941
5,942
8,942
4,943
53,944
5,945
22,946
46,949
46,950
17,951
11,956
12,957
14,958
24,962
38,963
11,964
1,965
2,966
47,967
1,968
2,969
13,970
37,970
1,972
3,972
2,973
4,973
33,977
18,978
55,978
21,979
4,981
10,981
3,982
5,985
5,986
45,986
18,990
58,991
33,995
18,999
29,1001
21,1002
41,1002
49,1003
12,1007
10,1008
49,1008
39,1010
3,1012
5,1014
4,1015
46,1016
51,1016
25,1018
57,1018
4,1019
50,1019
33,1020
5,1022
3,1023
6,1023
49,1024
49,1026
54,1030
12,1031
15,1034
19,1037
43,1037
50,1040
55,1044
15,1046
14,1047
2,1048
20,1050
53,1050
48,1051
52,1054
14,1055
42,1060
56,1060
22,1062
26,1063
55,1063
11,1064
27,1064
1,1066
14,1066
1,1067
2,1070
1,1071
2,1072
2,1073
48,1073
27,1074
1,1078
26,1078
2,1079
31,1080
1,1081
2,1082
38,1082
46,1082
1,1083
15,1083
35,1083
2,1084
42,1085
51,1088
42,1089
55,1092
6,1093
47,1093
54,1094
57,1095
15,1096
41,1100
27,1101
38,1101
29,1106
32,1107
39,1109
60,1112
10,1114
23,1114
31,1115
41,1115
52,1115
28,1116
6,1117
21,1118
28,1124
10,1125
15,1126
1,1128
1,1129
2,1130
10,1130
49,1131
34,1134
1,1135
2,1136
15,1136
38,1136
57,1136
16,1137
2,1140
18,1140
22,1140
35,1140
58,1143
34,1144
48,1144
33,1146
1,1147
51,1148
24,1150
44,1150
2,1151
1,1152
24,1152
26,1152
2,1154
31,1155
43,1156
52,1158
13,1160
33,1161
39,1162
1,1163
11,1163
2,1164
35,1164
42,1165
59,1165
6,1168
23,1168
41,1171
26,1175
59,1175
47,1179
56,1181
41,1184
14,1187
6,1189
23,1191
60,1192
17,1193
28,1193
44,1194
16,1195
18,1197
23,1197
37,1203
10,1204
42,1205
44,1206
47,1207
45,1209
22,1212
30,1213
52,1215
14,1221
60,1223
10,1223
7,1228
23,1231
34,1232
53,1232
54,1232
28,1234
23,1238
22,1243
36,1244
47,1247
21,1249
3,1250
23,1250
5,1251
17,1251
4,1254
14,1255
3,1257
5,1258
60,1259
4,1259
14,1259
10,1266
29,1268
20,1272
6,1273
12,1276
12,1277
33,1279
10,1280
18,1280
9,1281
15,1281
29,1283
37,1283
11,1284
45,1286
24,1290
17,1294
55,1295
33,1299
18,1303
20,1304
22,1304
28,1307
51,1307
39,1308
22,1309
26,1309
7,1310
41,1311
53,1311
39,1315
7,1316
22,1321
13,1325
50,1325
60,1327
43,1329
46,1331
3,1332
25,1332
4,1334
3,1335
16,1335
32,1335
4,1336
27,1338
5,1339
5,1341
36,1344
31,1352
18,1353
20,1354
36,1355
12,1356
24,1357
46,1357
51,1359
58,1359
24,1362
11,1364
11,1365
15,1365
8,1367
39,1367
51,1369
51,1371
4,1374
22,1375
26,1376
1,1378
2,1380
1,1382
12,1384
1,1385
14,1385
42,1385
51,1385
6,1386
2,1387
2,1389
23,1391
34,1393
39,1394
30,1396
47,1396
8,1398
28,1398
44,1400
21,1404
12,1405
36,1407
56,1407
56,1410
58,1411
8,1413
14,1415
36,1415
58,1416
37,1422
23,1426
40,1428
3,1434
5,1435
18,1435
4,1436
3,1438
5,1439
44,1440
4,1442
7,1443
10,1446
46,1446
12,1447
19,1447
13,1449
19,1451
53,1451
33,1452
51,1453
46,1455
11,1456
56,1459
16,1465
44,1466
34,1467
35,1469
6,1471
29,1471
19,1481
52,1483
58,1484
18,1486
1,1487
6,1487
2,1488
51,1488
60,1489
13,1489
41,1489
1,1491
18,1492
1,1493
18,1493
46,1494
2,1496
12,1496
2,1497
1,1498
1,1499
51,1499
58,1499
2,1500
35,1500
46,1500
2,1502
1,1503
18,1507
45,1507
2,1508
18,1508
54,1508
48,1511
49,1514
44,1516
57,1517
58,1517
22,1518
45,1518
50,1519
42,1523
29,1525
59,1525
6,1526
21,1526
39,1527
37,1528
7,1530
27,1530
43,1530
12,1534
44,1534
48,1538
31,1539
2,1542
25,1545
25,1546
11,1552
24,1554
7,1555
47,1557
53,1558
6,1559
54,1562
49,1567
10,1568
28,1570
45,1571
14,1573
55,1576
15,1581
44,1584
13,1585
16,1590
49,1590
37,1591
4,1592
8,1593
23,1593
7,1595
16,1599
20,1600
36,1600
59,1600
19,1603
25,1603
32,1610
60,1612
47,1612
14,1614
7,1617
20,1618
50,1618
43,1622
33,1623
14,1624
24,1624
26,1624
52,1628
18,1630
53,1631
33,1634
57,1636
28,1637
58,1638
9,1642
40,1642
47,1642
59,1647
47,1648
18,1649
41,1649
47,1649
55,1649
21,1650
9,1651
55,1652
6,1654
24,1655
15,1656
17,1658
11,1663
36,1664
28,1665
31,1668
25,1671
40,1671
28,1673
22,1675
54,1675
46,1676
11,1677
16,1677
10,1678
24,1678
15,1680
15,1683
19,1686
48,1686
25,1689
38,1692
48,1693
37,1697
17,1701
48,1701
8,1702
42,1703
15,1706
22,1706
43,1706
54,1708
1,1715
1,1718
11,1719
42,1720
30,1721
32,1721
2,1722
23,1722
40,1724
1,1726
2,1727
45,1727
2,1728
14,1728
31,1728
1,1729
16,1731
10,1733
14,1733
25,1737
53,1738
10,1741
23,1742
60,1743
43,1744
16,1746
25,1746
22,1750
16,1754
19,1754
29,1754
44,1755
3,1757
24,1758
21,1759
52,1759
5,1761
19,1763
8,1764
46,1765
55,1765
21,1769
30,1769
30,1772
34,1773
18,1782
2,1784
18,1785
49,1785
50,1792
35,1793
15,1794
56,1796
57,1796
46,1797
57,1798
23,1799
60,1803
50,1807
29,1809
43,1809
39,1811
53,1812
12,1814
29,1817
60,1820
50,1820
21,1821
40,1824
50,1824
46,1828
47,1828
43,1833
44,1838
23,1839
46,1839
28,1842
30,1845
35,1847
11,1849
35,1853
58,1853
59,1857
27,1863
60,1865
19,1866
30,1866
37,1867
22,1869
29,1870
48,1870
55,1872
57,1875
19,1876
19,1877
28,1877
19,1878
30,1878
19,1879
45,1880
1,1881
1,1882
41,1883
2,1885
7,1885
2,1886
29,1886
1,1888
16,1888
25,1888
2,1889
11,1889
26,1889
41,1889
8,1898
10,1898
30,1899
57,1901
56,1902
34,1904
23,1907
37,1908
12,1909
23,1909
27,1909
26,1910
34,1911
23,1914
44,1914
28,1915
10,1916
45,1920
43,1926
52,1926
28,1927
54,1931
25,1933
9,1940
23,1940
8,1942
24,1944
18,1945
29,1945
47,1945
31,1947
39,1947
1,1948
1,1949
2,1950
1,1953
2,1954
2,1955
55,1955
43,1956
60,1958
44,1958
19,1962
56,1965
49,1966
41,1968
19,1969
26,1969
3,1970
8,1970
5,1972
7,1972
48,1973
1,1974
4,1974
1,1975
5,1975
2,1977
4,1977
31,1977
1,1979
6,1979
26,1979
3,1980
10,1980
2,1981
2,1983
3,1984
4,1984
38,1984
25,1985
4,1987
16,1987
3,1989
59,1991
26,1992
4,1993
5,1994
56,1996
5,1999
30,2001
27,2002
39,2003
42,2009
58,2009
41,2010
27,2011
46,2011
11,2013
16,2013
23,2013
48,2013
11,2014
24,2014
30,2014
44,2015
59,2015
14,2016
16,2017
30,2017
6,2018
11,2022
25,2022
14,2025
58,2033
53,2034
3,2036
21,2036
49,2036
23,2037
5,2038
8,2038
4,2039
6,2039
30,2039
4,2040
3,2043
18,2044
31,2044
5,2045
43,2046
58,2051
28,2056
60,2060
32,2063
1,2065
2,2066
26,2066
1,2067
36,2067
35,2068
58,2068
2,2069
1,2070
2,2072
52,2072
1,2075
22,2076
1,2077
28,2077
46,2078
2,2079
33,2079
1,2080
2,2081
2,2082
36,2085
11,2087
13,2088
44,2090
20,2091
1,2093
58,2094
2,2096
1,2097
1,2098
2,2099
55,2099
10,2100
2,2101
57,2106
12,2107
47,2108
23,2110
21,2111
1,2114
2,2115
23,2115
1,2116
56,2116
1,2117
3,2117
2,2119
17,2119
43,2120
2,2121
11,2121
12,2122
14,2123
4,2124
5,2125
17,2125
3,2126
1,2127
55,2128
30,2129
1,2130
2,2132
1,2133
5,2133
58,2134
2,2135
4,2135
39,2135
2,2137
15,2141
7,2143
3,2146
4,2147
3,2149
5,2151
29,2151
4,2152
43,2152
5,2153
47,2153
21,2155
42,2156
55,2156
43,2158
55,2159
40,2160
53,2161
54,2162
38,2164
17,2165
11,2166
35,2166
3,2170
16,2170
5,2171
5,2172
4,2174
14,2174
4,2175
41,2175
60,2176
8,2176
3,2177
12,2178
3,2179
17,2182
58,2183
56,2184
60,2185
35,2185
23,2186
36,2186
47,2188
59,2189
30,2190
50,2191
3,2193
4,2196
34,2196
4,2197
5,2198
35,2198
44,2198
5,2200
8,2200
29,2200
43,2200
3,2201
6,2204
15,2204
41,2205
44,2207
6,2211
1,2214
19,2215
52,2216
1,2217
23,2217
52,2217
44,2219
2,2220
2,2221
37,2221
1,2223
25,2225
2,2226
14,2231
46,2233
51,2234
34,2236
17,2244
19,2247
18,2252
8,2253
50,2254
9,2255
31,2255
10,2261
20,2264
25,2265
54,2265
8,2269
21,2269
51,2269
51,2274
57,2281
46,2282
47,2282
48,2284
27,2288
26,2289
58,2290
10,2291
34,2292
3,2296
51,2296
4,2299
22,2299
4,2300
3,2301
5,2303
5,2306
41,2307
11,2308
22,2309
32,2312
21,2315
33,2318
41,2319
43,2320
39,2322
57,2326
33,2328
41,2330
13,2331
32,2333
39,2334
14,2335
36,2337
28,2338
35,2341
47,2341
40,2342
27,2343
60,2344
59,2344
42,2347
50,2347
37,2348
40,2348
53,2352
54,2352
1,2353
14,2353
56,2354
2,2356
3,2356
4,2357
51,2357
1,2360
21,2361
5,2362
6,2362
2,2364
17,2364
58,2364
1,2365
5,2365
55,2365
2,2366
4,2366
3,2367
12,2367
30,2367
44,2368
25,2370
43,2370
26,2373
48,2373
13,2376
44,2376
26,2379
49,2379
27,2382
8,2386
46,2388
3,2389
4,2393
5,2394
44,2395
4,2396
3,2399
28,2400
5,2401
44,2401
19,2404
39,2407
47,2411
57,2415
15,2417
21,2417
35,2417
38,2425
53,2426
54,2426
55,2426
57,2427
16,2433
53,2436
60,2437
15,2438
17,2441
39,2448
34,2454
17,2460
38,2464
25,2468
6,2469
22,2473
35,2473
52,2475
29,2478
44,2478
24,2483
59,2487
15,2488
14,2489
44,2493
39,2497
42,2497
1,2498
11,2498
1,2499
3,2499
37,2499
2,2500
11,2500
34,2500
1,2501
4,2501
44,2501
4,2503
2,2505
7,2506
2,2507
5,2507
5,2508
56,2508
4,2509
3,2510
35,2510
42,2513
19,2514
7,2516
19,2516
23,2517
44,2517
29,2520
34,2527
15,2528
8,2529
56,2530
17,2532
3,2533
5,2534
5,2536
4,2538
3,2539
4,2540
9,2542
59,2542
58,2543
56,2544
6,2547
13,2548
27,2548
28,2548
40,2549
30,2550
3,2551
4,2553
56,2553
5,2554
18,2554
39,2554
5,2555
4,2558
33,2559
1,2560
3,2560
21,2560
58,2562
30,2564
45,2564
1,2567
2,2568
1,2570
49,2571
2,2572
38,2572
2,2574
11,2575
17,2575
45,2575
39,2576
59,2578
43,2579
24,2580
50,2581
51,2581
47,2585
16,2586
56,2586
58,2589
40,2592
8,2594
9,2594
17,2596
27,2596
48,2601
35,2603
9,2606
12,2611
24,2614
56,2615
34,2616
10,2621
31,2626
12,2629
42,2633
53,2633
51,2634
1,2635
2,2636
34,2636
1,2637
2,2639
1,2640
17,2640
32,2641
2,2642
30,2644
28,2645
54,2645
55,2646
27,2649
15,2650
10,2651
6,2655
29,2656
28,2661
48,2661
38,2664
2,2669
25,2669
44,2669
44,2670
27,2672
1,2673
15,2673
2,2676
1,2677
2,2680
1,2681
2,2682
52,2682
19,2683
48,2684
32,2685
35,2686
28,2692
41,2692
59,2693
56,2695
19,2698
44,2700
27,2702
21,2703
8,2706
39,2706
51,2707
50,2710
52,2711
14,2712
28,2712
32,2716
38,2720
21,2723
3,2724
44,2725
5,2726
8,2726
23,2726
5,2727
4,2728
18,2729
3,2731
4,2732
57,2734
58,2734
23,2735
52,2737
40,2742
43,2743
23,2744
59,2744
57,2746
3,2747
53,2747
5,2748
35,2748
4,2749
32,2749
5,2750
3,2752
17,2753
30,2753
58,2753
4,2755
39,2755
60,2757
6,2758
49,2759
9,2760
31,2761
47,2762
53,2763
13,2765
59,2765
15,2773
46,2774
46,2777
43,2778
28,2780
60,2781
57,2783
30,2784
39,2790
28,2793
28,2798
36,2802
51,2802
48,2803
19,2804
13,2805
45,2809
41,2811
26,2813
20,2814
38,2814
50,2814
59,2814
53,2815
10,2824
44,2824
55,2825
45,2826
50,2827
35,2829
59,2834
15,2836
14,2839
33,2839
52,2839
59,2840
39,2844
53,2846
40,2847
54,2849
53,2853
12,2854
47,2856
38,2857
7,2859
44,2859
40,2860
40,2862
29,2863
45,2865
27,2868
30,2868
22,2869
12,2871
52,2873
50,2874
6,2877
22,2880
17,2881
26,2883
57,2885
31,2887
3,2889
43,2890
54,2890
4,2891
5,2893
7,2893
25,2893
4,2894
52,2894
17,2895
34,2895
3,2897
5,2898
14,2899
37,2903
1,2906
1,2907
2,2910
3,2910
1,2911
4,2911
2,2912
5,2912
2,2913
8,2913
27,2914
5,2915
3,2917
12,2918
4,2919
3,2921
27,2921
5,2922
40,2922
4,2924
31,2924
4,2925
26,2925
50,2925
5,2927
3,2928
11,2928
47,2928
18,2929
39,2929
17,2931
35,2935
24,2936
45,2936
13,2937
27,2938
32,2940
29,2942
30,2944
41,2944
36,2945
11,2948
22,2954
36,2955
48,2959
52,2965
50,2968
46,2970
21,2971
48,2972
1,2973
2,2975
1,2976
2,2977
7,2977
1,2983
2,2984
17,2986
48,2989
41,2990
22,2992
56,2995
8,2999
24,2999
7,3003
17,3003
57,3007
38,3010
1,3015
2,3016
32,3017
45,3017
1,3018
1,3019
2,3020
2,3021
39,3021
52,3021
37,3023
41,3025
49,3029
39,3035
19,3039
3,3044
5,3045
4,3047
14,3047
5,3049
53,3049
34,3050
51,3051
3,3052
60,3054
30,3055
4,3056
36,3056
23,3059
38,3059
33,3063
27,3066
10,3070
20,3072
52,3074
1,3077
2,3078
58,3078
2,3079
33,3079
1,3080
6,3080
48,3080
42,3081
1,3082
2,3083
3,3083
58,3083
2,3085
4,3087
4,3088
18,3088
5,3089
10,3089
35,3089
42,3089
5,3090
42,3090
51,3090
35,3091
3,3094
23,3098
54,3100
1,3101
6,3101
46,3101
24,3103
1,3104
2,3105
7,3105
41,3105
2,3106
1,3107
8,3107
2,3108
10,3108
42,3108
1,3110
7,3110
2,3111
51,3111
25,3113
1,3114
40,3114
2,3115
1,3116
22,3116
2,3118
24,3119
45,3121
15,3123
13,3125
58,3125
13,3128
7,3134
37,3135
8,3136
32,3137
8,3139
42,3139
44,3139
18,3140
1,3141
48,3142
2,3143
56,3143
1,3146
1,3148
2,3149
5,3149
2,3152
43,3154
9,3159
46,3160
58,3160
50,3161
59,3165
7,3170
12,3170
32,3170
51,3176
6,3183
13,3183
31,3183
31,3184
42,3186
57,3188
20,3199
54,3200
13,3203
27,3205
32,3206
18,3210
3,3211
6,3211
4,3212
43,3212
5,3213
5,3214
3,3216
4,3217
8,3221
1,3223
1,3225
43,3226
2,3227
2,3229
20,3229
1,3230
4,3231
2,3232
23,3235
21,3237
1,3239
54,3240
2,3244
1,3245
33,3247
49,3248
2,3249
1,3250
56,3251
2,3252
11,3255
33,3255
53,3255
12,3258
24,3258
12,3259
18,3260
1,3261
1,3263
17,3263
2,3264
45,3265
1,3266
2,3267
2,3269
17,3269
34,3270
30,3273
17,3274
2,3278
39,3278
31,3280
55,3281
31,3284
1,3285
43,3285
2,3286
22,3287
1,3288
22,3289
1,3291
2,3294
2,3297
20,3297
6,3298
16,3299
46,3299
55,3301
7,3304
27,3304
41,3306
16,3308
7,3309
15,3309
26,3311
27,3312
39,3312
24,3313
40,3314
49,3315
27,3319
21,3321
29,3321
30,3321
33,3321
34,3321
44,3321
22,3323
42,3325
35,3328
40,3328
55,3328
60,3329
48,3331
55,3331
50,3336
40,3337
59,3338
58,3340
17,3343
24,3347
26,3349
16,3350
45,3356
36,3357
53,3360
3,3362
47,3366
22,3367
1,3369
4,3369
45,3369
2,3370
4,3370
1,3371
31,3371
2,3372
33,3372
52,3372
1,3375
3,3375
2,3376
5,3376
16,3376
5,3377
23,3377
60,3378
9,3378
31,3381
15,3384
55,3384
16,3385
18,3385
38,3385
20,3386
44,3386
36,3387
43,3387
59,3387
6,3398
16,3398
48,3398
12,3399
16,3399
19,3402
24,3404
34,3404
27,3408
32,3410
21,3411
14,3412
7,3416
42,3416
16,3417
47,3417
9,3418
28,3419
10,3420
3,3422
4,3423
5,3424
49,3424
52,3424
27,3425
5,3426
3,3427
4,3428
20,3429
11,3431
25,3431
26,3431
46,3436
51,3439
1,3440
2,3443
1,3444
14,3445
3,3446
5,3447
1,3448
23,3448
2,3449
5,3449
23,3449
31,3449
2,3450
4,3450
54,3450
3,3451
8,3452
34,3452
11,3454
29,3455
32,3456
4,3458
14,3458
13,3460
56,3464
13,3469
18,3477
53,3477
3,3478
4,3479
51,3479
4,3480
52,3480
5,3482
5,3483
49,3483
3,3484
46,3484
36,3489
6,3491
37,3493
1,3497
24,3497
1,3498
46,3498
2,3499
1,3500
10,3500
32,3500
34,3500
40,3500
3,3501
50,3501
2,3502
4,3502
2,3503
3,3503
26,3504
51,3504
4,3505
7,3505
1,3506
17,3506
59,3506
60,3507
2,3508
12,3508
1,3509
5,3509
5,3510
1,3511
2,3512
35,3512
60,3514
38,3514
2,3515
25,3517
54,3517
9,3518
30,3519
43,3520
24,3521
53,3522
13,3530
14,3530
41,3531
3,3533
5,3534
37,3537
4,3538
25,3539
52,3539
31,3540
47,3541
5,3543
3,3544
4,3546
37,3547
54,3547
1,3552
1,3553
19,3553
21,3553
52,3553
2,3554
6,3554
47,3555
32,3558
2,3559
8,3560
58,3560
51,3562
1,3563
58,3563
2,3564
39,3569
1,3571
2,3572
57,3572
22,3574
46,3574
1,3576
34,3576
1,3577
2,3578
2,3579
3,3581
57,3581
25,3582
26,3586
11,3587
36,3587
35,3589
39,3589
10,3593
16,3597
50,3598
44,3599
20,3601
42,3604
15,3606
14,3608
48,3609
20,3610
36,3615
32,3617
1,3618
27,3618
1,3619
31,3619
2,3620
51,3621
24,3622
2,3623
6,3624
1,3625
27,3625
2,3626
7,3627
10,3629
47,3634
53,3634
51,3636
42,3639
42,3642
1,3644
31,3645
40,3645
20,3646
2,3647
21,3647
1,3648
57,3648
1,3650
2,3651
23,3651
2,3652
11,3654
51,3655
57,3655
55,3656
58,3657
46,3658
37,3660
18,3661
41,3663
49,3663
49,3664
3,3665
25,3665
4,3666
1,3667
4,3667
5,3668
3,3669
21,3669
54,3669
5,3670
19,3670
1,3673
28,3673
20,3674
2,3675
1,3676
16,3676
20,3676
43,3676
52,3678
2,3680
2,3681
35,3684
20,3687
42,3687
31,3690
59,3696
20,3697
12,3699
16,3702
1,3704
26,3706
38,3706
1,3707
2,3709
2,3710
37,3712
46,3712
57,3712
1,3713
2,3715
60,3717
47,3717
36,3719
36,3720
47,3721
24,3723
42,3723
13,3727
24,3727
56,3729
57,3729
41,3730
25,3732
1,3733
43,3734
21,3736
50,3738
21,3740
29,3742
12,3744
3,3748
13,3748
4,3750
10,3750
4,3752
53,3752
3,3753
5,3755
5,3756
41,3756
56,3757
24,3758
49,3759
20,3761
3,3763
4,3764
29,3764
3,3765
20,3765
5,3768
58,3768
4,3769
18,3769
53,3771
5,3772
20,3772
16,3776
34,3777
52,3777
6,3778
13,3778
51,3782
34,3783
1,3786
8,3786
20,3786
48,3787
60,3789
1,3789
33,3789
34,3794
35,3794
32,3796
2,3798
32,3798
7,3800
2,3801
1,3803
25,3803
2,3804
43,3806
46,3809
17,3810
27,3811
35,3811
47,3814
48,3814
3,3815
11,3815
5,3816
5,3817
29,3817
35,3818
42,3818
53,3818
4,3819
59,3819
3,3820
4,3821
6,3821
41,3824
43,3828
1,3829
59,3830
2,3831
53,3831
6,3832
21,3833
1,3834
1,3835
2,3836
2,3837
33,3838
53,3838
35,3839
31,3840
22,3841
17,3844
1,3845
6,3845
2,3846
32,3847
50,3847
1,3848
35,3848
9,3849
1,3850
2,3851
2,3854
29,3855
59,3855
40,3858
21,3859
45,3862
41,3863
49,3865
30,3867
3,3869
19,3870
24,3870
37,3870
7,3875
51,3879
16,3880
10,3882
8,3886
50,3886
1,3887
56,3888
1,3889
2,3890
1,3891
33,3891
2,3892
38,3893
50,3896
59,3896
2,3897
1,3898
24,3898
2,3899
30,3899
1,3900
1,3901
2,3902
3,3902
2,3903
5,3903
58,3903
4,3904
3,3905
12,3905
30,3905
4,3906
12,3907
8,3908
36,3909
5,3910
35,3915
40,3915
15,3917
19,3919
6,3920
49,3920
33,3926
54,3927
50,3929
22,3931
50,3931
22,3932
39,3933
60,3934
14,3934
42,3934
33,3935
14,3938
9,3939
39,3942
51,3944
41,3945
45,3948
11,3949
22,3949
18,3951
57,3951
27,3953
9,3957
18,3957
27,3957
17,3961
15,3962
49,3962
60,3966
36,3967
49,3972
36,3974
34,3975
39,3978
20,3979
52,3984
15,3985
19,3985
45,3985
23,3991
35,3991
11,3994
46,3994
57,4000
53,4003
3,4006
44,4006
5,4007
4,4010
3,4011
55,4011
33,4013
4,4015
30,4015
40,4015
26,4017
51,4017
5,4018
52,4018
33,4025
48,4025
29,4027
52,4028
3,4031
4,4034
5,4035
38,4035
37,4037
29,4039
3,4041
13,4042
58,4043
4,4045
23,4046
5,4047
45,4052
55,4052
7,4060
5,4067
33,4067
38,4067
11,4068
23,4071
26,4071
33,4071
53,4071
26,4076
28,4076
27,4077
45,4078
59,4083
60,4085
13,4086
39,4087
34,4091
42,4092
15,4098
39,4098
35,4102
49,4102
54,4102
22,4104
60,4105
1,4105
2,4106
1,4107
50,4107
1,4108
2,4109
2,4110
41,4110
25,4111
9,4112
50,4112
56,4112
13,4113
25,4113
31,4114
60,4116
1,4117
58,4117
2,4119
1,4121
2,4122
1,4123
2,4124
55,4124
23,4127
44,4127
37,4128
56,4128
1,4129
26,4129
13,4130
28,4130
1,4131
2,4135
1,4136
2,4137
60,4138
19,4138
2,4139
39,4140
45,4140
31,4142
54,4143
3,4147
25,4147
54,4148
5,4149
4,4150
18,4153
38,4153
34,4154
3,4155
5,4157
4,4158
9,4158
30,4158
9,4161
25,4162
31,4163
9,4164
44,4164
46,4165
55,4167
22,4168
43,4168
8,4169
28,4169
50,4170
24,4172
27,4172
1,4175
2,4176
11,4176
24,4176
44,4176
1,4177
2,4178
1,4180
58,4180
2,4181
53,4182
49,4183
17,4187
31,4188
28,4191
30,4195
23,4202
3,4203
5,4204
7,4204
7,4205
18,4205
13,4206
4,4208
3,4209
16,4209
10,4210
5,4211
36,4211
4,4213
24,4214
60,4218
34,4218
25,4219
47,4219
54,4220
46,4222
28,4223
12,4226
15,4226
34,4228
39,4228
47,4229
12,4230
13,4231
31,4231
3,4232
24,4233
5,4234
4,4236
3,4237
5,4238
40,4238
4,4239
20,4239
54,4243
59,4243
46,4244
56,4244
45,4246
44,4249
49,4249
16,4252
40,4252
54,4255
23,4258
37,4264
56,4264
48,4266
57,4267
14,4269
29,4271
50,4276
3,4277
4,4278
48,4278
5,4279
28,4280
3,4282
19,4282
5,4283
48,4283
57,4283
4,4286
39,4288
3,4293
27,4294
4,4295
5,4296
5,4298
42,4298
3,4299
4,4300
45,4301
16,4302
37,4304
54,4309
58,4309
55,4310
57,4310
30,4311
30,4312
12,4313
32,4313
22,4315
30,4316
1,4317
39,4317
52,4317
1,4319
45,4319
23,4322
40,4323
2,4324
43,4324
17,4325
33,4326
30,4327
48,4327
57,4327
7,4328
1,4329
56,4329
2,4330
37,4330
2,4331
45,4331
27,4334
25,4335
43,4335
5,4338
9,4338
3,4339
4,4341
5,4342
3,4343
20,4343
14,4344
36,4345
14,4346
5,4348
44,4348
31,4349
4,4351
14,4351
32,4351
58,4351
15,4352
54,4352
3,4353
4,4354
20,4354
18,4355
5,4356
1,4357
4,4357
15,4357
24,4357
5,4358
20,4358
33,4358
2,4359
3,4359
39,4359
1,4360
9,4361
14,4363
42,4364
2,4367
13,4367
30,4367
40,4367
1,4369
2,4370
29,4374
50,4377
28,4378
55,4378
56,4380
60,4382
53,4382
60,4385
60,4386
40,4386
21,4388
54,4388
19,4389
60,4390
22,4393
38,4393
58,4394
13,4395
16,4396
21,4396
45,4396
28,4401
52,4401
8,4404
9,4404
27,4410
25,4412
50,4418
3,4420
50,4420
49,4421
5,4422
5,4423
38,4423
4,4424
52,4424
25,4427
4,4428
3,4429
7,4429
32,4432
28,4434
26,4436
49,4437
38,4438
31,4441
41,4442
60,4443
19,4444
43,4446
42,4447
26,4449
46,4449
29,4452
44,4452
1,4454
45,4454
60,4455
36,4455
1,4457
2,4458
59,4458
39,4459
2,4460
31,4460
1,4462
10,4462
2,4463
3,4463
5,4465
17,4466
5,4467
52,4468
13,4469
48,4469
15,4470
4,4471
1,4472
4,4472
22,4472
3,4473
6,4473
52,4473
2,4474
12,4474
34,4474
35,4476
12,4477
31,4477
1,4478
24,4479
29,4479
55,4479
2,4480
50,4481
51,4481
1,4483
60,4484
2,4484
1,4485
2,4486
1,4488
29,4489
2,4490
30,4490
1,4491
2,4492
36,4496
8,4498
3,4499
13,4499
23,4500
54,4500
57,4501
11,4502
60,4504
4,4505
56,4505
5,4506
24,4506
52,4507
4,4509
52,4509
54,4509
56,4509
5,4511
51,4511
3,4513
52,4517
45,4518
50,4518
39,4520
1,4521
23,4521
2,4522
8,4523
14,4523
6,4524
28,4524
33,4525
1,4527
2,4528
45,4528
1,4530
2,4533
20,4534
37,4538
14,4540
25,4542
43,4542
54,4546
32,4548
37,4549
58,4549
53,4551
37,4556
57,4557
17,4562
25,4562
40,4562
42,4564
45,4564
18,4569
54,4571
8,4572
40,4574
26,4576
43,4576
1,4577
1,4579
53,4579
22,4580
7,4581
2,4582
29,4582
1,4583
11,4583
2,4585
15,4586
2,4588
25,4588
16,4593
1,4594
38,4596
2,4597
35,4597
1,4598
47,4598
1,4599
32,4599
59,4599
2,4600
7,4600
58,4602
2,4603
30,4605
14,4606
1,4607
21,4608
1,4609
49,4613
2,4614
2,4616
49,4616
50,4616
1,4617
2,4619
52,4620
47,4621
1,4622
53,4622
21,4624
17,4625
30,4625
52,4625
18,4626
1,4628
18,4629
46,4632
2,4634
1,4635
2,4636
16,4637
2,4638
18,4644
1,4647
51,4647
1,4648
6,4648
2,4650
33,4650
12,4652
1,4653
42,4653
2,4654
2,4655
60,4656
1,4659
56,4659
20,4660
8,4661
15,4661
42,4661
45,4661
22,4663
45,4666
1,4667
10,4667
2,4668
19,4668
1,4669
1,4671
2,4672
28,4672
33,4675
2,4676
32,4676
43,4676
54,4676
42,4678
15,4679
50,4683
3,4687
27,4687
56,4687
5,4688
9,4689
24,4691
5,4693
34,4693
4,4694
49,4696
3,4698
42,4698
4,4699
5,4699
12,4700
39,4701
18,4705
3,4708
11,4708
17,4708
5,4709
28,4709
59,4709
18,4710
4,4712
3,4713
4,4714
5,4715
54,4715
56,4715
3,4720
4,4721
1,4722
5,4722
4,4723
9,4724
5,4725
11,4725
1,4726
3,4726
21,4726
18,4727
2,4728
34,4729
43,4729
2,4730
55,4730
1,4731
48,4732
2,4733
27,4733
20,4734
22,4734
12,4739
25,4741
32,4745
33,4747
28,4750
50,4753
53,4756
25,4758
48,4759
1,4760
29,4761
2,4763
14,4763
1,4764
33,4764
1,4765
24,4765
46,4766
38,4767
2,4768
2,4770
42,4772
49,4774
60,4776
41,4777
52,4777
29,4779
59,4780
23,4782
54,4782
25,4783
18,4784
46,4784
48,4785
13,4786
21,4787
60,4789
32,4789
37,4790
12,4791
27,4792
27,4793
10,4795
32,4795
42,4795
35,4796
40,4796
56,4796
22,4797
42,4799
27,4803
34,4803
32,4804
39,4805
54,4805
48,4807
24,4808
25,4813
33,4818
23,4820
47,4820
1,4824
57,4824
41,4825
2,4826
58,4826
29,4827
1,4828
39,4828
3,4830
7,4830
2,4831
33,4831
1,4832
5,4832
2,4833
5,4833
26,4833
4,4834
4,4835
30,4838
24,4840
3,4842
3,4843
5,4844
4,4845
4,4846
16,4847
38,4847
5,4849
21,4849
13,4850
47,4852
3,4854
48,4854
24,4855
51,4856
10,4860
11,4860
17,4860
25,4862
15,4863
31,4865
60,4873
9,4875
59,4876
57,4880
58,4880
28,4881
24,4885
24,4887
25,4889
38,4893
6,4895
28,4897
8,4898
58,4899
44,4900
28,4902
20,4904
56,4905
30,4906
33,4906
28,4908
35,4908
18,4909
42,4909
33,4910
15,4912
19,4912
16,4916
53,4916
16,4917
48,4918
57,4919
34,4922
7,4928
42,4929
20,4930
52,4935
12,4937
34,4939
12,4943
1,4945
17,4948
14,4949
23,4952
27,4952
46,4953
44,4954
26,4955
38,4956
17,4960
13,4963
28,4963
55,4965
11,4969
41,4969
56,4970
40,4972
57,4973
18,4974
19,4974
38,4975
54,4975
25,4976
16,4979
52,4979
3,4980
4,4982
5,4983
10,4983
4,4985
23,4986
3,4989
5,4990
10,4990
9,4997
3,4998
4,4999
20,5001
5,5003
13,5004
43,5005
56,5005
5,5007
29,5009
3,5011
4,5013
1,5015
1,5016
2,5017
40,5017
1,5019
2,5020
3,5021
2,5023
4,5024
5,5025
16,5025
21,5026
48,5026
5,5028
4,5029
3,5031
37,5031
26,5034
51,5035
18,5036
37,5036
50,5036
18,5039
33,5041
57,5041
51,5044
18,5051
22,5052
37,5052
18,5056
43,5056
49,5058
17,5060
47,5060
56,5060
51,5061
6,5063
48,5063
53,5064
24,5065
35,5065
13,5066
24,5068
32,5068
59,5068
14,5069
23,5069
47,5073
53,5073
57,5074
45,5075
10,5076
20,5078
49,5079
57,5079
13,5080
57,5085
32,5087
38,5088
48,5092
12,5097
32,5098
48,5099
18,5103
15,5105
16,5105
38,5105
11,5107
11,5108
39,5109
24,5114
41,5114
46,5114
16,5115
20,5117
11,5118
18,5118
28,5118
22,5124
58,5124
22,5132
46,5135
22,5136
39,5139
51,5141
50,5144
41,5145
33,5146
22,5147
3,5148
23,5148
5,5149
36,5149
4,5150
4,5152
50,5152
3,5154
5,5155
60,5157
6,5159
16,5159
3,5160
27,5160
44,5160
49,5160
5,5161
4,5162
5,5163
3,5165
11,5165
4,5166
59,5166
36,5168
55,5169
26,5172
24,5173
38,5175
7,5180
17,5181
51,5181
11,5191
60,5192
18,5193
29,5193
40,5193
42,5198
41,5201
7,5205
18,5205
27,5205
25,5206
46,5207
51,5207
21,5208
27,5208
44,5209
3,5211
5,5212
5,5213
4,5215
27,5215
4,5217
1,5218
1,5219
3,5219
2,5220
30,5221
1,5224
3,5226
22,5226
5,5227
48,5227
4,5228
3,5229
7,5229
2,5230
4,5231
2,5233
5,5233
41,5238
11,5239
3,5241
21,5242
5,5243
4,5245
5,5246
3,5247
4,5248
9,5249
20,5249
52,5251
30,5252
23,5254
59,5255
27,5256
30,5256
30,5260
11,5261
45,5261
58,5261
4,5267
37,5267
18,5269
1,5270
2,5271
14,5272
20,5272
30,5272
3,5273
13,5273
7,5275
8,5275
4,5276
33,5276
1,5277
20,5277
2,5278
4,5280
29,5280
34,5280
1,5282
5,5282
36,5282
2,5283
39,5283
8,5284
31,5285
44,5285
26,5286
10,5290
60,5291
5,5291
39,5291
3,5292
18,5294
55,5295
27,5298
1,5299
2,5301
33,5301
1,5302
16,5302
20,5302
1,5304
2,5305
2,5306
36,5307
22,5311
25,5312
54,5313
58,5313
48,5314
57,5316
36,5319
54,5319
15,5325
1,5326
46,5327
2,5328
1,5330
16,5331
2,5333
3,5333
1,5334
4,5334
23,5337
3,5339
5,5340
2,5341
4,5342
25,5342
17,5343
30,5343
2,5345
5,5346
35,5347
17,5349
10,5351
38,5351
56,5351
50,5353
20,5354
51,5355
39,5358
7,5359
25,5361
52,5364
55,5364
8,5370
48,5373
1,5377
1,5379
13,5382
2,5383
32,5383
1,5384
16,5384
2,5386
59,5386
2,5388
26,5392
11,5394
8,5396
24,5398
41,5398
13,5399
35,5399
36,5399
39,5399
29,5402
10,5403
12,5403
52,5408
10,5411
14,5411
17,5412
36,5419
57,5419
1,5421
2,5422
1,5423
23,5425
30,5425
2,5427
34,5427
34,5428
1,5429
52,5430
2,5431
10,5437
22,5446
46,5447
51,5447
38,5450
29,5451
3,5455
24,5455
1,5456
5,5457
33,5457
2,5458
5,5458
21,5458
1,5459
4,5460
1,5461
4,5461
35,5461
2,5463
28,5463
2,5464
3,5464
15,5465
10,5468
24,5468
6,5470
43,5470
48,5471
20,5475
37,5475
11,5478
34,5478
35,5479
48,5479
32,5482
37,5482
1,5485
23,5485
19,5488
50,5488
1,5489
2,5490
28,5490
1,5491
2,5492
2,5493
19,5493
56,5498
9,5500
10,5501
19,5502
33,5503
60,5505
18,5507
25,5512
54,5512
23,5514
54,5514
57,5514
28,5515
19,5520
45,5520
4,5521
52,5522
22,5523
29,5527
14,5528
24,5528
54,5528
22,5530
37,5531
18,5532
39,5536
6,5544
13,5545
21,5547
60,5549
24,5550
13,5552
1,5554
33,5554
1,5555
38,5555
2,5556
49,5556
2,5557
7,5557
10,5557
18,5557
45,5558
1,5559
2,5562
45,5562
40,5565
55,5565
15,5567
53,5569
33,5570
47,5571
19,5574
17,5575
30,5576
56,5576
14,5577
11,5581
50,5582
3,5588
23,5590
4,5592
15,5592
5,5593
4,5594
26,5595
5,5596
3,5598
44,5600
8,5602
11,5603
6,5607
53,5610
57,5611
15,5613
19,5613
55,5613
18,5615
24,5615
43,5616
1,5617
20,5618
52,5621
26,5623
22,5624
23,5625
55,5627
8,5629
24,5629
56,5631
2,5634
16,5634
26,5634
16,5635
29,5635
9,5636
35,5641
51,5641
25,5642
24,5646
5,5647
3,5650
24,5650
5,5652
10,5652
38,5653
4,5656
5,5657
3,5659
4,5660
8,5660
16,5662
34,5662
3,5663
4,5664
5,5666
13,5666
28,5666
48,5666
28,5667
52,5667
15,5668
33,5671
60,5672
5,5672
3,5673
4,5674
10,5674
15,5674
33,5678
54,5679
27,5681
1,5682
2,5683
28,5684
1,5686
8,5687
1,5689
3,5690
18,5691
34,5691
2,5692
5,5692
11,5694
2,5695
7,5695
5,5696
14,5696
26,5697
38,5698
18,5699
29,5699
4,5700
4,5701
3,5702
59,5702
34,5703
40,5706
59,5706
17,5710
7,5712
7,5716
12,5716
19,5717
54,5720
4,5721
54,5721
28,5723
1,5725
44,5725
22,5726
59,5726
1,5727
2,5730
7,5731
1,5733
2,5735
22,5735
48,5735
11,5736
20,5736
40,5736
2,5737
59,5737
54,5738
40,5739
1,5742
1,5745
46,5746
19,5747
23,5748
2,5749
1,5751
2,5753
53,5753
2,5754
27,5755
56,5755
21,5758
48,5762
36,5763
58,5764
60,5771
47,5772
1,5775
1,5776
2,5777
7,5777
2,5778
42,5778
1,5780
2,5781
22,5781
16,5782
56,5785
27,5787
42,5787
25,5791
29,5791
32,5792
35,5795
48,5795
59,5795
15,5797
1,5801
2,5803
1,5804
1,5805
2,5806
3,5806
2,5808
4,5809
23,5809
54,5809
4,5810
17,5810
35,5811
22,5812
13,5813
12,5814
13,5815
28,5815
3,5816
5,5818
5,5819
34,5819
60,5822
12,5826
30,5826
50,5826
30,5829
42,5831
12,5832
45,5833
13,5834
46,5834
25,5836
10,5838
48,5839
7,5843
48,5846
51,5847
40,5850
18,5851
8,5853
27,5853
11,5854
54,5855
49,5856
19,5857
1,5860
49,5860
2,5861
1,5864
3,5865
1,5867
4,5867
40,5867
2,5868
19,5868
5,5869
32,5869
2,5870
54,5870
11,5871
31,5871
3,5872
4,5873
19,5873
5,5874
6,5878
42,5885
46,5888
55,5892
45,5893
42,5895
59,5898
28,5899
28,5900
28,5904
23,5905
26,5906
49,5907
31,5909
30,5919
30,5926
2,5927
16,5928
44,5928
57,5929
57,5930
24,5931
15,5933
57,5934
35,5935
55,5935
60,5936
6,5937
12,5939
57,5941
6,5942
54,5945
51,5948
3,5949
33,5950
30,5951
38,5951
1,5954
2,5955
4,5955
1,5956
13,5956
52,5958
2,5959
5,5959
1,5960
2,5961
3,5961
3,5962
5,5962
4,5964
57,5967
31,5968
29,5969
2,5980
17,5981
1,5982
2,5983
53,5983
1,5984
2,5986
10,5987
47,5987
23,5989
55,5989
1,5991
19,5991
2,5992
6,5993
55,5993
43,5994
10,5995
38,5997
45,5997
20,6001
45,6004
52,6004
3,6005
4,6006
13,6006
25,6006
1,6008
1,6009
2,6010
2,6011
1,6012
3,6013
45,6013
60,6014
2,6014
5,6015
20,6015
25,6015
4,6016
5,6017
22,6018
3,6021
45,6022
48,6024
4,6025
4,6029
9,6029
15,6029
19,6029
1,6030
5,6030
2,6031
1,6032
3,6032
5,6033
60,6035
1,6036
2,6038
39,6039
2,6041
28,6041
36,6041
45,6041
19,6046
7,6047
3,6050
28,6052
4,6054
5,6056
35,6056
42,6058
48,6060
8,6061
10,6061
4,6062
5,6063
43,6063
3,6064
31,6064
33,6064
14,6066
27,6070
6,6073
4,6075
48,6078
24,6079
53,6081
7,6082
3,6083
5,6084
41,6084
30,6085
45,6087
4,6090
4,6091
37,6092
3,6093
5,6094
29,6094
43,6096
38,6100
16,6104
20,6105
26,6107
40,6108
38,6115
43,6116
47,6117
48,6119
14,6120
5,6121
23,6123
2,6124
36,6125
25,6128
35,6132
4,6133
50,6135
24,6136
3,6137
34,6140
5,6142
12,6143
5,6146
55,6147
4,6148
57,6148
4,6149
20,6149
3,6150
19,6152
35,6152
39,6152
24,6153
9,6156
10,6157
44,6157
35,6162
40,6163
28,6165
54,6165
28,6172
44,6172
17,6177
15,6179
23,6179
58,6180
14,6182
53,6183
45,6184
53,6184
18,6186
45,6187
57,6190
43,6192
50,6192
1,6193
1,6195
35,6195
50,6195
43,6196
2,6203
28,6203
2,6205
1,6207
7,6208
2,6209
30,6210
54,6210
16,6211
16,6218
18,6218
1,6219
1,6220
2,6221
2,6222
1,6223
56,6223
2,6224
7,6224
57,6224
52,6228
57,6230
21,6234
48,6234
59,6234
20,6235
17,6236
19,6237
57,6238
46,6242
37,6243
35,6248
39,6250
35,6251
14,6252
29,6252
23,6253
21,6254
27,6254
30,6257
17,6260
32,6260
48,6261
42,6262
57,6264
33,6266
38,6267
11,6269
7,6271
44,6271
18,6274
18,6279
55,6279
56,6282
60,6283
40,6283
15,6285
22,6285
17,6286
34,6288
31,6290
18,6293
24,6294
56,6295
51,6297
55,6314
43,6319
56,6320
46,6326
39,6327
37,6328
30,6330
47,6331
28,6333
50,6334
55,6337
50,6338
48,6339
32,6340
49,6341
54,6341
58,6347
10,6348
48,6349
50,6349
6,6350
17,6352
3,6353
6,6353
41,6353
4,6357
3,6358
5,6360
4,6361
52,6362
43,6363
1,6364
48,6367
1,6368
52,6368
2,6369
5,6370
20,6370
2,6372
1,6373
38,6373
2,6376
40,6376
7,6377
42,6382
6,6383
44,6384
41,6385
19,6389
17,6394
19,6397
3,6398
24,6398
5,6399
5,6400
42,6400
30,6401
4,6404
4,6405
3,6406
38,6407
48,6407
47,6409
53,6409
7,6410
30,6412
7,6414
27,6414
56,6416
43,6417
29,6418
47,6420
11,6424
31,6426
37,6430
52,6431
3,6433
7,6433
4,6435
38,6438
3,6439
59,6439
5,6440
31,6440
5,6441
4,6443
1,6445
33,6446
1,6447
2,6451
22,6451
35,6451
44,6453
53,6453
58,6453
2,6454
1,6455
11,6455
23,6455
40,6456
47,6456
2,6457
33,6458
3,6461
19,6463
24,6465
33,6466
47,6471
44,6472
45,6472
9,6474
23,6474
52,6476
59,6478
21,6479
3,6480
15,6480
33,6480
12,6482
4,6483
9,6484
52,6485
58,6485
5,6487
20,6487
34,6487
50,6487
5,6489
3,6493
5,6493
8,6494
14,6494
19,6494
33,6495
39,6495
4,6496
44,6498
59,6501
25,6502
46,6502
49,6503
14,6506
46,6508
51,6510
15,6512
18,6512
50,6513
52,6519
25,6520
26,6521
32,6523
3,6524
35,6524
4,6525
9,6525
35,6525
5,6526
5,6527
3,6528
4,6529
14,6529
16,6530
56,6531
56,6534
1,6535
1,6536
2,6537
24,6537
1,6538
2,6539
38,6540
40,6541
2,6542
29,6543
58,6543
12,6544
1,6545
43,6545
2,6546
11,6546
32,6547
1,6548
31,6549
2,6550
29,6550
41,6553
8,6554
32,6558
55,6558
1,6559
2,6560
59,6560
1,6562
25,6562
35,6562
26,6563
1,6564
36,6565
2,6566
12,6567
2,6568
34,6568
1,6570
45,6570
49,6570
33,6572
2,6574
13,6576
37,6576
40,6580
41,6582
48,6582
14,6583
15,6586
31,6591
55,6592
30,6594
36,6594
4,6596
1,6598
38,6598
2,6600
1,6601
2,6602
36,6603
1,6604
18,6605
2,6606
14,6606
3,6611
5,6612
11,6613
18,6613
26,6613
45,6615
4,6616
5,6616
23,6616
48,6617
5,6618
4,6619
1,6621
1,6623
3,6624
2,6625
2,6627
25,6630
36,6635
1,6636
2,6637
40,6638
41,6639
1,6641
17,6645
22,6646
56,6650
12,6652
30,6654
53,6656
10,6657
22,6657
6,6659
55,6659
16,6663
32,6664
49,6664
20,6666
57,6666
32,6669
1,6671
33,6671
2,6672
35,6672
1,6678
15,6678
2,6679
14,6679
19,6680
1,6681
2,6683
16,6683
1,6684
3,6684
5,6685
2,6687
4,6687
3,6688
11,6688
32,6688
54,6688
4,6690
1,6691
5,6691
29,6691
2,6692
51,6692
1,6693
47,6696
55,6696
2,6698
26,6706
1,6707
10,6707
19,6707
1,6708
36,6708
2,6709
33,6709
1,6711
1,6712
48,6714
51,6714
2,6715
2,6716
8,6716
43,6717
36,6720
48,6721
23,6727
32,6727
46,6729
58,6729
20,6732
21,6732
30,6734
58,6734
40,6737
44,6738
35,6741
11,6742
22,6743
42,6744
41,6745
51,6746
36,6749
59,6756
39,6759
3,6763
4,6764
3,6765
5,6767
28,6767
35,6767
4,6768
6,6768
5,6769
38,6774
44,6777
35,6778
10,6779
28,6779
48,6779
43,6780
1,6781
45,6782
22,6785
53,6786
54,6787
10,6793
1,6795
57,6797
58,6797
1,6798
3,6798
2,6800
8,6800
18,6800
5,6801
25,6801
4,6802
1,6803
4,6803
2,6805
30,6805
2,6806
3,6808
5,6810
47,6812
28,6818
54,6819
12,6822
22,6822
32,6824
40,6826
45,6829
23,6832
3,6833
6,6833
23,6833
4,6835
55,6837
1,6838
5,6838
1,6839
2,6840
3,6840
5,6841
4,6842
1,6843
2,6844
12,6844
58,6845
2,6847
57,6849
51,6850
35,6852
17,6854
1,6856
1,6857
26,6857
54,6857
2,6858
42,6858
1,6859
2,6860
60,6861
2,6861
49,6863
37,6864
55,6864
42,6866
29,6869
35,6870
47,6871
8,6873
57,6875
17,6876
18,6876
29,6876
15,6878
19,6880
6,6883
10,6883
51,6885
1,6887
23,6888
1,6889
57,6889
2,6890
42,6891
1,6894
2,6895
34,6897
2,6898
11,6903
24,6908
33,6908
27,6909
42,6910
20,6911
19,6913
27,6915
32,6915
3,6918
3,6920
4,6922
3,6923
5,6925
7,6926
36,6926
5,6927
4,6929
47,6929
57,6931
59,6932
20,6933
43,6938
11,6939
40,6940
12,6942
14,6942
21,6942
23,6946
51,6948
23,6951
44,6951
10,6952
19,6952
29,6952
6,6959
14,6959
51,6961
29,6962
51,6963
5,6966
49,6966
60,6967
8,6967
56,6969
7,6972
49,6974
12,6977
44,6978
7,6979
14,6985
30,6986
51,6988
57,6988
3,6989
4,6990
39,6994
5,6996
38,6996
4,6997
3,6998
5,6999
52,6999
51,7002
3,7003
4,7004
3,7005
60,7006
5,7007
48,7007
56,7008
5,7010
4,7011
24,7012
45,7013
12,7015
28,7015
27,7016
31,7016
57,7016
13,7017
42,7018
15,7019
9,7020
9,7021
27,7022
35,7027
41,7032
53,7036
3,7037
40,7037
4,7038
5,7039
1,7041
2,7042
48,7042
1,7043
39,7044
1,7045
2,7046
5,7047
25,7047
4,7048
2,7049
3,7049
36,7052
3,7053
4,7054
7,7055
4,7057
5,7059
12,7059
3,7060
35,7060
5,7061
41,7063
35,7064
40,7064
41,7067
39,7068
29,7069
3,7073
39,7073
4,7075
15,7075
27,7075
25,7076
6,7077
7,7077
28,7077
5,7079
3,7080
29,7080
5,7081
8,7082
4,7083
18,7083
53,7083
20,7089
38,7089
30,7090
55,7091
34,7094
10,7095
15,7095
52,7098
12,7099
12,7102
45,7102
51,7105
39,7109
48,7109
58,7109
21,7111
45,7111
32,7123
15,7126
41,7127
12,7131
20,7138
10,7140
59,7144
43,7145
57,7147
8,7150
32,7158
58,7160
9,7163
26,7164
50,7165
21,7166
48,7167
42,7169
36,7170
17,7174
39,7174
1,7175
2,7176
39,7177
49,7177
1,7179
1,7180
21,7181
5,7182
2,7183
2,7184
10,7184
13,7184
58,7189
42,7194
3,7195
23,7195
24,7195
5,7196
15,7197
4,7199
17,7199
4,7200
16,7201
21,7204
3,7205
5,7206
14,7209
2,7210
52,7214
39,7216
47,7217
1,7218
2,7221
1,7222
2,7223
1,7225
3,7225
5,7226
2,7228
4,7228
23,7229
4,7233
42,7233
4,7235
28,7235
48,7235
53,7237
5,7238
38,7238
18,7239
3,7240
50,7242
50,7243
55,7243
25,7249
37,7251
52,7251
33,7256
58,7256
60,7258
60,7263
29,7263
28,7267
48,7269
7,7272
38,7275
49,7278
25,7281
57,7283
3,7285
36,7285
4,7286
51,7286
4,7287
18,7290
5,7291
5,7292
3,7293
15,7293
24,7294
27,7302
26,7304
35,7304
27,7307
29,7307
17,7309
57,7310
9,7311
19,7311
16,7312
3,7315
29,7315
5,7316
4,7318
3,7319
34,7319
4,7321
5,7322
14,7322
58,7326
2,7327
7,7328
13,7328
9,7334
30,7336
41,7336
57,7337
55,7338
34,7339
57,7339
11,7340
17,7340
51,7340
55,7349
28,7353
8,7354
27,7357
56,7357
19,7362
17,7364
39,7368
40,7368
7,7369
14,7369
9,7371
20,7371
3,7376
18,7376
4,7377
3,7378
5,7379
38,7379
4,7380
30,7380
55,7380
6,7381
24,7381
5,7383
46,7385
53,7385
22,7388
50,7388
6,7390
20,7392
59,7392
18,7393
26,7396
43,7397
21,7398
31,7399
43,7400
60,7401
30,7401
8,7403
51,7405
38,7408
53,7409
50,7410
32,7416
49,7417
7,7418
38,7419
12,7429
15,7431
24,7431
7,7433
33,7433
45,7434
53,7434
29,7435
46,7437
25,7440
53,7443
3,7445
44,7445
4,7446
11,7447
5,7449
30,7449
3,7450
44,7450
60,7451
4,7452
29,7453
51,7453
5,7456
19,7459
46,7459
34,7462
47,7463
8,7465
31,7467
45,7468
7,7470
7,7472
24,7472
32,7472
56,7473
1,7476
24,7476
2,7478
1,7481
24,7481
1,7482
14,7482
50,7482
2,7483
2,7487
10,7487
9,7488
6,7493
54,7493
6,7494
45,7494
35,7496
36,7496
22,7500
43,7500
9,7507
31,7510
40,7517
50,7517
4,7519
33,7522
56,7524
41,7525
44,7526
16,7530
35,7532
3,7537
17,7538
38,7538
5,7540
56,7543
4,7544
22,7544
5,7546
15,7546
34,7546
4,7547
3,7548
44,7549
33,7551
49,7551
51,7552
19,7554
38,7554
57,7557
7,7560
15,7562
1,7563
59,7563
2,7565
1,7566
1,7567
38,7569
46,7569
2,7570
33,7570
32,7571
2,7572
30,7572
43,7572
51,7572
43,7574
30,7576
25,7581
28,7581
48,7584
38,7588
35,7590
1,7591
3,7591
10,7591
43,7591
2,7592
36,7592
1,7593
22,7593
4,7595
22,7595
5,7596
2,7597
3,7598
1,7600
4,7600
24,7600
35,7601
5,7603
43,7604
15,7605
18,7605
28,7605
59,7605
2,7606
4,7606
7,7606
1,7607
13,7608
43,7608
44,7610
27,7613
15,7620
42,7621
46,7623
32,7624
33,7634
32,7639
52,7639
10,7640
14,7640
58,7640
47,7642
30,7651
40,7654
42,7654
29,7655
42,7655
14,7656
1,7661
20,7661
1,7663
56,7663
55,7664
60,7665
2,7667
51,7667
59,7667
2,7669
1,7671
32,7672
2,7673
28,7673
53,7676
3,7678
4,7679
29,7679
3,7681
30,7683
5,7685
42,7685
5,7687
12,7688
4,7689
27,7689
15,7690
40,7690
23,7691
58,7693
37,7697
23,7701
35,7702
40,7702
45,7702
57,7702
10,7704
12,7705
53,7705
20,7706
56,7707
55,7708
60,7711
56,7712
56,7716
24,7717
37,7718
1,7723
11,7725
1,7727
25,7727
60,7728
2,7728
19,7728
34,7730
1,7732
13,7733
2,7734
52,7734
2,7735
48,7736
57,7737
37,7739
24,7741
60,7742
25,7742
48,7748
58,7748
12,7750
60,7756
51,7756
21,7760
13,7765
52,7765
10,7766
27,7766
19,7767
27,7769
46,7770
1,7773
33,7773
2,7774
1,7775
8,7775
45,7776
49,7776
2,7777
1,7778
10,7778
2,7781
21,7782
39,7785
40,7785
8,7787
14,7789
22,7789
54,7789
31,7792
35,7792
32,7796
13,7797
56,7797
38,7800
11,7801
18,7803
53,7805
56,7806
30,7807
33,7808
18,7810
52,7817
40,7818
48,7818
21,7821
7,7824
19,7825
54,7826
40,7827
1,7829
7,7829
52,7831
57,7831
20,7836
34,7836
39,7838
44,7841
51,7842
41,7845
3,7847
14,7847
32,7847
37,7847
5,7848
35,7848
30,7849
4,7850
3,7852
28,7853
50,7853
4,7854
53,7854
5,7855
45,7858
55,7858
46,7859
9,7860
55,7863
14,7864
35,7865
27,7866
11,7870
60,7871
58,7871
1,7878
11,7878
34,7879
17,7881
58,7881
1,7882
2,7883
50,7885
1,7886
57,7886
2,7887
54,7888
43,7889
24,7891
36,7892
52,7892
2,7893
16,7894
14,7898
52,7899
47,7900
49,7901
6,7904
39,7908
40,7911
51,7912
24,7914
1,7915
47,7916
1,7917
39,7918
1,7920
35,7920
45,7922
2,7924
1,7925
18,7926
2,7929
2,7930
3,7930
4,7931
40,7931
3,7932
33,7932
5,7934
9,7936
4,7937
5,7938
20,7939
25,7940
11,7944
45,7944
59,7946
21,7947
55,7950
3,7952
38,7954
39,7957
40,7957
31,7958
4,7960
5,7961
17,7961
3,7963
50,7963
23,7964
1,7965
47,7965
2,7966
4,7966
16,7966
49,7966
1,7967
5,7967
1,7968
22,7968
2,7969
2,7970
56,7970
39,7971
19,7972
38,7973
31,7976
32,7978
3,7983
4,7984
16,7984
5,7987
5,7989
51,7989
4,7990
22,7990
56,7990
3,7991
34,7993
13,7996
45,7996
18,7999
3,8001
54,8002
4,8003
9,8004
44,8004
5,8005
4,8006
11,8007
58,8008
5,8009
3,8010
39,8011
3,8012
5,8013
34,8015
4,8016
5,8017
3,8019
7,8019
48,8019
4,8020
58,8022
58,8027
38,8028
7,8029
17,8035
33,8036
42,8038
14,8039
51,8043
19,8044
59,8045
25,8047
39,8048
54,8055
17,8057
18,8058
1,8062
45,8064
2,8065
1,8066
4,8066
2,8067
21,8068
1,8069
2,8071
13,8073
33,8073
41,8073
58,8073
45,8074
40,8078
11,8081
44,8081
60,8082
3,8085
4,8087
5,8088
5,8089
53,8089
23,8092
59,8092
1,8093
3,8093
2,8094
4,8094
18,8097
49,8097
1,8098
11,8098
2,8099
35,8099
1,8100
12,8100
2,8102
21,8102
25,8102
1,8103
2,8105
1,8106
9,8107
43,8107
2,8108
38,8108
1,8110
3,8110
2,8111
4,8111
5,8112
46,8112
17,8114
4,8115
5,8117
36,8120
3,8121
16,8121
35,8124
51,8126
53,8126
13,8128
53,8129
11,8130
1,8131
13,8131
1,8134
16,8134
41,8134
2,8136
56,8137
2,8138
1,8139
14,8139
38,8140
2,8141
41,8146
10,8148
3,8150
34,8151
35,8151
37,8151
4,8152
13,8153
3,8156
5,8157
31,8157
11,8158
4,8160
38,8160
5,8162
52,8164
53,8165
32,8168
3,8169
5,8170
40,8172
5,8173
4,8174
45,8174
15,8175
4,8176
3,8177
27,8179
9,8180
43,8181
43,8183
34,8192
29,8194
12,8196
41,8196
6,8198
57,8201
8,8202
56,8204
10,8205
58,8205
20,8206
57,8207
29,8209
8,8210
16,8210
27,8210
6,8211
58,8213
25,8224
20,8230
37,8230
30,8231
31,8231
56,8231
28,8233
34,8234
27,8237
52,8237
3,8239
5,8240
50,8240
4,8241
38,8241
33,8243
3,8244
28,8244
47,8244
5,8248
4,8249
29,8249
9,8257
35,8257
48,8257
51,8259
3,8260
55,8260
4,8262
3,8263
4,8264
5,8265
5,8266
17,8266
17,8267
27,8267
17,8269
20,8269
55,8270
30,8271
55,8273
56,8274
19,8282
37,8282
53,8284
19,8293
39,8293
20,8294
33,8295
15,8297
44,8299
59,8299
26,8300
26,8301
8,8303
45,8307
59,8307
45,8308
23,8309
17,8311
38,8311
54,8314
55,8314
22,8315
20,8317
26,8318
24,8321
53,8325
24,8329
57,8329
11,8332
47,8333
13,8334
25,8336
8,8337
13,8337
47,8339
39,8340
54,8340
37,8342
47,8346
55,8346
42,8350
32,8351
1,8353
35,8353
2,8354
22,8355
30,8355
45,8355
1,8356
8,8356
49,8357
2,8361
1,8362
2,8363
44,8367
32,8369
25,8376
7,8378
51,8380
3,8381
4,8382
21,8382
29,8383
30,8383
23,8384
5,8385
4,8387
35,8387
36,8388
5,8389
3,8390
37,8390
31,8396
26,8397
45,8398
57,8400
34,8402
60,8403
7,8403
21,8403
43,8404
16,8409
23,8413
49,8418
22,8419
19,8421
11,8427
51,8427
43,8429
33,8430
45,8432
52,8432
46,8433
52,8433
47,8435
59,8436
56,8437
58,8441
9,8443
29,8447
60,8448
23,8449
13,8451
42,8451
40,8457
3,8458
5,8459
4,8460
26,8460
5,8461
19,8462
4,8464
3,8467
32,8468
37,8468
54,8470
53,8471
6,8472
22,8472
41,8472
36,8476
59,8477
59,8478
22,8481
18,8483
15,8485
22,8491
27,8491
31,8492
39,8492
60,8493
19,8494
37,8495
50,8495
3,8498
54,8498
5,8499
43,8499
48,8500
5,8501
45,8501
4,8503
4,8504
24,8504
42,8505
3,8506
17,8506
23,8510
3,8512
4,8513
3,8514
39,8514
42,8514
5,8515
4,8517
5,8518
45,8525
19,8526
45,8527
8,8532
40,8532
51,8532
50,8536
43,8538
48,8539
33,8540
42,8542
41,8545
1,8546
58,8546
2,8547
31,8547
59,8547
8,8549
46,8549
1,8550
2,8551
9,8552
27,8553
1,8555
3,8555
2,8556
5,8556
13,8556
22,8556
4,8557
3,8559
36,8559
57,8559
49,8561
18,8562
5,8563
20,8563
4,8564
9,8565
17,8566
45,8566
4,8571
21,8572
35,8574
53,8574
31,8578
43,8578
52,8578
19,8583
29,8583
28,8584
57,8587
23,8589
40,8589
60,8592
20,8592
14,8593
60,8594
28,8597
56,8597
10,8600
46,8601
51,8604
19,8605
49,8606
34,8607
54,8607
30,8608
50,8608
42,8610
42,8611
33,8615
2,8616
23,8620
51,8622
1,8627
2,8628
12,8628
1,8629
2,8630
1,8632
3,8632
2,8633
59,8633
4,8634
8,8636
5,8637
5,8638
18,8638
35,8638
48,8640
4,8642
22,8642
41,8645
46,8645
53,8646
3,8648
23,8648
1,8649
9,8649
47,8649
31,8651
37,8652
2,8653
6,8653
1,8654
25,8656
1,8657
33,8657
40,8657
16,8658
2,8659
14,8659
48,8659
21,8660
15,8661
2,8662
12,8662
58,8662
37,8665
53,8665
35,8666
17,8670
57,8673
14,8674
43,8674
28,8675
33,8675
37,8676
52,8677
50,8678
33,8680
19,8681
39,8681
47,8681
59,8681
11,8683
28,8686
13,8691
37,8691
26,8693
32,8693
14,8694
8,8697
12,8699
48,8701
11,8702
36,8704
60,8705
20,8714
44,8714
50,8715
12,8719
14,8719
41,8719
8,8720
9,8727
1,8729
17,8729
2,8730
1,8731
43,8731
1,8732
44,8732
2,8733
57,8733
2,8734
38,8735
3,8738
26,8739
4,8740
5,8741
5,8742
4,8743
3,8744
17,8744
26,8745
27,8745
51,8745
36,8747
60,8748
23,8749
36,8749
24,8750
14,8752
16,8752
57,8752
19,8753
33,8754
39,8754
45,8754
19,8756
42,8756
23,8761
59,8762
13,8763
24,8763
44,8763
24,8768
32,8769
38,8772
8,8779
24,8780
34,8780
18,8781
41,8784
46,8784
6,8787
13,8787
18,8787
16,8788
29,8789
24,8790
10,8791
7,8792
19,8794
29,8795
28,8798
42,8798
45,8798
34,8799
50,8800
55,8800
12,8804
17,8804
34,8804
36,8804
46,8808
1,8810
34,8810
14,8811
3,8813
30,8813
1,8814
2,8815
11,8815
2,8816
4,8816
16,8816
5,8817
13,8817
5,8819
1,8820
3,8820
2,8821
48,8821
4,8822
3,8823
45,8823
7,8824
5,8825
41,8826
29,8828
27,8829
5,8831
4,8832
4,8833
30,8833
3,8834
3,8837
5,8838
4,8839
13,8839
5,8840
3,8842
13,8843
4,8844
30,8844
20,8846
20,8848
17,8849
45,8850
42,8852
22,8854
22,8855
30,8856
51,8857
35,8858
14,8859
54,8859
16,8861
7,8862
46,8868
1,8869
2,8870
1,8871
3,8871
2,8872
1,8873
47,8873
2,8877
32,8879
15,8881
47,8881
7,8882
39,8883
23,8885
33,8890
9,8892
49,8895
15,8899
42,8899
27,8901
28,8901
53,8904
60,8905
50,8909
54,8909
51,8913
56,8913
20,8914
55,8914
59,8915
27,8917
48,8917
43,8919
53,8929
12,8934
15,8935
14,8938
19,8940
45,8940
53,8940
1,8942
2,8943
1,8946
2,8947
52,8947
1,8948
2,8949
43,8954
36,8956
14,8960
11,8961
32,8962
40,8968
46,8974
9,8975
22,8976
47,8978
14,8981
19,8982
28,8984
59,8986
7,8988
1,8991
1,8992
36,8992
2,8993
11,8993
36,8993
1,8994
57,8994
2,8995
14,8996
2,8997
32,8999
34,9004
45,9004
6,9006
19,9006
21,9007
53,9007
51,9008
46,9012
46,9014
51,9014
22,9015
27,9015
30,9018
50,9019
48,9023
37,9025
36,9026
50,9027
53,9027
12,9029
38,9029
56,9031
57,9032
24,9036
27,9036
1,9039
13,9039
18,9040
32,9040
2,9041
1,9042
2,9044
10,9045
45,9046
46,9046
1,9047
3,9047
4,9048
2,9049
16,9049
5,9050
20,9051
7,9052
31,9055
4,9056
8,9056
50,9056
47,9057
5,9058
43,9058
35,9060
3,9061
5,9061
21,9063
28,9063
50,9063
7,9064
56,9064
3,9066
4,9067
4,9069
3,9070
59,9070
5,9071
5,9072
59,9073
22,9074
24,9075
47,9076
58,9077
13,9078
13,9079
48,9080
25,9086
4,9091
58,9091
31,9092
36,9092
58,9095
18,9097
29,9098
35,9100
16,9101
15,9107
10,9109
51,9111
12,9112
15,9114
21,9114
6,9115
46,9115
55,9115
27,9116
18,9117
39,9117
21,9119
40,9124
1,9126
57,9126
33,9128
1,9129
25,9130
2,9131
43,9131
1,9132
30,9133
37,9134
53,9135
2,9136
21,9136
49,9137
3,9138
5,9139
36,9139
54,9139
2,9140
5,9140
56,9140
14,9141
60,9142
4,9142
3,9144
59,9144
4,9145
8,9149
14,9153
42,9156
32,9157
24,9158
48,9158
31,9159
54,9161
60,9162
30,9165
21,9166
11,9170
36,9171
3,9175
29,9175
60,9176
4,9176
5,9177
7,9177
21,9178
22,9179
48,9180
5,9182
41,9183
4,9185
3,9186
13,9186
40,9186
58,9187
17,9188
1,9190
1,9191
7,9193
28,9194
2,9195
9,9195
51,9195
2,9196
1,9197
2,9199
22,9199
8,9204
6,9208
7,9208
38,9208
7,9211
13,9213
9,9214
37,9217
55,9217
59,9218
16,9219
23,9221
35,9222
31,9225
33,9226
59,9226
44,9227
49,9227
21,9228
10,9229
31,9229
1,9230
25,9231
2,9232
38,9232
37,9233
1,9234
20,9234
2,9235
1,9236
2,9237
17,9238
32,9242
46,9242
55,9243
7,9247
28,9249
47,9254
49,9254
6,9255
44,9255
29,9257
52,9258
6,9260
43,9260
14,9265
49,9265
31,9267
31,9271
32,9272
60,9274
55,9276
55,9277
18,9280
20,9280
26,9281
58,9283
35,9285
32,9286
8,9287
26,9287
1,9289
4,9289
46,9290
51,9290
1,9291
15,9291
2,9292
1,9293
12,9293
39,9294
2,9295
23,9295
2,9296
3,9297
5,9298
37,9299
5,9300
17,9301
4,9302
4,9303
3,9305
58,9307
37,9309
1,9311
15,9312
57,9312
58,9312
57,9313
58,9314
1,9315
43,9315
58,9317
9,9318
19,9318
23,9318
43,9318
19,9320
60,9322
27,9322
33,9323
30,9325
59,9325
40,9327
43,9327
58,9329
20,9330
34,9331
43,9331
28,9332
59,9332
59,9334
11,9335
35,9340
50,9340
1,9344
20,9344
34,9344
7,9345
36,9345
29,9346
22,9348
27,9348
55,9348
1,9349
45,9350
2,9353
21,9353
1,9354
54,9355
40,9357
2,9358
3,9359
2,9360
4,9360
5,9361
46,9361
3,9363
4,9364
5,9366
16,9367
47,9369
40,9370
19,9372
31,9372
24,9373
49,9379
3,9381
24,9381
4,9382
29,9382
35,9382
5,9383
45,9383
3,9384
24,9384
34,9384
5,9385
21,9387
4,9388
43,9390
29,9392
24,9394
39,9394
8,9396
31,9396
35,9396
57,9396
6,9399
47,9399
47,9400
16,9401
1,9402
49,9402
1,9404
54,9404
2,9407
51,9407
1,9408
23,9408
26,9408
2,9410
2,9412
58,9412
26,9415
1,9416
20,9416
1,9417
18,9418
2,9421
42,9422
13,9423
1,9424
2,9426
29,9427
2,9430
37,9433
24,9435
3,9438
21,9439
21,9440
46,9440
60,9441
16,9441
33,9444
48,9451
10,9452
27,9455
26,9459
20,9461
38,9462
49,9463
52,9463
25,9465
57,9465
25,9467
47,9467
53,9467
12,9468
17,9468
7,9469
3,9473
55,9474
4,9475
5,9477
5,9478
4,9482
3,9483
43,9483
28,9484
44,9484
43,9485
4,9487
28,9488
58,9488
24,9489
47,9490
56,9490
51,9491
30,9492
58,9492
12,9493
3,9494
14,9494
22,9495
5,9496
1,9499
1,9500
4,9500
13,9500
2,9501
4,9502
2,9503
15,9503
1,9504
5,9504
3,9505
10,9505
16,9505
41,9505
54,9505
24,9506
2,9507
34,9507
3,9508
6,9512
8,9512
49,9513
4,9514
34,9514
37,9514
40,9514
3,9516
58,9516
34,9517
50,9517
5,9519
32,9519
5,9520
21,9520
4,9521
14,9521
29,9522
39,9522
42,9525
23,9526
36,9526
28,9527
17,9529
52,9529
50,9533
59,9535
13,9545
60,9546
16,9549
23,9549
25,9549
53,9550
1,9552
14,9553
21,9554
36,9554
2,9561
32,9561
3,9566
15,9566
5,9567
45,9570
2,9572
5,9572
4,9573
60,9574
3,9575
4,9576
28,9576
58,9577
36,9586
51,9586
12,9588
14,9589
41,9589
27,9590
31,9592
49,9592
50,9593
36,9596
46,9602
1,9603
19,9603
57,9603
2,9604
1,9607
2,9609
37,9609
60,9610
1,9610
2,9611
28,9614
46,9616
10,9617
13,9619
34,9619
47,9619
58,9619
60,9620
52,9622
46,9623
48,9623
15,9626
43,9628
7,9629
53,9631
26,9636
44,9636
44,9637
19,9642
42,9644
27,9651
15,9656
53,9657
37,9661
3,9662
14,9662
5,9663
4,9665
4,9666
8,9667
3,9669
11,9669
27,9669
60,9670
5,9670
35,9671
11,9672
55,9672
59,9672
26,9673
58,9673
6,9674
28,9675
29,9675
41,9675
48,9675
17,9681
3,9683
5,9684
36,9685
4,9687
47,9688
57,9688
3,9689
15,9689
5,9690
4,9692
47,9692
9,9695
50,9698
29,9699
18,9700
51,9700
38,9701
12,9704
31,9706
14,9707
51,9707
28,9708
1,9710
2,9711
52,9711
1,9712
12,9712
13,9712
3,9715
57,9715
5,9716
27,9716
49,9717
2,9718
1,9719
4,9720
2,9721
5,9721
3,9722
45,9722
59,9723
4,9724
43,9724
45,9724
51,9724
59,9724
42,9725
3,9726
33,9726
5,9727
57,9727
5,9728
44,9728
4,9729
3,9730
4,9731
44,9732
37,9733
52,9736
39,9739
29,9740
44,9740
42,9741
1,9746
15,9749
2,9750
49,9750
1,9751
33,9752
2,9753
7,9753
1,9754
2,9757
14,9759
1,9761
2,9762
1,9763
39,9763
44,9763
2,9764
19,9765
23,9765
57,9767
1,9768
36,9768
2,9769
7,9773
39,9778
60,9779
32,9779
18,9781
3,9783
4,9784
1,9785
5,9785
3,9786
1,9787
5,9788
2,9789
4,9789
2,9790
40,9790
1,9792
2,9794
24,9800
52,9805
47,9806
28,9807
1,9809
2,9810
1,9812
2,9813
58,9813
36,9814
1,9816
2,9818
48,9821
21,9823
25,9823
34,9825
36,9825
42,9828
14,9833
7,9836
12,9836
27,9840
3,9841
13,9842
13,9843
4,9844
5,9846
47,9846
5,9847
33,9848
60,9849
4,9850
6,9850
58,9850
3,9854
30,9859
33,9861
56,9861
17,9863
15,9864
3,9865
18,9865
5,9866
15,9866
4,9867
5,9868
19,9871
3,9872
6,9872
4,9873
10,9873
47,9875
10,9876
10,9877
47,9882
21,9884
8,9885
55,9885
43,9886
11,9891
26,9891
59,9892
27,9894
24,9895
27,9897
9,9898
28,9898
55,9898
54,9902
56,9904
37,9907
42,9908
25,9910
6,9911
46,9911
60,9919
18,9920
35,9920
3,9923
12,9923
18,9923
33,9923
28,9925
4,9926
36,9927
3,9930
58,9930
5,9931
1,9932
51,9932
1,9934
4,9935
59,9935
2,9936
5,9936
48,9936
2,9937
1,9939
2,9940
21,9944
48,9945
34,9948
55,9950
10,9952
33,9952
3,9954
4,9956
6,9956
5,9957
14,9957
30,9958
4,9959
3,9961
1,9962
1,9964
5,9964
8,9964
53,9964
2,9965
3,9966
20,9966
22,9967
4,9968
40,9968
1,9969
5,9969
2,9970
3,9970
24,9970
54,9970
4,9971
45,9972
2,9973
5,9973
24,9974
44,9974
52,9975
11,9977
13,9977
15,9978
36,9983
2,9984
56,9986
26,9989
6,9990
19,9991
60,9994
5,9996
59,9996
42,9999
