16,1
26,2
57,2
3,3
4,4
18,5
44,5
1,7
5,8
4,9
3,10
1,12
17,12
5,13
2,15
28,15
2,16
3,16
5,17
38,17
4,18
36,18
52,19
1,20
5,20
3,21
2,22
4,25
44,25
6,31
55,35
28,36
36,37
27,44
55,45
49,46
17,49
33,49
53,49
7,51
11,52
16,52
43,53
30,64
60,65
52,66
59,66
1,68
6,68
1,70
2,71
18,71
2,72
44,72
1,76
3,76
2,77
1,78
1,79
4,80
5,81
3,82
2,84
1,85
2,86
4,88
5,89
59,89
2,92
32,93
7,95
45,95
46,95
36,96
58,98
49,99
30,102
22,103
13,104
12,108
36,109
5,112
7,112
28,113
54,114
33,119
46,119
26,121
41,125
42,126
48,126
39,128
46,128
18,132
57,132
1,135
50,136
39,137
2,138
1,139
11,139
29,139
2,141
21,141
27,142
10,143
18,143
26,144
16,145
1,146
53,148
33,149
2,150
27,150
47,150
57,153
5,158
55,162
20,164
38,166
9,168
12,173
38,177
56,178
10,180
49,182
60,184
16,185
37,187
24,188
59,196
30,198
48,201
20,203
20,205
54,206
24,208
58,208
42,211
16,213
31,216
50,217
55,218
34,219
1,221
33,223
54,223
39,224
18,227
54,227
23,228
48,229
33,236
38,236
58,236
56,237
51,242
30,244
42,248
47,263
53,265
20,266
27,266
27,270
15,271
7,273
48,273
16,274
37,278
60,280
17,281
48,283
59,284
26,285
45,287
48,287
32,288
56,289
36,291
55,291
17,300
3,301
49,301
4,302
4,303
57,303
5,304
31,305
25,306
3,307
5,311
29,311
51,312
56,312
56,314
21,318
27,320
59,320
22,328
12,330
25,332
41,332
29,333
36,339
46,339
14,341
38,341
49,341
30,345
43,348
50,356
38,357
47,359
18,360
26,360
36,360
1,362
47,362
29,363
1,365
37,366
2,367
58,367
2,368
57,368
1,369
37,370
2,371
42,371
24,374
49,378
11,380
57,381
7,383
53,384
59,384
20,387
45,387
51,389
31,391
25,392
55,395
59,395
43,396
25,397
57,398
14,399
55,399
10,400
53,401
49,402
22,404
38,404
21,406
6,410
37,411
49,413
17,414
38,414
28,415
16,417
20,417
38,417
53,419
11,421
44,422
51,422
46,424
15,425
53,425
3,426
4,427
32,427
19,428
56,430
27,432
52,433
28,434
53,434
37,435
3,437
5,438
58,439
60,440
5,440
25,441
4,442
42,443
53,443
4,444
11,451
3,452
21,452
4,453
31,453
43,455
3,457
5,460
20,460
21,462
5,465
31,465
56,465
51,467
4,468
11,471
33,473
18,476
45,476
48,478
24,481
55,482
44,483
45,483
51,483
31,486
6,487
16,488
19,493
28,497
26,498
28,498
33,498
50,499
14,502
56,502
11,504
19,505
34,505
20,506
31,506
43,506
47,506
32,507
36,507
58,510
38,514
44,514
52,515
38,517
13,518
38,519
21,521
3,527
4,528
13,528
38,528
55,528
3,529
24,529
58,529
5,530
36,531
17,532
9,533
5,534
4,538
27,538
32,538
1,541
12,541
1,542
3,542
29,542
2,543
4,543
45,543
2,544
4,544
56,544
1,545
14,545
2,546
5,546
21,547
3,548
8,548
22,550
5,551
49,551
53,553
13,556
25,558
9,560
11,560
18,562
53,565
11,567
29,567
37,568
3,572
4,573
35,574
4,575
19,575
34,575
3,576
18,576
31,576
5,578
5,579
9,581
33,581
49,581
50,583
45,585
22,586
48,589
10,593
4,595
23,595
29,597
3,598
4,599
39,600
5,601
58,601
59,603
3,604
4,605
39,605
40,605
53,606
37,607
48,608
5,609
11,610
18,610
50,611
28,614
17,615
58,615
5,616
13,616
52,618
7,619
19,626
32,628
31,635
51,639
7,642
25,653
50,656
24,659
56,659
35,661
22,662
33,663
41,664
7,666
54,669
6,670
42,670
34,677
1,679
53,679
2,680
50,680
1,681
50,681
52,682
2,683
16,685
35,685
49,685
1,686
41,686
2,687
12,692
39,696
3,697
22,697
5,698
20,699
43,699
6,700
4,701
43,702
4,704
5,705
11,705
13,705
20,705
57,705
45,706
3,707
15,709
27,709
43,709
52,711
14,712
41,713
6,718
41,719
44,721
10,723
33,724
55,726
53,727
17,731
21,732
58,732
37,734
60,735
52,736
1,738
2,739
1,740
2,740
10,740
26,740
1,741
15,741
2,743
2,745
1,746
3,748
52,748
4,749
3,750
2,751
5,751
1,753
5,753
26,753
2,754
4,754
8,756
1,758
46,758
60,759
2,761
3,764
13,764
4,765
4,766
3,767
26,767
5,768
50,769
59,769
43,771
5,772
31,772
57,772
22,773
34,774
9,775
42,777
42,778
56,781
40,783
52,784
25,785
5,786
3,788
27,789
4,790
45,790
3,791
5,792
30,794
4,795
36,796
17,797
5,799
41,799
59,800
18,803
8,807
58,808
39,809
55,809
37,810
48,810
34,818
16,820
31,820
27,825
11,826
31,826
57,826
42,830
44,830
45,830
57,832
56,833
26,836
27,836
35,838
27,839
6,841
20,842
52,842
41,848
52,848
8,849
34,849
16,850
18,850
3,852
44,852
47,852
5,853
58,853
5,855
4,856
3,860
4,862
6,864
50,864
1,866
31,866
2,867
35,867
1,868
3,869
23,869
25,869
2,870
4,870
5,871
10,871
23,871
42,871
1,872
3,872
44,872
2,873
5,876
53,876
54,876
4,880
24,881
34,881
35,882
46,882
32,884
55,884
56,885
57,885
12,886
13,888
16,888
22,888
8,890
23,890
14,892
40,892
3,893
6,893
5,895
10,895
4,897
39,898
26,899
44,899
5,900
12,900
4,901
3,902
36,902
7,907
9,907
19,911
35,911
8,913
46,914
41,915
8,916
20,921
15,922
9,924
55,926
23,928
17,930
41,931
14,933
38,935
45,936
10,938
26,938
27,939
21,940
23,940
50,944
20,946
20,947
19,951
41,952
1,955
29,955
45,955
1,956
1,957
2,958
2,959
48,959
10,960
1,961
35,961
49,964
5,966
20,967
43,967
59,967
2,968
29,969
8,972
14,972
34,972
26,976
59,976
19,977
59,977
12,981
23,981
27,981
31,983
18,987
7,991
58,993
59,993
29,994
10,998
8,999
58,999
36,1000
18,1003
11,1004
56,1005
17,1006
23,1008
43,1008
44,1008
31,1009
33,1009
26,1010
27,1015
8,1016
22,1016
45,1016
56,1016
11,1017
46,1017
28,1021
9,1023
43,1023
58,1023
38,1025
29,1027
56,1028
3,1030
44,1030
4,1033
30,1033
31,1033
5,1034
11,1034
4,1035
54,1036
59,1036
46,1037
3,1038
41,1038
13,1039
5,1040
39,1040
1,1042
31,1042
36,1042
2,1044
40,1044
1,1046
54,1046
1,1048
2,1049
22,1049
37,1049
2,1051
30,1056
37,1056
45,1058
10,1059
16,1059
3,1062
53,1062
58,1062
4,1063
40,1064
57,1064
5,1065
18,1065
3,1067
50,1067
4,1068
21,1068
41,1069
5,1070
10,1070
35,1070
7,1072
29,1072
27,1079
16,1083
35,1083
3,1084
56,1087
1,1089
2,1090
6,1090
31,1091
34,1092
44,1092
1,1093
9,1093
1,1095
2,1096
2,1097
19,1097
59,1097
12,1100
38,1100
3,1105
12,1105
5,1106
23,1108
46,1108
4,1109
28,1109
29,1109
4,1110
17,1110
3,1111
24,1113
35,1113
5,1114
28,1114
6,1115
19,1118
53,1121
31,1122
46,1123
12,1132
22,1136
38,1139
53,1141
3,1143
13,1143
17,1143
39,1144
5,1146
4,1149
58,1149
5,1150
4,1152
25,1152
51,1152
22,1154
25,1155
3,1156
14,1158
16,1158
44,1159
56,1162
60,1166
1,1166
7,1166
2,1168
3,1169
1,1170
36,1170
5,1171
5,1172
1,1174
4,1174
50,1174
2,1175
2,1176
4,1176
13,1177
3,1179
35,1180
3,1181
12,1181
4,1182
34,1182
34,1183
5,1185
55,1185
59,1185
3,1188
25,1188
38,1188
4,1191
46,1191
5,1192
28,1192
27,1197
10,1198
41,1198
13,1199
43,1201
48,1202
20,1203
53,1204
38,1206
46,1206
43,1207
60,1212
3,1213
5,1214
48,1215
9,1216
19,1219
5,1220
4,1222
1,1223
4,1223
3,1224
57,1225
22,1227
34,1227
32,1238
55,1240
13,1241
40,1243
21,1244
47,1245
6,1253
19,1255
22,1257
37,1259
3,1260
4,1262
22,1263
5,1264
5,1265
3,1268
46,1269
57,1269
11,1271
20,1271
55,1271
11,1272
46,1273
10,1275
4,1276
8,1276
43,1277
21,1279
18,1280
46,1280
23,1281
32,1281
24,1282
7,1283
14,1283
34,1285
48,1286
42,1288
51,1290
24,1291
1,1292
37,1292
2,1293
1,1294
24,1294
1,1295
30,1295
34,1295
2,1296
9,1297
32,1297
34,1297
2,1298
51,1298
1,1299
46,1300
58,1300
17,1301
1,1302
38,1302
25,1303
2,1304
54,1304
46,1306
2,1307
10,1307
1,1309
17,1309
57,1310
2,1312
22,1312
3,1315
17,1316
24,1316
35,1316
41,1316
4,1317
22,1317
4,1318
33,1318
5,1320
60,1321
5,1321
47,1321
3,1322
52,1324
57,1324
53,1327
58,1331
25,1332
18,1333
49,1333
47,1337
35,1339
46,1343
27,1345
3,1346
4,1349
3,1350
30,1350
5,1352
4,1353
5,1355
41,1355
17,1356
33,1361
44,1363
30,1364
35,1366
18,1369
42,1369
3,1371
4,1372
5,1374
3,1375
17,1375
20,1375
4,1376
6,1377
37,1377
38,1377
30,1378
5,1379
59,1379
49,1380
33,1381
40,1382
20,1384
47,1384
3,1385
38,1385
59,1386
23,1388
57,1388
5,1390
22,1390
5,1392
4,1393
16,1394
3,1395
6,1396
4,1397
44,1399
54,1399
56,1400
9,1416
28,1422
16,1423
51,1423
20,1424
31,1424
1,1427
1,1429
2,1430
34,1430
2,1431
1,1433
18,1433
49,1433
2,1434
39,1434
42,1435
20,1437
55,1437
32,1438
46,1438
41,1440
57,1443
49,1445
28,1447
50,1448
12,1452
22,1455
52,1455
54,1455
38,1459
48,1459
3,1462
36,1462
4,1463
4,1464
3,1465
12,1465
5,1466
59,1468
60,1469
5,1472
7,1473
37,1473
60,1477
33,1477
24,1479
38,1485
50,1487
52,1488
59,1488
56,1493
3,1494
29,1494
30,1494
5,1495
22,1496
43,1496
13,1498
14,1499
4,1500
3,1501
5,1502
30,1502
36,1502
4,1503
18,1503
25,1503
25,1507
31,1511
7,1514
31,1515
27,1517
54,1517
14,1518
59,1518
30,1523
32,1524
1,1525
45,1526
48,1526
1,1527
6,1527
44,1527
2,1528
12,1528
2,1529
1,1530
53,1530
2,1531
13,1531
30,1531
1,1534
13,1536
41,1537
1,1538
2,1540
1,1541
2,1542
2,1543
45,1543
60,1545
27,1545
46,1545
9,1546
3,1549
42,1551
19,1552
4,1553
8,1553
56,1553
5,1554
60,1557
35,1557
3,1559
54,1559
60,1561
4,1562
5,1563
15,1566
35,1566
14,1569
6,1570
37,1571
15,1572
26,1575
42,1575
18,1581
36,1583
1,1585
1,1586
6,1586
2,1589
9,1589
1,1590
56,1590
22,1591
2,1592
22,1592
24,1593
2,1594
18,1594
11,1601
48,1602
54,1603
34,1609
39,1612
43,1612
1,1613
2,1614
45,1614
42,1615
1,1616
41,1616
1,1617
2,1618
2,1619
12,1622
34,1622
60,1623
16,1627
7,1631
33,1631
1,1638
1,1639
21,1639
2,1642
27,1642
2,1643
28,1643
1,1645
2,1646
26,1647
35,1647
41,1647
21,1648
51,1651
55,1651
50,1654
12,1656
6,1658
12,1659
1,1660
19,1660
2,1661
1,1663
14,1663
50,1663
10,1665
1,1666
38,1666
2,1668
2,1670
44,1672
38,1673
59,1673
37,1674
35,1676
35,1677
42,1680
3,1681
9,1681
10,1681
50,1682
4,1683
40,1683
5,1684
4,1685
9,1685
47,1685
3,1686
5,1687
8,1687
30,1687
31,1689
27,1691
12,1692
22,1694
31,1694
38,1694
45,1702
21,1707
38,1707
8,1709
8,1710
14,1712
42,1714
35,1716
44,1721
8,1723
46,1723
3,1726
15,1726
35,1726
4,1727
51,1727
5,1728
16,1728
3,1730
60,1731
5,1731
4,1732
33,1734
57,1734
3,1735
15,1735
5,1736
5,1740
4,1741
4,1742
30,1743
14,1745
3,1746
5,1747
46,1747
37,1751
52,1754
48,1757
53,1760
56,1763
47,1764
53,1764
41,1765
36,1766
34,1767
40,1768
20,1769
48,1770
34,1771
43,1771
24,1774
56,1774
51,1778
50,1779
29,1780
22,1784
26,1785
56,1786
19,1788
47,1796
22,1797
46,1799
6,1804
17,1804
29,1805
55,1806
29,1809
43,1810
50,1812
55,1812
36,1818
47,1821
34,1822
52,1822
3,1824
17,1825
37,1825
4,1826
5,1827
3,1829
4,1830
5,1831
15,1831
35,1831
16,1835
24,1836
1,1838
29,1838
10,1840
1,1841
50,1841
10,1844
2,1845
2,1846
1,1849
43,1850
2,1852
29,1852
53,1855
31,1856
27,1857
20,1859
57,1859
16,1863
28,1866
37,1866
16,1868
47,1868
58,1871
42,1881
30,1884
32,1886
53,1888
37,1889
32,1891
40,1893
19,1894
15,1898
23,1899
3,1900
1,1901
4,1901
1,1902
2,1903
5,1903
3,1904
13,1904
53,1904
25,1905
2,1907
1,1908
2,1909
55,1911
4,1912
43,1912
19,1913
5,1914
32,1915
36,1915
49,1915
53,1915
26,1919
41,1921
6,1922
19,1922
43,1922
58,1925
2,1930
42,1930
16,1933
46,1933
49,1933
36,1936
2,1938
35,1938
7,1940
28,1940
29,1940
12,1943
47,1944
49,1945
53,1945
1,1950
10,1953
1,1954
18,1956
2,1958
30,1958
49,1958
2,1959
1,1960
2,1961
3,1966
32,1966
47,1967
42,1969
5,1970
29,1970
48,1971
4,1973
33,1973
53,1974
5,1975
11,1975
43,1975
44,1975
4,1976
3,1977
40,1978
58,1979
38,1981
14,1983
29,1986
35,1986
20,1987
30,1988
15,1989
24,1992
1,1999
2,2000
53,2001
1,2002
15,2002
1,2003
42,2004
2,2005
6,2006
60,2007
55,2007
43,2011
2,2012
23,2012
22,2015
52,2015
47,2020
12,2021
42,2021
12,2023
30,2028
1,2029
49,2029
2,2030
36,2030
59,2030
1,2031
2,2032
45,2032
1,2033
2,2034
31,2034
57,2034
40,2035
3,2036
5,2038
4,2039
16,2039
3,2040
12,2040
5,2041
4,2042
56,2044
51,2046
21,2049
28,2050
10,2051
47,2051
58,2052
58,2056
56,2059
37,2064
30,2066
28,2071
8,2072
39,2072
15,2077
19,2082
40,2082
19,2083
36,2084
3,2085
1,2086
4,2086
32,2087
3,2088
10,2088
60,2089
4,2090
48,2090
5,2091
2,2092
5,2092
1,2093
54,2093
1,2095
50,2095
47,2096
55,2096
3,2097
2,2098
4,2098
30,2098
5,2100
10,2100
46,2101
5,2102
33,2102
2,2103
3,2104
36,2104
4,2105
9,2105
33,2107
10,2111
11,2112
14,2114
19,2114
52,2115
15,2120
30,2121
49,2121
21,2123
42,2126
52,2126
3,2127
55,2128
1,2129
1,2131
4,2131
2,2132
5,2132
41,2132
3,2133
5,2134
4,2135
27,2137
2,2138
46,2138
1,2139
23,2139
56,2139
2,2141
48,2142
59,2143
7,2144
27,2144
50,2145
22,2148
51,2151
28,2152
33,2157
40,2157
24,2164
48,2164
19,2165
14,2172
25,2172
32,2176
60,2181
42,2181
45,2182
38,2185
58,2186
40,2191
14,2192
57,2193
6,2194
24,2194
22,2197
1,2200
2,2202
50,2202
1,2203
31,2203
1,2204
2,2205
23,2206
56,2206
2,2207
14,2208
11,2209
23,2209
3,2212
22,2214
41,2216
21,2221
14,2223
46,2224
11,2225
52,2226
9,2227
47,2231
11,2232
46,2233
55,2234
6,2235
41,2235
42,2235
46,2238
30,2240
35,2240
58,2240
10,2241
3,2242
5,2244
53,2244
27,2245
52,2245
5,2246
50,2246
4,2247
35,2247
4,2248
58,2248
1,2250
3,2250
1,2251
37,2251
11,2252
40,2252
2,2253
1,2254
3,2254
22,2254
2,2255
5,2255
35,2255
5,2257
4,2258
53,2258
55,2259
2,2260
3,2260
4,2261
17,2261
9,2263
47,2263
58,2265
50,2269
15,2271
28,2271
8,2273
42,2273
49,2273
38,2274
32,2278
32,2279
14,2281
44,2281
25,2287
43,2287
58,2288
42,2290
39,2293
53,2293
12,2295
60,2296
43,2302
12,2303
43,2303
20,2307
31,2308
35,2310
50,2311
51,2311
45,2312
59,2312
19,2313
3,2318
4,2319
45,2319
5,2320
11,2320
44,2320
49,2321
3,2322
5,2323
20,2323
4,2324
39,2324
21,2325
17,2328
16,2330
25,2331
30,2331
11,2335
26,2335
13,2338
14,2340
19,2341
43,2341
34,2342
3,2352
4,2354
52,2355
42,2356
43,2356
55,2356
5,2357
40,2357
5,2358
3,2359
4,2362
22,2363
12,2370
21,2372
26,2375
47,2379
39,2380
47,2380
21,2381
20,2382
58,2382
58,2385
44,2386
23,2390
52,2395
56,2396
10,2397
3,2402
14,2403
45,2403
4,2404
35,2404
3,2405
35,2407
5,2408
12,2409
58,2409
23,2410
5,2411
4,2412
24,2415
30,2417
22,2418
26,2418
37,2425
12,2429
23,2429
56,2429
10,2430
49,2431
59,2431
10,2432
32,2434
34,2434
40,2436
38,2438
14,2440
39,2441
17,2444
36,2446
32,2447
38,2447
19,2448
23,2449
49,2449
25,2451
1,2455
19,2455
48,2458
2,2459
54,2459
1,2461
55,2461
1,2463
2,2464
2,2465
6,2465
28,2470
11,2473
43,2473
58,2476
10,2479
35,2482
27,2483
58,2484
53,2485
58,2486
13,2487
44,2487
24,2488
31,2488
34,2488
59,2489
12,2491
47,2492
17,2499
17,2501
60,2503
20,2503
51,2504
3,2506
5,2507
21,2507
35,2508
52,2508
5,2509
4,2510
3,2511
4,2512
29,2512
60,2521
42,2521
43,2528
18,2536
41,2541
24,2542
52,2542
3,2544
51,2544
59,2544
1,2545
5,2545
46,2545
4,2548
2,2549
4,2549
5,2550
1,2551
1,2552
3,2552
2,2553
2,2554
16,2554
22,2556
24,2558
29,2558
3,2560
4,2562
39,2562
48,2566
3,2567
20,2568
31,2568
5,2569
51,2569
4,2570
7,2570
21,2570
5,2571
6,2573
52,2574
11,2576
12,2576
32,2585
46,2588
27,2589
52,2589
12,2590
15,2590
19,2590
43,2595
1,2597
8,2597
22,2598
2,2599
22,2599
1,2600
2,2601
1,2602
2,2604
15,2604
14,2605
56,2606
51,2607
38,2608
3,2609
12,2610
39,2610
45,2610
25,2611
4,2612
3,2613
5,2614
5,2615
4,2618
46,2620
51,2620
60,2622
34,2622
39,2630
3,2633
56,2633
4,2635
3,2636
5,2637
26,2638
4,2640
5,2641
7,2645
35,2649
6,2651
25,2651
3,2652
34,2653
5,2654
23,2655
4,2656
35,2656
36,2656
5,2657
32,2657
32,2658
3,2659
41,2659
11,2660
4,2662
40,2664
56,2667
16,2669
35,2669
44,2669
46,2672
20,2673
10,2677
25,2677
3,2678
41,2678
4,2679
3,2680
4,2681
5,2683
5,2684
50,2686
50,2687
26,2690
1,2692
2,2694
1,2696
32,2698
2,2699
35,2702
41,2702
1,2703
36,2703
2,2704
12,2706
23,2708
8,2709
3,2712
22,2713
26,2713
53,2714
17,2716
29,2717
18,2719
14,2727
31,2733
44,2733
16,2734
41,2737
26,2740
9,2741
51,2743
52,2744
21,2747
21,2748
55,2748
25,2751
3,2753
4,2754
5,2755
3,2757
4,2759
31,2759
5,2760
30,2760
36,2761
55,2762
14,2765
10,2766
59,2768
53,2769
21,2771
57,2772
54,2779
48,2780
26,2784
51,2784
24,2785
44,2786
6,2787
52,2790
40,2791
2,2795
27,2795
13,2798
19,2798
34,2798
38,2798
27,2803
60,2804
1,2805
32,2805
21,2806
9,2809
37,2809
60,2810
6,2810
11,2813
24,2815
47,2817
11,2818
46,2818
54,2818
55,2818
60,2820
21,2820
52,2821
39,2825
52,2825
9,2826
39,2826
20,2828
21,2828
54,2831
13,2832
26,2832
20,2835
34,2836
19,2838
48,2839
58,2843
41,2844
12,2845
22,2847
44,2847
21,2848
23,2848
43,2848
24,2849
57,2852
7,2853
53,2854
3,2855
5,2857
14,2857
4,2859
5,2860
3,2861
22,2863
4,2864
14,2867
42,2868
3,2870
4,2871
4,2872
10,2872
30,2872
5,2874
5,2878
40,2878
38,2879
3,2883
46,2884
59,2885
53,2886
13,2887
44,2888
14,2890
6,2892
45,2893
3,2895
47,2895
4,2897
19,2897
5,2899
57,2899
3,2901
4,2902
4,2904
25,2904
5,2905
32,2905
59,2906
51,2909
29,2911
54,2911
59,2913
38,2917
11,2919
59,2919
40,2921
54,2921
29,2924
34,2927
37,2928
6,2930
34,2930
1,2931
2,2933
1,2934
51,2934
2,2936
1,2937
38,2938
45,2939
2,2940
35,2946
50,2946
12,2950
24,2951
35,2952
59,2952
56,2959
23,2963
44,2963
3,2964
58,2964
4,2966
4,2967
1,2968
21,2969
46,2970
1,2971
2,2972
5,2972
37,2972
2,2973
1,2975
3,2975
5,2976
2,2977
53,2977
31,2979
18,2980
26,2980
26,2985
57,2986
29,2987
53,2988
33,2989
40,2990
59,2991
19,2992
9,2993
13,2993
59,2994
47,2995
1,2996
26,2996
26,2997
1,2998
2,2999
10,2999
43,2999
2,3000
6,3000
31,3000
1,3002
11,3003
24,3003
2,3004
60,3005
55,3006
30,3007
28,3008
34,3009
39,3015
37,3016
18,3018
58,3018
16,3020
13,3021
53,3023
45,3027
42,3028
27,3029
3,3033
4,3036
35,3036
3,3037
37,3037
4,3038
8,3039
5,3041
5,3042
18,3042
27,3043
19,3046
25,3047
11,3048
17,3050
26,3050
55,3050
41,3051
47,3053
50,3056
1,3057
1,3058
3,3061
5,3062
19,3063
2,3064
2,3065
39,3065
4,3066
1,3067
4,3067
16,3067
3,3068
36,3068
32,3069
2,3070
5,3070
16,3072
25,3074
20,3077
49,3077
29,3080
50,3081
26,3082
51,3082
11,3083
36,3084
38,3085
57,3085
3,3089
43,3089
4,3090
34,3090
5,3091
11,3092
5,3094
3,3095
10,3095
15,3096
27,3096
56,3096
4,3097
14,3097
33,3099
26,3109
51,3113
55,3113
12,3114
13,3114
24,3116
14,3121
60,3124
13,3125
27,3126
31,3128
19,3129
10,3130
28,3133
28,3138
54,3138
34,3140
13,3143
17,3143
34,3144
36,3146
41,3147
36,3150
6,3151
26,3155
12,3158
23,3160
3,3161
4,3162
27,3162
47,3162
58,3163
5,3164
35,3166
4,3167
9,3167
1,3168
5,3168
18,3169
39,3169
1,3170
2,3172
3,3172
53,3172
29,3173
42,3173
54,3174
2,3175
40,3175
1,3176
50,3176
2,3177
15,3179
27,3186
51,3186
34,3189
7,3190
32,3190
51,3190
44,3191
53,3195
19,3199
45,3203
35,3204
3,3207
28,3207
30,3207
4,3208
58,3208
3,3209
4,3210
55,3210
5,3212
5,3213
19,3213
20,3213
22,3213
45,3215
49,3215
24,3216
35,3216
43,3216
50,3216
22,3217
58,3217
37,3218
34,3219
20,3222
31,3222
50,3222
34,3225
51,3231
38,3232
16,3233
17,3233
3,3235
4,3236
31,3237
57,3237
5,3238
16,3238
23,3238
5,3240
53,3241
1,3246
4,3246
3,3247
6,3247
2,3249
3,3249
59,3249
1,3250
1,3251
5,3251
17,3252
28,3252
2,3254
4,3255
4,3256
2,3257
3,3257
15,3259
1,3261
5,3261
2,3262
1,3263
2,3264
46,3266
1,3268
2,3271
23,3273
6,3277
36,3277
55,3278
20,3282
12,3283
56,3283
53,3285
40,3287
49,3290
3,3295
5,3298
4,3299
43,3299
3,3300
11,3300
4,3301
5,3302
29,3303
3,3304
4,3305
4,3306
28,3306
5,3307
17,3309
13,3310
22,3311
3,3312
31,3314
4,3315
53,3315
5,3317
52,3317
29,3319
6,3320
18,3325
29,3325
12,3327
41,3327
41,3328
9,3332
3,3334
4,3335
3,3336
13,3336
12,3337
5,3338
48,3338
52,3338
24,3340
46,3341
4,3342
5,3343
53,3344
13,3345
23,3345
43,3345
45,3345
9,3349
56,3357
58,3359
21,3360
20,3362
60,3363
1,3364
54,3364
1,3367
3,3368
5,3369
5,3370
35,3370
45,3370
56,3370
2,3371
4,3371
9,3371
24,3371
1,3372
3,3372
27,3372
4,3373
6,3373
2,3374
39,3374
2,3375
19,3380
13,3381
19,3381
8,3388
15,3388
45,3389
44,3390
55,3392
37,3393
39,3393
50,3393
59,3395
58,3399
1,3400
60,3401
1,3402
2,3403
15,3403
10,3404
2,3405
1,3406
44,3406
2,3408
25,3409
54,3412
10,3414
59,3415
1,3416
2,3417
13,3417
16,3417
42,3417
1,3420
45,3420
1,3422
2,3424
12,3424
39,3424
2,3425
8,3425
44,3429
18,3432
13,3435
15,3438
16,3439
16,3440
57,3440
33,3442
47,3442
31,3443
32,3445
15,3448
30,3448
46,3448
12,3449
44,3450
10,3451
48,3451
6,3453
31,3456
31,3459
35,3460
9,3461
11,3462
17,3465
8,3466
22,3467
17,3477
43,3477
44,3477
45,3477
6,3478
8,3483
7,3486
38,3486
5,3493
55,3493
32,3494
37,3494
60,3495
28,3497
29,3497
31,3498
9,3501
58,3507
16,3508
28,3511
46,3511
22,3513
57,3513
55,3515
40,3517
10,3518
12,3519
33,3519
27,3524
12,3525
52,3528
25,3530
32,3530
36,3532
19,3533
30,3533
7,3535
31,3535
46,3536
56,3546
57,3547
14,3550
33,3550
28,3557
10,3560
40,3560
47,3560
17,3566
42,3566
47,3566
7,3567
18,3568
5,3571
33,3573
53,3573
37,3574
52,3574
47,3575
33,3576
54,3578
18,3581
32,3583
26,3584
8,3585
52,3588
14,3589
20,3589
1,3591
12,3591
18,3591
36,3592
1,3593
34,3593
57,3593
36,3594
2,3595
20,3595
38,3596
1,3597
52,3597
2,3599
2,3600
18,3600
34,3601
47,3604
39,3605
56,3605
37,3607
3,3608
11,3610
46,3611
6,3612
35,3612
39,3612
12,3617
38,3620
28,3622
32,3622
15,3623
41,3625
16,3627
54,3629
48,3637
52,3637
7,3638
35,3639
36,3640
17,3642
5,3643
36,3644
13,3645
46,3645
16,3646
1,3647
34,3648
1,3649
2,3650
2,3652
1,3653
52,3653
2,3654
56,3654
2,3656
24,3660
31,3660
46,3662
43,3666
52,3667
14,3669
27,3670
3,3671
4,3673
4,3674
5,3675
12,3676
23,3677
3,3678
13,3678
31,3678
4,3680
5,3680
56,3682
19,3684
24,3684
1,3685
37,3685
13,3687
1,3690
41,3690
44,3690
2,3691
2,3692
36,3694
59,3694
1,3696
16,3696
2,3697
50,3697
56,3701
1,3704
1,3707
10,3709
52,3709
2,3711
2,3712
58,3712
1,3713
3,3713
2,3714
5,3714
27,3715
4,3716
49,3716
39,3717
57,3717
3,3718
5,3720
4,3721
26,3721
12,3725
13,3725
17,3726
11,3730
27,3731
4,3735
46,3738
20,3740
56,3740
24,3741
25,3744
47,3749
56,3749
7,3751
29,3751
39,3752
51,3753
47,3754
57,3755
27,3763
18,3766
30,3767
40,3768
7,3771
8,3771
19,3772
14,3774
6,3775
9,3777
29,3778
37,3779
44,3779
29,3781
38,3781
44,3782
43,3784
14,3785
28,3788
33,3788
54,3788
10,3791
12,3793
14,3794
17,3799
41,3799
49,3804
50,3804
24,3805
10,3807
24,3808
50,3809
45,3811
36,3816
10,3817
3,3822
4,3823
26,3823
45,3823
5,3825
31,3825
4,3826
3,3827
13,3827
35,3827
5,3829
3,3830
4,3831
9,3831
5,3832
24,3832
43,3832
17,3834
3,3835
9,3835
4,3836
9,3837
57,3838
5,3839
48,3840
57,3841
40,3843
18,3845
1,3848
2,3850
1,3851
1,3852
2,3853
2,3854
28,3854
30,3855
47,3855
12,3858
15,3859
24,3860
27,3861
40,3861
37,3862
51,3863
20,3864
48,3868
45,3869
56,3872
34,3873
41,3881
29,3883
38,3886
3,3889
42,3889
1,3890
4,3891
5,3892
1,3893
4,3893
2,3894
3,3894
2,3896
56,3897
1,3898
29,3898
39,3898
2,3899
5,3899
32,3900
53,3901
1,3903
45,3903
55,3903
2,3904
58,3904
3,3905
1,3906
5,3906
2,3907
37,3907
56,3907
1,3911
4,3911
3,3912
2,3914
4,3914
48,3914
59,3914
5,3915
55,3915
10,3917
53,3917
23,3918
8,3919
51,3919
15,3920
28,3920
29,3920
46,3921
33,3922
48,3926
46,3931
43,3934
32,3935
30,3936
23,3937
16,3938
9,3940
36,3942
49,3942
42,3943
47,3943
12,3947
32,3948
59,3954
24,3956
43,3956
6,3961
18,3961
27,3961
22,3963
24,3966
37,3966
48,3967
30,3971
42,3971
19,3972
40,3972
51,3972
22,3974
30,3977
7,3979
28,3979
41,3981
44,3981
44,3982
47,3982
48,3983
1,3985
7,3990
30,3993
38,3996
54,4000
11,4001
38,4001
29,4003
31,4005
23,4010
55,4010
26,4012
58,4016
14,4018
52,4019
6,4021
21,4021
12,4031
29,4032
45,4036
21,4038
3,4040
39,4041
4,4043
4,4044
7,4044
5,4045
1,4047
29,4049
1,4050
3,4050
24,4050
2,4051
58,4051
13,4052
22,4052
1,4053
5,4053
10,4053
2,4054
21,4055
2,4056
28,4057
17,4058
34,4062
14,4063
1,4065
28,4065
1,4066
3,4066
4,4067
2,4068
5,4068
38,4068
39,4068
3,4069
16,4069
31,4070
52,4071
4,4073
5,4074
46,4074
16,4075
32,4077
2,4078
26,4078
1,4079
2,4080
56,4082
42,4089
16,4092
47,4092
8,4095
9,4095
59,4095
1,4096
5,4097
2,4098
1,4099
31,4099
2,4100
41,4100
45,4100
54,4100
1,4103
2,4104
57,4107
44,4108
56,4108
16,4110
20,4110
42,4110
56,4110
54,4113
43,4115
41,4119
7,4121
21,4122
44,4122
12,4123
34,4129
3,4132
4,4133
3,4134
5,4135
24,4135
4,4137
57,4137
1,4138
5,4138
26,4138
9,4139
28,4139
1,4140
2,4142
1,4143
30,4144
2,4145
40,4145
19,4146
2,4147
3,4147
48,4147
57,4147
29,4148
55,4149
5,4152
18,4152
4,4153
18,4155
4,4156
5,4157
29,4158
3,4160
54,4161
26,4163
26,4164
27,4164
50,4164
45,4166
30,4167
45,4168
57,4168
28,4170
43,4171
37,4173
27,4174
53,4175
49,4176
27,4178
41,4178
25,4179
41,4180
47,4180
36,4182
35,4183
56,4183
4,4185
5,4185
54,4186
27,4188
55,4188
14,4189
25,4189
53,4189
12,4192
19,4194
25,4194
39,4195
9,4197
3,4200
60,4201
57,4201
33,4202
49,4202
24,4205
15,4206
17,4206
35,4209
33,4211
18,4217
22,4224
32,4225
46,4225
57,4225
60,4227
33,4229
52,4232
59,4232
31,4233
16,4235
23,4235
10,4237
39,4238
14,4239
35,4239
3,4240
54,4240
4,4241
55,4241
3,4243
40,4243
47,4243
5,4245
14,4245
24,4246
5,4248
4,4249
6,4249
34,4253
3,4256
59,4256
5,4257
5,4259
31,4260
4,4261
4,4262
20,4262
3,4263
31,4263
48,4263
36,4264
32,4265
54,4265
33,4266
48,4268
18,4270
1,4272
2,4274
1,4275
13,4276
29,4278
1,4279
2,4280
52,4280
2,4281
47,4281
1,4283
12,4283
37,4283
26,4284
6,4287
16,4287
7,4294
54,4294
60,4295
19,4297
39,4298
25,4299
17,4304
20,4304
49,4304
14,4306
51,4306
50,4308
27,4309
32,4309
9,4310
21,4311
38,4311
13,4313
16,4314
21,4314
58,4318
53,4319
24,4321
50,4323
51,4327
46,4330
13,4331
7,4333
53,4335
21,4336
41,4338
30,4342
32,4343
37,4343
51,4346
30,4352
11,4353
17,4353
1,4361
1,4362
2,4363
13,4363
57,4364
2,4365
20,4366
53,4367
9,4368
56,4368
37,4369
1,4370
52,4371
2,4372
55,4374
11,4375
56,4376
45,4378
56,4378
50,4381
60,4382
3,4382
5,4384
26,4384
4,4385
5,4386
37,4386
3,4387
1,4388
4,4389
1,4390
2,4391
1,4392
53,4392
51,4393
53,4393
2,4394
40,4394
56,4394
2,4396
26,4401
15,4402
36,4404
40,4407
26,4411
3,4412
56,4412
5,4414
36,4414
39,4414
4,4415
50,4415
54,4416
5,4417
3,4420
4,4421
1,4423
51,4423
22,4427
1,4428
40,4428
2,4429
2,4432
29,4432
25,4433
1,4436
59,4436
2,4437
60,4439
52,4440
45,4441
14,4442
28,4443
45,4447
9,4448
49,4451
38,4452
41,4452
47,4454
3,4455
23,4455
4,4457
27,4457
53,4457
3,4458
60,4459
5,4459
4,4460
53,4460
5,4461
8,4466
53,4466
17,4467
3,4468
22,4468
4,4469
55,4469
1,4470
5,4470
4,4472
41,4472
2,4473
56,4473
3,4474
1,4475
5,4475
1,4476
59,4476
2,4477
31,4478
44,4479
2,4480
21,4480
28,4480
30,4481
12,4482
23,4483
56,4483
5,4490
29,4491
60,4493
28,4493
58,4493
24,4495
25,4496
56,4499
17,4502
23,4506
25,4507
46,4507
38,4509
1,4510
20,4510
35,4511
45,4511
1,4512
38,4512
2,4515
27,4516
9,4518
2,4519
22,4521
1,4522
2,4523
19,4523
23,4523
21,4524
45,4525
14,4526
45,4526
17,4530
1,4531
59,4531
1,4532
11,4532
23,4533
2,4534
25,4534
14,4537
16,4537
2,4538
29,4538
1,4539
2,4540
24,4540
49,4541
18,4545
28,4545
39,4547
1,4549
1,4550
18,4551
23,4552
47,4552
2,4553
1,4554
7,4555
42,4556
41,4557
2,4559
38,4559
7,4560
2,4561
21,4561
3,4562
6,4562
4,4563
10,4563
60,4564
5,4565
3,4567
19,4567
5,4569
4,4573
17,4575
10,4576
21,4576
13,4577
33,4577
4,4580
24,4582
37,4583
43,4583
43,4584
50,4586
22,4587
26,4587
10,4589
50,4591
3,4592
40,4592
18,4593
28,4593
44,4593
5,4594
48,4595
55,4595
4,4598
4,4600
26,4600
5,4601
24,4601
26,4601
3,4602
44,4603
26,4607
17,4609
24,4610
56,4619
23,4629
14,4630
50,4631
45,4632
20,4637
4,4638
28,4639
31,4639
59,4639
59,4640
33,4641
34,4642
23,4643
22,4644
36,4644
54,4648
16,4649
43,4649
12,4652
18,4655
19,4655
3,4657
31,4658
4,4659
38,4659
43,4660
52,4660
41,4661
4,4662
5,4664
5,4666
36,4666
41,4667
3,4669
8,4669
21,4672
59,4672
28,4673
3,4677
27,4677
14,4678
30,4678
4,4679
47,4679
5,4681
4,4682
10,4682
45,4682
59,4685
12,4686
47,4686
3,4687
8,4687
25,4687
5,4688
53,4689
3,4690
4,4693
29,4695
40,4695
3,4697
5,4700
40,4700
53,4701
4,4702
47,4702
5,4703
55,4705
52,4708
18,4710
37,4710
15,4711
40,4711
31,4713
17,4714
18,4714
1,4715
11,4715
2,4718
1,4722
54,4722
46,4723
43,4725
60,4726
30,4726
26,4727
54,4727
2,4728
44,4729
1,4730
2,4731
37,4733
55,4733
26,4734
53,4738
47,4740
22,4741
32,4745
45,4746
25,4749
39,4749
21,4752
3,4754
32,4754
23,4755
5,4756
27,4756
5,4757
4,4758
4,4759
30,4759
20,4761
25,4762
54,4762
3,4763
5,4763
19,4764
19,4766
28,4767
12,4770
16,4771
10,4776
60,4779
20,4783
22,4783
3,4789
1,4790
5,4790
1,4792
4,4792
2,4795
4,4795
60,4796
5,4796
16,4796
2,4797
33,4797
49,4797
1,4798
2,4799
7,4800
26,4801
3,4802
14,4802
17,4802
1,4804
37,4804
1,4805
58,4805
2,4807
7,4807
1,4809
40,4809
32,4810
19,4811
2,4812
2,4814
60,4815
49,4816
14,4818
17,4818
32,4818
35,4819
40,4820
8,4823
27,4823
28,4823
43,4824
16,4825
51,4825
32,4826
44,4826
34,4828
46,4828
49,4833
17,4834
22,4837
23,4837
37,4838
7,4839
8,4840
12,4841
39,4843
47,4846
50,4848
32,4850
24,4855
49,4855
30,4858
46,4858
60,4862
55,4862
39,4864
32,4870
32,4871
23,4872
6,4873
11,4873
37,4874
1,4875
14,4875
51,4876
16,4878
52,4878
54,4878
1,4880
43,4880
2,4883
7,4883
2,4884
1,4886
29,4887
2,4889
16,4890
45,4892
51,4898
11,4899
59,4899
44,4900
51,4900
8,4901
10,4901
8,4902
36,4902
55,4902
7,4905
14,4906
45,4907
42,4909
19,4914
57,4915
59,4916
25,4917
1,4919
2,4920
15,4921
53,4922
1,4924
1,4925
2,4927
27,4927
2,4929
14,4930
37,4931
22,4934
6,4936
7,4938
18,4938
25,4940
44,4943
15,4944
4,4945
34,4951
37,4952
48,4952
9,4953
27,4953
51,4955
28,4957
57,4960
50,4962
3,4965
53,4965
5,4966
19,4966
37,4966
5,4967
36,4967
4,4968
39,4968
52,4968
3,4969
19,4971
4,4972
13,4972
43,4972
60,4974
17,4975
1,4979
2,4979
32,4979
2,4980
9,4980
1,4981
39,4981
2,4983
1,4984
2,4987
46,4994
28,4995
50,4995
14,4996
26,4996
35,4996
38,4996
29,5004
34,5005
42,5006
51,5009
13,5011
53,5013
12,5014
56,5014
24,5015
3,5016
5,5017
55,5017
5,5018
35,5019
4,5021
8,5021
29,5021
37,5022
48,5026
60,5027
4,5027
39,5027
8,5028
27,5029
50,5029
3,5030
23,5032
29,5036
30,5036
45,5037
37,5040
56,5040
28,5041
3,5049
5,5050
42,5050
5,5051
4,5055
48,5055
4,5056
60,5058
3,5059
36,5059
19,5063
21,5063
17,5065
59,5065
37,5068
53,5072
8,5075
8,5076
50,5077
48,5078
6,5083
44,5084
46,5084
14,5085
15,5085
7,5086
15,5086
24,5088
15,5089
40,5091
1,5094
44,5095
2,5096
59,5096
1,5097
1,5098
44,5099
8,5100
37,5101
2,5102
2,5103
7,5104
40,5104
12,5105
44,5105
23,5111
8,5115
6,5116
31,5117
50,5120
29,5121
42,5125
7,5126
39,5129
52,5129
3,5131
12,5131
55,5131
4,5132
36,5132
52,5132
5,5133
4,5134
33,5135
56,5136
60,5139
5,5139
3,5140
13,5147
57,5152
26,5154
48,5156
36,5158
54,5158
14,5159
44,5159
5,5161
7,5161
21,5165
59,5165
41,5168
56,5172
51,5179
42,5180
7,5182
9,5184
49,5184
23,5185
48,5185
46,5192
32,5193
40,5193
13,5197
49,5199
30,5201
40,5206
36,5210
53,5210
42,5211
43,5211
20,5213
43,5213
10,5214
51,5218
39,5219
1,5220
27,5220
2,5221
1,5222
16,5223
53,5223
1,5224
27,5224
6,5225
54,5225
45,5226
58,5226
2,5227
52,5227
2,5228
27,5237
28,5237
49,5240
60,5241
19,5245
41,5245
13,5246
31,5246
40,5246
16,5251
43,5251
3,5252
43,5252
4,5254
5,5257
5,5261
23,5261
4,5262
44,5263
3,5264
45,5265
52,5267
56,5267
49,5268
32,5270
49,5271
42,5274
43,5274
14,5278
16,5278
17,5278
28,5278
56,5278
47,5283
14,5285
30,5285
31,5285
3,5286
5,5287
12,5288
32,5288
5,5289
28,5291
59,5292
7,5293
4,5294
40,5294
3,5295
4,5296
30,5296
55,5296
45,5299
3,5300
4,5301
12,5301
31,5301
5,5302
26,5302
3,5304
12,5304
4,5305
46,5305
5,5306
35,5307
34,5311
1,5314
1,5315
23,5315
2,5317
57,5317
2,5318
18,5318
1,5319
3,5319
36,5319
5,5320
39,5320
4,5321
56,5321
2,5324
3,5324
42,5325
4,5326
1,5327
5,5328
2,5329
40,5329
1,5332
2,5334
30,5334
8,5336
1,5337
18,5337
2,5338
30,5340
12,5341
30,5342
1,5344
47,5344
17,5345
50,5345
15,5349
24,5350
55,5354
37,5355
12,5356
49,5358
41,5363
45,5363
50,5363
34,5364
15,5365
52,5365
39,5366
30,5367
55,5369
1,5370
19,5370
2,5371
10,5371
1,5372
35,5372
1,5373
54,5373
2,5374
31,5374
2,5376
54,5376
5,5377
30,5379
11,5390
58,5391
1,5392
1,5393
2,5394
20,5394
37,5394
57,5395
60,5398
2,5399
1,5402
2,5403
20,5403
26,5409
52,5409
56,5409
24,5410
40,5411
11,5413
21,5417
60,5419
37,5419
13,5420
22,5423
27,5423
56,5423
10,5425
16,5429
44,5429
6,5432
54,5432
51,5434
51,5436
23,5437
27,5437
60,5438
3,5440
39,5440
30,5441
36,5441
4,5444
17,5444
38,5444
4,5445
3,5446
5,5448
53,5450
5,5451
3,5452
5,5453
10,5453
4,5454
10,5454
59,5454
4,5456
29,5456
5,5457
3,5458
38,5458
60,5463
50,5467
28,5468
51,5470
6,5471
15,5472
25,5474
29,5474
49,5474
21,5476
13,5477
52,5478
12,5485
22,5485
2,5493
60,5495
21,5495
27,5495
34,5495
38,5495
54,5496
47,5498
60,5503
39,5505
60,5510
59,5510
15,5511
35,5511
35,5513
20,5516
53,5516
54,5517
55,5518
29,5519
55,5519
13,5521
37,5522
34,5523
38,5524
60,5525
48,5525
16,5527
24,5527
23,5529
50,5529
31,5530
20,5532
1,5533
2,5534
1,5536
1,5537
57,5537
32,5538
40,5538
54,5539
50,5540
6,5541
30,5542
2,5544
2,5546
45,5547
44,5551
19,5553
12,5554
1,5556
44,5556
1,5557
2,5558
1,5559
31,5560
2,5561
2,5562
17,5563
20,5564
40,5564
34,5565
3,5567
4,5571
4,5572
34,5572
3,5573
5,5575
5,5578
3,5580
35,5580
4,5581
58,5582
5,5583
17,5583
5,5584
22,5584
4,5585
57,5586
9,5587
46,5587
3,5588
45,5588
23,5593
45,5593
27,5595
6,5598
12,5601
25,5601
36,5601
22,5602
52,5603
9,5604
42,5605
55,5608
16,5612
27,5612
39,5614
34,5615
46,5615
44,5617
42,5619
23,5621
53,5621
35,5624
22,5625
39,5629
13,5630
33,5632
43,5632
5,5634
30,5634
43,5634
3,5637
1,5638
3,5638
59,5638
2,5639
4,5639
16,5639
1,5640
31,5640
2,5641
1,5642
2,5644
3,5645
36,5648
45,5648
52,5648
5,5651
4,5652
5,5653
42,5653
43,5654
16,5655
13,5657
26,5657
49,5661
43,5662
60,5663
34,5663
6,5664
24,5664
3,5666
5,5667
7,5667
52,5667
4,5668
4,5669
11,5670
16,5670
5,5672
27,5672
60,5673
50,5673
3,5674
25,5674
30,5679
56,5679
16,5680
15,5681
33,5684
11,5691
32,5693
37,5693
10,5695
42,5696
7,5697
54,5708
42,5709
7,5710
33,5711
43,5711
51,5711
55,5711
7,5714
3,5716
4,5717
36,5717
4,5718
5,5719
20,5719
3,5721
1,5722
2,5723
5,5723
1,5725
57,5725
47,5726
1,5727
2,5728
22,5728
2,5729
56,5731
11,5734
16,5736
59,5736
35,5741
48,5741
1,5742
56,5743
44,5745
51,5746
39,5747
13,5748
21,5749
32,5750
38,5752
22,5753
55,5753
17,5755
30,5755
48,5755
28,5756
13,5757
51,5760
27,5761
44,5761
20,5762
3,5764
4,5765
5,5766
19,5766
31,5766
53,5766
3,5768
28,5769
41,5769
5,5771
6,5771
17,5773
4,5774
16,5775
3,5776
55,5776
4,5777
5,5778
29,5778
5,5779
4,5780
17,5780
3,5781
42,5781
44,5782
42,5785
27,5786
48,5786
45,5798
48,5798
38,5802
57,5803
1,5808
3,5808
46,5809
56,5810
1,5811
39,5811
53,5811
55,5811
2,5812
2,5813
5,5813
23,5814
1,5815
4,5815
22,5815
38,5815
2,5816
5,5819
3,5820
4,5821
48,5822
17,5825
35,5826
7,5827
10,5829
17,5830
26,5830
3,5831
4,5832
5,5834
4,5836
59,5836
4,5838
5,5839
3,5840
18,5842
22,5843
22,5845
46,5847
60,5848
37,5853
44,5853
56,5853
21,5855
17,5857
52,5857
13,5858
29,5858
1,5859
2,5860
21,5860
1,5861
33,5861
1,5864
2,5867
2,5868
3,5868
9,5869
4,5870
5,5871
36,5871
3,5873
4,5874
53,5875
5,5876
43,5876
8,5879
14,5879
22,5881
31,5881
33,5881
49,5881
60,5883
14,5887
52,5888
52,5892
3,5894
4,5895
53,5896
5,5897
41,5897
43,5897
3,5898
23,5898
5,5900
4,5901
54,5905
22,5906
1,5907
41,5908
47,5908
2,5909
19,5909
1,5910
11,5910
13,5910
13,5911
1,5912
21,5912
48,5912
29,5913
2,5914
15,5914
2,5915
1,5919
43,5919
46,5919
1,5920
24,5921
2,5922
40,5922
28,5923
31,5923
1,5924
21,5925
2,5926
15,5926
1,5927
19,5927
3,5929
2,5930
4,5931
5,5932
5,5934
3,5935
4,5937
30,5937
22,5938
6,5940
19,5949
29,5949
25,5951
52,5956
41,5957
10,5958
20,5958
34,5958
15,5959
31,5960
14,5961
37,5961
3,5964
5,5966
25,5966
5,5967
42,5967
4,5969
41,5969
4,5970
17,5970
34,5970
3,5971
60,5974
9,5975
1,5984
48,5984
2,5985
1,5986
2,5987
1,5990
46,5992
53,5992
2,5994
55,5995
23,5998
34,5998
36,6001
17,6016
20,6018
39,6018
57,6021
13,6024
41,6027
44,6028
9,6030
48,6033
35,6037
7,6039
6,6040
54,6044
20,6045
10,6046
10,6051
40,6052
11,6055
38,6057
40,6058
47,6058
47,6063
47,6066
58,6068
36,6069
29,6072
33,6074
23,6076
3,6078
4,6079
3,6080
4,6083
30,6083
5,6084
5,6087
8,6094
13,6094
15,6094
8,6095
43,6095
31,6097
29,6098
45,6105
1,6106
35,6106
1,6107
2,6107
1,6108
36,6108
1,6109
38,6110
2,6111
2,6113
14,6113
34,6114
12,6115
40,6120
20,6122
29,6122
57,6122
49,6123
33,6124
24,6125
40,6125
42,6128
17,6130
45,6130
14,6131
37,6131
45,6132
19,6134
55,6135
36,6136
42,6138
27,6139
59,6148
59,6150
20,6154
3,6160
59,6160
1,6161
5,6161
58,6161
1,6162
4,6162
2,6164
2,6165
10,6168
14,6168
4,6169
1,6170
5,6170
2,6171
3,6171
10,6171
32,6171
42,6171
56,6173
43,6176
27,6178
32,6179
24,6181
1,6182
2,6183
1,6185
2,6186
21,6186
1,6187
6,6187
2,6188
48,6190
6,6194
18,6194
24,6194
33,6198
20,6199
7,6202
23,6204
28,6204
57,6204
50,6205
8,6206
20,6206
52,6207
60,6208
38,6210
44,6214
53,6220
38,6221
31,6227
42,6228
48,6229
43,6230
11,6232
25,6237
1,6238
24,6238
1,6239
40,6239
16,6240
2,6242
10,6242
1,6243
2,6244
37,6245
2,6246
40,6248
45,6248
23,6249
29,6250
1,6251
51,6252
57,6253
20,6255
24,6256
32,6258
58,6259
12,6262
7,6263
30,6264
46,6265
3,6267
4,6269
40,6269
3,6270
5,6273
4,6274
34,6275
37,6275
5,6276
57,6277
48,6280
53,6280
42,6281
48,6282
46,6283
20,6284
45,6287
12,6288
23,6289
53,6292
21,6295
24,6295
30,6296
49,6297
51,6297
10,6298
41,6298
41,6301
54,6302
6,6303
37,6305
3,6307
54,6308
5,6309
50,6309
5,6310
4,6312
4,6314
3,6316
51,6316
1,6317
33,6317
35,6318
1,6319
47,6321
27,6323
2,6324
16,6324
1,6325
1,6326
16,6326
57,6326
2,6330
50,6330
34,6332
2,6334
27,6335
28,6335
6,6336
46,6337
12,6341
47,6341
22,6345
56,6345
28,6346
13,6349
36,6354
44,6357
59,6357
41,6359
30,6360
39,6360
7,6361
53,6364
7,6365
43,6366
9,6368
24,6369
15,6371
34,6371
23,6373
15,6374
25,6377
40,6377
12,6378
41,6381
15,6382
34,6382
17,6383
39,6386
8,6395
29,6396
3,6399
5,6400
49,6401
1,6403
5,6404
33,6404
42,6404
1,6406
4,6406
35,6406
24,6407
37,6407
16,6408
17,6408
2,6409
24,6409
4,6410
2,6411
1,6412
3,6412
2,6415
34,6419
33,6422
10,6423
53,6423
1,6425
1,6426
2,6428
11,6428
1,6429
14,6430
2,6431
2,6432
54,6434
41,6435
3,6437
15,6437
5,6438
32,6438
34,6438
33,6440
42,6441
25,6442
7,6443
5,6445
19,6445
4,6446
39,6446
3,6448
48,6448
51,6448
58,6448
45,6449
56,6449
4,6450
38,6457
48,6462
17,6463
35,6467
17,6470
6,6473
53,6473
58,6473
24,6476
39,6476
1,6477
2,6479
56,6479
1,6481
17,6482
6,6483
2,6485
9,6485
1,6486
2,6487
41,6489
48,6492
53,6492
50,6505
23,6508
54,6509
22,6510
35,6511
52,6511
54,6513
24,6514
21,6516
37,6516
50,6516
58,6518
51,6521
21,6526
7,6532
41,6532
54,6533
46,6536
24,6537
3,6540
4,6542
5,6544
26,6544
1,6547
5,6547
40,6548
2,6549
4,6550
1,6551
3,6551
2,6553
1,6554
2,6556
56,6556
18,6559
28,6560
1,6563
30,6563
1,6564
6,6565
2,6566
3,6566
7,6566
1,6567
5,6567
48,6568
4,6569
2,6570
36,6570
2,6572
5,6572
34,6573
28,6574
30,6574
3,6576
10,6576
34,6576
4,6577
28,6579
45,6586
18,6588
55,6589
21,6590
25,6592
43,6592
27,6593
8,6595
41,6597
34,6598
58,6598
52,6600
21,6602
31,6602
23,6603
20,6605
31,6606
6,6608
24,6612
21,6613
50,6614
52,6615
40,6617
42,6618
46,6620
1,6623
49,6623
2,6625
54,6626
1,6627
1,6629
29,6629
2,6630
10,6630
2,6632
60,6635
16,6637
9,6638
33,6644
46,6644
39,6646
40,6646
15,6648
29,6649
31,6656
50,6656
23,6658
20,6659
3,6662
5,6664
4,6665
5,6667
18,6671
3,6672
46,6672
4,6676
1,6680
34,6680
2,6682
28,6682
35,6682
1,6683
2,6684
21,6684
41,6684
1,6685
2,6686
46,6689
29,6690
35,6690
50,6691
3,6692
20,6692
35,6692
39,6692
1,6694
30,6694
28,6695
52,6695
5,6696
4,6697
4,6698
43,6698
5,6699
35,6699
3,6700
51,6700
32,6702
41,6702
45,6702
60,6704
31,6704
14,6705
36,6705
37,6705
49,6705
40,6713
41,6713
18,6719
1,6727
11,6727
15,6727
52,6727
2,6728
48,6729
1,6730
2,6731
39,6731
44,6731
60,6732
1,6732
43,6732
2,6733
10,6733
49,6733
47,6737
42,6738
57,6738
18,6739
46,6739
3,6740
4,6742
5,6743
4,6744
5,6745
3,6746
9,6746
18,6748
29,6748
47,6753
38,6754
45,6754
31,6756
8,6758
51,6762
38,6764
22,6766
3,6767
5,6769
4,6770
6,6770
36,6770
5,6771
36,6771
4,6775
41,6776
3,6777
16,6780
19,6781
36,6783
47,6785
24,6786
54,6786
30,6787
13,6790
39,6790
45,6791
50,6791
17,6792
35,6792
20,6793
37,6793
58,6793
1,6796
10,6796
42,6796
1,6797
53,6797
2,6799
1,6800
2,6801
30,6802
48,6803
2,6804
51,6807
14,6810
35,6811
3,6816
16,6816
29,6816
3,6818
4,6819
34,6820
1,6821
5,6821
2,6822
5,6822
4,6823
3,6824
1,6825
2,6827
3,6828
5,6829
1,6830
4,6830
4,6831
2,6832
5,6832
3,6833
36,6834
10,6835
32,6835
58,6835
37,6836
47,6837
12,6838
60,6839
3,6839
15,6840
27,6840
4,6842
4,6843
16,6844
44,6844
7,6845
5,6847
3,6848
58,6848
5,6849
12,6849
45,6849
30,6857
40,6858
52,6859
1,6863
4,6863
2,6864
14,6866
1,6867
2,6869
19,6869
48,6869
1,6871
37,6871
2,6873
18,6876
55,6879
56,6879
55,6880
19,6881
1,6884
40,6886
42,6886
46,6886
57,6886
1,6887
3,6888
2,6890
4,6890
1,6892
5,6893
58,6893
2,6894
4,6894
3,6895
5,6896
36,6896
2,6898
59,6898
17,6899
33,6901
4,6907
52,6908
14,6912
35,6912
8,6913
18,6919
33,6919
35,6920
50,6921
36,6924
42,6924
23,6925
49,6926
47,6929
56,6931
15,6932
36,6933
40,6934
56,6934
41,6935
18,6942
56,6944
40,6946
22,6947
16,6952
25,6952
6,6953
48,6954
56,6955
45,6957
23,6958
13,6961
43,6962
56,6964
39,6966
49,6966
1,6967
1,6968
2,6971
10,6971
11,6971
2,6972
1,6973
58,6973
2,6974
10,6978
26,6978
36,6978
10,6983
30,6983
33,6984
31,6985
3,6986
31,6986
4,6987
36,6987
56,6989
4,6990
5,6991
5,6992
3,6993
17,6993
44,6993
46,6993
16,6995
16,6997
41,6997
46,7001
33,7003
14,7004
13,7007
53,7008
39,7009
39,7011
45,7012
19,7016
33,7019
24,7020
54,7020
14,7024
31,7024
27,7026
20,7027
31,7028
52,7029
1,7031
51,7035
28,7036
53,7036
34,7038
36,7039
21,7040
51,7040
19,7043
36,7044
39,7044
16,7045
7,7052
53,7052
46,7053
47,7053
3,7054
7,7054
54,7059
34,7060
47,7062
27,7063
39,7067
12,7072
49,7072
24,7073
3,7086
15,7086
23,7086
4,7087
5,7089
5,7091
11,7091
4,7092
16,7092
1,7093
3,7093
1,7094
2,7095
2,7096
31,7096
1,7097
40,7098
2,7099
11,7106
35,7106
18,7108
48,7109
29,7112
15,7117
1,7118
39,7118
46,7118
1,7119
8,7119
28,7119
2,7121
2,7122
1,7123
2,7124
17,7124
32,7125
8,7131
55,7134
35,7135
26,7136
32,7138
42,7142
51,7145
16,7146
8,7147
25,7147
49,7148
46,7150
58,7153
18,7156
33,7156
21,7162
29,7164
6,7169
14,7171
16,7176
14,7181
36,7181
42,7181
30,7182
19,7185
16,7190
42,7192
49,7192
8,7193
21,7194
47,7197
1,7205
49,7205
1,7209
2,7213
7,7216
2,7217
26,7217
37,7218
1,7219
27,7219
34,7219
27,7220
2,7221
43,7222
54,7222
45,7225
27,7227
41,7227
37,7231
46,7232
18,7237
52,7239
31,7240
37,7240
32,7241
6,7244
4,7246
24,7249
36,7253
55,7254
47,7255
32,7256
29,7258
45,7261
55,7261
43,7268
49,7270
44,7271
38,7273
39,7274
20,7278
13,7280
28,7281
29,7281
44,7281
9,7284
19,7287
23,7287
20,7288
49,7289
55,7290
45,7292
31,7293
32,7293
25,7296
48,7297
52,7299
18,7300
15,7301
54,7301
43,7304
15,7306
18,7307
26,7307
60,7312
54,7319
35,7322
57,7322
46,7323
12,7324
3,7329
4,7331
17,7331
4,7332
9,7332
13,7333
25,7333
50,7333
59,7335
25,7336
5,7337
5,7338
3,7339
26,7341
33,7344
28,7346
13,7349
44,7350
46,7351
9,7353
54,7357
33,7360
28,7364
55,7364
33,7365
28,7376
36,7378
38,7382
55,7384
30,7385
8,7386
23,7388
28,7388
27,7389
14,7390
48,7393
23,7397
28,7401
1,7405
31,7407
51,7407
54,7407
38,7409
40,7409
2,7410
44,7410
22,7411
1,7412
11,7412
1,7413
48,7414
53,7414
2,7415
2,7416
14,7417
15,7417
37,7419
48,7421
50,7423
27,7425
33,7425
51,7427
3,7428
4,7429
31,7429
3,7433
8,7434
1,7435
2,7436
14,7436
15,7436
4,7437
5,7438
5,7439
1,7441
17,7441
26,7441
37,7441
1,7442
34,7442
2,7443
2,7446
26,7447
51,7452
28,7453
9,7455
39,7457
25,7460
7,7461
2,7463
22,7464
35,7464
16,7466
28,7469
8,7470
25,7470
26,7470
29,7472
45,7472
22,7477
36,7477
48,7477
60,7482
53,7482
3,7487
34,7488
47,7490
4,7491
1,7493
5,7493
1,7494
5,7494
35,7494
2,7495
4,7495
37,7495
44,7495
1,7496
3,7497
21,7497
2,7499
15,7501
22,7501
2,7503
20,7506
21,7507
50,7510
6,7513
16,7514
54,7516
56,7516
7,7521
53,7522
39,7526
42,7528
6,7529
33,7529
38,7531
49,7540
27,7542
23,7543
55,7546
55,7547
29,7548
34,7551
23,7552
33,7552
18,7553
59,7555
1,7556
2,7557
7,7557
1,7558
24,7559
8,7562
35,7562
1,7563
2,7564
47,7564
2,7567
34,7568
50,7568
32,7569
60,7573
10,7574
47,7574
54,7574
3,7581
4,7582
3,7583
5,7584
4,7585
26,7585
5,7586
3,7589
5,7590
5,7591
4,7592
52,7593
3,7594
1,7596
9,7596
32,7596
4,7597
15,7600
16,7600
26,7600
1,7603
42,7603
1,7606
38,7607
2,7608
2,7609
1,7610
2,7612
1,7617
1,7618
2,7619
2,7620
1,7621
53,7621
2,7622
3,7622
5,7623
28,7623
20,7624
4,7626
4,7627
22,7627
27,7627
3,7629
7,7630
5,7631
46,7634
25,7635
38,7636
17,7639
28,7639
2,7640
15,7640
41,7640
44,7640
49,7640
15,7642
3,7645
5,7646
5,7647
4,7648
3,7650
41,7651
22,7652
5,7653
38,7653
4,7654
23,7655
40,7656
38,7658
39,7659
59,7662
58,7665
42,7666
4,7668
34,7668
53,7669
6,7670
39,7674
23,7682
28,7682
32,7682
28,7686
32,7686
22,7688
52,7688
53,7690
24,7693
27,7694
58,7694
26,7695
49,7698
1,7700
1,7702
2,7703
11,7703
14,7703
2,7704
29,7704
1,7706
2,7707
11,7707
16,7707
21,7707
58,7712
36,7713
56,7713
13,7715
42,7716
52,7716
41,7717
51,7718
3,7721
43,7721
4,7722
5,7723
37,7723
5,7724
4,7725
10,7725
34,7725
3,7726
39,7726
33,7729
44,7731
54,7732
37,7733
20,7736
13,7737
21,7739
24,7739
27,7739
35,7739
42,7742
1,7743
24,7743
1,7745
38,7745
56,7745
2,7747
17,7748
7,7751
54,7751
1,7753
17,7753
8,7754
22,7754
32,7754
2,7755
59,7756
2,7758
25,7760
45,7763
27,7765
18,7768
29,7769
45,7773
33,7775
34,7775
53,7775
50,7776
43,7781
27,7782
28,7782
53,7782
18,7784
25,7793
43,7795
8,7796
12,7797
17,7798
23,7798
15,7799
8,7800
11,7803
43,7804
33,7806
49,7807
47,7808
12,7812
46,7813
1,7814
1,7815
38,7815
2,7819
39,7819
51,7820
2,7821
1,7824
60,7825
2,7825
7,7825
1,7826
2,7827
1,7830
19,7831
56,7831
14,7832
12,7833
1,7834
2,7835
17,7835
48,7835
2,7837
32,7838
38,7839
45,7839
41,7840
44,7843
56,7847
53,7848
47,7849
40,7850
49,7850
20,7853
45,7853
51,7853
11,7854
46,7856
39,7857
3,7858
4,7860
56,7860
5,7861
16,7861
4,7863
5,7864
53,7864
3,7865
35,7871
27,7872
19,7874
39,7874
48,7874
7,7875
5,7876
52,7877
42,7881
14,7882
35,7882
14,7883
36,7884
54,7884
56,7885
7,7886
42,7886
7,7888
37,7888
58,7888
16,7897
30,7897
35,7897
53,7898
3,7900
37,7900
16,7901
4,7902
3,7903
5,7904
5,7905
34,7906
4,7908
9,7910
32,7912
3,7916
28,7917
59,7917
5,7918
5,7920
15,7920
4,7921
34,7921
4,7922
43,7923
18,7924
28,7924
3,7926
29,7929
24,7931
41,7942
34,7944
3,7945
39,7945
39,7946
55,7947
4,7948
22,7949
40,7949
3,7953
4,7954
12,7955
5,7956
5,7957
48,7958
16,7965
8,7967
41,7968
23,7971
25,7971
7,7974
33,7974
54,7974
32,7975
46,7975
23,7980
34,7980
58,7983
53,7984
21,7987
19,7988
52,7994
15,7995
3,8000
31,8001
42,8001
23,8004
27,8004
4,8006
5,8007
5,8008
34,8008
4,8009
25,8009
50,8009
51,8009
13,8010
31,8010
3,8011
26,8011
9,8013
6,8018
18,8019
32,8020
25,8021
1,8022
37,8024
1,8025
6,8025
2,8026
25,8027
1,8028
60,8030
2,8030
50,8030
54,8030
2,8031
4,8031
51,8032
1,8033
30,8034
2,8035
1,8036
45,8036
59,8036
1,8037
2,8040
24,8041
1,8043
2,8043
35,8044
47,8047
19,8048
39,8049
45,8050
11,8052
55,8053
24,8058
1,8060
1,8061
2,8063
12,8064
21,8064
18,8066
2,8069
1,8070
11,8070
39,8070
55,8070
2,8071
55,8072
7,8073
42,8073
48,8075
22,8077
15,8079
57,8080
18,8082
30,8083
18,8085
47,8085
58,8085
32,8086
59,8086
13,8089
58,8089
54,8093
60,8094
51,8098
55,8098
3,8100
45,8101
4,8102
4,8103
28,8103
41,8104
28,8105
47,8105
58,8105
3,8106
19,8106
36,8107
5,8108
5,8109
55,8109
1,8110
1,8111
2,8112
37,8112
1,8113
35,8113
2,8114
2,8115
53,8126
7,8127
13,8127
39,8129
6,8131
18,8131
39,8132
53,8135
6,8138
60,8139
37,8139
48,8141
1,8144
1,8145
25,8145
20,8146
49,8147
2,8149
1,8150
3,8150
7,8151
2,8152
6,8152
33,8152
4,8153
2,8154
18,8154
42,8154
48,8154
53,8155
5,8156
22,8158
8,8159
5,8160
3,8161
4,8162
3,8165
8,8165
45,8165
4,8166
18,8166
31,8168
4,8169
7,8169
38,8170
5,8171
52,8171
26,8172
11,8178
19,8178
7,8179
44,8179
5,8180
3,8181
28,8183
8,8184
40,8185
37,8189
1,8191
43,8191
2,8192
41,8192
1,8193
1,8194
2,8195
2,8196
14,8197
27,8198
46,8198
13,8199
51,8199
51,8200
11,8206
43,8209
17,8210
42,8210
46,8210
18,8214
10,8215
58,8216
12,8219
11,8221
41,8223
1,8227
29,8227
2,8229
1,8230
55,8231
1,8232
2,8234
2,8236
27,8237
6,8238
59,8239
39,8242
20,8245
17,8246
21,8247
21,8250
41,8250
19,8253
14,8255
58,8257
16,8262
5,8263
27,8266
38,8269
56,8270
14,8273
36,8274
45,8274
49,8276
34,8277
48,8277
36,8278
23,8281
38,8281
41,8284
60,8286
1,8286
11,8286
7,8287
2,8288
46,8289
1,8290
2,8291
6,8291
25,8291
1,8294
41,8294
45,8294
2,8297
41,8299
42,8299
26,8300
1,8302
54,8302
1,8303
2,8304
2,8305
1,8306
2,8307
9,8309
52,8314
44,8315
39,8318
24,8321
58,8321
53,8329
58,8332
29,8333
35,8335
59,8336
18,8337
49,8337
34,8342
30,8345
11,8347
15,8350
19,8352
34,8352
54,8352
3,8355
19,8355
15,8356
4,8357
5,8358
5,8359
4,8360
3,8362
44,8362
50,8363
51,8363
59,8367
40,8368
58,8370
3,8372
44,8372
4,8373
4,8375
3,8376
12,8376
5,8380
6,8380
5,8381
17,8382
23,8382
46,8382
47,8383
23,8384
35,8386
34,8387
13,8390
16,8396
34,8400
38,8402
22,8404
38,8404
11,8405
55,8406
28,8409
3,8410
26,8411
43,8411
35,8412
39,8412
57,8412
5,8414
4,8415
3,8416
16,8416
5,8417
29,8417
1,8418
4,8418
9,8418
1,8419
21,8419
42,8419
2,8420
8,8421
2,8422
1,8423
29,8426
39,8426
2,8427
17,8434
22,8436
16,8438
56,8438
9,8440
39,8440
18,8441
21,8441
41,8443
4,8446
53,8447
45,8448
55,8448
56,8448
13,8450
16,8453
58,8455
9,8458
12,8458
33,8458
3,8461
36,8461
44,8461
1,8462
1,8463
5,8463
26,8463
2,8464
57,8464
2,8465
4,8465
1,8466
4,8466
5,8468
29,8468
30,8468
2,8470
3,8470
18,8471
7,8474
58,8474
24,8475
18,8476
17,8478
58,8478
29,8480
43,8481
20,8484
41,8489
36,8490
4,8496
14,8497
3,8502
48,8503
45,8506
59,8506
4,8507
3,8509
45,8511
28,8512
47,8512
5,8513
10,8513
10,8514
43,8515
4,8516
5,8518
16,8519
21,8522
30,8523
42,8523
57,8525
42,8526
25,8528
34,8529
26,8530
3,8531
5,8532
58,8533
4,8534
31,8534
5,8536
6,8536
3,8537
40,8538
4,8540
48,8540
47,8542
1,8543
31,8543
33,8543
2,8545
1,8546
1,8547
2,8548
7,8548
49,8548
2,8549
32,8550
23,8560
53,8561
3,8562
52,8564
4,8566
53,8567
4,8568
8,8568
7,8569
5,8571
28,8571
3,8573
31,8573
39,8574
9,8576
58,8577
5,8578
16,8579
3,8581
7,8581
4,8582
4,8583
49,8583
5,8584
5,8585
49,8585
50,8585
23,8586
3,8587
12,8587
55,8588
29,8597
25,8601
53,8601
7,8602
55,8605
9,8606
48,8609
12,8610
41,8611
42,8611
31,8614
54,8615
22,8617
53,8618
10,8619
32,8625
44,8626
3,8628
4,8630
35,8631
49,8631
5,8632
5,8634
13,8634
4,8635
3,8637
60,8638
7,8639
15,8639
53,8640
18,8642
10,8643
31,8643
33,8646
9,8647
60,8648
23,8648
20,8650
24,8652
40,8658
57,8658
10,8660
19,8663
1,8665
23,8667
14,8668
11,8669
1,8670
8,8670
2,8673
1,8674
2,8675
2,8676
39,8690
27,8691
34,8692
55,8692
27,8695
11,8698
25,8700
26,8703
59,8703
59,8704
33,8707
51,8710
17,8712
1,8713
14,8713
2,8714
45,8714
9,8715
28,8718
1,8719
59,8719
2,8720
28,8720
1,8722
2,8723
50,8723
9,8727
11,8730
9,8731
35,8732
58,8732
32,8733
33,8733
17,8735
56,8735
10,8737
55,8737
3,8741
5,8743
5,8744
4,8746
53,8746
1,8748
1,8749
40,8749
2,8750
32,8751
57,8751
4,8753
9,8753
1,8754
3,8754
43,8755
2,8758
8,8758
2,8759
41,8761
58,8761
24,8763
23,8767
38,8770
35,8772
30,8773
6,8774
31,8774
38,8774
44,8776
49,8776
18,8778
19,8779
41,8779
49,8782
57,8783
10,8784
39,8785
44,8785
46,8785
25,8789
6,8791
58,8793
25,8794
3,8795
5,8796
13,8796
4,8797
11,8799
17,8799
3,8800
4,8801
13,8801
5,8804
14,8809
27,8809
44,8809
1,8810
18,8811
2,8813
1,8814
1,8815
56,8815
2,8817
25,8817
37,8817
49,8817
2,8818
6,8820
56,8821
10,8823
6,8826
54,8826
59,8827
50,8830
35,8837
7,8839
3,8841
4,8843
4,8844
5,8846
22,8846
3,8849
5,8851
51,8851
21,8852
6,8854
52,8858
56,8859
12,8860
17,8864
30,8864
37,8865
32,8870
31,8871
12,8872
13,8873
55,8874
55,8878
16,8882
17,8883
13,8884
39,8889
54,8889
10,8894
15,8894
21,8895
52,8896
35,8898
7,8899
17,8903
30,8911
10,8916
23,8917
51,8918
27,8919
41,8921
7,8923
46,8924
46,8925
4,8926
13,8926
28,8928
15,8930
15,8941
29,8942
55,8942
55,8944
23,8949
59,8955
25,8958
48,8959
46,8961
49,8965
37,8966
12,8967
49,8972
13,8975
56,8978
59,8981
15,8986
40,8986
39,8987
46,8988
14,8990
53,8994
51,8995
32,8996
3,8998
39,8998
53,8999
4,9000
9,9000
52,9003
25,9004
5,9006
36,9009
3,9010
26,9010
47,9010
5,9011
34,9011
4,9012
43,9013
11,9014
52,9014
6,9015
26,9017
26,9019
27,9026
30,9027
16,9028
18,9029
29,9030
15,9032
27,9032
47,9032
1,9037
35,9038
2,9040
16,9040
1,9042
2,9042
19,9043
24,9044
2,9045
1,9047
22,9047
45,9047
2,9048
28,9048
26,9052
44,9053
15,9058
18,9060
55,9062
52,9063
41,9064
42,9064
27,9066
25,9067
51,9068
8,9070
48,9072
54,9073
17,9074
9,9078
17,9079
35,9080
38,9080
36,9082
39,9083
43,9083
52,9086
33,9089
33,9091
3,9093
18,9093
5,9094
4,9095
3,9096
46,9097
36,9098
5,9099
6,9099
4,9101
9,9101
38,9101
27,9102
47,9106
27,9107
50,9109
26,9110
39,9110
60,9111
30,9113
48,9113
58,9114
3,9116
27,9117
26,9118
49,9119
4,9122
29,9122
42,9122
4,9123
19,9123
5,9124
3,9125
54,9125
5,9126
49,9129
3,9130
16,9132
25,9134
37,9134
43,9135
53,9137
58,9137
5,9140
56,9143
51,9145
23,9146
43,9146
18,9148
51,9151
16,9152
33,9155
14,9157
15,9157
9,9159
25,9160
51,9160
9,9162
38,9163
50,9164
24,9168
57,9168
13,9170
20,9170
14,9171
27,9171
37,9171
19,9172
20,9173
30,9174
32,9175
25,9176
15,9177
60,9178
52,9180
58,9181
31,9182
60,9183
13,9184
1,9189
14,9189
51,9189
1,9190
2,9191
43,9191
50,9191
2,9192
1,9193
17,9193
19,9193
2,9195
10,9195
24,9196
53,9196
31,9199
28,9202
9,9204
45,9209
30,9211
52,9211
54,9211
54,9212
45,9213
34,9220
49,9220
45,9221
54,9224
22,9229
38,9229
49,9229
55,9229
7,9230
60,9233
16,9233
41,9235
52,9235
26,9238
7,9239
38,9239
43,9240
60,9243
16,9245
20,9245
21,9249
53,9250
49,9253
39,9256
9,9257
25,9261
31,9262
51,9263
32,9265
22,9266
54,9268
15,9271
15,9272
35,9273
21,9274
33,9274
32,9276
20,9279
37,9280
32,9282
41,9284
46,9285
3,9286
42,9287
47,9287
4,9290
4,9291
14,9291
5,9292
48,9292
3,9293
18,9293
9,9294
5,9295
58,9297
35,9301
3,9303
5,9305
4,9306
5,9307
28,9307
1,9308
4,9308
53,9308
1,9309
7,9309
9,9309
49,9309
2,9310
19,9311
3,9312
21,9312
28,9312
26,9317
56,9317
2,9318
1,9319
2,9322
48,9323
50,9323
19,9324
43,9327
1,9328
29,9328
1,9329
2,9330
32,9330
1,9332
38,9332
36,9333
46,9333
2,9334
2,9335
15,9335
53,9337
43,9344
41,9349
8,9350
51,9350
1,9352
43,9352
47,9352
1,9353
30,9353
2,9355
49,9355
1,9356
29,9356
38,9357
2,9358
2,9360
37,9362
32,9367
45,9367
57,9367
36,9370
52,9371
7,9375
29,9376
42,9376
55,9377
44,9378
45,9378
18,9379
15,9380
40,9380
59,9380
52,9384
56,9386
13,9387
47,9387
58,9388
34,9391
12,9393
11,9395
53,9395
3,9401
5,9402
8,9404
5,9405
15,9405
13,9406
15,9406
26,9406
28,9406
4,9407
3,9408
45,9408
59,9409
4,9411
1,9415
11,9415
38,9415
1,9416
2,9416
21,9416
31,9416
2,9417
51,9417
32,9418
1,9419
2,9420
9,9420
2,9422
41,9424
52,9428
33,9431
28,9432
30,9434
38,9434
27,9438
36,9443
9,9444
51,9445
25,9450
42,9454
5,9455
13,9455
32,9457
9,9458
9,9459
41,9463
13,9468
8,9474
42,9474
42,9475
55,9475
7,9477
10,9477
18,9478
20,9479
29,9479
1,9480
2,9481
1,9482
30,9482
37,9483
2,9484
1,9485
2,9486
12,9486
43,9486
18,9487
57,9489
23,9490
15,9491
54,9499
8,9500
38,9505
1,9508
10,9508
7,9510
21,9511
1,9516
2,9520
1,9521
60,9522
2,9522
2,9523
22,9524
35,9524
48,9527
27,9528
49,9530
1,9532
44,9532
1,9533
6,9533
2,9534
1,9535
10,9535
2,9536
2,9537
40,9540
1,9542
2,9543
1,9545
34,9545
56,9545
60,9546
2,9546
10,9546
50,9546
52,9546
1,9547
38,9547
14,9548
57,9548
2,9549
47,9550
6,9556
59,9556
41,9557
26,9558
59,9558
17,9559
22,9559
3,9560
46,9560
5,9561
37,9561
53,9561
4,9564
59,9564
3,9565
39,9566
4,9567
19,9567
37,9568
5,9569
50,9569
55,9573
43,9575
30,9576
36,9576
60,9577
28,9579
45,9580
46,9580
37,9581
40,9581
9,9586
45,9586
42,9592
3,9593
5,9594
38,9595
4,9596
3,9597
4,9598
5,9602
23,9604
33,9606
38,9609
56,9613
34,9614
29,9617
33,9619
39,9624
10,9625
60,9626
42,9627
50,9627
29,9628
3,9630
4,9632
3,9633
50,9633
24,9634
23,9636
37,9636
49,9636
14,9638
5,9640
4,9641
31,9641
33,9641
10,9642
25,9642
4,9643
5,9643
3,9644
4,9646
40,9646
4,9647
37,9649
50,9649
5,9652
3,9653
22,9653
5,9655
23,9655
25,9655
37,9655
4,9661
14,9662
32,9663
35,9663
50,9663
27,9665
14,9666
56,9668
1,9669
14,9669
33,9669
2,9670
24,9670
1,9671
41,9671
2,9672
24,9672
1,9673
2,9674
21,9675
27,9680
31,9680
50,9688
51,9688
12,9689
17,9690
29,9690
25,9691
11,9694
29,9694
46,9694
19,9696
56,9696
31,9698
28,9699
25,9703
6,9705
25,9705
33,9711
24,9712
44,9713
32,9714
10,9717
36,9717
41,9717
16,9718
3,9719
30,9719
4,9720
25,9721
5,9722
4,9724
5,9725
55,9728
1,9729
3,9729
26,9729
51,9729
2,9730
19,9730
3,9731
1,9732
4,9732
19,9732
38,9732
42,9732
1,9733
5,9733
2,9735
5,9735
2,9736
10,9737
44,9739
4,9740
3,9741
7,9741
18,9751
32,9751
54,9754
6,9755
60,9757
44,9758
50,9758
5,9760
3,9763
4,9764
7,9764
34,9764
5,9765
3,9768
15,9769
4,9772
14,9773
39,9773
43,9774
5,9775
59,9775
39,9777
20,9779
10,9781
33,9783
49,9784
59,9784
1,9790
2,9791
1,9792
34,9792
2,9793
40,9793
57,9793
12,9794
1,9795
52,9795
54,9795
2,9796
11,9798
41,9800
51,9804
57,9805
18,9806
35,9809
24,9810
19,9813
39,9813
17,9814
18,9818
26,9818
12,9822
47,9822
32,9823
51,9824
18,9825
23,9828
29,9828
34,9828
50,9828
20,9830
14,9831
13,9833
14,9838
44,9839
12,9844
15,9845
25,9845
19,9846
21,9847
1,9849
2,9850
1,9852
20,9852
37,9854
1,9855
2,9857
2,9858
36,9861
12,9863
50,9865
16,9869
36,9873
37,9873
29,9874
36,9879
44,9879
60,9880
12,9881
21,9882
8,9884
39,9885
16,9890
35,9891
53,9892
52,9893
51,9896
16,9897
54,9897
13,9898
25,9901
36,9903
45,9903
17,9904
37,9908
39,9908
57,9908
40,9912
10,9917
59,9918
12,9920
42,9922
60,9923
8,9924
29,9925
5,9929
36,9929
39,9929
26,9931
3,9932
30,9932
5,9933
10,9935
4,9936
5,9941
30,9942
3,9943
4,9946
36,9948
8,9950
24,9950
51,9950
57,9950
51,9953
29,9955
21,9956
56,9956
11,9959
7,9961
42,9961
55,9961
28,9962
40,9963
51,9963
3,9964
19,9965
20,9966
48,9966
4,9968
5,9969
15,9970
5,9971
3,9973
4,9974
20,9975
32,9979
40,9980
41,9981
46,9981
1,9982
1,9983
51,9983
2,9984
5,9984
15,9984
22,9984
20,9986
1,9987
3,9988
30,9988
55,9988
24,9989
2,9990
4,9990
2,9991
4,9991
5,9992
16,9992
5,9993
21,9993
3,9995
4,9996
35,9996
44,9998
49,9998
