21,3
3,4
32,6
5,8
14,8
18,8
52,8
24,11
4,12
29,12
5,13
9,13
35,14
55,14
40,15
33,18
3,20
4,22
55,22
16,24
42,25
52,25
18,27
10,28
25,30
43,30
10,32
25,32
41,32
7,34
14,34
56,34
34,35
26,37
59,37
10,39
33,43
30,46
22,47
7,49
51,52
25,53
22,54
6,58
18,58
22,58
22,59
38,59
53,59
46,61
21,64
32,67
53,68
14,69
26,72
51,73
8,75
12,76
25,78
45,80
52,82
1,85
15,85
2,86
1,87
43,88
2,89
59,89
28,92
1,95
30,95
6,96
46,97
2,98
36,101
40,101
47,104
36,110
33,112
33,113
3,114
22,114
59,114
41,115
5,116
18,116
22,116
27,116
4,117
5,119
8,119
8,120
49,120
40,121
45,122
4,124
3,127
55,127
31,135
47,135
20,136
31,136
19,137
39,137
21,139
34,141
33,142
42,142
24,143
20,145
43,146
10,147
34,147
3,149
10,149
58,150
47,151
29,152
5,154
46,156
55,158
58,158
4,160
22,160
46,161
58,161
44,164
4,165
3,166
23,167
51,169
1,171
5,171
9,172
2,173
41,174
50,174
37,175
15,176
1,177
1,178
25,178
40,179
46,179
2,180
42,180
21,181
24,181
2,182
43,183
53,184
44,185
14,186
27,186
47,187
59,187
11,189
3,191
10,192
21,192
24,192
4,193
42,194
3,195
14,195
4,197
52,197
5,198
18,198
36,198
5,199
39,199
16,201
1,203
1,204
26,204
25,205
26,205
3,207
10,207
12,207
38,207
4,208
49,208
5,209
45,209
3,210
41,210
2,211
28,211
4,213
8,213
26,214
11,215
5,216
1,218
20,218
2,220
2,221
38,221
1,226
57,227
1,228
51,228
1,230
6,230
2,231
2,232
49,233
1,235
2,237
7,237
18,237
30,238
9,239
52,240
39,243
58,245
30,246
33,247
22,249
41,250
3,252
20,255
3,260
51,261
4,262
49,262
26,263
5,266
20,266
4,267
3,268
1,269
5,270
55,271
1,272
32,272
2,273
43,273
1,275
2,277
2,279
23,279
50,279
11,280
12,282
11,284
31,284
58,286
9,287
15,289
28,291
41,293
46,293
37,296
23,297
35,298
57,306
34,308
50,309
34,310
43,310
55,311
45,312
33,315
39,315
59,316
26,320
38,320
21,323
38,324
27,325
31,325
1,326
56,327
55,329
59,329
6,331
56,331
60,333
2,334
18,334
1,335
8,337
51,337
21,338
32,338
9,339
2,340
1,341
2,342
46,342
59,342
3,344
5,345
34,345
47,346
41,350
4,353
3,354
6,354
9,356
22,356
4,357
5,358
45,358
57,362
22,364
42,365
17,366
51,366
40,367
20,368
44,369
40,370
11,373
38,374
46,375
3,377
25,377
32,378
35,378
5,382
55,383
4,385
17,386
3,388
11,390
5,391
7,391
52,393
44,395
4,397
12,403
45,404
54,406
12,408
43,410
54,410
18,411
3,422
14,422
29,422
39,422
13,423
59,423
14,424
60,426
24,426
50,426
5,427
37,428
1,429
4,429
25,432
52,432
5,433
3,435
43,435
4,436
13,437
38,442
59,446
52,448
55,449
32,451
58,453
27,455
8,456
21,457
17,464
35,466
58,466
19,467
54,471
19,477
1,478
58,478
1,480
29,483
2,484
35,484
22,485
23,485
31,488
2,489
1,490
18,490
48,492
2,493
15,493
23,496
31,498
26,499
51,499
1,504
19,504
2,506
1,507
27,507
2,508
1,510
2,513
9,513
55,513
46,515
50,516
32,520
26,522
13,523
21,523
13,530
14,530
51,530
21,535
40,538
55,539
22,542
47,543
33,552
10,560
7,564
33,564
1,565
18,565
35,565
17,566
30,567
19,568
2,570
1,571
22,571
27,572
57,572
29,574
49,575
1,578
9,578
16,578
24,579
36,581
2,583
3,583
2,584
23,584
4,585
31,587
17,589
27,589
3,590
27,592
5,593
4,594
16,595
1,598
5,598
2,599
17,600
41,600
1,601
47,601
2,604
35,604
1,605
19,605
2,606
30,607
50,608
16,609
50,609
54,611
10,616
3,617
4,618
5,619
41,619
4,621
44,621
11,622
42,624
3,625
5,626
11,626
42,628
43,629
49,631
26,632
46,635
35,640
31,643
24,644
46,645
10,647
47,647
51,647
5,649
12,649
33,652
18,654
22,655
24,655
48,655
17,656
41,657
1,660
2,662
1,664
36,665
1,666
2,667
2,668
30,668
11,672
23,672
13,674
35,679
58,682
51,685
16,686
52,688
54,689
18,690
16,692
55,692
15,696
56,696
46,698
29,700
48,701
57,707
11,711
56,712
1,715
2,716
27,716
49,716
1,717
8,717
17,717
2,718
20,719
12,722
54,723
1,724
37,724
47,724
2,725
1,728
3,729
1,730
5,730
22,730
49,730
2,731
4,731
3,732
21,732
2,733
4,733
5,734
1,735
20,735
48,735
2,737
9,737
10,738
23,738
37,738
54,738
51,739
35,740
51,740
56,741
1,743
2,745
35,745
1,746
37,747
2,748
20,748
1,750
49,751
2,752
5,752
15,760
52,760
42,761
11,766
33,766
39,767
36,772
49,773
28,774
37,775
18,777
39,778
23,783
1,785
29,785
31,785
20,786
29,786
1,787
2,788
36,788
56,789
41,790
1,791
43,791
2,794
2,796
34,797
22,803
53,804
32,807
60,808
52,808
57,808
1,809
37,810
1,811
2,813
2,814
11,815
32,815
1,817
20,817
59,819
2,821
6,821
29,821
31,821
13,823
18,823
51,828
53,829
24,833
39,838
33,839
46,840
30,843
8,845
40,845
20,847
3,848
5,850
18,852
48,853
4,857
55,857
33,858
5,861
52,861
3,862
4,863
31,865
50,866
43,867
47,868
44,869
16,870
19,870
45,874
54,876
3,882
35,884
5,886
49,886
4,890
14,890
47,890
3,891
4,892
47,893
50,895
5,897
12,898
30,901
30,903
3,905
4,906
43,906
55,906
23,907
25,908
53,908
44,915
3,916
21,916
5,917
7,918
45,918
5,919
10,919
4,921
56,922
50,924
15,925
52,925
3,930
16,930
51,932
49,933
20,939
35,939
26,941
44,943
42,944
40,945
33,947
17,948
20,948
23,952
32,954
8,958
34,958
34,959
18,961
27,963
47,966
3,971
8,971
5,972
4,973
22,974
5,975
3,977
4,978
49,978
8,979
60,984
13,985
8,987
26,987
48,987
1,990
15,990
37,990
16,991
2,992
1,993
3,993
32,995
43,995
47,995
5,996
1,997
4,997
2,998
4,998
44,998
3,1000
49,1001
51,1001
5,1002
12,1002
2,1004
3,1016
59,1018
16,1019
57,1020
37,1025
9,1026
10,1026
51,1027
40,1028
9,1029
19,1029
47,1030
9,1031
26,1031
59,1031
29,1033
32,1033
60,1035
6,1035
42,1035
9,1037
51,1038
20,1039
23,1039
3,1042
4,1044
3,1045
43,1045
48,1045
60,1047
23,1047
4,1049
60,1050
25,1050
60,1051
5,1051
20,1051
47,1051
5,1052
1,1053
52,1053
1,1054
12,1054
2,1055
12,1055
30,1055
1,1056
55,1056
2,1057
2,1058
29,1060
22,1061
45,1061
56,1061
14,1063
45,1067
18,1074
37,1075
25,1077
7,1078
40,1083
11,1084
27,1085
46,1086
29,1088
40,1088
36,1089
53,1091
13,1092
19,1092
41,1092
6,1098
10,1099
50,1103
32,1105
54,1105
54,1107
39,1108
35,1109
17,1111
41,1111
50,1111
39,1112
45,1113
36,1114
60,1115
41,1116
47,1116
25,1119
23,1120
19,1121
15,1124
7,1127
16,1127
39,1128
28,1130
56,1133
3,1137
42,1138
52,1139
5,1142
52,1143
4,1145
12,1145
4,1148
18,1148
52,1148
12,1149
32,1151
5,1153
32,1153
34,1154
60,1156
30,1156
3,1157
46,1163
7,1164
45,1164
1,1165
54,1167
4,1168
57,1168
54,1170
30,1172
1,1175
2,1176
12,1176
1,1178
19,1179
23,1179
8,1181
49,1181
2,1187
49,1187
53,1187
2,1188
58,1188
1,1189
10,1189
2,1190
1,1192
54,1193
48,1194
2,1196
17,1197
1,1198
36,1198
43,1198
2,1199
32,1200
38,1200
45,1203
42,1205
37,1206
49,1209
24,1210
21,1211
50,1211
22,1215
31,1218
59,1218
60,1219
27,1219
49,1220
6,1224
58,1224
32,1226
33,1226
34,1226
35,1227
44,1227
58,1228
28,1229
42,1229
53,1229
48,1230
51,1231
16,1233
51,1234
17,1236
56,1237
3,1238
52,1238
4,1239
4,1240
36,1240
3,1241
5,1242
12,1244
15,1244
5,1245
44,1245
47,1250
25,1253
13,1254
42,1256
10,1259
44,1261
34,1262
36,1262
41,1263
30,1265
39,1265
55,1268
35,1273
15,1275
15,1282
34,1282
37,1284
50,1284
3,1285
10,1286
25,1286
48,1287
4,1289
5,1290
44,1290
39,1295
3,1296
13,1299
4,1300
5,1301
1,1304
34,1304
16,1305
27,1305
18,1309
44,1311
57,1313
35,1315
50,1317
58,1317
27,1318
39,1321
41,1321
19,1322
50,1324
11,1325
31,1328
49,1330
33,1332
1,1333
2,1334
1,1335
45,1335
2,1336
13,1336
59,1337
57,1343
1,1345
47,1348
2,1351
23,1353
32,1353
43,1353
52,1354
56,1354
58,1356
16,1359
3,1360
9,1360
4,1363
37,1364
3,1365
5,1367
1,1368
5,1368
7,1369
45,1370
4,1371
1,1373
2,1374
15,1374
32,1374
1,1376
2,1377
2,1380
3,1385
19,1385
33,1385
1,1386
4,1386
56,1387
4,1388
2,1389
5,1389
58,1391
1,1392
2,1393
3,1393
8,1394
52,1394
5,1398
1,1399
2,1400
24,1400
2,1402
56,1402
3,1405
23,1406
40,1406
4,1407
48,1407
45,1409
3,1410
4,1411
24,1411
5,1413
55,1414
58,1414
33,1415
5,1416
22,1420
47,1422
54,1422
52,1423
44,1427
39,1429
27,1430
50,1431
33,1435
37,1435
51,1436
11,1437
1,1443
10,1443
1,1444
2,1445
43,1445
1,1446
36,1448
2,1449
2,1450
34,1451
47,1451
22,1453
58,1454
53,1457
12,1459
13,1462
6,1463
42,1463
39,1467
29,1468
49,1468
47,1469
35,1470
16,1471
1,1475
20,1475
42,1476
49,1476
15,1478
2,1480
26,1480
45,1480
1,1481
42,1481
49,1482
17,1485
56,1485
2,1486
39,1486
56,1487
1,1489
10,1490
21,1490
22,1490
2,1491
57,1495
60,1496
32,1496
8,1497
31,1497
52,1498
53,1499
17,1500
1,1504
2,1505
33,1505
57,1505
1,1506
34,1507
2,1508
30,1511
2,1513
51,1513
23,1517
1,1520
16,1520
21,1522
2,1525
18,1526
12,1528
36,1530
40,1535
16,1537
41,1540
37,1541
16,1545
58,1546
21,1550
48,1550
29,1551
27,1553
42,1553
43,1553
12,1554
33,1554
27,1557
41,1558
36,1559
46,1559
39,1560
42,1563
2,1564
21,1564
38,1564
40,1564
11,1565
12,1566
32,1569
18,1570
1,1571
22,1571
2,1572
48,1574
56,1574
1,1576
48,1578
53,1578
1,1579
42,1579
2,1581
20,1581
2,1582
24,1585
26,1587
60,1588
32,1594
9,1595
30,1595
24,1596
17,1603
34,1604
37,1604
19,1606
28,1606
22,1607
35,1608
56,1615
18,1621
17,1622
31,1623
47,1624
36,1629
44,1629
3,1636
22,1636
5,1638
4,1639
51,1639
3,1640
29,1640
5,1641
50,1643
47,1645
4,1646
24,1647
46,1647
26,1648
57,1656
3,1658
15,1660
5,1661
10,1661
39,1663
4,1664
4,1665
42,1665
5,1667
3,1670
9,1671
15,1672
52,1672
48,1675
14,1676
51,1685
17,1687
57,1692
45,1693
21,1696
30,1696
25,1698
7,1699
41,1700
35,1702
51,1703
34,1708
13,1712
42,1713
41,1719
10,1723
36,1724
42,1726
60,1727
57,1731
11,1734
19,1734
44,1734
30,1738
50,1738
7,1739
55,1740
14,1741
5,1742
31,1742
28,1744
37,1747
8,1748
5,1749
3,1751
27,1751
35,1752
28,1753
29,1753
45,1757
11,1759
36,1763
37,1764
57,1765
56,1766
48,1771
21,1773
40,1773
36,1774
29,1775
32,1779
54,1782
35,1784
43,1786
52,1786
39,1787
44,1787
35,1793
58,1793
29,1794
56,1794
40,1796
22,1797
53,1798
9,1799
8,1800
25,1801
29,1801
43,1801
4,1805
35,1805
43,1811
15,1814
35,1820
27,1821
24,1822
14,1825
40,1825
26,1829
27,1833
35,1833
55,1833
19,1834
17,1837
18,1837
19,1837
48,1838
44,1844
6,1846
8,1846
37,1846
46,1847
60,1851
27,1851
58,1854
30,1856
30,1861
48,1864
30,1865
46,1865
27,1868
30,1873
40,1873
20,1877
30,1878
25,1881
7,1882
23,1882
26,1884
35,1884
53,1884
36,1887
56,1888
54,1892
37,1893
33,1894
3,1897
4,1898
60,1900
4,1901
5,1903
44,1903
51,1904
1,1907
3,1907
2,1908
5,1908
49,1912
1,1915
2,1916
45,1917
1,1918
27,1918
57,1919
36,1920
2,1921
8,1921
28,1926
13,1929
7,1930
39,1930
9,1934
49,1934
55,1936
7,1940
54,1941
1,1943
39,1945
19,1946
51,1947
33,1948
37,1949
20,1950
49,1951
60,1952
21,1953
26,1954
56,1956
8,1957
3,1961
39,1961
59,1961
4,1963
4,1964
38,1964
46,1965
5,1966
48,1966
13,1968
3,1969
19,1969
32,1970
13,1972
51,1972
59,1972
5,1973
18,1977
24,1980
31,1980
49,1983
40,1984
18,1988
50,1988
12,1989
24,1989
32,1991
28,1992
23,1993
45,1994
47,2001
58,2006
3,2009
4,2010
3,2013
5,2014
21,2014
30,2014
24,2015
4,2018
51,2019
5,2020
36,2020
27,2021
42,2028
33,2030
39,2030
40,2032
20,2036
30,2038
20,2039
7,2043
39,2043
42,2045
8,2054
30,2054
28,2058
57,2058
39,2059
47,2059
31,2061
34,2063
39,2065
40,2065
35,2069
1,2071
27,2072
1,2080
2,2081
32,2081
56,2081
2,2082
1,2083
29,2083
2,2084
18,2085
6,2088
24,2088
52,2088
28,2090
3,2091
1,2092
4,2092
26,2093
35,2093
58,2093
3,2095
44,2095
17,2096
31,2096
5,2098
4,2100
1,2101
30,2101
5,2102
40,2102
35,2103
2,2104
10,2105
18,2105
1,2106
42,2106
29,2107
18,2108
32,2108
43,2108
54,2109
2,2110
2,2111
25,2112
27,2112
29,2113
16,2115
42,2119
10,2120
32,2120
11,2121
34,2125
1,2128
26,2129
58,2129
12,2131
44,2132
2,2133
54,2134
3,2135
5,2137
16,2139
43,2139
1,2141
4,2141
26,2141
31,2141
2,2142
5,2142
1,2143
3,2143
2,2144
4,2145
20,2145
58,2146
12,2147
39,2149
58,2149
56,2150
27,2152
15,2156
37,2162
26,2166
47,2166
23,2167
37,2168
38,2171
57,2171
36,2172
56,2176
7,2177
55,2177
32,2180
33,2181
53,2182
26,2188
49,2188
14,2194
12,2199
45,2199
43,2200
41,2203
9,2205
48,2206
58,2206
57,2207
27,2208
9,2209
47,2210
31,2211
25,2212
40,2213
12,2214
21,2215
35,2216
41,2217
52,2217
7,2220
25,2228
44,2228
54,2229
45,2234
13,2235
49,2236
35,2237
50,2238
1,2239
6,2239
54,2239
37,2240
2,2242
1,2244
36,2244
32,2245
35,2245
2,2246
26,2247
57,2249
1,2251
2,2252
32,2252
11,2255
33,2255
8,2256
24,2256
35,2256
38,2256
12,2262
60,2264
37,2265
54,2265
19,2267
9,2268
40,2268
21,2270
41,2270
50,2271
10,2272
18,2275
28,2278
12,2281
32,2283
3,2285
4,2286
38,2286
4,2287
6,2287
20,2287
5,2288
36,2289
5,2290
48,2290
50,2290
3,2294
19,2295
3,2296
18,2296
4,2297
14,2298
32,2299
43,2299
3,2300
8,2300
47,2300
49,2300
54,2304
5,2308
4,2310
40,2310
14,2313
17,2313
50,2314
44,2316
55,2318
5,2319
10,2322
13,2322
28,2323
1,2325
10,2325
2,2327
38,2327
31,2330
49,2330
1,2331
20,2331
47,2332
6,2333
20,2334
57,2334
1,2335
40,2336
37,2337
16,2338
2,2339
2,2340
27,2341
36,2341
23,2343
25,2346
56,2348
38,2349
21,2351
4,2353
55,2353
46,2354
26,2355
58,2355
51,2358
31,2362
38,2366
3,2367
7,2368
11,2368
4,2370
7,2370
36,2372
46,2372
3,2373
24,2373
38,2374
4,2375
49,2376
5,2377
11,2377
12,2377
19,2378
5,2379
1,2384
7,2384
9,2384
25,2384
2,2385
9,2386
1,2389
2,2390
24,2391
57,2391
1,2392
2,2393
28,2395
32,2401
53,2401
14,2402
39,2403
48,2407
20,2408
40,2410
55,2411
32,2413
57,2417
56,2419
30,2420
14,2422
47,2423
32,2425
55,2425
34,2427
27,2429
32,2432
23,2437
1,2439
40,2440
1,2442
2,2444
3,2446
2,2447
5,2447
39,2447
4,2450
1,2451
1,2453
5,2453
59,2454
2,2455
3,2455
4,2457
19,2459
32,2459
60,2464
51,2466
53,2467
26,2469
51,2473
32,2475
19,2478
59,2479
21,2483
20,2486
28,2487
58,2489
30,2495
37,2497
35,2500
10,2502
18,2503
38,2505
31,2506
32,2507
11,2509
47,2509
21,2510
39,2510
28,2511
7,2513
47,2514
37,2520
20,2521
28,2522
1,2523
45,2524
1,2525
19,2525
48,2525
2,2527
2,2529
1,2530
41,2531
2,2532
1,2533
8,2533
57,2533
2,2534
33,2534
1,2535
2,2536
53,2538
48,2540
1,2541
2,2542
23,2546
37,2548
7,2552
21,2553
30,2553
58,2553
18,2555
14,2556
11,2557
27,2560
58,2562
14,2566
15,2570
52,2570
33,2573
25,2575
13,2577
14,2577
35,2582
19,2583
36,2583
23,2584
18,2586
11,2587
33,2587
34,2587
35,2589
56,2590
24,2598
37,2599
50,2599
32,2600
13,2603
33,2606
28,2607
1,2608
2,2609
1,2612
3,2612
42,2612
54,2612
2,2614
5,2614
44,2614
24,2615
4,2616
1,2617
5,2617
45,2617
47,2619
17,2620
3,2621
20,2621
27,2621
2,2622
4,2623
3,2628
43,2628
5,2629
18,2630
14,2632
47,2632
4,2633
58,2633
3,2634
5,2640
12,2640
34,2640
50,2640
1,2641
4,2641
8,2641
12,2641
32,2641
2,2642
15,2644
35,2649
54,2649
1,2651
46,2651
2,2652
16,2653
49,2653
1,2654
51,2654
27,2656
2,2658
38,2658
5,2659
33,2660
54,2662
46,2667
53,2668
60,2670
60,2672
30,2672
15,2675
22,2680
31,2680
1,2682
47,2684
2,2686
3,2687
54,2687
4,2688
5,2689
4,2690
41,2690
51,2690
1,2691
3,2691
9,2691
5,2692
20,2692
2,2693
1,2694
2,2695
13,2695
47,2700
54,2702
3,2704
20,2704
46,2704
3,2705
5,2706
13,2707
4,2708
38,2709
14,2710
18,2711
5,2712
4,2714
20,2714
3,2716
47,2720
38,2721
43,2722
56,2722
46,2724
58,2725
6,2726
58,2726
35,2728
58,2730
41,2732
24,2735
57,2736
52,2744
30,2747
55,2749
52,2751
58,2751
32,2752
6,2753
28,2753
41,2753
58,2754
55,2755
15,2757
40,2758
42,2760
54,2760
12,2761
15,2762
1,2766
59,2766
2,2767
1,2768
45,2768
55,2768
2,2769
28,2770
1,2771
2,2774
39,2775
14,2777
28,2778
46,2778
58,2778
24,2779
1,2780
22,2782
25,2782
2,2783
56,2783
1,2785
33,2785
2,2786
35,2787
1,2788
2,2789
9,2789
25,2789
23,2791
24,2793
46,2794
7,2795
8,2795
1,2796
14,2796
32,2796
17,2797
18,2797
1,2798
2,2799
35,2799
58,2801
1,2802
2,2803
6,2803
1,2805
2,2806
44,2813
39,2816
6,2817
25,2822
35,2822
41,2822
51,2828
52,2829
40,2831
44,2833
1,2835
57,2836
9,2840
11,2843
1,2847
7,2849
2,2852
41,2852
2,2855
25,2855
25,2857
1,2859
3,2859
29,2860
2,2861
27,2861
5,2862
56,2862
4,2863
14,2863
5,2865
55,2865
56,2865
3,2866
4,2871
48,2872
47,2874
11,2875
20,2878
40,2880
10,2881
35,2881
44,2881
24,2886
3,2887
28,2887
52,2888
53,2888
24,2889
4,2890
23,2890
3,2893
48,2894
5,2895
6,2895
26,2895
5,2896
15,2896
4,2897
46,2898
3,2899
23,2901
55,2901
5,2902
4,2903
21,2903
10,2904
18,2904
17,2905
23,2906
27,2906
26,2907
5,2908
54,2909
4,2910
10,2911
50,2911
3,2912
16,2914
48,2914
58,2914
10,2915
32,2916
48,2916
25,2917
1,2920
1,2921
2,2922
2,2923
1,2924
32,2924
2,2926
30,2928
27,2930
42,2933
60,2935
9,2935
30,2936
56,2936
39,2937
7,2939
56,2939
15,2942
49,2942
33,2943
42,2946
41,2947
50,2947
26,2949
10,2951
25,2953
40,2958
1,2959
28,2961
56,2961
15,2965
1,2968
60,2969
25,2969
45,2971
22,2977
56,2980
37,2981
3,2986
19,2986
23,2987
58,2987
52,2988
5,2989
43,2989
1,2990
4,2990
55,2991
1,2992
17,2993
19,2993
24,2993
11,2994
2,2995
27,2995
3,2996
29,2996
1,2998
31,2999
32,3000
2,3002
5,3002
2,3003
4,3003
45,3003
33,3004
43,3006
9,3008
41,3008
29,3012
44,3012
55,3013
58,3013
42,3016
25,3019
42,3023
38,3024
33,3025
29,3026
43,3026
59,3026
51,3028
3,3029
28,3030
31,3033
4,3035
47,3035
56,3036
3,3039
5,3041
4,3042
53,3042
5,3044
1,3046
2,3047
3,3047
53,3047
5,3048
15,3048
1,3050
4,3050
5,3051
4,3052
3,3053
1,3055
23,3055
45,3055
2,3058
37,3058
41,3059
2,3061
31,3064
24,3065
25,3066
22,3067
22,3068
1,3070
28,3075
1,3076
5,3076
31,3076
2,3077
20,3077
10,3078
22,3079
19,3081
1,3082
2,3084
3,3086
37,3086
2,3087
27,3088
4,3089
24,3089
5,3091
11,3091
37,3091
7,3092
54,3092
4,3093
39,3094
57,3096
34,3099
59,3099
5,3101
53,3101
3,3102
47,3103
55,3103
49,3106
25,3107
57,3108
43,3112
11,3113
57,3114
38,3116
43,3123
42,3124
34,3127
23,3129
40,3130
42,3131
1,3134
50,3135
25,3136
60,3137
7,3138
41,3140
19,3144
23,3145
38,3145
44,3147
50,3147
2,3148
1,3149
52,3149
1,3150
34,3150
2,3151
2,3153
42,3154
42,3158
18,3160
12,3164
29,3164
10,3165
34,3166
27,3167
22,3169
3,3172
47,3173
40,3174
45,3174
4,3175
35,3175
3,3176
24,3177
1,3180
18,3180
38,3180
2,3181
5,3181
1,3182
4,3182
33,3182
59,3182
1,3183
5,3185
2,3188
9,3188
14,3188
2,3191
51,3193
5,3195
8,3198
12,3198
49,3200
58,3200
55,3205
56,3207
16,3209
7,3213
12,3214
7,3215
24,3215
53,3216
1,3217
55,3217
57,3217
2,3218
24,3218
1,3219
1,3220
8,3220
15,3220
2,3221
48,3224
11,3225
2,3226
13,3228
25,3228
39,3229
26,3233
60,3235
9,3235
59,3237
28,3238
29,3241
22,3246
29,3250
11,3252
33,3254
39,3264
6,3266
56,3268
33,3269
21,3274
36,3274
42,3276
1,3278
2,3279
19,3279
52,3280
38,3282
15,3284
44,3284
43,3285
1,3286
22,3286
1,3287
23,3287
43,3290
46,3291
2,3294
2,3295
15,3295
45,3295
53,3298
49,3301
58,3303
29,3304
39,3305
50,3306
53,3306
3,3308
42,3308
4,3309
36,3309
40,3309
5,3311
6,3311
17,3312
3,3314
55,3314
45,3316
55,3316
4,3317
27,3317
11,3319
5,3320
39,3320
41,3320
28,3323
11,3324
50,3324
14,3327
52,3331
31,3332
55,3333
25,3334
23,3335
24,3336
42,3336
60,3338
1,3342
1,3343
12,3343
3,3344
42,3344
44,3344
2,3345
5,3345
48,3345
1,3346
4,3346
39,3346
2,3348
3,3348
29,3348
5,3349
2,3350
4,3350
10,3350
41,3353
3,3357
4,3360
22,3360
3,3362
7,3363
22,3363
33,3363
5,3364
26,3364
41,3364
12,3365
60,3369
4,3369
1,3371
48,3371
50,3371
59,3371
1,3372
5,3372
2,3373
44,3373
1,3374
39,3374
53,3374
2,3375
16,3375
2,3377
3,3377
5,3378
47,3378
5,3380
32,3380
12,3381
4,3382
42,3385
4,3389
38,3389
3,3390
53,3390
52,3396
27,3397
46,3404
29,3408
11,3411
29,3411
44,3412
35,3413
35,3415
37,3416
47,3418
45,3423
18,3424
57,3424
34,3425
52,3425
6,3429
15,3429
46,3430
55,3431
45,3432
39,3433
59,3433
52,3434
3,3435
28,3437
42,3438
5,3440
45,3441
4,3443
5,3444
46,3444
21,3445
4,3446
43,3446
3,3448
30,3449
49,3450
35,3453
9,3454
26,3458
24,3459
52,3460
55,3462
27,3463
53,3463
8,3464
22,3465
21,3467
22,3468
6,3469
15,3470
8,3472
3,3474
44,3475
1,3476
33,3476
54,3477
1,3478
58,3479
2,3481
23,3482
17,3483
4,3484
1,3486
2,3488
5,3488
2,3489
27,3489
5,3490
43,3492
3,3493
4,3499
55,3501
58,3502
58,3504
14,3505
13,3506
3,3507
6,3508
46,3510
39,3511
41,3511
43,3511
36,3512
44,3512
14,3513
59,3514
10,3515
38,3517
28,3518
1,3519
30,3520
2,3521
16,3521
54,3521
1,3522
39,3524
29,3526
54,3527
56,3529
1,3530
24,3531
2,3532
26,3532
2,3533
27,3533
9,3534
7,3536
29,3537
39,3538
1,3540
52,3542
1,3543
16,3543
2,3544
1,3547
22,3547
54,3547
2,3549
11,3549
2,3550
15,3551
20,3551
46,3551
25,3552
39,3552
41,3552
19,3559
27,3561
14,3564
35,3564
55,3564
6,3565
9,3567
13,3567
22,3568
31,3571
25,3573
49,3575
59,3575
58,3576
24,3577
19,3578
11,3580
20,3581
9,3583
58,3584
42,3585
20,3593
51,3593
57,3595
19,3598
6,3602
33,3604
46,3605
12,3606
54,3607
55,3607
29,3608
40,3609
34,3610
37,3612
21,3613
40,3614
41,3621
54,3621
11,3626
51,3626
58,3629
60,3632
48,3633
15,3634
35,3635
23,3637
60,3638
18,3638
30,3639
33,3639
3,3640
4,3642
52,3643
5,3644
4,3646
34,3646
27,3649
33,3649
48,3649
49,3650
18,3651
41,3651
19,3652
5,3653
52,3653
3,3654
9,3654
30,3654
6,3661
53,3662
3,3663
5,3665
34,3667
5,3668
4,3669
4,3670
3,3671
29,3675
34,3675
20,3678
54,3679
14,3681
1,3682
2,3683
43,3684
24,3685
40,3687
1,3688
50,3688
35,3690
1,3691
2,3692
2,3693
19,3694
52,3694
39,3695
50,3695
24,3696
33,3696
50,3699
26,3700
11,3701
50,3701
39,3706
51,3706
50,3710
33,3712
34,3715
3,3716
20,3716
31,3716
5,3719
5,3720
4,3723
12,3723
3,3725
7,3725
51,3729
31,3730
24,3731
4,3732
41,3732
10,3738
60,3740
1,3742
1,3743
2,3744
8,3744
54,3744
2,3745
1,3746
27,3747
28,3747
32,3749
34,3750
3,3751
48,3751
4,3752
37,3752
57,3753
60,3755
5,3756
48,3756
3,3757
5,3759
48,3759
4,3760
2,3761
6,3761
3,3763
7,3764
4,3765
10,3765
15,3765
31,3766
18,3768
28,3768
56,3769
46,3770
22,3772
33,3772
4,3773
5,3774
3,3775
5,3776
26,3777
20,3779
49,3779
9,3781
41,3781
29,3782
1,3786
54,3787
14,3788
1,3789
2,3792
2,3793
30,3797
1,3798
29,3798
16,3799
2,3800
47,3800
16,3801
48,3801
3,3803
4,3804
40,3804
4,3806
37,3808
8,3809
3,3810
11,3811
5,3812
15,3812
38,3812
46,3812
33,3813
5,3814
34,3814
55,3818
52,3819
8,3820
39,3822
38,3828
20,3829
28,3831
35,3833
7,3834
7,3838
17,3838
26,3838
9,3840
14,3841
21,3842
53,3844
14,3851
38,3851
16,3855
12,3857
24,3859
40,3863
50,3869
18,3870
37,3871
4,3872
23,3872
27,3872
30,3872
40,3872
26,3873
53,3873
40,3877
50,3877
13,3878
50,3878
3,3880
5,3882
46,3884
6,3885
35,3886
4,3887
15,3887
10,3888
4,3889
46,3890
36,3891
28,3892
38,3892
60,3893
3,3893
14,3893
5,3894
24,3898
27,3901
7,3902
48,3902
28,3905
22,3907
57,3908
29,3913
60,3914
51,3914
30,3915
21,3916
7,3917
10,3918
50,3919
49,3921
3,3930
22,3930
60,3931
4,3932
38,3933
60,3934
11,3934
3,3939
5,3940
4,3941
5,3942
43,3942
60,3943
31,3944
35,3944
7,3948
34,3948
3,3949
23,3949
4,3950
5,3951
40,3952
15,3954
44,3954
4,3961
59,3961
3,3962
14,3962
5,3963
30,3963
31,3963
54,3963
46,3967
50,3968
25,3970
31,3973
58,3973
1,3980
3,3980
4,3981
23,3981
5,3982
24,3982
38,3982
42,3983
3,3985
35,3986
53,3986
16,3987
31,3987
35,3987
1,3988
57,3989
4,3990
35,3991
1,3993
36,3993
2,3994
31,3995
58,3995
1,3996
5,3996
32,3997
7,3998
2,3999
2,4000
48,4000
47,4001
13,4004
36,4004
34,4005
33,4006
56,4009
60,4010
29,4010
42,4011
53,4013
21,4017
21,4021
58,4023
14,4027
29,4030
23,4033
38,4034
60,4035
36,4035
21,4036
50,4036
16,4037
2,4038
29,4038
11,4043
60,4045
40,4046
17,4048
40,4049
7,4052
9,4053
32,4055
20,4056
1,4058
55,4058
29,4059
58,4059
51,4061
1,4062
45,4062
2,4063
53,4063
33,4065
58,4065
36,4066
2,4067
27,4068
1,4069
2,4075
59,4077
38,4081
51,4081
48,4082
55,4082
35,4084
3,4086
32,4087
5,4088
7,4088
60,4089
5,4090
56,4090
44,4093
25,4094
59,4094
33,4095
4,4096
15,4098
4,4101
5,4101
9,4101
45,4101
58,4101
3,4103
14,4105
19,4105
55,4106
30,4107
7,4113
30,4119
18,4122
53,4122
59,4125
20,4127
33,4129
3,4132
55,4133
14,4135
21,4143
28,4145
23,4147
20,4148
16,4149
26,4151
1,4152
8,4153
36,4153
56,4156
2,4158
3,4158
1,4159
4,4159
58,4159
59,4159
1,4160
47,4161
2,4163
3,4164
17,4164
5,4165
54,4167
2,4168
4,4171
19,4171
11,4172
49,4172
5,4173
46,4173
3,4175
31,4175
4,4177
38,4177
44,4177
3,4178
50,4178
29,4179
5,4180
4,4186
1,4189
5,4189
1,4192
2,4197
25,4197
1,4199
14,4199
2,4200
40,4201
2,4202
18,4203
18,4206
11,4208
45,4208
1,4209
10,4211
59,4211
17,4212
25,4212
1,4213
42,4213
40,4214
11,4217
2,4218
8,4219
45,4219
2,4220
46,4220
1,4221
20,4221
2,4222
35,4222
11,4223
59,4223
11,4224
46,4225
27,4226
55,4226
32,4229
1,4233
1,4235
2,4237
35,4237
53,4237
2,4238
26,4238
3,4239
1,4241
4,4241
2,4242
3,4242
5,4244
55,4244
20,4246
38,4250
30,4252
20,4254
59,4254
4,4255
5,4256
32,4257
6,4262
29,4264
37,4264
44,4264
55,4264
1,4269
40,4269
1,4270
26,4270
2,4271
7,4271
1,4272
2,4273
2,4274
18,4275
15,4281
34,4282
45,4283
10,4287
27,4287
37,4287
22,4289
25,4289
35,4289
58,4292
43,4293
9,4299
57,4299
37,4303
15,4304
47,4308
50,4308
56,4308
38,4310
43,4312
3,4318
5,4319
4,4320
4,4321
14,4321
3,4322
5,4323
50,4323
1,4327
7,4327
2,4328
7,4328
1,4330
14,4330
44,4331
33,4332
12,4333
2,4335
50,4335
1,4336
43,4337
11,4338
2,4339
52,4340
26,4348
9,4352
51,4354
39,4360
7,4361
57,4361
41,4362
25,4363
3,4366
10,4367
32,4367
34,4369
4,4370
15,4370
5,4372
33,4374
4,4375
7,4377
18,4377
23,4377
15,4378
3,4379
29,4380
1,4381
5,4381
9,4382
2,4383
37,4384
12,4385
16,4385
35,4385
19,4386
34,4386
1,4387
2,4388
33,4389
40,4389
1,4390
3,4390
34,4390
52,4390
2,4391
9,4392
8,4393
32,4395
59,4396
33,4400
34,4401
37,4401
11,4402
51,4408
20,4409
51,4409
15,4410
1,4411
2,4412
22,4412
1,4415
2,4419
1,4420
12,4420
19,4420
2,4422
43,4423
51,4423
32,4424
3,4428
15,4428
5,4429
4,4430
33,4432
3,4433
5,4437
56,4437
15,4439
23,4439
4,4441
10,4441
22,4443
43,4443
1,4446
57,4446
2,4448
13,4448
1,4449
28,4449
35,4451
2,4452
24,4452
1,4453
2,4455
37,4461
14,4466
9,4468
44,4468
23,4470
27,4472
37,4473
19,4476
52,4476
13,4477
1,4483
2,4486
16,4486
20,4486
1,4487
13,4487
31,4488
47,4488
2,4489
28,4489
29,4489
1,4492
2,4493
26,4494
28,4496
52,4498
58,4499
59,4501
60,4502
56,4504
1,4505
44,4505
1,4508
26,4510
31,4510
30,4512
2,4515
1,4516
14,4516
2,4517
53,4517
2,4518
47,4522
42,4525
39,4527
50,4532
2,4533
3,4534
13,4535
4,4536
1,4537
11,4537
12,4537
1,4538
18,4538
2,4539
5,4540
4,4541
28,4541
32,4541
5,4542
17,4542
3,4543
24,4546
53,4547
57,4547
2,4548
12,4548
34,4548
1,4549
2,4550
45,4552
52,4553
36,4555
46,4555
40,4557
52,4557
27,4559
20,4560
60,4562
1,4562
21,4563
8,4564
35,4566
42,4566
17,4567
60,4568
43,4568
44,4568
3,4571
5,4573
4,4574
27,4576
33,4576
4,4577
15,4577
5,4578
3,4579
37,4580
53,4580
23,4581
29,4582
31,4593
40,4593
52,4594
51,4596
41,4597
27,4599
12,4602
28,4602
18,4605
53,4605
51,4609
53,4611
20,4612
40,4615
57,4616
9,4617
34,4618
26,4620
35,4620
19,4622
53,4622
56,4624
12,4627
22,4630
55,4631
7,4633
56,4633
56,4635
15,4636
31,4636
26,4638
25,4642
1,4643
2,4646
1,4648
3,4648
9,4648
11,4649
16,4649
1,4650
2,4651
5,4651
2,4652
6,4652
4,4653
23,4653
51,4653
4,4654
10,4654
54,4654
58,4654
5,4656
18,4656
42,4656
43,4656
2,4657
3,4660
59,4662
10,4663
20,4667
15,4669
27,4671
40,4674
10,4681
56,4682
56,4683
1,4684
2,4686
1,4687
11,4687
54,4687
46,4688
1,4689
2,4690
33,4690
42,4690
2,4691
53,4696
32,4697
13,4699
16,4702
28,4702
57,4702
17,4705
12,4706
58,4707
3,4708
30,4708
52,4709
12,4710
4,4713
2,4714
3,4714
58,4715
5,4716
5,4717
4,4718
20,4723
11,4729
44,4729
17,4731
1,4734
1,4735
2,4737
1,4738
2,4739
26,4739
2,4740
60,4741
33,4745
44,4745
13,4746
32,4749
46,4749
3,4750
4,4751
39,4753
40,4753
53,4753
5,4754
34,4754
3,4755
4,4756
10,4756
12,4756
30,4756
5,4757
45,4758
49,4758
39,4759
56,4763
13,4766
49,4766
3,4772
8,4772
13,4773
21,4774
13,4775
51,4775
40,4776
46,4776
48,4777
1,4778
5,4778
16,4778
4,4779
41,4779
3,4782
23,4783
4,4785
5,4786
12,4786
26,4786
2,4787
14,4787
1,4791
1,4792
2,4794
2,4795
7,4795
57,4795
58,4796
45,4797
6,4801
35,4801
35,4803
50,4805
41,4806
34,4808
7,4809
56,4811
51,4813
9,4816
44,4820
3,4821
51,4821
57,4822
4,4823
6,4823
38,4823
4,4826
5,4827
5,4829
3,4830
47,4832
35,4833
55,4834
18,4835
60,4838
33,4838
51,4839
6,4841
46,4841
25,4844
33,4846
16,4851
1,4852
59,4852
31,4853
44,4853
1,4857
35,4857
3,4859
30,4859
32,4861
40,4862
2,4863
53,4863
28,4865
15,4867
57,4867
1,4868
34,4869
2,4872
38,4874
1,4876
19,4879
2,4880
8,4880
37,4880
48,4881
59,4881
31,4883
55,4883
60,4890
2,4890
14,4890
36,4890
46,4891
14,4892
55,4892
10,4893
28,4893
31,4895
30,4898
19,4904
13,4905
47,4908
60,4911
16,4911
48,4911
45,4915
47,4916
60,4917
55,4919
54,4923
17,4924
27,4924
6,4925
55,4926
15,4927
9,4934
25,4937
49,4939
30,4942
44,4946
25,4947
35,4947
60,4949
16,4951
23,4957
50,4958
44,4959
3,4963
4,4965
50,4965
5,4969
33,4969
5,4974
35,4976
3,4977
6,4977
4,4979
24,4980
19,4985
14,4987
41,4988
48,4988
28,4990
15,4991
30,4993
9,4994
13,4995
45,4996
54,5003
47,5005
30,5006
46,5006
50,5006
41,5008
57,5008
18,5009
33,5009
1,5011
2,5012
51,5012
1,5014
2,5015
1,5016
35,5017
55,5017
9,5018
9,5020
10,5020
58,5020
2,5021
40,5021
60,5022
26,5023
10,5025
40,5026
25,5027
38,5029
57,5030
17,5032
33,5033
51,5035
1,5047
2,5049
52,5049
1,5052
9,5052
2,5053
1,5055
16,5055
2,5056
1,5058
20,5058
48,5058
58,5061
56,5062
2,5063
49,5064
1,5065
2,5066
24,5067
1,5069
57,5069
57,5070
47,5071
2,5072
17,5072
12,5074
24,5074
13,5076
44,5076
28,5078
55,5082
8,5084
17,5084
8,5085
25,5087
1,5090
43,5090
57,5090
20,5091
24,5091
2,5092
52,5092
1,5093
42,5093
46,5095
54,5095
2,5096
34,5096
57,5097
1,5098
2,5100
25,5107
26,5109
25,5111
43,5112
56,5112
46,5114
56,5114
56,5115
60,5116
15,5117
45,5117
37,5119
54,5119
26,5122
37,5126
14,5127
17,5128
24,5133
27,5136
35,5139
47,5139
47,5140
3,5142
31,5142
41,5142
43,5147
4,5148
18,5149
6,5151
4,5152
38,5152
5,5153
5,5154
14,5155
3,5156
21,5158
42,5158
53,5159
20,5160
7,5162
32,5163
56,5163
14,5164
50,5164
41,5165
3,5166
23,5166
37,5166
5,5168
41,5168
4,5169
34,5169
5,5173
21,5173
4,5174
11,5175
1,5176
3,5176
2,5178
40,5178
37,5179
1,5180
3,5180
29,5181
57,5181
1,5182
2,5184
4,5184
27,5185
3,5186
26,5187
2,5188
25,5189
10,5191
5,5192
49,5192
56,5192
20,5194
40,5195
5,5196
4,5197
7,5198
23,5201
26,5202
10,5204
20,5205
28,5205
16,5206
53,5206
23,5207
38,5207
6,5211
26,5213
28,5213
26,5214
46,5214
47,5215
22,5220
28,5220
42,5220
35,5223
9,5225
3,5229
4,5230
7,5231
6,5234
27,5234
5,5237
30,5237
60,5240
1,5241
19,5241
1,5242
3,5242
20,5242
54,5242
2,5243
6,5243
2,5245
22,5245
1,5246
4,5247
2,5248
5,5248
10,5249
31,5249
59,5249
49,5255
37,5256
57,5256
43,5257
45,5258
54,5258
60,5259
40,5260
40,5262
59,5265
15,5267
19,5267
52,5268
57,5269
46,5270
3,5271
10,5272
29,5272
38,5273
20,5276
34,5276
18,5278
52,5280
13,5282
29,5282
20,5284
46,5285
42,5289
20,5291
7,5292
16,5295
22,5297
28,5297
55,5299
41,5304
27,5305
24,5312
29,5312
18,5315
8,5317
16,5317
16,5320
46,5320
41,5321
13,5322
1,5325
1,5326
10,5326
2,5327
14,5329
17,5330
27,5330
1,5331
32,5331
2,5334
2,5335
34,5335
49,5342
24,5345
43,5345
20,5347
41,5347
45,5348
13,5351
22,5351
51,5353
20,5356
56,5356
1,5366
7,5368
46,5369
52,5369
1,5370
2,5372
1,5373
24,5373
2,5376
60,5377
2,5377
36,5379
56,5379
25,5381
22,5383
38,5383
46,5385
35,5387
12,5389
23,5389
15,5390
5,5391
31,5392
3,5393
47,5393
48,5393
4,5395
5,5396
47,5399
27,5401
3,5403
10,5403
51,5406
8,5407
34,5409
44,5409
4,5410
5,5412
18,5414
49,5416
26,5417
58,5417
25,5419
55,5420
11,5422
58,5426
48,5427
44,5430
25,5432
38,5432
12,5433
33,5437
8,5439
49,5439
58,5440
27,5442
25,5443
9,5445
36,5452
39,5452
17,5453
37,5454
51,5454
37,5455
13,5462
19,5466
27,5469
27,5470
33,5470
19,5471
34,5472
1,5475
39,5475
42,5476
59,5476
30,5477
2,5478
49,5478
1,5479
1,5480
2,5481
22,5481
2,5482
29,5482
40,5483
58,5483
49,5486
60,5488
12,5489
57,5489
12,5491
25,5493
60,5494
31,5495
46,5497
44,5499
55,5503
22,5508
35,5511
7,5515
21,5515
36,5516
37,5516
16,5519
18,5519
36,5521
3,5523
9,5524
4,5525
18,5526
24,5526
5,5527
4,5528
3,5530
31,5530
5,5532
54,5536
25,5539
58,5539
25,5542
29,5543
13,5544
20,5548
48,5549
54,5550
10,5553
51,5553
43,5556
16,5559
43,5560
59,5561
40,5563
13,5569
53,5572
11,5573
33,5579
46,5584
16,5594
53,5595
19,5596
56,5598
50,5599
14,5604
17,5604
4,5606
18,5608
26,5610
6,5613
11,5613
6,5614
10,5614
26,5616
11,5618
46,5618
9,5619
20,5619
26,5619
22,5622
50,5623
11,5624
20,5624
16,5625
25,5625
41,5626
59,5626
55,5627
42,5632
19,5634
38,5637
13,5639
47,5640
48,5641
49,5641
26,5647
57,5647
45,5649
36,5650
52,5651
21,5655
50,5655
53,5655
60,5657
49,5658
25,5663
26,5664
52,5666
58,5666
7,5670
45,5670
23,5671
14,5674
44,5674
33,5675
36,5676
45,5676
14,5677
3,5679
4,5680
4,5681
5,5682
25,5683
53,5683
5,5684
32,5684
3,5685
8,5686
39,5687
24,5688
50,5688
7,5689
60,5690
17,5690
7,5692
13,5694
26,5696
59,5698
52,5699
53,5699
25,5700
36,5701
38,5702
8,5704
34,5704
57,5706
12,5707
23,5707
34,5707
12,5709
15,5709
40,5709
37,5711
50,5713
57,5716
1,5718
6,5718
6,5719
25,5720
2,5721
34,5721
1,5724
52,5725
40,5726
1,5727
26,5727
14,5728
47,5731
38,5732
60,5733
2,5733
11,5733
23,5733
43,5733
2,5734
38,5734
36,5735
51,5736
21,5737
28,5738
44,5740
48,5740
45,5742
20,5745
17,5747
15,5749
10,5750
36,5750
1,5755
34,5757
1,5759
2,5761
38,5761
2,5762
25,5762
44,5763
36,5764
56,5764
1,5765
30,5765
24,5766
25,5766
2,5767
31,5768
30,5769
7,5774
32,5779
53,5783
45,5784
10,5788
16,5792
59,5793
54,5801
20,5806
41,5806
57,5808
1,5809
23,5810
26,5810
2,5811
48,5811
1,5812
1,5813
29,5814
40,5814
2,5816
36,5816
2,5817
17,5818
13,5819
19,5823
38,5823
45,5823
57,5826
22,5827
13,5829
20,5830
52,5832
56,5832
45,5835
42,5837
1,5841
1,5842
2,5843
41,5843
3,5844
29,5845
49,5845
1,5847
2,5848
37,5848
42,5848
2,5849
60,5850
60,5851
19,5857
16,5860
5,5863
10,5865
42,5873
45,5874
27,5876
20,5877
13,5878
38,5878
60,5881
30,5884
58,5885
57,5886
9,5887
11,5888
55,5888
40,5892
48,5892
43,5896
35,5899
39,5900
26,5903
3,5904
4,5905
25,5905
4,5906
35,5906
5,5908
36,5909
9,5910
5,5911
33,5911
4,5912
34,5912
42,5912
3,5914
30,5914
51,5914
17,5917
29,5921
23,5922
60,5930
54,5936
17,5939
51,5941
52,5942
55,5942
48,5943
3,5947
4,5948
33,5948
4,5949
5,5950
22,5950
24,5950
5,5951
16,5951
55,5952
35,5953
49,5953
17,5954
3,5955
45,5956
28,5957
51,5960
24,5963
28,5963
53,5967
20,5969
14,5970
23,5975
44,5976
1,5978
2,5979
1,5982
32,5982
34,5982
30,5985
1,5987
53,5987
14,5988
20,5988
2,5989
56,5990
21,5991
16,5992
2,5993
12,5993
40,5993
1,5994
1,5995
6,5996
33,5996
45,5996
54,5996
39,5997
42,5997
2,5999
2,6000
29,6000
51,6000
58,6002
1,6003
10,6003
56,6003
2,6004
36,6004
3,6006
54,6006
18,6007
10,6009
58,6010
4,6011
43,6014
4,6015
28,6015
48,6015
36,6016
1,6017
5,6017
26,6017
51,6018
1,6020
3,6020
31,6021
2,6023
28,6023
2,6024
5,6024
28,6025
3,6027
48,6029
1,6031
35,6031
41,6031
2,6032
5,6035
57,6036
4,6037
50,6038
3,6040
4,6042
35,6043
50,6044
53,6044
5,6045
29,6045
10,6048
48,6049
9,6052
28,6054
1,6055
1,6057
31,6057
2,6058
36,6058
48,6058
32,6060
2,6061
44,6061
45,6061
11,6063
15,6063
21,6063
23,6063
25,6063
44,6063
12,6064
1,6065
34,6065
2,6066
3,6066
4,6067
35,6067
4,6070
5,6071
37,6071
3,6072
26,6072
5,6075
8,6075
1,6076
13,6076
54,6076
1,6077
2,6082
41,6082
1,6083
54,6083
2,6085
12,6085
2,6088
50,6088
39,6089
45,6089
23,6090
39,6090
50,6091
16,6092
19,6092
39,6093
48,6094
57,6095
58,6097
37,6098
34,6099
18,6100
46,6101
49,6101
45,6103
23,6104
33,6104
55,6105
30,6110
50,6111
40,6113
17,6114
18,6114
26,6114
30,6114
12,6116
3,6118
7,6118
5,6119
11,6120
15,6121
11,6122
4,6123
15,6125
3,6126
5,6127
8,6128
18,6128
4,6131
26,6135
6,6136
54,6136
56,6136
22,6137
60,6138
8,6138
15,6138
10,6139
36,6139
25,6141
60,6144
26,6146
59,6147
59,6150
3,6154
41,6154
59,6154
60,6155
5,6156
4,6159
16,6159
17,6159
10,6161
8,6162
3,6164
18,6164
4,6166
5,6167
18,6167
7,6168
2,6171
10,6173
48,6173
33,6174
17,6175
29,6177
60,6181
41,6181
39,6185
10,6190
23,6190
58,6192
47,6199
14,6203
19,6204
1,6210
1,6213
2,6214
17,6215
31,6215
1,6216
58,6217
2,6218
2,6219
56,6220
51,6221
32,6222
30,6227
41,6228
1,6229
12,6229
1,6233
52,6233
26,6236
48,6236
55,6236
1,6237
46,6237
47,6238
2,6239
2,6241
8,6241
1,6242
23,6243
35,6243
2,6246
7,6247
28,6247
1,6253
2,6254
1,6256
55,6256
49,6257
55,6258
31,6259
1,6260
8,6260
2,6262
2,6263
55,6264
11,6267
52,6267
25,6269
4,6274
8,6274
43,6275
11,6280
58,6280
20,6281
47,6283
16,6284
44,6284
28,6287
38,6288
1,6290
8,6290
22,6290
51,6290
54,6290
55,6290
7,6291
1,6293
43,6293
57,6293
2,6295
8,6295
1,6296
27,6296
47,6300
51,6300
50,6301
2,6303
2,6304
10,6310
43,6311
8,6312
12,6312
7,6313
37,6314
49,6314
18,6315
25,6315
50,6315
13,6317
13,6318
40,6320
31,6322
33,6322
10,6326
12,6329
2,6330
55,6330
39,6336
13,6338
9,6340
22,6342
60,6346
35,6349
25,6353
54,6353
1,6354
43,6354
2,6355
36,6355
1,6356
60,6358
2,6358
3,6358
54,6358
1,6359
4,6359
20,6359
59,6360
2,6361
5,6361
36,6361
3,6362
34,6362
35,6362
5,6363
4,6364
13,6365
14,6365
25,6365
33,6366
38,6366
40,6368
11,6369
29,6369
21,6372
1,6376
52,6376
9,6377
47,6377
56,6377
16,6378
2,6379
27,6379
1,6381
8,6381
49,6382
15,6384
40,6385
8,6389
2,6392
1,6395
57,6395
3,6397
2,6398
4,6398
17,6398
40,6398
26,6399
52,6401
3,6402
34,6404
8,6405
47,6405
4,6407
5,6408
5,6409
3,6412
34,6412
5,6413
20,6413
4,6416
40,6416
36,6417
3,6418
5,6419
4,6420
1,6423
19,6423
10,6424
2,6425
1,6426
59,6426
11,6428
2,6429
20,6429
1,6430
2,6431
1,6433
58,6433
2,6434
41,6435
34,6436
1,6437
1,6438
13,6438
46,6439
2,6441
36,6442
9,6443
39,6444
22,6445
2,6446
11,6448
3,6452
43,6453
5,6454
57,6454
4,6455
44,6455
4,6457
48,6457
5,6458
3,6460
52,6460
55,6460
1,6461
2,6462
41,6462
26,6463
1,6464
41,6465
3,6467
16,6467
43,6467
48,6467
57,6469
7,6470
4,6473
5,6474
19,6474
28,6475
13,6478
24,6478
38,6478
4,6479
13,6479
1,6481
11,6481
23,6481
3,6483
4,6484
29,6484
9,6485
48,6486
2,6487
34,6487
53,6488
2,6489
5,6489
56,6489
26,6490
45,6490
51,6490
33,6491
17,6492
25,6492
44,6492
11,6493
43,6496
23,6497
10,6498
38,6498
3,6504
15,6507
4,6509
5,6512
5,6513
36,6513
4,6514
54,6514
13,6515
25,6515
3,6516
58,6517
25,6518
29,6518
48,6519
42,6520
10,6521
25,6523
35,6527
44,6531
9,6532
18,6532
44,6538
42,6539
34,6544
54,6544
48,6549
58,6549
50,6550
48,6551
1,6552
2,6553
1,6554
14,6554
1,6555
51,6556
2,6557
30,6561
49,6563
2,6564
55,6564
9,6566
23,6568
60,6572
34,6573
38,6573
6,6574
51,6575
20,6577
37,6577
21,6578
25,6578
3,6580
49,6580
5,6582
4,6584
30,6584
5,6586
8,6586
22,6586
24,6586
32,6586
60,6589
4,6590
11,6590
3,6591
19,6592
41,6593
9,6595
20,6596
36,6598
40,6598
20,6602
41,6602
27,6603
33,6603
17,6604
35,6605
59,6606
1,6612
8,6612
19,6615
9,6616
50,6617
57,6619
18,6621
7,6624
3,6625
4,6626
40,6626
5,6627
14,6628
59,6628
5,6629
4,6630
29,6631
3,6632
1,6634
2,6635
1,6636
3,6636
10,6637
4,6639
2,6640
4,6640
48,6640
1,6641
5,6641
51,6641
2,6642
3,6643
56,6645
1,6646
17,6648
5,6649
28,6649
42,6650
59,6650
46,6652
1,6653
8,6653
26,6653
54,6653
2,6654
3,6654
35,6656
15,6657
5,6658
1,6659
20,6660
12,6661
4,6662
2,6663
51,6664
5,6665
7,6665
4,6666
17,6667
21,6667
57,6667
3,6668
17,6668
29,6668
54,6668
2,6669
15,6671
16,6672
49,6673
18,6676
53,6678
29,6680
14,6681
14,6682
12,6683
17,6684
3,6685
24,6685
1,6686
4,6686
2,6687
4,6687
1,6688
1,6690
5,6692
57,6692
2,6693
13,6693
2,6694
3,6694
5,6695
49,6697
34,6698
38,6699
1,6700
29,6701
40,6702
9,6703
42,6703
1,6704
2,6705
9,6705
47,6705
46,6706
1,6707
2,6709
17,6709
28,6709
45,6711
56,6711
2,6712
8,6714
9,6715
26,6716
40,6717
34,6720
59,6720
19,6721
40,6723
18,6724
16,6728
38,6728
52,6732
60,6735
18,6736
29,6736
3,6738
13,6739
30,6739
33,6739
37,6740
47,6740
21,6741
52,6741
4,6744
14,6745
53,6745
5,6749
56,6749
29,6750
53,6750
3,6751
11,6751
30,6751
5,6752
34,6752
22,6754
4,6755
14,6757
6,6761
4,6762
6,6762
6,6766
35,6767
29,6768
9,6769
22,6769
1,6770
38,6770
47,6772
55,6772
25,6773
57,6773
59,6773
16,6774
1,6775
2,6778
16,6779
42,6780
2,6783
7,6783
29,6783
35,6783
38,6783
1,6784
2,6787
55,6790
14,6791
56,6791
52,6792
1,6794
7,6797
10,6797
9,6798
50,6799
58,6799
6,6800
15,6800
54,6800
8,6802
37,6803
3,6804
1,6805
2,6806
60,6807
5,6807
20,6807
1,6808
57,6808
1,6809
5,6809
28,6810
4,6812
4,6813
44,6813
25,6814
45,6814
3,6815
6,6815
30,6815
56,6815
30,6816
33,6817
2,6818
28,6818
58,6818
2,6821
59,6821
6,6824
31,6826
44,6826
26,6833
59,6834
12,6838
39,6839
43,6840
33,6845
41,6845
29,6847
6,6848
3,6849
19,6849
40,6849
5,6850
39,6850
8,6851
4,6852
17,6855
35,6855
5,6857
4,6859
11,6860
3,6861
36,6862
1,6867
14,6867
50,6869
1,6871
29,6871
2,6872
3,6874
50,6874
1,6875
2,6876
32,6879
46,6879
15,6880
2,6883
9,6883
34,6883
54,6884
25,6886
3,6888
5,6890
56,6890
16,6892
4,6893
7,6893
45,6893
5,6894
59,6894
3,6895
3,6896
20,6896
4,6897
34,6897
48,6903
27,6904
50,6906
6,6908
48,6909
15,6910
28,6910
43,6914
29,6916
1,6917
40,6918
2,6919
8,6919
1,6920
36,6921
29,6922
2,6923
1,6926
2,6927
37,6929
2,6930
41,6935
18,6936
60,6937
24,6937
29,6937
21,6938
5,6940
20,6943
17,6949
33,6950
40,6952
20,6954
41,6955
21,6956
43,6958
27,6959
19,6960
35,6961
56,6962
8,6963
11,6963
26,6963
32,6964
32,6966
51,6968
9,6970
31,6971
26,6973
46,6973
13,6974
15,6974
39,6975
21,6976
47,6977
1,6978
1,6979
24,6980
2,6981
11,6981
35,6982
51,6982
53,6983
59,6983
14,6984
1,6987
58,6989
7,6990
2,6991
2,6992
55,6994
55,6997
32,6998
40,7001
48,7002
37,7006
8,7008
7,7011
19,7015
15,7018
34,7023
56,7023
52,7025
32,7027
35,7027
27,7031
46,7038
46,7042
3,7043
5,7044
20,7044
4,7045
3,7046
5,7047
37,7050
4,7051
33,7051
39,7051
56,7054
4,7056
26,7057
44,7057
55,7059
3,7063
1,7065
1,7068
5,7070
54,7071
4,7072
2,7073
1,7074
5,7074
2,7075
2,7076
4,7076
6,7076
3,7077
31,7077
58,7077
45,7078
14,7079
47,7079
6,7081
22,7081
1,7085
2,7085
10,7087
59,7088
49,7089
1,7093
2,7094
3,7094
38,7094
22,7095
2,7098
40,7098
50,7100
51,7100
1,7106
2,7108
8,7110
59,7111
20,7112
1,7113
1,7114
24,7114
52,7117
37,7118
29,7120
31,7120
2,7121
2,7122
19,7122
37,7122
60,7123
1,7123
20,7125
53,7126
2,7128
26,7128
18,7130
37,7131
18,7132
25,7138
35,7139
13,7141
16,7143
8,7145
56,7145
50,7147
31,7149
47,7152
19,7153
20,7153
29,7155
51,7155
57,7159
40,7160
43,7160
21,7161
38,7161
37,7162
38,7162
9,7165
16,7165
45,7167
42,7168
28,7171
28,7175
39,7176
59,7176
21,7177
21,7178
46,7179
25,7181
57,7182
18,7184
48,7184
6,7186
59,7186
26,7187
18,7188
58,7196
25,7197
22,7198
28,7203
31,7204
44,7208
25,7209
1,7216
36,7216
46,7216
7,7217
45,7217
56,7217
1,7218
25,7218
2,7219
22,7220
9,7221
19,7221
2,7222
37,7223
29,7226
53,7229
1,7231
46,7231
22,7232
2,7235
41,7235
45,7235
49,7237
59,7241
23,7249
26,7252
53,7253
57,7253
19,7254
33,7254
33,7255
52,7257
3,7259
10,7260
44,7260
17,7261
8,7262
4,7265
5,7266
4,7269
3,7270
40,7270
5,7271
13,7276
21,7276
50,7277
60,7278
59,7279
11,7281
1,7282
26,7283
51,7283
1,7284
2,7286
40,7287
1,7288
2,7289
50,7289
2,7292
31,7292
25,7298
13,7299
52,7299
54,7299
39,7303
58,7306
43,7307
51,7311
41,7315
7,7316
29,7316
42,7316
12,7317
20,7321
44,7323
26,7325
53,7325
43,7328
43,7330
21,7333
29,7333
50,7334
12,7336
47,7340
59,7340
40,7346
10,7348
7,7351
8,7353
25,7353
35,7355
43,7363
58,7364
13,7365
44,7365
45,7365
55,7366
26,7367
54,7370
1,7372
1,7373
48,7373
34,7374
31,7375
2,7376
1,7377
2,7380
2,7381
31,7387
8,7388
37,7388
19,7391
38,7391
49,7392
21,7394
10,7396
33,7396
28,7401
24,7402
11,7403
31,7405
31,7408
16,7409
28,7409
40,7412
34,7413
4,7414
45,7414
49,7414
3,7415
4,7417
1,7418
11,7419
3,7420
5,7421
24,7421
27,7421
1,7422
5,7422
2,7424
30,7424
2,7425
6,7425
1,7426
13,7426
45,7426
2,7428
23,7431
31,7431
59,7432
4,7433
59,7433
49,7436
37,7437
12,7442
16,7448
27,7454
38,7462
21,7463
51,7466
21,7468
50,7468
20,7472
26,7473
46,7473
3,7474
8,7474
25,7475
4,7476
1,7477
5,7477
15,7479
5,7481
1,7482
15,7482
2,7483
3,7484
4,7484
25,7484
4,7486
55,7487
1,7488
38,7488
2,7491
24,7491
53,7493
2,7495
40,7495
32,7497
48,7499
12,7500
41,7501
55,7503
49,7504
1,7505
1,7506
2,7507
2,7508
1,7511
2,7512
21,7515
55,7515
14,7516
34,7518
24,7521
27,7521
32,7522
1,7525
35,7525
42,7525
2,7526
49,7526
41,7527
1,7529
17,7529
53,7529
10,7530
1,7532
7,7532
52,7533
2,7536
24,7536
47,7536
2,7537
50,7539
32,7541
3,7542
23,7543
36,7544
50,7545
58,7548
37,7549
36,7556
18,7557
27,7557
39,7557
21,7560
30,7560
60,7561
34,7567
21,7568
44,7569
42,7572
20,7573
23,7573
22,7574
48,7574
41,7575
57,7576
34,7580
7,7582
7,7584
25,7587
36,7591
47,7591
2,7595
19,7595
49,7595
19,7597
36,7597
16,7598
43,7600
59,7603
34,7604
1,7612
14,7612
1,7613
28,7613
1,7614
2,7614
49,7616
30,7617
54,7618
1,7619
39,7620
49,7621
2,7624
46,7624
50,7624
8,7627
11,7628
25,7631
2,7633
7,7635
57,7635
3,7636
4,7637
15,7637
30,7638
59,7638
37,7640
5,7643
29,7643
5,7644
4,7646
20,7646
18,7647
42,7647
1,7648
50,7648
1,7649
3,7649
29,7649
30,7650
2,7651
2,7652
1,7653
26,7653
2,7654
13,7656
54,7658
23,7659
58,7660
9,7663
53,7664
25,7667
28,7667
14,7668
31,7669
3,7670
4,7672
3,7674
5,7675
27,7675
5,7678
26,7679
4,7680
54,7680
29,7681
42,7681
12,7683
52,7683
28,7689
3,7690
4,7691
59,7691
5,7694
3,7695
58,7695
5,7696
4,7698
9,7702
44,7702
25,7703
41,7705
44,7710
60,7711
56,7711
54,7712
11,7713
45,7714
30,7716
56,7718
40,7719
33,7720
57,7723
34,7724
23,7726
54,7726
17,7727
30,7727
43,7727
57,7727
60,7729
59,7730
10,7731
39,7732
53,7736
22,7738
55,7741
7,7747
12,7749
44,7750
1,7752
3,7752
2,7753
4,7753
53,7754
5,7756
36,7756
3,7757
23,7757
56,7757
42,7758
1,7759
4,7760
5,7761
8,7761
51,7762
60,7763
31,7763
44,7765
49,7765
19,7767
6,7769
1,7770
20,7770
2,7771
9,7771
2,7772
37,7774
37,7778
20,7783
45,7787
9,7789
42,7789
30,7790
43,7792
54,7792
56,7793
11,7800
1,7801
27,7801
2,7802
1,7803
1,7806
2,7807
33,7807
36,7807
2,7808
45,7809
19,7810
9,7811
17,7811
27,7812
53,7813
16,7816
34,7816
48,7825
32,7826
28,7827
27,7829
23,7830
22,7831
46,7832
21,7833
27,7833
45,7834
50,7834
23,7835
10,7836
39,7838
45,7842
31,7844
19,7845
3,7846
58,7847
4,7848
12,7848
12,7853
3,7855
42,7855
55,7855
49,7856
5,7857
5,7860
9,7860
9,7861
41,7863
43,7863
60,7864
17,7864
32,7866
4,7867
29,7867
23,7869
44,7869
54,7871
12,7874
29,7877
17,7879
41,7879
1,7880
2,7882
3,7882
4,7884
60,7885
8,7885
29,7886
1,7888
26,7889
1,7890
5,7890
10,7890
2,7891
5,7891
49,7892
53,7893
2,7894
3,7894
35,7895
45,7895
59,7897
27,7898
4,7900
21,7900
27,7902
44,7902
60,7903
3,7904
1,7905
4,7905
5,7906
1,7907
2,7908
3,7908
1,7910
2,7912
25,7912
2,7913
5,7914
40,7915
44,7915
4,7917
22,7917
43,7918
33,7921
53,7921
1,7922
7,7922
1,7923
2,7924
9,7924
19,7924
1,7928
2,7931
32,7931
56,7931
18,7936
33,7936
60,7937
20,7937
2,7938
8,7938
59,7938
9,7941
59,7941
48,7942
7,7943
37,7943
52,7943
42,7945
53,7946
20,7950
39,7951
57,7951
49,7952
58,7954
14,7955
24,7955
22,7959
30,7959
25,7965
3,7968
56,7968
4,7969
39,7970
5,7971
7,7971
49,7971
3,7972
30,7972
40,7972
32,7974
4,7976
31,7976
58,7976
5,7977
29,7978
33,7978
32,7980
44,7980
38,7983
33,7990
59,7993
25,7996
6,7997
48,7997
21,7999
37,7999
32,8003
39,8003
51,8004
26,8006
3,8008
56,8008
26,8010
40,8010
49,8010
51,8010
20,8011
4,8012
34,8014
3,8016
5,8017
59,8017
22,8018
29,8021
49,8021
4,8022
22,8022
33,8022
25,8023
35,8023
26,8024
15,8029
5,8030
21,8034
52,8040
52,8042
22,8045
56,8045
47,8047
50,8047
6,8049
34,8049
40,8049
51,8051
3,8052
24,8053
26,8054
43,8054
7,8057
15,8057
4,8058
29,8059
30,8059
30,8060
11,8066
40,8066
10,8070
13,8070
11,8072
27,8072
20,8077
30,8078
27,8081
17,8083
58,8085
8,8091
28,8092
37,8092
36,8093
29,8094
50,8094
35,8095
2,8097
60,8100
45,8100
56,8100
59,8100
34,8101
46,8102
3,8109
9,8109
6,8113
50,8113
45,8114
51,8119
10,8122
40,8123
29,8126
41,8127
15,8130
35,8130
5,8138
23,8138
1,8140
38,8144
42,8144
20,8145
13,8148
29,8148
17,8149
54,8151
28,8152
3,8156
9,8157
58,8158
22,8159
33,8159
4,8160
55,8160
3,8162
4,8163
5,8165
51,8165
5,8166
40,8168
58,8170
42,8172
20,8173
40,8174
3,8176
5,8177
52,8177
4,8178
23,8180
9,8183
20,8183
45,8183
5,8184
39,8184
4,8185
36,8185
3,8187
51,8187
18,8188
18,8189
32,8190
44,8190
1,8196
48,8196
60,8198
2,8198
47,8203
1,8204
2,8205
1,8207
41,8207
2,8208
9,8209
36,8211
23,8214
54,8215
19,8219
43,8219
22,8222
59,8222
55,8225
26,8226
27,8226
30,8226
8,8228
34,8229
39,8230
10,8231
51,8232
3,8233
10,8233
5,8236
35,8237
4,8239
28,8240
5,8242
43,8243
3,8244
11,8248
28,8248
4,8252
11,8252
29,8254
39,8255
26,8256
11,8257
36,8258
48,8258
8,8261
33,8263
32,8267
13,8268
50,8269
45,8270
58,8270
14,8271
44,8273
12,8274
34,8277
9,8280
18,8280
11,8284
17,8285
14,8287
37,8287
48,8287
59,8290
19,8293
44,8293
46,8293
13,8297
29,8297
3,8298
5,8299
1,8300
4,8300
3,8301
58,8302
1,8304
2,8305
5,8306
11,8306
2,8307
10,8309
1,8311
4,8311
2,8312
9,8312
53,8312
11,8313
35,8315
15,8316
37,8317
41,8318
1,8319
13,8320
58,8322
2,8324
1,8326
55,8326
33,8327
1,8328
2,8329
31,8329
53,8329
2,8331
40,8331
46,8332
42,8335
36,8336
45,8336
27,8337
34,8338
14,8340
36,8346
8,8350
28,8350
58,8353
23,8356
48,8356
10,8358
7,8359
24,8361
24,8363
12,8365
14,8365
8,8366
45,8366
58,8366
17,8367
44,8368
60,8369
19,8376
35,8378
49,8378
39,8379
38,8380
60,8382
47,8382
28,8383
3,8389
5,8390
59,8390
33,8391
4,8394
43,8396
3,8397
5,8399
4,8404
29,8409
52,8409
18,8410
25,8413
40,8414
33,8416
24,8418
54,8419
38,8421
59,8421
14,8422
45,8423
6,8426
32,8427
10,8429
55,8432
15,8435
36,8435
7,8437
28,8437
11,8438
24,8441
14,8443
57,8443
16,8444
30,8451
50,8451
60,8452
1,8454
17,8454
2,8455
57,8455
1,8456
2,8458
14,8461
44,8461
1,8463
3,8463
2,8464
5,8464
4,8465
5,8466
3,8467
45,8467
57,8467
4,8468
52,8470
50,8471
38,8473
30,8475
53,8476
6,8477
36,8477
38,8477
45,8478
47,8478
13,8484
39,8484
27,8489
39,8490
40,8491
43,8491
31,8493
14,8496
50,8497
48,8498
47,8500
25,8501
31,8502
16,8505
16,8506
52,8509
50,8510
26,8512
7,8513
1,8516
15,8517
35,8517
1,8518
2,8519
32,8519
34,8519
1,8522
36,8523
56,8523
2,8525
7,8525
2,8527
11,8537
30,8537
3,8542
28,8542
42,8542
45,8542
5,8543
4,8544
28,8544
40,8544
3,8545
18,8545
31,8547
36,8548
4,8550
11,8551
33,8551
45,8552
5,8554
56,8554
60,8555
57,8555
29,8556
53,8556
3,8557
41,8557
5,8559
10,8562
4,8563
27,8563
4,8565
13,8568
52,8568
5,8569
3,8570
25,8573
39,8573
2,8577
28,8578
24,8581
59,8582
9,8586
54,8587
12,8588
30,8588
36,8590
58,8590
18,8591
34,8593
41,8593
11,8596
32,8597
24,8598
40,8601
25,8602
37,8602
16,8606
21,8608
30,8609
51,8609
34,8611
47,8611
52,8611
8,8616
3,8618
8,8618
21,8618
13,8619
5,8620
46,8620
5,8622
4,8623
4,8624
29,8624
58,8624
3,8625
1,8629
19,8631
60,8636
27,8639
34,8639
34,8640
42,8640
1,8641
22,8643
58,8644
1,8645
2,8646
9,8646
48,8647
57,8647
2,8648
1,8649
2,8650
58,8652
11,8653
16,8653
37,8654
19,8657
9,8658
27,8658
15,8660
27,8660
1,8664
12,8664
29,8665
41,8667
2,8668
1,8669
1,8670
32,8673
2,8674
21,8674
36,8674
16,8675
32,8675
2,8676
3,8676
55,8677
60,8678
7,8678
48,8679
53,8679
29,8680
37,8680
43,8681
46,8684
4,8686
32,8686
5,8688
16,8689
10,8690
4,8693
17,8694
5,8696
20,8696
41,8696
3,8697
45,8699
53,8699
36,8700
7,8702
6,8704
17,8705
15,8706
21,8706
31,8707
3,8708
5,8709
45,8710
51,8710
52,8712
42,8713
5,8715
22,8716
4,8717
15,8719
10,8720
8,8723
33,8725
34,8726
3,8727
8,8727
48,8727
4,8728
1,8730
43,8730
1,8731
10,8731
20,8732
2,8733
2,8734
27,8734
38,8736
1,8737
2,8738
30,8741
55,8742
49,8743
23,8744
1,8747
2,8748
1,8751
37,8751
59,8753
2,8754
27,8754
1,8757
50,8757
34,8759
26,8760
16,8762
59,8762
2,8764
31,8765
55,8766
59,8766
18,8771
15,8773
29,8773
29,8774
42,8774
1,8775
2,8776
1,8777
1,8778
38,8779
2,8780
60,8781
43,8783
41,8785
2,8786
42,8787
6,8788
38,8791
25,8792
51,8793
55,8796
16,8801
51,8802
41,8803
17,8805
55,8806
10,8807
50,8810
38,8814
50,8814
51,8814
30,8815
55,8815
59,8817
7,8819
24,8819
26,8820
34,8822
3,8824
4,8827
12,8828
34,8828
39,8828
5,8829
33,8830
5,8834
1,8838
3,8839
4,8840
44,8840
1,8841
41,8841
6,8842
2,8843
23,8843
39,8844
6,8845
46,8845
1,8846
2,8847
2,8848
29,8854
46,8855
23,8857
1,8859
1,8862
14,8863
36,8863
19,8864
21,8864
25,8865
29,8865
2,8867
24,8868
8,8870
1,8872
36,8872
57,8872
43,8873
2,8876
33,8876
2,8879
28,8880
9,8881
12,8882
55,8886
4,8887
11,8890
32,8892
53,8893
38,8894
13,8896
25,8897
51,8897
6,8898
6,8899
43,8900
48,8900
22,8901
3,8902
50,8902
4,8903
32,8904
35,8905
4,8906
3,8909
5,8912
5,8913
18,8913
12,8915
22,8920
32,8920
58,8924
48,8926
1,8929
2,8930
12,8935
42,8935
1,8936
17,8936
1,8938
2,8939
38,8942
2,8943
16,8943
18,8943
43,8946
29,8947
25,8948
3,8949
4,8951
34,8952
4,8953
5,8955
5,8959
43,8961
3,8963
44,8963
28,8964
41,8964
60,8965
46,8965
18,8966
33,8967
44,8967
49,8967
19,8971
16,8972
20,8972
42,8972
55,8975
50,8978
3,8979
32,8979
46,8979
5,8980
50,8980
4,8983
48,8984
24,8985
29,8985
34,8986
5,8987
4,8988
3,8989
36,8990
40,8990
9,8995
58,8996
60,8997
36,8999
23,9000
22,9004
14,9008
24,9008
12,9009
53,9010
3,9014
1,9016
58,9017
1,9018
5,9020
13,9021
33,9021
50,9021
2,9024
31,9024
1,9025
4,9025
19,9025
54,9025
2,9026
4,9026
2,9027
19,9027
50,9027
3,9028
5,9029
32,9029
41,9029
16,9030
10,9034
35,9036
38,9036
46,9037
1,9038
3,9039
5,9040
5,9041
4,9042
9,9042
4,9044
30,9044
41,9044
48,9044
7,9046
49,9047
3,9048
14,9048
27,9048
58,9048
48,9054
32,9055
24,9057
12,9060
29,9066
48,9068
46,9069
25,9071
49,9072
8,9076
19,9076
53,9078
54,9078
27,9083
39,9085
49,9085
37,9087
48,9087
3,9092
10,9093
14,9093
18,9095
3,9096
5,9097
1,9101
4,9102
1,9103
3,9104
45,9104
4,9105
5,9106
2,9108
22,9108
1,9109
2,9110
30,9110
32,9110
2,9112
57,9112
58,9115
60,9117
17,9117
50,9119
15,9120
27,9121
53,9121
28,9125
39,9125
34,9126
22,9129
32,9129
3,9135
51,9135
10,9138
38,9139
46,9142
5,9144
32,9147
55,9149
4,9150
5,9151
4,9152
3,9153
35,9153
24,9156
45,9162
28,9164
20,9165
37,9165
54,9166
9,9168
51,9171
17,9174
50,9176
33,9178
9,9179
11,9179
17,9181
43,9182
51,9182
12,9187
18,9187
25,9187
1,9188
10,9189
2,9190
21,9190
50,9192
1,9195
46,9195
39,9198
48,9198
58,9198
41,9202
35,9203
2,9205
12,9206
52,9206
15,9207
1,9209
32,9209
2,9210
51,9210
53,9212
21,9214
1,9216
41,9217
2,9218
36,9218
1,9220
2,9222
29,9222
1,9223
42,9223
2,9224
21,9225
12,9227
10,9228
13,9229
60,9230
23,9233
17,9234
26,9234
28,9236
19,9238
38,9240
24,9241
30,9242
32,9244
56,9246
50,9250
1,9253
60,9255
2,9256
27,9258
51,9258
1,9259
55,9259
1,9261
8,9261
2,9262
18,9262
2,9266
54,9269
58,9271
1,9272
55,9272
42,9273
57,9273
30,9274
37,9274
22,9275
43,9275
36,9276
56,9276
16,9280
47,9281
32,9282
26,9283
52,9283
32,9285
33,9285
21,9287
31,9287
27,9288
8,9292
20,9294
59,9294
53,9298
45,9300
3,9305
4,9306
34,9306
5,9307
34,9307
6,9308
50,9309
3,9311
5,9313
4,9314
11,9314
59,9316
52,9318
11,9319
1,9323
6,9324
20,9325
45,9328
5,9332
45,9335
24,9337
34,9337
15,9340
15,9341
25,9343
16,9344
24,9344
13,9346
35,9346
48,9346
6,9347
44,9348
45,9352
47,9352
59,9353
37,9357
55,9357
57,9362
8,9363
12,9363
58,9364
13,9367
39,9367
18,9368
14,9370
48,9371
58,9371
22,9372
35,9372
52,9372
35,9375
42,9375
44,9375
52,9375
27,9380
32,9380
24,9381
39,9381
46,9382
60,9384
58,9384
11,9386
35,9386
47,9386
29,9390
36,9392
25,9395
40,9395
30,9397
20,9398
40,9401
38,9402
18,9403
47,9410
27,9417
19,9418
16,9420
26,9423
55,9423
1,9425
1,9426
2,9427
2,9428
8,9428
11,9430
14,9430
56,9431
45,9434
21,9435
1,9436
20,9439
10,9440
49,9440
2,9441
16,9441
11,9442
54,9442
21,9443
49,9447
3,9448
5,9454
57,9454
4,9456
38,9456
4,9458
5,9459
3,9460
16,9461
57,9461
13,9462
20,9463
53,9463
33,9464
13,9466
41,9466
52,9469
57,9469
10,9470
47,9470
1,9473
55,9476
24,9478
18,9481
23,9483
45,9483
11,9484
21,9484
44,9485
1,9486
23,9486
34,9486
1,9487
59,9487
7,9489
58,9490
2,9491
2,9493
57,9493
1,9496
57,9497
57,9503
2,9504
7,9505
25,9507
35,9507
44,9511
17,9512
12,9514
52,9516
47,9517
49,9518
15,9519
47,9519
42,9523
10,9524
1,9533
32,9533
36,9533
19,9534
41,9537
1,9538
2,9539
6,9539
1,9542
11,9543
25,9543
32,9544
19,9546
26,9549
49,9549
2,9552
36,9553
1,9554
19,9555
2,9556
1,9557
6,9557
26,9557
31,9557
48,9561
2,9562
1,9565
44,9565
1,9566
48,9568
37,9572
2,9573
7,9573
34,9573
2,9574
14,9576
24,9579
11,9581
14,9582
50,9582
31,9583
3,9584
6,9587
42,9589
47,9589
60,9591
6,9591
7,9591
35,9592
1,9598
18,9599
6,9600
18,9600
2,9603
1,9605
2,9608
1,9610
56,9612
2,9614
18,9615
51,9616
36,9617
41,9619
34,9622
33,9623
45,9629
52,9632
14,9634
22,9638
49,9640
37,9642
22,9643
42,9643
51,9643
34,9645
36,9649
56,9651
39,9654
3,9656
3,9657
48,9657
4,9658
5,9659
4,9660
10,9660
3,9662
55,9663
36,9666
5,9668
60,9670
1,9670
13,9670
24,9670
1,9671
52,9671
2,9675
2,9676
1,9678
8,9678
59,9679
2,9681
28,9681
54,9682
22,9683
25,9687
28,9687
6,9695
14,9697
24,9700
3,9704
4,9705
3,9706
5,9707
25,9707
45,9707
4,9709
17,9709
7,9711
5,9712
37,9715
40,9718
55,9721
4,9722
27,9728
44,9730
33,9731
57,9734
30,9735
3,9736
5,9737
22,9737
16,9738
4,9739
36,9740
4,9741
12,9741
15,9743
5,9747
38,9749
3,9751
18,9755
55,9758
3,9759
4,9760
1,9761
19,9761
2,9762
30,9764
4,9765
47,9765
1,9766
3,9766
1,9767
5,9768
2,9769
2,9770
5,9770
1,9772
27,9772
1,9773
50,9773
2,9774
2,9775
30,9776
1,9777
24,9777
1,9780
23,9781
49,9781
2,9782
8,9783
15,9785
13,9787
58,9788
24,9789
3,9791
17,9792
42,9792
50,9792
50,9793
1,9794
49,9794
13,9795
11,9796
2,9797
11,9797
1,9798
1,9799
54,9799
2,9801
5,9801
10,9801
50,9801
2,9803
5,9803
4,9805
30,9807
1,9809
1,9810
3,9810
2,9812
4,9812
47,9813
56,9814
1,9815
36,9815
48,9815
53,9815
6,9816
33,9817
53,9818
54,9818
2,9819
39,9819
2,9820
16,9821
47,9823
37,9826
10,9828
16,9828
53,9828
34,9829
37,9829
16,9834
48,9835
53,9835
3,9836
16,9836
5,9837
49,9837
4,9839
31,9839
5,9840
11,9840
59,9841
4,9842
3,9843
1,9846
2,9847
1,9848
2,9849
1,9851
2,9852
11,9852
5,9858
43,9858
20,9860
15,9862
3,9863
29,9863
4,9864
31,9864
59,9864
11,9865
3,9866
50,9866
5,9867
29,9867
5,9868
6,9868
4,9869
6,9870
41,9871
34,9880
59,9881
7,9882
37,9883
6,9886
51,9889
19,9891
41,9891
54,9891
23,9892
11,9894
28,9895
26,9898
8,9900
19,9900
36,9903
29,9908
7,9910
52,9912
14,9914
1,9915
56,9915
11,9918
30,9920
10,9922
2,9923
1,9924
54,9925
54,9926
1,9927
2,9929
33,9929
2,9931
36,9932
7,9933
19,9938
1,9939
47,9939
53,9940
18,9941
47,9941
13,9942
1,9943
2,9945
3,9945
26,9945
4,9946
38,9946
2,9947
5,9947
1,9948
3,9948
50,9949
59,9949
4,9950
5,9951
2,9953
20,9953
24,9955
45,9957
12,9958
8,9960
60,9961
21,9961
1,9964
1,9967
2,9969
2,9970
17,9971
43,9971
49,9971
1,9972
18,9972
19,9972
2,9973
24,9974
33,9976
45,9980
19,9981
32,9986
52,9986
18,9989
32,9990
57,9990
30,9991
58,9992
45,9994
28,9996
22,9997
27,9999
