30,1
38,1
21,2
31,2
30,3
21,7
52,8
56,10
59,13
12,14
38,14
56,15
1,18
2,20
54,20
1,21
2,23
1,26
2,27
25,27
56,27
6,28
7,31
27,31
9,34
1,35
17,35
20,35
1,36
2,38
15,40
59,41
1,42
2,44
2,48
49,48
25,49
50,49
1,55
11,55
2,56
1,57
41,58
32,59
17,61
59,61
2,62
3,62
4,63
40,63
1,64
3,64
26,64
2,65
4,65
5,66
40,66
5,67
60,68
51,72
2,73
20,73
40,73
30,74
5,78
11,78
9,82
50,83
23,84
37,85
55,88
17,89
31,89
49,89
32,90
38,92
18,96
49,96
26,99
16,100
46,100
16,102
28,103
32,103
13,106
17,107
10,109
59,117
3,118
10,118
19,120
14,121
43,121
4,122
5,123
5,124
48,124
3,125
4,126
9,126
42,127
34,128
15,130
28,130
28,133
47,133
22,134
12,135
21,136
51,136
19,138
43,142
43,147
38,149
1,158
1,160
24,160
2,161
25,161
47,161
23,162
35,164
1,167
27,168
36,169
2,170
37,171
2,174
30,174
36,174
49,175
8,176
14,177
9,180
22,180
45,181
17,184
35,184
40,185
9,186
11,193
17,193
22,193
42,196
22,198
36,204
16,205
57,205
58,207
47,214
1,217
50,218
53,218
1,219
2,220
2,221
1,222
3,223
16,223
2,224
5,224
25,224
4,226
16,226
41,226
4,228
29,229
5,230
3,231
27,236
56,237
57,238
45,240
45,242
22,243
51,250
13,258
43,259
29,260
5,262
19,265
43,265
55,268
6,270
35,275
59,275
40,276
8,279
17,279
29,281
47,281
11,283
9,284
29,284
26,285
51,285
55,286
55,290
60,291
1,293
2,294
1,295
22,295
30,296
36,297
1,300
51,300
2,301
13,301
2,302
46,307
23,308
56,308
3,309
51,311
6,318
45,318
44,321
57,321
38,328
43,328
30,329
34,329
21,332
7,333
20,333
47,334
59,336
22,337
24,338
14,343
26,343
32,347
1,348
1,349
28,349
46,349
51,350
2,352
56,352
2,353
1,354
57,355
46,357
16,358
2,359
4,361
52,362
53,362
10,365
43,366
59,366
34,367
39,367
31,369
13,372
45,373
56,373
60,375
30,377
39,382
6,383
26,384
42,387
1,388
3,389
2,390
1,391
1,392
2,394
4,395
28,395
5,396
51,397
2,398
4,398
5,399
51,399
6,403
3,404
21,406
16,407
39,408
53,410
18,412
55,413
41,414
7,415
49,416
6,417
42,417
47,417
56,418
26,419
21,422
24,422
29,422
1,423
39,423
1,425
3,425
2,426
29,426
1,427
4,428
40,428
27,429
28,429
5,430
2,433
4,433
2,434
3,434
5,435
7,436
28,438
36,439
28,447
40,447
29,448
3,453
4,454
1,456
1,457
5,457
12,457
21,457
2,460
5,460
35,460
2,461
1,462
2,463
3,463
57,463
4,464
17,464
18,464
18,467
30,468
54,468
51,469
38,472
9,475
31,478
57,479
7,480
21,481
41,481
32,482
43,484
15,486
38,487
53,489
21,494
27,497
19,501
51,502
7,504
38,504
48,504
34,507
40,509
46,510
7,513
35,513
33,516
45,518
3,519
4,522
4,523
29,523
44,523
1,524
1,525
5,525
28,525
2,526
58,526
3,527
6,527
1,528
5,528
48,528
2,532
2,533
19,538
15,541
41,541
18,543
24,543
27,546
52,551
47,552
8,554
60,555
19,555
9,557
15,558
34,563
40,564
39,573
53,573
15,575
11,577
25,577
49,581
13,583
7,584
33,584
52,584
1,587
58,587
2,588
1,590
44,590
55,590
1,591
16,591
2,592
38,593
48,594
2,596
10,597
12,597
50,598
22,599
53,599
40,600
50,600
48,602
8,603
18,605
49,607
19,609
37,609
58,609
43,611
21,612
6,616
56,618
26,619
42,619
49,621
47,622
37,624
37,626
48,628
38,629
50,629
25,631
53,631
32,634
41,636
52,636
15,646
11,654
22,654
33,656
49,656
38,657
32,663
10,664
14,664
26,664
14,665
46,665
29,670
43,670
60,671
37,671
42,674
57,676
12,679
23,679
3,680
36,680
5,681
1,682
4,682
1,683
2,684
4,684
2,685
5,685
10,685
54,685
3,686
1,687
32,687
2,688
49,688
11,691
15,691
17,691
6,692
11,695
28,696
55,696
1,697
16,697
39,698
12,704
47,704
58,704
32,706
60,708
44,708
1,712
23,712
2,713
34,714
1,716
2,718
1,719
56,719
2,720
60,721
18,721
12,723
36,723
57,724
47,727
3,729
8,729
5,730
37,730
38,730
10,731
28,731
47,731
5,732
7,732
38,732
4,733
8,733
3,734
9,735
60,736
4,736
6,738
20,739
32,740
51,742
14,744
1,746
2,748
1,749
30,749
2,750
3,750
33,750
1,751
4,751
19,751
50,751
2,752
3,752
5,753
4,755
38,755
47,755
38,756
5,757
25,757
16,759
28,760
12,761
31,761
42,764
7,765
18,766
50,766
18,768
47,770
55,771
22,773
15,774
29,774
58,774
58,778
8,780
22,780
18,783
22,784
19,785
22,786
49,787
11,788
50,788
9,790
41,790
11,792
1,795
47,796
2,798
1,799
46,799
2,800
45,800
48,800
1,801
37,801
2,802
45,802
48,806
60,807
60,808
22,810
48,811
1,812
13,812
36,812
2,814
36,814
1,817
2,818
1,819
2,820
6,820
23,824
19,826
51,827
20,828
38,830
50,830
60,832
41,832
41,833
8,835
12,839
6,842
60,843
24,848
16,852
33,853
29,854
47,858
53,859
12,862
16,863
1,864
7,864
1,865
46,865
2,867
2,868
13,868
1,869
22,869
32,869
2,870
53,875
29,876
11,883
1,888
2,889
54,889
1,892
34,892
35,892
1,893
2,894
11,895
18,895
31,895
58,897
2,898
14,900
14,905
29,907
55,909
24,915
1,916
25,916
46,916
13,919
39,920
40,920
38,925
36,930
41,931
52,931
42,932
23,936
1,937
15,938
13,941
48,943
32,944
52,944
56,944
10,945
33,945
22,947
18,949
3,950
15,950
41,950
5,951
5,952
4,953
52,953
4,955
22,955
45,955
55,955
57,955
3,956
35,959
35,960
7,961
50,961
9,963
35,963
19,964
1,966
3,966
52,966
4,967
2,968
1,969
2,970
4,970
1,971
5,971
2,972
5,972
3,973
45,973
22,975
59,975
55,978
32,979
24,980
6,982
46,982
48,983
19,984
55,986
10,988
19,988
58,988
22,999
21,1002
9,1003
37,1003
59,1003
29,1004
53,1004
41,1005
28,1008
3,1009
48,1009
4,1010
7,1010
26,1010
5,1012
12,1012
5,1014
9,1014
4,1015
3,1016
46,1019
6,1020
13,1024
24,1026
47,1026
33,1031
23,1032
13,1036
9,1037
17,1037
29,1041
35,1043
3,1045
9,1045
5,1046
4,1047
3,1048
4,1049
15,1050
53,1051
5,1054
10,1055
42,1057
49,1057
8,1059
27,1060
13,1061
58,1063
58,1065
11,1067
27,1069
2,1071
60,1075
52,1075
16,1081
33,1082
47,1083
52,1083
36,1086
10,1088
22,1088
36,1088
26,1091
3,1095
36,1095
48,1095
13,1098
4,1099
3,1100
5,1101
4,1102
38,1102
59,1102
13,1103
26,1103
5,1106
21,1108
39,1108
41,1108
42,1108
30,1111
17,1113
1,1115
18,1115
1,1117
28,1117
54,1117
2,1119
2,1120
41,1120
1,1121
2,1122
28,1122
6,1124
48,1124
48,1126
47,1129
49,1129
40,1130
41,1130
36,1132
18,1134
35,1135
47,1135
53,1135
54,1135
42,1136
6,1137
42,1138
52,1138
7,1140
52,1140
47,1142
50,1145
18,1146
7,1148
27,1151
31,1151
41,1151
1,1154
58,1154
2,1156
1,1158
2,1159
3,1159
14,1159
26,1159
1,1160
4,1160
41,1160
2,1162
8,1162
3,1163
5,1164
5,1166
4,1167
44,1167
59,1171
13,1172
44,1176
36,1177
48,1177
43,1178
43,1180
29,1183
35,1183
25,1185
45,1189
53,1189
3,1190
4,1191
26,1192
40,1193
4,1194
5,1195
7,1195
5,1196
3,1197
50,1197
52,1197
30,1199
54,1201
3,1202
56,1202
57,1202
4,1203
27,1203
34,1203
42,1204
4,1205
5,1206
41,1206
5,1207
25,1207
3,1208
55,1209
12,1210
55,1210
16,1211
32,1212
55,1215
42,1218
51,1223
33,1224
21,1225
36,1233
30,1234
45,1238
60,1239
51,1240
15,1242
1,1246
2,1247
1,1248
1,1249
37,1250
59,1251
38,1252
2,1253
2,1254
10,1260
43,1261
49,1261
12,1262
49,1264
40,1265
47,1266
50,1268
1,1269
2,1270
1,1271
1,1273
43,1273
2,1275
2,1276
30,1278
27,1279
31,1279
53,1280
26,1281
16,1282
27,1282
20,1287
20,1288
52,1288
3,1290
4,1291
19,1292
32,1292
4,1293
33,1293
5,1294
5,1298
3,1299
58,1300
44,1301
58,1304
32,1305
29,1306
33,1307
55,1308
7,1312
3,1314
32,1314
4,1316
41,1316
42,1316
3,1317
19,1317
5,1318
5,1319
48,1320
32,1321
43,1321
58,1322
4,1323
20,1325
3,1327
38,1327
16,1328
38,1328
21,1329
5,1330
5,1332
4,1333
3,1334
4,1335
21,1336
28,1336
52,1338
3,1340
19,1341
18,1342
1,1343
1,1344
5,1344
2,1345
2,1346
5,1346
28,1346
1,1347
4,1347
40,1347
4,1348
3,1350
2,1351
49,1351
57,1351
7,1353
24,1353
39,1353
42,1353
21,1354
29,1354
53,1354
26,1358
55,1358
10,1360
13,1360
29,1360
3,1363
4,1365
5,1366
41,1366
44,1367
3,1368
35,1368
38,1368
5,1369
56,1369
4,1370
57,1373
1,1374
36,1374
42,1375
2,1378
49,1379
44,1380
1,1381
48,1381
2,1382
1,1383
27,1383
2,1384
26,1388
28,1389
33,1389
11,1391
13,1391
38,1391
3,1392
23,1392
4,1393
11,1395
48,1396
4,1397
5,1398
5,1399
51,1399
3,1400
47,1402
6,1404
29,1404
29,1408
1,1409
1,1410
10,1410
2,1414
2,1415
1,1416
23,1416
32,1416
55,1418
14,1419
27,1421
54,1421
2,1422
10,1423
37,1423
9,1427
29,1427
56,1427
58,1429
19,1430
6,1431
53,1431
50,1433
60,1436
25,1436
1,1442
6,1442
2,1443
7,1443
1,1444
8,1444
1,1445
45,1445
2,1446
2,1447
16,1447
60,1450
47,1450
49,1450
56,1454
30,1459
43,1461
37,1462
16,1463
45,1471
10,1474
23,1475
3,1477
1,1478
5,1478
5,1479
2,1480
1,1481
4,1481
2,1482
3,1482
1,1483
4,1483
42,1483
53,1483
2,1484
34,1484
7,1486
43,1486
19,1487
12,1488
47,1489
51,1490
53,1491
38,1492
32,1502
35,1502
12,1504
54,1505
30,1506
28,1507
6,1509
37,1511
3,1515
6,1515
18,1516
5,1517
49,1517
4,1518
60,1520
3,1521
5,1522
25,1522
4,1523
37,1525
1,1528
13,1529
57,1529
2,1530
1,1532
19,1533
57,1533
2,1535
37,1535
1,1537
46,1537
2,1539
48,1540
59,1540
51,1541
12,1545
41,1545
8,1547
27,1552
30,1552
47,1554
12,1556
33,1557
56,1558
26,1559
60,1562
20,1564
20,1567
48,1572
7,1573
19,1573
41,1574
13,1582
19,1583
44,1583
18,1584
39,1585
48,1586
21,1588
42,1588
45,1593
47,1594
10,1597
17,1598
36,1598
9,1599
10,1599
28,1600
1,1602
1,1605
2,1606
2,1607
18,1607
52,1608
1,1610
6,1612
2,1613
12,1613
12,1614
42,1614
2,1615
13,1615
46,1615
11,1617
33,1619
23,1620
26,1623
6,1624
34,1625
16,1630
34,1630
16,1631
30,1632
3,1633
21,1634
15,1635
32,1635
17,1636
59,1636
1,1638
26,1638
2,1639
25,1639
1,1640
58,1640
22,1641
1,1644
2,1645
6,1645
2,1647
44,1647
43,1650
59,1650
55,1651
12,1652
39,1655
57,1655
8,1656
51,1656
55,1656
11,1658
45,1658
58,1658
12,1659
1,1664
52,1666
2,1667
59,1667
1,1668
28,1668
1,1669
2,1670
50,1670
15,1671
31,1674
43,1674
47,1674
2,1675
49,1676
15,1677
28,1678
55,1678
58,1678
58,1683
23,1684
41,1688
57,1691
41,1693
13,1694
3,1695
7,1695
4,1697
30,1699
5,1700
4,1703
3,1704
5,1705
36,1705
35,1709
22,1712
40,1712
20,1715
29,1715
58,1716
11,1718
14,1718
10,1719
37,1719
31,1720
30,1722
22,1723
53,1723
8,1727
26,1727
30,1727
1,1729
1,1730
2,1731
51,1731
27,1732
43,1732
1,1734
26,1734
2,1735
6,1735
21,1735
57,1735
2,1737
9,1737
12,1742
23,1744
29,1744
10,1745
44,1745
3,1746
45,1747
4,1748
49,1750
4,1751
20,1752
49,1755
51,1755
3,1757
11,1758
5,1759
29,1759
5,1760
34,1761
41,1762
11,1763
56,1763
33,1764
29,1767
42,1778
53,1778
1,1786
35,1787
21,1788
2,1789
1,1790
32,1791
1,1792
2,1793
53,1798
2,1799
23,1801
27,1802
41,1807
30,1809
31,1810
42,1810
9,1811
35,1818
3,1821
9,1822
28,1822
29,1822
5,1825
24,1825
45,1825
47,1826
52,1826
4,1828
4,1830
34,1830
3,1832
10,1832
19,1832
5,1833
22,1836
29,1837
45,1837
34,1839
56,1840
38,1843
49,1843
18,1844
59,1845
44,1846
23,1848
16,1849
49,1851
18,1852
57,1856
31,1857
34,1857
3,1858
34,1858
5,1860
23,1860
5,1861
44,1861
4,1862
21,1862
29,1862
44,1862
3,1863
17,1864
47,1865
4,1866
48,1867
56,1867
55,1868
34,1872
60,1873
13,1874
13,1875
23,1876
4,1891
8,1892
27,1898
43,1899
6,1901
21,1901
36,1903
56,1906
10,1908
10,1910
51,1918
54,1921
21,1924
36,1924
13,1927
14,1929
19,1930
49,1930
2,1931
58,1931
16,1932
48,1934
14,1936
58,1941
24,1944
23,1945
43,1946
15,1947
30,1950
23,1952
36,1952
57,1953
8,1957
28,1957
60,1958
23,1958
53,1959
1,1960
33,1961
2,1962
17,1962
18,1962
29,1962
1,1963
1,1964
32,1964
2,1965
2,1966
27,1967
46,1967
58,1970
58,1971
9,1973
43,1975
45,1976
16,1977
29,1979
57,1979
26,1980
41,1983
7,1988
21,1991
33,2001
3,2004
8,2004
4,2005
15,2007
5,2008
6,2008
5,2009
22,2009
51,2009
4,2010
51,2010
3,2011
37,2011
10,2014
3,2015
4,2016
24,2016
44,2016
8,2017
37,2017
5,2018
39,2018
5,2019
4,2020
3,2022
20,2022
38,2022
42,2022
50,2022
31,2024
1,2025
2,2026
47,2027
54,2027
1,2028
21,2028
2,2031
28,2032
40,2032
1,2035
2,2036
60,2037
37,2042
53,2042
36,2046
25,2047
28,2048
2,2053
19,2053
47,2054
57,2055
32,2057
1,2058
2,2059
31,2059
56,2059
1,2061
2,2062
1,2063
55,2064
34,2065
2,2067
44,2067
8,2070
44,2072
54,2075
56,2077
14,2083
49,2086
24,2089
28,2089
27,2090
50,2090
49,2096
28,2099
55,2099
3,2106
4,2107
4,2108
5,2109
5,2110
47,2110
3,2111
37,2112
1,2116
1,2117
41,2117
2,2119
34,2120
2,2122
28,2122
1,2123
2,2125
37,2126
13,2127
6,2128
11,2128
6,2129
37,2132
49,2134
32,2135
52,2135
53,2141
1,2143
13,2143
53,2143
1,2144
2,2144
2,2145
42,2145
1,2146
2,2147
39,2147
53,2147
2,2148
22,2149
16,2150
29,2151
54,2152
24,2153
6,2154
16,2154
52,2154
7,2155
56,2156
41,2158
15,2159
27,2159
28,2159
44,2160
48,2161
18,2162
30,2162
13,2163
41,2164
20,2166
55,2167
1,2168
33,2168
29,2169
36,2169
1,2170
12,2171
56,2171
2,2174
57,2174
2,2175
7,2175
22,2175
1,2176
2,2177
29,2177
6,2178
29,2179
57,2182
36,2185
3,2188
24,2188
24,2189
4,2190
45,2190
3,2191
34,2191
4,2194
5,2195
5,2196
10,2197
2,2198
18,2200
3,2202
43,2202
59,2203
41,2204
2,2206
46,2207
1,2209
8,2209
37,2209
48,2210
32,2211
20,2212
1,2213
2,2214
2,2215
1,2216
40,2219
2,2220
10,2220
53,2220
25,2221
52,2222
14,2229
1,2230
12,2230
32,2230
2,2231
32,2232
1,2233
26,2233
1,2234
2,2235
28,2235
2,2237
41,2237
53,2237
38,2238
52,2240
26,2244
20,2247
29,2248
47,2249
51,2251
16,2256
2,2261
19,2261
11,2262
1,2263
57,2263
52,2266
2,2267
1,2268
16,2268
45,2268
11,2269
38,2269
1,2271
20,2271
39,2271
46,2271
2,2272
42,2272
2,2273
38,2273
41,2274
50,2274
58,2277
16,2278
18,2279
27,2282
55,2284
3,2286
27,2286
5,2288
26,2288
5,2289
4,2290
56,2290
4,2291
3,2292
42,2292
18,2293
27,2294
27,2296
42,2297
34,2298
20,2302
56,2302
46,2305
54,2308
3,2310
59,2310
5,2311
15,2313
16,2313
44,2313
4,2315
40,2316
5,2318
4,2319
22,2319
33,2319
3,2320
20,2320
58,2323
1,2324
1,2325
2,2326
44,2326
1,2327
2,2328
47,2328
2,2330
57,2332
51,2339
9,2341
9,2342
10,2342
14,2343
57,2343
24,2347
31,2350
50,2353
47,2355
46,2356
38,2357
56,2357
29,2358
30,2358
36,2362
9,2364
26,2366
37,2366
1,2371
2,2372
23,2372
52,2372
32,2375
1,2376
2,2377
7,2377
1,2378
46,2378
12,2380
10,2381
2,2382
59,2382
60,2387
18,2387
36,2389
17,2390
38,2394
46,2394
1,2397
57,2399
57,2401
20,2403
47,2403
31,2405
58,2406
59,2406
40,2407
20,2412
3,2413
3,2416
8,2416
5,2417
5,2418
27,2418
4,2421
4,2422
23,2422
38,2422
3,2424
54,2424
14,2425
18,2426
53,2426
3,2427
6,2427
32,2429
43,2430
34,2431
37,2431
52,2431
10,2433
11,2433
52,2433
28,2434
24,2435
10,2438
1,2440
48,2440
55,2440
1,2441
2,2442
1,2443
16,2443
44,2443
2,2446
27,2446
2,2447
39,2448
8,2449
40,2449
1,2452
16,2452
32,2452
1,2453
2,2454
2,2455
1,2458
27,2458
52,2460
2,2461
10,2462
45,2466
56,2468
59,2470
36,2471
24,2472
39,2472
1,2473
1,2474
12,2475
2,2477
16,2477
2,2478
52,2478
1,2480
2,2481
54,2481
6,2484
24,2485
3,2486
28,2486
46,2486
26,2487
4,2488
3,2489
5,2490
26,2490
5,2491
17,2491
8,2492
4,2494
50,2495
30,2496
34,2496
42,2496
12,2499
44,2499
32,2500
46,2500
43,2504
22,2505
59,2507
47,2511
17,2512
17,2515
8,2517
52,2519
25,2520
26,2520
49,2520
19,2524
11,2525
34,2525
40,2528
33,2529
29,2530
41,2532
18,2536
9,2538
44,2539
16,2541
50,2541
41,2544
52,2546
1,2547
43,2547
36,2549
57,2549
3,2552
1,2553
4,2553
4,2554
2,2555
1,2556
2,2557
7,2557
2,2558
5,2558
5,2559
56,2559
3,2560
9,2563
59,2563
52,2566
49,2569
19,2571
53,2571
28,2572
30,2572
14,2574
44,2576
51,2579
31,2580
45,2582
48,2585
57,2585
54,2586
18,2588
10,2590
36,2590
45,2594
15,2595
28,2597
6,2599
27,2599
8,2600
40,2600
42,2601
12,2609
45,2611
1,2615
33,2615
14,2617
1,2618
29,2618
50,2618
2,2620
3,2620
57,2621
13,2622
2,2623
4,2623
7,2623
27,2623
53,2623
3,2624
1,2625
5,2625
39,2625
2,2627
5,2627
16,2628
24,2629
60,2632
43,2632
4,2633
48,2633
31,2637
22,2640
45,2641
44,2642
60,2643
17,2650
9,2651
35,2651
51,2651
4,2652
16,2653
30,2654
27,2655
58,2656
60,2658
34,2660
42,2661
55,2664
57,2665
45,2669
46,2669
17,2670
35,2670
23,2674
18,2675
55,2675
7,2677
10,2677
22,2678
33,2682
41,2682
35,2683
8,2690
1,2691
48,2691
7,2693
1,2694
2,2695
3,2695
5,2696
1,2697
17,2698
55,2698
2,2699
4,2699
2,2700
5,2700
15,2701
8,2702
3,2703
15,2703
23,2704
4,2705
12,2705
34,2705
11,2706
58,2710
42,2713
42,2714
45,2714
36,2718
36,2723
11,2725
42,2729
33,2730
44,2733
57,2736
19,2738
44,2738
17,2740
55,2740
18,2741
14,2749
1,2750
2,2752
1,2753
2,2754
59,2754
1,2755
2,2756
6,2756
7,2757
29,2761
35,2763
1,2764
2,2765
1,2767
52,2767
57,2767
1,2768
6,2768
58,2768
16,2769
2,2770
40,2770
7,2771
2,2772
3,2773
4,2775
5,2776
11,2776
3,2777
32,2777
56,2778
4,2779
52,2779
5,2780
7,2782
52,2782
36,2783
31,2785
25,2789
59,2789
19,2790
28,2793
17,2795
14,2797
47,2797
48,2798
54,2799
56,2800
43,2801
41,2805
31,2807
49,2808
54,2810
36,2812
1,2815
1,2817
23,2817
35,2817
41,2817
2,2818
2,2819
1,2820
2,2821
2,2822
41,2823
47,2827
21,2832
25,2835
49,2836
28,2838
17,2842
46,2843
41,2849
17,2851
10,2857
38,2858
53,2858
21,2860
7,2861
10,2862
17,2862
11,2863
27,2866
46,2866
51,2866
31,2869
53,2871
8,2875
40,2878
24,2879
35,2881
49,2882
55,2882
35,2883
48,2883
15,2884
21,2885
30,2888
7,2890
31,2900
21,2903
57,2903
37,2904
55,2904
58,2904
20,2905
13,2906
53,2908
19,2911
50,2913
13,2914
3,2916
37,2917
5,2918
5,2919
4,2921
4,2922
23,2922
3,2923
56,2923
9,2926
36,2931
23,2932
18,2933
52,2934
52,2935
8,2936
43,2936
60,2938
47,2939
24,2943
29,2944
39,2945
19,2946
20,2947
29,2947
55,2948
28,2950
31,2961
42,2961
10,2963
35,2963
52,2963
20,2972
32,2976
16,2980
54,2981
7,2984
40,2984
19,2986
51,2988
13,2991
20,2993
57,2996
16,2999
24,2999
41,3004
1,3005
44,3005
23,3006
39,3007
1,3008
39,3008
2,3009
27,3009
37,3010
44,3010
1,3011
2,3012
46,3012
2,3013
23,3013
37,3014
29,3016
3,3018
27,3019
44,3019
5,3020
4,3021
6,3021
5,3022
4,3023
16,3023
3,3025
26,3025
58,3029
11,3031
18,3031
50,3032
13,3033
17,3033
54,3033
30,3034
17,3037
3,3038
7,3041
22,3041
24,3042
3,3044
4,3045
3,3046
4,3047
49,3047
5,3048
5,3052
41,3054
42,3054
14,3057
56,3059
41,3061
47,3064
52,3064
45,3066
59,3076
8,3082
30,3083
37,3085
47,3085
28,3086
30,3086
55,3087
1,3092
38,3092
1,3093
2,3094
22,3094
2,3095
1,3096
20,3096
2,3097
31,3097
1,3100
60,3101
2,3101
1,3102
58,3102
1,3104
2,3106
2,3108
24,3109
30,3109
50,3109
37,3113
19,3119
28,3121
33,3122
45,3128
44,3129
51,3131
25,3136
44,3136
52,3136
29,3138
21,3139
33,3140
41,3141
44,3141
39,3145
18,3147
50,3147
55,3147
36,3148
37,3148
32,3149
42,3149
28,3150
14,3151
26,3151
16,3152
18,3152
27,3152
20,3155
1,3156
1,3157
2,3158
1,3159
2,3162
2,3163
32,3163
59,3165
59,3167
3,3171
1,3172
28,3173
4,3174
5,3174
4,3175
5,3178
59,3178
4,3179
60,3180
3,3180
37,3181
32,3185
47,3186
51,3186
60,3187
1,3188
1,3189
10,3189
22,3189
2,3190
2,3191
35,3191
1,3193
34,3194
2,3195
6,3196
18,3196
53,3200
34,3202
46,3204
9,3208
53,3210
60,3211
3,3213
4,3214
32,3215
5,3216
4,3217
8,3218
43,3218
3,3219
15,3219
1,3221
5,3221
1,3222
22,3223
2,3225
2,3226
30,3226
37,3226
8,3227
40,3228
1,3229
2,3230
54,3230
9,3232
3,3234
22,3236
54,3236
5,3238
46,3238
47,3238
4,3239
6,3239
4,3240
9,3240
3,3241
20,3241
1,3242
38,3242
1,3243
2,3244
5,3244
2,3245
1,3246
2,3247
5,3247
39,3250
10,3251
37,3251
3,3253
11,3255
55,3255
52,3257
48,3258
38,3262
50,3266
10,3272
23,3274
30,3277
23,3278
31,3278
38,3278
1,3279
56,3279
2,3280
1,3281
35,3281
6,3283
1,3286
2,3287
2,3289
40,3291
21,3292
22,3294
49,3294
7,3297
51,3298
7,3300
59,3300
17,3301
19,3303
28,3306
1,3309
31,3309
34,3309
2,3311
1,3312
50,3312
1,3313
7,3313
57,3315
2,3316
22,3316
2,3319
42,3322
19,3324
45,3324
8,3329
33,3329
45,3332
9,3334
39,3334
41,3334
24,3335
36,3335
50,3336
19,3338
42,3339
14,3340
15,3340
28,3341
43,3343
10,3344
3,3346
21,3346
4,3347
15,3347
5,3348
4,3349
3,3350
22,3350
33,3350
5,3351
45,3352
26,3353
50,3354
59,3354
58,3356
28,3357
10,3359
11,3362
28,3362
44,3364
44,3365
13,3366
26,3368
31,3368
49,3370
20,3371
31,3373
49,3373
18,3375
23,3376
35,3377
32,3380
12,3382
14,3382
16,3382
31,3383
33,3384
1,3387
1,3388
3,3388
46,3388
4,3389
5,3390
16,3390
30,3390
3,3391
20,3391
2,3392
4,3393
39,3393
2,3394
5,3394
28,3397
1,3398
2,3400
24,3402
1,3408
2,3409
1,3411
40,3411
2,3412
17,3412
56,3412
1,3413
2,3414
38,3415
49,3417
42,3418
53,3419
42,3421
21,3422
26,3424
31,3425
39,3425
58,3430
54,3433
54,3441
7,3445
12,3448
25,3449
19,3452
28,3452
60,3453
35,3453
52,3453
38,3454
59,3454
18,3455
27,3455
18,3457
22,3460
26,3461
30,3463
53,3464
57,3466
22,3467
49,3467
1,3473
30,3473
1,3474
25,3474
2,3476
2,3477
1,3478
13,3478
49,3478
2,3479
14,3480
51,3480
26,3481
37,3482
24,3484
1,3485
20,3487
28,3489
57,3490
30,3497
51,3499
56,3499
29,3501
49,3501
23,3502
43,3513
45,3513
43,3515
45,3516
3,3517
4,3518
5,3519
33,3520
3,3523
23,3523
11,3524
44,3524
59,3524
5,3526
20,3526
3,3528
25,3528
4,3529
33,3530
40,3530
47,3532
45,3533
19,3534
39,3534
6,3535
58,3536
33,3538
9,3541
10,3541
54,3541
18,3542
28,3546
43,3547
1,3548
2,3549
43,3549
1,3550
1,3551
16,3552
2,3553
2,3554
7,3557
6,3558
32,3560
38,3561
49,3561
23,3562
54,3563
15,3566
45,3566
15,3567
35,3569
47,3572
6,3578
34,3578
11,3579
37,3579
48,3580
8,3581
24,3584
45,3584
33,3587
50,3587
55,3587
50,3588
40,3590
4,3591
22,3591
26,3592
60,3594
26,3594
14,3595
27,3598
50,3598
4,3600
12,3601
58,3601
17,3602
22,3613
29,3617
14,3618
21,3619
41,3622
49,3623
10,3624
36,3624
46,3624
54,3630
46,3633
21,3636
36,3636
43,3636
4,3638
38,3638
21,3642
38,3643
15,3647
21,3649
51,3650
25,3652
30,3652
42,3653
43,3654
24,3655
36,3657
17,3658
21,3658
17,3665
60,3666
37,3667
6,3669
26,3669
45,3671
49,3671
3,3673
26,3673
14,3674
40,3674
5,3675
4,3676
11,3676
48,3676
3,3678
57,3678
4,3679
39,3679
5,3680
59,3683
17,3685
52,3685
8,3686
9,3686
28,3688
53,3691
12,3695
51,3695
14,3696
30,3696
54,3697
30,3699
20,3701
32,3702
40,3706
11,3708
46,3710
39,3712
3,3713
28,3713
5,3714
5,3715
4,3716
4,3720
50,3720
3,3721
35,3723
37,3723
55,3723
57,3726
55,3727
49,3728
12,3730
46,3733
1,3734
1,3735
2,3736
29,3737
24,3738
30,3738
2,3740
30,3740
1,3742
2,3743
13,3744
15,3744
2,3745
20,3746
9,3750
16,3750
37,3755
48,3758
3,3759
13,3759
24,3759
50,3759
51,3759
45,3761
5,3762
4,3764
31,3765
3,3766
5,3767
4,3768
28,3768
20,3770
3,3774
9,3774
47,3774
4,3775
28,3775
31,3775
34,3776
7,3777
3,3778
29,3780
4,3781
53,3781
3,3782
5,3782
51,3782
1,3783
33,3783
5,3784
1,3785
2,3786
2,3787
1,3788
2,3789
57,3790
17,3794
56,3794
19,3795
35,3796
47,3796
3,3797
5,3798
36,3798
4,3799
31,3799
36,3799
53,3801
5,3802
45,3803
3,3804
9,3804
29,3804
57,3804
6,3806
4,3808
60,3811
29,3811
44,3812
20,3813
27,3820
21,3827
33,3827
17,3830
49,3831
10,3837
34,3840
13,3842
12,3843
35,3844
59,3844
18,3845
60,3846
8,3848
34,3848
33,3849
17,3851
31,3852
19,3853
1,3854
57,3854
2,3858
1,3859
1,3860
2,3862
2,3863
39,3865
3,3868
4,3869
59,3869
60,3871
1,3871
5,3871
46,3871
25,3872
5,3874
14,3874
21,3874
3,3875
2,3876
4,3876
35,3876
54,3877
1,3878
1,3879
2,3880
30,3880
36,3880
42,3881
2,3882
48,3884
27,3885
17,3886
9,3888
6,3892
1,3894
2,3895
17,3895
1,3896
1,3897
26,3898
58,3898
2,3899
3,3899
33,3899
2,3900
41,3900
4,3901
31,3901
4,3902
10,3902
56,3902
5,3903
3,3904
44,3904
5,3906
20,3906
3,3907
4,3909
11,3910
19,3910
5,3911
14,3912
3,3913
15,3913
4,3914
39,3914
40,3914
58,3914
5,3915
35,3916
6,3920
12,3921
11,3922
39,3924
49,3926
36,3931
54,3931
53,3934
53,3935
37,3936
1,3937
1,3938
2,3939
20,3939
30,3939
2,3940
1,3941
2,3942
15,3943
53,3948
34,3950
37,3952
42,3952
6,3955
11,3956
54,3958
30,3959
23,3960
37,3960
21,3963
19,3964
49,3965
25,3966
56,3968
32,3969
34,3972
59,3973
35,3978
49,3979
48,3981
42,3984
27,3989
42,3990
54,3990
8,3991
58,3992
21,3993
43,3996
16,3997
18,3998
49,3998
1,4000
59,4000
2,4001
1,4002
2,4004
47,4004
1,4005
26,4005
2,4006
1,4007
15,4007
1,4009
42,4009
2,4011
54,4011
2,4012
1,4013
35,4013
2,4014
44,4014
55,4016
35,4017
43,4020
7,4023
20,4023
45,4026
40,4027
59,4028
10,4038
42,4043
12,4044
52,4045
59,4045
31,4046
36,4049
18,4050
28,4050
51,4051
17,4052
5,4055
9,4057
46,4057
58,4064
13,4067
54,4068
3,4069
16,4070
44,4071
4,4073
5,4074
37,4074
3,4075
20,4075
49,4075
4,4078
19,4078
5,4079
40,4080
54,4081
10,4083
58,4086
1,4087
19,4087
33,4088
2,4089
44,4089
1,4091
2,4092
1,4093
3,4095
60,4096
2,4096
5,4096
12,4096
57,4096
4,4100
3,4102
4,4104
32,4104
13,4105
56,4106
5,4107
40,4108
55,4108
33,4110
21,4115
12,4116
41,4116
39,4117
25,4123
46,4125
60,4126
40,4126
28,4128
47,4128
54,4128
56,4128
22,4130
24,4130
14,4131
42,4131
32,4133
41,4133
26,4135
51,4137
27,4138
26,4139
9,4141
25,4141
3,4142
57,4142
4,4143
36,4146
4,4147
5,4148
38,4148
59,4148
3,4149
37,4149
5,4151
22,4152
48,4152
50,4152
34,4153
12,4154
14,4157
1,4162
2,4163
45,4163
1,4164
1,4165
22,4165
57,4165
2,4166
2,4167
22,4170
55,4171
34,4172
9,4173
41,4173
38,4178
16,4179
38,4182
34,4185
3,4189
13,4189
4,4190
35,4190
3,4191
11,4191
40,4191
5,4192
49,4192
4,4193
49,4193
5,4194
39,4196
15,4202
33,4203
10,4204
11,4204
22,4205
1,4209
2,4211
10,4211
27,4212
1,4214
19,4216
1,4218
37,4218
2,4219
2,4220
11,4220
43,4220
53,4221
24,4224
45,4225
23,4226
25,4227
12,4230
27,4230
43,4231
51,4233
53,4234
10,4238
16,4239
60,4242
37,4242
49,4242
53,4242
28,4243
8,4244
51,4245
30,4249
19,4250
43,4250
41,4255
6,4259
27,4264
51,4265
6,4266
8,4268
52,4270
54,4270
41,4276
13,4278
36,4278
46,4278
30,4280
3,4283
4,4284
29,4287
3,4289
11,4289
5,4290
4,4291
46,4291
5,4293
6,4293
50,4302
19,4304
53,4313
54,4315
15,4317
30,4320
32,4321
34,4321
39,4324
33,4325
50,4328
50,4329
58,4329
29,4331
19,4333
22,4333
3,4334
44,4334
5,4335
54,4335
40,4336
5,4337
4,4339
3,4340
4,4342
36,4343
8,4345
3,4347
4,4348
3,4349
4,4350
21,4350
5,4351
35,4352
32,4353
5,4355
5,4357
17,4357
43,4357
3,4358
59,4358
4,4360
4,4361
5,4362
3,4363
48,4363
5,4364
8,4365
49,4366
57,4372
22,4373
14,4374
28,4378
19,4380
11,4382
17,4385
25,4385
36,4388
1,4390
7,4390
27,4390
2,4391
1,4392
9,4392
1,4393
2,4394
51,4394
2,4395
12,4395
30,4396
37,4397
49,4397
53,4399
19,4403
40,4403
50,4405
37,4407
53,4407
41,4408
21,4410
30,4412
43,4413
37,4415
31,4416
10,4417
55,4418
30,4421
57,4421
56,4426
3,4427
55,4427
4,4428
37,4428
5,4430
3,4432
30,4432
31,4432
5,4433
4,4434
5,4435
20,4435
59,4437
35,4438
54,4439
30,4441
26,4442
52,4444
42,4445
12,4446
23,4446
37,4447
1,4448
2,4449
3,4449
22,4449
29,4449
1,4450
24,4450
28,4450
2,4451
5,4451
12,4451
30,4451
50,4451
4,4452
1,4453
4,4453
2,4454
3,4454
5,4456
46,4457
13,4458
1,4459
48,4459
21,4461
1,4467
2,4469
11,4469
1,4471
19,4471
2,4472
1,4475
2,4476
42,4481
52,4483
7,4484
58,4484
39,4486
49,4489
27,4497
13,4498
23,4503
1,4504
59,4507
2,4508
1,4509
11,4509
31,4509
35,4509
23,4510
2,4511
24,4511
1,4512
23,4512
60,4513
2,4514
47,4516
10,4520
18,4521
45,4522
22,4524
20,4525
4,4526
47,4528
51,4528
54,4529
43,4530
40,4531
8,4532
18,4536
53,4538
12,4539
20,4541
6,4542
9,4542
36,4543
38,4544
12,4546
21,4549
48,4549
18,4551
40,4551
54,4554
12,4555
58,4555
43,4556
43,4559
33,4560
39,4561
42,4564
54,4565
30,4566
3,4569
7,4569
5,4570
60,4571
4,4571
34,4571
36,4571
3,4572
56,4575
4,4576
8,4576
11,4577
5,4578
52,4578
52,4579
41,4585
43,4588
16,4590
31,4593
3,4594
31,4595
4,4598
4,4600
41,4600
5,4602
3,4603
53,4603
5,4604
7,4605
15,4610
41,4612
38,4616
31,4617
42,4617
43,4618
11,4622
45,4622
3,4623
46,4623
3,4631
6,4632
13,4632
33,4633
39,4633
58,4634
54,4639
33,4640
22,4641
17,4645
46,4646
27,4648
1,4650
1,4651
12,4651
40,4651
2,4653
1,4654
22,4654
26,4654
6,4655
2,4656
2,4657
22,4658
47,4659
34,4660
21,4661
23,4665
60,4666
41,4666
60,4673
20,4673
49,4681
7,4683
53,4683
46,4686
52,4686
41,4689
3,4690
30,4690
1,4693
30,4694
1,4695
2,4696
5,4696
21,4697
31,4697
32,4697
9,4698
1,4699
4,4699
54,4699
5,4700
2,4701
3,4701
2,4702
46,4703
1,4705
4,4705
38,4705
1,4706
53,4706
2,4708
2,4709
1,4713
5,4713
2,4714
39,4714
6,4715
53,4715
6,4717
57,4718
6,4719
30,4719
41,4719
26,4721
50,4726
40,4728
29,4729
7,4733
30,4733
31,4733
27,4734
15,4737
55,4737
57,4738
24,4743
52,4746
6,4747
46,4747
18,4749
48,4753
53,4757
10,4759
13,4759
14,4762
45,4762
27,4763
40,4763
19,4766
42,4767
33,4768
39,4768
59,4768
31,4770
34,4770
11,4771
16,4772
44,4773
16,4774
22,4777
21,4779
41,4782
35,4783
53,4783
32,4784
48,4788
56,4788
22,4789
25,4791
59,4798
44,4800
45,4802
45,4803
52,4803
30,4804
58,4807
23,4808
36,4810
3,4812
5,4817
28,4818
13,4820
31,4822
30,4826
48,4827
32,4828
59,4829
13,4830
13,4832
32,4832
3,4835
29,4835
4,4836
5,4841
3,4842
5,4844
4,4845
38,4846
47,4846
38,4847
36,4848
34,4849
38,4849
54,4849
6,4850
42,4855
32,4858
44,4861
50,4863
39,4869
1,4870
4,4870
2,4872
15,4872
1,4873
3,4873
1,4874
2,4875
5,4876
33,4876
2,4877
5,4877
10,4877
29,4878
51,4879
18,4881
4,4882
8,4882
35,4883
42,4883
4,4884
16,4886
3,4887
58,4888
22,4890
46,4892
55,4892
40,4895
19,4896
45,4899
24,4900
46,4903
57,4908
6,4911
27,4912
11,4915
28,4916
9,4920
54,4921
15,4923
23,4927
31,4930
43,4930
55,4930
57,4930
3,4931
21,4931
30,4932
53,4932
5,4933
51,4934
4,4937
26,4937
5,4938
3,4939
21,4939
37,4941
4,4943
1,4946
31,4946
1,4947
37,4947
2,4948
2,4949
36,4949
2,4951
1,4953
36,4953
8,4954
2,4955
25,4955
32,4956
32,4958
29,4959
41,4959
43,4960
34,4961
59,4965
1,4966
55,4966
2,4967
19,4967
27,4967
1,4969
2,4970
54,4971
1,4972
2,4974
42,4975
55,4978
60,4979
19,4979
8,4990
18,4993
21,4994
55,4995
40,4998
25,5000
8,5004
48,5004
5,5005
42,5007
3,5008
21,5008
25,5008
6,5009
1,5011
5,5011
4,5014
20,5015
39,5015
4,5016
5,5017
3,5018
37,5018
50,5018
28,5022
34,5023
15,5025
40,5028
21,5032
39,5036
36,5039
6,5044
55,5045
14,5047
58,5050
6,5053
55,5055
47,5058
49,5062
34,5065
1,5068
10,5068
1,5069
18,5069
28,5069
31,5069
2,5070
2,5072
1,5073
3,5077
5,5078
2,5080
4,5080
4,5081
34,5082
50,5082
3,5083
43,5083
5,5084
21,5085
19,5086
3,5088
39,5088
4,5089
7,5089
5,5090
40,5090
4,5091
3,5092
47,5092
5,5093
23,5095
41,5095
2,5098
21,5098
24,5099
6,5101
23,5101
47,5101
15,5104
13,5107
3,5108
5,5109
20,5109
4,5110
5,5111
4,5112
59,5112
3,5114
43,5114
18,5115
3,5116
4,5117
43,5117
5,5118
33,5118
41,5120
46,5121
5,5123
4,5124
60,5125
3,5125
27,5129
54,5129
13,5130
20,5130
34,5130
53,5137
19,5140
43,5141
60,5142
23,5142
41,5145
1,5146
16,5146
18,5146
40,5146
56,5146
14,5147
29,5147
2,5148
1,5149
32,5149
31,5150
1,5151
26,5151
2,5152
2,5155
16,5160
51,5160
10,5165
16,5165
21,5165
31,5166
42,5166
3,5168
5,5169
4,5170
14,5170
5,5171
23,5171
3,5172
4,5173
7,5175
59,5175
57,5179
48,5180
8,5190
16,5191
27,5191
16,5192
25,5192
28,5194
8,5196
27,5198
29,5198
9,5204
42,5210
37,5212
58,5212
47,5214
51,5216
34,5217
50,5221
3,5222
34,5222
5,5223
5,5224
4,5225
56,5225
4,5227
3,5228
15,5231
20,5232
27,5235
19,5236
39,5236
31,5237
37,5238
47,5238
43,5239
36,5240
52,5240
9,5243
5,5245
55,5246
44,5247
31,5248
50,5249
54,5249
59,5249
1,5250
22,5250
1,5251
2,5254
4,5254
31,5254
1,5255
2,5256
54,5256
2,5257
39,5257
45,5262
55,5263
53,5265
28,5267
32,5270
31,5272
39,5272
48,5274
1,5275
2,5277
13,5277
28,5277
39,5278
6,5279
44,5279
1,5280
3,5280
29,5280
1,5281
16,5281
41,5281
58,5281
2,5282
4,5282
4,5283
5,5284
2,5285
3,5285
5,5286
9,5286
1,5287
22,5287
51,5288
1,5290
2,5291
50,5291
1,5292
57,5293
2,5294
2,5295
38,5296
23,5297
29,5298
1,5300
16,5300
1,5302
2,5303
16,5303
17,5303
1,5304
57,5305
2,5306
51,5307
2,5308
59,5308
56,5311
15,5312
51,5312
52,5314
20,5315
15,5316
54,5316
14,5317
36,5317
10,5320
22,5321
60,5324
50,5324
27,5325
55,5330
16,5333
41,5333
13,5334
1,5335
23,5335
24,5335
1,5336
12,5336
2,5337
1,5338
2,5339
27,5339
44,5339
14,5340
28,5340
40,5340
50,5340
2,5341
3,5341
4,5342
3,5343
26,5346
30,5348
53,5348
5,5349
49,5349
5,5350
4,5351
50,5351
25,5353
36,5355
38,5355
9,5357
12,5357
59,5361
7,5367
43,5368
1,5369
3,5369
26,5369
1,5370
2,5371
26,5371
2,5373
1,5374
2,5375
43,5379
50,5379
60,5382
56,5382
11,5383
15,5383
57,5383
37,5385
58,5385
15,5387
23,5390
48,5391
37,5392
36,5394
59,5394
60,5395
50,5395
60,5396
24,5399
36,5399
20,5401
18,5402
53,5402
39,5404
49,5404
53,5405
31,5406
8,5408
11,5412
14,5413
49,5413
39,5418
44,5418
59,5419
3,5420
26,5420
29,5420
4,5421
22,5421
36,5421
39,5422
31,5423
3,5425
15,5425
5,5426
4,5427
5,5428
37,5428
4,5431
17,5431
33,5431
25,5434
48,5435
56,5436
43,5440
48,5442
52,5443
22,5446
16,5451
53,5457
32,5459
7,5464
12,5467
50,5467
33,5469
43,5471
12,5473
36,5474
40,5474
14,5477
34,5477
59,5480
16,5483
11,5484
13,5484
42,5486
48,5487
17,5489
59,5489
10,5492
50,5493
58,5494
13,5495
49,5501
60,5502
13,5506
1,5508
10,5508
14,5508
2,5509
38,5509
1,5511
2,5512
53,5512
1,5517
2,5518
60,5519
41,5523
37,5525
40,5525
42,5526
26,5527
54,5536
60,5537
39,5538
57,5540
60,5543
44,5543
29,5544
55,5548
28,5549
47,5551
1,5552
1,5553
2,5554
1,5555
2,5557
34,5557
2,5558
27,5558
11,5559
26,5562
37,5564
50,5564
10,5565
57,5565
42,5566
56,5566
26,5569
11,5571
42,5574
58,5574
27,5575
41,5578
10,5579
37,5580
27,5581
18,5582
15,5583
39,5583
24,5590
27,5590
55,5592
9,5593
38,5596
60,5598
57,5599
12,5600
39,5601
58,5601
7,5602
42,5603
41,5604
60,5606
55,5606
58,5606
42,5610
1,5612
1,5613
50,5613
2,5614
1,5615
9,5615
48,5615
10,5616
2,5618
8,5618
46,5618
34,5619
42,5619
47,5619
2,5620
47,5620
33,5621
60,5626
37,5628
43,5628
47,5629
16,5630
50,5632
29,5634
20,5636
17,5637
21,5637
35,5637
12,5640
14,5642
22,5643
11,5644
53,5644
50,5648
20,5651
34,5653
51,5656
58,5662
41,5663
45,5663
37,5664
54,5666
43,5667
39,5669
44,5670
40,5671
45,5671
28,5673
3,5675
5,5676
4,5680
32,5680
3,5681
42,5681
4,5682
41,5682
25,5683
58,5683
5,5684
44,5685
19,5686
49,5687
9,5688
36,5688
49,5689
13,5690
8,5692
13,5692
42,5695
58,5696
4,5698
9,5701
7,5702
33,5710
21,5713
41,5713
36,5717
38,5718
58,5718
52,5721
59,5723
34,5725
35,5725
16,5731
30,5733
48,5733
24,5737
8,5740
41,5742
27,5744
1,5745
43,5745
2,5747
17,5748
1,5749
12,5749
2,5750
16,5750
1,5751
3,5753
2,5754
4,5754
5,5755
5,5756
4,5758
3,5759
53,5762
17,5763
55,5764
57,5765
38,5767
3,5771
47,5773
5,5774
46,5774
59,5775
4,5776
59,5776
20,5777
16,5778
28,5778
1,5779
3,5780
2,5781
5,5781
7,5781
4,5783
1,5784
44,5784
2,5785
1,5786
44,5786
2,5787
42,5787
33,5790
13,5793
42,5793
43,5793
45,5793
16,5794
20,5801
27,5801
25,5802
46,5803
42,5804
54,5805
28,5809
40,5810
57,5810
8,5811
15,5812
27,5812
28,5812
11,5814
24,5817
44,5818
58,5821
38,5823
9,5824
13,5827
60,5832
26,5832
14,5836
6,5837
13,5838
18,5838
12,5839
49,5842
48,5844
25,5846
59,5846
39,5849
17,5853
30,5853
18,5855
38,5859
53,5860
1,5863
6,5864
58,5864
1,5866
18,5866
26,5866
2,5867
1,5868
16,5868
2,5869
49,5870
2,5871
18,5871
19,5871
52,5871
43,5874
27,5875
49,5877
24,5878
1,5883
50,5883
1,5884
2,5885
56,5885
54,5886
1,5887
21,5887
36,5887
46,5887
52,5887
7,5888
2,5889
2,5890
44,5891
51,5894
20,5896
39,5896
6,5898
27,5898
46,5898
54,5899
33,5902
54,5902
6,5905
21,5905
58,5907
14,5908
9,5909
26,5909
15,5913
26,5913
36,5915
40,5915
54,5920
35,5921
57,5924
59,5929
42,5936
7,5937
35,5940
54,5940
42,5946
10,5949
59,5950
52,5951
39,5956
3,5957
15,5957
4,5959
5,5961
3,5962
6,5962
4,5963
5,5964
13,5964
1,5965
16,5965
28,5965
1,5967
2,5969
22,5969
2,5970
1,5971
32,5971
2,5972
47,5977
46,5978
53,5978
3,5984
9,5984
35,5984
4,5986
56,5986
5,5987
21,5987
27,5987
34,5987
3,5989
10,5990
34,5990
4,5991
5,5995
35,5997
24,5998
16,5999
59,6003
32,6004
52,6004
57,6006
33,6007
7,6010
55,6010
59,6011
41,6012
43,6012
5,6013
9,6014
6,6015
25,6015
13,6016
7,6017
42,6021
19,6023
44,6024
43,6026
36,6027
3,6029
5,6030
42,6030
5,6031
4,6032
39,6032
27,6034
51,6034
43,6036
4,6037
13,6037
55,6037
3,6038
12,6043
18,6044
22,6044
34,6048
42,6049
28,6050
33,6052
13,6053
46,6054
28,6055
29,6055
17,6056
34,6056
51,6056
55,6056
10,6057
18,6059
34,6059
21,6060
29,6061
48,6061
55,6063
52,6066
42,6068
1,6069
36,6070
40,6070
1,6071
42,6073
2,6074
1,6075
2,6076
2,6077
3,6078
50,6078
4,6080
49,6080
5,6081
3,6083
16,6083
1,6084
5,6084
1,6086
4,6086
2,6087
2,6089
1,6090
2,6091
24,6095
13,6097
1,6098
39,6098
26,6100
60,6101
1,6102
32,6103
2,6104
44,6107
56,6107
1,6108
2,6109
53,6109
1,6110
33,6110
22,6111
20,6112
2,6113
25,6115
26,6117
18,6118
41,6118
19,6122
51,6123
54,6123
6,6124
27,6127
37,6129
18,6132
51,6132
15,6133
47,6134
52,6139
1,6140
2,6141
48,6141
1,6144
25,6144
2,6145
13,6145
18,6146
1,6148
27,6150
29,6152
43,6152
2,6154
37,6156
10,6157
20,6158
47,6162
57,6162
1,6168
3,6168
48,6169
1,6170
5,6170
4,6172
2,6173
3,6173
2,6174
5,6174
46,6174
4,6175
8,6176
20,6179
1,6180
45,6180
13,6181
2,6182
46,6183
8,6187
49,6189
44,6190
33,6192
30,6194
54,6194
11,6196
50,6200
29,6203
14,6204
24,6206
16,6209
4,6210
14,6210
20,6210
14,6211
29,6213
29,6216
52,6216
21,6217
15,6218
9,6219
28,6220
48,6221
1,6222
1,6223
2,6224
16,6224
2,6228
28,6228
54,6228
60,6229
1,6229
21,6229
2,6231
22,6234
58,6234
58,6236
23,6237
56,6239
37,6243
7,6244
41,6245
17,6246
10,6247
47,6248
29,6249
19,6250
3,6252
17,6252
5,6253
55,6253
5,6254
14,6256
4,6257
4,6258
3,6259
27,6259
53,6260
57,6260
21,6261
28,6263
18,6266
5,6268
23,6270
28,6271
18,6278
12,6279
26,6280
12,6283
33,6285
20,6286
40,6290
48,6290
45,6292
13,6293
57,6293
25,6295
45,6295
46,6296
30,6297
15,6299
46,6300
1,6301
1,6302
28,6303
55,6303
2,6305
27,6305
1,6306
47,6306
2,6307
2,6308
11,6313
23,6313
14,6316
21,6316
28,6318
38,6318
9,6322
45,6322
50,6322
20,6325
27,6325
55,6325
60,6326
3,6328
27,6328
45,6328
4,6329
22,6330
3,6331
29,6331
5,6332
5,6334
9,6334
11,6334
4,6335
56,6336
6,6337
45,6337
29,6338
46,6340
40,6344
17,6352
34,6355
23,6356
14,6358
28,6360
13,6363
7,6365
28,6365
44,6368
40,6370
35,6371
19,6373
43,6374
14,6377
7,6378
39,6378
21,6379
23,6379
29,6381
40,6381
6,6382
13,6382
43,6384
20,6386
10,6390
15,6396
19,6396
32,6399
41,6400
1,6401
2,6402
1,6403
1,6405
10,6405
56,6405
2,6406
2,6407
41,6407
20,6410
1,6413
1,6416
2,6417
1,6418
9,6418
2,6420
36,6420
56,6420
2,6421
18,6422
44,6425
7,6426
45,6426
37,6428
9,6430
14,6431
16,6432
20,6432
18,6433
33,6435
28,6437
38,6437
28,6439
59,6439
56,6443
57,6444
60,6447
30,6448
3,6449
45,6449
5,6451
4,6452
55,6452
3,6454
4,6455
5,6456
27,6458
56,6458
46,6459
20,6461
18,6466
1,6467
50,6467
1,6470
27,6470
2,6471
2,6472
57,6473
1,6474
2,6475
51,6477
36,6478
9,6479
3,6481
1,6482
5,6482
52,6483
4,6484
4,6486
3,6487
6,6488
5,6489
53,6489
3,6491
5,6492
29,6493
4,6494
51,6494
58,6495
5,6496
18,6496
54,6496
58,6496
4,6497
3,6499
29,6501
43,6501
18,6506
11,6507
24,6512
37,6513
31,6516
46,6516
55,6517
33,6518
55,6520
17,6521
33,6521
15,6523
32,6524
39,6524
44,6524
45,6524
40,6525
55,6525
1,6526
35,6528
22,6531
56,6531
56,6535
19,6537
13,6538
50,6539
9,6542
59,6544
33,6545
14,6546
47,6546
48,6548
9,6549
31,6549
15,6550
45,6551
33,6552
34,6553
12,6555
22,6557
32,6557
43,6557
6,6559
7,6561
15,6561
25,6561
59,6561
42,6564
1,6570
2,6572
8,6572
40,6572
24,6573
1,6574
48,6574
1,6575
28,6577
2,6578
18,6579
30,6579
2,6580
29,6580
33,6581
15,6582
45,6583
14,6586
52,6591
34,6596
3,6597
4,6598
9,6598
5,6599
4,6600
5,6602
3,6604
55,6606
42,6608
44,6609
49,6611
43,6615
36,6616
40,6616
3,6618
38,6618
5,6619
10,6619
41,6619
4,6620
5,6621
8,6621
44,6621
3,6623
4,6624
1,6626
49,6626
2,6627
1,6628
1,6629
2,6630
43,6630
2,6632
18,6632
23,6632
41,6633
40,6634
44,6635
41,6641
9,6642
31,6644
60,6645
37,6647
31,6649
46,6649
50,6650
1,6652
3,6652
27,6652
2,6653
1,6654
27,6654
1,6656
6,6657
38,6657
46,6657
2,6658
3,6658
2,6660
12,6661
9,6665
32,6668
26,6674
28,6675
46,6677
46,6679
1,6680
25,6682
26,6683
51,6683
1,6684
2,6686
1,6691
11,6691
34,6691
35,6691
2,6692
56,6692
45,6694
51,6694
2,6696
33,6697
3,6702
4,6703
17,6703
59,6703
60,6705
7,6706
37,6707
3,6709
5,6710
1,6711
5,6711
19,6711
28,6711
4,6712
21,6713
57,6713
2,6714
11,6715
35,6715
23,6717
1,6718
54,6718
1,6719
2,6720
31,6720
2,6721
20,6722
1,6723
17,6726
28,6729
48,6729
25,6730
50,6730
3,6736
5,6737
27,6737
4,6738
30,6738
54,6738
4,6739
5,6740
3,6741
47,6741
33,6743
29,6745
35,6745
42,6745
12,6749
14,6749
14,6750
16,6751
48,6752
14,6753
27,6753
3,6755
40,6755
1,6756
4,6756
2,6757
59,6757
5,6758
5,6759
7,6759
9,6760
1,6761
4,6761
2,6763
29,6763
3,6764
40,6764
37,6765
1,6766
58,6766
2,6767
37,6768
35,6770
54,6773
29,6774
14,6776
35,6776
52,6776
19,6779
44,6780
22,6782
31,6785
31,6793
56,6794
8,6795
32,6795
55,6797
9,6799
39,6799
42,6801
56,6801
40,6802
43,6802
56,6802
14,6804
23,6804
46,6804
13,6805
47,6810
55,6811
39,6814
10,6821
34,6821
27,6823
60,6825
49,6827
8,6834
41,6834
39,6835
32,6839
55,6839
34,6841
43,6841
14,6842
41,6843
51,6846
9,6848
58,6849
10,6850
34,6850
43,6850
16,6854
36,6854
57,6854
58,6854
19,6858
29,6858
20,6859
36,6859
3,6860
34,6861
4,6862
5,6863
13,6863
5,6864
3,6865
4,6867
15,6871
18,6871
25,6871
41,6872
20,6875
25,6875
29,6875
13,6876
15,6877
17,6878
10,6879
39,6885
33,6887
28,6889
58,6891
36,6896
16,6897
29,6899
15,6902
1,6903
2,6907
55,6907
1,6908
1,6909
14,6909
25,6909
2,6910
21,6910
2,6912
53,6913
14,6915
31,6915
47,6918
48,6918
24,6922
39,6922
43,6924
16,6925
18,6926
53,6926
27,6928
48,6928
52,6929
3,6930
5,6931
57,6931
8,6932
35,6932
38,6933
5,6934
12,6934
4,6935
9,6935
3,6936
4,6937
10,6937
48,6938
23,6940
44,6941
3,6942
30,6943
4,6944
10,6944
5,6946
2,6947
4,6947
5,6948
60,6949
3,6949
44,6950
34,6954
19,6956
53,6956
34,6957
55,6957
8,6962
33,6970
49,6970
25,6971
42,6975
11,6976
10,6977
43,6977
11,6984
27,6984
33,6985
50,6992
41,6993
26,7000
41,7001
54,7002
12,7004
45,7004
1,7005
19,7006
31,7006
1,7007
60,7008
2,7008
26,7008
1,7010
14,7010
28,7010
46,7010
2,7011
59,7011
2,7012
3,7012
16,7012
5,7014
4,7016
54,7016
4,7017
3,7018
5,7020
38,7020
56,7020
30,7022
53,7026
15,7028
3,7030
5,7031
4,7033
53,7033
5,7034
3,7035
6,7035
26,7035
39,7035
4,7036
22,7036
59,7036
38,7040
19,7041
31,7045
33,7045
18,7050
29,7052
7,7054
50,7054
3,7058
4,7059
21,7059
4,7060
39,7060
3,7062
50,7062
5,7063
45,7063
5,7064
15,7066
29,7067
55,7068
11,7069
44,7076
23,7080
33,7081
6,7084
26,7084
55,7084
56,7084
14,7085
6,7087
14,7088
17,7088
33,7090
18,7092
59,7096
10,7097
21,7097
48,7098
57,7099
23,7101
37,7105
26,7106
49,7108
59,7108
34,7109
53,7110
23,7111
1,7117
27,7117
55,7117
47,7118
2,7119
1,7120
20,7120
2,7122
1,7123
29,7123
8,7124
2,7125
3,7125
11,7125
9,7126
43,7127
43,7128
34,7129
59,7129
53,7131
27,7132
31,7135
33,7136
8,7139
46,7140
13,7141
30,7144
24,7145
17,7146
24,7146
56,7148
18,7150
47,7150
57,7150
60,7151
1,7151
6,7152
2,7153
6,7156
11,7157
1,7158
22,7158
37,7158
1,7159
55,7159
2,7161
24,7161
2,7162
58,7165
9,7169
18,7170
34,7170
21,7171
22,7175
35,7175
37,7177
37,7178
1,7179
20,7179
39,7179
1,7180
12,7180
10,7181
17,7181
2,7182
55,7182
2,7184
1,7185
2,7186
10,7187
49,7190
60,7192
40,7192
37,7196
51,7197
15,7200
55,7202
32,7204
37,7212
13,7213
3,7214
54,7214
5,7215
5,7216
4,7218
10,7218
3,7219
4,7220
13,7220
10,7222
16,7223
29,7224
18,7230
8,7232
32,7233
47,7233
1,7236
3,7236
51,7237
1,7238
4,7238
47,7238
4,7239
22,7239
2,7240
1,7241
3,7241
60,7242
2,7242
2,7243
22,7244
5,7245
5,7246
21,7247
57,7247
11,7249
25,7249
16,7251
37,7251
28,7252
5,7253
10,7253
35,7255
28,7256
2,7257
42,7259
47,7265
25,7267
55,7269
11,7275
51,7275
28,7276
51,7276
57,7279
23,7287
44,7290
50,7290
17,7292
48,7294
48,7296
19,7298
8,7300
39,7300
8,7306
47,7306
54,7306
51,7308
17,7309
17,7310
3,7312
46,7312
4,7314
3,7315
5,7316
4,7318
38,7318
40,7321
5,7324
48,7325
11,7326
42,7326
9,7327
18,7327
46,7327
8,7328
37,7328
34,7331
47,7331
47,7332
20,7334
16,7335
16,7337
17,7337
33,7337
54,7340
21,7341
34,7341
1,7344
6,7345
2,7346
15,7347
1,7348
1,7349
2,7350
23,7350
2,7351
56,7351
21,7352
39,7354
48,7354
54,7357
46,7358
24,7359
51,7361
33,7366
53,7369
58,7377
9,7381
50,7382
4,7385
37,7385
34,7387
51,7387
10,7389
56,7389
44,7397
22,7399
10,7400
37,7400
15,7401
20,7402
44,7402
9,7403
44,7405
38,7407
37,7408
26,7411
38,7414
56,7414
3,7415
21,7415
42,7416
4,7417
18,7418
5,7419
54,7419
4,7420
3,7422
35,7422
50,7422
1,7423
5,7423
1,7425
30,7425
2,7426
1,7427
9,7427
2,7428
2,7429
29,7429
33,7430
54,7435
20,7436
49,7438
56,7438
55,7439
36,7442
43,7442
60,7447
47,7448
51,7448
36,7452
29,7454
8,7456
60,7457
3,7457
27,7457
4,7458
3,7459
45,7460
6,7461
5,7462
6,7462
30,7462
48,7462
4,7463
5,7465
52,7466
60,7467
58,7468
20,7469
12,7473
1,7475
26,7477
20,7479
41,7479
8,7481
14,7481
44,7483
11,7484
39,7485
31,7486
56,7488
3,7490
4,7492
5,7493
1,7494
4,7494
1,7495
5,7495
3,7496
2,7498
1,7499
2,7500
35,7500
2,7501
7,7501
58,7501
32,7503
5,7508
31,7508
52,7508
17,7512
33,7514
26,7515
31,7515
27,7517
10,7519
19,7519
29,7520
22,7521
55,7522
60,7526
56,7528
30,7529
10,7530
43,7530
48,7530
15,7531
39,7536
45,7538
31,7539
8,7540
43,7542
13,7544
59,7545
15,7551
48,7551
13,7552
17,7552
24,7555
11,7558
39,7559
27,7560
1,7562
8,7563
2,7565
1,7567
28,7567
2,7568
1,7569
3,7569
30,7569
2,7570
5,7570
13,7571
48,7571
15,7572
4,7573
19,7573
21,7575
3,7576
13,7576
60,7577
34,7578
5,7580
4,7581
8,7581
18,7581
28,7584
13,7586
22,7586
8,7588
31,7588
51,7588
59,7588
21,7591
53,7594
14,7596
56,7596
29,7597
24,7600
6,7602
53,7604
6,7608
15,7609
41,7611
3,7620
28,7621
34,7621
5,7622
19,7623
41,7624
5,7625
4,7626
14,7626
35,7626
3,7627
39,7627
4,7628
11,7629
24,7635
27,7635
54,7639
7,7642
14,7643
8,7645
50,7646
39,7650
10,7652
10,7654
53,7654
35,7655
43,7656
12,7659
26,7660
21,7666
12,7668
27,7668
10,7671
42,7674
50,7674
59,7674
55,7676
21,7678
7,7682
9,7682
41,7686
7,7687
44,7687
35,7688
45,7690
48,7690
22,7696
37,7696
40,7697
21,7699
3,7701
48,7702
4,7704
3,7705
48,7706
5,7707
41,7707
44,7707
5,7708
4,7709
44,7711
39,7713
22,7715
20,7716
20,7717
59,7718
35,7720
42,7721
48,7722
26,7725
37,7725
10,7727
54,7730
18,7732
19,7732
39,7732
48,7734
8,7735
52,7737
32,7738
51,7739
50,7740
54,7740
58,7740
45,7741
16,7742
8,7744
45,7744
54,7744
13,7746
17,7747
13,7748
26,7748
30,7749
3,7751
20,7753
5,7754
4,7755
3,7756
4,7758
5,7759
46,7759
19,7761
14,7765
31,7766
37,7766
1,7768
1,7769
20,7769
35,7771
2,7772
1,7773
10,7773
2,7775
36,7775
2,7776
9,7776
27,7777
19,7782
26,7782
58,7783
3,7784
51,7784
5,7785
5,7786
4,7790
31,7790
52,7790
4,7791
12,7792
3,7793
3,7797
31,7798
5,7799
37,7799
4,7802
21,7802
28,7802
4,7803
5,7804
45,7804
3,7805
43,7805
39,7807
33,7811
21,7812
39,7814
31,7816
44,7816
4,7817
52,7820
33,7821
12,7824
28,7825
26,7827
32,7827
1,7829
23,7829
57,7832
1,7836
60,7840
34,7841
26,7843
47,7845
44,7846
19,7848
48,7848
11,7850
42,7850
53,7850
36,7851
57,7851
29,7852
3,7853
11,7854
30,7856
53,7856
9,7861
52,7862
1,7870
6,7870
1,7871
11,7871
45,7871
2,7873
41,7873
2,7874
20,7874
1,7875
21,7875
32,7875
11,7878
50,7878
51,7878
58,7878
2,7880
32,7880
40,7884
37,7885
37,7886
19,7887
57,7887
8,7888
8,7896
19,7897
13,7898
15,7899
36,7899
48,7900
19,7902
26,7902
51,7902
57,7902
9,7907
41,7907
1,7908
1,7909
32,7909
2,7910
2,7911
36,7911
1,7912
50,7912
2,7914
39,7914
47,7914
1,7917
34,7917
16,7918
1,7921
32,7921
2,7922
1,7924
52,7924
2,7925
11,7925
50,7926
2,7927
18,7928
3,7932
4,7933
20,7933
48,7933
5,7935
4,7936
45,7936
5,7937
52,7937
3,7938
30,7938
20,7939
58,7939
9,7941
3,7943
47,7943
4,7944
4,7945
3,7946
5,7947
5,7949
33,7950
59,7951
26,7952
20,7954
50,7955
15,7957
43,7957
53,7958
53,7960
14,7961
37,7961
19,7963
1,7964
2,7965
1,7967
1,7968
48,7968
50,7968
2,7969
2,7970
42,7970
6,7973
41,7975
44,7976
28,7979
49,7979
59,7979
10,7982
36,7982
19,7983
22,7986
13,7987
45,7987
54,7988
1,7992
1,7993
60,7995
2,7995
1,7996
17,7997
2,8001
7,8003
2,8004
40,8004
16,8007
23,8008
14,8016
20,8017
22,8018
23,8018
9,8021
24,8021
48,8023
12,8026
1,8027
6,8028
51,8031
52,8031
11,8038
6,8044
19,8044
29,8046
27,8048
19,8053
34,8054
24,8057
39,8057
46,8059
39,8060
9,8063
49,8065
16,8066
56,8066
60,8067
38,8067
3,8068
21,8068
5,8070
23,8070
4,8071
15,8073
4,8075
1,8076
5,8076
58,8077
3,8078
7,8078
16,8080
31,8080
37,8080
32,8082
57,8083
49,8085
20,8087
21,8091
43,8093
37,8094
60,8096
18,8096
30,8096
31,8096
33,8101
40,8103
46,8105
47,8106
56,8106
18,8107
55,8111
33,8112
3,8114
12,8114
4,8116
1,8117
3,8117
21,8118
47,8118
2,8119
4,8119
56,8119
1,8120
5,8120
5,8121
51,8121
22,8122
1,8123
2,8123
20,8123
23,8123
44,8125
46,8125
2,8126
16,8126
53,8126
2,8127
19,8127
25,8129
58,8130
26,8132
20,8133
29,8138
6,8141
11,8143
59,8143
41,8148
16,8153
53,8153
44,8158
43,8159
53,8161
1,8162
6,8163
3,8165
5,8167
4,8168
28,8168
52,8168
3,8169
5,8170
30,8170
4,8171
16,8172
35,8172
23,8174
20,8176
52,8179
1,8181
25,8181
11,8183
1,8184
29,8184
18,8185
2,8186
15,8187
2,8188
1,8189
2,8191
17,8192
8,8195
47,8198
52,8198
29,8200
57,8200
60,8205
60,8206
3,8206
29,8206
4,8207
43,8207
3,8208
5,8209
4,8210
5,8211
1,8216
3,8216
38,8216
1,8217
4,8217
30,8217
5,8218
9,8218
2,8219
3,8219
22,8219
5,8220
57,8220
2,8221
4,8221
1,8222
2,8223
12,8223
55,8223
34,8227
31,8230
27,8235
21,8236
14,8238
28,8241
35,8241
47,8241
3,8245
49,8245
4,8246
39,8246
3,8247
53,8247
22,8250
33,8250
48,8251
4,8252
5,8253
5,8254
31,8258
16,8260
48,8261
56,8262
56,8263
53,8270
56,8270
60,8275
32,8275
41,8276
35,8277
57,8277
31,8278
3,8279
55,8279
24,8281
50,8281
33,8282
3,8283
4,8284
14,8286
47,8286
43,8287
5,8288
36,8289
3,8290
4,8291
43,8291
5,8292
21,8293
3,8294
4,8296
4,8297
17,8297
5,8298
45,8298
3,8299
17,8299
5,8300
45,8300
19,8305
51,8307
1,8308
8,8309
1,8310
56,8310
16,8312
37,8312
2,8313
2,8314
41,8314
1,8317
7,8317
23,8317
2,8318
21,8321
31,8321
42,8321
44,8322
17,8324
41,8326
22,8327
48,8328
36,8330
16,8331
36,8335
12,8337
26,8338
19,8339
29,8341
10,8344
33,8344
18,8347
3,8348
5,8349
52,8350
4,8351
3,8352
5,8353
4,8354
30,8356
59,8357
41,8360
11,8361
54,8361
27,8362
1,8363
41,8364
2,8365
1,8366
2,8367
25,8367
37,8368
1,8369
2,8370
12,8371
19,8372
51,8372
12,8373
21,8375
55,8375
3,8378
5,8379
5,8380
37,8380
1,8381
1,8382
4,8382
4,8383
30,8384
2,8385
3,8385
55,8385
60,8386
2,8386
1,8387
2,8389
13,8389
50,8394
3,8395
4,8396
30,8396
50,8396
4,8397
5,8398
29,8398
5,8400
18,8400
46,8400
1,8402
2,8403
3,8403
1,8405
1,8406
2,8407
3,8407
31,8407
4,8408
2,8410
5,8411
5,8414
57,8415
3,8416
4,8417
23,8419
10,8420
37,8420
53,8421
54,8421
47,8422
45,8425
42,8426
29,8427
3,8428
45,8428
5,8429
21,8429
4,8430
4,8432
31,8432
21,8433
31,8433
50,8433
5,8434
1,8435
3,8435
2,8436
58,8436
60,8437
1,8437
38,8437
56,8437
2,8438
40,8438
1,8439
35,8440
40,8441
2,8443
24,8443
32,8448
19,8449
21,8449
24,8449
37,8449
11,8450
9,8451
1,8452
49,8452
49,8453
2,8454
12,8454
59,8454
1,8455
36,8455
1,8457
33,8457
8,8458
2,8459
2,8460
18,8461
49,8461
49,8462
60,8464
18,8470
55,8473
31,8475
1,8476
6,8476
60,8479
14,8480
15,8483
42,8483
44,8486
22,8489
18,8490
51,8490
6,8491
53,8491
1,8492
2,8494
3,8494
8,8494
26,8494
5,8495
1,8496
4,8496
44,8496
49,8496
1,8497
3,8497
48,8497
2,8498
5,8498
34,8498
2,8500
4,8500
40,8500
1,8501
47,8501
2,8502
46,8503
1,8504
1,8506
2,8507
2,8509
43,8510
20,8511
26,8513
19,8514
29,8514
3,8515
11,8515
5,8518
19,8518
4,8519
4,8520
5,8521
35,8521
59,8523
3,8524
22,8526
19,8527
57,8527
12,8528
37,8528
14,8531
8,8532
3,8534
4,8535
4,8536
5,8538
1,8539
3,8539
38,8539
55,8539
5,8540
54,8542
27,8544
25,8546
11,8547
3,8549
53,8549
4,8550
39,8552
1,8554
5,8554
26,8554
2,8555
1,8556
3,8556
45,8556
2,8557
5,8558
4,8559
29,8559
56,8559
1,8560
13,8560
2,8561
36,8561
27,8563
8,8564
3,8565
4,8566
21,8566
30,8566
4,8567
5,8568
12,8569
32,8569
36,8569
3,8570
5,8572
24,8572
52,8572
50,8573
16,8575
46,8579
26,8584
12,8586
45,8591
1,8592
2,8593
1,8594
2,8595
31,8595
47,8595
1,8596
2,8598
17,8600
1,8602
1,8603
42,8603
2,8604
17,8604
2,8606
1,8607
41,8608
58,8608
2,8610
11,8610
6,8614
24,8615
14,8617
34,8624
38,8624
50,8624
35,8627
46,8630
53,8631
22,8637
13,8638
45,8638
11,8641
36,8642
60,8644
8,8652
18,8653
20,8653
21,8654
36,8655
29,8656
52,8656
1,8659
2,8660
1,8661
2,8662
1,8663
22,8664
2,8665
45,8666
23,8669
35,8675
13,8687
43,8687
10,8688
24,8693
45,8695
20,8697
38,8697
20,8698
32,8704
37,8705
56,8705
32,8706
40,8706
10,8707
18,8708
11,8710
28,8710
9,8711
40,8711
49,8711
56,8711
6,8712
9,8712
1,8715
1,8716
12,8716
2,8717
54,8717
2,8718
1,8719
2,8721
57,8721
59,8726
32,8727
42,8728
12,8729
3,8734
5,8736
5,8737
1,8738
1,8739
4,8739
30,8739
53,8740
3,8741
2,8742
4,8742
2,8744
27,8745
1,8746
42,8747
54,8747
2,8748
50,8749
43,8750
19,8756
7,8758
13,8759
28,8760
58,8761
59,8762
46,8764
3,8770
28,8770
37,8771
51,8771
4,8772
7,8772
4,8774
41,8774
4,8775
23,8776
38,8776
5,8777
50,8778
3,8779
31,8779
5,8780
46,8780
51,8782
30,8783
32,8785
57,8785
25,8789
33,8789
14,8791
27,8793
33,8793
39,8795
1,8799
44,8799
1,8800
2,8801
29,8801
2,8804
13,8804
50,8805
1,8806
2,8808
49,8808
21,8811
13,8812
47,8813
26,8816
10,8818
35,8819
1,8820
10,8820
33,8820
2,8823
10,8823
1,8824
2,8825
60,8826
1,8826
50,8826
11,8827
12,8827
2,8829
43,8832
35,8833
1,8834
8,8834
1,8837
2,8839
2,8840
1,8841
2,8842
58,8844
7,8846
14,8847
11,8849
35,8850
24,8851
45,8851
52,8852
23,8854
34,8856
3,8857
4,8858
5,8860
47,8861
53,8863
4,8864
34,8865
5,8866
3,8868
38,8870
9,8874
59,8879
7,8880
17,8880
44,8882
54,8882
36,8883
52,8883
56,8883
60,8884
1,8885
9,8885
12,8885
49,8886
25,8888
39,8890
14,8895
8,8899
36,8899
57,8899
1,8901
2,8903
1,8904
33,8904
2,8905
31,8906
1,8907
15,8908
18,8908
31,8908
2,8909
52,8913
60,8914
12,8914
56,8915
3,8922
5,8923
4,8924
3,8925
4,8926
27,8926
39,8926
5,8927
33,8929
3,8933
5,8934
4,8935
3,8936
15,8936
4,8937
5,8941
45,8941
19,8942
22,8942
36,8945
36,8948
24,8953
60,8954
51,8954
53,8954
33,8955
40,8955
43,8955
36,8959
21,8963
10,8964
37,8964
51,8964
31,8965
34,8968
27,8969
50,8970
27,8971
32,8972
59,8973
24,8974
57,8974
15,8977
10,8978
28,8978
40,8978
41,8981
1,8983
1,8984
2,8985
1,8986
2,8987
3,8987
39,8987
2,8989
10,8991
21,8991
26,8991
3,8993
5,8994
4,8995
5,8997
3,8998
3,8999
4,9000
39,9000
43,9000
34,9003
6,9004
53,9007
57,9007
59,9007
44,9014
38,9015
21,9019
30,9019
45,9021
17,9022
36,9022
56,9024
50,9026
9,9027
40,9028
49,9034
32,9036
49,9036
12,9038
44,9041
33,9046
1,9048
19,9049
2,9050
6,9050
15,9050
1,9051
41,9051
1,9052
31,9052
45,9052
2,9053
2,9054
35,9055
6,9056
52,9056
34,9057
47,9057
17,9060
53,9062
55,9062
41,9063
60,9065
16,9069
24,9071
32,9072
3,9073
5,9074
5,9075
52,9075
4,9076
4,9077
3,9079
12,9079
1,9080
54,9080
48,9084
42,9089
46,9089
11,9090
50,9090
1,9091
50,9092
2,9093
1,9094
52,9094
59,9094
1,9096
48,9098
55,9098
2,9099
35,9099
2,9101
24,9103
26,9106
47,9106
50,9112
30,9113
2,9114
15,9117
54,9121
56,9121
31,9124
44,9124
41,9127
26,9129
34,9129
7,9132
30,9133
13,9136
7,9139
37,9140
53,9141
58,9141
14,9143
39,9143
1,9144
2,9145
18,9145
7,9147
26,9147
1,9148
32,9148
1,9149
21,9150
3,9151
2,9152
4,9152
2,9153
4,9153
55,9153
3,9154
56,9154
45,9156
5,9157
6,9157
13,9157
5,9158
39,9164
21,9169
26,9170
30,9172
23,9175
33,9175
2,9181
23,9181
25,9181
26,9181
10,9186
13,9187
10,9195
24,9197
22,9200
25,9200
34,9200
34,9201
8,9203
40,9206
20,9208
53,9208
19,9209
38,9210
33,9214
10,9215
42,9215
45,9215
40,9219
3,9221
30,9222
34,9225
49,9226
3,9227
4,9228
49,9229
5,9230
5,9231
4,9232
3,9233
3,9241
21,9241
4,9243
48,9243
5,9244
3,9246
4,9247
5,9248
12,9248
58,9249
29,9250
44,9250
48,9250
18,9251
49,9254
50,9259
5,9260
20,9260
16,9261
42,9262
49,9266
44,9268
37,9275
27,9277
39,9277
21,9280
41,9283
15,9285
16,9285
32,9286
30,9287
55,9287
6,9289
32,9289
30,9290
41,9291
37,9295
18,9296
56,9298
3,9299
5,9300
57,9300
4,9301
50,9301
3,9302
33,9304
48,9304
4,9305
44,9306
21,9307
51,9307
5,9308
38,9308
48,9312
12,9314
23,9316
8,9317
23,9323
47,9323
1,9328
21,9328
28,9328
2,9329
29,9329
1,9330
1,9331
2,9333
2,9334
39,9335
3,9336
4,9338
44,9338
54,9338
4,9341
3,9342
2,9343
5,9343
52,9343
5,9344
20,9347
8,9348
32,9348
37,9351
39,9351
55,9351
58,9351
17,9353
58,9353
38,9354
8,9355
1,9359
10,9359
1,9361
21,9361
2,9362
1,9363
2,9364
55,9364
2,9365
16,9366
10,9370
34,9370
32,9371
52,9371
16,9373
3,9375
18,9375
7,9376
47,9376
5,9377
17,9377
5,9378
31,9378
4,9379
9,9379
3,9380
28,9380
7,9383
4,9384
20,9385
21,9385
31,9385
1,9387
46,9390
2,9391
36,9391
49,9391
25,9392
1,9393
1,9394
2,9395
30,9395
2,9397
32,9397
20,9408
22,9408
23,9408
22,9409
5,9415
44,9416
1,9418
1,9419
2,9420
19,9421
2,9422
1,9423
2,9424
20,9430
31,9433
59,9433
36,9434
39,9434
3,9435
14,9435
36,9435
5,9436
4,9437
5,9438
3,9439
47,9440
4,9441
15,9444
19,9447
31,9447
10,9448
55,9448
3,9449
30,9449
4,9450
19,9450
21,9450
5,9451
3,9452
32,9452
36,9452
51,9452
17,9453
1,9454
4,9454
54,9454
2,9455
5,9455
43,9455
1,9456
1,9457
2,9458
12,9458
51,9458
56,9458
2,9459
3,9460
4,9461
5,9462
4,9463
46,9463
5,9466
1,9467
3,9467
1,9468
3,9469
48,9469
2,9470
1,9471
5,9471
2,9472
15,9472
20,9472
2,9474
4,9474
5,9475
4,9476
30,9477
3,9478
12,9480
41,9480
49,9480
27,9481
38,9481
50,9481
8,9482
59,9482
24,9483
42,9485
18,9486
13,9494
25,9495
58,9496
50,9499
28,9503
59,9510
41,9511
18,9512
34,9513
46,9518
34,9520
28,9523
13,9525
53,9526
1,9529
44,9529
2,9531
28,9531
48,9531
1,9532
52,9533
1,9534
2,9536
26,9536
2,9537
17,9537
28,9539
23,9540
28,9540
7,9542
18,9546
20,9548
22,9548
40,9549
52,9549
48,9550
20,9551
15,9552
37,9556
37,9559
60,9560
50,9560
53,9561
3,9562
1,9563
5,9564
5,9565
1,9566
4,9566
43,9566
2,9567
3,9567
1,9569
4,9569
2,9570
23,9570
38,9570
2,9571
29,9574
15,9576
50,9576
35,9577
33,9578
51,9582
25,9584
41,9584
51,9586
39,9591
58,9591
3,9592
19,9592
5,9593
51,9594
5,9596
57,9596
4,9597
3,9598
20,9598
4,9599
19,9602
47,9602
19,9603
18,9607
51,9607
27,9610
21,9611
48,9612
56,9612
52,9614
59,9615
35,9616
1,9621
2,9622
1,9623
1,9624
31,9624
33,9625
50,9625
1,9626
17,9628
31,9629
2,9630
2,9631
54,9633
32,9634
49,9636
14,9637
1,9638
42,9639
58,9640
52,9646
23,9648
46,9648
51,9648
54,9648
4,9650
39,9652
58,9660
49,9664
19,9665
37,9667
48,9669
51,9669
23,9670
53,9670
55,9673
59,9676
3,9678
4,9679
5,9680
5,9682
4,9683
41,9683
8,9684
3,9685
50,9685
11,9689
36,9689
51,9691
45,9693
34,9695
9,9696
26,9696
47,9697
28,9703
6,9704
17,9705
32,9705
33,9706
18,9707
8,9709
7,9713
16,9713
35,9713
24,9715
42,9715
13,9716
55,9718
2,9719
1,9720
2,9721
1,9722
17,9722
54,9723
27,9724
2,9725
32,9725
1,9726
2,9727
28,9728
3,9729
5,9731
4,9732
19,9732
31,9732
3,9733
56,9733
20,9734
12,9735
4,9736
47,9736
5,9738
13,9740
56,9740
3,9741
14,9741
27,9741
41,9741
48,9741
54,9742
4,9743
38,9743
5,9745
5,9746
35,9746
4,9747
3,9748
20,9751
32,9751
11,9753
35,9754
6,9756
40,9756
3,9760
4,9762
1,9764
4,9764
18,9764
24,9764
2,9765
3,9765
1,9766
2,9767
5,9767
28,9767
56,9767
1,9768
5,9768
2,9769
17,9769
41,9770
3,9771
5,9772
4,9773
9,9773
3,9774
30,9777
42,9777
5,9778
35,9778
4,9779
56,9779
10,9780
13,9781
28,9784
3,9786
48,9787
4,9789
4,9791
13,9791
51,9791
5,9793
31,9793
5,9794
10,9795
35,9795
25,9796
3,9797
43,9797
17,9798
3,9800
28,9804
43,9804
4,9805
3,9806
39,9806
5,9807
14,9808
58,9808
5,9809
48,9809
4,9810
8,9812
28,9813
12,9814
3,9815
21,9815
5,9818
4,9821
42,9821
53,9821
5,9822
3,9823
35,9824
60,9826
4,9826
29,9827
28,9828
42,9828
14,9829
20,9831
47,9831
53,9833
34,9834
38,9835
1,9837
6,9842
16,9844
32,9845
6,9848
59,9848
60,9849
17,9850
31,9850
1,9855
2,9856
47,9856
1,9857
31,9857
13,9859
34,9860
1,9861
54,9862
2,9863
2,9864
23,9866
10,9867
55,9868
20,9869
26,9869
40,9869
58,9870
28,9876
45,9877
46,9877
23,9879
37,9879
7,9885
50,9886
35,9889
25,9894
45,9894
35,9897
50,9897
51,9898
18,9904
39,9904
22,9906
59,9906
31,9909
18,9910
55,9910
1,9912
8,9912
19,9913
7,9915
50,9916
54,9916
22,9918
1,9925
8,9925
2,9927
28,9927
12,9929
14,9929
14,9930
1,9931
1,9932
2,9933
26,9933
2,9936
36,9936
59,9937
30,9938
45,9939
38,9941
37,9943
29,9945
49,9945
44,9947
7,9950
57,9951
6,9952
51,9953
32,9954
14,9955
36,9958
33,9963
13,9965
9,9968
3,9971
5,9972
35,9972
4,9974
58,9974
4,9975
5,9976
3,9977
15,9977
36,9982
25,9983
44,9984
53,9984
14,9985
26,9986
8,9987
29,9989
12,9991
38,9995
