11,3
22,4
28,5
49,5
56,6
23,7
48,7
46,9
18,10
22,11
13,12
25,12
38,13
46,13
12,14
32,17
46,19
1,21
3,21
1,22
4,22
2,23
5,23
2,24
49,24
1,25
3,25
2,26
5,28
26,30
4,32
10,32
12,32
48,35
23,36
51,37
33,39
26,48
19,51
23,52
38,52
19,53
59,53
52,54
2,55
38,58
48,58
59,59
1,63
19,64
17,66
53,67
19,68
47,69
21,70
47,70
33,76
33,77
47,81
27,93
41,93
52,95
39,96
26,98
7,102
11,102
57,109
52,110
27,111
52,118
1,119
1,120
2,121
1,122
2,124
28,124
2,126
33,129
13,130
25,130
43,135
36,141
42,143
50,145
55,147
5,149
42,153
25,154
46,154
10,156
29,157
30,158
1,160
2,161
1,162
2,164
57,166
1,167
21,167
31,167
57,168
2,169
12,170
53,172
58,178
17,180
18,181
15,182
20,185
11,196
11,197
17,197
24,198
46,202
50,202
47,207
34,208
59,213
40,214
45,215
33,218
48,220
52,221
30,222
33,222
37,222
10,223
44,223
51,227
15,229
46,229
18,233
50,233
59,233
52,234
23,238
38,238
9,239
16,240
18,240
59,243
56,244
6,246
30,247
3,249
4,250
5,251
5,252
4,253
46,253
3,254
29,255
40,255
56,255
56,258
5,262
3,263
22,265
44,265
4,266
46,266
3,267
5,268
4,269
5,270
3,272
28,273
32,273
40,273
54,273
11,274
37,274
33,275
4,276
18,276
24,277
36,277
3,279
5,280
17,280
5,281
4,282
34,283
43,283
22,286
52,287
57,288
29,289
50,289
39,291
59,291
34,293
59,293
1,294
2,295
23,295
48,295
13,296
1,297
31,299
1,300
2,301
3,301
5,302
2,303
4,303
6,303
47,303
3,304
11,304
5,306
4,307
9,308
32,309
51,311
32,314
6,315
50,315
17,321
1,324
2,325
11,325
1,326
35,326
49,327
33,328
16,329
18,329
1,330
29,330
2,331
43,332
2,334
18,335
57,335
1,342
1,343
2,344
26,344
2,346
31,346
42,346
43,346
1,347
2,348
31,351
18,356
34,356
18,357
18,360
40,360
1,361
8,365
2,366
3,366
4,367
37,367
1,368
33,368
1,369
4,369
2,370
5,370
29,370
38,370
6,371
2,372
14,373
5,374
1,375
3,375
1,377
13,378
2,379
32,381
34,382
1,383
10,386
2,387
2,388
50,389
57,389
46,390
58,391
22,392
49,392
58,393
11,394
13,395
43,396
15,398
54,401
3,403
40,403
5,404
44,404
5,407
38,407
4,408
50,408
3,409
4,411
15,412
47,413
31,414
36,417
41,417
47,418
1,419
3,419
1,420
34,420
38,420
2,422
9,423
1,424
57,424
60,425
2,426
33,426
46,426
2,427
20,428
50,428
25,433
55,433
30,435
60,441
53,441
15,443
6,444
12,445
13,445
47,445
20,446
39,448
6,450
53,456
44,457
58,457
29,459
41,459
26,461
53,461
26,463
41,463
36,464
58,465
55,466
16,469
55,469
48,475
50,476
54,480
57,480
6,482
10,482
15,482
33,482
21,483
23,484
46,486
1,487
32,489
36,489
1,490
2,491
25,491
38,491
2,492
20,492
25,493
42,494
1,496
31,497
2,498
58,498
43,500
59,502
1,506
37,506
2,507
1,508
13,508
43,508
2,509
47,509
6,510
35,510
1,512
2,513
21,513
22,518
3,519
4,520
22,520
3,521
21,521
55,522
10,523
59,523
5,524
5,527
40,528
4,529
10,531
58,534
41,535
33,537
22,538
9,539
10,540
44,540
3,541
4,542
52,542
5,543
35,543
3,545
50,545
50,547
57,547
4,549
2,550
5,550
40,550
41,551
43,553
21,557
22,557
23,559
20,560
28,562
33,562
58,562
1,564
58,565
21,568
35,568
8,569
60,573
35,575
40,578
9,579
42,580
48,581
47,584
13,585
8,586
19,589
50,593
32,594
43,596
56,596
24,600
54,602
58,602
37,604
52,605
48,606
7,608
18,612
47,612
25,613
3,615
5,616
26,617
4,620
19,620
3,621
60,623
5,624
4,625
42,625
33,626
40,629
44,629
22,630
39,631
36,634
40,638
19,640
38,642
55,646
41,647
31,648
59,648
55,649
60,650
16,651
25,657
50,657
53,660
49,662
10,663
13,664
30,664
12,665
32,666
27,671
9,675
54,675
3,682
4,683
12,683
48,683
33,684
60,685
58,685
3,686
47,686
5,687
4,689
29,689
5,690
56,691
50,695
23,697
57,698
59,698
49,706
48,711
3,712
5,713
4,714
3,716
4,717
5,718
16,718
47,718
20,720
22,720
23,721
26,721
18,724
52,725
33,726
46,726
34,727
37,727
53,730
13,731
54,731
6,732
22,733
34,737
23,738
55,738
1,739
44,739
50,739
58,740
2,741
13,741
1,742
8,742
38,742
44,743
2,744
22,744
33,744
45,745
57,745
58,745
40,746
1,747
9,747
2,748
57,753
34,754
34,755
3,757
50,757
15,759
39,759
4,760
5,761
39,761
4,762
3,763
55,763
5,764
37,765
46,766
31,767
49,769
41,770
10,771
46,771
24,773
48,773
20,774
54,774
7,783
32,785
46,788
1,793
1,794
2,795
31,795
1,796
37,796
2,797
16,798
2,799
18,799
28,800
27,802
45,802
8,803
53,804
28,806
51,806
11,808
59,808
27,809
53,809
49,810
53,810
32,813
42,817
7,818
32,818
17,819
22,819
58,819
59,824
47,826
56,827
46,828
60,829
36,830
58,830
18,831
34,831
33,834
41,835
1,837
3,837
20,838
31,838
1,839
5,839
2,840
4,840
52,840
1,841
4,841
59,841
2,842
3,842
35,842
54,842
2,843
5,843
20,847
32,848
3,849
5,850
4,851
5,852
22,852
37,852
3,854
21,854
58,856
4,857
13,858
60,866
11,867
19,869
25,869
33,872
42,872
3,874
4,876
30,876
35,876
3,877
5,878
53,878
29,880
32,880
14,881
39,881
52,881
60,882
5,882
4,883
7,884
54,885
8,887
16,891
26,891
13,892
34,896
20,899
37,899
39,901
48,902
29,903
35,905
53,906
32,913
15,916
39,919
47,922
41,924
15,927
17,927
28,927
59,927
3,929
5,930
25,930
1,931
4,931
15,931
57,931
5,932
1,933
3,933
2,934
4,934
21,934
1,937
2,938
2,939
11,940
3,941
5,942
1,943
58,943
2,944
4,944
26,944
1,945
2,946
4,946
1,947
2,948
3,948
42,949
30,950
5,951
31,951
58,952
35,953
33,954
16,955
3,959
7,959
17,962
54,963
59,967
1,971
32,971
1,972
23,972
2,973
1,974
2,977
2,978
35,978
54,978
55,978
40,979
28,980
8,981
39,981
40,981
1,982
17,983
44,983
33,984
51,984
2,988
1,989
40,989
2,990
1,992
19,992
2,993
31,995
24,999
40,999
48,1000
22,1008
57,1008
18,1010
46,1014
25,1015
47,1019
15,1020
52,1025
18,1028
51,1030
7,1034
28,1034
52,1034
3,1036
33,1036
5,1037
17,1037
5,1038
31,1038
4,1039
3,1040
34,1040
6,1041
29,1041
4,1042
44,1044
11,1045
17,1046
17,1050
24,1050
43,1051
27,1054
28,1054
3,1055
11,1055
50,1055
4,1056
5,1057
4,1059
39,1059
4,1060
5,1060
3,1061
5,1061
32,1061
36,1063
34,1065
58,1065
42,1067
54,1070
38,1072
48,1072
43,1074
16,1077
42,1078
24,1081
56,1082
38,1083
22,1088
29,1092
50,1093
1,1094
29,1094
2,1095
52,1095
1,1096
33,1096
1,1098
17,1098
2,1099
12,1099
13,1099
2,1100
24,1101
3,1103
4,1105
5,1106
30,1107
3,1108
49,1110
5,1112
40,1112
4,1113
35,1113
52,1121
54,1122
34,1123
12,1125
14,1125
47,1128
46,1129
21,1131
38,1135
29,1137
7,1143
31,1144
11,1145
20,1145
1,1147
2,1148
37,1150
1,1152
50,1152
1,1154
2,1155
21,1155
2,1156
1,1157
17,1158
1,1159
35,1160
2,1161
2,1164
13,1164
1,1165
26,1167
47,1167
12,1168
26,1168
2,1169
59,1169
12,1170
26,1172
19,1173
41,1174
7,1175
13,1175
21,1175
53,1177
11,1178
34,1179
19,1181
52,1182
59,1188
43,1191
8,1193
55,1193
49,1195
36,1197
25,1198
57,1198
36,1200
41,1200
57,1201
49,1207
25,1209
22,1210
34,1210
46,1214
1,1218
31,1218
1,1220
18,1220
60,1221
2,1221
2,1222
1,1223
5,1223
51,1223
2,1224
33,1224
28,1226
16,1228
45,1229
58,1230
12,1231
7,1235
8,1237
41,1238
44,1239
36,1240
16,1241
31,1242
45,1246
53,1247
9,1250
42,1250
45,1250
12,1252
43,1255
37,1256
24,1257
23,1259
52,1259
28,1260
17,1262
58,1264
59,1264
56,1267
18,1268
6,1270
44,1272
10,1273
11,1274
19,1274
29,1276
1,1281
46,1281
50,1281
41,1283
1,1285
3,1285
5,1286
4,1287
30,1287
2,1288
5,1288
10,1288
4,1289
52,1289
1,1290
3,1290
17,1290
2,1292
2,1295
39,1296
11,1298
17,1300
27,1300
18,1304
26,1306
50,1307
47,1310
44,1311
32,1312
46,1312
38,1315
7,1317
46,1317
22,1319
59,1319
40,1324
12,1327
25,1327
57,1327
51,1329
46,1331
39,1333
1,1338
49,1338
58,1338
12,1341
53,1341
2,1342
50,1342
23,1343
1,1344
1,1345
15,1346
8,1347
29,1347
2,1348
2,1349
26,1349
41,1349
43,1352
59,1352
25,1353
52,1353
20,1354
1,1356
18,1356
7,1358
50,1358
48,1363
9,1367
18,1367
3,1373
5,1375
10,1375
4,1376
23,1376
3,1377
23,1378
5,1379
15,1381
52,1381
10,1382
4,1383
10,1383
50,1383
22,1386
40,1386
29,1387
49,1389
43,1391
44,1391
43,1393
25,1396
50,1397
49,1399
37,1402
12,1403
28,1406
46,1406
59,1410
12,1411
25,1417
60,1419
1,1420
2,1421
31,1421
1,1423
31,1423
1,1424
27,1425
2,1426
11,1426
37,1426
2,1427
7,1427
26,1428
6,1429
55,1429
25,1430
10,1431
29,1436
49,1437
55,1439
24,1441
43,1441
20,1445
41,1446
6,1447
9,1448
26,1449
27,1452
13,1456
7,1458
9,1458
1,1461
1,1462
2,1463
2,1464
8,1466
10,1466
36,1467
55,1467
1,1468
12,1469
25,1469
2,1470
36,1471
39,1473
44,1473
17,1474
58,1474
48,1477
30,1480
45,1480
36,1482
7,1483
20,1483
39,1484
51,1487
43,1494
54,1496
59,1496
46,1499
12,1501
38,1501
9,1502
34,1502
12,1504
48,1506
7,1508
35,1508
37,1514
17,1517
30,1520
42,1522
41,1526
1,1528
36,1529
11,1530
14,1530
28,1530
1,1531
2,1532
54,1532
5,1533
54,1535
2,1536
1,1537
15,1537
2,1538
30,1538
39,1538
25,1539
21,1541
5,1544
40,1547
21,1551
53,1551
53,1554
7,1560
49,1561
22,1562
1,1564
22,1564
1,1565
2,1567
27,1567
2,1568
25,1568
1,1569
13,1569
2,1570
19,1570
1,1574
52,1574
2,1575
1,1579
2,1580
40,1580
1,1581
3,1581
36,1581
42,1581
2,1582
5,1583
4,1584
24,1584
38,1585
3,1586
5,1587
33,1587
4,1588
31,1598
55,1598
7,1599
22,1599
25,1599
42,1599
54,1599
19,1603
29,1603
44,1603
45,1604
19,1605
53,1607
3,1608
5,1610
20,1611
4,1612
5,1613
4,1614
3,1615
34,1615
56,1615
10,1619
15,1620
34,1620
26,1621
28,1621
38,1621
1,1623
1,1624
47,1624
2,1625
1,1626
31,1626
2,1627
7,1627
33,1627
2,1628
11,1628
43,1633
50,1638
58,1638
24,1639
15,1640
50,1640
25,1642
52,1642
21,1643
60,1645
41,1646
31,1649
45,1649
59,1649
41,1655
42,1655
6,1656
50,1657
22,1674
18,1679
48,1679
57,1683
59,1684
49,1685
3,1686
4,1687
3,1689
14,1689
60,1690
15,1690
4,1691
5,1692
25,1693
5,1694
32,1694
29,1698
58,1699
20,1701
52,1701
21,1705
30,1711
33,1711
42,1713
10,1714
16,1716
48,1716
16,1717
36,1717
51,1718
8,1719
11,1719
50,1720
24,1726
21,1727
39,1728
49,1732
35,1738
38,1739
3,1740
40,1740
22,1741
1,1742
50,1742
1,1743
5,1743
33,1743
2,1744
2,1745
30,1745
1,1746
4,1746
3,1747
2,1748
5,1748
44,1748
4,1749
40,1751
5,1753
45,1753
21,1759
59,1760
25,1761
10,1762
15,1762
43,1762
12,1764
45,1767
56,1767
59,1769
24,1772
21,1775
54,1779
28,1782
45,1782
12,1785
19,1785
1,1787
39,1787
8,1788
59,1788
24,1789
42,1789
1,1791
26,1794
1,1795
3,1795
23,1795
4,1798
52,1798
2,1800
5,1800
1,1801
5,1801
4,1802
3,1803
2,1804
23,1804
2,1805
45,1805
11,1806
40,1808
24,1809
42,1811
6,1813
27,1815
35,1817
3,1818
4,1820
27,1820
56,1820
4,1823
44,1823
3,1825
5,1826
5,1828
53,1828
53,1829
24,1835
22,1838
40,1842
15,1844
10,1845
57,1847
8,1848
7,1849
46,1850
22,1851
9,1855
32,1856
41,1856
19,1859
39,1865
43,1866
1,1867
1,1868
19,1868
21,1869
2,1870
18,1870
42,1872
2,1873
34,1873
1,1874
30,1874
41,1874
2,1875
18,1875
45,1879
36,1881
53,1884
27,1886
33,1887
54,1890
13,1892
46,1896
58,1897
51,1901
13,1904
29,1904
11,1910
28,1911
49,1911
59,1911
13,1912
16,1913
60,1918
19,1919
36,1920
24,1921
11,1922
34,1923
9,1925
60,1926
30,1926
49,1926
34,1927
56,1928
14,1931
3,1933
26,1933
4,1934
5,1935
3,1936
15,1936
5,1937
31,1937
55,1937
4,1938
38,1940
21,1942
50,1942
53,1942
42,1944
57,1944
48,1945
22,1946
41,1950
44,1950
6,1951
30,1956
36,1956
8,1959
40,1959
32,1960
47,1961
9,1962
14,1966
23,1967
53,1967
12,1971
13,1971
22,1976
38,1977
7,1978
3,1979
1,1980
26,1981
2,1982
5,1982
4,1983
4,1984
1,1985
39,1985
2,1986
46,1986
1,1989
33,1989
5,1990
18,1990
2,1991
2,1992
3,1994
51,1994
40,1995
51,1996
13,1999
53,2000
37,2001
10,2002
13,2003
29,2005
46,2005
30,2008
7,2009
51,2012
54,2017
23,2018
13,2020
60,2021
18,2021
35,2021
51,2026
1,2027
37,2032
45,2033
14,2034
3,2035
16,2035
16,2036
6,2039
60,2042
1,2048
2,2049
1,2051
19,2051
47,2051
1,2052
2,2053
2,2054
23,2059
58,2061
13,2063
47,2065
57,2065
54,2068
32,2071
13,2073
21,2073
43,2073
48,2073
18,2074
1,2076
2,2077
1,2078
2,2079
1,2080
51,2081
2,2083
39,2085
20,2086
27,2087
57,2087
8,2088
51,2088
7,2090
27,2094
44,2097
60,2098
33,2100
13,2101
1,2103
35,2103
1,2104
19,2105
52,2105
2,2106
2,2107
11,2107
1,2108
21,2109
2,2112
25,2113
34,2119
17,2124
39,2126
24,2129
44,2130
56,2132
15,2133
45,2135
54,2135
54,2137
10,2138
14,2143
32,2143
45,2143
38,2149
17,2150
23,2150
17,2152
60,2153
7,2154
22,2154
33,2156
32,2159
12,2160
3,2162
16,2162
4,2163
5,2164
56,2164
5,2165
4,2166
17,2166
3,2167
14,2167
50,2173
16,2174
43,2174
44,2174
45,2175
57,2175
16,2178
1,2179
10,2183
22,2184
39,2184
7,2185
54,2191
53,2192
19,2193
60,2195
3,2197
2,2198
5,2198
23,2198
56,2198
5,2201
59,2202
4,2203
3,2205
4,2206
27,2209
3,2212
43,2212
4,2213
35,2213
47,2213
4,2214
5,2215
15,2216
14,2220
18,2220
39,2220
3,2221
17,2221
5,2222
24,2224
23,2227
24,2228
51,2228
14,2229
37,2230
56,2234
47,2239
52,2239
17,2241
3,2242
7,2242
58,2242
4,2243
56,2243
3,2244
43,2244
52,2244
5,2246
21,2246
5,2248
4,2249
57,2249
22,2254
32,2256
14,2258
26,2258
58,2262
28,2264
40,2264
53,2266
55,2266
19,2267
27,2274
39,2275
40,2279
55,2282
47,2286
1,2288
20,2289
2,2291
4,2293
1,2294
2,2295
53,2297
1,2298
2,2299
4,2300
47,2300
7,2301
10,2302
47,2302
1,2303
1,2307
2,2308
25,2310
37,2311
2,2312
1,2313
29,2313
56,2315
17,2316
2,2317
3,2317
50,2317
43,2318
1,2319
2,2320
1,2321
2,2322
5,2322
5,2323
25,2323
1,2324
2,2325
4,2325
20,2326
3,2327
4,2328
46,2329
34,2333
46,2333
54,2335
24,2337
16,2339
9,2343
16,2345
19,2345
55,2349
60,2350
14,2357
13,2359
23,2360
15,2362
25,2363
50,2363
11,2364
12,2367
43,2370
58,2373
9,2375
30,2375
9,2376
9,2377
33,2377
52,2377
35,2378
55,2378
35,2379
36,2379
14,2380
43,2380
21,2381
3,2386
43,2386
4,2387
29,2388
35,2388
29,2390
5,2391
12,2391
5,2392
32,2392
4,2393
42,2394
3,2397
41,2398
22,2401
35,2402
27,2403
60,2409
3,2409
5,2411
24,2411
4,2412
1,2413
4,2413
1,2414
3,2414
2,2415
5,2415
50,2415
32,2416
1,2417
2,2418
2,2419
9,2420
27,2420
13,2427
33,2429
59,2431
25,2433
54,2433
47,2434
32,2435
57,2436
46,2438
16,2439
10,2444
28,2447
58,2447
1,2448
30,2449
2,2450
57,2450
1,2452
1,2453
2,2454
17,2454
37,2454
14,2459
2,2461
49,2461
12,2462
13,2463
38,2463
36,2465
21,2466
59,2466
44,2467
58,2467
11,2468
36,2469
34,2470
45,2470
19,2473
35,2473
3,2474
20,2474
5,2475
5,2478
1,2479
4,2479
2,2480
1,2481
3,2481
1,2482
4,2482
53,2483
2,2484
55,2484
2,2486
10,2486
52,2489
59,2489
36,2491
46,2495
22,2499
8,2501
42,2504
52,2507
17,2511
23,2512
44,2512
3,2513
42,2513
55,2513
4,2514
4,2515
5,2516
3,2518
34,2518
5,2519
35,2519
1,2521
59,2525
38,2527
49,2528
28,2529
9,2531
25,2532
3,2533
4,2535
5,2537
24,2537
29,2537
3,2538
24,2538
4,2539
15,2539
21,2539
20,2540
26,2540
5,2541
23,2541
27,2541
48,2542
6,2543
20,2543
21,2543
48,2543
44,2544
51,2545
16,2558
37,2558
38,2560
1,2564
1,2565
59,2565
2,2566
8,2566
59,2566
1,2567
3,2570
2,2571
27,2573
2,2574
4,2574
3,2575
51,2575
4,2576
50,2576
5,2577
5,2578
34,2581
48,2586
51,2587
3,2589
4,2590
4,2591
5,2592
23,2593
5,2594
17,2594
31,2594
3,2595
55,2597
26,2599
16,2600
57,2600
12,2605
28,2605
27,2606
30,2606
48,2606
28,2607
41,2610
51,2610
48,2611
21,2614
36,2614
57,2616
22,2617
24,2617
60,2619
59,2619
14,2621
21,2621
41,2621
58,2622
32,2623
48,2623
57,2626
22,2633
52,2636
14,2640
57,2640
56,2641
52,2644
58,2644
19,2647
26,2650
14,2652
18,2655
25,2655
23,2657
30,2659
51,2660
46,2664
49,2666
30,2667
34,2668
37,2670
48,2670
6,2671
26,2671
13,2673
49,2674
51,2674
35,2675
30,2681
1,2683
20,2683
41,2683
1,2684
34,2685
2,2686
11,2687
2,2689
10,2690
1,2691
2,2692
3,2694
33,2694
5,2695
4,2696
3,2698
5,2699
30,2699
47,2700
8,2701
10,2701
4,2702
8,2702
18,2703
51,2704
23,2706
6,2711
27,2711
15,2712
30,2712
24,2713
33,2715
50,2717
18,2718
8,2719
26,2719
14,2720
7,2722
3,2725
4,2727
24,2728
5,2729
35,2729
59,2729
3,2730
12,2730
4,2731
5,2732
42,2734
40,2737
27,2738
10,2742
15,2742
7,2743
40,2743
14,2744
11,2745
60,2746
37,2750
10,2752
8,2759
36,2759
6,2760
54,2761
48,2763
17,2766
38,2768
56,2770
51,2771
58,2771
2,2772
22,2772
31,2772
6,2773
8,2774
18,2774
3,2775
15,2775
4,2776
5,2777
10,2777
16,2777
55,2777
3,2778
56,2778
32,2779
28,2780
4,2781
35,2781
5,2782
48,2782
9,2785
3,2787
56,2787
4,2788
48,2788
3,2789
4,2790
5,2792
5,2793
41,2794
41,2796
53,2798
60,2800
1,2801
27,2801
2,2802
39,2802
1,2803
1,2804
10,2804
17,2804
46,2804
2,2806
2,2807
44,2811
50,2813
6,2815
20,2815
32,2815
57,2815
19,2817
27,2817
21,2818
35,2818
42,2818
18,2823
18,2825
17,2826
31,2830
46,2830
37,2833
28,2836
44,2836
18,2838
53,2838
22,2840
11,2841
25,2841
3,2842
26,2843
17,2844
18,2844
5,2845
20,2845
31,2845
4,2846
3,2847
34,2848
4,2849
18,2849
5,2850
32,2859
34,2860
30,2863
7,2864
12,2864
35,2864
7,2865
32,2865
4,2869
23,2871
56,2873
50,2877
5,2878
43,2883
52,2885
55,2885
6,2889
8,2889
15,2890
20,2890
1,2891
2,2892
6,2892
10,2892
1,2893
15,2893
25,2893
1,2894
2,2895
28,2895
51,2895
2,2896
12,2896
44,2896
21,2897
41,2897
27,2900
11,2902
45,2908
1,2909
26,2909
60,2913
59,2914
4,2915
1,2917
9,2917
1,2920
39,2921
58,2921
2,2922
26,2923
2,2927
15,2927
1,2928
44,2929
2,2930
47,2931
18,2932
43,2941
13,2943
19,2943
27,2943
31,2943
45,2946
1,2948
12,2948
1,2949
2,2950
24,2950
2,2951
1,2952
2,2954
13,2955
59,2955
49,2956
48,2961
22,2964
3,2969
5,2970
4,2972
44,2972
5,2973
4,2975
3,2977
25,2977
26,2977
7,2981
37,2981
40,2989
54,2991
19,2993
41,2993
9,2994
20,2994
52,2996
13,2998
37,2998
34,3000
3,3003
32,3004
1,3005
2,3006
17,3007
22,3008
1,3010
1,3012
2,3013
56,3013
2,3014
53,3014
3,3017
5,3021
37,3021
5,3022
4,3023
3,3024
21,3024
29,3024
41,3024
4,3026
27,3026
50,3028
48,3029
25,3030
19,3033
11,3035
22,3035
35,3036
36,3036
1,3039
16,3039
2,3040
23,3040
36,3040
51,3041
1,3042
27,3042
43,3042
1,3043
56,3043
4,3046
18,3046
11,3048
57,3048
2,3049
40,3049
2,3050
44,3050
47,3052
6,3053
58,3058
60,3060
28,3060
23,3061
35,3061
35,3063
49,3063
1,3069
2,3070
35,3070
1,3071
37,3072
41,3072
1,3073
2,3074
2,3075
9,3075
14,3075
33,3077
34,3077
24,3078
41,3079
48,3080
60,3083
31,3083
52,3084
50,3087
42,3092
51,3092
36,3093
16,3098
28,3099
27,3106
42,3106
23,3108
44,3110
5,3111
24,3111
55,3111
22,3113
17,3116
40,3116
4,3118
21,3123
57,3123
12,3124
15,3125
15,3126
53,3126
46,3127
45,3128
25,3130
27,3133
3,3135
48,3137
5,3138
40,3138
56,3138
5,3140
44,3140
4,3141
22,3141
46,3141
4,3143
3,3144
40,3144
50,3152
20,3153
36,3153
9,3154
39,3154
39,3156
56,3159
21,3162
54,3162
21,3164
25,3164
28,3166
44,3168
19,3169
58,3169
31,3170
16,3175
41,3175
49,3178
53,3181
3,3183
11,3184
23,3185
4,3186
17,3186
54,3186
4,3187
31,3187
42,3188
3,3189
5,3190
44,3190
28,3191
5,3192
27,3193
23,3196
3,3202
4,3203
1,3204
4,3204
49,3205
3,3206
60,3207
5,3207
59,3207
1,3208
34,3208
53,3208
2,3209
5,3209
1,3210
2,3212
29,3212
2,3213
48,3214
12,3218
33,3218
3,3219
4,3220
18,3220
5,3222
16,3222
1,3223
1,3224
3,3224
11,3224
17,3224
26,3224
4,3225
2,3226
5,3227
2,3229
1,3230
24,3230
49,3230
39,3231
2,3232
31,3233
25,3234
3,3237
16,3240
4,3241
4,3242
3,3243
11,3244
44,3244
45,3244
5,3246
5,3248
11,3250
39,3252
3,3254
34,3257
5,3258
4,3259
5,3261
41,3261
4,3262
54,3263
59,3265
1,3266
3,3266
1,3267
2,3268
10,3268
29,3268
42,3270
2,3273
15,3273
1,3274
2,3276
57,3276
55,3284
37,3286
9,3288
40,3292
47,3293
53,3294
35,3295
52,3299
56,3307
47,3308
15,3309
15,3310
46,3310
52,3310
1,3312
1,3313
2,3314
2,3315
53,3315
1,3317
2,3318
36,3318
1,3319
1,3320
2,3321
13,3321
2,3322
42,3322
1,3323
2,3324
28,3324
43,3327
12,3329
13,3330
44,3330
20,3333
42,3333
47,3334
18,3335
35,3335
59,3338
55,3339
43,3341
22,3342
26,3344
36,3344
3,3348
22,3348
44,3348
1,3350
4,3350
56,3350
1,3351
2,3352
53,3352
1,3353
4,3353
2,3354
5,3354
5,3355
19,3356
26,3356
2,3357
3,3358
37,3358
4,3359
5,3360
33,3362
34,3366
50,3368
18,3370
40,3373
32,3376
30,3377
14,3379
48,3380
16,3381
1,3383
53,3383
2,3384
18,3384
49,3385
15,3386
15,3387
1,3388
10,3388
1,3389
16,3389
2,3390
3,3390
6,3390
4,3391
2,3392
12,3392
13,3392
9,3393
3,3395
4,3397
49,3397
5,3398
12,3398
16,3399
5,3401
38,3401
50,3402
58,3402
3,3404
52,3404
5,3407
4,3409
3,3411
11,3411
4,3413
5,3415
23,3416
36,3417
34,3419
55,3420
2,3423
43,3424
31,3426
43,3426
48,3427
12,3429
3,3430
4,3431
5,3432
3,3434
25,3434
22,3437
5,3438
4,3439
42,3441
44,3441
29,3442
3,3443
5,3444
4,3446
27,3446
31,3446
2,3447
6,3448
37,3448
12,3449
21,3451
35,3451
42,3452
5,3453
22,3454
4,3456
26,3456
3,3457
10,3457
50,3458
56,3458
41,3462
3,3463
48,3463
5,3464
4,3466
4,3467
3,3468
42,3468
19,3469
5,3470
3,3475
5,3476
38,3476
40,3478
46,3478
4,3479
5,3480
3,3481
34,3482
60,3483
4,3484
21,3492
40,3492
3,3493
15,3493
33,3493
4,3495
4,3496
30,3496
5,3499
38,3500
53,3500
3,3501
1,3503
5,3503
1,3504
15,3505
2,3506
6,3507
48,3507
1,3508
2,3509
3,3509
51,3510
4,3511
2,3512
3,3512
15,3512
5,3513
4,3514
5,3515
34,3516
35,3516
3,3519
22,3520
5,3521
1,3522
4,3523
3,3524
9,3524
5,3525
2,3526
4,3526
15,3527
1,3530
2,3531
24,3531
1,3532
32,3532
2,3533
3,3536
4,3537
5,3538
1,3539
4,3539
1,3540
2,3541
5,3541
38,3541
32,3542
1,3543
3,3543
48,3543
2,3545
2,3547
16,3551
12,3552
19,3552
17,3553
35,3554
23,3557
8,3563
10,3564
21,3564
44,3565
53,3567
21,3571
54,3571
18,3573
39,3573
54,3574
56,3575
34,3577
27,3578
57,3579
19,3581
10,3589
33,3589
26,3592
10,3593
58,3593
32,3595
12,3598
13,3598
14,3602
45,3602
31,3603
10,3610
46,3610
6,3611
11,3612
15,3614
17,3614
12,3616
36,3618
37,3619
45,3619
51,3622
16,3623
17,3623
26,3624
54,3624
45,3625
31,3626
25,3627
31,3627
32,3629
33,3629
34,3632
60,3633
56,3635
26,3636
53,3638
25,3643
46,3643
13,3644
34,3648
29,3650
36,3650
50,3651
58,3655
3,3658
5,3659
4,3660
22,3660
49,3660
4,3662
14,3662
3,3663
30,3663
5,3664
7,3664
26,3664
30,3664
41,3667
54,3669
25,3670
59,3672
1,3683
23,3683
58,3684
2,3685
1,3686
7,3686
2,3687
16,3687
21,3687
17,3688
1,3689
31,3690
2,3694
12,3696
37,3696
57,3696
27,3697
42,3698
10,3702
22,3702
57,3704
49,3705
57,3707
28,3708
14,3714
51,3714
26,3717
39,3717
31,3718
16,3719
27,3725
44,3730
25,3732
1,3734
2,3735
1,3736
2,3737
1,3738
2,3739
24,3740
39,3743
50,3743
11,3744
21,3749
59,3749
42,3752
36,3755
21,3757
51,3757
38,3761
21,3762
33,3764
18,3765
9,3770
47,3771
9,3781
16,3781
45,3781
11,3782
8,3786
20,3787
1,3789
39,3789
2,3790
1,3791
15,3791
18,3791
2,3792
14,3793
33,3793
53,3793
1,3794
20,3794
2,3795
21,3799
24,3799
1,3801
24,3801
2,3802
56,3802
1,3803
1,3805
2,3806
30,3806
2,3808
3,3809
5,3810
4,3811
5,3812
1,3814
43,3814
1,3815
6,3815
51,3815
3,3817
4,3818
47,3818
59,3818
2,3820
2,3821
14,3821
1,3822
2,3823
28,3823
48,3823
21,3824
25,3828
31,3830
57,3831
38,3832
51,3836
54,3836
53,3845
23,3849
7,3850
46,3850
8,3851
48,3852
36,3853
60,3854
7,3855
24,3855
37,3855
1,3856
1,3858
19,3858
2,3859
3,3859
5,3860
2,3861
1,3862
4,3862
2,3864
39,3864
5,3866
7,3867
3,3868
4,3869
3,3870
17,3870
41,3871
5,3872
42,3873
4,3874
26,3874
4,3878
3,3880
47,3881
53,3881
60,3882
5,3882
6,3885
57,3886
51,3887
2,3891
9,3891
21,3891
36,3891
47,3891
45,3892
14,3894
17,3902
21,3903
53,3903
7,3907
27,3908
12,3911
55,3911
48,3912
29,3913
49,3913
60,3915
9,3917
38,3917
15,3920
43,3920
10,3922
50,3931
52,3931
57,3931
7,3934
19,3934
28,3934
32,3936
41,3938
33,3942
41,3945
22,3949
37,3949
47,3950
3,3952
4,3953
5,3954
1,3955
4,3955
58,3955
5,3956
31,3957
3,3958
28,3958
34,3958
55,3959
57,3959
1,3961
2,3964
1,3965
23,3965
2,3966
36,3966
2,3967
30,3967
19,3968
53,3968
18,3969
22,3974
54,3975
8,3977
11,3978
47,3978
58,3978
36,3981
36,3983
37,3983
29,3985
49,3985
7,3987
54,3988
15,3989
40,3989
9,3994
46,3994
43,3997
49,3999
19,4000
31,4000
3,4004
43,4004
20,4005
49,4007
26,4008
49,4010
30,4013
17,4014
11,4017
23,4018
57,4023
39,4024
38,4026
52,4027
3,4029
52,4029
4,4030
3,4032
25,4033
5,4034
17,4034
31,4034
4,4035
5,4036
4,4037
13,4037
57,4037
26,4042
49,4046
40,4048
57,4050
3,4056
39,4056
5,4057
15,4057
53,4057
58,4057
5,4058
4,4059
4,4060
3,4061
56,4061
48,4063
15,4064
49,4064
3,4065
5,4066
32,4066
5,4067
4,4068
4,4069
3,4071
13,4073
22,4073
29,4073
23,4074
31,4074
24,4077
20,4083
31,4083
6,4090
19,4093
25,4096
58,4098
15,4099
45,4099
1,4108
1,4109
49,4109
2,4111
22,4111
31,4112
1,4113
37,4113
2,4116
2,4117
14,4118
59,4118
21,4119
6,4120
13,4120
9,4121
53,4121
37,4124
21,4126
31,4126
47,4126
20,4127
42,4128
22,4129
7,4132
54,4134
10,4135
22,4135
3,4137
38,4137
4,4139
3,4141
46,4141
57,4141
4,4142
60,4143
5,4143
47,4143
5,4144
12,4145
18,4151
16,4152
47,4152
7,4154
36,4161
36,4163
17,4164
10,4165
20,4166
27,4166
11,4168
56,4168
23,4169
18,4171
34,4172
46,4173
39,4180
55,4185
13,4187
18,4190
19,4191
21,4191
1,4195
2,4196
26,4196
43,4196
30,4197
1,4198
1,4199
27,4199
2,4200
2,4202
25,4203
17,4207
19,4212
25,4212
46,4213
27,4214
45,4216
49,4216
23,4217
1,4225
8,4225
1,4226
2,4227
43,4227
2,4228
1,4231
2,4232
16,4234
22,4234
50,4235
12,4237
9,4239
14,4239
24,4240
16,4242
26,4242
2,4244
1,4246
1,4247
26,4247
55,4247
21,4248
50,4248
2,4249
47,4249
1,4254
2,4255
11,4255
33,4255
2,4256
26,4257
22,4258
19,4259
19,4260
18,4262
24,4264
48,4264
16,4266
10,4267
37,4267
24,4268
16,4272
55,4272
16,4274
2,4279
1,4280
2,4281
1,4282
33,4283
44,4283
8,4284
18,4286
37,4286
2,4287
57,4287
40,4288
1,4289
9,4289
2,4290
42,4290
17,4294
40,4294
1,4295
30,4295
8,4298
21,4299
3,4307
57,4307
5,4308
40,4308
5,4309
4,4310
24,4311
43,4312
3,4313
4,4314
57,4314
60,4320
22,4320
18,4321
15,4329
56,4330
30,4331
43,4331
43,4332
35,4334
37,4334
22,4335
58,4335
3,4338
46,4339
4,4341
57,4341
5,4342
5,4346
4,4347
3,4348
19,4348
21,4353
13,4356
8,4357
9,4358
7,4359
18,4360
21,4368
53,4371
47,4375
24,4376
26,4381
39,4382
3,4383
4,4384
5,4385
3,4386
43,4386
43,4387
58,4387
5,4388
4,4390
13,4391
32,4391
59,4391
3,4392
30,4392
60,4393
4,4394
38,4395
41,4395
5,4396
5,4398
57,4398
27,4399
4,4401
39,4401
3,4403
7,4413
56,4413
43,4414
44,4414
43,4416
46,4416
56,4416
14,4417
40,4417
32,4419
47,4419
45,4421
45,4423
52,4423
30,4424
9,4426
14,4427
3,4428
46,4428
60,4429
5,4430
28,4430
4,4431
52,4431
4,4432
34,4432
5,4435
3,4437
11,4438
35,4440
48,4440
52,4440
23,4444
46,4444
32,4453
8,4454
49,4454
15,4455
33,4457
55,4457
29,4460
18,4463
38,4466
43,4466
3,4468
4,4469
3,4470
41,4470
51,4470
5,4474
30,4477
4,4478
38,4479
5,4480
26,4481
34,4487
15,4492
23,4493
3,4495
4,4496
43,4496
1,4498
5,4499
53,4499
1,4501
3,4501
2,4502
4,4502
48,4502
1,4503
5,4503
2,4504
2,4505
14,4506
50,4507
1,4512
9,4516
29,4519
3,4523
60,4524
4,4525
49,4525
5,4526
4,4527
21,4527
25,4527
3,4529
5,4530
53,4533
42,4534
39,4536
44,4536
49,4546
25,4548
9,4550
50,4553
26,4554
6,4561
58,4562
38,4566
31,4567
48,4567
1,4568
1,4569
9,4570
2,4573
25,4573
44,4573
2,4575
39,4575
1,4576
2,4577
22,4577
58,4578
3,4579
4,4579
8,4580
16,4580
44,4581
44,4582
32,4584
42,4584
60,4585
35,4585
59,4585
40,4588
50,4588
22,4593
12,4598
9,4599
16,4605
34,4606
35,4607
30,4609
9,4610
29,4613
54,4613
1,4614
2,4615
21,4616
1,4617
1,4618
2,4619
11,4619
59,4619
2,4620
38,4622
12,4623
19,4625
5,4626
11,4628
12,4629
26,4630
30,4630
45,4631
31,4634
56,4634
14,4637
52,4637
14,4639
14,4645
38,4646
57,4648
33,4650
58,4650
20,4652
26,4652
32,4654
32,4657
45,4662
54,4663
34,4668
25,4670
27,4670
3,4671
39,4671
57,4671
4,4672
14,4673
21,4673
5,4674
9,4674
42,4674
25,4675
4,4676
5,4677
3,4678
10,4682
23,4682
25,4687
48,4687
51,4690
16,4693
24,4693
3,4697
4,4699
28,4699
30,4699
3,4700
51,4700
4,4701
45,4701
5,4702
5,4703
29,4705
48,4705
38,4706
12,4709
44,4709
23,4710
42,4714
37,4715
52,4716
58,4716
15,4722
33,4722
9,4723
34,4723
46,4724
50,4725
41,4729
52,4729
47,4731
29,4732
9,4736
55,4736
35,4737
1,4739
2,4740
5,4740
18,4740
1,4741
2,4742
1,4744
13,4745
43,4745
2,4746
43,4746
10,4747
6,4748
10,4748
15,4750
36,4752
52,4752
33,4753
17,4754
29,4755
28,4756
32,4757
29,4758
27,4763
31,4766
3,4769
14,4769
41,4770
53,4770
54,4770
4,4771
16,4771
5,4772
29,4773
55,4773
5,4774
17,4774
32,4774
3,4775
4,4776
6,4778
19,4778
43,4778
57,4778
53,4782
25,4783
50,4783
49,4786
10,4788
45,4788
53,4788
1,4789
60,4790
1,4790
2,4791
6,4791
40,4792
43,4792
17,4793
54,4794
57,4794
2,4795
16,4795
32,4795
53,4795
55,4795
1,4796
57,4796
2,4797
59,4798
34,4800
15,4803
40,4803
6,4804
25,4804
33,4805
30,4807
43,4808
6,4809
28,4812
43,4812
54,4812
6,4813
30,4816
43,4818
7,4821
9,4821
12,4824
56,4824
9,4825
45,4826
31,4827
42,4828
60,4829
3,4831
7,4833
5,4836
5,4837
4,4838
34,4838
3,4839
7,4839
36,4839
46,4839
1,4840
4,4840
10,4840
25,4845
3,4847
5,4849
4,4850
15,4852
3,4853
5,4854
14,4854
4,4856
11,4857
12,4859
27,4859
45,4862
50,4864
25,4868
51,4868
58,4868
17,4871
58,4871
57,4873
46,4875
60,4876
23,4876
7,4877
13,4879
50,4883
48,4887
23,4889
9,4891
30,4893
18,4897
35,4901
31,4902
26,4905
23,4908
35,4909
29,4910
32,4911
35,4911
39,4911
57,4911
51,4912
3,4916
7,4916
59,4918
41,4919
4,4922
4,4923
31,4924
1,4925
5,4925
49,4926
48,4927
1,4928
3,4928
45,4928
2,4930
5,4930
1,4931
28,4931
42,4931
2,4932
2,4934
58,4937
3,4938
28,4939
31,4942
21,4943
15,4944
57,4944
37,4948
3,4950
4,4952
31,4953
34,4953
5,4954
35,4954
4,4955
17,4955
47,4955
3,4956
53,4956
5,4957
6,4958
9,4962
25,4968
27,4971
45,4974
8,4975
56,4975
20,4977
45,4977
16,4979
50,4982
24,4985
40,4987
10,4988
26,4991
6,4993
49,4994
60,4995
49,4996
51,4999
39,5000
25,5001
37,5001
37,5005
23,5006
37,5009
21,5010
41,5011
15,5015
16,5018
20,5019
12,5024
30,5024
59,5025
26,5026
33,5026
8,5032
16,5032
12,5036
38,5047
5,5048
25,5048
14,5049
24,5051
3,5052
21,5052
35,5052
40,5052
4,5053
28,5054
31,5054
58,5054
4,5055
24,5055
3,5056
5,5057
5,5058
41,5060
40,5061
25,5062
26,5065
51,5065
21,5066
39,5066
48,5066
48,5069
8,5071
36,5072
3,5073
4,5074
25,5077
44,5077
5,5078
56,5079
57,5079
5,5080
38,5080
3,5081
4,5082
8,5087
47,5089
26,5091
56,5091
42,5093
10,5095
46,5097
7,5098
46,5098
14,5102
6,5104
57,5104
44,5105
24,5106
40,5110
27,5111
23,5113
33,5113
37,5118
25,5119
35,5120
59,5122
22,5123
50,5126
8,5130
55,5130
37,5132
56,5132
54,5135
51,5139
55,5139
13,5141
27,5142
55,5142
50,5144
49,5147
58,5149
30,5153
53,5153
9,5158
3,5159
15,5160
4,5161
10,5161
3,5163
5,5164
4,5166
23,5166
5,5167
51,5169
47,5172
53,5172
28,5174
46,5174
54,5174
46,5175
25,5177
5,5178
9,5179
28,5181
9,5184
51,5184
59,5185
58,5188
25,5189
27,5193
60,5194
36,5195
60,5196
9,5196
37,5196
25,5197
32,5198
58,5199
19,5202
27,5203
3,5204
1,5205
5,5206
32,5208
40,5208
2,5209
4,5210
3,5212
7,5213
9,5213
1,5215
5,5215
15,5215
1,5216
4,5216
2,5217
45,5217
2,5218
53,5218
26,5219
44,5219
30,5220
39,5222
58,5222
12,5225
17,5226
45,5227
50,5232
28,5233
7,5234
3,5237
35,5237
38,5238
40,5239
41,5239
60,5240
31,5243
54,5244
13,5245
56,5245
7,5247
13,5247
51,5248
45,5249
52,5249
14,5250
12,5251
15,5251
1,5252
1,5253
26,5253
29,5253
2,5255
1,5256
2,5257
2,5258
27,5258
12,5260
47,5261
26,5264
30,5266
53,5268
12,5269
30,5270
11,5277
19,5277
28,5277
30,5282
43,5283
11,5286
1,5287
22,5288
1,5290
30,5290
17,5292
40,5293
2,5294
42,5295
58,5295
2,5297
1,5298
26,5299
49,5299
2,5300
3,5300
48,5301
4,5302
58,5302
28,5303
3,5304
4,5305
20,5305
26,5305
58,5305
5,5306
5,5307
29,5308
45,5310
20,5311
39,5311
50,5312
38,5315
9,5316
51,5318
44,5319
37,5320
14,5321
56,5325
47,5326
38,5329
1,5333
26,5333
1,5334
40,5334
2,5335
2,5337
1,5338
2,5339
14,5342
43,5343
26,5347
56,5348
36,5352
52,5352
23,5354
32,5354
39,5355
39,5357
19,5362
40,5362
60,5363
31,5363
52,5366
49,5369
29,5370
18,5371
18,5372
27,5372
47,5373
17,5377
42,5377
56,5377
20,5380
21,5380
21,5382
18,5383
56,5385
11,5392
1,5393
2,5394
1,5395
57,5395
2,5396
57,5397
1,5398
2,5399
51,5399
52,5399
33,5400
22,5402
21,5403
47,5403
38,5404
35,5405
52,5406
42,5408
60,5410
6,5411
43,5413
45,5413
47,5413
56,5414
14,5423
40,5424
59,5425
17,5427
33,5430
59,5430
49,5432
59,5432
43,5434
26,5438
56,5439
48,5442
31,5443
8,5445
56,5446
59,5447
42,5449
56,5451
6,5452
39,5456
31,5457
60,5459
46,5459
1,5465
1,5466
44,5466
2,5467
14,5467
22,5467
56,5468
4,5469
8,5469
1,5470
6,5470
2,5471
2,5472
28,5472
8,5473
49,5473
17,5480
50,5481
3,5482
32,5482
19,5484
3,5487
29,5487
35,5487
4,5488
19,5489
5,5490
21,5490
3,5491
32,5491
53,5492
56,5492
43,5494
43,5495
44,5495
1,5496
15,5496
47,5496
58,5496
2,5497
5,5497
4,5499
1,5500
50,5500
57,5501
2,5502
1,5503
2,5504
9,5508
58,5510
28,5516
46,5518
52,5518
10,5522
25,5523
53,5523
6,5527
33,5531
2,5532
16,5532
34,5534
48,5536
35,5539
49,5541
53,5541
13,5544
12,5547
40,5547
1,5550
31,5550
8,5551
2,5552
56,5554
1,5555
2,5557
11,5559
32,5559
54,5559
1,5560
56,5560
2,5561
12,5562
20,5565
15,5566
39,5574
45,5575
30,5576
9,5578
49,5578
36,5579
44,5579
42,5582
43,5585
58,5585
43,5586
50,5588
3,5591
31,5591
1,5592
5,5592
1,5593
12,5594
2,5595
19,5596
2,5597
56,5597
1,5598
3,5598
2,5599
19,5599
35,5599
35,5600
5,5601
12,5601
16,5601
4,5603
14,5603
4,5604
15,5604
48,5604
33,5607
34,5607
3,5608
7,5609
5,5610
44,5612
57,5613
18,5618
57,5618
37,5623
49,5623
40,5624
14,5627
3,5630
4,5631
58,5631
5,5634
24,5635
54,5635
5,5636
3,5637
4,5638
24,5640
3,5641
4,5642
33,5642
10,5643
5,5644
6,5644
4,5647
3,5648
5,5649
1,5651
2,5652
1,5653
2,5654
25,5654
1,5655
2,5656
27,5656
49,5659
60,5660
15,5662
52,5662
11,5663
59,5664
14,5671
37,5671
33,5673
48,5674
46,5675
60,5682
26,5682
36,5684
43,5687
30,5688
16,5690
22,5691
33,5693
17,5694
57,5700
10,5702
12,5702
24,5703
44,5703
41,5707
52,5708
22,5710
15,5711
30,5712
34,5712
17,5719
18,5722
9,5723
28,5723
43,5723
32,5726
54,5728
15,5729
21,5729
36,5730
7,5733
53,5733
51,5736
3,5740
5,5742
17,5742
30,5742
4,5743
3,5744
11,5744
18,5744
4,5747
29,5747
5,5748
33,5750
10,5752
11,5752
13,5752
1,5754
2,5755
38,5755
39,5755
1,5756
17,5756
49,5757
2,5758
1,5759
39,5759
2,5760
7,5760
22,5760
11,5763
13,5763
15,5767
45,5767
54,5771
19,5776
39,5777
7,5778
50,5778
58,5779
24,5780
55,5780
8,5783
45,5783
16,5785
52,5785
18,5786
29,5787
35,5787
32,5795
43,5795
34,5801
26,5802
10,5803
14,5803
37,5803
3,5804
4,5805
14,5805
4,5807
5,5808
5,5809
53,5809
3,5810
42,5810
41,5811
1,5812
2,5814
1,5815
60,5817
1,5817
43,5817
47,5817
2,5819
53,5820
33,5821
2,5822
41,5822
47,5823
40,5824
51,5825
58,5826
17,5829
29,5830
47,5834
25,5836
33,5836
48,5841
7,5843
21,5846
44,5846
1,5848
29,5848
2,5849
1,5850
2,5851
43,5851
3,5852
1,5853
4,5853
2,5854
5,5854
52,5854
5,5855
3,5856
35,5856
28,5857
40,5857
47,5857
55,5858
4,5859
9,5861
7,5862
18,5862
19,5863
31,5864
9,5866
11,5866
39,5866
31,5867
50,5869
36,5871
26,5874
23,5878
47,5879
38,5880
52,5880
3,5883
23,5883
32,5885
34,5885
18,5890
32,5893
45,5894
12,5895
46,5898
41,5900
54,5903
20,5904
42,5905
3,5907
38,5909
10,5912
5,5913
4,5914
18,5916
3,5918
5,5919
4,5920
15,5922
1,5923
2,5924
23,5924
1,5925
1,5926
37,5926
55,5926
15,5927
2,5928
2,5929
41,5933
50,5933
44,5934
14,5937
31,5937
15,5938
32,5941
15,5942
52,5942
27,5944
54,5946
39,5947
7,5949
3,5953
20,5953
30,5953
5,5954
4,5955
4,5957
3,5958
49,5958
5,5959
40,5960
18,5961
3,5962
24,5962
59,5963
5,5964
45,5964
57,5965
6,5966
43,5966
9,5968
4,5969
3,5970
4,5971
45,5971
5,5973
50,5973
58,5974
8,5976
21,5976
1,5977
1,5978
2,5979
17,5979
53,5979
1,5980
2,5982
21,5982
2,5983
42,5985
53,5987
45,5991
1,5999
30,6000
2,6001
36,6002
38,6002
1,6003
22,6004
23,6004
2,6005
34,6005
1,6006
2,6007
14,6010
7,6012
8,6012
49,6020
21,6024
26,6031
1,6037
2,6038
20,6038
1,6039
15,6039
2,6040
56,6040
29,6041
55,6041
15,6042
1,6044
2,6045
9,6046
16,6051
17,6051
22,6051
41,6052
23,6053
30,6054
42,6055
51,6057
3,6060
26,6061
4,6062
5,6064
31,6065
5,6066
36,6066
51,6066
3,6069
4,6070
29,6070
33,6070
1,6073
1,6074
8,6074
24,6074
11,6075
2,6076
12,6076
2,6077
1,6078
2,6079
3,6080
5,6081
25,6081
4,6082
39,6082
51,6084
5,6085
17,6085
3,6086
59,6088
4,6089
16,6089
4,6091
56,6091
60,6092
1,6092
55,6093
20,6094
57,6096
1,6097
14,6098
16,6099
2,6101
31,6101
48,6101
2,6104
60,6105
1,6106
2,6107
25,6108
32,6108
35,6112
14,6113
39,6113
33,6114
16,6118
14,6119
26,6121
50,6121
6,6125
60,6126
23,6126
13,6129
48,6129
3,6132
10,6132
11,6132
33,6132
23,6134
22,6135
24,6135
18,6136
5,6138
5,6140
29,6140
4,6141
4,6142
32,6142
3,6145
44,6148
8,6151
32,6153
21,6155
58,6155
53,6159
31,6163
35,6163
37,6165
30,6169
46,6169
41,6170
30,6172
10,6181
14,6181
16,6185
1,6186
37,6186
55,6186
1,6189
2,6190
1,6191
42,6191
2,6193
2,6194
26,6195
15,6196
36,6198
46,6198
46,6199
21,6202
6,6208
49,6208
56,6209
12,6211
32,6211
54,6211
37,6214
59,6216
8,6218
57,6218
23,6223
1,6231
1,6232
2,6233
2,6234
51,6234
1,6235
33,6235
2,6236
42,6236
57,6236
11,6239
21,6242
44,6242
12,6247
40,6247
3,6248
42,6248
4,6249
7,6249
5,6250
3,6251
22,6252
43,6252
1,6253
1,6254
4,6254
6,6254
2,6255
5,6255
23,6255
2,6256
52,6256
1,6257
59,6257
13,6258
2,6259
9,6259
34,6261
1,6262
57,6262
1,6263
2,6264
11,6265
1,6268
2,6269
2,6271
29,6272
27,6273
22,6274
4,6275
32,6279
47,6280
57,6281
3,6283
5,6284
4,6285
1,6287
5,6287
1,6288
51,6288
2,6289
3,6289
15,6289
10,6290
20,6290
1,6291
4,6291
29,6291
2,6293
21,6293
41,6293
2,6294
53,6294
6,6295
50,6295
41,6296
20,6297
33,6297
35,6298
32,6299
57,6299
28,6300
54,6300
26,6301
6,6303
25,6303
57,6303
23,6304
28,6311
52,6312
16,6313
38,6313
16,6314
28,6314
48,6314
56,6314
46,6317
18,6318
38,6318
53,6318
33,6319
12,6321
11,6323
10,6326
44,6326
51,6326
32,6327
43,6327
14,6328
26,6328
32,6328
34,6328
47,6328
18,6331
31,6331
19,6332
33,6332
38,6332
17,6337
50,6340
40,6346
18,6348
12,6349
13,6355
21,6355
29,6356
56,6356
32,6358
38,6358
9,6359
25,6362
31,6364
33,6365
3,6366
23,6366
31,6366
4,6367
4,6368
5,6369
23,6370
3,6371
5,6373
6,6373
55,6373
30,6376
19,6378
54,6378
49,6382
1,6384
1,6385
2,6386
28,6386
2,6387
1,6388
18,6389
2,6390
60,6391
27,6392
42,6395
59,6395
14,6397
14,6399
12,6403
43,6403
33,6404
44,6405
49,6407
27,6409
59,6409
37,6411
10,6413
31,6415
10,6419
28,6419
9,6427
1,6428
9,6428
1,6429
50,6429
54,6429
10,6430
46,6430
2,6431
2,6435
27,6435
1,6436
51,6436
2,6437
35,6439
11,6442
57,6442
48,6443
1,6445
43,6445
2,6446
56,6447
15,6450
26,6450
48,6450
1,6451
1,6453
32,6454
35,6454
38,6454
2,6455
33,6455
2,6456
39,6456
52,6459
1,6461
1,6462
54,6462
2,6464
7,6464
2,6465
1,6467
2,6468
6,6472
44,6472
15,6476
58,6477
50,6479
8,6481
41,6481
3,6482
22,6485
4,6486
5,6487
3,6489
33,6490
5,6492
4,6493
12,6495
57,6497
26,6500
39,6500
41,6500
50,6504
29,6506
16,6507
19,6509
40,6511
50,6514
1,6519
2,6520
44,6520
1,6523
36,6523
1,6524
58,6525
2,6526
2,6527
60,6528
16,6530
43,6532
16,6535
17,6537
31,6537
4,6540
23,6541
26,6542
51,6542
45,6543
17,6546
38,6547
39,6547
19,6551
56,6551
6,6552
54,6558
59,6560
26,6562
60,6566
30,6566
5,6571
3,6572
22,6573
5,6574
35,6574
4,6575
50,6576
51,6576
3,6577
46,6578
5,6579
4,6580
11,6585
12,6587
19,6591
31,6591
44,6592
6,6595
45,6596
26,6597
36,6598
14,6599
59,6601
32,6602
27,6603
28,6606
47,6607
36,6608
50,6609
10,6610
39,6610
53,6611
47,6612
53,6612
3,6613
50,6614
29,6616
5,6617
4,6618
3,6619
1,6620
23,6621
37,6621
45,6621
4,6622
1,6623
5,6623
49,6625
2,6626
55,6627
1,6629
37,6630
2,6633
43,6633
2,6635
15,6637
55,6637
55,6638
28,6641
12,6645
53,6647
57,6648
48,6649
48,6653
15,6654
1,6657
15,6657
1,6659
19,6659
2,6660
2,6662
1,6663
2,6664
47,6664
21,6667
16,6668
23,6670
45,6674
12,6681
9,6684
16,6684
43,6685
51,6685
60,6687
17,6689
29,6689
36,6690
16,6693
22,6694
10,6695
19,6695
6,6700
26,6705
15,6707
6,6710
5,6712
20,6715
53,6715
56,6715
52,6716
18,6717
30,6721
31,6721
56,6722
37,6724
47,6724
51,6726
9,6728
9,6729
40,6729
58,6731
51,6733
59,6733
48,6735
50,6736
27,6740
13,6742
24,6743
48,6743
42,6747
21,6748
40,6748
6,6749
25,6749
40,6749
7,6753
18,6754
46,6754
4,6759
42,6759
56,6760
16,6761
31,6765
10,6767
54,6767
31,6769
40,6771
29,6773
20,6776
51,6778
22,6779
30,6779
46,6781
51,6781
8,6784
55,6786
35,6792
12,6795
26,6796
3,6801
16,6801
5,6802
36,6803
50,6803
5,6804
4,6805
19,6805
12,6806
13,6807
4,6808
3,6809
51,6810
11,6811
24,6811
14,6815
51,6817
12,6819
34,6820
35,6823
56,6826
59,6828
3,6829
4,6830
3,6831
4,6832
5,6834
5,6835
15,6837
56,6838
12,6839
18,6842
19,6842
10,6844
8,6845
21,6845
31,6846
38,6846
58,6849
30,6850
60,6851
3,6851
5,6852
17,6853
52,6853
56,6855
5,6856
12,6856
4,6858
4,6859
3,6860
49,6860
11,6862
25,6862
37,6863
32,6866
43,6866
56,6867
29,6868
36,6874
44,6875
11,6876
50,6878
52,6883
54,6884
43,6886
53,6887
35,6888
29,6890
31,6892
40,6892
19,6894
3,6895
1,6899
4,6900
37,6900
5,6901
47,6901
4,6902
20,6903
3,6904
48,6904
60,6905
5,6905
13,6906
32,6908
8,6911
39,6911
48,6911
11,6912
30,6912
8,6913
11,6914
43,6917
10,6918
23,6918
40,6919
54,6921
56,6921
29,6923
56,6927
40,6928
16,6932
18,6932
35,6933
52,6937
52,6940
17,6941
38,6941
49,6942
6,6943
11,6944
1,6948
18,6948
1,6949
30,6949
2,6950
48,6950
1,6951
10,6951
54,6951
1,6952
43,6952
2,6953
2,6955
54,6956
9,6962
19,6963
57,6963
40,6965
52,6966
10,6970
17,6971
11,6972
1,6973
2,6974
1,6975
2,6977
30,6977
1,6978
50,6978
52,6978
12,6979
16,6979
18,6979
14,6980
9,6982
2,6983
36,6985
60,6987
3,6993
4,6995
41,6996
4,6997
15,6997
6,6998
16,7000
18,7000
39,7000
5,7001
5,7002
3,7003
20,7005
50,7006
35,7010
3,7012
5,7013
50,7013
4,7014
48,7015
3,7016
4,7017
6,7018
5,7019
28,7021
31,7021
17,7024
29,7028
37,7031
44,7031
20,7032
2,7036
7,7038
35,7038
55,7038
38,7041
39,7042
50,7044
39,7046
54,7047
7,7050
41,7050
11,7057
32,7058
23,7063
56,7064
1,7066
45,7067
2,7069
26,7069
48,7069
49,7070
36,7071
12,7073
1,7076
1,7077
42,7077
2,7078
2,7079
25,7079
39,7082
55,7082
30,7083
6,7085
23,7086
34,7086
1,7087
59,7087
2,7089
3,7089
1,7090
4,7090
1,7091
5,7091
2,7092
4,7092
54,7093
2,7094
3,7095
8,7096
33,7096
60,7097
5,7101
37,7101
38,7101
11,7106
18,7107
28,7109
1,7110
2,7111
21,7111
41,7112
56,7112
1,7114
31,7114
48,7114
35,7115
2,7116
1,7117
22,7117
11,7118
2,7120
3,7122
5,7123
4,7125
4,7126
3,7127
11,7127
5,7128
16,7131
31,7132
34,7134
58,7134
27,7140
22,7141
57,7144
28,7145
12,7147
52,7147
41,7149
16,7153
11,7154
1,7159
15,7159
2,7160
18,7160
48,7160
54,7160
1,7161
32,7161
2,7162
1,7164
33,7164
52,7164
2,7165
12,7165
30,7166
20,7168
1,7169
27,7169
41,7169
47,7169
2,7170
29,7171
1,7173
2,7175
1,7176
40,7176
2,7177
58,7177
15,7178
38,7179
44,7179
11,7185
23,7185
24,7187
28,7187
39,7187
6,7188
54,7192
57,7199
45,7201
38,7204
41,7205
4,7207
34,7207
38,7207
29,7208
36,7210
49,7211
55,7211
34,7212
12,7215
29,7215
37,7217
56,7217
37,7220
8,7222
18,7222
56,7223
18,7226
35,7226
41,7228
3,7229
18,7229
4,7231
3,7232
5,7233
57,7233
5,7234
4,7235
3,7239
19,7239
39,7239
4,7240
20,7240
4,7241
5,7242
5,7243
50,7243
3,7244
3,7245
9,7245
36,7245
45,7245
47,7245
5,7247
17,7247
5,7248
27,7248
41,7248
4,7249
29,7249
1,7251
4,7251
39,7251
21,7252
49,7252
2,7253
3,7253
41,7253
19,7254
1,7255
12,7255
2,7256
53,7256
1,7257
2,7259
48,7259
55,7259
30,7260
50,7260
13,7261
54,7263
50,7264
12,7270
22,7270
41,7276
29,7277
3,7280
35,7281
54,7281
30,7282
47,7282
5,7283
33,7283
5,7285
7,7285
18,7285
4,7286
25,7286
3,7287
20,7288
37,7288
42,7288
4,7290
11,7291
35,7294
46,7294
4,7297
45,7297
2,7298
52,7305
53,7305
43,7308
49,7308
34,7311
51,7316
28,7318
9,7321
58,7321
1,7323
2,7324
37,7324
44,7324
1,7325
24,7325
25,7325
38,7325
1,7327
28,7327
57,7327
2,7328
20,7328
46,7328
1,7330
52,7330
56,7330
2,7331
42,7332
12,7334
19,7334
23,7335
39,7335
54,7336
39,7337
20,7338
36,7338
14,7339
17,7340
23,7340
12,7343
53,7343
16,7344
13,7351
3,7353
13,7354
5,7355
34,7356
35,7356
5,7357
27,7359
4,7360
18,7360
3,7361
4,7362
21,7368
24,7369
46,7370
43,7371
57,7378
6,7379
3,7380
5,7381
7,7382
5,7386
4,7387
43,7388
27,7389
4,7390
5,7391
27,7392
3,7393
14,7397
52,7397
23,7399
24,7399
32,7399
45,7401
28,7403
37,7403
54,7403
55,7404
50,7406
3,7407
4,7408
24,7408
53,7408
5,7409
3,7410
20,7410
27,7410
35,7410
4,7412
5,7413
46,7414
46,7415
52,7417
23,7419
7,7422
40,7423
50,7423
30,7427
52,7429
57,7429
37,7430
22,7434
41,7434
1,7435
2,7436
1,7437
15,7437
34,7437
2,7439
55,7441
1,7443
22,7443
33,7443
2,7444
53,7444
5,7445
6,7446
26,7454
19,7457
21,7457
36,7458
14,7459
52,7460
34,7468
36,7469
20,7470
17,7471
8,7477
60,7479
10,7479
3,7480
4,7482
18,7482
3,7484
4,7485
33,7485
27,7486
5,7487
5,7489
45,7489
1,7490
1,7491
53,7491
2,7493
2,7494
1,7496
2,7497
29,7498
32,7500
47,7500
50,7502
18,7505
14,7506
12,7507
3,7508
54,7508
4,7510
57,7511
5,7512
5,7513
3,7514
23,7514
4,7516
53,7516
59,7517
52,7519
39,7520
41,7521
20,7522
49,7522
13,7523
16,7523
34,7527
49,7528
17,7532
18,7532
59,7533
7,7534
53,7539
1,7545
10,7546
38,7546
2,7548
24,7548
12,7550
14,7550
1,7551
15,7551
2,7552
53,7553
1,7554
60,7556
57,7557
2,7559
11,7562
39,7563
15,7565
6,7566
8,7566
21,7567
51,7569
20,7571
55,7579
12,7582
14,7582
42,7583
3,7584
4,7585
35,7585
3,7586
4,7587
45,7587
5,7588
17,7588
13,7589
28,7590
5,7592
3,7593
5,7594
4,7595
28,7596
38,7596
4,7597
3,7598
5,7600
15,7604
30,7606
51,7607
32,7608
9,7610
10,7612
38,7613
50,7613
40,7614
37,7617
13,7618
55,7624
6,7626
37,7630
6,7635
8,7636
27,7636
49,7636
19,7637
26,7638
55,7638
1,7639
7,7640
2,7641
43,7642
53,7642
10,7643
12,7643
45,7643
37,7644
1,7645
1,7646
2,7649
45,7649
2,7650
37,7653
1,7655
45,7655
2,7656
59,7656
29,7657
1,7658
1,7659
42,7659
60,7660
2,7661
2,7662
18,7662
1,7664
2,7666
1,7667
1,7668
2,7669
2,7670
27,7670
31,7670
40,7672
14,7673
3,7687
12,7688
35,7688
4,7690
32,7690
33,7691
47,7691
4,7692
21,7692
5,7693
41,7693
3,7694
5,7696
48,7696
41,7697
29,7699
7,7701
23,7702
42,7704
45,7705
25,7706
12,7714
55,7714
9,7721
11,7721
11,7722
46,7722
52,7722
58,7722
54,7724
17,7725
42,7725
54,7725
23,7726
42,7728
37,7729
27,7735
16,7738
42,7740
3,7741
4,7742
5,7743
30,7743
3,7744
56,7744
5,7747
4,7750
45,7753
18,7754
7,7755
30,7755
7,7756
19,7756
26,7758
49,7758
53,7758
48,7759
50,7761
13,7762
5,7764
1,7765
2,7766
8,7768
22,7768
48,7769
1,7770
33,7770
2,7771
1,7772
2,7773
52,7773
1,7775
1,7776
57,7777
2,7778
7,7779
29,7781
1,7783
2,7784
56,7784
26,7785
2,7788
34,7788
15,7792
44,7796
29,7797
37,7797
14,7798
21,7799
45,7801
20,7802
9,7803
50,7803
30,7804
6,7805
18,7807
44,7810
16,7812
1,7813
28,7813
2,7814
37,7814
1,7815
3,7819
1,7820
5,7820
2,7821
2,7822
5,7822
4,7823
21,7823
30,7823
4,7824
44,7824
3,7825
28,7826
59,7826
12,7829
38,7831
45,7833
34,7835
54,7835
6,7837
16,7837
47,7839
15,7842
53,7842
7,7844
57,7844
59,7844
3,7847
46,7847
54,7848
4,7849
10,7849
4,7850
5,7851
40,7851
45,7851
3,7853
12,7854
18,7854
41,7854
19,7855
23,7855
5,7857
32,7857
44,7858
50,7858
54,7858
49,7860
24,7863
29,7863
14,7866
33,7866
6,7868
28,7868
8,7869
19,7869
14,7872
10,7873
3,7877
8,7877
12,7878
41,7878
42,7879
51,7879
4,7880
5,7881
5,7884
4,7885
3,7886
8,7886
15,7890
17,7890
22,7890
58,7890
15,7895
56,7895
24,7898
7,7899
55,7899
59,7899
17,7901
27,7904
25,7908
42,7908
8,7910
12,7910
60,7911
22,7911
12,7912
31,7913
11,7914
20,7915
59,7915
57,7918
9,7919
53,7919
55,7921
48,7929
38,7930
29,7931
19,7940
46,7942
47,7943
48,7944
1,7946
51,7947
10,7948
56,7951
3,7952
5,7953
4,7954
20,7954
16,7955
28,7956
46,7956
3,7957
5,7958
24,7958
36,7959
4,7961
11,7962
47,7966
11,7968
17,7968
15,7970
28,7970
22,7973
36,7979
43,7979
27,7983
29,7985
40,7985
11,7987
52,7987
59,7989
1,7990
17,7990
28,7990
1,7991
2,7992
56,7992
11,7993
18,7995
1,7996
35,7997
2,7998
57,7998
2,7999
42,7999
44,7999
46,7999
25,8000
34,8000
41,8000
16,8001
54,8001
2,8003
43,8004
51,8006
1,8007
2,8008
27,8008
38,8008
1,8009
58,8009
30,8010
2,8011
1,8013
2,8014
49,8014
2,8016
46,8016
46,8017
6,8024
12,8025
47,8026
13,8027
34,8027
52,8027
30,8029
20,8030
41,8030
1,8031
46,8031
1,8032
2,8033
2,8034
46,8034
1,8037
38,8038
6,8040
13,8040
2,8041
33,8041
15,8044
3,8049
4,8050
23,8050
25,8050
4,8051
5,8052
43,8052
3,8053
5,8054
54,8056
1,8058
3,8058
1,8059
2,8060
18,8060
51,8060
21,8061
2,8062
5,8062
1,8063
5,8063
15,8063
58,8064
2,8065
4,8065
37,8066
4,8067
55,8067
3,8068
54,8069
23,8070
56,8072
36,8074
28,8075
46,8076
50,8077
3,8078
4,8079
19,8079
5,8080
4,8084
3,8085
17,8086
5,8087
26,8087
37,8088
49,8092
29,8093
24,8103
42,8104
18,8108
55,8109
18,8110
50,8111
25,8114
14,8115
27,8118
55,8118
20,8119
34,8120
48,8120
60,8123
17,8123
13,8125
33,8125
30,8126
1,8129
1,8130
10,8130
2,8132
10,8132
32,8132
45,8132
1,8133
2,8134
2,8135
52,8136
10,8138
25,8142
6,8143
51,8143
54,8143
36,8149
1,8152
11,8153
12,8154
2,8155
1,8157
2,8158
55,8159
15,8160
1,8162
18,8162
56,8162
2,8163
30,8164
60,8165
43,8167
51,8168
9,8169
55,8170
56,8170
46,8171
30,8172
20,8173
52,8177
40,8179
51,8183
37,8186
46,8186
53,8186
43,8189
60,8190
12,8192
41,8192
54,8193
58,8193
15,8195
23,8196
12,8198
51,8198
3,8201
5,8202
5,8203
38,8203
19,8206
24,8206
4,8207
15,8207
54,8207
56,8210
1,8212
3,8212
43,8212
56,8212
1,8213
4,8213
2,8214
25,8214
1,8215
51,8216
51,8218
2,8219
54,8223
2,8224
10,8226
34,8227
1,8229
37,8229
2,8230
14,8230
1,8232
10,8232
55,8232
1,8233
2,8234
31,8234
2,8235
10,8235
9,8238
29,8241
37,8241
40,8242
3,8243
50,8248
51,8249
3,8254
4,8257
5,8258
15,8258
41,8258
13,8259
44,8260
3,8261
42,8261
5,8263
24,8264
56,8264
4,8265
39,8266
41,8267
6,8268
7,8268
48,8270
51,8270
24,8274
39,8274
17,8279
18,8279
8,8283
17,8286
24,8286
3,8290
19,8291
23,8292
5,8293
29,8293
34,8293
4,8294
55,8294
42,8295
4,8297
5,8298
51,8298
3,8299
53,8302
3,8303
42,8303
4,8304
28,8304
5,8306
22,8306
4,8307
5,8308
3,8309
24,8309
23,8314
36,8315
19,8316
28,8320
35,8320
19,8326
23,8328
24,8328
6,8330
32,8330
42,8330
49,8330
36,8331
19,8332
36,8332
48,8333
50,8338
30,8340
57,8340
3,8341
36,8341
4,8342
5,8343
45,8344
4,8345
21,8345
5,8346
3,8347
18,8347
17,8348
51,8349
1,8352
54,8352
1,8353
28,8353
2,8354
41,8354
2,8355
41,8355
26,8356
1,8358
3,8358
2,8359
40,8362
1,8363
4,8363
19,8363
2,8364
5,8364
8,8364
1,8366
3,8367
2,8368
41,8368
54,8368
1,8369
5,8369
39,8369
54,8369
2,8370
4,8370
21,8372
10,8374
10,8375
28,8375
22,8376
29,8376
58,8380
22,8383
43,8385
55,8386
34,8390
37,8390
36,8391
13,8392
9,8394
59,8397
31,8400
41,8400
57,8402
47,8403
58,8405
6,8411
22,8411
6,8419
20,8420
32,8422
2,8428
12,8428
47,8436
51,8439
5,8440
1,8445
1,8446
47,8446
2,8447
2,8448
50,8448
1,8449
11,8449
22,8449
51,8449
2,8451
29,8451
51,8452
1,8454
1,8455
2,8456
1,8457
2,8458
2,8460
19,8460
10,8464
41,8465
17,8467
19,8473
20,8473
36,8473
51,8475
24,8480
40,8482
19,8483
41,8484
15,8487
57,8487
34,8489
27,8490
55,8491
26,8495
23,8496
15,8498
9,8501
17,8501
46,8502
14,8504
56,8505
31,8507
24,8508
40,8514
28,8515
3,8516
4,8517
5,8518
9,8518
23,8518
14,8519
4,8520
3,8522
10,8522
37,8523
5,8524
43,8524
42,8525
16,8527
25,8527
30,8527
5,8528
11,8528
54,8531
55,8531
9,8532
11,8532
38,8533
29,8534
31,8534
1,8535
2,8536
1,8538
2,8539
43,8540
1,8541
20,8541
25,8541
53,8541
2,8542
37,8545
50,8547
46,8549
53,8550
16,8552
10,8558
9,8559
52,8566
51,8567
53,8568
20,8569
30,8570
53,8570
39,8571
37,8572
39,8573
39,8577
45,8578
8,8579
9,8579
18,8590
29,8590
60,8594
29,8596
41,8599
30,8600
34,8600
34,8602
35,8602
48,8602
36,8603
29,8605
46,8607
31,8608
56,8611
54,8614
14,8617
47,8621
50,8621
51,8621
33,8622
46,8623
13,8625
32,8627
58,8627
3,8629
38,8629
43,8630
49,8630
5,8631
46,8632
4,8633
50,8633
4,8637
5,8638
3,8640
30,8640
35,8642
1,8643
1,8644
3,8645
5,8647
2,8648
16,8648
1,8649
4,8649
2,8650
38,8650
2,8651
5,8651
26,8651
4,8652
3,8655
44,8659
23,8662
31,8663
27,8664
49,8664
54,8664
27,8666
60,8669
6,8670
37,8674
50,8677
3,8679
51,8680
4,8681
19,8681
4,8683
14,8683
5,8684
14,8684
55,8684
3,8688
5,8690
54,8691
6,8692
17,8696
6,8698
28,8698
54,8698
41,8701
45,8702
22,8703
43,8703
51,8704
17,8709
31,8709
47,8709
21,8711
59,8714
30,8715
52,8716
16,8722
33,8724
26,8726
6,8729
19,8731
44,8731
13,8732
27,8732
55,8735
10,8736
3,8737
46,8737
4,8739
10,8739
5,8740
4,8741
21,8741
5,8742
3,8744
28,8744
24,8745
3,8746
5,8747
4,8748
34,8748
4,8749
3,8750
6,8750
5,8751
42,8752
44,8752
58,8757
35,8760
32,8761
49,8763
25,8767
3,8769
4,8771
5,8772
8,8772
4,8773
5,8774
52,8775
3,8776
26,8776
7,8778
26,8779
34,8779
50,8779
15,8781
33,8781
29,8782
48,8783
57,8784
20,8785
24,8787
43,8787
26,8790
53,8791
18,8796
15,8797
34,8799
55,8802
23,8804
42,8804
15,8805
22,8810
43,8810
29,8812
27,8814
37,8817
5,8818
38,8818
57,8821
5,8827
56,8827
38,8828
26,8837
34,8837
18,8838
34,8842
56,8842
57,8842
27,8844
2,8845
17,8845
3,8846
4,8847
3,8848
12,8848
48,8848
4,8850
5,8851
7,8851
56,8853
5,8854
29,8856
12,8858
41,8859
32,8860
42,8862
8,8864
39,8864
22,8865
21,8867
46,8870
1,8871
30,8871
47,8871
1,8872
2,8873
8,8873
1,8874
2,8875
53,8876
2,8879
42,8884
14,8886
33,8887
12,8888
36,8888
55,8889
30,8890
27,8893
31,8893
32,8896
48,8896
21,8898
31,8898
55,8899
1,8900
2,8901
1,8902
32,8902
43,8902
5,8904
2,8905
21,8905
42,8905
55,8905
1,8906
18,8906
2,8907
46,8908
45,8909
48,8912
59,8912
37,8913
12,8915
25,8915
37,8915
47,8916
17,8920
41,8921
29,8922
52,8924
30,8925
21,8929
29,8929
1,8930
38,8930
1,8931
57,8931
2,8932
29,8932
2,8934
16,8934
1,8935
2,8936
42,8939
16,8941
25,8944
41,8945
24,8948
31,8950
25,8951
57,8951
19,8955
1,8957
2,8958
1,8959
8,8960
2,8962
19,8962
1,8963
54,8963
60,8964
6,8965
2,8966
49,8967
43,8968
13,8970
18,8971
60,8972
25,8972
28,8972
38,8973
1,8974
56,8975
2,8976
13,8976
1,8978
49,8978
1,8979
2,8980
3,8980
2,8981
14,8982
2,8986
22,8986
3,8991
20,8992
5,8994
53,8994
5,8996
23,8996
30,8996
4,8997
11,8997
27,8997
3,8998
4,8999
43,9000
38,9003
55,9004
33,9009
47,9010
13,9011
50,9014
33,9016
57,9016
43,9018
38,9019
15,9023
59,9024
42,9026
10,9027
52,9029
41,9030
49,9031
9,9032
2,9033
58,9036
45,9037
38,9038
35,9040
7,9043
40,9043
27,9047
22,9048
22,9049
16,9050
6,9051
41,9051
29,9052
3,9054
5,9056
9,9056
46,9056
7,9057
35,9057
4,9058
3,9059
42,9059
5,9060
35,9060
4,9061
32,9065
45,9065
15,9067
38,9067
27,9071
60,9072
34,9073
1,9075
1,9076
23,9076
20,9077
2,9078
10,9078
1,9079
3,9079
47,9079
2,9080
4,9080
5,9081
4,9082
2,9083
5,9084
36,9084
3,9086
33,9089
10,9090
33,9091
35,9091
50,9095
8,9101
31,9102
12,9103
59,9103
7,9106
30,9110
42,9111
44,9111
57,9113
15,9114
10,9116
14,9116
31,9118
28,9123
58,9125
44,9126
56,9127
1,9128
1,9129
23,9129
2,9131
21,9131
12,9132
54,9133
37,9134
2,9135
1,9136
2,9137
50,9137
23,9139
60,9142
1,9143
54,9144
3,9145
32,9145
1,9146
2,9147
4,9147
1,9148
14,9148
36,9148
2,9149
5,9151
2,9152
3,9152
4,9153
5,9154
6,9156
16,9157
38,9158
29,9159
50,9163
41,9168
8,9169
60,9172
30,9174
51,9176
60,9180
46,9182
46,9183
25,9185
57,9187
8,9189
57,9190
41,9191
9,9192
7,9194
45,9194
26,9199
30,9200
44,9202
45,9202
57,9204
59,9204
22,9206
25,9206
25,9209
27,9209
11,9210
21,9211
5,9212
27,9213
23,9216
54,9219
11,9220
51,9220
26,9223
17,9224
59,9226
26,9227
52,9227
41,9230
15,9231
38,9233
41,9233
46,9235
6,9240
57,9241
18,9242
6,9243
16,9243
48,9243
24,9244
1,9245
2,9246
1,9247
2,9248
1,9249
2,9250
13,9250
16,9252
55,9253
52,9255
55,9255
60,9259
55,9259
19,9260
21,9260
32,9262
8,9267
9,9267
36,9269
28,9270
27,9272
16,9273
23,9274
9,9276
26,9276
16,9277
7,9279
10,9279
37,9279
44,9279
43,9280
35,9285
39,9285
59,9285
36,9286
16,9287
41,9287
16,9288
25,9288
16,9291
11,9292
49,9298
19,9299
1,9302
34,9302
53,9302
2,9305
42,9305
9,9307
1,9308
15,9309
2,9311
1,9312
2,9313
14,9316
25,9317
11,9321
17,9321
48,9322
16,9323
56,9325
49,9330
16,9332
34,9334
42,9334
1,9340
2,9342
55,9342
59,9342
1,9343
1,9344
1,9345
2,9347
7,9348
8,9349
30,9349
2,9350
6,9351
20,9351
27,9352
14,9353
24,9353
48,9357
8,9361
45,9370
38,9372
44,9372
1,9375
30,9377
46,9377
1,9378
2,9379
22,9379
49,9379
1,9380
2,9381
16,9381
2,9383
53,9383
3,9385
52,9386
13,9387
36,9388
17,9390
47,9390
6,9392
6,9394
58,9394
11,9396
36,9396
3,9397
5,9398
56,9398
5,9399
40,9399
4,9400
37,9400
3,9401
4,9402
38,9402
43,9406
13,9407
18,9408
34,9409
58,9411
10,9416
23,9420
1,9421
1,9422
4,9423
46,9423
2,9424
1,9425
2,9426
2,9427
35,9428
9,9429
38,9430
31,9431
58,9432
44,9434
58,9436
40,9441
59,9441
33,9443
3,9445
4,9446
3,9447
49,9447
4,9448
5,9449
15,9449
5,9450
29,9452
3,9454
38,9454
4,9455
3,9456
24,9456
5,9457
44,9457
4,9459
34,9459
9,9462
20,9462
5,9464
7,9466
27,9466
40,9468
14,9470
52,9470
58,9470
9,9471
11,9471
50,9471
17,9472
12,9474
13,9475
37,9477
14,9478
35,9478
24,9480
32,9486
46,9486
24,9487
13,9491
8,9493
5,9494
60,9495
35,9497
42,9497
56,9497
10,9498
11,9500
1,9503
14,9505
3,9506
18,9506
1,9508
2,9510
1,9511
55,9511
5,9512
23,9513
2,9514
2,9516
4,9516
26,9516
5,9517
4,9518
3,9519
48,9519
10,9520
54,9522
35,9523
28,9525
27,9526
43,9526
15,9527
17,9527
16,9528
11,9529
49,9530
21,9534
44,9538
3,9539
24,9539
5,9540
10,9540
41,9540
14,9541
31,9541
34,9541
60,9542
4,9542
5,9543
44,9544
3,9546
4,9547
17,9549
29,9549
3,9550
5,9551
37,9552
57,9554
4,9555
4,9556
42,9556
57,9556
5,9558
3,9559
22,9565
3,9567
5,9568
4,9571
5,9572
22,9572
7,9573
4,9575
26,9575
3,9576
60,9578
54,9578
43,9580
59,9580
52,9585
40,9586
53,9593
13,9595
33,9597
10,9598
3,9599
57,9599
5,9601
60,9602
4,9602
3,9604
5,9605
15,9605
4,9606
45,9613
10,9614
39,9619
18,9620
29,9622
28,9623
3,9625
4,9627
3,9628
35,9628
5,9629
5,9630
4,9631
9,9632
13,9632
23,9632
30,9632
3,9633
10,9633
13,9633
2,9634
46,9634
4,9635
53,9635
3,9638
37,9638
5,9639
30,9640
39,9640
4,9641
12,9641
15,9641
5,9642
38,9642
18,9644
24,9648
14,9649
51,9652
17,9655
12,9658
19,9659
17,9662
59,9662
58,9663
55,9665
34,9669
58,9670
20,9671
31,9673
53,9675
7,9676
33,9676
12,9677
20,9679
60,9681
14,9686
34,9690
1,9692
52,9692
2,9693
1,9694
58,9694
1,9695
2,9696
9,9696
22,9696
2,9697
39,9698
8,9700
38,9700
43,9702
35,9705
19,9706
21,9706
50,9707
52,9711
15,9714
16,9717
39,9718
59,9719
34,9720
44,9724
17,9728
52,9728
60,9731
10,9732
45,9732
10,9739
26,9740
55,9740
59,9743
38,9744
43,9744
12,9745
58,9748
46,9752
9,9754
56,9755
19,9756
23,9756
53,9757
58,9757
52,9760
1,9761
19,9761
9,9762
30,9762
2,9764
21,9764
1,9765
7,9765
34,9766
57,9766
2,9768
24,9768
25,9768
1,9769
55,9769
2,9771
34,9771
17,9773
43,9775
55,9780
43,9781
35,9785
36,9787
32,9789
60,9794
7,9796
19,9797
37,9797
14,9799
18,9799
24,9800
46,9800
24,9801
30,9802
16,9803
58,9803
48,9805
57,9809
37,9811
10,9812
18,9812
58,9813
13,9814
26,9816
51,9816
1,9817
1,9818
21,9819
2,9820
15,9820
38,9820
44,9821
2,9824
1,9827
8,9827
18,9827
28,9828
59,9829
2,9831
48,9833
46,9834
33,9836
22,9837
24,9838
60,9840
6,9842
58,9842
56,9844
35,9845
40,9845
13,9847
40,9847
22,9849
7,9854
11,9854
40,9855
51,9855
29,9857
25,9859
30,9859
38,9860
1,9861
1,9862
9,9862
1,9863
35,9863
58,9864
44,9865
2,9866
2,9867
1,9869
2,9870
17,9870
29,9872
45,9873
6,9875
14,9876
23,9878
19,9883
52,9886
35,9887
22,9888
30,9890
17,9895
34,9899
38,9899
38,9901
24,9902
26,9903
54,9905
20,9909
27,9909
35,9909
37,9909
29,9911
31,9911
6,9912
20,9915
57,9917
46,9918
8,9925
21,9925
41,9925
56,9929
27,9930
9,9932
37,9934
6,9935
30,9936
54,9936
12,9939
53,9939
54,9941
42,9944
55,9946
46,9947
41,9948
59,9948
8,9949
13,9950
49,9950
3,9951
4,9952
44,9952
5,9953
5,9954
22,9954
35,9954
4,9955
18,9956
3,9957
12,9961
48,9966
43,9967
13,9970
43,9971
12,9972
38,9972
36,9973
38,9974
54,9974
32,9975
20,9976
46,9976
12,9978
21,9978
34,9979
17,9984
35,9985
44,9987
54,9991
25,9993
31,9995
41,9996
38,9998
8,9999
