37,2
10,5
2,9
40,9
50,9
52,9
2,10
33,10
49,12
11,14
60,22
42,22
25,24
27,25
16,26
40,26
6,31
15,31
1,32
2,33
19,33
22,34
27,37
6,38
2,39
3,40
4,42
1,43
51,43
3,45
39,46
5,47
43,47
44,47
49,47
1,48
2,49
4,49
34,49
58,49
2,50
5,51
58,56
40,57
44,58
1,63
31,63
1,64
2,65
36,65
2,66
20,66
13,67
40,67
1,68
2,69
28,71
30,72
42,73
52,73
54,73
6,75
30,75
56,79
32,83
36,83
1,90
2,91
1,92
51,92
38,93
30,94
2,95
22,95
9,97
1,99
23,99
59,99
2,100
19,100
33,101
26,105
23,106
39,106
42,112
59,112
23,113
15,116
8,121
53,121
29,123
31,123
9,124
59,125
38,128
40,128
55,129
12,132
10,134
31,134
56,138
58,143
47,144
48,144
13,146
37,148
55,149
1,151
57,152
2,154
25,155
1,156
2,157
27,157
1,158
2,159
54,161
17,162
50,165
57,179
13,181
33,183
44,183
16,192
33,193
12,199
30,199
57,200
3,203
60,206
1,206
27,206
43,206
1,207
54,207
2,208
1,209
19,209
24,209
19,210
2,211
2,213
19,213
31,216
37,216
50,216
10,217
37,219
43,220
58,222
19,224
59,224
22,225
25,226
1,227
2,228
48,228
50,228
1,229
20,229
43,229
2,231
20,231
30,231
1,232
2,233
28,235
25,240
18,241
23,241
23,244
51,245
33,246
43,251
14,258
30,260
34,261
50,265
31,270
19,271
46,272
55,277
17,280
48,282
57,283
34,284
14,285
1,294
21,297
39,299
20,301
44,302
45,302
58,302
38,305
6,307
30,307
3,308
40,310
4,311
50,314
3,315
5,316
5,318
34,318
4,320
49,320
6,321
60,322
48,322
50,322
40,325
15,329
50,331
26,332
24,333
14,335
6,336
8,336
23,341
29,341
26,342
35,344
44,344
46,345
11,347
23,349
31,349
41,352
44,353
54,353
40,358
29,360
19,362
37,363
40,363
47,363
45,365
55,365
34,366
53,367
3,368
12,368
60,370
57,370
4,371
5,372
4,374
3,375
5,376
41,376
46,376
50,376
55,376
57,376
14,379
41,382
1,385
44,387
51,389
1,391
20,391
21,391
2,393
44,394
1,397
30,397
34,398
2,399
11,401
2,403
48,403
21,404
46,410
50,410
35,411
6,412
25,413
23,415
44,419
47,421
27,423
6,427
16,430
34,430
42,430
29,431
51,431
1,432
2,434
55,435
57,435
1,437
3,437
1,438
4,438
48,438
2,439
5,439
46,439
2,440
5,444
12,444
13,444
4,445
3,446
8,448
55,449
9,454
26,455
14,456
41,458
47,458
29,460
34,463
58,464
9,465
32,465
40,465
45,465
17,467
10,473
30,474
57,474
60,478
18,483
3,484
5,485
5,486
4,487
4,488
3,489
1,491
25,495
1,497
1,498
12,498
2,500
18,500
34,500
6,501
47,502
2,503
41,503
32,504
51,505
1,507
2,508
50,508
1,511
7,511
26,512
1,513
44,513
2,514
1,516
2,517
3,517
43,517
14,518
5,519
4,520
9,520
2,521
3,522
5,524
2,525
4,525
53,525
17,527
37,529
58,530
22,532
31,534
3,536
43,537
43,538
18,539
29,540
37,543
48,543
15,545
53,545
13,546
9,547
1,548
2,550
34,550
1,551
17,552
30,552
2,553
47,554
1,557
2,558
3,558
17,559
60,561
5,562
4,563
30,563
3,564
30,564
54,564
5,565
4,566
52,567
55,567
24,569
59,569
58,570
6,572
21,572
51,572
15,574
35,575
59,575
48,576
9,577
25,577
16,580
41,580
17,581
18,581
48,581
16,586
8,587
25,590
39,592
18,594
7,595
2,598
38,598
25,601
39,603
36,605
43,608
47,609
8,610
47,611
49,615
50,615
44,616
3,618
54,618
4,620
15,621
5,622
43,622
3,623
12,624
54,624
26,625
4,626
27,626
5,627
10,627
17,627
32,628
55,630
48,631
8,635
44,636
54,636
7,637
48,638
1,639
1,640
29,640
5,641
2,642
2,643
55,644
1,645
38,645
57,645
60,646
2,646
3,647
4,648
29,648
4,650
3,651
5,652
40,652
5,654
21,656
21,659
8,663
52,664
3,666
37,666
5,668
59,668
4,669
37,669
6,670
32,672
16,673
48,673
4,674
3,675
34,677
5,678
20,678
41,678
26,681
18,682
6,683
23,684
36,684
12,686
48,687
32,688
45,691
16,692
49,692
37,694
36,696
53,698
25,699
6,700
6,702
29,702
38,705
39,710
60,713
20,713
51,713
28,714
49,715
34,716
48,718
15,722
45,722
51,723
38,725
10,726
28,726
45,726
42,727
43,730
22,732
41,734
59,734
29,736
10,739
19,740
44,740
59,740
10,741
28,741
16,744
1,746
45,746
58,747
2,748
1,749
1,750
33,750
40,750
45,752
49,752
17,754
25,754
33,754
34,754
2,755
2,756
30,756
1,757
2,758
22,758
50,758
1,759
18,760
44,760
2,761
1,762
59,762
2,763
38,763
25,764
35,765
14,766
36,767
15,771
22,771
7,772
22,772
10,784
9,785
18,785
23,785
17,786
9,795
27,795
54,795
55,795
48,796
1,797
1,798
2,799
29,800
46,801
48,801
1,804
2,805
48,805
6,807
2,808
46,808
35,809
34,810
40,810
22,812
25,812
48,812
47,813
43,814
51,814
54,817
27,818
3,820
5,823
5,825
1,826
1,827
2,828
4,829
38,830
2,831
4,831
1,832
56,832
2,833
58,833
3,835
17,835
4,837
31,839
42,840
7,841
55,843
16,844
33,847
7,854
33,854
28,855
6,856
9,856
52,856
56,856
42,859
30,861
38,863
55,875
33,876
14,877
38,879
31,884
6,885
10,886
6,889
23,889
34,894
33,895
1,896
1,897
2,898
1,899
32,899
2,900
2,901
6,902
1,904
11,904
23,907
33,907
2,908
42,910
55,910
47,912
49,912
1,915
22,916
2,917
7,917
40,918
1,920
33,920
2,921
6,923
26,923
20,925
27,928
59,929
18,931
42,931
50,931
31,933
47,933
37,934
42,934
40,937
57,937
58,937
24,939
28,944
55,945
52,950
1,951
2,954
21,954
1,956
40,956
1,957
6,957
30,957
2,958
44,958
2,959
21,959
3,961
4,962
4,964
27,967
38,967
5,968
8,968
44,970
51,970
60,971
3,972
37,972
58,972
5,974
16,977
42,977
35,978
44,980
3,983
10,983
10,984
10,986
30,986
1,987
4,987
30,987
3,988
2,989
5,989
57,989
60,990
1,990
4,990
53,990
5,991
1,992
2,993
2,994
19,994
13,995
40,995
1,997
12,997
17,997
2,998
1,999
60,1000
1,1000
14,1000
32,1000
2,1001
55,1001
2,1002
3,1002
44,1002
4,1003
5,1004
21,1004
5,1005
3,1006
4,1007
7,1009
11,1009
16,1010
54,1012
1,1016
23,1016
25,1016
35,1017
26,1021
59,1021
1,1022
39,1023
52,1024
2,1026
44,1027
1,1028
38,1029
1,1030
53,1030
2,1031
2,1033
44,1033
54,1037
16,1040
11,1042
45,1045
3,1046
14,1048
4,1049
1,1050
2,1051
3,1053
1,1054
5,1054
7,1054
16,1054
1,1055
4,1055
2,1056
2,1057
3,1058
5,1058
56,1058
29,1061
12,1063
1,1064
51,1064
2,1065
39,1065
1,1066
30,1066
1,1067
2,1068
2,1069
40,1069
59,1071
49,1073
16,1079
53,1079
13,1081
15,1085
14,1086
16,1086
60,1087
46,1087
35,1088
44,1089
46,1090
3,1095
55,1096
13,1098
4,1099
8,1099
39,1100
32,1101
5,1104
3,1105
36,1105
5,1106
4,1107
10,1111
20,1113
32,1114
16,1115
21,1115
28,1115
31,1116
37,1116
36,1118
41,1118
41,1119
35,1120
18,1121
50,1122
14,1123
49,1123
40,1124
3,1126
29,1126
4,1127
5,1129
5,1130
4,1131
3,1132
27,1136
39,1137
17,1141
26,1141
21,1145
42,1149
50,1150
30,1153
38,1153
56,1156
58,1157
33,1159
21,1164
54,1165
23,1166
36,1168
58,1168
13,1169
1,1170
1,1171
51,1171
2,1172
32,1173
18,1174
1,1175
2,1176
12,1177
6,1178
2,1179
3,1179
4,1180
4,1181
8,1181
53,1181
5,1183
32,1184
5,1185
41,1185
45,1186
3,1187
21,1188
41,1189
58,1190
24,1192
46,1193
50,1193
26,1195
44,1201
28,1203
22,1205
1,1212
2,1214
1,1215
3,1215
2,1217
4,1217
1,1218
18,1218
35,1218
2,1219
4,1219
44,1219
9,1220
37,1220
52,1220
3,1223
23,1223
27,1223
5,1225
5,1226
41,1226
8,1228
12,1229
22,1231
1,1233
25,1233
2,1234
1,1236
41,1236
1,1239
37,1240
32,1241
8,1242
2,1245
2,1248
20,1248
25,1248
23,1250
17,1252
39,1252
59,1252
42,1258
3,1261
24,1261
4,1262
41,1262
60,1265
5,1265
33,1266
54,1267
3,1268
8,1268
9,1269
56,1269
4,1270
32,1270
5,1273
50,1274
32,1278
43,1278
20,1280
16,1282
30,1283
43,1284
16,1287
35,1289
33,1290
53,1291
35,1292
32,1296
23,1297
33,1298
40,1305
3,1308
60,1310
12,1310
36,1310
3,1311
4,1312
3,1313
12,1313
59,1313
36,1314
5,1315
23,1315
4,1316
5,1317
10,1317
14,1318
60,1320
13,1320
24,1321
41,1321
29,1322
60,1329
36,1329
50,1329
52,1330
14,1336
3,1338
4,1342
7,1342
5,1344
4,1347
19,1347
3,1348
5,1349
35,1350
33,1354
60,1355
33,1355
35,1356
53,1357
35,1361
46,1361
23,1362
30,1362
12,1363
50,1364
27,1368
8,1371
3,1376
9,1376
34,1376
25,1378
35,1378
44,1379
29,1380
49,1380
28,1383
42,1384
53,1386
21,1387
10,1389
26,1389
32,1391
35,1392
1,1393
19,1393
23,1393
24,1393
39,1394
56,1394
1,1396
2,1397
2,1398
1,1399
2,1400
9,1400
32,1404
14,1406
36,1406
54,1407
22,1408
35,1409
19,1413
20,1415
60,1416
51,1420
52,1420
49,1422
16,1424
43,1427
15,1428
53,1430
38,1431
4,1433
8,1433
26,1433
45,1434
46,1435
56,1435
14,1440
35,1442
17,1445
46,1448
52,1448
3,1449
1,1450
4,1450
35,1450
11,1451
5,1452
46,1452
56,1452
1,1453
39,1453
2,1454
50,1454
10,1456
32,1457
37,1457
34,1458
2,1459
3,1459
45,1459
1,1460
4,1460
48,1460
59,1460
5,1461
56,1461
2,1462
19,1463
22,1463
49,1464
1,1466
38,1466
2,1467
1,1468
39,1468
55,1468
1,1469
2,1470
2,1471
7,1471
1,1472
2,1473
12,1473
33,1473
1,1475
2,1476
6,1476
23,1477
44,1477
11,1479
28,1479
36,1479
60,1480
49,1480
1,1484
20,1487
15,1488
44,1488
57,1488
10,1489
11,1489
2,1490
21,1492
17,1494
18,1495
22,1495
16,1501
23,1501
3,1507
13,1507
52,1507
51,1508
44,1509
4,1510
10,1510
4,1511
34,1512
51,1512
3,1513
5,1514
5,1515
51,1515
10,1518
23,1519
36,1522
8,1523
45,1525
35,1529
8,1535
36,1535
56,1535
56,1536
22,1537
24,1537
2,1538
25,1540
37,1542
6,1543
12,1545
42,1546
23,1548
14,1553
14,1554
51,1555
42,1557
8,1558
40,1558
16,1562
26,1564
9,1565
26,1566
46,1567
12,1569
33,1573
38,1574
44,1576
59,1576
20,1578
50,1578
45,1580
13,1583
53,1583
29,1584
27,1585
59,1585
32,1589
21,1590
24,1593
25,1597
38,1603
48,1604
51,1606
26,1607
23,1613
33,1614
45,1614
50,1617
18,1618
20,1618
23,1619
37,1621
38,1621
8,1625
20,1625
18,1632
27,1637
50,1637
25,1640
20,1642
33,1642
25,1646
46,1647
33,1648
49,1650
51,1652
27,1654
24,1655
27,1655
24,1659
34,1660
10,1661
14,1661
55,1662
30,1665
16,1667
39,1668
32,1669
57,1669
7,1671
21,1672
28,1678
39,1678
59,1678
60,1687
54,1688
52,1693
56,1694
34,1696
41,1696
30,1697
8,1698
22,1699
23,1701
17,1702
22,1702
36,1703
45,1704
47,1704
8,1708
36,1708
47,1709
8,1711
29,1713
37,1713
9,1715
12,1715
6,1717
21,1717
56,1717
15,1727
7,1728
3,1729
5,1731
4,1733
3,1734
52,1734
59,1736
58,1737
5,1738
50,1738
4,1741
22,1741
30,1741
34,1744
35,1744
23,1745
17,1746
46,1746
51,1747
60,1749
53,1749
55,1749
56,1750
7,1752
37,1754
34,1755
60,1761
36,1761
32,1763
38,1763
55,1764
40,1766
48,1766
1,1774
22,1774
34,1777
28,1778
15,1780
15,1781
48,1782
38,1783
54,1783
1,1784
54,1786
26,1788
53,1789
46,1791
58,1793
6,1795
30,1795
16,1796
23,1798
17,1799
47,1799
15,1800
55,1801
51,1802
15,1808
58,1809
45,1811
45,1812
48,1812
45,1814
38,1815
52,1816
30,1817
34,1818
45,1818
43,1819
60,1821
39,1821
54,1822
45,1823
27,1825
18,1828
37,1831
51,1833
53,1834
40,1835
18,1837
52,1838
20,1843
9,1844
60,1848
7,1848
47,1849
15,1850
41,1853
47,1853
49,1853
22,1857
21,1858
26,1859
7,1860
53,1860
27,1861
25,1863
59,1864
30,1865
33,1865
1,1872
6,1873
1,1874
2,1875
17,1877
2,1878
3,1878
1,1879
2,1880
47,1881
5,1882
37,1882
4,1883
6,1883
4,1885
5,1886
6,1886
44,1887
3,1888
10,1891
1,1894
25,1895
25,1896
38,1896
30,1897
6,1898
45,1898
1,1901
49,1901
26,1902
30,1902
2,1903
6,1905
1,1906
59,1906
1,1909
46,1909
7,1910
2,1911
3,1912
4,1913
2,1914
42,1915
34,1916
18,1918
5,1919
34,1919
35,1920
30,1921
7,1922
5,1923
3,1924
32,1924
4,1925
44,1925
5,1930
52,1930
47,1935
1,1936
48,1936
2,1939
39,1939
1,1940
52,1941
54,1942
42,1943
7,1945
9,1945
31,1947
1,1948
2,1949
11,1950
12,1950
52,1952
39,1953
2,1954
18,1954
22,1955
31,1955
55,1956
8,1959
1,1960
35,1962
33,1963
2,1964
38,1964
1,1965
1,1966
49,1966
15,1967
17,1967
2,1968
2,1969
13,1971
60,1973
14,1973
9,1974
32,1978
7,1980
49,1982
3,1985
5,1986
40,1986
4,1987
4,1989
25,1989
42,1989
5,1991
3,1992
49,1995
29,1996
1,1998
1,2000
2,2002
11,2002
32,2003
2,2004
56,2004
35,2007
58,2007
1,2008
2,2009
56,2009
42,2011
37,2012
27,2015
3,2020
58,2020
5,2021
4,2022
23,2023
5,2024
3,2025
21,2026
40,2026
4,2027
10,2027
52,2027
1,2032
36,2032
28,2033
1,2034
2,2035
1,2038
11,2039
2,2040
28,2040
2,2041
19,2042
51,2043
10,2044
19,2045
7,2047
47,2047
9,2050
34,2051
7,2054
9,2057
17,2057
40,2057
26,2061
17,2062
19,2068
58,2071
23,2072
40,2075
46,2076
37,2078
39,2078
11,2080
21,2084
9,2085
36,2087
18,2089
26,2089
56,2090
52,2094
48,2097
55,2097
37,2099
40,2099
17,2101
45,2102
26,2106
46,2109
22,2110
18,2112
26,2116
30,2117
52,2117
18,2125
17,2126
51,2130
9,2132
50,2132
6,2134
24,2136
27,2136
48,2136
57,2137
10,2139
27,2139
40,2139
56,2141
19,2144
29,2145
13,2146
12,2148
43,2149
57,2149
28,2151
38,2152
53,2154
31,2157
39,2157
51,2158
54,2159
1,2169
29,2169
1,2170
2,2172
12,2175
1,2176
26,2178
2,2179
11,2182
42,2184
2,2187
48,2190
48,2191
13,2193
22,2202
55,2203
57,2203
54,2210
37,2214
25,2215
49,2220
21,2225
28,2229
50,2229
12,2230
10,2235
46,2236
44,2237
28,2238
41,2239
3,2243
47,2244
4,2247
5,2248
16,2248
44,2249
38,2252
21,2253
3,2254
5,2255
8,2255
26,2255
49,2255
12,2257
6,2258
4,2260
8,2260
53,2260
9,2261
3,2265
1,2267
55,2267
2,2268
5,2268
1,2269
5,2269
31,2269
2,2270
4,2270
28,2270
1,2271
44,2272
52,2272
4,2273
2,2274
7,2275
1,2276
3,2276
2,2278
1,2279
57,2279
2,2281
19,2281
1,2282
50,2282
2,2283
39,2286
41,2286
49,2287
17,2293
30,2300
40,2303
46,2304
55,2305
27,2313
25,2319
14,2320
56,2320
26,2321
36,2322
43,2322
1,2324
1,2325
3,2325
12,2325
2,2326
5,2326
43,2326
13,2327
40,2327
60,2328
1,2328
5,2329
2,2330
39,2331
4,2333
2,2335
3,2335
42,2335
56,2335
22,2337
37,2337
1,2338
4,2338
4,2342
42,2343
42,2345
28,2346
7,2347
41,2347
6,2349
34,2350
10,2351
16,2352
14,2359
50,2362
3,2364
20,2364
4,2365
32,2365
16,2366
22,2366
37,2366
5,2367
53,2367
16,2368
5,2369
4,2372
28,2374
19,2375
56,2376
30,2378
57,2378
22,2379
11,2380
3,2381
20,2381
11,2382
42,2382
43,2383
29,2384
54,2384
22,2387
54,2387
32,2389
6,2390
6,2391
3,2393
4,2394
5,2395
45,2395
31,2396
3,2397
5,2399
4,2400
40,2400
45,2400
17,2404
36,2407
45,2408
3,2409
18,2410
40,2410
5,2411
41,2412
4,2413
17,2413
5,2414
58,2414
4,2415
59,2415
3,2416
31,2417
29,2418
33,2418
7,2421
31,2425
10,2427
13,2429
6,2431
16,2431
25,2432
4,2433
34,2433
56,2433
12,2438
39,2442
9,2443
54,2443
31,2445
3,2447
17,2449
60,2450
50,2450
52,2450
4,2452
54,2453
3,2457
51,2457
5,2460
5,2462
4,2463
28,2463
33,2463
52,2463
3,2465
5,2466
1,2467
4,2467
40,2468
2,2469
4,2469
54,2469
1,2470
2,2471
5,2471
31,2471
1,2472
25,2472
29,2472
3,2473
26,2473
2,2474
37,2475
59,2476
37,2477
53,2478
53,2479
16,2480
19,2481
57,2483
60,2484
31,2491
33,2492
48,2493
3,2495
25,2495
43,2496
33,2497
25,2498
26,2503
17,2504
60,2505
18,2507
22,2507
12,2509
40,2510
14,2511
43,2511
47,2515
55,2515
6,2519
23,2519
30,2520
21,2524
33,2524
39,2529
59,2529
1,2532
2,2533
27,2533
1,2535
2,2536
1,2537
22,2537
37,2538
38,2538
55,2540
2,2541
54,2550
15,2552
39,2552
3,2555
27,2556
46,2557
5,2558
4,2560
9,2560
36,2560
38,2560
47,2560
15,2561
27,2562
47,2562
3,2563
53,2563
4,2566
53,2566
5,2569
50,2569
8,2570
58,2570
13,2572
16,2575
25,2576
33,2576
47,2576
2,2579
20,2579
33,2580
11,2582
22,2584
21,2585
32,2586
33,2586
12,2587
3,2589
52,2589
4,2593
3,2594
38,2595
4,2596
20,2596
33,2598
47,2599
5,2600
32,2600
41,2601
5,2603
15,2603
38,2603
53,2603
20,2604
28,2604
52,2604
30,2607
35,2607
58,2607
6,2608
56,2608
21,2609
48,2610
8,2617
37,2621
54,2621
29,2626
59,2629
24,2630
11,2634
38,2635
34,2636
1,2637
2,2638
9,2638
14,2640
39,2641
45,2641
1,2643
2,2645
1,2646
8,2646
2,2647
10,2648
53,2648
28,2649
55,2650
23,2655
24,2656
39,2656
31,2658
45,2658
59,2660
9,2661
47,2662
48,2662
58,2663
13,2667
39,2668
55,2671
1,2672
7,2673
55,2674
6,2675
2,2676
53,2676
1,2677
30,2677
8,2678
2,2679
14,2679
19,2679
48,2679
1,2681
22,2681
38,2681
2,2682
15,2684
55,2685
10,2687
8,2688
24,2689
1,2691
34,2691
27,2693
60,2694
2,2695
37,2695
1,2696
38,2696
41,2698
58,2698
1,2699
44,2699
2,2701
11,2701
19,2701
59,2701
3,2702
2,2703
4,2703
19,2703
26,2703
3,2705
6,2706
57,2708
4,2709
34,2709
45,2709
39,2710
46,2710
5,2712
20,2712
5,2713
24,2714
44,2715
59,2715
37,2717
44,2717
19,2722
1,2724
14,2724
17,2725
23,2725
57,2725
1,2728
60,2729
1,2730
2,2731
54,2731
29,2733
1,2734
38,2735
2,2736
59,2736
2,2737
24,2739
47,2740
6,2741
60,2742
57,2744
30,2747
44,2749
14,2751
41,2752
27,2760
44,2761
32,2764
16,2765
8,2767
24,2767
35,2767
41,2767
47,2768
6,2769
35,2769
17,2771
49,2771
34,2772
36,2772
59,2779
23,2780
18,2783
53,2783
46,2784
17,2787
50,2792
7,2793
35,2793
50,2798
12,2800
55,2800
10,2801
1,2802
19,2803
1,2805
19,2806
2,2808
54,2808
2,2810
1,2811
2,2813
26,2814
37,2814
13,2815
1,2817
1,2820
21,2820
60,2821
13,2822
14,2822
2,2823
2,2824
32,2824
1,2825
47,2825
2,2826
28,2828
18,2831
37,2832
56,2833
12,2835
33,2835
1,2838
53,2838
2,2839
1,2840
1,2841
2,2842
7,2842
2,2843
24,2846
49,2848
3,2849
10,2849
20,2851
39,2851
5,2852
5,2853
4,2854
48,2854
22,2855
4,2856
28,2856
31,2856
39,2856
49,2857
60,2858
3,2858
19,2858
31,2860
29,2861
8,2862
26,2862
16,2863
8,2864
24,2867
22,2872
60,2877
31,2879
51,2880
23,2882
56,2882
3,2885
4,2887
60,2888
1,2892
3,2892
17,2892
2,2893
4,2893
5,2894
5,2895
1,2896
2,2898
1,2899
2,2900
40,2901
40,2902
21,2904
22,2905
50,2905
3,2908
4,2909
1,2912
5,2912
38,2912
56,2912
1,2913
35,2913
2,2914
18,2914
1,2915
9,2915
24,2915
2,2916
4,2916
3,2917
56,2917
2,2918
22,2918
40,2918
54,2921
5,2923
28,2923
32,2923
6,2924
37,2926
16,2931
11,2933
31,2937
51,2938
37,2941
6,2943
27,2946
60,2949
7,2950
29,2952
46,2952
56,2952
12,2953
30,2956
1,2957
2,2958
14,2959
39,2959
56,2959
1,2961
1,2962
9,2963
10,2964
40,2964
50,2964
2,2965
60,2966
10,2966
16,2968
2,2969
1,2972
2,2974
1,2976
1,2977
6,2977
2,2978
27,2978
58,2978
2,2981
2,2983
3,2983
45,2983
39,2984
47,2984
30,2988
27,2991
27,2992
40,2992
44,2992
10,2993
33,2994
25,2999
45,2999
26,3000
3,3001
28,3002
35,3002
4,3005
4,3007
55,3007
5,3008
29,3009
9,3010
44,3011
15,3013
9,3014
3,3016
5,3017
25,3018
7,3023
59,3026
3,3027
18,3027
21,3027
5,3028
48,3028
4,3029
3,3030
53,3030
58,3030
14,3031
41,3031
59,3031
37,3032
36,3036
4,3041
22,3042
5,3043
14,3043
20,3043
36,3045
31,3046
41,3046
46,3046
42,3047
24,3049
59,3049
28,3050
10,3053
38,3053
15,3054
6,3057
24,3057
13,3058
42,3060
33,3061
31,3062
17,3068
50,3070
1,3071
1,3074
39,3075
56,3078
2,3080
12,3080
2,3082
59,3082
53,3083
56,3083
1,3084
2,3085
43,3085
50,3087
17,3089
35,3089
54,3091
10,3094
53,3094
14,3095
13,3096
13,3098
57,3099
48,3100
55,3100
39,3107
31,3110
10,3119
20,3119
57,3119
27,3120
32,3120
38,3120
25,3122
11,3124
14,3125
11,3131
5,3132
52,3133
20,3134
33,3136
48,3136
41,3140
56,3141
27,3142
28,3150
60,3151
12,3152
32,3152
30,3153
19,3157
59,3158
27,3159
16,3161
44,3165
53,3169
6,3177
46,3177
37,3178
1,3179
55,3179
2,3180
33,3180
1,3181
3,3181
1,3183
51,3183
2,3185
18,3186
55,3186
2,3187
24,3187
17,3188
45,3191
53,3193
18,3197
54,3198
1,3199
49,3199
1,3200
26,3200
32,3202
2,3203
1,3204
2,3205
2,3206
52,3207
13,3208
8,3214
28,3214
41,3214
49,3214
15,3215
7,3216
19,3216
24,3216
36,3216
57,3219
20,3222
3,3224
22,3228
4,3229
4,3230
5,3231
23,3231
5,3232
3,3233
9,3233
18,3234
49,3236
11,3237
31,3238
60,3239
29,3239
38,3239
31,3240
49,3240
43,3242
45,3243
52,3243
15,3244
44,3244
46,3244
18,3246
30,3247
33,3248
30,3250
52,3250
28,3251
7,3253
20,3253
6,3255
48,3255
9,3256
40,3256
30,3258
42,3260
6,3261
38,3265
43,3267
58,3267
9,3269
27,3270
28,3271
21,3277
3,3279
32,3279
40,3279
4,3281
5,3282
11,3282
40,3282
3,3283
15,3286
5,3287
43,3291
48,3293
4,3294
47,3301
1,3302
2,3303
51,3309
1,3310
2,3312
1,3313
7,3313
2,3314
38,3316
1,3317
2,3319
58,3319
12,3320
1,3323
37,3323
41,3324
2,3325
47,3326
1,3327
15,3327
50,3327
2,3328
24,3332
55,3333
16,3334
6,3336
39,3337
55,3338
33,3340
59,3341
28,3342
30,3344
40,3346
39,3347
16,3349
47,3349
7,3350
32,3351
59,3352
33,3353
37,3355
7,3356
11,3356
52,3359
21,3363
19,3364
44,3364
5,3367
53,3368
10,3369
25,3370
33,3370
41,3371
50,3371
39,3374
56,3375
8,3379
24,3379
36,3379
27,3381
47,3382
1,3383
24,3383
1,3385
28,3388
31,3388
35,3389
56,3389
42,3391
2,3393
1,3396
44,3396
2,3397
19,3397
2,3398
3,3399
28,3399
5,3400
4,3401
3,3402
5,3404
4,3405
13,3406
44,3406
58,3406
48,3411
50,3414
36,3416
37,3419
59,3425
15,3429
27,3429
30,3430
19,3432
41,3433
48,3434
45,3436
53,3437
25,3439
34,3441
57,3443
60,3445
15,3447
30,3448
43,3449
35,3451
37,3453
10,3454
53,3460
26,3461
50,3464
50,3468
29,3471
18,3472
13,3476
21,3476
38,3479
5,3480
30,3480
36,3480
49,3480
26,3482
47,3484
28,3485
60,3487
3,3489
4,3491
51,3491
59,3492
4,3495
7,3495
8,3495
38,3496
5,3498
29,3498
5,3501
17,3503
60,3505
3,3505
13,3505
22,3505
46,3506
8,3507
39,3509
60,3511
16,3515
1,3522
1,3523
2,3525
10,3525
8,3526
2,3527
55,3528
52,3529
1,3530
11,3531
2,3532
34,3532
23,3534
31,3534
46,3534
18,3538
9,3539
55,3539
6,3543
55,3543
22,3546
26,3546
54,3546
31,3547
41,3547
49,3547
9,3548
20,3548
1,3549
1,3550
11,3550
22,3550
29,3550
2,3551
56,3551
2,3552
42,3553
1,3554
2,3555
3,3555
4,3556
16,3556
44,3556
46,3556
41,3558
5,3560
56,3562
4,3563
38,3563
5,3565
57,3565
10,3566
31,3567
43,3567
3,3568
56,3570
15,3571
31,3572
17,3574
34,3574
16,3577
57,3581
3,3586
45,3586
4,3587
16,3588
48,3588
3,3589
5,3590
5,3591
43,3591
4,3592
23,3592
49,3592
58,3594
8,3595
47,3595
45,3598
32,3599
47,3599
24,3603
3,3605
19,3605
4,3606
20,3606
3,3608
45,3608
50,3608
5,3609
57,3610
5,3611
32,3611
4,3612
10,3612
32,3612
52,3612
54,3612
11,3614
12,3615
13,3616
30,3617
59,3619
31,3621
54,3622
56,3622
51,3627
28,3633
49,3636
20,3637
27,3639
22,3641
53,3641
58,3641
3,3642
37,3642
50,3642
14,3643
27,3643
41,3644
58,3652
8,3653
3,3655
22,3655
30,3655
4,3656
5,3658
13,3658
15,3660
5,3662
11,3662
46,3662
53,3662
4,3663
58,3663
3,3664
20,3664
3,3665
4,3666
4,3667
37,3667
5,3669
3,3670
9,3672
13,3673
16,3674
5,3675
18,3676
3,3677
4,3678
23,3678
8,3679
3,3680
34,3680
4,3681
12,3681
5,3682
5,3683
6,3683
23,3689
31,3691
20,3694
29,3694
59,3696
1,3698
43,3699
53,3700
9,3701
14,3701
33,3701
2,3702
1,3703
13,3703
59,3704
1,3705
38,3706
2,3707
2,3708
15,3709
25,3714
53,3716
10,3723
21,3725
27,3727
39,3730
53,3733
18,3734
54,3734
3,3736
5,3736
47,3736
3,3740
5,3742
50,3742
1,3743
47,3743
1,3744
4,3744
2,3745
5,3745
2,3746
3,3746
1,3747
49,3747
2,3748
28,3748
4,3750
25,3751
14,3752
28,3754
16,3755
27,3755
52,3755
22,3756
17,3758
60,3759
9,3760
32,3760
40,3761
6,3762
54,3764
6,3765
37,3768
7,3773
34,3774
50,3774
45,3776
21,3777
44,3784
31,3786
7,3787
46,3789
20,3792
55,3792
6,3795
1,3797
1,3799
35,3799
2,3801
46,3802
1,3804
2,3805
2,3806
41,3809
25,3813
42,3815
38,3816
37,3817
44,3820
45,3820
53,3824
18,3828
48,3828
18,3829
57,3831
24,3835
37,3835
55,3840
1,3846
15,3846
1,3848
21,3848
2,3849
1,3853
16,3853
2,3854
20,3854
55,3854
2,3855
7,3855
48,3855
25,3857
43,3858
54,3859
58,3860
8,3862
38,3866
3,3871
23,3873
4,3876
12,3877
13,3877
15,3877
16,3877
7,3878
38,3878
5,3879
9,3879
11,3879
1,3880
3,3880
5,3881
4,3882
1,3883
47,3883
9,3884
2,3885
12,3885
43,3885
2,3887
13,3887
35,3887
54,3887
1,3888
2,3890
7,3890
42,3895
42,3896
33,3899
25,3901
50,3902
20,3904
21,3904
57,3906
28,3911
55,3911
3,3914
14,3914
5,3915
10,3915
5,3916
4,3917
3,3920
4,3921
11,3921
23,3921
51,3922
55,3923
40,3924
21,3927
6,3929
31,3930
30,3931
5,3932
9,3934
45,3935
50,3936
36,3937
55,3941
34,3943
53,3943
6,3945
29,3947
6,3949
12,3950
7,3951
44,3953
56,3954
34,3956
59,3956
7,3957
50,3959
7,3960
25,3960
36,3965
11,3967
39,3970
53,3970
20,3971
33,3972
16,3973
14,3977
18,3978
7,3980
20,3981
50,3983
46,3984
21,3986
31,3986
56,3986
57,3986
7,3991
48,3995
19,3996
12,3997
3,3998
4,3999
48,3999
50,4001
5,4002
42,4002
22,4003
17,4004
4,4007
26,4008
3,4009
5,4010
7,4011
27,4012
3,4013
4,4017
1,4018
3,4019
9,4019
5,4020
1,4021
2,4022
5,4022
1,4024
4,4024
19,4024
2,4025
1,4026
46,4026
2,4030
47,4030
48,4030
52,4036
58,4037
24,4041
54,4046
23,4049
54,4054
27,4058
7,4059
56,4062
20,4064
7,4066
48,4067
54,4068
12,4069
37,4069
11,4071
35,4074
2,4076
14,4083
48,4085
54,4086
35,4088
7,4089
29,4090
45,4091
42,4094
1,4095
1,4098
36,4101
2,4102
49,4103
12,4104
2,4105
1,4106
15,4106
55,4106
2,4107
10,4107
39,4108
32,4113
36,4115
20,4117
50,4117
34,4121
17,4124
16,4127
16,4129
34,4129
9,4130
13,4130
30,4130
15,4131
47,4137
8,4138
6,4139
55,4142
3,4146
44,4146
4,4147
55,4147
44,4148
3,4149
1,4150
5,4150
2,4151
1,4153
4,4153
60,4154
18,4154
2,4155
5,4155
1,4156
2,4159
15,4159
51,4160
16,4169
43,4169
11,4170
24,4170
45,4170
5,4173
43,4177
41,4184
14,4187
12,4188
52,4188
50,4191
57,4191
43,4194
51,4194
9,4198
35,4201
24,4202
7,4203
26,4203
39,4204
45,4204
13,4208
24,4209
19,4210
54,4210
10,4211
45,4213
13,4214
1,4218
2,4219
1,4220
2,4221
1,4222
46,4222
2,4223
23,4223
29,4223
34,4226
13,4227
41,4227
18,4228
45,4229
19,4234
34,4235
29,4239
53,4239
29,4242
11,4244
30,4244
50,4248
1,4251
2,4252
34,4252
1,4253
1,4255
19,4256
2,4257
2,4259
32,4262
58,4262
35,4264
11,4265
45,4268
34,4269
13,4271
1,4272
41,4272
28,4276
16,4277
28,4285
60,4288
38,4292
1,4295
1,4297
42,4297
59,4297
41,4298
2,4299
2,4300
1,4301
8,4301
38,4304
28,4306
2,4307
23,4308
40,4310
59,4312
54,4314
20,4315
22,4317
9,4318
29,4323
58,4326
21,4327
59,4335
7,4336
18,4336
14,4341
16,4343
38,4345
40,4345
35,4347
6,4348
8,4350
3,4351
19,4352
4,4353
18,4353
4,4355
3,4357
5,4358
26,4358
5,4359
32,4361
29,4362
13,4363
24,4363
58,4366
1,4367
2,4368
40,4368
1,4369
50,4369
2,4371
56,4372
58,4374
1,4376
14,4376
44,4377
2,4379
43,4379
14,4383
52,4383
46,4385
23,4387
49,4387
30,4390
29,4392
27,4396
19,4398
2,4399
20,4399
32,4402
53,4407
26,4409
16,4413
8,4417
55,4419
11,4420
13,4420
48,4420
21,4422
52,4422
20,4425
28,4434
39,4434
8,4435
52,4435
24,4436
11,4438
19,4438
58,4442
59,4449
55,4451
24,4453
9,4455
15,4455
34,4456
1,4459
45,4459
52,4461
55,4462
58,4462
1,4464
8,4464
24,4465
1,4467
2,4468
1,4469
2,4471
30,4474
45,4474
2,4475
10,4476
42,4477
33,4479
45,4482
19,4483
30,4484
1,4485
2,4486
46,4486
6,4487
48,4487
1,4488
1,4489
8,4489
2,4490
2,4492
32,4492
49,4492
37,4493
9,4495
27,4496
1,4497
1,4498
48,4500
2,4502
13,4502
58,4502
2,4503
25,4504
41,4504
46,4504
52,4505
1,4507
40,4507
2,4508
34,4508
11,4509
30,4512
27,4513
53,4513
42,4514
30,4518
46,4519
49,4520
35,4521
21,4523
45,4526
47,4528
47,4529
55,4529
14,4532
34,4532
43,4532
50,4536
16,4538
26,4538
1,4540
34,4541
1,4542
50,4542
2,4543
2,4544
43,4545
1,4546
41,4546
49,4546
2,4547
42,4548
22,4553
25,4555
32,4557
19,4559
10,4561
52,4561
24,4565
21,4569
31,4571
25,4572
6,4574
16,4576
36,4576
35,4577
20,4579
30,4581
24,4582
1,4587
21,4587
33,4588
1,4590
29,4590
2,4591
2,4592
1,4593
2,4594
47,4596
7,4597
52,4598
30,4600
12,4605
17,4611
41,4614
36,4616
56,4618
42,4622
24,4624
12,4628
25,4632
49,4636
55,4636
19,4640
20,4641
2,4643
55,4643
56,4643
35,4644
1,4648
31,4648
1,4653
2,4654
41,4654
1,4655
45,4655
2,4656
57,4657
2,4658
22,4660
24,4663
27,4664
23,4666
38,4667
46,4667
57,4669
20,4671
22,4671
28,4672
51,4673
60,4674
32,4674
41,4674
9,4675
57,4675
11,4676
1,4677
23,4682
9,4684
26,4685
6,4686
18,4687
39,4687
38,4688
52,4688
1,4689
47,4690
1,4693
24,4693
2,4694
1,4695
27,4695
2,4697
2,4698
55,4700
21,4702
23,4702
20,4703
8,4704
30,4704
7,4705
40,4707
8,4708
56,4708
14,4709
47,4709
53,4709
60,4712
35,4712
1,4713
1,4715
11,4715
34,4716
27,4717
2,4718
44,4718
1,4719
2,4720
3,4720
50,4721
2,4722
4,4722
5,4723
51,4723
3,4725
35,4725
4,4726
5,4727
23,4727
17,4732
39,4732
27,4734
38,4736
3,4737
27,4737
38,4742
4,4743
8,4744
29,4744
32,4744
3,4745
40,4746
5,4747
4,4748
5,4750
17,4752
22,4752
37,4754
55,4754
38,4755
48,4755
12,4757
57,4758
16,4766
48,4767
44,4769
16,4770
24,4772
28,4774
7,4775
20,4778
55,4779
13,4781
23,4781
54,4781
33,4784
21,4785
31,4785
57,4785
43,4789
26,4790
34,4798
19,4800
43,4801
39,4802
58,4806
9,4807
32,4809
55,4809
45,4811
3,4812
18,4812
24,4812
4,4814
5,4815
24,4816
5,4817
59,4818
7,4819
32,4819
4,4820
3,4822
44,4823
42,4824
45,4826
47,4827
28,4828
56,4828
48,4830
6,4833
13,4835
11,4836
45,4843
49,4843
34,4844
48,4844
54,4845
39,4846
55,4853
4,4854
38,4857
53,4859
27,4860
3,4861
4,4863
37,4865
23,4867
29,4867
12,4868
5,4869
4,4870
29,4870
3,4871
5,4872
12,4876
47,4876
17,4879
57,4880
14,4882
27,4884
50,4888
10,4890
60,4891
1,4891
34,4891
57,4891
1,4892
56,4892
2,4894
3,4894
47,4894
53,4894
4,4895
20,4895
1,4896
49,4896
2,4897
5,4897
60,4898
2,4898
3,4899
40,4899
5,4900
28,4900
4,4902
6,4902
41,4902
6,4903
28,4903
20,4906
32,4906
51,4908
24,4911
25,4912
31,4915
21,4916
40,4916
1,4919
44,4919
7,4923
13,4923
18,4923
30,4927
35,4928
36,4929
49,4930
33,4936
39,4936
40,4937
6,4938
10,4940
49,4942
50,4944
27,4946
57,4947
11,4948
15,4952
11,4953
6,4954
38,4956
55,4956
56,4956
9,4957
45,4958
18,4960
55,4961
57,4962
6,4963
12,4964
60,4968
7,4968
34,4969
51,4971
59,4971
21,4975
15,4976
40,4978
40,4979
6,4981
23,4983
19,4984
3,4985
5,4986
14,4986
4,4987
4,4988
17,4988
5,4989
19,4989
3,4990
32,4990
18,4991
13,4992
50,4994
45,4995
53,4995
28,4998
51,5000
37,5003
58,5004
38,5011
29,5012
17,5013
52,5013
21,5015
3,5018
33,5020
47,5020
4,5023
17,5023
3,5024
5,5025
4,5027
5,5029
3,5030
14,5030
5,5031
1,5032
45,5032
4,5034
14,5034
23,5036
38,5037
4,5040
6,5040
5,5041
3,5042
35,5042
43,5042
13,5043
39,5043
41,5043
51,5043
7,5045
41,5050
8,5051
56,5053
1,5057
2,5058
1,5059
2,5060
29,5060
1,5061
2,5065
37,5065
46,5065
1,5067
48,5067
27,5069
32,5069
33,5069
2,5071
1,5073
13,5073
1,5075
3,5078
2,5079
10,5080
12,5080
38,5080
2,5082
49,5083
16,5085
18,5085
34,5088
52,5092
45,5093
8,5094
17,5095
46,5098
22,5099
26,5102
9,5110
46,5111
17,5112
49,5112
58,5112
48,5115
3,5118
41,5118
4,5119
32,5119
5,5120
4,5121
3,5122
5,5123
20,5123
49,5126
28,5127
43,5127
55,5127
34,5129
47,5132
3,5137
18,5138
5,5141
10,5142
28,5142
1,5144
5,5144
34,5144
1,5145
2,5148
4,5148
4,5149
3,5150
13,5150
2,5151
20,5151
12,5152
1,5153
2,5154
24,5155
51,5155
47,5157
1,5160
20,5160
25,5160
49,5161
2,5162
30,5162
1,5165
1,5168
24,5168
34,5168
2,5169
37,5169
2,5171
48,5171
7,5172
49,5174
30,5176
53,5179
16,5180
44,5180
35,5182
39,5182
17,5187
26,5187
59,5191
9,5192
37,5193
54,5194
11,5198
44,5198
29,5201
34,5202
56,5204
47,5207
24,5209
18,5210
28,5211
19,5213
36,5218
50,5220
12,5221
18,5222
45,5225
8,5227
50,5232
23,5234
1,5235
55,5235
2,5236
1,5237
52,5238
1,5239
54,5239
2,5240
2,5241
26,5241
24,5244
28,5246
30,5246
1,5260
13,5261
7,5264
2,5265
35,5268
45,5268
1,5269
1,5271
55,5271
17,5272
2,5273
2,5274
17,5275
1,5278
10,5278
18,5278
2,5279
60,5280
1,5281
2,5282
21,5282
44,5282
1,5283
2,5284
51,5284
45,5285
54,5285
53,5294
13,5297
25,5297
43,5297
17,5298
26,5298
20,5300
10,5301
43,5301
3,5302
50,5302
5,5303
56,5304
4,5305
13,5305
13,5306
60,5307
5,5307
3,5308
30,5308
4,5309
45,5310
15,5312
4,5313
19,5314
38,5314
9,5316
9,5317
7,5320
45,5323
47,5323
22,5324
39,5327
31,5328
31,5329
1,5330
18,5331
31,5334
23,5335
2,5336
1,5337
12,5337
21,5337
48,5337
2,5341
1,5343
52,5343
2,5344
58,5344
45,5347
53,5347
1,5348
43,5350
2,5352
15,5352
55,5352
1,5353
46,5354
1,5356
2,5358
25,5358
28,5358
50,5359
2,5360
16,5360
21,5363
16,5370
29,5372
6,5373
32,5373
59,5373
3,5376
9,5376
60,5377
6,5377
10,5377
30,5377
34,5377
47,5382
43,5386
18,5389
45,5389
12,5391
35,5391
41,5391
10,5392
56,5394
11,5395
52,5396
15,5402
20,5402
28,5404
23,5405
58,5405
8,5406
24,5406
54,5406
47,5407
51,5408
17,5409
48,5409
51,5410
56,5412
55,5413
10,5415
11,5417
43,5417
60,5419
53,5419
3,5422
43,5422
59,5422
38,5424
44,5425
19,5429
46,5429
7,5431
8,5431
1,5433
7,5433
51,5435
1,5436
2,5437
50,5437
59,5437
1,5438
25,5439
57,5439
2,5440
37,5441
53,5441
2,5443
35,5447
58,5447
59,5448
32,5450
49,5450
57,5451
38,5453
47,5457
12,5459
17,5459
6,5460
43,5462
8,5463
7,5464
49,5466
11,5467
19,5468
24,5468
49,5471
38,5473
32,5475
3,5477
4,5478
30,5478
4,5480
32,5480
5,5481
9,5481
5,5483
22,5483
3,5484
14,5484
37,5485
22,5488
28,5489
35,5493
43,5493
10,5496
19,5500
47,5500
43,5502
1,5504
10,5504
11,5504
48,5505
2,5507
32,5507
1,5508
1,5510
48,5510
2,5511
2,5512
55,5512
13,5514
33,5514
3,5516
4,5517
52,5517
5,5518
18,5518
3,5519
21,5519
10,5520
4,5521
5,5522
44,5522
56,5526
59,5532
22,5534
42,5535
13,5536
23,5537
34,5540
17,5541
53,5542
51,5545
56,5545
18,5546
45,5546
27,5548
26,5551
46,5553
35,5556
44,5558
36,5561
4,5568
18,5569
44,5569
51,5569
34,5570
50,5570
58,5570
21,5573
44,5577
34,5579
58,5579
20,5580
13,5581
49,5581
56,5582
21,5585
19,5588
54,5588
55,5588
1,5590
30,5591
2,5593
8,5593
7,5594
11,5594
27,5594
1,5595
3,5595
7,5595
20,5596
2,5597
5,5597
25,5597
56,5597
1,5598
15,5598
2,5599
5,5599
36,5599
4,5601
51,5601
4,5602
3,5603
27,5603
51,5603
56,5603
34,5608
42,5609
51,5612
13,5618
39,5618
9,5620
27,5620
55,5620
54,5621
35,5622
43,5622
41,5625
19,5627
43,5630
49,5630
18,5631
18,5638
42,5638
52,5639
41,5643
13,5646
59,5646
16,5647
41,5647
11,5648
16,5648
8,5650
1,5652
1,5653
20,5653
56,5653
2,5654
35,5654
48,5654
1,5655
28,5655
32,5655
2,5656
36,5657
22,5658
2,5659
40,5659
47,5659
60,5660
47,5663
33,5664
42,5664
44,5664
48,5667
44,5670
8,5675
53,5676
16,5677
33,5683
59,5684
33,5686
18,5687
26,5687
49,5690
24,5691
38,5692
36,5694
3,5699
5,5700
13,5700
37,5701
28,5702
4,5703
41,5703
5,5704
36,5704
3,5705
44,5705
1,5708
37,5708
1,5710
4,5710
2,5714
2,5715
1,5717
30,5717
37,5718
2,5719
3,5719
5,5721
5,5724
41,5724
4,5728
10,5729
14,5729
4,5730
3,5731
13,5735
27,5736
3,5740
42,5740
53,5740
5,5742
8,5742
4,5743
4,5744
37,5746
3,5747
5,5749
45,5751
27,5752
7,5753
7,5755
13,5755
25,5757
34,5757
8,5758
59,5760
30,5763
20,5764
56,5764
9,5765
44,5766
30,5767
49,5767
35,5771
29,5773
52,5774
14,5776
45,5779
39,5782
1,5784
33,5786
45,5786
32,5787
37,5789
53,5789
21,5790
53,5790
2,5793
52,5795
1,5796
58,5796
11,5804
30,5807
59,5808
16,5809
13,5814
23,5821
38,5823
6,5825
33,5825
48,5825
58,5828
18,5829
25,5834
49,5834
8,5835
35,5836
48,5837
41,5838
51,5839
30,5840
14,5841
53,5842
60,5846
19,5849
21,5852
35,5854
35,5856
3,5857
43,5861
51,5862
38,5864
3,5865
5,5866
47,5866
4,5867
42,5867
4,5868
3,5869
5,5874
54,5875
4,5876
22,5876
42,5879
57,5879
13,5881
31,5883
21,5884
56,5885
25,5886
3,5889
45,5889
18,5893
38,5903
17,5904
55,5904
24,5906
49,5907
24,5908
36,5910
58,5910
31,5913
8,5915
45,5917
11,5918
17,5921
6,5922
31,5923
14,5925
28,5926
52,5927
27,5929
27,5931
32,5933
51,5935
22,5936
9,5938
41,5942
53,5944
43,5947
49,5947
14,5948
43,5948
56,5949
49,5952
1,5954
2,5955
49,5956
1,5957
38,5957
2,5958
1,5959
37,5959
2,5960
25,5963
24,5964
47,5964
6,5965
6,5966
9,5968
51,5970
53,5971
57,5973
26,5975
40,5975
27,5976
32,5978
7,5979
16,5979
21,5982
11,5983
42,5983
45,5983
42,5986
60,5987
20,5988
12,5991
16,5991
10,5994
26,5994
58,5994
14,5997
36,5997
16,5999
41,6000
44,6000
11,6001
3,6003
4,6005
3,6006
5,6007
29,6008
4,6009
5,6010
3,6012
18,6012
20,6012
5,6013
4,6014
8,6014
31,6014
3,6016
51,6018
4,6019
11,6019
48,6019
5,6020
33,6020
43,6020
44,6020
6,6021
11,6022
13,6024
14,6025
35,6026
46,6026
49,6027
35,6029
17,6033
48,6034
48,6035
27,6036
45,6040
2,6042
16,6042
10,6043
13,6043
23,6043
57,6045
28,6048
39,6048
51,6052
36,6055
50,6055
51,6055
21,6056
3,6058
48,6058
54,6058
41,6060
32,6061
4,6062
5,6063
4,6064
5,6065
39,6066
43,6066
3,6067
3,6069
23,6070
5,6074
4,6077
4,6078
19,6078
5,6079
3,6081
3,6088
47,6088
4,6090
39,6090
55,6090
4,6092
5,6093
50,6093
3,6094
5,6095
25,6098
57,6098
28,6101
29,6101
3,6102
43,6102
30,6104
33,6105
49,6105
26,6107
47,6107
52,6107
4,6108
4,6110
18,6110
4,6114
37,6114
5,6115
31,6115
3,6116
53,6118
34,6119
5,6120
33,6120
23,6121
17,6124
39,6125
49,6125
51,6125
55,6126
59,6126
57,6132
8,6133
7,6134
33,6135
17,6139
18,6139
47,6139
6,6143
33,6145
35,6145
51,6145
40,6146
46,6146
4,6148
11,6148
34,6148
59,6149
25,6151
39,6154
20,6156
54,6157
44,6159
12,6160
29,6163
44,6163
46,6164
45,6165
46,6165
48,6165
48,6171
16,6184
17,6184
35,6184
46,6184
22,6187
54,6189
46,6190
59,6190
18,6191
14,6192
45,6192
54,6193
31,6198
31,6199
30,6201
42,6207
59,6208
6,6209
26,6210
17,6213
6,6217
51,6217
45,6218
24,6220
44,6220
3,6221
8,6221
16,6221
36,6221
41,6222
9,6223
37,6226
1,6227
18,6228
41,6228
51,6229
20,6232
40,6232
9,6235
55,6235
31,6243
58,6243
21,6246
30,6246
3,6247
21,6249
5,6252
19,6252
4,6253
4,6254
31,6254
46,6255
5,6256
4,6257
3,6258
14,6260
60,6261
58,6262
9,6263
41,6263
12,6264
56,6264
44,6265
50,6265
14,6266
11,6268
12,6268
35,6271
42,6271
14,6273
16,6274
7,6275
38,6275
16,6279
24,6281
45,6281
48,6281
16,6284
34,6285
53,6287
48,6288
10,6290
20,6290
55,6290
17,6293
3,6295
5,6297
10,6297
4,6298
3,6299
21,6299
22,6299
4,6300
5,6301
48,6304
12,6305
28,6307
36,6308
49,6313
57,6314
45,6316
24,6319
13,6323
22,6326
17,6329
50,6329
20,6330
41,6332
57,6335
9,6336
30,6337
51,6340
25,6344
45,6344
3,6347
10,6348
16,6348
5,6349
54,6351
53,6352
1,6353
19,6353
2,6354
1,6356
15,6356
40,6356
1,6357
2,6358
9,6360
51,6360
2,6361
57,6361
3,6362
4,6363
4,6364
5,6365
43,6365
3,6366
5,6368
43,6370
38,6374
35,6379
60,6385
29,6385
31,6386
1,6395
46,6395
15,6396
1,6397
39,6397
2,6398
58,6399
1,6400
3,6400
10,6400
2,6402
4,6402
2,6403
4,6404
46,6404
5,6405
32,6406
6,6409
27,6410
3,6411
5,6412
33,6416
56,6417
38,6418
45,6419
34,6421
3,6422
32,6422
33,6422
46,6422
4,6423
1,6425
28,6427
3,6429
59,6429
4,6430
5,6431
59,6431
2,6432
5,6432
18,6432
47,6432
1,6434
1,6436
2,6437
2,6438
36,6438
11,6441
13,6443
50,6444
52,6444
8,6452
33,6452
53,6452
26,6454
12,6456
18,6456
25,6457
46,6457
50,6457
9,6460
28,6460
9,6462
10,6462
11,6464
16,6464
46,6464
48,6464
14,6465
16,6465
49,6466
53,6469
54,6472
12,6473
36,6474
19,6475
26,6476
31,6479
44,6479
47,6480
28,6481
6,6482
16,6483
53,6487
3,6488
4,6489
23,6489
27,6489
5,6490
29,6490
3,6491
30,6491
54,6491
4,6493
14,6493
44,6493
5,6494
22,6495
34,6495
3,6496
44,6496
16,6497
53,6498
3,6500
4,6501
34,6501
5,6503
4,6505
3,6507
43,6507
5,6508
38,6508
30,6510
38,6510
12,6514
22,6514
13,6515
55,6515
51,6516
1,6517
15,6517
1,6519
52,6519
58,6519
21,6520
35,6520
53,6520
2,6521
6,6521
15,6521
37,6522
20,6523
53,6523
2,6524
54,6524
1,6525
2,6526
22,6527
52,6527
55,6527
19,6534
22,6535
27,6536
11,6537
22,6537
30,6538
46,6539
10,6541
26,6541
44,6541
45,6548
17,6551
15,6556
18,6559
21,6559
8,6560
35,6562
32,6563
13,6565
44,6567
8,6568
34,6568
24,6569
13,6570
18,6575
3,6576
60,6578
4,6578
5,6579
49,6581
5,6582
23,6582
32,6583
54,6583
29,6584
42,6584
39,6585
3,6587
39,6589
40,6590
54,6590
57,6591
4,6594
8,6594
47,6595
3,6597
15,6597
4,6598
5,6599
59,6599
3,6600
11,6600
3,6601
4,6602
5,6603
14,6603
51,6603
26,6607
44,6608
48,6609
44,6611
19,6612
47,6612
8,6617
32,6617
31,6618
24,6622
20,6624
31,6624
50,6624
59,6624
13,6630
26,6632
26,6633
8,6634
45,6635
32,6640
22,6641
24,6641
36,6644
55,6646
49,6649
17,6652
11,6656
28,6659
47,6660
49,6660
3,6662
29,6663
34,6664
4,6665
5,6667
4,6670
10,6670
3,6671
5,6672
33,6673
35,6676
8,6677
50,6681
14,6682
26,6683
60,6689
31,6689
6,6691
15,6692
33,6692
50,6692
1,6693
32,6696
16,6698
1,6701
27,6701
2,6702
1,6703
30,6703
2,6704
2,6705
11,6707
19,6707
47,6708
36,6710
12,6711
17,6711
25,6711
35,6711
13,6714
29,6714
33,6714
28,6715
31,6720
15,6721
57,6722
27,6725
26,6728
43,6731
59,6732
15,6733
14,6734
27,6740
19,6741
20,6741
20,6742
7,6749
11,6750
35,6752
41,6752
14,6754
57,6754
3,6755
33,6755
36,6756
1,6757
4,6757
2,6758
1,6759
14,6759
5,6762
1,6763
4,6763
49,6763
2,6764
12,6765
2,6766
5,6766
47,6767
3,6769
3,6770
13,6771
1,6772
5,6772
1,6773
5,6773
2,6774
4,6774
30,6774
2,6775
60,6776
4,6776
3,6781
37,6781
53,6781
1,6782
23,6782
2,6783
17,6784
11,6785
22,6785
48,6786
46,6788
11,6789
20,6791
7,6792
54,6793
55,6793
17,6794
36,6797
35,6798
52,6800
44,6801
42,6803
49,6805
12,6807
1,6808
1,6812
49,6812
2,6813
2,6814
1,6815
2,6816
1,6818
3,6818
60,6819
2,6819
4,6819
3,6820
28,6820
33,6821
1,6822
42,6822
2,6824
1,6826
5,6826
3,6828
5,6829
2,6830
36,6830
4,6831
41,6832
59,6834
5,6836
19,6838
7,6840
52,6840
15,6841
47,6842
3,6843
30,6843
4,6844
19,6845
5,6846
40,6846
13,6848
16,6849
26,6849
5,6851
3,6852
38,6853
4,6854
17,6855
11,6861
40,6863
36,6866
45,6866
56,6866
35,6868
17,6871
31,6872
9,6877
54,6877
20,6878
45,6878
21,6880
3,6882
59,6882
4,6883
5,6885
1,6886
15,6886
30,6886
35,6886
57,6886
1,6887
2,6888
1,6889
3,6889
9,6889
56,6889
2,6890
3,6890
2,6891
4,6891
5,6892
9,6892
30,6892
34,6897
36,6897
10,6904
1,6906
29,6906
2,6907
18,6907
1,6908
2,6910
1,6912
3,6912
8,6912
2,6914
50,6914
4,6916
25,6916
33,6916
3,6917
5,6919
34,6919
26,6920
46,6920
19,6921
1,6922
5,6922
4,6923
60,6926
1,6926
5,6927
26,6927
48,6927
2,6929
30,6929
49,6929
1,6934
2,6935
33,6936
44,6939
2,6941
49,6941
27,6943
48,6943
23,6946
50,6947
12,6950
17,6950
43,6951
39,6953
3,6954
5,6955
10,6955
4,6956
4,6959
18,6959
49,6959
51,6959
53,6959
5,6960
3,6962
56,6965
46,6966
51,6967
60,6968
15,6968
3,6969
54,6973
4,6975
4,6976
52,6979
5,6981
32,6981
3,6982
35,6984
36,6986
5,6987
52,6989
25,6990
32,6992
47,6992
20,6993
48,6993
6,6995
14,6995
16,6996
20,6997
21,6997
29,6999
35,7000
1,7004
55,7004
1,7005
16,7005
2,7010
1,7011
10,7011
2,7012
23,7013
2,7014
10,7017
51,7017
13,7018
20,7018
22,7019
54,7019
23,7024
52,7025
38,7029
9,7030
46,7031
5,7032
24,7033
37,7034
35,7039
47,7040
28,7041
3,7042
32,7042
5,7047
4,7049
5,7055
3,7056
25,7058
4,7059
3,7060
17,7060
19,7060
51,7061
5,7062
32,7062
4,7063
19,7064
44,7064
3,7066
5,7067
32,7067
57,7067
4,7068
7,7068
26,7068
39,7068
23,7070
60,7077
30,7078
17,7080
14,7084
31,7084
58,7085
56,7086
20,7088
11,7089
50,7091
56,7093
14,7094
36,7094
33,7095
50,7096
38,7098
43,7101
24,7107
29,7108
18,7109
34,7109
9,7110
10,7114
31,7114
33,7114
57,7116
18,7117
15,7119
56,7119
9,7120
48,7120
54,7120
39,7121
52,7123
21,7126
50,7127
32,7129
27,7130
14,7133
16,7133
52,7134
3,7136
19,7139
59,7145
34,7149
35,7150
38,7151
12,7155
37,7156
35,7162
16,7164
45,7167
10,7168
55,7171
53,7172
27,7173
57,7173
9,7176
31,7176
1,7180
36,7180
51,7181
21,7182
42,7183
3,7185
10,7186
4,7187
31,7187
7,7189
4,7193
3,7194
28,7194
1,7195
18,7195
2,7196
23,7196
1,7197
5,7198
24,7198
52,7198
1,7199
31,7199
2,7200
5,7200
30,7200
2,7201
22,7201
40,7203
17,7204
19,7205
22,7205
24,7205
3,7206
5,7208
4,7209
28,7209
4,7211
45,7213
3,7214
5,7215
22,7216
49,7218
44,7219
49,7220
15,7221
36,7222
3,7224
5,7225
4,7226
28,7226
38,7226
3,7227
26,7228
30,7228
24,7231
29,7233
35,7233
4,7234
5,7236
30,7237
58,7237
57,7238
56,7240
15,7246
52,7246
19,7247
53,7252
40,7254
4,7255
43,7256
45,7257
13,7259
26,7262
30,7262
55,7263
60,7265
29,7266
37,7269
46,7269
7,7270
30,7271
57,7271
21,7275
7,7276
4,7278
28,7278
60,7279
12,7279
45,7279
12,7281
45,7282
1,7289
1,7291
24,7291
45,7291
2,7292
2,7293
20,7293
1,7294
2,7295
24,7296
8,7299
41,7300
6,7302
41,7302
58,7303
42,7308
18,7310
30,7310
21,7312
45,7312
47,7314
3,7315
23,7315
60,7317
4,7318
31,7318
5,7319
5,7320
4,7321
14,7322
16,7323
36,7324
56,7324
24,7327
26,7327
3,7329
17,7331
48,7331
49,7331
44,7332
47,7333
57,7336
41,7337
34,7340
41,7340
55,7340
20,7347
51,7348
40,7352
22,7353
30,7356
52,7356
30,7358
50,7358
17,7359
38,7359
25,7361
9,7362
57,7363
52,7368
52,7370
53,7372
34,7374
39,7374
39,7375
30,7379
35,7381
16,7383
47,7384
22,7385
50,7385
3,7387
53,7389
5,7391
10,7391
31,7391
18,7393
4,7394
4,7397
5,7398
11,7398
3,7400
28,7401
19,7406
26,7406
29,7407
33,7409
1,7411
2,7412
41,7412
1,7413
44,7413
23,7414
2,7415
13,7415
1,7416
22,7416
2,7418
33,7418
48,7418
29,7420
34,7420
50,7420
55,7423
1,7425
1,7427
52,7430
59,7430
2,7431
1,7432
51,7432
13,7433
43,7433
2,7437
5,7437
19,7437
2,7438
37,7438
19,7439
3,7440
5,7441
4,7442
5,7443
25,7447
58,7450
4,7452
47,7453
3,7454
21,7455
32,7455
35,7456
21,7457
28,7459
50,7459
49,7463
1,7465
14,7465
53,7466
55,7466
2,7467
57,7467
1,7468
4,7468
17,7468
60,7469
46,7469
1,7470
9,7470
14,7470
18,7470
45,7470
2,7473
42,7473
2,7475
38,7478
15,7481
31,7486
56,7487
29,7490
54,7492
35,7494
20,7495
24,7501
60,7502
14,7502
29,7502
19,7503
23,7503
7,7508
24,7508
14,7510
20,7519
40,7519
43,7520
30,7521
10,7524
46,7524
59,7524
56,7525
31,7527
12,7529
48,7534
57,7535
35,7537
26,7540
52,7540
60,7542
35,7542
42,7542
35,7544
40,7544
36,7546
60,7549
33,7549
27,7551
51,7553
57,7553
11,7554
57,7561
1,7567
16,7567
2,7568
1,7569
14,7569
49,7569
2,7570
1,7571
36,7572
51,7572
2,7573
52,7574
10,7575
53,7579
18,7580
22,7580
34,7581
37,7582
55,7584
32,7585
14,7589
15,7591
51,7592
7,7593
29,7593
3,7595
4,7596
15,7597
5,7599
5,7600
9,7600
3,7601
4,7602
38,7605
59,7606
18,7607
60,7614
30,7614
32,7614
40,7616
2,7617
46,7617
6,7620
13,7623
49,7627
7,7628
42,7628
11,7629
32,7630
13,7631
3,7634
29,7634
20,7639
4,7640
17,7640
4,7641
20,7641
22,7641
5,7643
54,7643
3,7644
38,7644
1,7645
42,7645
5,7646
15,7646
2,7647
51,7647
55,7647
11,7649
19,7649
1,7650
59,7651
44,7652
1,7654
2,7656
39,7658
2,7659
60,7660
14,7660
2,7661
29,7661
27,7663
47,7664
26,7665
3,7666
4,7667
5,7668
3,7669
51,7669
4,7672
19,7673
28,7673
5,7674
30,7677
59,7677
56,7679
21,7681
50,7681
11,7685
7,7691
38,7697
29,7698
38,7698
36,7702
41,7702
18,7703
1,7704
23,7704
1,7706
2,7707
14,7707
39,7707
50,7707
1,7708
2,7710
2,7711
59,7711
27,7716
3,7719
1,7720
13,7720
19,7720
1,7721
4,7721
2,7722
5,7723
2,7724
10,7724
38,7724
58,7724
4,7726
35,7727
3,7728
23,7729
24,7729
1,7730
5,7730
8,7730
44,7731
2,7732
26,7733
36,7733
49,7734
35,7735
59,7736
28,7737
40,7737
47,7738
58,7739
9,7740
59,7742
57,7743
28,7744
30,7746
3,7747
6,7749
20,7752
22,7755
8,7756
32,7756
5,7757
41,7757
44,7758
42,7766
57,7770
60,7772
49,7773
1,7778
32,7778
1,7780
35,7781
2,7782
9,7782
1,7784
2,7785
52,7785
8,7786
54,7787
2,7788
28,7789
12,7790
15,7790
33,7791
20,7792
58,7795
38,7796
50,7796
4,7797
43,7797
4,7798
25,7798
33,7803
22,7804
40,7804
34,7806
5,7808
46,7809
1,7811
58,7813
41,7814
2,7816
1,7817
16,7820
2,7822
1,7824
48,7824
2,7826
3,7826
34,7826
5,7828
58,7828
11,7830
15,7830
4,7831
40,7831
5,7834
29,7834
4,7835
47,7837
11,7838
27,7839
3,7840
9,7842
49,7845
1,7846
1,7847
40,7847
2,7849
35,7849
1,7850
2,7852
37,7852
2,7853
40,7855
56,7856
29,7857
8,7858
38,7868
48,7868
13,7869
18,7871
60,7873
37,7873
30,7878
56,7879
1,7881
56,7881
2,7882
1,7883
34,7883
1,7888
2,7889
35,7889
15,7890
2,7891
56,7893
39,7894
51,7899
28,7903
49,7904
4,7905
6,7908
54,7908
48,7912
24,7913
56,7913
57,7913
1,7914
20,7915
2,7917
1,7921
2,7922
12,7922
34,7923
1,7924
38,7924
56,7925
2,7927
22,7931
28,7931
58,7933
39,7934
29,7936
22,7940
39,7941
47,7941
11,7949
10,7950
28,7950
36,7956
53,7958
3,7961
10,7961
4,7962
29,7962
4,7964
5,7966
59,7966
5,7971
30,7971
3,7972
19,7972
48,7973
55,7973
34,7975
19,7976
4,7977
1,7979
29,7979
8,7980
1,7982
2,7983
36,7983
2,7984
1,7985
2,7986
24,7986
6,7988
21,7988
7,7989
8,7992
50,7993
30,7994
36,7995
60,7997
25,7999
41,8000
17,8001
18,8001
28,8004
9,8005
21,8005
43,8007
52,8007
31,8009
34,8009
49,8014
40,8017
18,8020
37,8020
32,8021
57,8022
23,8024
22,8025
59,8028
37,8031
48,8033
42,8041
6,8042
28,8044
50,8044
34,8050
1,8051
58,8051
1,8053
6,8053
18,8054
2,8055
1,8056
31,8056
48,8056
11,8057
53,8057
2,8058
55,8058
2,8059
10,8059
15,8062
48,8062
32,8063
14,8065
31,8066
2,8067
6,8069
35,8070
17,8071
25,8074
10,8075
39,8075
51,8075
19,8082
28,8083
22,8086
35,8086
1,8087
52,8087
2,8088
39,8090
1,8092
9,8093
2,8094
1,8095
59,8095
2,8096
27,8096
9,8102
21,8102
23,8102
29,8105
28,8107
33,8110
36,8113
14,8117
6,8120
1,8121
29,8122
1,8124
2,8125
53,8125
59,8125
1,8126
35,8126
2,8127
2,8129
41,8129
44,8129
45,8131
30,8134
3,8137
4,8141
3,8142
5,8143
58,8144
4,8145
5,8146
52,8149
49,8152
8,8157
16,8158
54,8163
50,8164
45,8168
50,8168
11,8171
54,8172
18,8174
25,8174
58,8175
37,8176
50,8180
34,8185
60,8188
37,8194
18,8195
34,8195
10,8198
59,8200
13,8201
9,8206
1,8207
16,8207
14,8210
30,8210
2,8212
1,8214
3,8214
15,8214
2,8215
5,8215
28,8215
4,8216
26,8216
32,8216
1,8217
3,8217
22,8217
2,8218
15,8218
54,8218
4,8219
5,8220
57,8220
19,8223
36,8225
47,8225
13,8227
23,8229
3,8230
4,8231
1,8233
3,8233
4,8234
52,8234
5,8235
1,8236
5,8236
2,8237
6,8237
2,8238
56,8238
1,8239
47,8239
52,8240
2,8241
59,8241
45,8245
55,8245
38,8246
1,8248
39,8248
1,8250
2,8251
2,8252
57,8252
1,8253
23,8254
2,8255
33,8256
49,8258
53,8260
1,8261
37,8261
47,8261
1,8264
2,8265
23,8265
3,8266
5,8267
2,8268
16,8268
17,8268
1,8270
2,8271
4,8272
33,8272
4,8274
33,8274
5,8275
18,8275
28,8275
44,8275
3,8281
52,8282
30,8286
27,8287
34,8287
1,8288
60,8289
1,8289
22,8289
47,8289
2,8290
29,8290
1,8293
25,8293
52,8293
9,8294
2,8296
2,8298
28,8299
41,8302
33,8303
33,8308
14,8312
43,8313
4,8316
29,8317
37,8320
9,8321
39,8325
22,8329
25,8329
33,8329
26,8334
55,8334
1,8335
2,8335
1,8336
2,8337
32,8337
1,8338
2,8340
2,8341
3,8341
28,8341
4,8342
5,8343
3,8344
10,8344
44,8344
59,8344
19,8345
45,8345
54,8345
6,8349
5,8350
34,8350
4,8352
34,8353
13,8356
47,8358
57,8360
50,8363
3,8364
4,8366
5,8367
26,8368
3,8369
41,8369
60,8371
4,8371
5,8372
25,8372
32,8373
54,8376
9,8378
35,8379
56,8379
17,8380
54,8380
18,8382
56,8383
34,8384
55,8386
32,8387
45,8387
19,8388
31,8388
36,8388
16,8393
41,8393
46,8393
34,8394
60,8395
57,8395
1,8399
14,8399
2,8400
18,8401
39,8401
50,8401
1,8402
8,8403
2,8406
1,8407
28,8408
41,8408
2,8409
20,8409
28,8410
48,8411
17,8412
12,8414
41,8418
1,8420
19,8420
2,8422
16,8422
26,8422
44,8422
1,8423
22,8423
23,8423
59,8423
50,8424
47,8426
1,8427
2,8429
2,8431
34,8431
51,8431
59,8431
17,8434
21,8438
48,8438
56,8438
20,8439
22,8439
43,8448
59,8451
23,8453
12,8455
12,8456
27,8457
60,8465
30,8465
24,8467
31,8471
6,8474
60,8475
34,8475
36,8477
6,8478
1,8480
42,8480
1,8481
46,8482
53,8482
2,8483
46,8484
2,8485
1,8486
2,8487
13,8487
28,8487
3,8488
5,8490
38,8492
50,8492
11,8493
4,8494
34,8496
26,8497
34,8498
46,8498
2,8499
4,8499
52,8500
5,8501
53,8501
60,8502
3,8502
49,8503
23,8505
6,8508
35,8510
36,8510
42,8510
28,8511
3,8515
28,8515
51,8515
4,8516
1,8518
1,8519
5,8519
3,8520
5,8521
2,8522
4,8522
30,8522
35,8522
1,8523
35,8523
44,8524
2,8525
2,8526
46,8526
6,8527
12,8527
13,8528
20,8528
57,8536
50,8539
41,8541
11,8542
9,8543
27,8543
23,8546
8,8549
24,8549
42,8551
40,8555
52,8556
29,8558
30,8558
28,8559
46,8559
11,8561
18,8570
30,8572
8,8573
18,8573
46,8573
22,8575
35,8575
21,8576
20,8577
31,8577
53,8577
14,8578
13,8583
1,8586
3,8587
2,8588
4,8588
3,8589
51,8589
1,8591
5,8591
18,8591
5,8594
2,8595
35,8595
60,8596
19,8596
35,8596
1,8597
15,8597
2,8598
4,8598
2,8600
9,8601
9,8603
20,8604
46,8605
54,8610
58,8611
3,8613
25,8613
46,8614
20,8615
28,8615
11,8619
17,8624
21,8627
31,8628
20,8629
32,8629
52,8629
48,8631
26,8632
13,8636
3,8637
54,8637
4,8638
13,8639
3,8640
5,8642
11,8642
18,8642
22,8642
5,8643
60,8645
4,8645
58,8646
6,8647
32,8647
29,8648
45,8651
50,8654
41,8655
17,8656
41,8657
16,8660
19,8662
8,8663
46,8664
21,8665
28,8668
24,8671
59,8672
29,8673
26,8674
36,8675
15,8677
36,8677
41,8680
60,8682
49,8682
12,8685
27,8687
37,8688
60,8691
11,8691
24,8693
10,8695
53,8695
6,8697
7,8697
51,8702
52,8703
29,8704
11,8706
42,8708
1,8709
7,8709
2,8710
26,8710
6,8712
1,8713
2,8714
7,8714
45,8715
1,8716
11,8717
2,8718
12,8719
40,8720
37,8721
48,8725
32,8727
59,8728
24,8730
47,8731
53,8732
60,8733
52,8733
9,8737
44,8738
56,8741
5,8744
9,8748
15,8748
4,8749
43,8749
6,8750
13,8751
29,8752
55,8752
47,8756
50,8758
17,8759
46,8763
37,8764
31,8765
19,8768
30,8770
31,8770
37,8774
3,8779
4,8781
25,8781
45,8782
3,8783
32,8783
13,8784
32,8784
5,8786
23,8786
5,8787
40,8788
54,8788
4,8789
1,8792
2,8794
29,8794
1,8795
46,8795
2,8797
38,8797
1,8798
35,8798
29,8799
48,8799
2,8802
10,8802
43,8807
3,8808
4,8809
9,8809
16,8809
5,8811
4,8813
3,8814
31,8815
5,8817
19,8820
29,8822
33,8823
11,8824
28,8824
31,8824
60,8825
38,8825
55,8829
4,8831
30,8833
40,8833
58,8833
11,8835
20,8839
43,8842
16,8843
21,8845
48,8847
31,8849
60,8850
30,8851
20,8857
48,8859
3,8861
31,8861
16,8863
5,8864
56,8864
4,8865
46,8865
33,8867
3,8870
21,8871
46,8871
9,8873
5,8874
32,8874
59,8874
22,8875
42,8875
30,8877
4,8878
7,8878
42,8878
50,8878
48,8880
47,8886
54,8887
28,8888
59,8888
18,8892
60,8893
35,8893
50,8894
15,8895
41,8896
29,8898
34,8900
16,8902
40,8904
56,8905
60,8908
19,8908
34,8909
29,8913
57,8913
23,8914
49,8916
6,8919
33,8919
9,8922
17,8922
22,8922
53,8925
54,8927
8,8930
47,8939
57,8940
55,8944
15,8947
32,8948
56,8948
1,8951
1,8952
50,8952
2,8953
51,8954
2,8955
39,8956
1,8957
58,8958
2,8959
23,8959
39,8961
46,8963
12,8969
37,8970
47,8975
32,8980
3,8985
16,8985
34,8986
5,8987
4,8988
45,8988
3,8989
19,8989
19,8990
58,8990
20,8992
1,8994
5,8994
42,8994
4,8995
29,8995
2,8996
54,8997
1,8999
7,8999
8,9000
14,9001
56,9001
9,9002
11,9002
1,9003
2,9004
2,9005
3,9007
5,9008
36,9009
56,9009
4,9010
22,9011
5,9012
22,9012
40,9012
56,9012
3,9013
21,9014
30,9014
4,9016
22,9017
34,9018
14,9021
1,9022
8,9024
20,9024
57,9024
3,9025
52,9025
9,9027
41,9029
1,9031
1,9032
2,9033
21,9033
37,9033
52,9036
1,9039
11,9039
3,9042
12,9042
2,9043
4,9043
33,9043
44,9043
4,9044
45,9044
5,9045
3,9046
29,9046
5,9047
2,9048
50,9049
28,9050
33,9050
42,9050
54,9051
8,9052
45,9054
56,9054
22,9055
53,9055
22,9056
18,9057
37,9057
47,9058
14,9063
8,9064
29,9065
38,9065
32,9066
47,9066
24,9067
30,9067
28,9068
12,9069
43,9070
39,9071
49,9071
6,9074
43,9075
21,9081
45,9082
49,9084
6,9090
36,9090
7,9091
55,9091
56,9091
58,9092
50,9094
14,9097
1,9098
31,9098
37,9098
2,9099
55,9099
1,9100
2,9102
23,9102
43,9102
1,9103
55,9103
2,9106
26,9107
45,9107
56,9108
58,9108
41,9109
15,9110
34,9114
26,9116
38,9116
1,9117
29,9117
29,9118
2,9120
25,9120
1,9121
24,9121
35,9121
1,9122
48,9122
2,9123
43,9123
2,9124
3,9124
35,9124
5,9125
4,9126
14,9127
3,9128
57,9129
5,9130
8,9130
60,9131
4,9133
41,9138
56,9140
10,9141
18,9145
48,9150
45,9151
60,9153
16,9158
37,9160
8,9163
60,9165
23,9165
7,9168
21,9168
60,9169
8,9169
10,9170
59,9170
55,9171
33,9172
34,9176
12,9178
30,9179
10,9180
3,9182
4,9184
23,9184
12,9185
53,9185
51,9186
45,9187
5,9188
5,9190
3,9191
16,9191
4,9193
30,9195
15,9201
54,9201
60,9202
58,9203
39,9207
54,9208
14,9209
48,9210
1,9212
1,9213
2,9214
10,9216
2,9217
1,9219
2,9223
32,9223
59,9225
43,9231
55,9232
27,9233
34,9234
32,9239
52,9240
53,9241
20,9243
15,9244
17,9245
16,9246
21,9246
50,9248
51,9248
41,9249
16,9250
28,9251
40,9251
37,9254
60,9255
3,9255
41,9260
45,9261
13,9262
14,9262
7,9267
7,9268
24,9269
53,9269
25,9270
22,9271
28,9271
28,9272
41,9274
60,9275
58,9275
56,9276
6,9278
41,9278
7,9279
59,9279
47,9281
27,9282
50,9283
25,9285
46,9288
21,9292
44,9293
26,9294
48,9296
37,9298
22,9300
26,9300
32,9301
17,9302
59,9302
21,9305
11,9306
43,9306
27,9307
50,9310
3,9313
9,9313
24,9313
53,9314
5,9317
5,9320
20,9320
4,9321
31,9321
4,9322
11,9323
3,9324
17,9329
44,9329
29,9331
57,9332
25,9336
41,9341
16,9345
7,9346
10,9347
55,9347
1,9348
1,9349
2,9350
13,9350
33,9350
2,9353
1,9357
14,9357
15,9357
46,9357
2,9358
14,9358
14,9365
43,9365
6,9366
53,9367
34,9373
14,9375
57,9376
18,9381
7,9382
43,9383
57,9385
39,9396
3,9397
26,9399
12,9402
17,9402
46,9403
26,9404
29,9404
14,9405
28,9407
37,9407
49,9411
1,9412
24,9413
2,9415
37,9415
1,9416
51,9417
2,9418
1,9419
2,9420
14,9420
30,9420
1,9421
1,9422
24,9424
3,9427
5,9428
33,9428
36,9428
4,9429
43,9429
2,9430
5,9433
3,9435
54,9435
1,9436
4,9436
24,9436
47,9436
51,9436
2,9437
16,9438
2,9439
3,9441
54,9441
31,9442
3,9447
26,9450
4,9451
29,9451
3,9452
4,9453
40,9454
36,9455
5,9459
5,9460
14,9460
31,9460
53,9462
25,9463
53,9464
58,9464
57,9465
1,9466
2,9467
20,9467
1,9469
35,9469
1,9470
55,9470
2,9471
2,9472
10,9473
23,9473
60,9476
1,9476
24,9477
34,9478
12,9484
39,9484
49,9485
17,9489
52,9491
1,9492
2,9493
45,9493
1,9495
2,9496
56,9497
41,9500
1,9502
2,9504
41,9504
17,9505
14,9507
59,9507
12,9510
40,9510
29,9511
51,9511
18,9515
25,9516
34,9516
38,9518
56,9518
8,9519
10,9519
49,9519
55,9523
13,9524
17,9524
18,9525
56,9526
22,9530
50,9532
22,9537
49,9538
37,9539
16,9544
6,9548
47,9549
9,9550
7,9554
24,9563
32,9565
52,9565
6,9566
5,9567
45,9567
47,9567
28,9568
29,9569
32,9569
1,9572
2,9573
1,9574
16,9574
18,9574
1,9575
41,9576
2,9577
53,9577
6,9578
23,9579
53,9579
2,9580
3,9582
4,9584
5,9585
36,9587
3,9588
4,9589
12,9589
5,9590
41,9590
41,9591
23,9592
29,9592
53,9592
31,9593
36,9593
11,9596
45,9598
25,9602
35,9602
36,9602
32,9606
12,9607
23,9607
6,9611
48,9614
13,9616
46,9617
44,9619
57,9626
1,9629
26,9630
22,9640
47,9640
2,9643
22,9645
1,9646
2,9648
9,9649
1,9652
2,9653
24,9653
42,9654
43,9654
51,9655
37,9657
6,9658
9,9659
33,9660
41,9660
3,9661
18,9662
22,9662
33,9662
4,9664
49,9664
4,9665
5,9667
5,9669
3,9670
1,9674
17,9674
2,9675
36,9676
9,9677
50,9677
1,9678
7,9678
2,9680
57,9683
1,9684
7,9684
28,9685
36,9685
43,9685
2,9686
6,9686
27,9687
18,9692
14,9693
60,9696
50,9696
14,9697
34,9702
36,9705
24,9708
9,9709
44,9712
60,9717
37,9720
49,9720
43,9721
11,9722
48,9722
12,9723
57,9724
54,9725
59,9730
10,9731
16,9736
8,9737
23,9738
24,9739
37,9739
42,9739
59,9739
21,9741
25,9744
10,9745
24,9747
37,9747
28,9750
13,9752
41,9756
60,9759
9,9765
33,9765
33,9766
18,9767
58,9767
1,9768
2,9769
1,9770
28,9770
37,9772
1,9773
2,9774
2,9777
31,9777
55,9777
12,9778
40,9778
38,9779
9,9780
11,9782
21,9783
53,9783
23,9785
13,9786
46,9786
54,9786
10,9788
47,9792
56,9795
11,9797
13,9800
14,9803
17,9805
8,9807
26,9807
45,9809
36,9811
60,9812
35,9817
26,9819
42,9820
3,9823
7,9823
16,9823
52,9823
57,9823
57,9824
5,9827
4,9828
29,9830
3,9831
4,9832
37,9832
45,9833
48,9834
5,9838
26,9838
43,9839
45,9844
45,9845
42,9849
26,9851
60,9853
47,9853
60,9858
3,9858
4,9859
3,9860
8,9860
12,9860
21,9860
58,9861
5,9864
24,9864
40,9864
4,9867
21,9867
31,9867
5,9870
17,9870
1,9872
29,9872
50,9875
19,9876
22,9879
31,9879
44,9880
32,9882
57,9883
20,9885
51,9885
50,9887
36,9889
21,9893
14,9895
35,9895
56,9897
12,9906
1,9908
1,9909
24,9909
2,9913
2,9916
27,9917
1,9920
15,9920
2,9921
26,9922
25,9926
1,9927
28,9927
2,9929
60,9932
1,9933
15,9933
54,9933
1,9934
3,9934
48,9934
59,9934
2,9935
5,9935
11,9935
4,9936
2,9937
5,9937
58,9940
3,9942
53,9943
4,9944
24,9945
32,9946
6,9947
1,9951
1,9952
2,9954
1,9955
39,9957
2,9958
15,9959
34,9959
45,9959
2,9960
26,9964
37,9965
38,9968
39,9976
47,9976
46,9977
53,9977
54,9978
39,9979
42,9983
8,9984
1,9991
30,9991
2,9994
1,9995
1,9996
41,9996
29,9998
21,9999
