52,1
31,5
1,11
42,11
43,12
33,13
1,14
39,15
50,16
2,18
26,20
54,21
1,22
19,22
2,23
3,24
2,26
9,27
15,27
9,29
44,29
41,30
52,31
39,32
60,35
43,35
54,35
10,36
13,37
48,37
22,39
29,40
55,44
6,49
16,49
53,49
21,53
22,54
24,55
14,56
5,57
60,59
12,59
14,61
9,63
54,63
15,67
43,68
59,70
42,72
55,74
22,76
23,76
3,80
36,80
38,81
4,82
38,82
3,83
36,83
5,84
34,86
37,86
43,86
5,88
39,89
3,90
54,90
2,91
4,91
1,93
40,96
28,98
52,98
5,99
38,100
34,104
6,105
3,106
18,107
5,110
35,110
4,111
12,112
22,112
43,112
60,113
30,114
4,115
19,115
5,116
3,119
30,122
47,122
57,126
1,128
23,128
29,129
2,130
1,132
29,132
45,132
1,133
2,134
19,134
23,134
28,134
2,135
49,137
51,138
52,138
25,139
57,139
54,142
60,143
17,144
57,148
1,149
16,153
47,153
46,155
6,156
37,158
40,158
55,163
36,165
40,167
15,170
17,170
35,170
54,170
11,172
38,172
3,177
9,177
55,179
4,181
29,181
34,181
33,182
55,183
5,184
37,184
5,185
41,188
55,189
16,190
34,190
4,191
19,191
53,191
3,192
28,194
7,195
30,196
44,197
51,199
15,200
10,201
22,201
6,202
53,202
29,203
39,203
48,205
46,206
22,209
52,209
24,211
3,212
40,213
12,217
38,218
34,220
18,221
16,223
45,223
18,224
56,224
51,226
34,227
49,227
54,227
7,234
21,234
7,235
7,237
1,241
1,242
14,242
39,242
2,243
2,244
37,244
1,245
2,246
18,247
34,247
48,249
13,252
53,252
29,256
26,258
32,261
43,261
22,262
50,262
48,263
44,264
14,265
42,265
7,267
57,267
3,268
24,268
39,268
24,271
26,272
41,272
5,275
1,276
4,276
46,276
3,277
5,278
19,280
36,280
46,280
4,281
16,282
24,282
20,283
26,283
19,286
2,287
59,287
6,289
1,292
3,293
2,294
4,294
16,295
1,296
38,296
2,297
42,297
5,301
4,303
17,303
45,303
5,305
35,306
7,308
27,308
3,309
59,311
24,313
29,313
11,319
1,320
1,321
3,321
6,322
2,325
5,326
54,327
4,328
6,328
1,329
5,330
27,330
4,331
22,332
2,333
3,335
13,335
47,336
6,337
2,339
25,342
52,342
19,343
53,343
25,344
18,345
3,347
25,347
5,350
14,352
1,357
4,357
16,359
34,360
1,361
24,362
38,362
43,364
4,365
2,366
25,366
59,369
1,370
11,370
2,371
18,371
21,371
50,373
3,375
2,377
5,378
14,381
43,381
44,384
7,386
49,386
1,391
25,391
60,393
10,393
27,393
2,394
1,397
2,398
9,399
1,400
47,400
56,400
2,402
51,405
50,410
51,410
37,417
14,419
21,420
44,423
21,425
38,425
51,428
8,432
12,432
45,432
49,432
53,432
27,435
36,435
42,436
6,437
45,438
17,439
46,444
18,447
1,451
22,451
37,453
57,453
2,456
25,458
10,459
34,459
3,460
1,462
22,462
4,465
1,467
5,467
2,468
52,468
2,469
29,469
21,470
53,473
3,474
10,474
4,478
5,481
39,481
50,481
3,483
4,484
3,485
4,486
5,487
55,487
5,488
3,493
4,496
22,496
5,497
30,498
4,499
17,502
5,504
21,504
47,504
3,505
58,505
22,506
3,507
22,507
42,507
4,511
4,513
38,513
48,514
3,515
26,515
25,517
5,518
5,519
49,527
12,528
32,528
19,532
57,532
1,533
35,533
1,534
2,535
9,536
57,537
2,538
1,539
2,540
10,540
20,540
35,542
37,544
57,544
40,545
38,546
25,548
16,550
24,550
42,555
15,562
20,563
22,563
50,563
10,564
31,564
38,564
16,568
39,568
46,571
36,572
7,576
21,578
39,581
23,585
52,585
18,586
35,586
32,592
56,596
47,597
51,597
12,603
30,604
53,604
15,605
56,607
23,608
24,609
26,610
60,613
9,614
52,622
22,628
44,630
44,631
33,633
48,641
15,643
38,643
53,643
24,644
41,646
3,649
14,649
31,651
50,651
4,656
5,658
3,659
1,660
5,660
4,661
32,661
2,664
54,665
60,666
1,666
2,667
45,667
1,668
2,669
33,669
57,669
3,672
2,675
4,676
15,676
53,678
5,681
48,681
36,683
4,684
28,684
3,685
48,685
5,686
18,690
38,690
42,691
1,692
35,693
53,694
2,695
1,696
47,696
2,697
1,698
15,698
18,698
33,698
2,699
38,699
5,700
36,701
41,703
13,705
19,706
59,706
3,707
10,709
47,709
54,710
37,712
4,713
26,714
4,715
5,715
20,715
5,716
5,718
9,719
3,720
29,720
35,720
57,720
3,723
26,723
46,723
4,725
4,727
59,727
36,728
18,729
5,730
3,731
58,731
5,733
34,733
1,739
2,740
44,740
1,741
27,742
2,744
1,745
52,745
2,746
16,746
32,746
38,746
21,750
42,750
11,756
55,756
8,757
21,758
14,760
36,761
3,762
60,763
4,763
57,764
3,765
28,765
4,766
5,767
6,767
38,767
5,768
50,768
50,769
1,776
11,777
27,777
32,778
2,780
1,781
2,782
33,782
36,783
48,783
1,784
45,784
2,785
1,786
2,787
28,788
1,790
1,791
2,792
2,793
12,793
23,795
36,795
1,796
1,797
2,799
24,799
1,800
3,801
47,802
5,803
4,804
13,804
2,805
35,805
53,805
4,806
1,808
5,808
2,809
17,809
27,809
58,809
3,810
13,813
23,814
41,814
7,816
31,816
50,816
18,818
22,819
48,819
10,821
47,822
8,825
7,828
13,828
33,830
53,831
15,834
47,841
48,841
3,842
45,843
4,844
60,845
4,845
42,845
5,846
5,847
20,848
46,848
18,850
30,850
3,851
30,855
12,857
52,857
42,860
21,862
48,862
53,862
42,866
5,867
31,868
6,870
40,871
41,871
1,873
1,875
2,876
40,876
30,877
1,878
16,878
36,880
2,881
25,882
2,885
10,885
29,889
39,889
47,890
39,891
53,892
42,895
46,897
14,898
35,904
51,905
29,907
51,907
38,911
3,914
4,915
5,917
1,918
3,918
4,919
13,919
51,920
5,922
2,923
1,925
50,925
10,926
36,926
39,929
52,930
26,931
45,931
2,933
51,933
1,935
29,935
2,937
37,937
10,938
21,938
18,941
35,943
31,947
58,948
20,950
34,951
10,953
34,953
48,953
45,955
7,956
30,957
57,957
14,958
60,960
33,961
35,968
6,970
46,971
33,972
31,974
34,978
23,980
37,981
50,986
60,989
31,992
40,993
47,996
46,997
9,999
33,1003
3,1004
48,1006
35,1008
1,1010
48,1010
4,1011
1,1013
11,1013
39,1013
2,1015
1,1016
38,1017
28,1022
2,1023
54,1026
2,1027
37,1027
8,1028
37,1028
1,1029
46,1029
1,1032
37,1032
2,1033
18,1033
35,1033
45,1035
2,1036
48,1037
48,1038
1,1039
35,1039
2,1042
42,1042
42,1043
37,1044
6,1045
1,1046
1,1050
2,1051
9,1053
1,1054
2,1055
22,1055
2,1057
38,1057
1,1062
9,1062
46,1062
1,1063
2,1065
54,1065
19,1068
51,1069
2,1070
1,1071
2,1073
12,1075
60,1077
2,1078
34,1084
52,1084
31,1085
32,1085
44,1092
16,1094
57,1097
46,1098
59,1100
47,1101
16,1103
22,1106
28,1106
51,1106
13,1109
27,1111
31,1111
22,1113
40,1113
51,1113
48,1114
13,1115
26,1117
41,1117
50,1117
11,1118
54,1120
57,1120
55,1122
46,1126
48,1126
42,1129
57,1132
8,1134
11,1134
32,1134
37,1135
33,1137
29,1138
47,1142
10,1145
40,1145
41,1145
33,1147
28,1149
45,1149
22,1151
30,1152
50,1155
38,1156
3,1160
4,1161
44,1161
5,1163
32,1164
50,1164
20,1165
33,1165
48,1165
4,1167
20,1167
3,1169
47,1169
20,1170
5,1172
47,1172
50,1172
13,1174
12,1175
10,1176
3,1177
5,1178
51,1178
29,1179
4,1182
3,1183
41,1184
48,1185
5,1186
4,1190
36,1197
20,1199
43,1201
37,1202
58,1204
17,1206
26,1210
7,1211
12,1212
20,1212
9,1213
42,1215
10,1216
48,1223
8,1230
27,1232
38,1234
60,1238
54,1242
38,1243
37,1245
3,1248
22,1249
4,1251
5,1254
16,1254
9,1255
3,1256
5,1257
6,1257
27,1257
37,1257
56,1257
4,1259
3,1263
58,1265
4,1266
42,1266
3,1267
57,1267
4,1268
18,1269
5,1270
39,1270
12,1271
5,1272
10,1272
1,1273
22,1273
2,1275
1,1277
1,1278
38,1278
2,1279
2,1281
26,1281
28,1284
37,1284
1,1287
35,1287
50,1287
17,1288
8,1289
32,1289
43,1291
20,1292
17,1298
1,1299
13,1299
21,1299
1,1300
2,1301
14,1301
27,1301
57,1301
2,1302
16,1302
38,1302
42,1303
44,1306
1,1308
15,1308
35,1309
22,1310
3,1311
32,1311
2,1314
13,1315
19,1316
38,1316
7,1317
30,1319
46,1320
42,1322
15,1323
38,1326
27,1329
3,1337
55,1337
4,1340
16,1340
4,1341
6,1341
58,1341
3,1343
1,1344
5,1345
5,1346
6,1347
55,1347
32,1348
1,1349
57,1350
3,1353
11,1353
28,1353
2,1354
51,1354
1,1355
4,1356
2,1357
16,1357
2,1360
5,1360
32,1360
3,1362
14,1362
24,1362
4,1363
20,1363
5,1365
16,1365
55,1368
21,1371
23,1378
3,1381
4,1383
23,1383
58,1383
4,1384
22,1386
5,1387
5,1389
3,1391
9,1392
20,1392
60,1396
27,1397
1,1398
9,1399
15,1399
1,1400
2,1401
44,1401
26,1402
12,1403
16,1404
33,1404
2,1407
1,1408
27,1408
2,1409
15,1409
31,1410
9,1411
38,1411
9,1412
26,1413
15,1414
6,1415
27,1416
54,1417
34,1420
34,1422
25,1423
36,1427
37,1428
12,1429
30,1430
32,1430
50,1433
50,1434
43,1435
3,1436
1,1440
1,1442
4,1442
2,1443
37,1443
2,1444
46,1444
3,1445
23,1445
48,1445
11,1446
1,1447
41,1448
26,1449
2,1450
4,1450
4,1451
5,1451
21,1451
37,1452
5,1453
16,1453
7,1454
33,1454
10,1455
18,1455
1,1456
8,1458
38,1458
8,1459
1,1460
2,1461
16,1463
1,1464
9,1464
23,1464
2,1465
2,1466
14,1467
55,1469
18,1471
15,1472
12,1481
27,1481
54,1481
1,1484
9,1485
34,1486
48,1486
19,1487
1,1490
2,1491
23,1491
25,1491
34,1491
2,1493
7,1496
32,1496
1,1497
2,1498
3,1498
47,1498
39,1502
46,1503
43,1504
25,1505
23,1507
54,1508
16,1509
7,1510
32,1511
33,1512
40,1513
3,1515
18,1516
23,1516
14,1517
21,1517
4,1519
52,1519
18,1520
55,1521
5,1523
24,1524
3,1525
16,1525
25,1526
6,1529
18,1529
54,1529
5,1530
53,1530
4,1531
43,1537
23,1538
42,1539
23,1540
22,1545
51,1545
44,1547
35,1551
24,1554
7,1555
37,1555
27,1560
3,1561
11,1561
57,1562
28,1563
47,1563
4,1564
36,1564
9,1565
15,1565
48,1566
50,1566
17,1567
5,1568
32,1568
4,1569
60,1570
35,1570
48,1570
53,1573
41,1575
3,1576
33,1577
5,1578
57,1578
15,1579
46,1580
26,1582
1,1584
51,1584
3,1586
27,1586
2,1587
37,1587
4,1588
35,1588
23,1589
35,1589
14,1590
1,1592
3,1592
1,1593
33,1593
4,1594
5,1595
7,1595
2,1596
5,1596
25,1598
2,1600
12,1603
53,1604
37,1605
29,1608
11,1612
16,1615
59,1615
53,1616
14,1617
56,1621
42,1623
17,1630
18,1630
17,1631
42,1631
24,1639
32,1639
15,1643
2,1645
10,1645
38,1646
43,1647
21,1648
9,1649
59,1649
16,1652
34,1654
7,1659
6,1660
31,1661
22,1663
45,1663
28,1665
41,1665
30,1668
3,1669
21,1672
36,1673
5,1674
11,1674
17,1676
28,1676
9,1679
56,1680
4,1681
3,1683
25,1683
4,1684
45,1684
5,1685
20,1687
45,1688
49,1689
1,1690
1,1692
47,1693
13,1694
2,1695
2,1698
42,1699
55,1699
1,1700
21,1700
18,1701
33,1702
2,1704
14,1704
18,1705
49,1706
3,1709
5,1710
51,1711
4,1712
4,1714
3,1717
5,1719
30,1719
31,1720
9,1722
24,1723
32,1725
53,1725
3,1727
22,1728
18,1729
20,1729
2,1730
8,1731
49,1739
34,1741
34,1742
44,1747
56,1747
8,1748
7,1751
32,1751
16,1752
37,1753
13,1759
57,1759
35,1762
50,1763
30,1764
3,1765
44,1765
33,1766
29,1767
8,1768
54,1769
12,1770
25,1770
11,1774
1,1775
1,1776
34,1776
16,1777
55,1777
2,1779
1,1780
1,1781
2,1782
2,1785
11,1785
26,1789
52,1789
7,1790
43,1790
2,1795
59,1795
35,1799
58,1800
42,1805
7,1807
6,1814
43,1822
43,1823
28,1824
49,1824
9,1827
57,1830
18,1832
31,1833
46,1833
25,1834
46,1834
11,1835
12,1835
58,1837
9,1839
56,1840
54,1844
13,1845
1,1851
28,1854
38,1854
45,1854
47,1856
17,1857
23,1857
52,1859
60,1860
44,1860
58,1861
16,1864
52,1866
56,1866
16,1867
6,1868
47,1868
42,1870
48,1871
8,1874
40,1875
44,1875
58,1875
12,1876
43,1881
45,1883
49,1884
45,1887
26,1888
29,1890
56,1890
14,1891
1,1893
2,1894
11,1894
1,1896
50,1896
1,1897
16,1897
45,1897
2,1898
2,1899
53,1899
27,1902
37,1902
53,1902
8,1903
41,1903
22,1905
1,1907
1,1908
45,1909
55,1909
2,1910
1,1912
57,1912
2,1914
13,1914
60,1921
2,1921
50,1921
58,1921
16,1923
42,1923
38,1924
40,1926
50,1926
45,1931
47,1934
27,1935
35,1937
13,1938
3,1939
24,1939
5,1941
35,1941
20,1944
46,1945
50,1946
34,1949
58,1949
59,1949
55,1950
29,1951
54,1953
42,1954
4,1956
57,1956
15,1958
37,1959
4,1960
36,1961
1,1962
28,1962
2,1963
11,1964
1,1965
17,1965
1,1966
34,1966
5,1967
19,1967
3,1968
32,1969
28,1970
49,1970
58,1971
50,1972
59,1972
2,1973
2,1974
45,1974
57,1976
53,1977
31,1978
20,1979
42,1980
55,1980
8,1981
4,1982
6,1986
20,1986
54,1986
32,1987
32,1990
22,1992
33,1993
57,1993
55,1997
60,1999
14,1999
39,2000
53,2000
60,2003
3,2003
52,2004
27,2005
1,2007
42,2007
1,2008
11,2010
53,2010
21,2011
2,2012
10,2014
37,2014
43,2015
45,2015
16,2017
2,2018
1,2019
2,2020
54,2020
24,2021
34,2022
16,2026
58,2032
15,2033
33,2033
39,2033
41,2035
13,2038
25,2038
15,2039
38,2039
11,2040
17,2041
38,2045
25,2046
32,2051
28,2052
19,2055
38,2057
26,2060
23,2063
53,2063
18,2064
41,2065
9,2066
45,2067
12,2068
53,2070
13,2071
39,2071
56,2073
28,2075
58,2075
12,2077
60,2080
9,2080
47,2080
16,2085
14,2089
9,2090
40,2091
1,2095
1,2096
6,2099
47,2099
2,2100
2,2101
28,2101
14,2104
17,2104
29,2104
33,2104
1,2105
47,2105
2,2106
23,2106
15,2107
32,2109
60,2110
42,2110
55,2111
53,2112
36,2113
16,2116
45,2117
25,2123
29,2125
46,2126
59,2132
11,2134
44,2137
59,2138
48,2139
31,2140
22,2142
1,2145
3,2145
1,2147
4,2147
4,2149
5,2150
6,2150
4,2151
5,2151
2,2152
2,2153
23,2153
49,2154
60,2155
45,2155
1,2156
3,2156
8,2156
2,2158
18,2161
1,2162
2,2163
38,2163
1,2164
2,2165
1,2166
30,2166
2,2167
30,2167
48,2168
57,2168
33,2169
49,2173
39,2174
59,2176
52,2183
42,2186
46,2187
43,2195
24,2196
25,2196
41,2197
22,2200
23,2200
43,2201
32,2202
51,2203
13,2208
13,2209
41,2212
44,2212
25,2215
53,2215
11,2216
21,2216
50,2216
15,2218
52,2220
60,2222
47,2231
29,2234
41,2234
27,2235
9,2239
11,2239
5,2241
11,2241
40,2241
53,2241
30,2245
46,2245
1,2247
2,2248
60,2250
1,2250
60,2251
6,2251
14,2253
31,2254
2,2258
38,2258
8,2259
18,2260
35,2260
1,2262
51,2262
56,2262
2,2263
10,2263
18,2264
49,2265
53,2268
25,2269
27,2269
47,2269
57,2269
35,2271
41,2272
28,2273
6,2276
15,2276
44,2276
1,2280
2,2281
21,2281
12,2283
1,2285
43,2286
52,2288
53,2288
2,2289
58,2289
23,2290
36,2291
43,2292
1,2294
53,2294
33,2295
41,2295
49,2295
2,2296
40,2299
45,2299
3,2301
47,2301
15,2303
52,2308
5,2309
50,2309
4,2310
24,2311
4,2312
3,2313
5,2317
36,2317
43,2317
11,2318
14,2320
3,2321
6,2321
11,2321
17,2321
5,2322
5,2323
1,2324
14,2325
4,2326
2,2327
1,2328
3,2328
22,2328
1,2329
27,2329
4,2330
11,2331
2,2333
2,2334
23,2334
46,2337
24,2343
2,2344
12,2344
23,2344
13,2345
42,2349
28,2351
17,2352
10,2353
1,2355
1,2356
2,2358
46,2358
60,2359
1,2359
2,2359
21,2360
2,2364
2,2366
22,2368
31,2369
48,2369
25,2377
13,2379
53,2379
4,2380
1,2381
1,2382
23,2382
2,2383
1,2385
4,2385
49,2386
2,2394
9,2395
2,2397
8,2398
3,2405
30,2405
55,2406
5,2408
5,2409
4,2410
3,2412
4,2413
3,2415
5,2419
46,2419
53,2420
45,2421
44,2422
54,2422
31,2423
40,2423
53,2423
8,2425
5,2426
4,2429
57,2429
12,2430
51,2431
31,2432
43,2434
6,2435
46,2435
60,2437
4,2437
3,2438
52,2438
58,2439
3,2441
7,2441
34,2441
52,2444
38,2446
11,2449
41,2450
37,2452
42,2455
54,2458
32,2459
16,2463
25,2463
24,2465
15,2466
8,2467
60,2468
60,2469
37,2469
48,2470
55,2470
29,2471
34,2474
10,2477
20,2477
42,2480
1,2481
8,2483
37,2483
38,2483
44,2483
40,2485
30,2492
45,2492
32,2494
53,2494
11,2495
57,2496
27,2497
37,2497
33,2503
53,2504
28,2507
15,2508
19,2509
22,2509
35,2509
39,2511
46,2511
24,2514
27,2516
12,2517
8,2520
3,2521
29,2521
1,2523
4,2523
30,2523
39,2523
2,2524
4,2524
5,2524
21,2524
1,2525
5,2525
4,2527
55,2527
3,2528
17,2528
58,2529
7,2530
1,2531
15,2532
2,2533
2,2534
18,2535
3,2536
34,2537
38,2538
52,2540
25,2541
5,2543
10,2543
4,2545
7,2546
44,2546
5,2547
34,2547
17,2548
3,2549
12,2552
21,2552
40,2556
42,2556
55,2556
4,2558
47,2560
12,2562
30,2562
15,2564
51,2565
25,2566
52,2567
43,2568
19,2570
10,2572
2,2573
43,2573
21,2574
58,2574
39,2576
16,2578
42,2578
3,2582
8,2582
39,2584
5,2587
33,2587
4,2588
8,2588
5,2591
5,2592
43,2593
47,2593
4,2594
3,2595
42,2595
27,2596
3,2599
44,2600
5,2601
26,2602
4,2603
3,2606
37,2606
4,2607
50,2607
56,2607
5,2608
22,2609
14,2612
18,2612
35,2612
33,2620
15,2623
29,2624
25,2626
12,2633
33,2635
29,2639
56,2640
45,2643
13,2648
48,2648
21,2651
44,2651
27,2654
35,2654
21,2656
16,2658
39,2659
30,2661
36,2664
7,2667
60,2674
33,2674
20,2677
27,2681
45,2681
60,2683
55,2684
21,2685
40,2685
50,2685
51,2685
22,2687
18,2690
49,2690
3,2691
34,2691
5,2692
4,2693
8,2694
10,2695
29,2695
5,2696
21,2696
4,2698
3,2699
24,2699
33,2699
60,2702
6,2705
26,2705
37,2705
2,2707
7,2707
8,2707
7,2710
16,2714
3,2715
46,2715
5,2716
5,2717
34,2717
4,2721
52,2722
3,2724
4,2726
53,2726
5,2728
36,2728
8,2729
51,2731
60,2732
39,2735
44,2736
11,2739
56,2741
58,2741
20,2744
40,2745
7,2747
8,2751
7,2752
4,2755
1,2756
1,2757
6,2757
60,2758
24,2758
2,2760
45,2760
51,2760
58,2761
2,2763
13,2763
44,2763
7,2764
53,2764
1,2767
3,2767
2,2768
4,2768
5,2769
5,2770
46,2770
25,2771
33,2771
28,2772
3,2773
4,2775
16,2776
21,2776
23,2776
47,2777
58,2779
19,2780
44,2781
5,2783
3,2788
4,2789
27,2790
50,2790
8,2791
29,2791
5,2792
4,2793
50,2793
7,2794
8,2795
25,2795
3,2796
10,2796
58,2796
5,2797
9,2797
30,2797
34,2797
36,2801
1,2803
16,2805
3,2808
5,2809
19,2809
2,2810
24,2810
37,2810
1,2811
53,2811
4,2812
46,2812
1,2813
5,2813
41,2815
4,2816
3,2818
40,2819
2,2820
42,2820
22,2825
2,2828
43,2831
38,2832
20,2836
45,2836
51,2836
5,2841
11,2843
10,2845
33,2845
38,2847
18,2848
40,2848
1,2851
1,2853
30,2853
49,2854
58,2854
59,2855
2,2856
24,2857
2,2858
1,2859
2,2862
17,2863
25,2867
31,2868
43,2868
3,2869
5,2870
31,2870
53,2871
5,2872
27,2872
4,2873
46,2873
3,2874
4,2875
32,2876
34,2877
20,2879
45,2880
13,2881
8,2886
3,2889
57,2889
4,2891
4,2892
51,2894
3,2895
30,2896
5,2897
5,2898
19,2898
41,2898
16,2899
3,2900
6,2900
37,2900
1,2901
12,2901
23,2903
18,2905
17,2906
45,2908
44,2911
12,2912
52,2912
33,2915
32,2916
27,2917
27,2922
42,2924
3,2926
5,2927
34,2929
22,2930
54,2930
50,2932
4,2933
52,2933
3,2934
41,2935
5,2936
4,2938
13,2938
23,2940
6,2941
24,2941
27,2942
30,2944
1,2949
1,2950
2,2952
1,2953
3,2953
19,2954
29,2955
47,2956
2,2958
5,2958
2,2959
4,2961
5,2964
31,2964
53,2964
4,2965
40,2965
10,2966
22,2966
27,2967
7,2968
3,2969
58,2969
12,2970
29,2970
44,2970
45,2971
10,2972
51,2973
3,2974
42,2974
50,2974
4,2975
60,2976
3,2976
28,2976
5,2977
23,2977
44,2979
48,2979
4,2981
5,2982
45,2982
57,2982
47,2983
39,2984
30,2989
13,2991
17,2992
20,2992
39,2993
42,2993
34,2996
20,2997
46,2997
53,2999
2,3003
13,3005
33,3006
11,3011
51,3011
26,3013
1,3015
2,3017
1,3019
3,3019
26,3019
2,3020
49,3020
1,3021
38,3022
57,3022
2,3024
16,3025
12,3027
28,3028
58,3028
5,3029
35,3030
4,3031
4,3032
30,3032
1,3034
5,3034
1,3035
14,3035
12,3036
26,3039
3,3040
56,3040
38,3041
44,3041
2,3042
2,3044
41,3045
22,3047
10,3048
52,3049
1,3050
2,3055
55,3055
31,3059
14,3062
39,3063
49,3063
41,3064
23,3066
20,3067
41,3067
24,3070
28,3071
33,3074
32,3077
24,3079
51,3079
20,3081
25,3082
47,3082
56,3082
26,3083
1,3089
7,3089
18,3089
27,3089
2,3090
18,3090
47,3091
1,3092
59,3092
15,3093
37,3093
1,3094
39,3095
2,3098
3,3099
2,3101
27,3105
4,3106
60,3107
4,3107
3,3110
5,3112
5,3113
1,3114
52,3114
57,3114
1,3115
2,3116
2,3117
1,3118
2,3122
48,3122
42,3123
29,3124
46,3124
51,3124
13,3125
43,3127
29,3135
56,3137
18,3140
20,3140
37,3142
49,3142
19,3143
32,3143
39,3143
56,3145
40,3151
48,3151
12,3154
49,3154
14,3155
18,3157
20,3157
17,3159
8,3164
18,3165
42,3173
44,3174
32,3175
40,3177
1,3178
8,3178
43,3178
10,3180
36,3180
2,3181
49,3181
1,3183
29,3186
20,3187
21,3187
21,3188
48,3188
1,3191
12,3191
2,3192
20,3192
2,3194
31,3194
37,3195
38,3195
40,3199
11,3204
21,3206
13,3207
44,3208
21,3209
32,3209
47,3213
59,3215
39,3217
3,3219
4,3220
4,3221
18,3221
39,3221
3,3222
30,3222
33,3222
54,3223
5,3224
36,3224
54,3224
8,3225
38,3225
5,3226
39,3226
45,3227
43,3230
27,3241
39,3242
9,3244
33,3245
47,3245
38,3248
9,3250
19,3252
42,3252
17,3255
60,3260
56,3265
9,3268
60,3269
25,3271
29,3273
17,3274
44,3274
8,3275
39,3275
6,3276
23,3276
1,3278
60,3281
47,3282
54,3285
46,3287
23,3291
18,3295
56,3295
7,3297
54,3297
58,3298
54,3299
47,3301
34,3302
54,3303
3,3307
29,3307
28,3308
9,3311
57,3312
28,3314
4,3315
8,3315
1,3316
3,3317
10,3317
1,3318
5,3318
57,3319
5,3321
4,3322
2,3323
1,3324
18,3324
2,3326
41,3326
14,3327
2,3329
45,3329
41,3332
16,3333
47,3334
19,3335
29,3336
29,3340
39,3343
60,3344
55,3344
10,3346
53,3346
27,3348
38,3351
37,3352
26,3356
43,3356
23,3361
60,3363
7,3364
18,3364
21,3365
15,3366
29,3366
51,3366
54,3367
42,3370
20,3372
36,3372
28,3374
35,3374
43,3376
19,3377
25,3377
26,3377
1,3379
55,3379
1,3380
3,3380
43,3381
2,3383
51,3383
6,3384
1,3385
22,3385
1,3386
8,3386
2,3391
2,3392
24,3393
43,3394
3,3396
45,3396
4,3399
20,3401
5,3402
3,3404
4,3405
5,3408
30,3409
15,3410
18,3410
3,3411
4,3413
36,3413
2,3417
3,3419
4,3421
5,3424
32,3424
5,3425
10,3425
23,3425
10,3426
40,3426
37,3428
36,3429
1,3430
2,3431
1,3433
2,3434
19,3435
22,3435
36,3436
1,3437
6,3437
2,3438
32,3438
51,3438
46,3442
1,3443
2,3445
32,3446
6,3447
36,3447
1,3449
17,3449
2,3450
55,3451
1,3453
2,3455
10,3455
42,3460
44,3464
42,3465
50,3467
21,3468
12,3469
41,3469
9,3470
24,3470
7,3471
52,3471
56,3471
1,3472
14,3473
26,3473
2,3474
33,3474
1,3476
41,3476
1,3477
26,3477
25,3478
2,3479
2,3480
3,3481
35,3482
5,3484
34,3487
39,3487
5,3492
15,3493
7,3495
21,3498
4,3499
50,3499
35,3500
50,3500
24,3503
4,3506
3,3507
27,3507
40,3509
47,3509
41,3511
49,3511
41,3513
50,3513
52,3514
11,3516
11,3517
26,3519
40,3520
43,3521
20,3524
40,3524
21,3528
14,3533
11,3534
52,3534
35,3536
22,3538
55,3539
37,3540
3,3541
10,3542
32,3545
56,3545
23,3546
21,3547
54,3548
8,3550
45,3550
10,3551
15,3556
16,3556
49,3559
7,3560
38,3560
20,3563
13,3566
54,3566
6,3569
33,3569
12,3570
8,3575
29,3575
56,3575
21,3577
37,3578
21,3580
14,3582
8,3583
31,3584
46,3587
1,3588
24,3589
58,3590
2,3591
58,3591
40,3593
42,3593
51,3594
1,3597
36,3597
56,3597
3,3598
21,3598
5,3599
1,3600
8,3600
12,3600
24,3600
2,3601
8,3601
2,3602
4,3605
5,3606
44,3606
3,3608
4,3611
11,3618
27,3618
12,3623
5,3627
10,3627
36,3629
25,3635
31,3636
50,3636
28,3637
32,3639
6,3640
23,3640
27,3641
17,3642
6,3644
7,3644
42,3645
9,3649
27,3649
28,3650
24,3653
56,3653
51,3654
56,3655
18,3658
50,3658
10,3659
43,3662
48,3662
25,3664
53,3666
52,3679
12,3680
32,3680
59,3681
52,3682
23,3685
35,3686
14,3689
11,3690
27,3690
1,3694
2,3695
1,3696
1,3697
2,3700
25,3700
27,3700
2,3702
11,3702
46,3704
21,3705
29,3705
60,3709
47,3709
1,3710
25,3710
31,3711
57,3712
38,3713
44,3713
1,3714
2,3715
20,3715
1,3716
2,3717
9,3717
60,3718
9,3718
2,3720
1,3722
26,3723
44,3725
1,3726
47,3726
2,3727
25,3729
1,3731
3,3731
4,3733
3,3734
4,3735
9,3735
21,3735
5,3736
10,3736
2,3737
2,3738
5,3738
20,3739
53,3740
34,3741
39,3742
41,3742
42,3743
7,3744
43,3745
1,3746
14,3746
59,3747
1,3748
2,3750
1,3751
2,3752
8,3752
2,3754
52,3755
20,3758
37,3759
16,3760
44,3760
11,3761
30,3762
35,3762
57,3762
14,3766
47,3766
36,3767
48,3768
1,3769
15,3772
1,3773
33,3775
10,3777
38,3777
51,3777
24,3779
2,3780
28,3782
29,3782
1,3784
2,3785
28,3785
2,3787
29,3787
50,3787
25,3789
7,3793
38,3794
21,3795
25,3796
11,3797
28,3797
1,3798
11,3798
41,3798
2,3800
57,3800
48,3801
1,3803
10,3804
2,3806
16,3806
52,3806
1,3807
2,3808
11,3808
20,3808
17,3809
60,3811
28,3812
40,3812
46,3812
35,3814
1,3816
19,3816
8,3818
37,3818
2,3819
10,3819
25,3819
1,3821
19,3824
2,3825
53,3825
1,3826
2,3830
32,3831
53,3834
8,3835
33,3835
43,3835
54,3837
55,3839
9,3840
17,3845
16,3847
32,3848
45,3849
35,3851
51,3852
55,3852
17,3853
28,3853
21,3854
26,3854
42,3854
60,3857
19,3860
52,3860
1,3861
1,3862
11,3862
58,3862
60,3863
2,3863
2,3866
17,3866
40,3866
43,3866
11,3868
32,3869
1,3870
2,3872
7,3874
18,3876
3,3879
20,3879
5,3880
7,3880
13,3881
4,3883
49,3883
29,3884
5,3885
41,3886
4,3888
3,3889
55,3889
7,3890
58,3894
3,3896
38,3896
5,3897
4,3898
7,3898
5,3902
34,3902
56,3903
59,3903
35,3904
4,3906
24,3907
56,3908
52,3909
22,3910
42,3912
3,3913
1,3915
21,3915
1,3917
53,3917
50,3918
2,3919
2,3921
40,3921
51,3921
60,3922
28,3922
1,3923
36,3923
2,3926
21,3926
14,3928
45,3928
18,3930
45,3933
14,3935
55,3938
49,3939
58,3941
3,3944
10,3944
4,3945
5,3948
40,3948
45,3948
4,3950
54,3950
23,3951
33,3951
45,3952
5,3953
3,3955
43,3955
56,3955
3,3957
3,3962
5,3963
36,3964
57,3965
25,3966
25,3967
4,3968
10,3968
22,3968
4,3969
13,3969
17,3969
3,3971
16,3971
5,3973
46,3973
54,3973
1,3977
46,3978
36,3980
48,3980
1,3981
46,3981
14,3982
2,3984
2,3985
28,3985
28,3986
1,3993
34,3993
52,3993
14,3997
36,3998
15,4001
48,4002
53,4002
41,4003
2,4004
3,4005
5,4007
4,4008
22,4008
6,4011
39,4011
56,4011
5,4013
17,4014
31,4015
4,4016
36,4016
3,4017
3,4019
26,4020
21,4021
42,4026
54,4028
31,4030
3,4031
4,4032
27,4032
53,4032
5,4034
22,4034
60,4037
8,4039
1,4040
14,4040
33,4040
1,4041
31,4042
2,4043
59,4043
3,4044
26,4044
54,4044
5,4045
1,4046
4,4047
2,4050
47,4050
48,4050
2,4051
35,4053
30,4056
55,4056
15,4057
12,4058
39,4067
51,4067
34,4069
41,4073
49,4073
44,4078
6,4079
11,4079
27,4079
39,4079
22,4086
50,4087
17,4090
30,4090
14,4095
60,4098
26,4098
22,4101
12,4103
34,4105
54,4105
8,4106
23,4108
47,4108
1,4110
8,4114
47,4114
58,4114
1,4115
18,4115
33,4115
2,4117
46,4118
1,4119
27,4119
2,4120
2,4121
1,4123
13,4126
41,4126
2,4127
46,4129
58,4129
12,4132
1,4134
33,4134
2,4135
1,4136
1,4137
8,4139
8,4140
2,4143
7,4143
14,4144
1,4148
40,4151
43,4151
46,4152
2,4153
23,4153
51,4153
33,4154
36,4155
3,4156
5,4157
5,4159
4,4160
8,4160
43,4160
3,4161
4,4162
44,4162
55,4162
22,4163
58,4164
9,4165
49,4166
51,4166
16,4167
27,4167
51,4168
22,4169
39,4169
53,4171
9,4174
30,4174
38,4174
9,4175
3,4178
7,4178
12,4178
4,4179
21,4179
5,4180
24,4180
3,4181
7,4182
16,4182
4,4183
5,4185
13,4187
21,4187
59,4187
1,4188
28,4188
53,4189
2,4190
23,4190
26,4190
36,4190
1,4191
51,4191
26,4193
59,4193
3,4194
51,4194
5,4195
38,4195
1,4196
53,4196
5,4198
9,4198
2,4199
4,4199
3,4200
4,4201
37,4201
2,4202
52,4202
11,4203
31,4205
57,4205
59,4205
52,4206
25,4207
1,4210
2,4211
32,4211
7,4212
30,4212
1,4213
23,4213
44,4213
1,4215
48,4217
25,4218
2,4219
2,4220
48,4220
27,4222
57,4222
27,4224
28,4224
7,4225
30,4225
1,4227
40,4227
7,4228
1,4229
26,4229
2,4230
2,4231
1,4232
4,4232
29,4233
31,4233
2,4234
58,4234
22,4241
40,4241
39,4242
22,4243
9,4244
47,4244
27,4245
1,4246
14,4246
58,4247
56,4248
37,4249
2,4252
12,4252
1,4253
17,4253
30,4253
2,4257
44,4259
47,4260
1,4261
9,4261
1,4262
35,4262
57,4262
2,4263
10,4263
21,4263
18,4269
34,4269
1,4272
15,4272
59,4273
58,4274
2,4276
13,4277
1,4280
35,4281
50,4281
2,4282
1,4286
15,4286
30,4286
7,4287
59,4288
2,4289
58,4292
6,4294
16,4294
14,4295
1,4297
2,4298
1,4299
32,4301
2,4302
1,4303
2,4305
8,4306
53,4306
3,4308
4,4309
4,4310
55,4311
5,4312
47,4312
51,4313
11,4314
35,4314
52,4316
3,4317
57,4317
16,4318
37,4318
39,4319
5,4320
43,4320
50,4322
18,4327
36,4329
25,4331
41,4334
48,4336
12,4337
19,4338
34,4338
54,4338
21,4339
13,4342
32,4343
37,4348
40,4349
33,4351
43,4352
35,4353
57,4357
23,4359
53,4359
1,4360
1,4362
2,4363
7,4364
31,4364
50,4365
38,4368
2,4369
7,4369
18,4369
25,4369
59,4369
1,4370
43,4371
51,4371
2,4372
2,4373
21,4373
45,4373
1,4379
2,4380
12,4382
52,4384
16,4385
1,4386
7,4387
8,4387
12,4387
48,4387
49,4389
21,4391
9,4392
27,4392
1,4393
56,4394
2,4395
39,4395
2,4399
40,4399
54,4400
1,4403
45,4403
2,4405
3,4405
10,4406
1,4407
1,4408
53,4409
4,4410
59,4410
2,4411
6,4411
2,4412
4,4412
17,4412
5,4413
42,4414
30,4416
11,4417
3,4418
6,4418
5,4420
60,4425
26,4425
24,4429
16,4431
17,4434
40,4435
57,4435
55,4437
41,4438
24,4448
39,4450
58,4452
46,4454
12,4455
3,4457
50,4458
59,4459
41,4460
32,4464
18,4466
35,4467
33,4472
45,4473
60,4474
51,4474
10,4476
25,4476
24,4477
56,4480
25,4483
41,4486
18,4489
39,4492
37,4493
16,4494
26,4494
39,4494
40,4494
35,4496
17,4497
22,4497
44,4497
42,4498
37,4500
54,4502
44,4504
16,4505
45,4506
51,4507
52,4507
52,4508
53,4512
53,4513
10,4514
53,4516
31,4517
11,4521
9,4522
14,4523
31,4524
19,4528
15,4530
36,4531
17,4533
23,4533
35,4533
41,4535
55,4535
15,4536
20,4536
20,4539
56,4540
3,4545
5,4549
17,4549
50,4549
4,4551
3,4552
3,4553
25,4553
6,4554
22,4557
5,4558
4,4559
45,4559
60,4560
27,4564
32,4565
45,4566
11,4570
44,4571
50,4574
11,4575
49,4576
13,4578
49,4581
51,4582
24,4584
10,4585
3,4590
14,4590
25,4590
28,4590
31,4591
6,4592
40,4593
31,4594
46,4595
5,4596
4,4597
5,4598
24,4598
11,4600
4,4601
9,4602
39,4603
3,4604
21,4604
19,4605
44,4605
50,4606
30,4607
35,4608
1,4609
1,4610
2,4611
8,4611
13,4611
1,4615
58,4615
2,4616
2,4618
19,4618
22,4618
22,4621
25,4621
60,4623
30,4625
36,4628
22,4633
34,4634
27,4635
3,4638
5,4639
46,4639
24,4640
38,4640
7,4642
4,4643
57,4644
52,4646
3,4647
46,4648
5,4649
43,4650
51,4651
4,4652
15,4653
46,4654
58,4654
52,4656
53,4656
1,4658
55,4659
12,4660
50,4660
48,4661
9,4662
2,4663
1,4664
3,4664
10,4664
48,4666
5,4667
4,4668
1,4669
3,4670
7,4670
40,4670
2,4671
5,4671
58,4672
3,4673
34,4673
51,4673
4,4674
38,4676
18,4677
55,4677
12,4679
2,4680
35,4680
27,4681
60,4683
29,4685
40,4685
44,4685
41,4686
38,4688
17,4689
22,4689
1,4692
1,4693
59,4694
42,4695
1,4696
2,4697
42,4699
48,4700
26,4703
32,4704
51,4704
32,4705
52,4707
20,4708
52,4709
1,4710
3,4710
5,4711
6,4712
50,4712
2,4713
47,4713
51,4713
4,4715
19,4715
43,4715
2,4717
5,4719
16,4720
41,4720
55,4720
30,4721
41,4721
30,4723
28,4724
4,4725
45,4726
37,4727
3,4729
3,4732
51,4732
42,4733
11,4734
46,4735
21,4736
3,4738
36,4738
51,4738
4,4740
6,4740
46,4741
3,4742
54,4744
16,4745
14,4746
5,4747
9,4747
5,4749
4,4751
19,4751
25,4752
41,4753
48,4753
1,4754
2,4755
1,4756
1,4759
44,4760
2,4762
50,4762
5,4764
59,4764
2,4765
11,4765
25,4765
28,4765
12,4766
51,4768
12,4769
11,4774
22,4774
39,4774
49,4777
1,4779
9,4779
2,4780
53,4781
1,4782
23,4782
57,4782
15,4783
55,4783
1,4784
53,4784
56,4785
2,4786
36,4787
19,4788
27,4788
2,4791
41,4791
2,4793
29,4793
20,4794
59,4795
22,4798
51,4799
16,4804
55,4804
53,4805
38,4807
56,4809
10,4810
54,4813
1,4814
10,4814
31,4815
51,4816
2,4818
24,4818
1,4819
1,4820
35,4821
57,4822
2,4824
35,4825
2,4826
31,4827
14,4828
9,4837
27,4838
47,4839
32,4840
60,4841
1,4841
2,4845
1,4847
18,4848
42,4848
2,4849
3,4849
13,4849
14,4850
1,4852
5,4852
40,4852
25,4853
2,4855
5,4855
4,4856
23,4857
40,4858
47,4858
4,4859
3,4860
14,4860
54,4864
55,4864
54,4867
3,4874
48,4874
5,4875
47,4876
49,4876
4,4878
43,4879
5,4880
4,4881
3,4882
17,4883
14,4888
44,4888
46,4889
50,4892
57,4892
3,4895
54,4899
18,4900
12,4901
20,4901
5,4903
5,4904
41,4904
13,4905
50,4905
4,4906
17,4906
52,4906
3,4907
4,4908
13,4912
25,4912
45,4913
33,4914
57,4917
10,4921
55,4922
45,4923
20,4924
28,4925
44,4926
30,4927
19,4928
35,4929
3,4930
4,4931
3,4932
10,4933
41,4933
52,4934
47,4935
5,4936
4,4937
32,4937
5,4938
56,4939
41,4941
39,4942
40,4942
14,4945
55,4946
13,4947
27,4948
36,4948
3,4957
7,4957
33,4958
22,4963
4,4964
17,4964
5,4965
27,4970
4,4971
3,4972
27,4972
38,4972
41,4972
7,4974
53,4977
43,4978
53,4979
26,4980
33,4980
5,4982
59,4982
3,4983
46,4983
5,4984
4,4985
23,4987
33,4987
18,4988
36,4988
49,4989
5,4990
3,4991
15,4992
55,4994
4,4995
18,4996
26,4996
9,4998
44,4998
41,5002
23,5004
45,5004
19,5005
37,5008
1,5010
31,5010
18,5011
2,5013
32,5013
49,5013
52,5014
1,5015
35,5015
45,5015
54,5015
2,5016
20,5016
3,5018
57,5018
33,5019
1,5020
47,5020
22,5021
30,5021
50,5022
4,5024
20,5024
25,5024
12,5025
2,5026
22,5026
3,5027
26,5028
4,5029
20,5029
24,5031
5,5032
15,5032
48,5032
5,5033
1,5035
3,5035
5,5038
39,5038
47,5038
4,5039
7,5039
3,5040
33,5040
2,5041
1,5042
5,5042
2,5043
4,5043
1,5045
2,5046
32,5047
26,5048
43,5048
36,5049
50,5051
1,5052
18,5052
1,5054
1,5056
2,5057
42,5057
43,5057
1,5058
16,5058
2,5059
41,5059
2,5060
55,5063
3,5066
16,5066
19,5066
4,5067
5,5069
55,5071
3,5074
5,5075
4,5077
51,5077
13,5079
15,5087
35,5087
23,5095
1,5097
2,5098
1,5102
59,5102
9,5104
1,5106
2,5107
2,5109
35,5109
57,5112
3,5114
5,5115
5,5117
4,5118
40,5118
3,5119
1,5120
4,5120
27,5121
37,5121
2,5122
14,5122
36,5122
29,5123
1,5124
19,5124
24,5124
12,5125
38,5125
2,5126
1,5127
2,5130
21,5130
55,5130
17,5133
25,5133
49,5134
15,5135
36,5136
27,5138
9,5139
17,5140
31,5140
1,5141
2,5143
1,5145
45,5146
29,5147
15,5151
25,5152
47,5152
1,5154
49,5154
32,5159
2,5160
53,5160
26,5161
56,5161
11,5162
2,5163
42,5164
53,5164
48,5165
6,5167
22,5167
47,5167
42,5168
46,5168
38,5169
45,5170
13,5172
46,5172
37,5175
46,5178
32,5180
17,5182
6,5184
29,5186
28,5187
43,5196
7,5200
20,5200
21,5200
42,5201
14,5202
8,5206
45,5207
32,5210
48,5211
19,5212
57,5212
32,5214
56,5214
31,5215
41,5215
59,5217
10,5218
52,5218
38,5222
1,5225
56,5225
56,5227
2,5228
60,5229
3,5229
1,5230
2,5231
4,5231
1,5232
4,5232
17,5232
32,5233
5,5234
8,5235
3,5236
2,5237
24,5237
5,5238
13,5238
15,5238
31,5242
59,5243
2,5244
7,5244
52,5245
53,5248
54,5248
5,5249
52,5250
33,5252
7,5255
29,5256
48,5256
35,5257
1,5259
1,5260
24,5260
2,5261
2,5263
47,5263
53,5263
4,5264
11,5264
1,5265
2,5266
27,5266
28,5266
44,5271
49,5273
42,5274
1,5276
11,5277
1,5281
21,5281
2,5283
18,5286
2,5287
1,5289
2,5291
8,5293
36,5296
57,5296
12,5299
35,5300
31,5301
39,5301
54,5307
54,5309
29,5310
13,5312
49,5313
8,5315
42,5315
16,5316
48,5316
3,5317
49,5317
53,5317
5,5319
37,5320
46,5322
1,5323
2,5324
1,5325
21,5325
5,5327
18,5327
1,5329
4,5330
2,5333
3,5333
4,5334
2,5335
56,5341
12,5342
46,5342
57,5342
54,5344
40,5346
52,5346
15,5348
53,5349
16,5350
22,5351
3,5352
18,5352
4,5353
3,5354
6,5354
5,5355
30,5356
5,5357
21,5357
4,5358
14,5360
13,5361
37,5364
13,5368
35,5370
43,5372
55,5372
6,5373
50,5375
26,5377
37,5378
56,5378
37,5379
11,5380
16,5380
23,5380
49,5380
14,5381
25,5381
32,5384
42,5385
44,5387
26,5391
52,5394
51,5398
56,5398
9,5399
31,5404
45,5406
1,5407
3,5408
19,5408
40,5408
46,5410
2,5411
43,5412
55,5413
34,5414
2,5415
1,5417
17,5417
2,5418
15,5418
22,5419
1,5422
2,5423
3,5423
10,5424
7,5426
35,5427
4,5428
10,5428
6,5429
54,5430
39,5431
3,5433
22,5434
5,5435
4,5436
40,5436
1,5437
50,5437
12,5438
5,5439
16,5439
28,5440
2,5441
40,5442
1,5443
8,5445
47,5446
1,5447
3,5447
34,5447
46,5447
28,5448
30,5448
48,5448
22,5449
4,5451
5,5452
11,5452
2,5454
47,5455
44,5456
4,5457
37,5457
3,5458
45,5458
23,5459
55,5459
32,5460
48,5460
5,5462
9,5462
2,5463
47,5463
49,5463
45,5469
3,5474
5,5475
18,5475
32,5475
4,5476
50,5476
59,5476
28,5477
31,5477
54,5477
3,5479
32,5479
56,5480
4,5481
5,5482
32,5483
55,5484
17,5485
59,5486
10,5487
39,5487
50,5487
30,5489
39,5489
1,5494
54,5494
11,5496
31,5496
3,5499
36,5499
4,5500
11,5501
58,5501
1,5502
20,5502
3,5503
29,5506
2,5507
19,5508
52,5509
5,5510
39,5510
2,5511
36,5511
1,5512
5,5513
47,5513
2,5515
4,5515
27,5515
33,5515
59,5516
59,5517
21,5521
35,5521
29,5522
43,5523
21,5529
23,5534
30,5537
29,5538
52,5539
51,5540
41,5543
14,5545
46,5546
23,5549
59,5550
1,5553
21,5554
28,5555
45,5555
32,5557
45,5557
49,5557
1,5558
20,5558
10,5559
2,5561
1,5563
2,5566
20,5566
30,5567
2,5569
42,5569
1,5570
45,5570
3,5572
1,5574
41,5574
4,5576
2,5577
5,5578
32,5578
46,5578
16,5579
50,5579
2,5580
1,5581
3,5581
54,5581
2,5582
5,5583
59,5585
30,5586
56,5586
4,5587
51,5587
27,5588
1,5589
1,5590
3,5590
4,5591
42,5591
2,5592
4,5592
5,5593
12,5593
40,5593
3,5594
5,5595
53,5596
1,5598
36,5599
2,5600
7,5600
27,5600
2,5601
7,5602
21,5602
22,5602
23,5608
34,5608
13,5612
50,5613
32,5614
12,5616
43,5616
56,5618
45,5620
3,5621
17,5621
29,5624
4,5625
28,5625
3,5626
34,5626
49,5628
8,5630
5,5631
15,5631
41,5632
34,5633
40,5633
4,5634
5,5636
45,5636
11,5639
27,5639
50,5639
22,5641
40,5643
35,5645
26,5649
40,5649
22,5657
6,5660
4,5662
12,5663
9,5664
31,5664
30,5665
31,5665
13,5670
60,5671
3,5671
53,5673
38,5674
54,5674
1,5676
2,5677
3,5677
44,5677
1,5678
4,5679
1,5680
50,5680
2,5681
5,5681
16,5681
2,5682
4,5682
21,5682
35,5682
5,5683
30,5683
3,5684
30,5687
34,5688
14,5689
34,5689
47,5690
51,5690
3,5691
41,5691
44,5693
4,5698
3,5699
4,5701
24,5701
48,5701
5,5702
60,5704
5,5704
18,5704
23,5706
42,5714
49,5714
45,5716
54,5717
8,5720
24,5721
11,5722
38,5722
20,5724
48,5727
54,5729
20,5733
13,5735
29,5735
7,5736
42,5739
7,5740
40,5741
32,5742
10,5744
39,5744
37,5745
54,5750
41,5752
50,5757
22,5758
28,5758
46,5758
1,5760
18,5760
2,5762
37,5762
1,5763
42,5763
1,5764
57,5765
58,5765
53,5766
2,5768
33,5770
11,5771
31,5771
56,5771
37,5774
2,5775
29,5775
38,5776
14,5777
1,5778
40,5780
19,5782
1,5783
2,5784
2,5785
23,5785
1,5786
2,5787
1,5791
9,5792
29,5794
38,5795
1,5796
39,5796
1,5798
13,5799
2,5800
1,5801
44,5802
34,5803
2,5804
2,5805
45,5806
57,5806
58,5806
42,5809
53,5810
56,5818
36,5820
34,5821
51,5823
41,5825
8,5827
48,5828
33,5832
14,5834
18,5834
14,5836
26,5840
53,5840
58,5840
25,5846
14,5848
53,5848
34,5850
45,5850
30,5853
52,5854
3,5856
17,5856
4,5859
9,5860
12,5860
4,5861
5,5864
17,5864
3,5866
14,5868
20,5868
17,5869
40,5871
4,5872
5,5874
13,5874
54,5876
55,5876
12,5877
35,5877
50,5878
48,5879
57,5879
17,5883
5,5886
6,5886
11,5886
14,5887
42,5887
35,5888
28,5890
1,5893
35,5893
3,5894
5,5895
2,5896
5,5896
4,5897
60,5898
1,5898
4,5898
3,5899
1,5900
42,5902
57,5902
38,5903
2,5906
2,5907
28,5908
39,5909
21,5911
33,5911
19,5916
29,5917
9,5918
17,5919
13,5923
10,5924
8,5928
45,5929
3,5932
4,5933
58,5933
1,5934
4,5934
22,5936
5,5938
3,5939
56,5940
9,5941
41,5941
5,5942
53,5943
34,5944
39,5945
12,5947
26,5947
31,5947
56,5947
33,5948
9,5952
46,5953
36,5956
45,5957
44,5958
4,5963
46,5963
16,5964
57,5964
10,5966
59,5967
23,5968
28,5970
33,5970
27,5976
54,5977
25,5979
37,5979
60,5980
51,5980
53,5980
54,5981
41,5982
3,5987
4,5988
47,5990
5,5993
1,5995
47,5995
52,5995
19,5997
54,5997
2,5998
5,5998
43,5998
3,5999
23,6002
11,6003
1,6004
4,6004
33,6005
58,6006
4,6007
19,6007
32,6007
2,6008
1,6009
3,6009
2,6010
5,6010
16,6010
5,6011
27,6013
4,6014
57,6014
3,6015
4,6017
29,6024
46,6024
50,6026
14,6029
24,6030
53,6032
6,6035
23,6035
53,6037
47,6040
6,6041
30,6043
27,6045
41,6048
23,6050
44,6051
41,6052
24,6054
21,6057
29,6059
14,6060
16,6060
56,6061
57,6064
12,6067
26,6068
31,6068
37,6068
20,6069
23,6070
53,6071
1,6072
2,6073
16,6073
49,6074
1,6075
1,6076
18,6076
2,6077
2,6079
51,6081
25,6082
56,6083
41,6092
24,6093
10,6097
12,6097
31,6097
44,6097
55,6098
15,6099
24,6099
43,6100
55,6100
36,6104
14,6105
28,6109
53,6109
48,6111
16,6115
43,6115
1,6116
1,6118
58,6118
2,6121
47,6121
55,6122
2,6124
18,6125
53,6125
31,6126
1,6127
25,6127
27,6127
2,6128
34,6128
23,6131
25,6132
29,6133
44,6134
13,6135
15,6139
30,6141
36,6144
10,6146
44,6146
54,6146
37,6149
8,6152
24,6152
11,6155
47,6159
51,6159
41,6161
60,6162
56,6162
29,6163
44,6163
33,6164
54,6164
35,6165
32,6166
48,6167
8,6170
51,6170
29,6173
15,6176
2,6178
31,6178
40,6181
37,6182
22,6188
42,6188
12,6195
8,6196
45,6197
18,6198
46,6199
3,6201
4,6202
5,6203
37,6203
5,6204
4,6207
52,6207
3,6208
29,6208
45,6209
56,6210
11,6211
12,6212
24,6216
53,6218
29,6224
43,6227
48,6227
60,6228
39,6232
20,6233
11,6235
42,6236
41,6237
17,6240
25,6245
18,6248
19,6248
9,6249
56,6249
43,6251
27,6254
15,6255
19,6255
52,6255
50,6258
55,6259
49,6261
27,6262
45,6263
7,6264
17,6267
1,6270
1,6271
35,6274
46,6274
40,6275
2,6276
2,6277
26,6277
26,6280
1,6282
40,6282
2,6283
16,6286
1,6288
30,6289
60,6290
2,6292
47,6295
1,6298
1,6299
2,6300
2,6302
36,6303
60,6305
45,6305
46,6305
33,6307
18,6310
48,6312
45,6314
10,6315
41,6318
16,6321
28,6324
35,6325
25,6327
51,6328
42,6329
43,6329
59,6329
29,6331
52,6334
56,6336
19,6337
19,6340
6,6343
23,6347
41,6347
52,6353
9,6354
29,6355
27,6356
39,6358
37,6360
16,6363
38,6363
5,6364
25,6367
21,6371
56,6372
19,6373
16,6374
5,6375
9,6378
48,6378
24,6379
43,6380
47,6382
43,6384
9,6386
58,6390
41,6392
41,6394
55,6397
50,6398
44,6401
6,6403
21,6405
31,6405
58,6405
16,6410
39,6410
1,6411
1,6412
5,6412
6,6412
57,6412
42,6413
2,6414
45,6414
43,6417
14,6418
2,6419
53,6420
1,6422
22,6422
2,6423
47,6424
3,6427
4,6428
47,6428
3,6429
1,6431
22,6431
31,6431
50,6431
5,6433
5,6434
38,6434
57,6434
33,6435
4,6437
36,6437
45,6437
46,6437
7,6438
15,6438
22,6440
51,6440
6,6442
24,6442
2,6443
38,6443
37,6448
48,6449
51,6449
37,6451
1,6452
2,6455
1,6456
45,6457
2,6460
1,6464
1,6466
2,6469
14,6469
55,6469
22,6470
1,6471
58,6472
2,6473
18,6473
2,6474
2,6475
7,6475
10,6476
39,6476
50,6476
58,6476
17,6477
40,6482
45,6482
37,6484
32,6488
9,6490
59,6490
51,6493
33,6495
41,6497
13,6500
9,6504
14,6506
21,6507
51,6508
47,6509
21,6511
15,6512
36,6512
58,6512
10,6513
25,6514
3,6518
52,6521
59,6523
41,6525
25,6526
60,6527
5,6533
12,6534
38,6535
43,6535
44,6535
35,6538
11,6539
3,6541
29,6541
33,6541
18,6542
18,6543
47,6546
48,6546
59,6548
29,6550
34,6550
17,6551
21,6551
50,6552
2,6554
11,6557
53,6559
27,6561
12,6563
26,6564
27,6567
14,6570
35,6570
36,6570
3,6571
22,6571
5,6572
4,6573
29,6575
3,6578
20,6578
44,6581
4,6583
5,6585
56,6587
60,6589
24,6589
41,6589
50,6591
3,6592
11,6592
1,6594
36,6594
48,6594
4,6595
50,6595
4,6596
3,6597
52,6597
2,6598
5,6598
37,6598
1,6600
5,6600
1,6601
27,6601
13,6603
25,6603
16,6604
2,6606
3,6606
17,6607
44,6608
56,6608
5,6609
30,6609
2,6610
4,6610
3,6611
4,6613
5,6614
56,6615
8,6621
20,6621
3,6623
4,6624
4,6625
5,6626
17,6626
38,6627
8,6629
11,6631
20,6631
3,6632
5,6633
17,6637
20,6637
15,6639
57,6643
6,6645
31,6645
12,6648
20,6648
58,6648
17,6651
1,6652
26,6653
2,6654
32,6654
13,6658
1,6659
22,6659
2,6660
1,6661
2,6662
11,6663
48,6664
29,6665
43,6668
56,6671
7,6673
20,6673
60,6674
9,6674
51,6676
60,6679
10,6680
45,6681
47,6681
22,6683
33,6683
44,6684
58,6686
25,6689
47,6690
51,6693
10,6695
54,6696
38,6697
60,6698
57,6699
59,6699
18,6700
23,6702
48,6702
58,6703
30,6714
1,6715
45,6715
54,6715
60,6716
1,6716
2,6717
7,6719
2,6720
28,6720
1,6722
2,6723
1,6725
37,6725
53,6725
1,6726
12,6726
2,6728
21,6728
1,6729
2,6730
2,6731
50,6733
44,6734
51,6734
47,6735
19,6736
12,6738
27,6747
57,6748
14,6750
8,6751
60,6752
46,6752
57,6752
45,6754
44,6759
15,6760
27,6760
49,6760
9,6764
15,6765
15,6775
15,6776
18,6776
44,6777
2,6781
55,6781
21,6784
13,6785
60,6787
13,6788
29,6789
44,6789
32,6790
43,6793
3,6798
4,6799
3,6800
48,6802
19,6803
5,6804
33,6804
40,6804
5,6805
33,6806
4,6807
27,6811
57,6811
16,6816
29,6816
30,6817
39,6819
17,6822
14,6823
22,6824
3,6826
5,6827
39,6828
4,6829
26,6831
3,6832
4,6833
17,6833
5,6834
37,6834
52,6837
13,6838
11,6839
28,6841
37,6841
42,6843
59,6844
6,6845
11,6846
37,6847
50,6847
3,6850
22,6850
4,6851
36,6851
4,6852
17,6853
5,6854
58,6854
37,6855
3,6856
5,6857
49,6857
9,6862
50,6863
19,6865
55,6865
14,6867
17,6869
46,6869
17,6871
11,6873
16,6876
22,6877
36,6877
1,6880
2,6881
1,6883
34,6883
55,6883
2,6884
56,6884
1,6885
20,6885
38,6885
1,6886
43,6886
44,6886
2,6889
10,6889
32,6889
34,6889
17,6890
52,6890
42,6894
34,6896
59,6897
6,6898
26,6899
3,6904
51,6904
4,6905
54,6905
3,6906
36,6906
4,6908
5,6909
46,6909
5,6910
60,6912
39,6914
13,6917
44,6920
7,6926
50,6927
55,6927
25,6928
24,6929
40,6929
8,6930
26,6932
30,6932
43,6933
14,6934
20,6934
8,6935
47,6937
3,6938
54,6938
8,6939
5,6940
13,6941
49,6942
5,6943
30,6943
1,6944
4,6944
58,6944
4,6945
1,6947
44,6947
2,6948
3,6948
9,6948
1,6950
47,6950
29,6951
2,6953
17,6953
25,6953
42,6953
2,6955
23,6955
33,6958
43,6958
24,6959
7,6964
21,6966
24,6968
6,6970
23,6972
24,6972
17,6974
25,6977
9,6978
11,6983
57,6984
59,6985
3,6988
17,6988
4,6989
5,6990
18,6990
29,6992
20,6995
40,6996
40,6997
3,6998
5,6999
27,6999
4,7000
25,7002
31,7002
3,7007
20,7007
1,7009
10,7009
18,7010
46,7010
2,7014
1,7015
1,7016
4,7016
41,7017
2,7018
1,7019
2,7020
4,7020
47,7021
5,7022
40,7024
3,7025
5,7026
59,7027
51,7028
31,7029
53,7030
41,7031
22,7032
36,7032
48,7033
21,7034
3,7037
4,7038
49,7038
5,7040
26,7040
3,7042
4,7044
38,7044
40,7044
9,7047
5,7048
8,7048
3,7050
4,7051
24,7051
44,7051
52,7051
4,7053
21,7055
3,7057
31,7059
60,7060
5,7060
17,7060
6,7061
5,7063
20,7064
56,7065
56,7066
14,7067
53,7069
6,7071
3,7072
40,7072
46,7074
34,7078
35,7078
23,7081
43,7082
59,7082
35,7083
1,7084
2,7085
3,7086
18,7087
1,7088
59,7088
2,7089
4,7089
12,7089
37,7089
1,7090
30,7090
4,7091
13,7091
15,7091
3,7093
39,7093
2,7094
5,7095
48,7096
5,7099
20,7099
17,7100
29,7100
40,7103
56,7103
7,7105
54,7105
9,7106
52,7106
43,7107
52,7107
34,7110
56,7111
56,7112
56,7113
42,7115
58,7117
23,7123
9,7126
51,7126
18,7127
48,7129
15,7130
53,7130
26,7131
53,7132
49,7139
26,7140
11,7142
3,7146
4,7149
37,7149
5,7151
37,7151
44,7152
3,7154
11,7154
4,7155
5,7157
13,7157
48,7159
30,7171
59,7171
59,7172
57,7173
51,7174
20,7178
10,7179
17,7179
29,7179
38,7183
19,7186
46,7191
40,7192
19,7194
24,7194
3,7195
27,7196
55,7197
4,7198
31,7199
4,7200
11,7200
1,7201
5,7201
5,7203
18,7203
3,7204
2,7205
45,7205
1,7206
50,7207
1,7211
15,7211
35,7212
2,7213
60,7215
2,7217
39,7217
25,7218
35,7219
1,7220
44,7220
1,7221
47,7221
21,7222
27,7222
2,7223
2,7225
59,7226
1,7227
50,7227
58,7227
6,7228
8,7228
2,7229
22,7230
34,7233
57,7233
50,7234
43,7236
57,7240
20,7241
40,7243
37,7245
40,7248
41,7248
18,7251
21,7251
46,7252
21,7254
28,7254
54,7255
6,7256
60,7259
20,7259
13,7260
50,7262
12,7263
29,7263
59,7264
57,7267
33,7270
53,7272
13,7277
34,7277
50,7280
12,7281
9,7283
58,7283
59,7283
55,7285
9,7287
50,7287
57,7287
31,7288
46,7288
8,7289
29,7290
30,7295
10,7297
51,7297
9,7298
32,7299
38,7299
32,7300
8,7301
11,7301
46,7301
17,7303
48,7308
29,7309
23,7310
18,7312
19,7312
38,7318
14,7319
34,7319
39,7321
41,7325
12,7328
1,7332
51,7334
1,7335
60,7337
2,7337
10,7338
1,7339
2,7340
15,7340
22,7341
59,7342
2,7344
36,7345
50,7348
58,7348
1,7351
1,7353
47,7354
3,7355
7,7355
14,7355
23,7356
45,7356
2,7357
5,7357
4,7358
27,7358
2,7359
1,7360
3,7361
6,7361
2,7362
4,7362
37,7362
5,7363
49,7363
3,7372
22,7372
39,7372
58,7372
40,7374
27,7375
4,7376
34,7376
37,7376
43,7377
13,7380
54,7381
5,7382
23,7383
23,7384
5,7385
4,7386
3,7390
37,7391
17,7396
27,7397
25,7405
57,7405
33,7406
18,7407
58,7409
57,7413
1,7417
2,7418
29,7418
43,7418
16,7419
9,7420
27,7420
11,7421
26,7421
43,7421
1,7422
15,7422
2,7423
1,7424
2,7425
3,7425
4,7426
39,7427
3,7429
5,7432
54,7432
5,7434
4,7436
60,7437
3,7439
48,7439
4,7440
3,7441
5,7443
4,7445
33,7447
5,7448
22,7449
26,7449
54,7449
6,7450
49,7452
14,7453
31,7455
19,7456
33,7457
49,7458
10,7459
24,7459
1,7460
2,7461
1,7462
8,7462
11,7463
19,7465
54,7466
2,7467
51,7467
1,7469
17,7469
2,7470
15,7471
33,7471
52,7471
33,7475
59,7479
26,7480
40,7480
20,7482
52,7482
12,7486
27,7488
35,7496
48,7501
57,7504
42,7510
6,7511
47,7512
12,7513
3,7514
7,7514
4,7515
41,7515
49,7515
29,7516
55,7516
27,7517
51,7517
7,7519
35,7519
43,7520
3,7522
18,7522
4,7523
11,7525
53,7526
12,7527
40,7528
1,7529
5,7530
34,7530
5,7531
37,7532
47,7533
15,7537
3,7540
5,7541
42,7541
49,7542
4,7544
8,7544
32,7545
20,7546
50,7551
4,7552
37,7552
20,7553
22,7553
7,7554
5,7555
21,7555
3,7556
12,7557
30,7557
8,7558
53,7559
38,7560
52,7560
26,7564
42,7568
10,7574
26,7574
31,7576
51,7576
9,7580
11,7580
37,7583
40,7583
13,7585
8,7589
20,7589
8,7590
31,7592
10,7596
14,7596
16,7596
40,7599
32,7600
26,7601
50,7601
48,7602
32,7606
13,7608
19,7608
35,7609
36,7612
20,7613
17,7614
36,7615
33,7617
54,7619
3,7620
35,7620
24,7621
4,7622
60,7623
5,7623
27,7624
54,7625
3,7626
1,7627
2,7628
5,7629
16,7629
21,7629
1,7630
4,7630
19,7630
2,7631
1,7632
40,7635
60,7636
46,7637
52,7638
2,7640
60,7641
48,7642
31,7644
3,7645
44,7645
5,7648
41,7648
4,7650
4,7656
5,7657
19,7657
3,7658
13,7659
51,7662
51,7663
48,7664
39,7668
6,7672
21,7674
28,7674
49,7674
45,7676
19,7683
39,7683
1,7684
54,7684
1,7685
54,7686
32,7688
2,7691
11,7692
60,7693
2,7694
1,7695
56,7698
2,7699
7,7699
40,7703
11,7707
3,7711
49,7713
1,7714
33,7714
1,7715
2,7717
1,7718
2,7720
2,7721
37,7723
5,7724
22,7724
4,7725
55,7725
12,7726
3,7727
5,7728
4,7729
50,7731
26,7732
40,7735
41,7737
54,7738
3,7740
58,7740
59,7741
5,7743
51,7744
48,7745
4,7746
46,7746
4,7748
5,7749
3,7751
17,7752
12,7755
23,7755
15,7758
24,7761
43,7763
60,7766
7,7769
3,7770
41,7770
4,7771
10,7771
5,7772
5,7773
24,7774
3,7775
4,7776
22,7779
3,7782
32,7783
34,7785
4,7787
41,7788
5,7789
3,7790
5,7791
15,7796
53,7797
38,7798
33,7800
44,7801
4,7802
8,7802
13,7802
18,7802
54,7803
9,7804
19,7804
30,7804
43,7804
59,7805
51,7806
53,7812
21,7815
42,7819
41,7820
37,7822
30,7824
26,7825
22,7827
46,7827
42,7831
59,7831
17,7832
35,7833
52,7836
6,7837
3,7839
5,7840
36,7841
58,7841
4,7842
37,7843
3,7844
33,7844
4,7845
5,7846
24,7848
7,7849
42,7850
31,7853
36,7856
9,7861
53,7861
1,7864
2,7865
3,7865
15,7865
28,7865
20,7866
50,7866
16,7868
39,7868
56,7868
1,7869
32,7869
2,7870
38,7870
1,7871
2,7872
59,7872
6,7873
6,7874
23,7874
46,7874
23,7875
48,7875
49,7875
1,7878
22,7878
2,7880
42,7881
39,7882
51,7882
14,7883
32,7884
1,7888
13,7888
34,7888
35,7888
60,7890
13,7891
2,7892
46,7892
41,7893
24,7897
38,7897
28,7899
1,7900
18,7902
21,7902
55,7903
2,7904
59,7904
16,7907
42,7910
28,7911
39,7912
46,7912
53,7912
14,7914
42,7917
18,7918
53,7921
7,7923
26,7923
7,7924
35,7924
46,7924
20,7925
58,7925
14,7928
41,7931
52,7931
51,7933
45,7934
14,7937
48,7938
52,7938
6,7940
13,7940
32,7940
55,7943
10,7945
7,7951
48,7951
11,7954
21,7954
48,7961
24,7962
60,7969
33,7969
43,7972
10,7985
19,7989
55,7990
40,7991
49,7991
13,7997
26,7998
7,7999
42,7999
38,8000
38,8002
15,8005
49,8008
57,8012
32,8015
59,8016
20,8020
35,8020
39,8022
35,8023
3,8026
19,8027
8,8028
5,8029
24,8031
4,8034
11,8034
53,8034
39,8035
5,8036
33,8036
35,8036
4,8037
3,8041
54,8043
34,8044
36,8047
59,8047
29,8048
20,8049
26,8049
25,8050
35,8051
27,8052
24,8056
28,8057
52,8057
25,8060
46,8060
51,8061
33,8064
60,8066
48,8067
29,8070
43,8073
38,8074
31,8076
3,8077
24,8077
5,8078
4,8080
5,8081
22,8083
47,8084
3,8085
14,8086
4,8087
16,8087
58,8089
39,8090
41,8090
29,8091
51,8093
15,8097
19,8100
1,8101
3,8102
16,8102
43,8104
1,8105
4,8105
31,8105
2,8106
1,8107
49,8107
2,8108
51,8108
54,8108
2,8109
4,8109
11,8109
17,8109
30,8109
3,8110
5,8111
31,8111
6,8114
5,8115
37,8115
13,8116
24,8116
20,8124
38,8124
10,8126
7,8127
36,8127
31,8131
35,8131
58,8131
52,8137
48,8139
38,8143
57,8144
56,8145
3,8149
10,8152
15,8152
1,8153
3,8153
9,8153
41,8153
18,8154
53,8155
1,8156
2,8158
23,8158
2,8159
20,8159
33,8160
1,8161
7,8162
43,8162
2,8166
1,8172
16,8175
25,8175
60,8176
12,8177
40,8177
33,8178
59,8178
2,8182
43,8182
1,8183
2,8184
41,8186
58,8187
1,8188
2,8189
8,8189
49,8190
41,8193
53,8197
25,8198
10,8199
19,8201
24,8201
1,8204
15,8204
35,8204
52,8204
2,8205
13,8205
15,8205
43,8205
1,8206
26,8206
1,8208
10,8210
2,8211
2,8212
35,8215
21,8216
45,8218
22,8219
48,8219
7,8220
57,8221
26,8222
32,8222
56,8225
38,8229
57,8232
19,8237
23,8245
43,8248
3,8250
4,8251
32,8253
5,8254
6,8254
39,8254
55,8254
60,8255
24,8256
14,8257
4,8258
41,8258
52,8258
5,8259
3,8260
28,8260
13,8262
24,8263
54,8263
5,8267
40,8270
14,8274
41,8279
15,8280
16,8281
18,8282
30,8283
18,8285
16,8291
35,8294
50,8296
37,8297
11,8298
51,8298
41,8299
34,8304
36,8304
29,8305
40,8305
3,8306
54,8306
4,8307
32,8307
16,8308
23,8310
5,8311
55,8311
15,8312
36,8312
5,8314
58,8314
1,8315
15,8315
58,8315
2,8316
4,8316
35,8316
45,8316
1,8317
10,8317
60,8318
36,8318
2,8320
3,8320
1,8321
37,8321
39,8324
51,8324
2,8326
56,8326
22,8329
26,8331
49,8331
12,8334
27,8335
13,8336
3,8337
19,8337
4,8338
8,8338
4,8339
5,8340
7,8341
43,8341
3,8345
5,8346
39,8347
11,8348
45,8349
52,8349
45,8356
22,8358
21,8360
11,8361
28,8361
51,8361
18,8362
32,8363
32,8364
55,8365
31,8367
6,8368
1,8369
57,8370
2,8372
17,8373
20,8375
1,8377
9,8378
2,8379
1,8380
21,8380
51,8380
2,8382
47,8383
33,8384
36,8386
54,8389
58,8389
3,8394
5,8396
16,8397
4,8398
4,8399
3,8400
36,8400
43,8400
7,8402
5,8403
52,8403
58,8406
59,8408
54,8409
24,8413
37,8416
16,8420
48,8420
41,8424
47,8424
47,8425
53,8426
36,8428
28,8429
34,8433
7,8437
27,8437
36,8438
60,8439
24,8439
29,8441
30,8442
28,8443
20,8444
25,8444
21,8447
25,8447
35,8448
26,8450
40,8450
31,8452
50,8453
14,8458
34,8459
38,8459
39,8459
19,8463
50,8464
53,8465
6,8467
37,8467
51,8469
12,8471
39,8473
54,8478
49,8479
35,8480
23,8481
47,8481
52,8482
51,8483
21,8484
52,8485
47,8487
19,8492
20,8492
33,8493
35,8493
40,8494
25,8495
58,8495
9,8496
26,8496
51,8497
3,8498
47,8499
54,8499
4,8501
3,8505
21,8505
24,8506
5,8507
8,8507
33,8508
35,8508
12,8509
41,8510
4,8511
4,8512
10,8512
5,8513
10,8513
23,8517
3,8519
40,8519
5,8520
10,8521
39,8521
26,8524
4,8526
45,8526
4,8527
45,8527
5,8528
24,8528
41,8532
3,8533
23,8534
12,8535
16,8537
20,8540
54,8542
38,8544
14,8545
25,8547
21,8548
42,8548
1,8551
9,8551
41,8552
3,8554
2,8555
19,8561
40,8561
1,8563
33,8563
21,8564
43,8564
1,8565
10,8565
31,8566
48,8566
53,8567
2,8570
23,8570
35,8571
35,8573
2,8574
7,8574
30,8574
39,8577
26,8578
37,8579
29,8581
50,8581
30,8583
48,8585
50,8585
16,8586
39,8588
9,8589
25,8590
24,8591
36,8591
43,8591
11,8594
50,8597
14,8599
40,8599
36,8601
15,8602
7,8603
19,8603
32,8603
33,8603
51,8603
14,8605
34,8606
60,8608
3,8610
4,8611
13,8612
47,8614
12,8615
4,8616
33,8616
3,8617
54,8617
5,8620
5,8622
49,8622
18,8623
14,8624
18,8629
32,8635
52,8635
49,8641
27,8642
22,8643
1,8644
1,8645
2,8646
2,8648
17,8649
1,8650
39,8651
2,8652
8,8656
40,8656
35,8658
23,8659
51,8659
11,8660
55,8662
14,8666
56,8666
24,8670
33,8670
49,8670
8,8673
3,8674
60,8676
4,8677
34,8678
58,8679
3,8680
5,8681
12,8681
57,8681
5,8683
58,8683
21,8685
4,8686
25,8688
27,8689
33,8689
18,8693
49,8693
33,8695
31,8697
3,8698
4,8699
44,8699
3,8701
1,8702
5,8703
25,8703
1,8704
4,8705
5,8706
31,8706
43,8706
2,8708
1,8709
2,8710
31,8710
2,8711
57,8711
7,8715
26,8717
52,8719
41,8721
1,8724
2,8725
19,8725
42,8725
56,8726
1,8727
30,8727
2,8728
45,8730
6,8731
1,8733
2,8734
30,8737
38,8737
29,8743
27,8744
44,8745
56,8746
58,8746
47,8747
6,8748
57,8748
41,8749
53,8749
49,8750
3,8752
27,8755
10,8759
17,8759
10,8760
44,8760
56,8760
27,8762
54,8762
11,8763
1,8764
1,8765
18,8765
57,8765
2,8766
1,8767
24,8768
2,8769
7,8769
36,8769
54,8769
60,8770
2,8773
20,8776
27,8778
48,8780
13,8788
11,8789
1,8792
1,8793
22,8793
2,8794
1,8795
57,8795
15,8796
53,8796
2,8797
28,8797
2,8798
56,8801
9,8802
11,8803
8,8804
11,8807
38,8807
47,8808
14,8811
26,8813
34,8814
40,8814
52,8815
7,8816
53,8819
35,8820
58,8820
33,8821
25,8823
45,8824
10,8826
2,8827
20,8827
48,8828
14,8829
46,8829
9,8831
25,8832
57,8833
58,8833
25,8834
23,8835
34,8836
52,8841
24,8842
54,8846
13,8847
17,8847
51,8849
14,8850
42,8850
29,8851
43,8854
57,8855
47,8857
34,8859
43,8859
59,8859
51,8860
9,8871
48,8871
30,8878
60,8880
31,8880
1,8881
13,8881
1,8883
17,8883
2,8884
2,8886
15,8886
21,8886
46,8886
49,8886
1,8887
2,8889
60,8890
30,8890
29,8892
43,8892
13,8894
43,8894
9,8898
53,8899
50,8900
34,8901
12,8903
29,8904
59,8904
44,8910
33,8911
37,8911
32,8916
3,8918
11,8918
40,8918
9,8919
9,8920
30,8922
39,8922
50,8926
13,8927
20,8928
59,8929
8,8931
29,8932
38,8932
12,8934
20,8938
45,8938
13,8942
24,8947
54,8947
8,8950
14,8950
1,8957
1,8960
33,8960
60,8961
43,8961
10,8962
26,8962
3,8963
38,8963
4,8964
2,8965
4,8965
28,8965
1,8966
3,8966
2,8967
5,8967
5,8968
2,8969
25,8969
44,8971
51,8977
43,8978
9,8979
11,8979
24,8983
54,8983
7,8985
57,8987
18,8988
40,8989
25,8992
29,8992
18,8995
38,8997
6,8998
32,8999
60,9000
43,9000
13,9003
1,9004
46,9004
1,9007
22,9007
46,9007
2,9009
24,9010
36,9010
2,9011
1,9012
49,9012
3,9013
4,9014
52,9015
5,9016
33,9016
34,9016
2,9017
47,9017
36,9019
5,9020
4,9021
25,9021
3,9023
13,9023
17,9023
20,9029
3,9031
17,9031
37,9032
5,9035
10,9036
13,9038
40,9038
56,9038
5,9039
35,9040
4,9042
56,9047
22,9048
11,9050
53,9050
11,9052
34,9052
4,9054
30,9054
52,9054
3,9056
10,9056
9,9057
16,9057
42,9057
1,9058
37,9062
45,9062
2,9063
7,9063
12,9063
1,9064
48,9064
53,9064
41,9070
1,9072
29,9072
2,9074
6,9074
2,9075
21,9076
34,9083
58,9083
32,9086
33,9090
34,9092
40,9093
51,9095
27,9098
28,9102
3,9103
8,9103
5,9104
17,9104
5,9105
57,9107
4,9108
33,9109
11,9110
13,9110
4,9111
60,9112
3,9113
42,9115
23,9122
28,9122
53,9124
6,9127
24,9129
47,9129
59,9130
19,9131
58,9135
37,9136
48,9137
26,9143
38,9144
14,9145
20,9146
3,9147
4,9148
31,9148
1,9149
5,9149
2,9151
4,9153
7,9154
10,9156
47,9157
1,9158
36,9158
1,9159
2,9160
27,9160
2,9162
3,9162
40,9164
5,9165
38,9168
9,9169
31,9171
52,9172
16,9174
32,9175
51,9175
13,9178
56,9178
8,9179
41,9182
47,9182
26,9189
17,9190
19,9191
49,9194
18,9195
47,9196
42,9197
22,9199
38,9199
13,9200
34,9200
42,9200
53,9201
34,9203
48,9203
7,9204
10,9204
58,9204
21,9207
27,9208
28,9208
59,9208
18,9210
48,9211
59,9211
52,9218
24,9219
50,9220
57,9221
40,9222
3,9224
29,9229
56,9229
4,9230
4,9232
5,9233
38,9233
46,9233
5,9234
3,9235
41,9235
25,9238
29,9239
52,9240
57,9241
49,9245
51,9245
48,9250
12,9252
50,9252
26,9254
58,9254
44,9256
1,9258
57,9258
1,9259
33,9262
59,9262
43,9263
2,9264
2,9265
1,9270
25,9270
39,9270
2,9271
60,9272
44,9276
39,9280
56,9281
15,9282
26,9282
34,9282
51,9284
57,9288
48,9290
25,9291
28,9291
51,9294
59,9294
53,9296
52,9298
27,9299
1,9301
1,9302
28,9302
60,9303
2,9303
1,9307
2,9308
6,9308
13,9309
19,9309
59,9309
54,9312
49,9313
52,9314
16,9319
7,9320
52,9320
36,9321
39,9321
2,9323
25,9323
41,9323
44,9324
27,9325
56,9327
7,9329
15,9329
24,9331
47,9333
20,9334
33,9334
3,9339
5,9340
52,9341
4,9344
15,9346
4,9347
45,9347
3,9348
5,9349
47,9352
49,9352
16,9353
34,9353
49,9357
38,9364
33,9365
41,9365
21,9367
1,9368
31,9369
30,9370
6,9385
22,9388
36,9390
42,9390
8,9391
60,9396
19,9397
34,9397
49,9397
57,9397
12,9398
9,9399
27,9399
13,9400
44,9401
9,9404
52,9406
10,9410
29,9416
14,9417
58,9418
51,9421
46,9422
49,9424
32,9425
19,9428
24,9428
29,9431
8,9432
31,9432
39,9432
33,9433
29,9435
38,9438
47,9438
1,9439
1,9440
49,9440
2,9442
45,9443
1,9444
48,9444
58,9444
2,9448
2,9450
14,9452
18,9452
34,9456
33,9457
56,9459
6,9461
32,9463
33,9464
14,9466
47,9468
51,9468
20,9469
53,9475
3,9476
31,9478
1,9479
18,9479
13,9482
24,9483
45,9487
1,9490
2,9492
4,9492
39,9492
1,9493
49,9493
52,9493
4,9494
2,9496
3,9496
2,9497
5,9498
53,9498
58,9498
30,9499
26,9500
47,9500
59,9500
46,9501
9,9502
24,9502
36,9502
1,9503
5,9503
2,9505
45,9506
1,9507
42,9507
36,9508
54,9509
2,9510
18,9510
1,9511
2,9512
3,9512
29,9512
4,9514
22,9516
3,9517
19,9518
5,9520
5,9521
51,9521
30,9524
1,9528
4,9529
3,9530
5,9531
2,9532
1,9533
4,9533
16,9533
1,9535
3,9535
5,9536
26,9536
2,9537
4,9538
37,9539
46,9541
2,9543
5,9543
53,9544
39,9549
17,9552
28,9553
42,9554
26,9555
20,9556
10,9558
15,9559
18,9560
19,9560
10,9562
52,9563
58,9563
10,9564
11,9565
31,9566
33,9567
56,9567
52,9568
23,9569
22,9572
58,9572
20,9578
21,9579
18,9587
47,9587
10,9589
27,9590
59,9592
10,9594
37,9594
43,9596
49,9597
55,9597
36,9600
43,9600
49,9600
60,9602
19,9602
2,9608
60,9609
25,9610
5,9611
16,9611
37,9612
39,9613
37,9615
14,9616
47,9619
16,9622
7,9624
47,9624
17,9625
20,9625
43,9630
46,9640
22,9643
53,9643
20,9644
52,9644
13,9647
3,9649
34,9652
14,9653
4,9655
24,9656
5,9657
33,9658
3,9659
4,9661
5,9661
4,9664
43,9668
51,9669
60,9671
36,9671
60,9672
10,9676
41,9676
36,9677
16,9679
10,9681
35,9681
17,9683
46,9683
34,9685
44,9686
28,9687
12,9689
26,9693
35,9694
45,9696
6,9697
16,9698
27,9700
43,9700
7,9702
10,9708
40,9709
11,9710
36,9710
50,9710
33,9711
24,9714
59,9714
40,9716
23,9718
24,9721
53,9721
12,9722
50,9722
16,9723
41,9726
33,9727
50,9727
46,9728
9,9729
30,9729
31,9731
7,9733
3,9734
17,9739
54,9739
17,9740
15,9743
49,9744
41,9746
42,9747
9,9748
31,9748
41,9751
54,9753
55,9755
35,9760
31,9761
57,9761
10,9762
14,9763
35,9764
12,9765
41,9767
44,9769
35,9771
37,9775
13,9787
36,9787
18,9788
19,9788
3,9791
57,9791
40,9793
1,9797
1,9799
2,9801
6,9801
41,9801
42,9802
4,9803
28,9804
40,9804
48,9804
3,9805
48,9806
52,9806
6,9807
13,9807
20,9807
36,9807
46,9808
5,9810
27,9810
2,9812
26,9812
26,9813
34,9813
1,9814
2,9815
5,9815
4,9816
46,9819
1,9820
12,9822
2,9823
1,9824
2,9825
37,9827
38,9827
1,9829
9,9829
35,9831
2,9833
14,9838
56,9838
12,9839
24,9843
20,9844
39,9845
9,9847
24,9848
33,9850
30,9851
36,9851
54,9853
57,9854
46,9855
35,9856
13,9857
45,9860
27,9867
55,9867
51,9868
11,9870
8,9871
51,9872
55,9877
5,9878
53,9879
27,9883
32,9884
55,9884
27,9886
55,9886
18,9887
38,9897
36,9906
42,9909
14,9913
11,9915
14,9917
48,9919
49,9919
58,9919
45,9920
3,9921
34,9922
57,9923
4,9924
36,9924
23,9926
4,9928
3,9929
16,9929
55,9929
56,9929
44,9930
5,9933
57,9933
5,9935
42,9941
25,9943
60,9947
39,9947
42,9947
3,9948
14,9949
5,9950
54,9950
22,9951
4,9952
17,9953
5,9954
3,9955
4,9956
20,9957
36,9957
44,9957
15,9959
52,9961
50,9962
3,9963
38,9963
18,9965
5,9966
4,9967
41,9968
3,9970
59,9970
4,9973
18,9973
5,9974
6,9977
49,9981
17,9982
14,9983
53,9984
49,9988
48,9990
51,9991
53,9992
