1,1
1,2
3,2
15,3
4,4
4,5
5,6
2,7
5,7
1,8
20,8
45,8
2,9
3,10
41,10
2,11
51,15
32,25
40,28
20,32
38,32
29,33
54,34
56,37
16,40
57,41
41,42
50,44
2,49
3,50
54,51
5,53
13,54
31,56
39,56
4,57
45,57
4,58
6,58
3,63
50,63
5,64
36,68
8,70
22,71
49,74
22,75
41,75
3,76
19,78
13,84
59,85
25,86
27,86
17,87
24,87
53,87
31,89
21,94
41,94
7,95
3,96
22,96
41,96
22,98
40,99
4,101
13,102
5,103
5,105
4,107
3,108
18,110
55,110
58,110
35,111
22,113
46,114
56,114
1,118
44,118
26,119
1,120
41,120
51,123
60,125
1,126
2,127
15,127
36,127
1,128
48,129
2,130
24,130
44,130
46,130
21,132
34,132
41,133
2,135
10,135
13,136
53,139
29,141
21,144
39,144
1,148
3,148
59,148
2,149
5,149
1,150
5,150
4,151
8,151
15,151
32,151
3,152
34,152
1,153
2,154
2,155
4,156
3,157
35,158
38,158
15,159
5,160
6,160
4,161
4,162
3,163
56,163
5,164
1,167
2,168
1,169
32,171
1,172
2,174
2,176
1,180
2,183
1,184
1,185
17,185
2,187
59,188
2,189
49,189
55,191
15,193
46,193
47,193
20,198
44,199
48,200
6,205
31,206
37,206
25,207
11,208
31,209
40,209
41,211
3,212
45,212
4,213
4,214
6,214
34,214
54,214
50,216
7,219
20,219
5,220
8,220
3,221
1,222
15,222
19,222
39,222
5,223
2,224
5,224
30,224
6,227
35,227
57,229
1,232
1,233
2,235
53,235
2,236
45,238
49,238
31,239
39,241
54,241
9,251
19,251
54,251
1,252
2,253
45,253
1,255
51,256
2,257
8,257
1,258
2,259
46,259
8,260
15,260
1,262
2,263
51,265
6,266
1,267
45,267
2,268
23,268
32,268
34,269
1,270
24,270
2,271
11,275
6,277
24,278
8,279
28,280
32,280
45,281
41,284
22,285
52,285
12,287
28,288
22,290
3,292
26,292
4,294
5,297
4,298
30,298
5,299
3,300
9,300
47,302
13,306
1,309
58,311
7,312
7,313
49,316
12,317
31,317
19,318
33,318
56,318
50,321
52,321
2,323
23,324
33,324
39,324
18,325
56,326
19,327
36,330
58,330
41,331
53,335
22,336
17,338
46,338
41,342
1,346
1,347
2,348
3,348
43,348
1,349
5,349
51,349
37,350
50,350
2,351
5,352
2,353
32,353
4,354
40,354
4,355
26,355
3,356
59,356
29,357
41,359
49,360
45,361
12,362
51,362
14,364
28,364
3,365
11,365
18,365
4,366
4,367
5,368
6,368
54,368
3,370
5,371
8,371
12,371
53,371
58,377
32,379
52,380
3,381
5,383
1,385
4,385
2,386
1,387
17,387
2,388
10,388
60,389
4,389
1,390
3,390
5,391
2,392
21,392
1,393
8,393
1,394
32,394
2,395
50,395
1,397
46,397
58,398
2,400
3,400
8,400
23,400
2,401
4,403
1,404
1,405
4,405
7,405
3,406
12,406
50,406
2,407
5,408
19,408
2,409
5,409
1,410
2,411
10,415
46,415
48,417
3,418
4,419
42,419
4,420
5,421
51,421
5,422
32,422
3,423
34,423
19,425
36,434
10,437
3,438
28,438
1,439
4,439
29,440
1,441
17,441
2,442
2,443
11,443
1,444
5,445
2,446
3,447
56,448
4,449
28,449
28,451
41,451
49,451
5,453
3,455
26,455
44,457
7,459
44,459
55,460
3,463
16,463
4,464
3,465
4,466
4,467
5,467
14,468
14,469
41,469
5,470
54,470
22,472
34,473
34,474
19,475
60,476
1,480
2,481
36,481
1,482
8,485
1,486
57,486
2,487
10,487
60,488
2,488
53,489
31,491
42,492
46,492
21,493
58,494
31,495
24,496
49,498
8,501
22,502
19,505
55,506
45,508
1,514
52,515
58,515
2,516
9,516
17,516
53,516
1,517
2,518
55,518
56,518
51,519
1,520
2,521
43,523
6,524
3,528
4,529
35,529
5,530
31,531
37,531
4,533
40,533
3,534
5,537
25,539
17,542
34,544
14,545
26,545
1,546
23,546
1,547
40,547
2,549
16,549
17,549
2,550
8,550
21,550
45,550
59,550
1,552
2,554
27,554
38,557
2,560
13,561
23,561
32,564
6,565
48,567
46,568
22,571
32,572
15,573
52,574
54,574
3,576
39,576
53,576
4,577
1,580
5,580
1,581
3,581
2,582
5,582
49,582
2,583
19,583
1,584
1,585
2,587
4,589
27,589
43,589
26,591
49,591
11,593
1,594
21,594
31,594
41,595
2,597
1,598
54,598
1,599
60,600
2,600
35,600
2,601
51,601
22,603
32,603
23,604
37,604
12,608
13,608
54,608
32,611
12,612
25,613
32,615
38,615
41,616
16,617
44,618
59,619
46,621
56,621
9,622
34,623
19,625
53,626
27,628
43,629
8,631
57,632
26,634
16,635
23,635
3,638
4,639
12,639
5,640
3,641
6,643
50,644
4,645
21,646
1,647
5,647
1,648
2,649
60,650
12,651
51,651
2,652
14,652
1,655
2,656
23,658
10,659
1,660
20,660
59,660
1,661
51,661
49,662
55,662
12,663
56,663
2,664
28,664
2,666
42,666
53,666
1,667
2,668
18,668
46,668
35,670
52,671
30,672
26,676
53,679
18,680
32,682
52,683
60,684
49,684
38,685
41,686
30,688
45,689
22,693
43,695
37,700
31,701
32,701
37,701
54,701
55,703
11,704
20,706
13,707
32,707
53,707
3,710
4,711
5,712
5,713
27,713
1,715
13,715
24,716
1,717
3,717
41,717
2,718
4,718
35,719
44,719
58,719
1,720
30,722
2,724
2,725
12,727
42,728
7,729
13,730
54,732
26,735
30,735
30,738
35,738
22,741
25,741
17,742
29,743
3,745
4,747
1,749
5,749
2,750
26,750
1,751
5,751
1,752
4,752
33,752
51,752
57,752
2,753
18,753
45,753
52,753
2,754
3,754
8,755
2,756
19,756
32,763
1,767
48,767
52,767
7,769
9,770
36,770
26,772
12,774
25,774
23,775
26,775
48,778
1,779
44,779
20,782
1,783
2,784
2,785
1,787
25,787
31,790
2,792
28,792
60,793
48,793
28,794
35,798
1,799
2,801
32,801
1,802
13,802
20,802
2,803
1,804
2,805
31,806
55,807
1,808
41,808
40,810
39,811
60,813
2,814
24,814
1,815
47,816
15,817
46,817
15,818
18,818
1,819
13,819
39,821
57,821
2,822
52,822
2,823
45,826
48,826
56,826
21,827
27,829
56,831
1,832
48,832
51,833
13,834
1,835
2,836
9,836
1,837
12,837
2,838
2,839
59,839
18,842
43,845
18,847
56,847
55,848
19,851
1,852
1,853
31,853
2,854
53,854
1,855
2,856
2,857
39,859
1,860
1,862
2,864
1,866
36,867
2,869
2,870
3,871
58,871
20,872
54,872
4,873
41,873
5,874
20,874
51,874
4,876
17,876
3,877
5,879
60,880
27,880
3,881
15,881
17,881
46,883
4,884
5,886
3,887
5,888
4,889
10,889
1,895
1,897
2,898
1,900
19,901
2,902
3,902
2,903
5,904
28,904
4,906
4,907
5,908
3,909
19,909
3,910
4,911
5,912
54,912
3,913
38,913
16,914
17,914
4,915
5,916
10,916
16,916
1,920
1,921
45,921
2,922
33,923
2,924
3,924
9,924
1,925
35,925
2,926
4,926
4,927
15,927
3,928
25,929
5,930
5,932
36,932
47,935
10,936
19,937
30,937
57,940
21,943
48,946
41,947
33,948
47,952
57,953
1,957
1,958
3,958
44,958
32,959
2,960
4,960
3,961
43,961
1,962
5,962
46,962
2,963
4,963
10,963
5,964
11,964
36,964
2,965
56,965
6,966
15,966
39,967
55,967
14,968
1,971
57,971
1,973
26,973
2,974
39,974
57,974
2,975
1,976
2,977
8,980
3,981
18,981
58,981
4,982
5,984
17,984
53,984
4,985
3,986
5,988
16,991
13,992
14,995
58,997
17,998
41,998
43,998
12,1001
33,1002
59,1002
32,1003
37,1007
46,1007
19,1012
3,1013
58,1014
36,1015
40,1016
60,1017
5,1017
38,1017
40,1018
5,1019
4,1020
21,1020
4,1022
3,1023
42,1026
27,1028
6,1029
17,1031
34,1032
32,1035
1,1038
33,1038
2,1040
3,1041
34,1041
37,1041
35,1042
1,1043
4,1043
3,1044
4,1045
40,1045
2,1046
5,1046
45,1046
1,1047
7,1047
56,1047
5,1048
36,1048
2,1049
1,1063
54,1063
24,1066
41,1067
2,1068
9,1068
1,1069
50,1069
32,1070
1,1071
2,1072
59,1072
2,1074
21,1074
51,1074
20,1076
59,1078
26,1080
25,1082
54,1094
30,1095
46,1097
11,1100
41,1101
58,1101
37,1103
39,1104
44,1107
1,1109
59,1109
37,1110
2,1112
1,1113
3,1113
23,1113
2,1114
4,1114
18,1114
22,1114
1,1115
4,1115
36,1115
57,1115
2,1116
5,1116
13,1116
51,1116
3,1117
5,1118
36,1119
15,1121
30,1121
8,1126
30,1126
15,1128
3,1129
18,1129
4,1130
3,1131
5,1131
4,1132
50,1132
5,1133
5,1134
25,1135
38,1135
1,1136
1,1137
2,1137
13,1138
39,1138
43,1138
2,1139
2,1140
1,1141
2,1142
17,1142
46,1142
43,1145
11,1146
20,1148
42,1148
16,1149
16,1150
54,1151
23,1153
22,1154
44,1154
34,1156
47,1158
19,1161
48,1165
49,1165
6,1167
32,1167
3,1168
5,1169
15,1169
4,1170
33,1170
5,1171
4,1172
3,1173
5,1175
4,1181
38,1181
56,1181
51,1182
15,1183
50,1183
1,1184
1,1187
29,1187
9,1188
55,1188
2,1189
2,1190
1,1191
2,1192
24,1192
27,1192
22,1194
7,1198
51,1201
37,1204
47,1208
48,1208
3,1210
5,1211
12,1212
1,1213
4,1213
20,1213
3,1214
15,1214
1,1215
4,1215
5,1216
32,1217
2,1218
8,1218
6,1219
13,1219
56,1219
1,1220
2,1221
2,1222
1,1224
3,1224
4,1225
26,1225
2,1227
4,1227
1,1228
1,1229
13,1229
33,1229
49,1229
2,1231
21,1231
60,1232
2,1232
5,1232
8,1232
5,1233
54,1233
3,1234
1,1237
2,1238
1,1239
7,1240
49,1240
40,1242
3,1243
9,1243
51,1243
5,1244
19,1244
1,1245
4,1245
2,1246
4,1246
2,1248
3,1248
5,1249
9,1251
37,1251
38,1251
51,1251
22,1254
59,1254
3,1255
31,1255
5,1256
16,1256
4,1257
45,1259
52,1259
54,1259
3,1260
4,1261
31,1261
5,1262
29,1262
54,1262
31,1263
40,1265
60,1266
14,1266
24,1266
3,1267
33,1267
40,1268
60,1269
38,1269
45,1269
6,1271
57,1271
35,1275
31,1277
17,1279
26,1281
24,1282
34,1282
8,1285
22,1287
24,1287
1,1289
2,1290
14,1290
1,1291
59,1292
3,1293
37,1293
43,1293
1,1294
9,1294
54,1294
2,1296
25,1296
2,1297
3,1304
27,1304
5,1307
47,1307
12,1309
1,1311
15,1311
1,1312
14,1312
4,1313
12,1314
34,1314
2,1315
2,1316
5,1316
1,1317
3,1317
14,1317
4,1318
56,1318
60,1319
2,1319
26,1320
27,1320
26,1322
51,1324
19,1328
57,1331
13,1332
1,1337
3,1337
2,1338
1,1340
4,1340
25,1340
44,1340
4,1341
2,1342
5,1342
1,1343
3,1343
43,1343
55,1343
57,1343
2,1344
5,1344
10,1344
8,1345
58,1345
1,1346
1,1347
4,1347
40,1347
2,1348
2,1349
3,1350
1,1351
4,1351
37,1351
2,1352
5,1352
34,1352
41,1352
5,1354
56,1354
59,1355
2,1356
4,1356
27,1356
36,1356
38,1356
60,1357
3,1357
60,1360
3,1360
11,1360
5,1361
35,1362
4,1364
49,1364
5,1365
38,1365
41,1365
4,1367
8,1367
18,1367
3,1368
16,1368
6,1369
8,1369
20,1369
39,1371
3,1375
5,1376
46,1376
33,1377
4,1378
14,1378
5,1379
34,1380
3,1382
4,1383
58,1386
58,1391
3,1395
38,1396
52,1397
5,1398
1,1400
4,1400
4,1401
5,1402
23,1402
1,1403
3,1403
2,1406
1,1407
3,1407
2,1408
5,1408
35,1408
51,1408
4,1409
47,1409
5,1410
9,1410
60,1411
2,1411
24,1411
3,1412
4,1413
46,1414
30,1423
14,1428
45,1428
1,1429
3,1430
31,1430
5,1431
4,1432
28,1434
1,1435
5,1435
2,1437
32,1437
1,1438
3,1438
2,1439
4,1439
2,1440
29,1441
16,1442
25,1442
55,1443
7,1445
46,1446
53,1451
3,1454
46,1454
4,1455
3,1456
4,1457
49,1457
5,1458
59,1458
5,1459
11,1460
25,1461
39,1461
45,1464
22,1466
13,1468
30,1471
20,1474
18,1475
30,1476
51,1478
39,1479
44,1479
1,1482
3,1483
31,1483
4,1485
38,1485
5,1486
4,1489
50,1489
15,1490
5,1492
3,1493
3,1496
20,1497
5,1498
24,1498
4,1499
18,1499
56,1500
3,1501
5,1502
4,1504
13,1507
21,1510
11,1511
55,1513
32,1515
52,1515
1,1516
1,1517
28,1517
2,1518
35,1519
15,1521
41,1521
1,1523
2,1525
43,1525
2,1526
22,1526
40,1526
49,1526
21,1527
3,1528
43,1528
5,1529
6,1529
47,1530
9,1531
22,1532
4,1533
5,1534
3,1535
4,1536
25,1538
49,1538
10,1539
16,1542
42,1543
19,1546
9,1547
17,1547
35,1547
1,1548
1,1551
41,1551
2,1553
26,1553
1,1555
2,1556
2,1559
12,1562
60,1564
18,1566
30,1566
27,1569
30,1574
60,1575
3,1575
37,1575
5,1576
37,1577
4,1578
4,1579
6,1579
3,1580
1,1581
5,1581
34,1581
43,1581
1,1582
2,1583
1,1584
2,1585
2,1586
42,1586
37,1587
55,1588
10,1590
47,1596
48,1601
31,1609
34,1613
9,1617
56,1619
3,1621
1,1622
33,1622
60,1623
2,1623
5,1623
5,1624
29,1624
1,1625
4,1625
1,1627
3,1627
13,1627
59,1627
4,1628
2,1630
6,1630
2,1631
1,1633
17,1634
1,1635
14,1635
31,1635
2,1636
1,1637
2,1638
34,1640
2,1642
50,1644
1,1646
6,1647
2,1648
36,1649
1,1651
52,1651
53,1652
1,1653
2,1654
17,1654
2,1655
57,1658
24,1659
43,1659
3,1660
40,1660
5,1661
11,1661
4,1664
35,1664
52,1665
11,1666
4,1668
23,1668
20,1669
5,1670
49,1670
3,1671
52,1672
16,1674
20,1676
52,1677
24,1678
46,1681
1,1682
28,1682
2,1683
1,1684
22,1684
48,1684
2,1685
1,1686
21,1686
57,1687
2,1689
60,1690
34,1693
27,1694
58,1695
43,1701
34,1702
38,1702
34,1703
56,1703
21,1706
7,1707
40,1707
28,1712
1,1717
15,1717
49,1717
19,1718
1,1719
18,1719
2,1720
2,1722
18,1724
49,1724
1,1725
51,1726
2,1728
27,1729
48,1733
3,1737
4,1738
5,1739
3,1740
15,1741
25,1742
34,1742
4,1743
53,1743
55,1743
5,1744
34,1748
7,1749
43,1749
31,1750
35,1750
45,1751
56,1754
46,1755
6,1756
19,1757
29,1757
47,1757
31,1759
43,1759
6,1762
43,1763
27,1764
39,1765
44,1765
43,1768
49,1769
17,1774
39,1776
3,1778
4,1779
5,1781
3,1782
4,1783
5,1784
15,1785
7,1786
22,1788
50,1791
1,1792
2,1794
1,1796
13,1797
2,1799
42,1799
44,1800
1,1801
2,1802
39,1804
47,1806
26,1807
24,1808
1,1809
42,1810
19,1816
3,1817
4,1818
44,1818
5,1819
3,1820
21,1820
7,1821
5,1822
4,1823
26,1823
3,1824
51,1824
13,1825
4,1827
5,1828
49,1830
54,1830
58,1830
3,1831
4,1832
25,1832
5,1833
32,1833
48,1837
56,1843
33,1844
23,1845
1,1848
1,1849
2,1850
1,1851
2,1852
46,1852
51,1854
2,1855
17,1857
40,1857
14,1861
36,1861
17,1866
25,1866
1,1868
1,1869
2,1870
2,1871
3,1873
1,1874
4,1874
2,1875
5,1876
16,1876
41,1876
5,1877
4,1878
3,1881
17,1882
15,1884
44,1886
23,1887
34,1888
8,1890
14,1890
23,1890
29,1891
3,1893
15,1893
54,1894
42,1898
48,1898
27,1900
42,1905
8,1907
35,1910
1,1912
22,1913
49,1913
60,1914
2,1914
1,1915
20,1916
55,1916
1,1917
2,1918
45,1919
50,1919
60,1922
2,1922
47,1922
31,1924
48,1925
11,1927
9,1929
31,1930
10,1931
7,1932
1,1935
51,1935
1,1936
2,1937
52,1938
2,1940
1,1941
50,1941
42,1944
2,1947
38,1955
18,1958
44,1958
3,1959
5,1960
37,1960
4,1961
3,1964
4,1965
6,1966
5,1967
19,1970
52,1984
20,1985
27,1985
12,1987
20,1988
57,1988
39,1989
57,1990
28,1991
14,1992
35,1994
48,1994
41,1998
43,1998
7,1999
15,2000
24,2002
1,2003
45,2003
2,2004
1,2005
1,2006
2,2009
2,2010
3,2010
39,2010
4,2011
44,2011
58,2011
3,2012
5,2013
12,2013
20,2013
47,2013
1,2015
4,2015
2,2016
1,2018
1,2019
53,2019
55,2020
5,2021
2,2023
2,2024
40,2026
60,2028
31,2028
13,2031
9,2032
13,2035
57,2038
6,2040
49,2040
55,2040
47,2041
56,2041
48,2043
24,2044
9,2045
25,2045
39,2047
48,2047
57,2047
1,2048
4,2048
46,2048
48,2048
30,2049
45,2050
2,2052
1,2053
2,2054
18,2054
13,2056
1,2058
8,2058
2,2060
23,2061
49,2061
33,2062
48,2064
53,2064
1,2066
2,2067
37,2067
1,2069
1,2070
29,2070
2,2071
26,2071
35,2071
2,2072
31,2072
50,2077
53,2078
1,2079
60,2080
2,2080
1,2082
2,2083
18,2083
19,2083
1,2085
20,2086
2,2087
19,2089
50,2089
49,2090
49,2092
54,2094
54,2097
18,2099
23,2099
26,2104
57,2104
8,2106
16,2108
30,2109
8,2110
38,2110
1,2113
3,2113
51,2113
2,2114
4,2114
3,2115
46,2115
1,2116
5,2116
34,2117
2,2118
5,2118
1,2119
2,2120
4,2120
32,2122
46,2123
35,2127
39,2128
46,2129
56,2135
8,2140
34,2142
34,2143
1,2145
31,2145
1,2146
2,2148
17,2148
23,2148
1,2149
38,2151
2,2152
20,2152
2,2153
3,2154
30,2154
29,2155
22,2157
5,2158
38,2160
4,2161
24,2161
30,2161
39,2162
4,2163
33,2163
3,2164
29,2165
59,2167
5,2168
56,2168
60,2172
56,2172
39,2177
3,2180
51,2181
37,2182
4,2183
5,2183
5,2185
23,2185
34,2185
4,2187
1,2188
3,2188
12,2188
1,2190
5,2191
2,2192
1,2195
2,2196
2,2197
58,2197
11,2198
12,2202
19,2202
54,2203
6,2204
54,2204
3,2208
26,2208
1,2209
39,2209
52,2209
11,2211
25,2213
3,2216
17,2217
26,2217
60,2218
1,2218
4,2218
4,2219
2,2220
1,2221
5,2221
2,2222
58,2222
3,2223
1,2224
5,2224
33,2225
2,2226
18,2226
47,2227
13,2228
18,2231
1,2236
2,2237
1,2240
3,2241
2,2242
4,2242
19,2242
1,2243
4,2243
2,2244
39,2244
5,2245
34,2245
5,2246
35,2246
3,2248
37,2249
50,2249
24,2252
10,2259
27,2259
17,2260
53,2261
1,2262
11,2262
33,2262
36,2262
2,2263
1,2264
49,2264
2,2266
1,2267
2,2270
23,2270
51,2273
3,2274
52,2274
5,2275
5,2277
42,2278
4,2280
4,2281
49,2281
3,2282
17,2282
31,2282
55,2282
55,2283
30,2284
4,2287
7,2288
26,2289
8,2292
24,2296
17,2299
49,2299
54,2301
42,2302
53,2304
15,2305
55,2306
17,2308
9,2309
47,2309
26,2310
14,2312
1,2316
20,2316
32,2316
32,2317
1,2319
2,2320
1,2321
18,2323
2,2325
2,2326
16,2326
44,2329
50,2329
23,2330
1,2331
1,2332
2,2333
47,2333
2,2334
1,2335
2,2337
6,2337
1,2338
1,2339
14,2339
17,2340
2,2341
6,2341
52,2341
2,2342
1,2344
26,2345
2,2346
40,2348
55,2349
18,2350
16,2351
9,2353
58,2353
41,2354
32,2355
1,2359
25,2359
1,2360
2,2360
2,2361
1,2362
3,2362
53,2362
2,2363
40,2363
42,2363
2,2364
17,2364
5,2366
24,2368
4,2369
1,2370
1,2371
4,2371
31,2371
2,2372
3,2372
5,2373
1,2374
51,2374
2,2375
26,2375
7,2376
2,2377
59,2377
37,2379
44,2381
45,2382
11,2386
42,2386
20,2388
21,2388
15,2391
42,2393
36,2394
22,2395
14,2397
43,2397
58,2397
45,2400
43,2404
3,2405
5,2406
4,2407
5,2408
4,2412
3,2413
53,2414
1,2417
21,2417
54,2417
2,2418
1,2420
22,2421
1,2422
51,2422
2,2423
2,2425
4,2426
57,2426
7,2428
32,2429
7,2433
18,2433
1,2434
1,2435
29,2435
2,2436
9,2436
25,2436
1,2437
2,2438
48,2440
2,2441
28,2441
18,2443
32,2443
46,2443
3,2448
5,2449
17,2449
42,2450
4,2451
51,2451
3,2453
28,2453
48,2455
5,2456
4,2457
42,2457
29,2458
39,2458
41,2459
33,2460
26,2463
11,2464
38,2465
32,2466
57,2466
29,2467
45,2469
16,2473
45,2473
38,2478
13,2479
59,2479
49,2481
16,2482
60,2483
12,2483
1,2488
1,2489
2,2491
50,2491
1,2493
26,2493
2,2494
15,2494
2,2495
15,2499
26,2501
16,2504
52,2504
35,2506
1,2509
1,2510
47,2511
44,2512
55,2512
56,2512
2,2513
2,2514
1,2515
2,2515
17,2515
2,2516
38,2516
51,2516
27,2518
30,2519
3,2522
4,2524
3,2525
16,2525
44,2525
5,2527
5,2528
4,2529
11,2530
20,2531
8,2532
43,2532
49,2532
53,2532
12,2533
48,2534
16,2537
38,2537
40,2537
56,2537
1,2539
45,2539
1,2541
3,2541
5,2542
2,2543
4,2543
1,2544
3,2544
2,2545
5,2545
35,2545
5,2546
58,2547
2,2548
4,2548
11,2548
24,2550
10,2551
17,2553
36,2553
30,2554
13,2555
11,2556
11,2557
33,2557
41,2559
44,2560
56,2562
33,2563
53,2563
30,2564
6,2565
6,2566
38,2566
22,2567
36,2567
9,2568
47,2569
1,2570
1,2571
2,2572
2,2573
1,2574
2,2575
1,2576
50,2576
1,2577
2,2578
45,2578
2,2579
26,2579
1,2580
2,2581
3,2581
10,2582
4,2583
13,2583
51,2585
31,2587
5,2589
1,2590
5,2590
28,2590
56,2590
1,2591
3,2591
4,2592
12,2592
2,2595
2,2596
22,2597
13,2599
1,2600
10,2600
2,2601
44,2602
37,2603
6,2604
46,2604
34,2605
3,2607
1,2608
5,2608
59,2608
2,2609
4,2609
5,2610
58,2610
4,2611
1,2613
3,2613
1,2614
2,2615
2,2617
20,2617
28,2619
18,2620
47,2620
1,2621
24,2621
2,2622
1,2623
11,2623
1,2624
2,2626
2,2627
37,2628
41,2629
16,2634
14,2635
43,2639
36,2641
27,2642
43,2645
19,2646
25,2646
8,2648
10,2648
38,2648
30,2649
49,2649
3,2650
5,2652
31,2652
36,2653
4,2654
4,2656
46,2656
5,2658
3,2659
31,2660
51,2660
3,2664
17,2666
29,2666
4,2667
3,2670
5,2671
5,2672
4,2673
8,2673
15,2673
25,2673
37,2681
22,2682
18,2689
53,2690
38,2691
6,2692
17,2692
36,2694
47,2695
20,2696
1,2697
3,2697
37,2697
53,2697
5,2698
8,2698
4,2699
10,2699
27,2699
55,2699
4,2701
24,2701
3,2702
22,2702
1,2704
2,2705
1,2707
5,2707
58,2707
38,2708
60,2709
2,2710
1,2712
53,2712
2,2713
3,2714
59,2714
4,2715
31,2715
4,2717
59,2717
56,2718
14,2719
5,2722
60,2723
3,2723
5,2726
20,2728
50,2728
50,2729
28,2730
29,2730
6,2731
1,2732
2,2734
1,2735
26,2736
2,2737
1,2738
3,2739
22,2739
2,2740
4,2742
47,2742
46,2745
5,2746
60,2747
4,2748
18,2751
5,2752
3,2753
33,2753
46,2753
17,2755
57,2755
11,2756
41,2757
43,2758
49,2758
52,2758
39,2760
30,2761
9,2763
37,2763
10,2765
17,2765
39,2766
3,2767
26,2768
30,2768
5,2769
25,2769
4,2770
3,2772
15,2773
59,2774
4,2775
51,2776
5,2777
52,2777
56,2777
22,2780
53,2782
40,2784
5,2787
7,2787
22,2789
55,2791
8,2793
26,2794
29,2794
13,2795
24,2797
31,2797
43,2798
55,2798
47,2804
21,2806
41,2806
1,2807
1,2808
2,2809
1,2810
2,2811
14,2811
59,2811
2,2812
34,2813
21,2815
44,2816
60,2817
10,2817
22,2817
57,2817
40,2819
11,2821
47,2821
58,2821
16,2823
22,2823
18,2824
48,2825
15,2826
51,2827
18,2832
53,2833
47,2835
54,2836
46,2837
3,2838
57,2838
4,2839
49,2840
1,2841
2,2842
15,2842
55,2842
1,2843
4,2843
25,2843
1,2845
5,2845
2,2846
2,2847
3,2847
2,2848
5,2848
29,2848
13,2849
56,2849
52,2853
1,2855
1,2856
2,2857
1,2858
2,2859
28,2860
2,2861
29,2865
1,2867
28,2868
55,2868
2,2871
1,2872
10,2873
1,2874
2,2875
51,2875
47,2876
2,2877
11,2877
27,2877
25,2878
24,2881
3,2883
1,2884
2,2886
5,2886
1,2887
4,2887
1,2889
5,2889
4,2890
3,2891
46,2891
2,2893
50,2893
2,2894
40,2897
59,2897
30,2898
45,2902
33,2903
14,2905
21,2907
36,2908
19,2910
56,2912
2,2915
1,2922
2,2924
12,2925
33,2925
3,2926
53,2926
5,2927
4,2928
44,2928
1,2929
5,2929
26,2929
34,2929
35,2929
4,2931
2,2932
3,2932
1,2933
2,2935
21,2935
53,2935
8,2936
33,2936
30,2937
44,2937
50,2939
37,2941
22,2943
43,2947
57,2948
45,2949
13,2952
9,2953
33,2956
43,2957
45,2957
53,2957
33,2958
60,2962
24,2962
22,2963
16,2964
58,2970
36,2975
13,2977
1,2978
2,2980
42,2980
1,2981
2,2982
38,2982
1,2983
2,2984
47,2984
59,2989
43,2990
17,2993
24,2997
37,2997
47,2999
46,3000
53,3001
40,3004
32,3005
50,3005
54,3006
3,3007
4,3010
3,3011
40,3011
5,3012
5,3014
27,3014
34,3014
59,3014
4,3015
11,3015
33,3015
23,3020
39,3021
42,3021
11,3023
40,3023
60,3026
43,3030
39,3031
23,3032
1,3033
17,3033
1,3034
10,3034
32,3034
49,3034
2,3035
2,3036
39,3036
52,3036
1,3037
35,3038
36,3038
2,3040
3,3044
51,3044
18,3046
58,3046
15,3047
4,3048
23,3048
50,3050
4,3051
5,3052
26,3052
39,3052
3,3053
59,3053
5,3054
27,3054
3,3055
34,3055
32,3058
53,3059
37,3060
16,3063
35,3063
3,3065
14,3065
51,3065
5,3067
4,3068
4,3070
13,3071
18,3077
47,3078
5,3079
32,3079
9,3080
10,3080
58,3080
3,3082
1,3087
19,3087
2,3088
50,3089
34,3090
1,3091
48,3091
20,3092
2,3093
20,3094
51,3094
52,3094
1,3095
12,3095
51,3095
59,3095
2,3096
34,3097
3,3098
1,3099
4,3099
2,3100
5,3101
59,3101
1,3102
18,3102
1,3103
3,3103
2,3104
4,3105
48,3105
2,3106
5,3106
32,3106
14,3107
24,3107
9,3108
43,3109
51,3115
1,3118
2,3119
59,3119
1,3120
2,3121
31,3121
40,3121
15,3122
1,3124
41,3124
2,3125
1,3126
1,3127
26,3127
3,3130
2,3131
5,3131
4,3132
4,3133
1,3134
5,3134
2,3135
13,3135
3,3136
2,3137
40,3139
58,3139
18,3140
21,3144
19,3147
28,3149
54,3150
8,3153
3,3154
45,3156
4,3158
26,3158
14,3159
42,3159
4,3160
57,3160
5,3161
5,3162
1,3163
31,3163
1,3165
2,3166
3,3166
1,3167
1,3168
47,3168
2,3169
2,3170
17,3170
26,3170
3,3172
5,3174
5,3175
4,3176
3,3177
1,3178
2,3179
4,3179
1,3180
58,3180
37,3181
2,3182
1,3183
2,3184
32,3184
45,3187
10,3188
57,3188
25,3190
1,3191
41,3191
52,3193
1,3195
2,3196
9,3196
53,3196
1,3197
2,3199
1,3200
2,3201
6,3201
22,3202
6,3204
52,3204
60,3205
43,3208
31,3209
41,3210
15,3211
33,3211
13,3212
58,3213
1,3214
41,3214
1,3215
2,3216
2,3218
22,3218
1,3219
27,3220
58,3220
2,3221
28,3222
32,3223
4,3228
11,3228
12,3229
19,3229
33,3233
49,3234
15,3244
43,3248
15,3250
33,3250
5,3255
33,3255
38,3256
1,3263
26,3263
43,3263
50,3263
2,3264
44,3264
1,3265
49,3266
1,3267
9,3267
2,3268
10,3268
30,3268
17,3269
2,3271
50,3272
45,3273
52,3276
3,3278
19,3279
30,3280
4,3281
16,3281
18,3281
3,3282
1,3283
5,3283
21,3283
1,3284
2,3285
4,3285
19,3285
5,3286
47,3286
18,3287
16,3288
26,3289
2,3290
1,3291
35,3291
2,3292
7,3292
28,3294
51,3295
13,3296
45,3299
60,3306
53,3306
57,3307
13,3308
26,3308
20,3309
3,3312
27,3312
4,3313
4,3314
5,3315
3,3316
5,3317
45,3317
3,3318
5,3319
32,3320
4,3321
4,3323
3,3324
42,3324
51,3324
8,3325
14,3325
5,3326
21,3327
16,3330
7,3332
29,3333
34,3336
1,3338
22,3338
1,3339
2,3340
26,3340
38,3340
1,3341
3,3342
40,3342
5,3343
23,3343
41,3343
2,3344
4,3344
40,3344
2,3345
4,3348
5,3349
38,3350
49,3350
3,3351
12,3352
31,3354
32,3355
33,3355
56,3360
21,3361
30,3361
30,3362
44,3362
20,3364
50,3364
17,3365
28,3365
1,3367
2,3369
28,3369
1,3370
2,3372
1,3373
5,3373
41,3373
2,3374
3,3375
5,3376
35,3376
4,3377
4,3378
3,3379
35,3379
5,3380
29,3380
3,3382
52,3382
58,3383
4,3384
4,3385
59,3385
5,3387
5,3388
3,3389
16,3390
31,3390
23,3395
31,3395
3,3396
9,3396
43,3396
47,3396
5,3398
5,3401
4,3402
47,3402
11,3403
29,3403
1,3404
4,3404
3,3405
9,3405
22,3405
1,3406
52,3406
57,3407
2,3408
42,3408
50,3410
2,3411
1,3412
2,3413
11,3413
25,3414
30,3414
3,3415
4,3416
29,3416
5,3417
6,3417
4,3418
35,3419
5,3421
3,3422
45,3422
13,3423
58,3427
39,3429
41,3430
41,3431
3,3432
14,3433
30,3433
1,3436
4,3436
14,3436
1,3437
4,3437
53,3437
2,3438
5,3438
46,3438
3,3439
5,3440
1,3441
2,3442
44,3443
45,3443
2,3444
3,3445
4,3446
4,3447
44,3447
16,3448
52,3448
5,3450
33,3450
5,3451
15,3453
3,3455
16,3455
39,3460
43,3460
40,3461
58,3461
51,3462
4,3464
2,3466
22,3466
42,3466
24,3467
35,3471
18,3472
31,3473
7,3475
28,3476
45,3477
58,3482
39,3484
3,3487
17,3489
40,3491
47,3491
58,3491
4,3492
40,3492
5,3493
28,3493
3,3495
4,3496
5,3497
58,3500
12,3501
43,3503
1,3506
57,3506
2,3508
22,3508
1,3509
33,3510
2,3512
54,3512
29,3513
1,3514
24,3514
2,3517
19,3517
56,3517
11,3519
32,3519
36,3520
44,3521
11,3522
31,3523
26,3524
28,3524
1,3526
37,3526
2,3527
1,3528
2,3529
3,3530
4,3531
1,3532
3,3533
4,3534
5,3535
37,3535
2,3536
5,3536
3,3539
11,3540
4,3541
6,3541
16,3541
18,3541
5,3542
1,3543
35,3543
1,3544
3,3544
2,3546
5,3546
4,3547
36,3547
30,3548
1,3550
14,3550
2,3551
2,3552
16,3552
59,3552
44,3553
3,3554
17,3554
4,3555
16,3555
29,3559
5,3560
36,3560
50,3560
29,3561
55,3561
4,3563
5,3564
48,3564
3,3565
1,3568
2,3569
9,3569
1,3573
33,3573
1,3574
59,3574
60,3575
2,3575
2,3576
1,3577
20,3579
44,3581
57,3582
8,3583
3,3585
29,3585
44,3585
4,3586
5,3587
32,3589
4,3590
3,3591
5,3593
18,3595
23,3597
56,3598
27,3601
3,3604
50,3605
4,3606
47,3606
3,3607
5,3608
5,3609
4,3610
58,3610
41,3611
57,3611
1,3613
28,3614
2,3615
41,3615
15,3616
24,3616
1,3617
30,3617
1,3618
3,3618
9,3618
17,3618
2,3619
18,3619
2,3620
5,3620
54,3620
5,3621
1,3622
4,3622
21,3622
27,3623
1,3625
3,3625
2,3626
4,3626
13,3627
2,3628
20,3628
1,3630
27,3630
2,3631
25,3633
12,3634
55,3636
56,3638
36,3639
59,3642
17,3643
59,3644
33,3645
18,3646
41,3646
44,3650
39,3651
1,3655
3,3655
1,3657
5,3657
2,3658
4,3658
1,3659
3,3659
12,3659
4,3660
52,3661
5,3662
2,3663
12,3663
2,3665
47,3665
33,3666
3,3669
5,3670
45,3670
4,3671
3,3672
5,3673
17,3673
18,3674
38,3674
56,3674
1,3675
8,3675
15,3675
4,3677
33,3677
1,3678
2,3679
3,3679
29,3679
1,3680
4,3680
35,3680
57,3680
5,3681
2,3682
3,3682
12,3682
2,3683
35,3683
58,3683
1,3684
4,3684
2,3685
1,3688
5,3688
2,3689
1,3691
2,3692
3,3692
25,3692
5,3693
23,3694
4,3695
31,3696
4,3698
12,3698
23,3698
51,3699
3,3700
49,3700
5,3701
20,3701
7,3702
3,3704
58,3704
5,3705
4,3706
5,3708
39,3708
54,3708
4,3709
3,3710
10,3712
23,3719
32,3722
40,3722
21,3723
52,3724
6,3725
24,3725
38,3727
24,3731
56,3731
1,3734
52,3734
3,3735
4,3735
5,3737
30,3737
48,3737
4,3738
1,3739
4,3739
2,3740
3,3740
2,3741
5,3741
1,3742
55,3742
29,3743
2,3744
32,3747
7,3748
16,3748
13,3749
18,3749
3,3750
31,3750
1,3752
4,3752
48,3752
50,3752
60,3753
3,3753
1,3755
4,3755
40,3755
5,3756
60,3757
2,3757
5,3757
1,3758
8,3759
2,3762
30,3762
59,3762
2,3763
36,3763
13,3764
47,3764
50,3764
54,3765
50,3766
17,3769
47,3773
10,3775
38,3775
39,3775
59,3775
46,3776
3,3777
55,3777
5,3779
4,3780
38,3780
48,3780
4,3781
11,3781
5,3782
42,3782
3,3785
43,3788
58,3788
3,3791
42,3791
15,3794
40,3794
51,3794
39,3796
1,3798
30,3798
43,3799
46,3799
35,3800
2,3801
1,3802
16,3803
17,3803
2,3804
20,3805
1,3808
2,3810
12,3810
21,3810
8,3812
1,3815
2,3816
12,3817
36,3817
1,3818
29,3818
1,3819
2,3821
37,3821
51,3821
2,3823
18,3823
54,3823
19,3825
43,3828
46,3828
47,3829
55,3829
35,3830
40,3830
9,3835
1,3837
2,3838
1,3839
2,3840
1,3841
2,3842
59,3845
1,3851
1,3852
28,3852
15,3853
2,3855
2,3856
45,3856
1,3857
2,3858
48,3859
59,3861
28,3862
56,3864
47,3865
1,3867
2,3868
18,3869
29,3869
1,3871
48,3873
3,3874
5,3875
1,3876
5,3876
2,3877
14,3877
2,3878
4,3878
44,3878
3,3879
4,3880
38,3882
3,3885
54,3885
34,3886
1,3887
5,3887
30,3887
2,3888
4,3888
41,3888
1,3891
27,3891
1,3892
4,3892
25,3892
3,3893
5,3894
43,3894
2,3897
39,3898
2,3899
8,3899
51,3901
59,3902
30,3905
55,3907
8,3908
24,3908
13,3909
13,3910
9,3916
12,3918
37,3919
47,3920
51,3920
3,3922
4,3923
5,3924
48,3924
35,3925
5,3926
49,3926
1,3927
22,3927
38,3927
40,3927
4,3928
4,3929
15,3930
30,3930
1,3931
3,3931
21,3931
56,3931
2,3932
54,3932
1,3933
6,3933
58,3934
2,3935
2,3936
3,3936
17,3936
4,3937
5,3938
35,3938
50,3938
3,3940
4,3941
5,3942
33,3943
38,3947
12,3948
44,3949
52,3952
6,3954
39,3954
16,3958
3,3960
11,3961
36,3961
4,3964
4,3965
28,3965
3,3968
41,3968
17,3969
1,3970
5,3970
51,3970
32,3971
2,3972
1,3973
5,3973
13,3973
51,3973
55,3973
2,3975
1,3976
7,3976
2,3978
18,3979
10,3980
17,3987
35,3991
20,3993
40,3995
21,3998
44,4001
57,4001
26,4002
30,4003
1,4004
1,4005
22,4005
47,4006
2,4007
2,4010
49,4010
1,4011
2,4012
23,4014
25,4014
52,4014
50,4016
57,4016
1,4017
27,4017
1,4018
2,4019
37,4019
2,4021
32,4021
1,4023
57,4023
2,4024
28,4024
40,4024
5,4027
40,4028
1,4029
23,4029
49,4029
53,4033
38,4036
3,4037
17,4037
59,4038
4,4040
8,4041
5,4042
5,4043
50,4043
4,4044
3,4045
9,4045
40,4047
57,4047
25,4048
23,4051
34,4054
31,4060
11,4061
13,4061
42,4065
3,4066
18,4066
4,4067
28,4068
3,4069
5,4070
4,4071
1,4072
54,4072
2,4073
25,4073
1,4074
5,4074
1,4077
50,4077
2,4078
2,4079
42,4079
9,4080
19,4082
3,4085
4,4086
30,4086
4,4089
5,4091
5,4092
3,4093
45,4095
3,4096
10,4096
5,4097
32,4097
54,4097
5,4098
6,4098
4,4100
3,4101
32,4101
1,4102
4,4102
49,4102
1,4104
2,4105
2,4106
13,4107
1,4108
9,4108
2,4109
32,4109
32,4113
40,4113
12,4114
1,4117
1,4118
2,4119
12,4119
14,4119
24,4119
55,4119
2,4121
40,4121
1,4122
2,4123
35,4125
6,4126
35,4127
17,4128
21,4128
39,4129
40,4130
45,4130
23,4133
25,4135
41,4135
56,4135
1,4139
3,4140
1,4141
2,4142
5,4142
2,4144
5,4144
1,4146
4,4146
49,4146
4,4147
29,4147
52,4147
2,4148
41,4148
3,4149
3,4151
33,4151
5,4152
25,4152
37,4152
5,4153
1,4154
4,4154
1,4155
2,4156
4,4156
43,4156
1,4157
3,4157
2,4158
2,4159
53,4162
20,4164
37,4164
54,4165
25,4167
55,4170
32,4172
34,4172
56,4172
7,4176
1,4178
3,4178
5,4179
5,4180
2,4181
4,4181
1,4182
59,4183
4,4184
10,4184
2,4185
3,4186
1,4187
20,4187
2,4188
18,4191
3,4194
47,4194
1,4195
1,4196
7,4196
17,4196
37,4196
2,4199
4,4199
2,4200
5,4200
1,4201
3,4201
9,4202
25,4202
58,4202
2,4203
4,4204
5,4205
58,4207
15,4208
49,4208
1,4209
25,4209
2,4210
1,4211
59,4211
1,4212
40,4212
2,4214
2,4215
31,4216
1,4218
31,4218
55,4221
2,4222
1,4223
1,4224
2,4225
2,4226
25,4226
58,4228
6,4230
37,4230
54,4230
23,4232
57,4232
59,4234
18,4236
30,4237
3,4238
5,4239
55,4240
4,4242
4,4243
19,4245
59,4245
5,4248
26,4252
3,4253
34,4257
57,4259
19,4263
20,4263
1,4265
2,4266
27,4266
1,4268
12,4268
1,4269
37,4269
2,4271
3,4271
39,4271
2,4272
5,4272
4,4273
4,4274
3,4276
5,4277
50,4277
1,4278
19,4278
42,4278
50,4278
1,4282
2,4284
2,4285
3,4285
1,4286
2,4287
4,4287
3,4288
27,4288
32,4288
5,4289
7,4289
31,4289
45,4289
4,4290
53,4291
5,4293
22,4295
59,4295
24,4296
3,4297
4,4298
47,4299
7,4300
36,4302
50,4302
5,4303
28,4303
43,4303
5,4304
4,4305
38,4305
16,4306
3,4307
18,4307
3,4308
29,4308
5,4309
38,4310
13,4311
31,4311
57,4311
5,4312
19,4312
4,4314
19,4314
4,4316
3,4317
1,4318
22,4318
2,4319
35,4319
20,4320
3,4321
5,4322
26,4322
1,4323
5,4323
1,4324
4,4324
36,4324
46,4324
3,4325
4,4326
2,4327
54,4327
2,4328
3,4330
4,4333
3,4334
40,4334
4,4336
5,4337
9,4337
5,4338
20,4341
3,4343
29,4343
5,4344
4,4346
8,4346
23,4347
34,4348
5,4349
3,4350
4,4351
8,4351
54,4351
47,4353
26,4355
39,4357
47,4357
9,4360
22,4360
10,4362
18,4364
18,4365
15,4366
42,4366
3,4371
14,4371
47,4373
14,4375
52,4378
3,4379
5,4380
13,4380
26,4381
12,4384
5,4385
36,4385
59,4385
19,4386
59,4386
4,4387
4,4388
3,4390
40,4390
3,4391
16,4391
5,4393
13,4393
57,4393
4,4394
34,4395
54,4395
3,4396
4,4397
23,4397
5,4398
24,4400
28,4401
12,4403
3,4404
34,4407
5,4408
18,4408
5,4409
4,4410
19,4410
51,4410
4,4411
3,4412
51,4413
55,4413
32,4415
59,4415
54,4420
19,4422
6,4424
48,4424
34,4427
56,4428
39,4431
14,4433
22,4433
11,4435
29,4435
45,4435
46,4437
21,4439
23,4444
36,4449
41,4449
48,4449
25,4450
37,4452
54,4452
55,4456
22,4458
40,4458
57,4459
31,4460
3,4465
30,4465
28,4466
5,4467
7,4467
4,4468
30,4469
3,4470
4,4472
5,4473
1,4474
9,4475
30,4475
3,4476
4,4477
4,4479
1,4480
5,4480
1,4481
5,4481
3,4482
42,4482
2,4483
36,4483
2,4484
1,4485
47,4485
43,4486
47,4486
2,4487
19,4488
17,4489
60,4492
3,4493
52,4494
4,4496
5,4497
35,4498
45,4498
29,4499
4,4500
16,4500
22,4500
3,4501
39,4501
30,4502
5,4503
55,4504
57,4506
15,4508
18,4508
11,4509
51,4509
1,4510
1,4511
5,4511
2,4514
40,4514
6,4515
39,4515
59,4515
24,4517
2,4518
1,4519
15,4519
35,4519
2,4521
9,4522
17,4522
51,4525
42,4529
34,4532
40,4533
44,4533
56,4534
6,4535
47,4538
23,4540
1,4541
2,4542
16,4542
1,4544
59,4544
1,4546
30,4546
2,4547
2,4548
7,4550
44,4550
15,4553
53,4554
1,4556
1,4557
2,4558
48,4558
2,4559
1,4560
2,4562
6,4563
44,4563
3,4565
20,4565
5,4566
4,4567
5,4569
43,4569
51,4570
43,4571
4,4572
9,4572
19,4573
26,4575
3,4576
44,4577
42,4578
3,4579
57,4579
4,4580
5,4582
4,4584
3,4585
5,4586
24,4587
50,4587
60,4588
35,4588
8,4594
13,4595
35,4595
56,4595
1,4596
2,4597
8,4597
1,4598
2,4600
1,4602
2,4603
31,4603
1,4604
1,4605
2,4607
3,4608
12,4608
40,4608
2,4609
4,4610
29,4610
1,4611
38,4611
2,4612
3,4612
7,4614
15,4614
5,4615
5,4616
38,4616
4,4617
16,4618
3,4619
39,4619
5,4620
29,4620
4,4621
22,4621
19,4622
27,4623
48,4623
3,4624
4,4625
12,4626
38,4626
5,4627
44,4634
40,4635
51,4635
1,4638
1,4639
2,4640
45,4640
1,4641
3,4641
30,4641
52,4641
2,4642
5,4642
52,4642
2,4643
44,4643
4,4645
10,4645
5,4646
53,4648
4,4649
3,4651
17,4651
12,4653
40,4653
59,4653
34,4654
39,4656
6,4657
23,4659
1,4662
18,4663
38,4667
51,4670
23,4673
19,4675
27,4675
28,4675
29,4675
53,4678
31,4679
25,4682
31,4682
55,4682
11,4685
1,4686
1,4688
13,4688
2,4690
2,4691
9,4691
10,4691
1,4692
53,4692
2,4693
6,4695
1,4696
2,4697
22,4697
1,4698
54,4698
1,4699
8,4699
39,4702
2,4703
26,4703
39,4703
11,4704
2,4705
6,4705
13,4705
19,4705
20,4705
23,4713
33,4714
59,4714
15,4717
12,4718
8,4721
1,4722
2,4723
20,4723
1,4725
48,4725
1,4726
2,4727
54,4728
31,4729
2,4730
3,4730
20,4730
5,4731
4,4734
3,4735
12,4735
5,4736
4,4737
32,4739
14,4740
56,4742
27,4743
16,4745
3,4746
14,4747
30,4747
4,4750
46,4750
5,4751
3,4753
12,4755
5,4756
4,4757
1,4758
2,4759
1,4760
2,4761
32,4763
1,4764
22,4764
44,4766
2,4768
17,4772
42,4774
11,4775
15,4775
10,4776
42,4778
6,4781
30,4781
35,4782
13,4784
11,4785
26,4786
8,4787
4,4788
18,4791
28,4792
36,4792
50,4792
54,4792
50,4794
42,4796
55,4799
8,4802
41,4803
47,4803
57,4803
25,4804
39,4804
29,4806
3,4807
3,4808
58,4808
25,4810
21,4811
45,4811
5,4813
5,4815
32,4815
4,4816
3,4818
4,4819
11,4823
48,4823
3,4825
4,4826
20,4826
3,4827
5,4828
11,4828
5,4829
30,4829
4,4830
7,4832
1,4833
43,4833
50,4834
29,4835
23,4845
1,4849
1,4852
2,4852
2,4853
25,4854
1,4855
3,4855
2,4856
5,4856
14,4856
2,4857
4,4857
50,4857
3,4858
47,4858
4,4859
5,4860
20,4861
26,4861
33,4862
56,4864
18,4866
49,4867
27,4870
52,4870
22,4871
55,4873
43,4877
60,4879
28,4881
29,4881
33,4881
21,4886
29,4888
18,4892
55,4892
1,4893
15,4893
2,4895
1,4896
25,4896
1,4897
17,4897
2,4898
4,4898
18,4898
43,4898
2,4900
27,4900
1,4903
18,4904
1,4906
41,4907
2,4908
55,4908
2,4910
1,4911
2,4914
36,4914
6,4915
27,4918
50,4918
22,4920
9,4922
30,4924
16,4925
21,4925
38,4927
8,4929
24,4929
27,4930
60,4933
45,4933
32,4939
47,4940
51,4940
39,4941
12,4945
1,4949
1,4950
16,4950
57,4950
29,4951
2,4952
35,4952
2,4953
1,4955
49,4955
2,4956
30,4958
42,4959
3,4967
5,4968
43,4968
5,4969
14,4969
4,4970
3,4971
22,4971
4,4972
60,4973
25,4973
25,4975
22,4982
57,4982
54,4983
24,4992
45,4992
49,4992
45,4996
36,4997
29,5001
42,5001
3,5002
26,5002
53,5002
4,5003
22,5003
5,5004
5,5005
17,5005
39,5006
3,5007
10,5007
22,5008
45,5008
4,5009
28,5009
35,5011
3,5013
4,5015
4,5016
5,5017
46,5017
1,5018
53,5018
1,5019
5,5019
2,5020
3,5020
2,5021
28,5021
1,5022
31,5023
2,5025
1,5030
58,5032
1,5033
2,5034
16,5034
2,5035
3,5036
19,5036
1,5037
2,5039
18,5041
12,5042
26,5044
49,5050
16,5053
33,5057
38,5060
22,5061
40,5063
50,5063
21,5064
38,5067
35,5071
56,5071
3,5072
5,5073
12,5073
52,5075
4,5076
3,5078
27,5078
43,5078
1,5079
4,5079
59,5079
2,5081
5,5081
10,5081
1,5082
9,5082
2,5083
1,5085
2,5086
3,5086
5,5088
4,5089
4,5090
22,5090
18,5091
34,5092
13,5093
3,5094
5,5095
11,5096
40,5096
15,5097
49,5098
50,5101
1,5104
1,5105
30,5105
46,5105
59,5105
38,5106
10,5107
30,5107
45,5107
2,5108
12,5108
2,5110
1,5111
2,5112
13,5112
32,5112
46,5112
14,5113
55,5114
60,5115
51,5116
20,5117
50,5118
8,5129
42,5129
1,5131
36,5131
2,5133
4,5133
15,5133
46,5133
1,5136
7,5136
2,5137
1,5138
2,5139
20,5140
31,5140
40,5140
30,5147
39,5148
50,5148
56,5148
1,5153
47,5153
2,5154
49,5154
1,5155
3,5155
21,5155
2,5156
5,5156
1,5157
5,5157
47,5157
2,5158
4,5159
3,5160
23,5160
37,5160
4,5161
6,5161
57,5164
22,5167
17,5168
14,5169
30,5169
59,5169
43,5171
39,5174
16,5178
17,5180
28,5183
6,5185
7,5190
1,5191
2,5192
1,5193
1,5194
2,5195
2,5197
13,5197
17,5198
26,5199
31,5200
42,5201
42,5204
54,5204
11,5205
32,5212
51,5215
23,5217
47,5218
44,5221
14,5222
6,5226
33,5226
13,5227
36,5229
43,5229
44,5229
1,5234
49,5234
1,5235
32,5235
2,5236
1,5237
15,5237
57,5237
3,5238
53,5238
2,5239
5,5239
7,5239
4,5240
2,5241
4,5241
5,5242
22,5242
3,5243
53,5243
3,5246
4,5247
38,5247
5,5248
4,5250
40,5251
3,5252
5,5253
27,5254
50,5255
10,5256
1,5257
2,5258
1,5259
1,5260
46,5260
2,5261
2,5262
1,5263
23,5263
1,5264
35,5264
2,5266
1,5267
48,5267
2,5268
44,5268
6,5269
35,5269
41,5269
47,5270
2,5272
59,5272
28,5274
30,5274
38,5277
1,5279
3,5282
4,5283
24,5283
5,5284
4,5286
23,5286
3,5287
5,5288
30,5289
37,5289
43,5292
3,5294
4,5295
4,5296
5,5297
3,5299
5,5302
35,5302
53,5302
58,5302
24,5303
48,5305
15,5306
32,5306
58,5308
7,5309
21,5309
17,5312
8,5313
17,5316
27,5316
23,5318
54,5319
1,5320
8,5320
32,5320
29,5321
2,5322
1,5323
11,5323
1,5324
2,5325
16,5325
47,5326
38,5327
43,5327
2,5328
4,5329
22,5330
32,5330
1,5335
2,5336
43,5336
59,5336
1,5337
39,5337
24,5338
15,5339
2,5341
18,5341
44,5343
50,5343
1,5344
38,5344
2,5346
18,5346
1,5347
12,5348
37,5349
1,5350
47,5350
2,5352
43,5352
32,5353
1,5355
19,5356
2,5357
2,5358
10,5363
24,5363
40,5364
46,5365
42,5367
48,5368
3,5369
4,5370
22,5370
5,5372
13,5372
4,5373
3,5374
5,5376
1,5378
38,5378
2,5380
23,5380
27,5380
1,5381
1,5382
2,5383
52,5383
2,5385
23,5385
9,5388
50,5392
50,5394
24,5397
7,5398
43,5399
19,5402
21,5403
49,5408
60,5410
19,5410
53,5412
16,5416
8,5420
48,5421
31,5422
48,5422
14,5426
55,5426
6,5430
17,5434
6,5436
3,5437
4,5438
3,5439
59,5439
4,5440
17,5441
22,5441
38,5441
5,5442
5,5443
46,5443
26,5447
18,5450
9,5452
15,5452
27,5458
12,5459
22,5461
47,5462
14,5464
42,5466
28,5467
38,5472
39,5472
26,5473
52,5474
24,5478
47,5478
3,5481
3,5484
4,5485
5,5486
37,5486
4,5487
3,5488
21,5490
5,5491
35,5491
54,5491
31,5492
35,5492
50,5493
11,5495
45,5495
21,5496
53,5497
3,5498
5,5499
37,5499
4,5501
3,5502
4,5503
1,5504
4,5504
2,5505
5,5505
53,5505
4,5506
30,5506
8,5507
1,5508
5,5508
18,5508
2,5510
1,5511
17,5511
2,5512
53,5513
60,5515
15,5515
16,5517
41,5517
18,5518
10,5521
20,5522
39,5522
30,5526
4,5528
10,5528
8,5530
22,5530
57,5530
37,5537
56,5537
16,5538
50,5539
3,5541
22,5541
23,5541
1,5542
12,5543
37,5543
2,5544
4,5545
1,5546
4,5546
2,5547
3,5547
23,5547
57,5547
1,5548
5,5548
22,5548
31,5548
54,5548
5,5550
2,5551
25,5555
40,5556
1,5557
11,5557
31,5557
37,5557
47,5557
35,5558
36,5559
2,5561
34,5562
1,5563
2,5564
1,5565
3,5567
2,5569
4,5570
9,5570
35,5570
60,5571
5,5571
13,5571
36,5571
5,5572
36,5572
3,5573
4,5574
17,5574
40,5574
10,5578
3,5581
47,5581
5,5582
22,5582
5,5583
58,5583
4,5585
3,5586
4,5587
7,5588
59,5588
35,5589
19,5591
47,5592
55,5592
37,5593
1,5596
25,5596
30,5596
1,5597
53,5597
2,5598
2,5600
1,5602
6,5602
12,5602
2,5604
7,5604
34,5608
16,5609
52,5609
55,5610
32,5612
18,5615
38,5618
19,5620
46,5621
34,5625
44,5625
57,5625
25,5629
53,5630
13,5631
25,5632
9,5635
14,5635
31,5636
10,5637
47,5637
39,5638
44,5638
26,5639
43,5639
55,5639
3,5640
4,5643
5,5645
5,5646
2,5647
6,5647
25,5647
4,5648
3,5650
33,5651
27,5652
20,5653
52,5653
22,5654
14,5659
1,5660
20,5660
1,5661
2,5662
2,5663
1,5664
2,5665
25,5667
29,5668
23,5670
56,5670
46,5672
14,5675
50,5676
53,5677
50,5678
58,5678
41,5680
25,5681
45,5688
3,5690
4,5691
4,5694
5,5695
5,5696
19,5696
3,5697
13,5697
14,5697
28,5697
34,5697
59,5698
49,5701
19,5702
30,5702
18,5705
25,5705
46,5706
3,5710
4,5711
5,5713
58,5715
4,5716
19,5716
49,5716
10,5717
19,5717
5,5718
3,5720
9,5720
34,5720
27,5721
50,5721
35,5723
59,5723
18,5724
37,5724
41,5724
42,5724
3,5728
1,5731
40,5731
1,5732
36,5732
2,5733
33,5733
2,5737
50,5737
1,5739
43,5739
60,5741
2,5741
58,5741
19,5743
3,5749
4,5750
52,5750
1,5751
3,5751
4,5752
5,5753
1,5754
5,5754
18,5754
2,5755
59,5755
1,5756
2,5758
2,5759
47,5759
3,5760
9,5760
55,5760
48,5761
1,5762
5,5763
4,5764
2,5767
5,5767
1,5768
4,5768
1,5769
3,5770
47,5770
2,5771
37,5776
39,5776
12,5779
9,5781
49,5781
2,5782
33,5782
13,5783
26,5783
21,5784
3,5786
5,5787
44,5787
4,5788
18,5788
40,5788
54,5788
4,5789
3,5791
5,5793
59,5794
3,5795
45,5796
5,5797
1,5800
4,5800
2,5801
5,5801
4,5802
32,5802
36,5802
1,5803
3,5803
40,5803
2,5804
1,5805
6,5805
19,5805
2,5806
3,5811
4,5813
5,5814
17,5814
38,5815
3,5817
5,5819
31,5820
34,5820
4,5822
53,5825
40,5826
21,5827
1,5832
7,5833
2,5835
1,5837
17,5837
2,5839
37,5839
1,5841
8,5841
2,5842
3,5842
48,5842
4,5843
5,5844
5,5845
4,5846
11,5846
39,5847
55,5847
3,5848
46,5848
42,5849
40,5850
15,5851
19,5854
7,5855
3,5859
4,5860
4,5861
5,5863
5,5865
52,5865
3,5866
15,5867
1,5870
51,5870
2,5871
41,5871
3,5874
36,5874
1,5875
4,5875
59,5876
1,5877
5,5878
20,5878
2,5880
5,5880
2,5881
3,5881
55,5881
4,5882
44,5882
4,5884
28,5886
37,5886
58,5886
3,5887
41,5887
5,5888
45,5888
4,5889
5,5890
4,5891
3,5892
58,5892
35,5893
42,5894
35,5899
17,5900
4,5902
53,5902
18,5905
47,5905
46,5907
3,5910
4,5911
24,5912
47,5912
5,5915
3,5916
5,5917
28,5917
49,5917
4,5918
13,5919
27,5919
60,5920
10,5920
17,5925
1,5926
2,5927
21,5927
1,5928
3,5928
4,5929
1,5930
4,5930
2,5931
5,5931
18,5931
39,5931
2,5933
3,5933
5,5935
15,5935
20,5935
30,5937
46,5937
12,5939
33,5939
54,5947
39,5950
3,5951
4,5952
5,5953
38,5953
1,5954
15,5954
2,5955
3,5955
4,5958
1,5959
48,5959
1,5960
2,5961
5,5961
2,5962
49,5962
28,5963
37,5964
56,5966
34,5967
46,5967
48,5967
56,5967
31,5969
21,5972
27,5973
7,5975
27,5976
41,5979
16,5982
50,5983
59,5984
28,5987
17,5988
36,5989
17,5991
3,5993
5,5995
11,5996
4,5997
4,5999
35,5999
5,6000
11,6000
38,6000
3,6001
11,6001
40,6003
38,6004
55,6006
5,6007
58,6008
40,6009
8,6013
18,6015
1,6023
46,6023
1,6024
2,6025
30,6026
3,6027
1,6028
2,6030
4,6030
2,6031
4,6031
5,6032
34,6032
7,6033
60,6034
3,6034
5,6035
44,6038
28,6040
25,6042
60,6043
20,6044
14,6049
57,6051
11,6052
20,6052
14,6053
58,6054
46,6056
52,6056
52,6057
44,6061
36,6063
28,6065
54,6066
10,6067
29,6068
18,6070
42,6071
16,6073
56,6073
32,6075
8,6076
55,6076
20,6077
39,6079
3,6081
4,6082
5,6083
3,6085
5,6086
57,6086
15,6088
44,6088
43,6092
15,6093
4,6094
54,6097
55,6099
52,6105
19,6106
60,6107
11,6107
15,6107
23,6108
45,6108
16,6109
57,6110
7,6112
40,6113
58,6116
30,6118
1,6121
54,6121
29,6123
2,6124
15,6124
25,6124
3,6125
11,6125
1,6126
2,6127
4,6127
3,6128
21,6128
1,6129
4,6129
2,6130
5,6131
27,6132
7,6133
39,6133
5,6134
29,6134
35,6136
52,6137
22,6142
44,6146
46,6146
42,6148
21,6149
7,6150
16,6151
1,6152
3,6153
10,6153
4,6154
2,6155
5,6155
1,6156
4,6156
1,6157
2,6158
5,6158
38,6158
3,6159
2,6161
21,6161
38,6162
15,6163
31,6164
26,6165
20,6166
58,6166
58,6167
48,6169
1,6170
21,6170
49,6170
1,6171
38,6171
2,6172
1,6173
2,6174
2,6176
41,6176
52,6180
6,6181
26,6184
25,6188
48,6189
55,6189
9,6192
48,6192
55,6192
41,6194
18,6195
6,6196
16,6197
57,6201
55,6202
51,6203
3,6204
5,6205
5,6206
17,6207
18,6207
19,6208
3,6210
4,6210
53,6211
4,6213
28,6214
3,6215
25,6216
27,6216
27,6217
10,6218
1,6220
2,6222
24,6222
1,6225
1,6226
2,6227
2,6228
20,6228
21,6228
60,6230
35,6233
43,6233
14,6235
33,6241
38,6241
13,6242
12,6243
54,6244
7,6248
32,6248
6,6249
45,6250
55,6250
45,6251
6,6252
22,6254
19,6256
34,6257
51,6257
9,6260
51,6261
1,6263
1,6264
2,6264
1,6265
2,6266
54,6266
1,6267
25,6268
2,6269
3,6271
17,6273
36,6274
7,6275
38,6275
15,6277
4,6278
56,6278
42,6279
4,6280
15,6280
5,6281
41,6281
51,6281
5,6283
1,6284
3,6284
12,6285
2,6286
1,6288
6,6288
2,6289
13,6289
12,6290
1,6291
16,6291
43,6291
27,6292
2,6294
50,6294
14,6295
19,6296
14,6298
49,6298
28,6306
21,6307
4,6308
25,6308
57,6309
1,6311
1,6312
2,6313
2,6314
19,6314
47,6316
1,6317
8,6317
2,6318
11,6318
20,6320
21,6326
15,6328
34,6328
42,6332
51,6332
3,6336
14,6336
36,6336
49,6336
52,6336
19,6337
37,6337
7,6338
5,6339
13,6340
50,6340
4,6341
4,6342
5,6343
11,6343
3,6344
58,6344
48,6345
20,6346
45,6346
34,6347
54,6347
7,6348
25,6348
6,6351
47,6351
18,6353
35,6355
3,6356
4,6357
27,6358
35,6358
44,6358
2,6359
9,6359
3,6360
4,6361
5,6362
5,6363
50,6363
18,6366
49,6370
34,6374
21,6376
50,6381
35,6383
1,6384
1,6385
2,6386
6,6386
39,6386
57,6387
2,6388
11,6388
1,6389
2,6390
3,6391
57,6391
1,6394
4,6394
58,6395
3,6396
1,6398
5,6398
2,6399
1,6402
5,6402
47,6402
2,6403
4,6403
3,6404
33,6405
2,6406
4,6407
49,6408
4,6409
48,6409
3,6410
50,6410
5,6412
44,6414
44,6415
5,6416
10,6416
1,6417
44,6417
12,6418
20,6418
44,6419
53,6423
11,6424
58,6424
42,6425
4,6428
41,6429
31,6430
35,6432
43,6432
34,6434
58,6434
50,6435
57,6435
1,6436
2,6437
51,6437
1,6438
20,6438
1,6439
56,6440
2,6441
10,6443
2,6444
16,6446
31,6446
6,6447
32,6449
36,6453
6,6454
56,6459
48,6463
1,6464
2,6466
1,6468
2,6469
1,6470
2,6471
35,6472
47,6475
25,6480
39,6481
56,6482
10,6485
36,6485
1,6490
17,6490
29,6490
2,6491
23,6491
1,6492
28,6492
44,6492
16,6493
2,6495
34,6495
39,6495
28,6497
1,6498
2,6499
39,6500
7,6502
35,6504
37,6504
55,6505
49,6506
25,6509
35,6510
9,6511
8,6512
20,6515
13,6516
32,6516
10,6517
18,6517
35,6519
1,6520
46,6520
57,6520
1,6522
2,6523
43,6523
1,6524
2,6525
3,6526
2,6527
4,6527
4,6528
24,6528
3,6529
5,6531
44,6531
56,6533
24,6535
5,6536
4,6538
13,6538
18,6538
15,6540
8,6541
17,6543
21,6543
38,6543
11,6546
14,6546
45,6546
43,6547
25,6548
1,6552
2,6553
9,6553
32,6553
15,6554
23,6554
1,6555
2,6556
43,6556
1,6557
2,6558
50,6562
13,6563
15,6563
58,6565
14,6566
17,6566
6,6571
30,6575
50,6576
13,6577
3,6581
44,6581
23,6583
47,6583
4,6584
55,6584
4,6585
3,6586
5,6587
29,6587
51,6588
5,6589
10,6596
42,6597
54,6597
7,6599
7,6600
25,6603
32,6604
44,6604
56,6609
28,6610
31,6610
52,6612
21,6613
3,6614
4,6615
4,6616
5,6617
20,6617
3,6618
56,6618
5,6619
12,6620
19,6621
1,6622
55,6622
1,6623
2,6624
2,6625
1,6626
20,6626
2,6627
13,6627
23,6628
36,6628
1,6636
58,6636
1,6637
2,6638
1,6639
18,6639
23,6639
2,6640
14,6640
17,6640
2,6644
57,6646
3,6648
40,6648
4,6649
5,6650
4,6651
3,6653
31,6653
60,6655
56,6656
19,6657
5,6658
52,6659
59,6660
1,6661
6,6661
2,6663
42,6664
42,6665
44,6665
1,6666
2,6667
39,6667
1,6668
55,6668
20,6669
2,6670
21,6670
20,6673
12,6674
28,6675
29,6681
1,6683
55,6683
1,6684
2,6685
44,6687
57,6687
2,6688
18,6689
1,6690
15,6690
51,6690
2,6692
49,6693
9,6694
43,6695
46,6695
29,6696
52,6698
60,6701
1,6701
2,6702
1,6703
7,6703
12,6704
32,6704
2,6705
12,6705
20,6705
36,6706
59,6706
1,6707
3,6711
48,6711
2,6712
5,6712
59,6713
56,6714
49,6715
4,6716
3,6718
20,6718
45,6720
5,6723
23,6723
41,6723
46,6723
47,6723
4,6725
37,6725
51,6725
45,6726
15,6729
39,6732
28,6733
27,6737
59,6738
1,6739
38,6739
58,6739
2,6741
1,6742
42,6742
1,6743
21,6743
49,6743
60,6744
2,6744
54,6744
19,6745
41,6746
2,6747
1,6749
3,6749
4,6750
7,6750
12,6750
41,6750
1,6751
5,6751
2,6752
38,6752
1,6753
4,6753
5,6756
2,6757
34,6757
2,6758
3,6758
1,6764
1,6766
2,6769
1,6770
24,6770
2,6771
7,6771
2,6773
7,6773
45,6773
57,6774
53,6776
54,6776
8,6777
28,6780
17,6784
1,6785
56,6787
28,6788
26,6789
28,6789
36,6790
24,6791
35,6795
11,6798
57,6798
1,6801
40,6801
1,6802
2,6804
1,6805
59,6805
2,6808
3,6808
14,6808
2,6809
4,6810
23,6810
34,6810
1,6811
4,6811
5,6812
28,6812
57,6812
2,6813
8,6813
26,6813
5,6814
14,6814
1,6815
3,6815
1,6816
47,6816
23,6817
2,6818
2,6819
14,6822
31,6822
57,6826
6,6827
11,6827
19,6827
36,6827
24,6828
51,6828
53,6828
3,6829
26,6830
53,6830
4,6831
12,6831
52,6831
4,6832
25,6832
35,6833
35,6834
5,6835
17,6835
20,6835
5,6836
3,6837
36,6837
44,6837
16,6840
6,6843
9,6843
36,6844
11,6846
6,6847
57,6848
1,6850
41,6850
46,6850
1,6851
14,6851
2,6852
2,6853
41,6854
1,6855
36,6855
22,6856
2,6857
15,6859
31,6859
27,6860
22,6861
33,6865
1,6866
3,6866
41,6866
1,6867
5,6867
30,6867
46,6867
2,6868
1,6870
5,6870
30,6870
39,6870
4,6871
58,6871
2,6872
46,6872
19,6873
38,6873
26,6874
4,6875
3,6877
2,6879
23,6879
37,6879
12,6880
39,6880
57,6880
10,6881
51,6881
18,6883
1,6888
14,6888
2,6889
1,6890
31,6890
49,6890
1,6892
45,6892
2,6893
37,6893
2,6895
10,6897
42,6898
27,6899
14,6900
59,6900
15,6901
28,6901
51,6901
6,6903
37,6904
17,6906
52,6910
52,6913
27,6914
1,6919
17,6919
30,6919
31,6920
46,6920
2,6922
1,6923
11,6923
21,6923
2,6924
19,6924
1,6926
2,6927
26,6930
24,6931
37,6931
10,6933
19,6933
24,6933
45,6935
1,6937
26,6937
52,6937
35,6940
51,6940
16,6946
39,6947
46,6948
44,6949
45,6950
29,6951
48,6951
55,6952
20,6956
7,6958
43,6964
44,6964
57,6965
1,6966
1,6967
24,6967
2,6968
40,6968
48,6968
59,6968
9,6969
2,6970
31,6970
36,6970
41,6970
1,6971
56,6971
2,6972
21,6972
29,6972
54,6972
32,6973
54,6975
30,6976
44,6976
49,6976
1,6977
22,6977
48,6977
1,6979
2,6981
2,6983
41,6983
1,6986
2,6987
1,6989
3,6989
31,6989
10,6990
4,6992
1,6993
3,6993
5,6994
20,6994
5,6995
55,6996
2,6997
2,6999
4,6999
15,7000
1,7001
8,7001
2,7003
1,7005
8,7005
1,7006
2,7007
13,7007
1,7009
2,7010
3,7013
2,7014
4,7014
5,7015
7,7015
13,7015
4,7016
33,7016
3,7017
26,7017
52,7018
5,7019
7,7019
22,7020
3,7022
30,7022
4,7025
4,7027
3,7028
40,7029
5,7030
5,7031
1,7033
2,7037
7,7037
41,7037
1,7038
1,7039
2,7040
2,7041
22,7042
57,7042
52,7044
1,7045
41,7046
2,7048
53,7048
3,7049
1,7050
1,7051
2,7052
2,7053
60,7055
40,7056
1,7057
28,7057
46,7057
1,7060
2,7064
2,7065
1,7066
2,7068
13,7068
39,7068
7,7069
23,7071
40,7071
41,7072
25,7074
18,7075
21,7077
60,7081
3,7082
31,7082
4,7083
5,7084
17,7085
49,7085
53,7085
5,7086
21,7086
47,7086
4,7089
3,7090
6,7090
22,7092
1,7096
46,7096
2,7097
16,7098
19,7098
1,7100
45,7100
49,7100
51,7100
2,7101
1,7104
58,7105
2,7107
36,7107
50,7107
19,7110
6,7111
15,7111
6,7112
26,7113
32,7113
36,7113
43,7116
39,7117
20,7118
8,7119
59,7121
56,7122
59,7123
35,7124
51,7132
1,7135
36,7135
38,7135
2,7136
24,7136
1,7137
49,7138
1,7142
7,7142
2,7143
8,7143
58,7143
19,7144
25,7144
2,7145
45,7145
9,7146
18,7146
44,7148
14,7149
8,7150
28,7150
40,7150
44,7150
52,7150
54,7151
27,7153
22,7158
47,7158
28,7159
14,7160
15,7161
23,7161
39,7162
3,7164
49,7164
4,7165
3,7166
5,7167
17,7167
4,7169
5,7170
17,7170
21,7170
51,7170
27,7171
1,7173
54,7173
2,7174
52,7175
1,7176
2,7178
1,7179
52,7179
2,7180
23,7182
33,7187
56,7187
9,7189
1,7190
54,7190
17,7191
42,7192
1,7195
2,7196
2,7198
1,7199
12,7200
18,7201
16,7203
2,7205
45,7205
12,7209
52,7209
44,7212
56,7213
27,7215
18,7216
25,7216
54,7216
1,7217
1,7218
2,7219
10,7219
30,7219
2,7220
15,7220
1,7223
53,7224
2,7225
38,7226
16,7227
28,7227
32,7229
12,7231
36,7231
35,7232
27,7239
38,7240
6,7243
43,7244
56,7244
44,7246
37,7250
59,7251
48,7253
57,7253
3,7255
16,7257
15,7259
49,7264
52,7266
15,7267
45,7267
60,7271
43,7271
10,7273
21,7273
39,7274
54,7275
23,7276
22,7280
3,7283
1,7284
2,7285
4,7285
46,7285
1,7286
5,7287
1,7288
2,7289
3,7289
2,7290
4,7290
16,7290
5,7291
20,7292
21,7292
28,7297
28,7302
51,7302
57,7303
1,7306
47,7306
2,7307
1,7308
1,7309
1,7310
10,7311
15,7311
2,7312
28,7312
2,7313
57,7313
20,7314
24,7316
27,7316
1,7317
2,7320
56,7320
1,7321
2,7322
1,7323
2,7324
35,7324
56,7324
58,7324
1,7325
22,7325
56,7326
52,7329
14,7330
10,7331
55,7332
59,7333
16,7341
40,7344
3,7350
9,7351
22,7351
35,7351
5,7359
5,7361
23,7362
32,7362
4,7363
43,7363
4,7365
40,7365
3,7366
48,7366
21,7370
40,7370
51,7370
24,7377
41,7378
58,7379
35,7380
51,7380
47,7382
54,7383
59,7385
53,7386
3,7388
5,7390
4,7392
4,7393
3,7394
14,7394
5,7395
36,7397
32,7399
3,7401
5,7402
45,7403
57,7403
4,7404
4,7405
3,7406
55,7406
47,7407
5,7408
48,7409
3,7412
4,7413
5,7414
3,7416
4,7418
5,7420
7,7421
9,7422
46,7422
27,7424
3,7427
43,7427
4,7428
4,7429
16,7429
5,7431
6,7432
5,7433
16,7434
49,7434
41,7436
53,7436
3,7437
45,7437
48,7438
18,7439
54,7442
57,7442
56,7443
46,7445
34,7447
20,7449
3,7452
52,7453
19,7455
9,7459
17,7459
7,7460
1,7462
1,7463
41,7463
2,7464
1,7465
2,7466
7,7466
17,7466
2,7467
56,7468
27,7473
15,7474
47,7474
50,7474
48,7476
40,7477
32,7478
1,7479
2,7480
1,7481
60,7482
1,7482
2,7483
34,7483
2,7484
45,7484
47,7486
23,7490
56,7493
16,7495
12,7496
17,7496
39,7496
24,7499
21,7500
33,7500
3,7501
12,7501
5,7502
12,7502
5,7503
23,7504
26,7504
44,7505
4,7506
50,7506
3,7507
41,7507
4,7509
56,7511
9,7513
16,7514
59,7514
17,7515
13,7516
49,7517
27,7519
41,7520
34,7523
52,7528
55,7528
1,7529
1,7531
13,7531
49,7531
45,7532
56,7532
20,7533
57,7533
2,7534
1,7535
3,7535
2,7536
5,7536
4,7537
54,7537
2,7538
5,7538
4,7539
16,7539
3,7540
14,7540
3,7543
10,7544
4,7545
10,7547
5,7550
7,7550
29,7550
34,7550
4,7551
19,7551
3,7554
38,7554
5,7556
22,7559
31,7561
14,7563
40,7564
1,7565
1,7566
6,7566
10,7566
2,7567
1,7568
2,7569
15,7569
40,7569
2,7570
10,7573
14,7573
55,7573
56,7573
1,7575
45,7577
42,7579
8,7580
23,7580
10,7581
59,7583
56,7585
6,7586
31,7587
44,7587
34,7588
42,7588
3,7589
35,7589
4,7590
3,7591
4,7592
14,7592
15,7593
56,7593
5,7594
5,7595
17,7595
31,7597
35,7597
21,7599
57,7600
51,7601
20,7602
32,7605
33,7605
44,7607
57,7609
9,7611
51,7612
29,7613
54,7613
30,7617
27,7620
3,7623
22,7623
1,7624
1,7625
2,7626
4,7627
1,7628
5,7628
3,7629
4,7630
53,7631
2,7632
5,7632
44,7632
57,7632
2,7634
27,7635
18,7639
29,7641
40,7643
10,7650
30,7650
21,7652
3,7654
10,7654
5,7655
37,7657
4,7658
59,7658
5,7662
3,7663
4,7664
1,7665
1,7666
2,7667
2,7668
10,7668
30,7668
1,7670
2,7671
59,7675
27,7681
19,7686
16,7689
51,7689
23,7690
29,7690
33,7693
53,7694
58,7694
3,7696
38,7696
4,7697
5,7698
37,7698
3,7699
14,7699
40,7699
4,7701
52,7701
5,7702
25,7703
23,7704
1,7705
2,7706
1,7707
1,7708
2,7709
2,7710
49,7715
60,7716
33,7718
43,7719
46,7722
25,7723
18,7724
1,7726
1,7728
2,7730
36,7730
58,7730
1,7731
2,7732
2,7733
35,7735
1,7737
1,7738
2,7739
1,7741
2,7742
40,7742
2,7743
26,7744
55,7746
3,7748
43,7748
5,7749
56,7749
4,7750
30,7751
20,7752
24,7752
5,7753
6,7753
33,7753
3,7756
4,7757
51,7758
3,7759
57,7759
5,7760
4,7761
5,7762
18,7762
20,7762
9,7763
24,7763
36,7763
39,7765
4,7766
2,7767
3,7767
49,7769
1,7771
12,7771
12,7772
1,7773
2,7774
60,7775
1,7776
2,7777
1,7778
26,7778
2,7779
26,7780
31,7782
45,7784
40,7785
41,7785
26,7786
45,7786
6,7788
29,7788
58,7789
3,7791
56,7791
5,7792
4,7794
54,7794
4,7795
54,7796
32,7797
1,7798
42,7798
2,7799
3,7799
32,7799
5,7800
1,7801
57,7801
1,7802
17,7803
2,7804
44,7804
26,7806
2,7809
59,7810
1,7811
1,7812
20,7812
27,7814
3,7815
19,7815
2,7816
4,7816
52,7816
2,7817
4,7818
1,7819
33,7819
2,7821
23,7822
5,7823
43,7824
5,7825
19,7826
3,7828
37,7828
7,7830
22,7830
27,7830
38,7838
56,7840
44,7843
31,7844
32,7844
42,7845
6,7846
25,7847
36,7847
36,7849
48,7849
27,7853
60,7854
50,7854
3,7855
5,7856
5,7858
4,7859
3,7860
46,7860
4,7861
27,7861
1,7865
26,7866
22,7867
2,7868
48,7868
42,7870
49,7870
1,7871
57,7871
1,7872
30,7872
2,7873
53,7873
23,7875
30,7875
34,7875
52,7875
2,7876
26,7876
54,7876
3,7877
5,7878
40,7878
4,7881
37,7881
5,7884
23,7886
22,7887
45,7887
16,7889
4,7893
3,7895
44,7895
40,7896
7,7899
42,7902
25,7903
26,7907
55,7907
25,7910
27,7912
47,7913
11,7915
7,7916
56,7917
18,7919
21,7926
35,7927
50,7927
23,7929
13,7930
13,7933
41,7937
1,7938
2,7939
18,7940
59,7940
1,7942
59,7942
1,7943
12,7943
16,7943
41,7945
2,7947
48,7947
2,7948
15,7948
27,7948
48,7949
41,7950
9,7951
16,7956
55,7958
22,7962
31,7962
35,7962
1,7963
2,7965
14,7965
1,7966
1,7967
25,7967
2,7968
2,7969
46,7969
11,7970
49,7970
19,7971
15,7974
44,7975
1,7976
2,7977
1,7978
56,7978
2,7979
33,7979
1,7981
2,7981
2,7982
33,7986
59,7986
37,7989
1,7994
2,7995
59,7995
1,7996
29,7996
1,7997
9,7997
13,7997
41,7997
51,7997
2,7998
2,7999
53,7999
11,8000
44,8001
58,8002
15,8003
44,8003
49,8005
1,8007
1,8008
2,8009
8,8009
2,8010
1,8012
55,8012
2,8013
18,8016
21,8016
18,8018
1,8019
2,8021
15,8021
36,8021
1,8022
27,8022
1,8023
16,8023
27,8023
2,8024
11,8024
13,8024
52,8024
2,8025
37,8025
8,8028
26,8028
51,8029
3,8030
37,8030
4,8031
17,8031
5,8032
3,8033
4,8035
36,8035
5,8036
24,8037
35,8037
45,8037
54,8038
48,8039
34,8041
6,8042
27,8042
13,8043
35,8043
43,8045
57,8048
18,8052
39,8052
44,8053
9,8054
21,8055
33,8055
17,8058
55,8058
43,8059
44,8061
48,8061
55,8061
38,8062
47,8062
19,8064
12,8065
13,8072
32,8072
36,8072
54,8073
37,8074
53,8076
32,8078
57,8079
58,8082
42,8083
49,8083
20,8087
3,8092
46,8092
4,8093
29,8093
58,8093
5,8094
33,8094
9,8095
4,8096
32,8096
59,8096
3,8098
54,8098
5,8099
58,8101
1,8102
46,8103
19,8104
2,8106
3,8106
23,8106
4,8107
1,8108
42,8108
5,8109
10,8109
41,8109
2,8110
5,8110
1,8111
3,8111
4,8112
12,8113
2,8114
35,8114
39,8114
31,8115
15,8120
23,8120
43,8122
41,8123
37,8125
11,8126
33,8126
37,8127
40,8128
12,8132
36,8134
33,8135
35,8135
59,8138
47,8142
50,8142
59,8144
26,8146
9,8147
39,8147
21,8149
1,8151
53,8151
2,8152
1,8154
50,8155
53,8155
2,8156
1,8157
2,8162
49,8162
10,8166
35,8167
30,8168
33,8168
45,8171
50,8174
6,8177
14,8177
49,8178
52,8178
1,8182
2,8183
10,8183
1,8184
51,8184
2,8185
1,8186
2,8187
17,8189
4,8194
46,8194
36,8195
4,8196
51,8197
47,8201
1,8203
1,8204
2,8205
17,8206
2,8207
22,8207
45,8207
1,8208
19,8208
18,8209
20,8209
2,8210
48,8211
50,8212
60,8213
3,8213
30,8213
4,8216
7,8220
3,8221
14,8221
4,8224
5,8227
7,8227
34,8227
49,8227
5,8228
30,8228
7,8230
3,8234
9,8235
4,8237
11,8237
46,8238
5,8239
15,8239
57,8239
4,8240
31,8240
3,8241
44,8241
5,8242
39,8242
44,8242
54,8243
1,8244
18,8244
48,8246
2,8247
39,8248
55,8248
1,8250
2,8251
1,8252
21,8252
57,8252
18,8253
2,8254
57,8256
30,8257
54,8258
45,8260
56,8260
16,8261
23,8261
18,8262
23,8262
40,8262
56,8265
26,8270
43,8272
26,8274
30,8277
56,8277
1,8280
1,8281
58,8281
59,8281
2,8282
35,8282
1,8283
42,8284
60,8285
2,8286
22,8286
2,8287
13,8288
38,8288
56,8288
48,8291
40,8293
15,8295
19,8298
46,8304
18,8306
22,8306
50,8306
3,8307
52,8307
4,8308
5,8309
5,8310
13,8310
22,8310
3,8311
4,8312
1,8314
2,8315
1,8316
57,8317
1,8318
42,8318
2,8319
27,8319
2,8320
31,8322
44,8322
21,8324
23,8324
58,8325
3,8328
24,8329
4,8332
3,8334
4,8335
16,8335
40,8335
1,8336
5,8336
30,8337
5,8338
31,8338
1,8339
35,8339
2,8341
2,8342
19,8342
1,8343
4,8343
49,8343
52,8344
2,8345
13,8346
52,8347
6,8349
21,8349
41,8349
54,8351
7,8352
31,8353
58,8355
20,8357
38,8357
43,8357
18,8358
9,8363
3,8365
5,8366
5,8367
4,8368
4,8369
3,8370
51,8374
58,8374
20,8375
8,8376
38,8377
24,8378
55,8378
18,8380
60,8383
3,8383
6,8383
8,8383
53,8383
56,8383
55,8384
4,8386
11,8387
5,8388
17,8389
3,8390
25,8390
5,8391
40,8391
1,8395
40,8395
1,8396
4,8396
47,8396
2,8397
34,8397
2,8398
1,8399
2,8401
3,8401
5,8402
4,8403
18,8403
55,8403
5,8404
9,8404
43,8404
3,8405
35,8405
4,8406
52,8408
50,8409
48,8410
9,8414
13,8417
53,8419
18,8420
7,8421
19,8428
46,8430
30,8432
33,8432
48,8434
36,8436
23,8439
3,8445
45,8445
4,8446
5,8447
31,8447
4,8449
44,8449
3,8450
5,8452
32,8452
19,8458
10,8459
53,8464
33,8466
51,8466
21,8468
22,8468
31,8471
53,8471
33,8472
1,8473
38,8474
1,8475
2,8476
47,8476
1,8478
41,8480
2,8481
31,8484
2,8486
25,8486
54,8487
27,8489
31,8490
36,8495
58,8498
29,8500
16,8502
41,8502
42,8502
51,8502
7,8503
35,8503
30,8504
58,8504
48,8506
50,8508
26,8515
14,8516
57,8516
15,8517
14,8518
57,8518
7,8519
2,8520
40,8520
1,8521
27,8521
2,8522
1,8523
13,8523
1,8524
4,8526
57,8526
2,8527
2,8529
50,8530
49,8532
27,8535
48,8536
50,8536
37,8538
53,8538
3,8540
53,8540
4,8542
57,8543
3,8544
4,8545
60,8546
28,8547
5,8549
5,8550
7,8551
13,8552
21,8552
7,8556
44,8557
3,8564
6,8564
26,8565
40,8565
4,8566
41,8566
3,8567
40,8568
5,8569
59,8569
5,8570
53,8570
4,8572
13,8572
29,8572
53,8577
50,8579
1,8580
2,8582
26,8582
1,8583
2,8584
3,8585
5,8586
48,8586
1,8587
5,8587
2,8588
55,8588
4,8589
16,8589
3,8590
7,8590
30,8590
1,8591
4,8592
2,8593
46,8597
1,8599
1,8600
2,8602
53,8602
2,8603
24,8603
36,8610
8,8612
17,8613
55,8613
15,8614
44,8614
1,8615
1,8616
2,8618
2,8619
1,8620
2,8621
10,8621
39,8621
36,8623
29,8626
33,8626
36,8626
22,8627
42,8631
13,8632
32,8632
29,8635
23,8638
19,8639
1,8640
22,8640
27,8640
38,8640
55,8640
18,8642
37,8642
51,8642
1,8643
25,8643
2,8644
24,8644
1,8645
33,8645
2,8646
29,8646
2,8647
42,8647
1,8649
56,8649
1,8650
2,8652
1,8654
41,8654
2,8655
2,8656
44,8657
30,8658
25,8659
45,8661
42,8662
1,8664
14,8664
22,8664
46,8666
27,8667
25,8668
38,8668
57,8669
3,8671
34,8671
1,8673
5,8673
11,8673
55,8673
5,8677
42,8677
2,8678
4,8678
43,8678
1,8679
4,8679
60,8680
1,8680
3,8680
54,8680
2,8681
17,8681
32,8681
46,8682
16,8683
55,8683
2,8685
49,8685
57,8685
1,8686
2,8687
1,8688
28,8688
1,8690
26,8690
2,8692
2,8693
56,8698
52,8699
10,8700
8,8702
22,8702
10,8703
38,8703
52,8703
5,8707
37,8707
21,8708
1,8710
41,8711
1,8713
52,8713
22,8714
26,8714
2,8715
20,8715
1,8716
2,8717
12,8717
23,8717
3,8718
5,8719
2,8720
22,8720
25,8720
4,8721
49,8721
56,8721
4,8723
3,8724
25,8726
32,8726
5,8727
50,8728
53,8728
3,8729
44,8730
4,8731
3,8732
25,8733
4,8734
56,8734
5,8735
40,8735
50,8737
5,8738
27,8738
10,8740
19,8741
31,8742
6,8745
1,8747
21,8747
39,8747
1,8749
2,8750
1,8752
2,8753
25,8754
47,8754
2,8756
55,8757
3,8758
24,8758
4,8759
5,8760
5,8761
8,8761
3,8762
17,8762
4,8763
59,8763
15,8766
47,8766
36,8767
47,8769
60,8770
10,8770
27,8772
1,8774
8,8775
32,8776
2,8777
24,8777
1,8778
59,8778
41,8780
18,8781
2,8782
1,8783
2,8784
14,8785
12,8789
17,8790
43,8790
23,8793
7,8794
26,8795
35,8796
38,8796
23,8799
60,8800
49,8805
40,8807
3,8808
5,8809
5,8811
27,8811
4,8812
3,8813
54,8813
7,8814
4,8815
19,8815
23,8818
43,8819
18,8821
49,8822
51,8823
3,8825
17,8825
58,8825
4,8826
52,8826
4,8827
1,8828
3,8828
23,8828
2,8829
5,8829
5,8830
42,8830
46,8830
15,8831
1,8832
2,8833
1,8834
2,8835
24,8838
31,8839
14,8842
1,8844
1,8846
16,8846
2,8847
1,8848
2,8849
2,8850
49,8850
54,8852
35,8854
38,8857
49,8857
59,8858
39,8859
30,8860
45,8860
52,8860
29,8861
19,8864
9,8865
44,8868
41,8869
55,8873
19,8876
32,8877
1,8880
2,8882
1,8883
32,8883
2,8884
1,8885
2,8886
50,8886
42,8889
58,8890
1,8893
3,8893
2,8894
8,8894
1,8895
2,8896
4,8896
41,8896
40,8897
48,8898
4,8899
47,8899
3,8900
5,8901
1,8902
5,8902
3,8903
2,8904
4,8905
4,8906
9,8906
28,8906
38,8906
46,8906
5,8907
6,8907
5,8908
3,8910
18,8911
25,8911
46,8911
47,8911
52,8913
3,8915
4,8916
15,8916
17,8916
25,8916
48,8916
5,8917
4,8919
3,8920
49,8922
1,8923
5,8923
1,8924
2,8925
1,8926
32,8926
2,8927
23,8927
28,8927
2,8928
32,8929
35,8930
20,8931
45,8933
39,8937
3,8938
46,8941
54,8942
57,8942
3,8943
25,8943
31,8943
34,8943
4,8944
5,8946
17,8946
60,8947
4,8947
50,8947
54,8947
39,8948
5,8949
39,8949
56,8951
3,8952
16,8954
27,8955
30,8958
3,8965
9,8965
4,8966
3,8967
5,8968
5,8969
4,8970
40,8970
1,8971
2,8974
8,8975
1,8978
1,8979
2,8980
9,8980
2,8981
44,8987
24,8988
20,8989
21,8990
43,8991
23,8992
40,8992
43,8995
57,8996
3,8998
52,8999
4,9000
5,9002
49,9003
5,9004
3,9006
48,9006
4,9007
18,9007
7,9008
19,9011
53,9011
9,9013
14,9013
6,9014
49,9015
1,9021
37,9021
2,9022
27,9022
1,9025
27,9026
1,9027
2,9029
2,9030
34,9030
46,9030
42,9031
34,9033
17,9034
12,9038
58,9038
48,9041
1,9042
2,9043
1,9044
2,9045
1,9046
14,9046
50,9046
2,9048
1,9054
2,9055
8,9055
1,9058
18,9058
1,9060
43,9060
2,9061
2,9062
10,9062
58,9062
35,9064
58,9070
23,9071
3,9072
4,9072
5,9074
13,9076
7,9077
4,9078
6,9078
5,9079
57,9079
3,9081
45,9081
4,9082
1,9089
59,9090
1,9091
2,9093
18,9093
2,9094
1,9095
48,9095
2,9096
47,9098
45,9101
7,9103
1,9104
1,9105
39,9105
2,9106
1,9107
2,9109
2,9110
20,9111
33,9111
17,9114
24,9114
3,9115
6,9115
5,9116
5,9118
8,9119
22,9119
4,9120
4,9121
3,9122
54,9123
54,9125
60,9129
29,9129
44,9129
16,9134
32,9138
38,9139
24,9144
26,9146
8,9154
9,9154
55,9156
16,9159
28,9160
37,9160
12,9161
42,9161
43,9163
3,9166
4,9167
58,9167
5,9168
6,9171
4,9172
17,9174
5,9175
3,9178
13,9178
14,9180
56,9181
36,9182
55,9182
12,9183
30,9184
3,9185
48,9185
5,9186
5,9187
4,9188
1,9189
46,9189
1,9190
4,9190
44,9190
2,9192
1,9193
3,9193
2,9194
48,9194
2,9199
3,9199
4,9200
26,9200
1,9201
3,9201
1,9202
5,9203
2,9205
5,9206
2,9207
1,9208
4,9208
2,9209
35,9209
25,9213
3,9214
22,9214
4,9216
13,9216
20,9216
4,9217
1,9219
5,9219
8,9219
2,9220
1,9221
3,9223
11,9223
47,9223
53,9223
2,9224
58,9224
1,9225
12,9225
5,9226
2,9229
13,9230
53,9231
49,9232
15,9237
25,9237
11,9238
3,9239
5,9240
4,9241
11,9242
1,9243
5,9243
2,9244
3,9244
10,9244
1,9245
4,9245
14,9245
1,9246
42,9246
52,9247
2,9248
2,9249
46,9249
1,9250
1,9251
7,9251
33,9251
2,9252
1,9253
13,9253
31,9253
2,9254
43,9255
2,9256
48,9256
36,9257
23,9262
60,9263
34,9263
11,9268
10,9270
31,9271
40,9271
42,9271
50,9272
3,9276
4,9277
43,9278
4,9279
3,9280
8,9280
5,9281
35,9281
5,9282
13,9282
35,9282
51,9282
28,9283
12,9286
1,9288
2,9289
44,9289
54,9290
1,9291
3,9291
2,9292
4,9292
1,9293
3,9294
5,9295
32,9296
5,9297
2,9298
32,9298
1,9299
4,9301
2,9304
10,9304
55,9304
1,9305
10,9305
15,9305
58,9307
1,9308
17,9309
2,9310
3,9310
2,9311
4,9311
42,9311
5,9312
9,9312
17,9312
48,9312
47,9313
5,9314
46,9314
3,9315
4,9316
16,9319
43,9319
45,9320
28,9321
43,9321
51,9324
12,9328
25,9328
15,9329
24,9332
10,9334
36,9336
41,9337
1,9338
2,9339
1,9341
54,9342
59,9343
1,9346
10,9346
2,9349
54,9349
2,9350
43,9353
19,9354
35,9358
19,9363
48,9364
54,9364
18,9366
56,9366
55,9367
40,9369
60,9370
54,9371
40,9373
26,9374
13,9375
28,9376
56,9378
1,9379
2,9381
21,9381
1,9382
48,9382
50,9382
2,9383
1,9385
2,9387
3,9387
24,9387
5,9390
13,9390
58,9391
4,9392
29,9392
49,9392
1,9393
1,9394
4,9394
2,9395
5,9395
1,9396
2,9397
3,9397
2,9398
58,9399
31,9404
39,9404
60,9417
13,9417
23,9417
52,9419
54,9420
39,9423
1,9426
1,9427
11,9427
40,9427
51,9427
2,9428
44,9428
1,9429
23,9430
2,9431
14,9431
2,9432
23,9435
37,9436
52,9436
53,9436
8,9440
31,9440
52,9440
58,9443
7,9445
17,9445
30,9445
40,9445
10,9447
46,9448
47,9449
43,9451
26,9456
26,9460
49,9464
24,9467
25,9468
1,9473
39,9473
1,9475
2,9476
50,9477
2,9478
53,9479
58,9479
1,9480
2,9481
8,9483
50,9485
43,9489
33,9490
29,9491
7,9492
49,9495
52,9495
1,9498
1,9499
21,9499
2,9500
42,9500
1,9501
30,9501
2,9502
19,9502
60,9503
27,9503
32,9503
17,9506
2,9507
45,9507
54,9508
3,9511
45,9511
32,9513
12,9514
4,9515
7,9515
3,9516
53,9516
37,9518
5,9519
42,9520
56,9521
4,9522
9,9522
32,9522
5,9523
34,9524
30,9528
21,9529
1,9530
13,9530
1,9531
2,9532
2,9534
1,9537
51,9537
2,9538
59,9542
56,9543
25,9549
51,9550
58,9551
41,9553
27,9554
59,9560
35,9562
27,9563
34,9563
19,9565
31,9567
40,9568
55,9571
31,9572
9,9576
8,9580
19,9580
40,9582
45,9583
55,9588
32,9589
35,9590
15,9591
17,9591
42,9591
59,9592
1,9594
2,9595
30,9595
1,9596
3,9596
1,9597
4,9597
4,9598
32,9598
5,9599
2,9600
2,9601
5,9602
13,9602
15,9602
33,9603
35,9603
55,9604
3,9605
10,9607
34,9607
33,9608
60,9609
47,9609
47,9611
31,9613
3,9614
57,9614
1,9615
1,9616
4,9616
46,9616
4,9617
42,9617
5,9618
41,9618
2,9620
9,9620
20,9620
1,9621
30,9621
3,9622
36,9622
44,9622
2,9624
5,9625
3,9626
2,9627
33,9627
4,9628
1,9629
4,9629
5,9631
3,9632
8,9632
31,9632
1,9633
5,9634
46,9634
2,9635
35,9636
1,9637
41,9637
2,9638
2,9639
32,9641
1,9642
55,9642
59,9642
2,9643
1,9645
1,9646
56,9646
2,9647
2,9648
20,9648
31,9651
10,9652
14,9653
51,9653
20,9655
53,9657
33,9658
37,9658
8,9665
11,9665
32,9668
11,9669
13,9670
28,9670
33,9670
28,9671
35,9671
31,9673
24,9677
52,9677
6,9679
11,9680
3,9681
4,9682
3,9683
31,9683
4,9685
5,9686
5,9687
38,9688
51,9689
22,9692
1,9693
59,9694
2,9695
1,9696
8,9696
2,9697
19,9697
1,9698
2,9699
8,9700
31,9703
57,9703
1,9704
46,9704
2,9705
50,9705
1,9707
19,9707
18,9708
18,9709
28,9709
1,9711
37,9712
2,9713
2,9714
21,9717
3,9721
19,9723
4,9727
1,9728
3,9728
20,9728
43,9728
5,9729
5,9731
1,9732
4,9732
12,9732
2,9733
1,9734
3,9735
34,9735
2,9736
56,9736
2,9737
4,9737
5,9738
5,9739
3,9740
16,9740
4,9741
56,9741
3,9745
25,9746
39,9747
10,9748
4,9749
36,9749
5,9750
25,9750
3,9752
31,9754
5,9755
7,9755
11,9755
42,9756
4,9757
33,9757
42,9757
57,9757
3,9758
4,9759
21,9759
48,9759
3,9760
13,9761
1,9762
1,9763
20,9763
55,9763
2,9764
5,9764
2,9765
12,9765
2,9766
4,9766
54,9766
1,9767
5,9767
30,9767
2,9768
39,9770
57,9770
22,9771
6,9773
30,9774
3,9777
16,9778
53,9780
4,9781
52,9781
5,9782
4,9783
54,9783
60,9785
5,9785
3,9786
11,9788
27,9789
10,9792
31,9793
23,9795
44,9797
57,9797
58,9797
22,9803
21,9805
36,9811
3,9812
5,9813
43,9813
1,9814
5,9815
4,9816
2,9817
1,9818
3,9818
34,9818
39,9818
4,9820
1,9821
51,9821
2,9822
27,9822
2,9823
3,9824
54,9824
4,9826
1,9827
5,9827
1,9828
5,9828
34,9828
41,9828
2,9829
4,9829
12,9829
52,9829
1,9830
3,9830
2,9831
1,9832
2,9833
42,9833
43,9834
55,9834
54,9837
31,9838
57,9839
45,9843
18,9844
55,9844
40,9845
24,9846
12,9849
51,9851
31,9852
39,9854
57,9855
58,9855
32,9859
55,9860
38,9863
1,9864
44,9864
56,9866
10,9868
27,9868
2,9870
1,9871
2,9872
1,9873
3,9873
44,9873
2,9875
4,9876
39,9876
7,9877
5,9879
27,9879
3,9880
5,9881
4,9882
3,9883
10,9883
57,9883
5,9884
5,9885
49,9885
8,9886
9,9887
20,9887
41,9887
57,9887
60,9888
4,9889
3,9890
49,9890
4,9891
32,9891
43,9896
34,9898
33,9899
1,9900
46,9900
3,9902
17,9903
31,9903
38,9904
5,9905
59,9905
5,9909
4,9910
4,9912
40,9912
52,9912
3,9913
11,9913
30,9913
57,9916
34,9917
17,9920
28,9920
1,9923
53,9923
41,9924
2,9925
1,9927
15,9927
12,9928
1,9929
8,9929
29,9929
40,9929
2,9930
59,9931
2,9933
22,9933
25,9934
35,9935
45,9936
21,9939
3,9943
5,9945
31,9945
4,9946
4,9947
6,9947
47,9947
56,9947
49,9950
38,9951
11,9952
25,9952
1,9953
5,9954
51,9954
2,9955
3,9955
58,9955
1,9956
54,9956
55,9956
3,9957
15,9957
26,9957
4,9958
15,9958
37,9958
2,9959
1,9960
4,9960
3,9961
2,9962
42,9962
5,9964
1,9965
42,9965
5,9966
14,9967
47,9967
8,9968
22,9969
3,9970
41,9970
2,9971
1,9972
5,9973
1,9974
4,9974
9,9974
2,9975
5,9975
2,9976
47,9976
3,9977
15,9977
53,9977
13,9979
4,9981
15,9981
14,9982
33,9983
3,9984
55,9984
5,9985
34,9986
4,9987
45,9988
3,9989
4,9990
5,9990
8,9991
18,9992
4,9993
54,9993
46,9994
7,9995
1,9996
1,9997
25,9998
28,9998
50,9998
