37,1
16,2
6,4
25,6
41,7
56,7
49,10
1,12
7,13
2,15
45,15
3,17
1,18
4,18
35,18
4,19
2,21
5,21
41,21
1,22
30,22
2,23
5,23
3,25
7,27
30,28
14,29
53,29
29,31
1,33
2,34
1,35
17,36
1,37
12,37
2,38
2,41
22,43
32,44
31,45
20,47
38,47
56,47
7,51
38,54
28,56
33,60
58,63
56,65
16,66
39,66
1,67
2,68
1,69
1,70
23,71
2,72
51,72
46,73
2,74
48,75
31,78
1,79
2,80
32,81
1,82
39,82
2,86
11,86
40,86
1,87
52,87
2,88
41,89
48,89
59,91
25,92
31,97
22,101
11,103
18,107
47,107
55,107
30,108
57,108
44,109
25,111
39,112
32,113
41,113
3,117
29,117
4,118
18,118
5,119
3,120
4,121
6,121
8,121
5,122
16,125
28,127
11,130
33,133
9,137
26,137
46,137
12,138
6,141
14,141
35,141
56,142
29,143
49,146
45,148
11,149
12,157
45,161
41,162
38,165
49,165
59,165
52,166
59,168
42,170
14,171
60,172
30,172
33,172
14,174
15,175
55,175
52,177
39,180
52,181
17,182
55,182
43,186
41,188
41,190
51,195
24,196
30,198
59,199
26,201
32,202
30,204
3,205
1,206
21,207
4,208
18,208
12,212
55,212
5,213
5,214
40,214
1,215
3,215
47,216
1,218
4,219
2,220
43,221
31,222
2,224
51,224
1,225
12,227
2,228
59,230
1,232
13,232
14,232
1,233
2,234
60,236
2,236
1,237
8,237
2,242
46,246
3,248
4,249
4,250
3,251
5,252
12,252
5,253
22,253
59,254
37,260
57,262
20,269
17,270
57,273
29,275
14,276
43,279
10,281
36,281
13,284
22,288
29,290
40,290
60,294
18,295
28,296
60,297
28,297
41,297
13,307
14,309
52,312
11,314
13,318
52,318
60,320
34,320
14,324
14,325
29,325
54,327
28,329
37,330
8,337
31,338
27,344
38,344
8,345
55,355
51,356
1,359
42,359
1,360
47,360
59,360
2,361
2,362
34,362
1,363
15,363
2,364
11,364
11,365
11,366
34,369
43,377
16,379
30,381
46,381
53,384
19,386
18,387
20,387
43,391
45,392
22,393
46,393
45,398
43,399
54,399
1,400
14,400
2,401
1,403
3,403
1,404
4,404
37,404
2,406
3,406
17,406
39,406
42,406
4,407
45,407
2,408
5,409
5,411
29,411
12,412
25,412
19,413
38,414
12,415
41,416
34,419
53,420
28,421
9,424
37,424
6,425
54,427
38,430
48,434
57,434
36,436
54,436
26,437
25,438
1,439
54,439
53,440
1,441
20,441
2,442
1,443
2,444
24,444
34,444
46,444
2,446
51,446
56,446
14,448
57,452
54,456
14,458
30,459
37,461
34,463
53,466
9,477
17,478
19,479
1,481
15,482
59,482
1,483
40,483
2,484
9,484
1,485
43,485
2,487
2,488
57,488
48,491
58,491
42,494
60,497
29,498
46,498
7,500
39,510
44,511
59,515
20,516
29,521
46,523
29,526
53,527
42,528
46,528
23,534
35,534
31,535
52,535
1,540
1,541
1,542
9,542
2,543
1,544
2,545
37,545
2,549
21,553
58,557
17,559
46,561
35,563
11,568
13,570
1,573
56,573
2,574
1,575
3,575
7,575
25,575
2,576
4,576
5,577
4,579
1,580
5,581
25,581
2,582
3,582
12,585
19,585
38,588
3,591
38,592
54,593
48,594
17,595
35,595
37,596
58,597
19,598
23,599
58,602
28,603
39,604
14,605
28,606
39,606
34,607
30,608
38,608
16,609
47,611
15,612
3,619
4,620
4,621
52,621
5,622
3,623
20,624
47,624
9,625
19,625
5,626
8,627
13,627
2,629
22,629
33,631
34,631
43,631
11,634
21,634
19,636
1,638
21,638
49,638
2,639
56,639
43,640
25,641
36,641
1,642
1,643
2,645
2,646
1,650
27,650
32,650
43,650
11,651
39,651
1,654
2,655
2,656
29,656
8,657
45,657
1,658
18,658
2,660
34,660
48,660
32,663
47,664
51,666
45,667
16,670
32,671
54,675
9,676
58,679
54,681
55,681
22,682
57,683
38,684
51,684
1,685
2,686
1,687
2,687
2,688
46,688
1,691
2,692
15,694
34,697
4,700
22,701
60,702
38,702
50,704
49,706
12,707
24,709
50,709
25,715
45,718
42,719
6,720
24,722
47,722
40,723
1,724
27,724
1,725
15,725
22,725
2,726
22,726
1,727
50,727
25,728
43,728
2,729
45,729
53,729
2,730
21,731
11,732
18,732
27,732
32,739
35,740
44,740
51,741
53,742
60,744
46,746
8,747
31,747
15,751
43,751
48,755
3,757
5,758
4,759
41,760
5,762
37,762
4,765
3,766
53,768
44,769
59,769
3,770
5,771
5,772
46,772
4,773
43,773
4,774
3,776
1,779
8,779
1,780
24,780
27,780
2,781
14,781
2,782
1,783
35,783
55,783
2,786
14,786
13,790
18,793
54,793
28,796
35,796
39,797
50,798
3,799
18,799
5,800
32,801
4,802
21,803
3,804
4,807
5,808
33,810
14,812
14,814
1,815
60,816
3,816
4,817
17,817
57,817
5,818
32,818
2,819
29,819
1,820
1,821
3,821
58,821
2,822
4,822
2,823
5,823
25,823
39,823
39,824
43,827
52,828
56,831
21,832
25,834
29,834
20,835
25,835
1,837
22,837
29,837
1,838
21,838
58,838
2,839
1,842
49,842
34,843
40,843
2,844
30,844
2,845
29,846
54,846
52,847
57,848
55,849
59,853
42,856
2,858
27,865
34,867
46,867
59,867
22,868
49,869
32,870
55,870
16,871
28,871
9,875
13,875
22,876
14,878
44,882
37,885
44,887
3,891
4,892
6,892
33,892
47,892
3,893
19,893
5,895
28,895
5,896
4,898
17,898
59,898
45,900
52,904
48,905
1,906
23,906
2,907
1,908
41,908
1,910
56,910
2,912
30,912
2,913
39,913
42,915
49,915
36,917
3,920
46,920
9,921
44,921
5,922
60,924
4,924
15,924
5,925
22,925
4,926
3,927
54,927
3,928
39,928
1,929
4,929
5,930
1,931
3,931
15,931
2,932
44,932
58,932
2,934
5,934
7,934
4,936
1,937
56,938
2,939
24,939
28,940
52,944
17,946
37,946
7,950
13,952
54,953
1,954
2,955
15,956
27,956
1,958
1,959
2,960
17,960
55,960
2,961
38,961
29,962
3,964
20,964
4,965
27,965
5,967
16,967
53,967
3,968
17,968
37,968
5,969
4,971
8,971
52,971
44,972
59,972
32,973
37,973
38,974
17,978
22,979
52,985
14,986
7,987
60,988
10,990
36,994
37,996
25,998
49,998
38,999
20,1001
45,1001
18,1002
35,1002
54,1002
12,1003
2,1004
14,1005
1,1006
3,1007
13,1007
41,1007
60,1008
2,1008
5,1008
1,1009
1,1010
4,1011
4,1012
2,1013
46,1013
2,1015
5,1016
44,1016
3,1017
41,1019
3,1025
5,1026
4,1027
58,1027
3,1028
18,1028
24,1029
5,1030
7,1030
9,1030
4,1031
3,1035
25,1035
40,1035
4,1036
3,1037
5,1038
31,1038
4,1040
29,1040
5,1041
1,1042
1,1044
2,1045
44,1046
58,1046
2,1048
37,1050
1,1051
41,1051
2,1052
18,1053
3,1055
57,1055
33,1057
5,1058
11,1058
27,1058
4,1059
36,1059
27,1060
4,1063
29,1063
3,1065
5,1067
20,1068
12,1071
37,1071
57,1071
17,1082
30,1083
33,1083
18,1086
1,1091
1,1092
2,1093
2,1094
1,1095
2,1096
46,1096
6,1097
19,1097
49,1098
50,1098
30,1100
46,1100
16,1101
51,1101
32,1103
12,1111
52,1115
60,1116
52,1116
27,1117
35,1117
42,1118
52,1118
53,1119
29,1122
25,1125
43,1126
7,1129
18,1129
10,1131
14,1132
42,1132
24,1134
15,1135
44,1138
33,1141
3,1144
34,1145
4,1146
17,1146
48,1148
58,1148
58,1150
4,1151
25,1151
3,1152
5,1153
1,1154
50,1154
2,1155
46,1156
16,1157
27,1157
5,1158
24,1158
1,1159
2,1161
20,1161
1,1162
14,1163
19,1163
2,1164
56,1164
16,1165
18,1166
57,1167
44,1168
38,1169
29,1171
45,1173
56,1175
1,1178
1,1179
17,1181
52,1183
2,1184
30,1184
2,1185
1,1186
2,1187
10,1187
44,1189
3,1190
5,1191
5,1192
4,1193
15,1193
4,1194
51,1194
3,1195
9,1198
14,1199
59,1199
52,1200
54,1203
8,1206
32,1206
43,1207
25,1208
31,1208
52,1209
29,1211
58,1213
19,1214
41,1214
23,1216
47,1217
58,1217
44,1222
51,1226
14,1229
35,1229
7,1230
50,1232
13,1241
30,1243
32,1246
38,1249
3,1250
27,1251
35,1251
25,1252
14,1254
51,1257
50,1258
29,1262
40,1262
10,1264
14,1264
54,1268
18,1271
51,1273
29,1274
54,1275
59,1276
1,1277
10,1277
14,1277
22,1277
2,1281
48,1282
42,1283
1,1284
1,1285
2,1287
2,1290
25,1290
25,1291
32,1291
32,1292
58,1294
16,1295
16,1296
55,1298
46,1299
32,1300
46,1300
11,1301
21,1301
56,1301
39,1302
49,1302
10,1303
10,1304
12,1307
13,1307
14,1309
19,1309
38,1310
44,1310
59,1314
14,1315
60,1318
13,1318
47,1318
37,1319
29,1320
52,1320
25,1322
57,1328
1,1335
26,1335
41,1335
2,1337
7,1337
54,1337
1,1338
7,1338
1,1339
38,1339
41,1340
44,1340
2,1341
19,1342
55,1342
2,1343
55,1345
3,1348
4,1349
5,1351
5,1352
4,1354
3,1355
35,1355
59,1356
57,1357
57,1359
7,1360
25,1360
51,1361
10,1366
59,1366
20,1367
3,1369
27,1369
33,1369
4,1370
30,1371
50,1371
26,1372
43,1372
4,1373
5,1374
5,1376
7,1376
51,1377
3,1379
31,1379
41,1380
27,1381
13,1383
46,1386
58,1387
56,1389
16,1391
45,1392
52,1392
9,1394
50,1394
11,1398
17,1403
24,1405
34,1405
46,1405
14,1407
60,1411
37,1411
8,1414
22,1414
26,1416
49,1417
19,1419
34,1421
40,1421
35,1422
37,1422
56,1423
10,1426
14,1427
18,1427
48,1427
48,1429
9,1433
29,1433
49,1437
12,1440
17,1440
35,1440
54,1442
50,1446
37,1447
37,1451
41,1451
47,1451
27,1452
30,1452
35,1452
32,1453
19,1455
54,1455
20,1458
29,1459
7,1460
44,1460
10,1461
36,1461
51,1461
24,1465
17,1466
23,1470
45,1472
58,1472
38,1473
53,1476
58,1477
59,1481
1,1483
11,1485
31,1485
50,1485
46,1486
12,1487
15,1487
11,1488
28,1488
7,1489
60,1490
40,1490
36,1492
53,1492
2,1493
44,1493
17,1494
23,1494
44,1495
47,1496
1,1497
20,1497
1,1498
31,1498
24,1502
25,1502
2,1503
2,1504
41,1504
1,1506
2,1507
18,1514
52,1515
51,1516
8,1517
9,1517
58,1520
2,1522
3,1522
26,1522
4,1523
15,1525
19,1526
42,1527
5,1528
11,1529
19,1529
4,1530
32,1530
40,1530
25,1531
5,1532
32,1532
18,1533
3,1534
51,1538
52,1539
7,1541
9,1543
9,1545
51,1547
52,1547
43,1550
41,1552
10,1554
60,1555
12,1556
49,1557
50,1559
58,1562
16,1563
44,1563
35,1564
1,1565
2,1566
1,1568
8,1568
26,1568
2,1569
55,1570
1,1571
42,1571
2,1572
43,1572
1,1573
1,1574
35,1574
2,1576
31,1576
2,1577
45,1577
46,1579
1,1580
2,1581
28,1581
28,1582
39,1582
14,1583
8,1585
25,1586
38,1586
3,1588
5,1589
33,1590
4,1591
3,1592
27,1592
59,1592
5,1593
4,1595
1,1597
2,1600
1,1601
16,1601
41,1601
2,1602
14,1603
1,1604
21,1605
2,1606
34,1607
50,1608
25,1609
1,1614
51,1614
46,1615
2,1616
1,1617
37,1617
2,1618
53,1618
1,1621
2,1623
56,1624
38,1625
49,1631
1,1632
1,1633
2,1634
1,1635
3,1635
4,1636
5,1637
52,1637
40,1638
2,1639
5,1639
2,1640
4,1640
3,1641
14,1641
15,1643
22,1644
42,1644
39,1646
53,1649
47,1650
57,1652
2,1654
48,1654
6,1656
41,1656
43,1656
33,1658
60,1659
24,1659
30,1662
43,1663
22,1664
41,1667
27,1668
44,1669
58,1672
17,1675
12,1676
36,1679
49,1679
16,1680
47,1682
7,1683
56,1685
11,1687
15,1687
34,1687
3,1693
29,1693
4,1694
50,1695
29,1696
36,1696
5,1698
5,1699
4,1700
43,1700
3,1701
13,1701
13,1703
26,1703
24,1706
55,1711
17,1712
49,1713
17,1716
37,1717
39,1720
40,1720
48,1720
3,1722
18,1722
30,1722
41,1725
23,1726
34,1727
14,1728
22,1728
24,1728
25,1728
35,1728
33,1730
23,1734
3,1739
59,1739
5,1740
4,1741
45,1742
5,1743
38,1743
43,1743
3,1745
29,1745
4,1746
22,1747
24,1750
26,1750
21,1752
58,1753
22,1755
16,1757
38,1757
3,1758
5,1759
21,1759
46,1759
4,1760
6,1760
3,1761
33,1763
51,1763
31,1764
5,1768
11,1768
32,1768
4,1769
55,1769
50,1770
3,1772
56,1772
5,1774
42,1775
59,1778
4,1779
5,1780
8,1780
40,1780
52,1780
34,1781
4,1782
12,1782
3,1783
59,1783
34,1787
59,1789
33,1790
12,1791
20,1794
23,1797
6,1799
29,1799
28,1800
44,1801
53,1803
24,1809
10,1810
25,1813
45,1813
3,1814
5,1816
4,1817
54,1819
4,1820
38,1820
3,1821
5,1822
47,1825
9,1827
42,1830
26,1831
39,1832
33,1833
7,1836
32,1837
53,1838
57,1838
3,1843
17,1846
32,1848
4,1850
4,1851
22,1851
37,1851
47,1851
51,1851
3,1854
5,1856
5,1857
52,1858
34,1861
8,1862
24,1866
39,1868
14,1869
21,1869
9,1873
19,1873
15,1875
25,1876
3,1881
16,1881
4,1882
3,1883
34,1883
39,1883
4,1884
5,1885
56,1885
5,1886
30,1886
60,1887
19,1887
15,1890
54,1894
46,1897
7,1898
15,1898
53,1899
55,1900
20,1901
33,1902
54,1903
1,1906
42,1906
10,1907
54,1907
50,1908
21,1912
30,1913
37,1916
55,1920
26,1924
14,1926
28,1926
20,1929
45,1929
26,1935
11,1936
33,1939
34,1939
45,1941
30,1943
58,1943
1,1944
15,1944
12,1945
23,1947
32,1949
6,1951
30,1952
54,1952
30,1955
18,1956
32,1956
16,1957
23,1958
7,1960
48,1960
28,1965
47,1966
18,1969
15,1971
22,1972
36,1973
18,1975
24,1975
3,1977
59,1978
4,1979
20,1979
3,1981
5,1982
33,1982
45,1982
56,1983
26,1984
5,1985
4,1986
3,1988
4,1989
5,1990
47,1990
4,1991
11,1991
5,1994
9,1995
32,1995
3,1996
10,2000
12,2000
46,2002
8,2004
57,2004
18,2007
1,2008
54,2012
31,2013
20,2014
37,2015
10,2016
35,2018
46,2018
26,2020
54,2021
7,2023
44,2027
11,2028
36,2029
21,2031
3,2034
8,2034
12,2034
5,2035
4,2037
34,2040
5,2041
41,2041
3,2042
24,2043
4,2044
53,2044
11,2045
18,2045
55,2045
41,2047
56,2048
29,2053
6,2054
10,2054
44,2056
27,2059
46,2060
42,2071
34,2073
57,2074
53,2078
18,2079
32,2082
53,2082
22,2083
14,2084
42,2085
50,2087
26,2088
4,2090
27,2091
28,2091
3,2092
1,2094
1,2095
18,2095
2,2096
2,2097
5,2097
47,2097
1,2098
2,2099
4,2100
30,2100
14,2101
4,2103
28,2103
40,2103
58,2103
3,2105
5,2106
13,2108
24,2108
56,2108
2,2109
30,2109
14,2112
25,2115
41,2116
3,2117
15,2117
4,2119
4,2120
35,2121
5,2123
3,2124
5,2125
36,2125
58,2127
1,2128
32,2128
35,2128
48,2128
29,2129
2,2130
22,2130
1,2131
20,2131
46,2134
57,2134
2,2136
9,2136
58,2136
1,2137
39,2137
2,2138
56,2138
39,2139
7,2143
40,2144
31,2148
58,2150
3,2152
5,2153
4,2155
4,2158
3,2159
14,2159
27,2159
5,2160
19,2162
48,2162
13,2165
29,2166
45,2166
6,2167
15,2167
1,2169
50,2170
24,2174
26,2174
10,2175
2,2176
13,2176
9,2177
47,2178
1,2179
18,2180
21,2180
33,2181
13,2182
1,2183
28,2183
2,2184
2,2185
24,2186
51,2187
53,2190
1,2192
1,2193
2,2194
1,2195
2,2196
40,2196
2,2199
38,2201
57,2201
20,2204
42,2208
50,2209
6,2212
11,2213
47,2215
14,2216
31,2217
28,2218
57,2218
19,2219
21,2219
26,2220
42,2226
31,2228
55,2229
3,2233
49,2233
25,2235
56,2235
5,2236
18,2236
4,2238
16,2239
4,2240
5,2241
3,2242
12,2244
57,2244
6,2245
22,2248
33,2249
17,2251
45,2251
41,2252
53,2252
12,2257
41,2257
56,2260
55,2261
39,2264
41,2264
35,2267
28,2269
57,2269
21,2270
14,2273
34,2274
56,2274
43,2275
59,2277
27,2278
30,2279
33,2281
55,2281
27,2285
6,2287
50,2290
20,2291
27,2292
28,2293
43,2295
59,2296
29,2297
16,2300
58,2301
22,2302
30,2302
59,2306
58,2307
29,2309
19,2311
25,2314
14,2315
42,2316
35,2322
50,2322
18,2324
52,2327
23,2328
46,2330
36,2331
3,2336
15,2336
33,2336
36,2336
50,2336
53,2336
5,2337
5,2338
4,2339
3,2340
14,2340
4,2341
55,2344
14,2345
40,2348
55,2348
18,2349
45,2350
23,2352
14,2355
7,2356
26,2356
1,2358
2,2359
1,2360
1,2362
2,2363
8,2363
3,2364
4,2366
2,2367
44,2367
3,2368
4,2372
5,2373
18,2373
5,2374
52,2379
28,2386
58,2388
1,2389
16,2390
14,2392
26,2392
27,2392
1,2393
42,2393
23,2395
2,2397
57,2397
1,2400
15,2400
33,2400
58,2400
2,2401
2,2403
20,2404
43,2405
33,2410
16,2411
5,2415
8,2415
60,2416
45,2416
9,2417
35,2418
26,2419
41,2425
46,2426
14,2428
47,2430
59,2430
6,2433
52,2434
12,2436
18,2438
37,2438
1,2441
45,2441
1,2442
11,2442
45,2442
2,2443
20,2443
2,2445
17,2446
48,2446
1,2447
2,2449
6,2449
10,2450
18,2451
19,2455
19,2456
26,2458
37,2458
46,2459
1,2465
34,2465
41,2466
1,2467
2,2468
2,2469
1,2470
2,2471
6,2472
42,2479
54,2479
17,2480
53,2480
17,2482
41,2482
9,2487
1,2488
2,2490
25,2491
1,2494
1,2495
10,2495
2,2496
2,2497
11,2497
2,2498
41,2501
58,2503
28,2512
39,2514
36,2516
2,2519
25,2519
32,2519
59,2521
52,2522
3,2524
4,2525
5,2526
5,2527
46,2527
4,2528
3,2531
16,2535
56,2535
16,2536
39,2540
57,2540
7,2541
30,2541
50,2542
36,2543
16,2544
44,2548
46,2548
37,2549
29,2554
32,2554
20,2558
27,2558
15,2560
57,2561
8,2562
27,2562
35,2562
36,2567
53,2569
1,2571
24,2571
2,2572
1,2574
23,2574
56,2575
3,2576
33,2576
37,2576
2,2577
16,2577
1,2578
4,2578
5,2579
2,2580
3,2580
4,2581
5,2582
17,2582
37,2584
43,2585
3,2586
47,2587
17,2588
31,2588
4,2589
13,2589
59,2589
5,2592
47,2592
33,2593
3,2595
4,2596
5,2598
43,2600
31,2603
9,2604
14,2604
49,2605
18,2606
47,2606
38,2607
51,2609
1,2610
34,2610
2,2611
33,2611
39,2611
1,2612
20,2612
8,2613
35,2613
2,2614
23,2614
58,2614
1,2615
17,2616
58,2616
2,2617
51,2620
43,2625
53,2626
1,2627
2,2628
1,2630
2,2631
1,2632
21,2632
38,2632
2,2633
30,2633
46,2634
33,2636
13,2638
59,2642
40,2643
46,2644
15,2646
37,2650
39,2650
26,2657
52,2657
53,2658
3,2659
45,2663
39,2664
35,2668
56,2668
11,2672
21,2672
39,2672
23,2676
28,2676
55,2676
53,2679
39,2680
58,2680
6,2681
9,2681
18,2681
34,2683
15,2684
28,2684
17,2685
58,2685
34,2686
42,2688
1,2689
57,2691
2,2693
15,2693
41,2693
19,2694
1,2695
12,2696
2,2697
1,2700
2,2701
40,2701
52,2701
8,2702
59,2702
3,2706
32,2706
4,2708
43,2708
57,2709
1,2711
1,2713
5,2713
3,2716
2,2717
2,2718
4,2718
1,2719
5,2719
2,2720
26,2722
9,2723
51,2727
35,2731
42,2731
57,2731
47,2732
20,2734
12,2736
55,2738
39,2739
14,2741
22,2742
25,2743
43,2745
46,2745
13,2746
26,2746
44,2747
19,2751
60,2754
50,2754
43,2755
13,2756
39,2756
18,2757
11,2758
38,2758
1,2760
57,2760
2,2761
1,2762
2,2764
1,2765
44,2765
54,2765
56,2766
2,2769
41,2773
5,2774
31,2774
34,2775
46,2775
46,2780
18,2783
50,2784
20,2787
47,2787
40,2791
22,2792
29,2793
14,2795
45,2795
27,2800
7,2801
8,2801
43,2803
1,2805
2,2807
1,2808
27,2808
42,2808
1,2810
10,2810
2,2811
47,2811
2,2812
1,2813
60,2814
1,2814
18,2814
2,2815
9,2815
2,2817
1,2819
50,2820
3,2822
5,2823
49,2823
2,2824
4,2825
9,2825
15,2825
20,2826
3,2827
12,2827
49,2828
4,2829
5,2830
46,2832
40,2833
17,2837
47,2837
3,2838
49,2839
58,2839
15,2840
53,2840
1,2842
29,2842
1,2844
47,2845
46,2846
2,2847
2,2848
32,2848
1,2849
2,2850
18,2850
33,2852
37,2852
35,2853
4,2855
1,2856
36,2856
1,2857
3,2858
16,2858
5,2860
4,2861
2,2863
5,2863
39,2863
2,2864
4,2864
1,2865
2,2866
3,2867
6,2867
14,2867
32,2869
26,2870
44,2870
10,2872
14,2872
46,2872
1,2873
33,2873
2,2874
54,2874
1,2879
43,2880
2,2881
32,2881
34,2881
21,2882
3,2883
21,2883
4,2886
1,2887
2,2888
5,2888
4,2890
22,2890
5,2891
3,2892
18,2896
49,2896
1,2899
2,2902
18,2903
17,2905
1,2906
47,2906
2,2907
27,2907
30,2908
50,2908
1,2910
2,2911
25,2911
40,2912
38,2918
51,2923
48,2924
27,2925
59,2925
36,2928
25,2929
21,2931
32,2931
40,2931
15,2932
42,2933
57,2936
26,2937
26,2939
11,2940
32,2940
35,2941
57,2944
15,2945
1,2948
7,2948
42,2948
2,2949
9,2949
1,2950
11,2950
22,2950
36,2950
2,2951
14,2951
21,2951
52,2951
26,2952
7,2953
1,2954
20,2954
36,2954
2,2955
25,2955
3,2956
4,2958
5,2959
23,2959
5,2960
14,2961
38,2961
4,2962
15,2963
40,2964
3,2966
9,2967
46,2967
51,2967
53,2967
18,2968
15,2969
33,2970
28,2972
51,2973
20,2979
5,2984
3,2985
1,2986
2,2987
4,2987
50,2987
4,2988
5,2989
13,2989
3,2990
5,2991
23,2991
27,2991
45,2991
45,2992
1,2993
7,2993
15,2993
1,2994
10,2996
29,2997
50,2998
51,2998
32,2999
12,3000
2,3001
24,3001
38,3002
56,3002
2,3003
21,3005
9,3006
25,3007
23,3010
7,3012
52,3012
59,3015
10,3016
5,3017
32,3018
36,3021
28,3024
37,3024
51,3025
12,3027
59,3027
59,3029
12,3031
57,3031
7,3032
3,3036
18,3040
51,3044
34,3047
56,3048
19,3051
13,3053
52,3053
56,3055
24,3059
1,3062
1,3063
2,3064
4,3064
1,3065
2,3066
2,3067
54,3068
20,3069
11,3070
26,3071
42,3072
55,3074
13,3075
58,3076
6,3079
28,3079
33,3080
37,3080
60,3085
3,3085
25,3085
5,3087
4,3088
8,3088
4,3090
3,3091
21,3091
52,3091
5,3092
59,3096
37,3098
7,3099
33,3101
24,3102
3,3103
10,3103
4,3104
24,3104
6,3105
31,3105
20,3106
3,3107
12,3107
5,3108
40,3109
49,3109
5,3110
4,3111
35,3112
49,3113
37,3115
21,3116
30,3118
51,3123
27,3125
59,3125
27,3127
14,3133
19,3136
58,3136
15,3137
56,3140
17,3145
18,3147
21,3148
34,3148
14,3150
20,3150
51,3152
54,3152
40,3153
28,3154
48,3155
49,3155
34,3156
28,3157
60,3159
55,3159
8,3160
44,3168
31,3174
2,3175
7,3177
10,3177
10,3178
30,3182
52,3183
14,3185
36,3187
11,3190
1,3195
43,3195
2,3196
26,3196
36,3196
38,3196
11,3197
28,3197
48,3197
1,3198
60,3199
2,3199
1,3201
8,3201
2,3202
17,3204
53,3206
1,3215
54,3216
41,3217
47,3217
3,3219
4,3220
15,3220
5,3221
5,3222
35,3223
31,3224
3,3225
40,3225
4,3226
22,3229
29,3233
14,3234
50,3234
30,3236
21,3237
48,3238
51,3238
9,3242
10,3244
37,3247
36,3249
9,3250
22,3252
36,3253
54,3254
57,3254
16,3255
21,3256
9,3257
47,3257
58,3261
8,3263
17,3264
38,3264
54,3267
10,3271
48,3271
34,3274
47,3274
25,3275
30,3276
53,3276
48,3278
3,3279
4,3280
4,3281
35,3281
5,3282
5,3283
19,3283
26,3283
31,3283
3,3284
12,3286
16,3287
31,3287
57,3287
27,3291
3,3292
4,3295
5,3296
44,3296
49,3296
58,3296
3,3297
15,3297
5,3298
40,3299
57,3299
4,3300
51,3301
17,3302
26,3302
45,3305
59,3305
3,3306
58,3307
5,3308
4,3309
3,3311
4,3312
9,3312
49,3312
2,3313
5,3313
28,3315
51,3318
21,3322
10,3326
11,3326
9,3328
9,3330
46,3332
30,3333
3,3334
20,3334
4,3335
7,3335
16,3335
4,3336
45,3339
16,3341
32,3341
5,3344
35,3345
8,3349
3,3350
24,3350
5,3352
19,3352
54,3357
44,3359
27,3360
15,3361
20,3361
31,3364
33,3365
28,3369
14,3372
28,3375
1,3376
53,3376
1,3377
5,3377
20,3377
37,3378
51,3378
2,3379
23,3379
43,3380
2,3381
59,3382
1,3383
3,3384
56,3384
2,3385
4,3386
5,3387
3,3388
4,3390
14,3391
5,3392
34,3392
27,3393
37,3393
39,3395
14,3398
17,3398
19,3399
6,3400
15,3400
10,3403
50,3410
1,3413
1,3414
2,3416
1,3417
17,3418
39,3418
40,3418
2,3419
18,3420
2,3421
3,3423
4,3424
3,3425
11,3425
5,3426
4,3427
49,3428
51,3428
5,3429
28,3433
22,3434
19,3438
7,3439
51,3439
23,3440
27,3440
32,3440
16,3442
19,3443
22,3444
60,3445
17,3445
40,3445
43,3445
46,3447
17,3448
20,3448
10,3449
35,3449
7,3458
17,3458
36,3458
54,3466
59,3467
34,3468
58,3468
59,3469
1,3472
54,3473
55,3475
2,3476
1,3477
32,3477
1,3478
2,3479
55,3479
6,3480
42,3484
2,3485
14,3497
6,3500
18,3505
48,3505
39,3509
21,3510
46,3511
53,3512
43,3517
6,3518
9,3518
56,3519
38,3521
11,3525
17,3526
6,3531
49,3533
53,3534
50,3535
3,3544
5,3545
41,3545
57,3545
4,3546
18,3546
25,3546
4,3547
9,3547
3,3548
5,3549
59,3549
19,3551
47,3551
8,3553
20,3553
37,3556
33,3557
23,3559
56,3560
40,3561
35,3564
19,3566
51,3566
40,3567
23,3570
55,3571
16,3573
20,3573
35,3573
12,3574
25,3574
12,3575
21,3575
41,3575
3,3578
4,3579
5,3581
1,3582
4,3582
5,3583
2,3584
40,3584
1,3586
3,3586
60,3587
1,3587
2,3588
2,3589
47,3589
3,3591
5,3592
1,3593
4,3593
45,3593
2,3594
4,3594
1,3595
3,3595
2,3596
5,3596
13,3596
34,3596
1,3597
55,3597
2,3599
28,3599
3,3600
4,3600
19,3600
5,3601
18,3601
4,3602
21,3602
44,3603
17,3604
23,3604
33,3604
3,3605
4,3606
58,3607
5,3608
50,3610
29,3611
42,3613
52,3615
22,3617
30,3621
29,3629
21,3635
27,3638
7,3639
12,3639
3,3641
21,3641
4,3642
25,3642
2,3643
5,3643
5,3644
13,3644
53,3644
3,3645
44,3645
57,3645
4,3646
48,3647
28,3648
52,3648
36,3650
56,3651
18,3653
13,3654
17,3654
9,3656
24,3657
48,3658
56,3663
3,3664
29,3664
5,3667
4,3669
3,3670
7,3670
4,3671
21,3671
1,3672
47,3672
57,3672
1,3673
7,3673
2,3674
38,3675
5,3676
23,3676
51,3676
1,3677
18,3677
43,3677
2,3678
2,3679
21,3681
6,3682
46,3682
50,3682
20,3683
44,3685
13,3687
49,3687
60,3689
42,3690
29,3691
50,3693
60,3695
35,3697
56,3697
55,3698
15,3705
19,3706
32,3707
9,3708
14,3709
16,3714
22,3715
12,3718
1,3719
26,3719
42,3719
2,3722
19,3724
1,3725
1,3727
31,3727
2,3728
2,3731
1,3733
2,3736
1,3737
35,3737
1,3739
57,3739
2,3740
28,3740
2,3742
21,3742
39,3742
38,3743
37,3748
42,3749
12,3751
14,3753
18,3757
10,3758
50,3758
47,3759
1,3766
42,3766
54,3768
2,3769
1,3771
31,3771
41,3771
2,3773
1,3774
2,3775
32,3775
3,3776
11,3776
53,3776
4,3777
44,3777
14,3778
5,3779
44,3779
10,3780
30,3780
17,3781
51,3781
4,3783
3,3786
5,3788
21,3790
7,3791
57,3793
33,3794
48,3795
26,3796
42,3796
20,3811
25,3811
31,3812
32,3812
39,3812
38,3813
11,3815
3,3816
7,3816
20,3816
44,3817
5,3818
3,3820
4,3820
4,3821
19,3821
37,3822
5,3823
3,3824
31,3824
34,3824
59,3826
10,3827
45,3828
47,3830
3,3831
4,3833
36,3833
1,3834
5,3834
2,3836
3,3836
33,3836
1,3837
5,3837
2,3838
4,3838
39,3838
55,3838
1,3840
2,3841
36,3843
6,3845
30,3850
30,3852
7,3853
25,3853
27,3853
36,3855
35,3856
45,3858
55,3859
53,3860
24,3861
30,3861
3,3863
4,3864
8,3864
5,3865
3,3866
12,3866
59,3866
5,3867
4,3868
49,3868
4,3871
16,3871
21,3872
3,3874
46,3874
4,3875
27,3876
48,3876
4,3877
5,3878
31,3878
3,3879
5,3880
6,3881
35,3881
54,3885
29,3886
16,3887
17,3888
37,3888
55,3888
6,3889
29,3890
20,3892
23,3892
1,3893
2,3894
1,3897
2,3898
18,3898
1,3899
15,3899
2,3900
8,3901
52,3901
49,3903
51,3904
17,3906
30,3909
13,3911
21,3912
56,3915
25,3916
43,3916
38,3918
1,3919
2,3920
46,3920
1,3921
23,3921
1,3922
6,3922
2,3923
6,3924
60,3925
2,3925
9,3928
38,3928
16,3930
32,3931
12,3932
7,3937
20,3939
2,3940
25,3943
32,3944
32,3946
50,3947
56,3947
16,3949
40,3949
40,3952
8,3953
14,3953
12,3955
16,3958
44,3960
51,3961
3,3966
5,3967
34,3967
4,3968
3,3969
4,3972
16,3972
49,3972
5,3973
24,3976
47,3976
20,3981
3,3982
35,3983
31,3984
53,3984
4,3985
5,3986
5,3987
1,3988
3,3988
1,3989
2,3990
19,3990
49,3990
4,3991
19,3992
39,3992
1,3993
2,3995
43,3996
2,3997
1,4000
9,4000
1,4001
2,4003
30,4004
36,4004
1,4005
2,4006
2,4007
22,4007
50,4007
22,4012
24,4012
15,4014
30,4018
2,4019
3,4025
13,4025
24,4026
9,4028
39,4029
5,4030
29,4032
13,4033
26,4034
4,4035
49,4036
5,4037
17,4037
37,4037
4,4038
3,4039
10,4039
36,4039
7,4042
56,4043
35,4051
28,4053
9,4054
44,4055
3,4059
4,4060
10,4060
60,4061
5,4061
40,4061
1,4062
3,4062
1,4064
3,4064
4,4064
5,4065
2,4066
2,4067
1,4068
25,4068
2,4069
34,4069
52,4069
25,4070
40,4072
56,4072
15,4077
30,4078
3,4080
27,4080
4,4081
19,4082
44,4083
5,4084
5,4085
55,4085
4,4086
42,4086
3,4087
19,4087
48,4087
54,4095
21,4096
31,4099
8,4105
48,4106
23,4107
59,4110
14,4112
60,4114
55,4114
22,4117
38,4117
43,4117
19,4118
36,4119
40,4123
3,4127
4,4130
26,4130
5,4132
49,4132
4,4134
3,4136
5,4137
53,4138
21,4143
3,4146
7,4146
25,4146
29,4147
56,4147
5,4149
1,4151
1,4152
4,4152
2,4153
3,4153
5,4154
20,4154
57,4154
4,4155
1,4158
2,4159
40,4159
51,4159
2,4160
34,4161
53,4162
60,4165
19,4165
44,4169
25,4171
54,4174
16,4175
37,4175
12,4176
34,4179
1,4181
1,4182
29,4182
2,4183
37,4183
53,4184
2,4185
16,4186
20,4186
1,4187
2,4188
1,4189
2,4190
23,4191
1,4192
2,4193
1,4194
2,4195
12,4195
9,4198
10,4203
11,4203
2,4204
17,4205
13,4206
21,4206
27,4206
44,4209
34,4216
8,4218
41,4221
40,4222
6,4225
9,4226
19,4226
41,4227
59,4227
8,4229
15,4230
47,4235
8,4239
60,4246
25,4246
44,4246
47,4246
24,4247
29,4252
59,4253
24,4254
27,4255
13,4258
41,4259
35,4262
54,4262
14,4265
47,4265
45,4268
49,4269
54,4273
13,4275
19,4276
60,4280
24,4288
55,4291
8,4292
15,4292
55,4292
52,4295
11,4296
45,4298
52,4299
23,4300
33,4300
25,4301
32,4302
7,4304
51,4304
6,4307
25,4308
40,4311
20,4312
42,4313
44,4313
29,4316
37,4316
38,4327
15,4329
23,4330
35,4331
59,4331
49,4332
56,4332
60,4339
15,4343
33,4345
49,4345
8,4349
44,4349
24,4351
35,4351
37,4351
9,4352
23,4352
9,4356
33,4358
22,4361
57,4361
23,4363
9,4367
32,4370
50,4370
12,4374
54,4374
53,4375
59,4376
20,4378
40,4378
11,4381
22,4381
48,4381
13,4384
60,4387
14,4389
16,4389
52,4390
55,4390
24,4394
54,4398
39,4401
38,4402
48,4406
3,4410
15,4410
4,4413
45,4413
5,4415
4,4416
57,4416
5,4418
3,4420
54,4421
40,4422
32,4423
20,4424
31,4425
37,4426
44,4427
1,4428
54,4428
56,4428
2,4429
1,4430
2,4431
1,4432
2,4433
17,4435
53,4435
54,4435
42,4437
17,4438
40,4439
49,4440
23,4441
45,4443
36,4445
50,4446
57,4446
27,4449
23,4451
28,4451
29,4454
13,4455
50,4455
54,4459
28,4461
28,4462
22,4463
37,4468
26,4469
33,4473
45,4475
40,4476
8,4478
39,4482
56,4482
51,4483
58,4484
41,4491
32,4492
27,4493
10,4495
23,4495
52,4496
1,4499
18,4499
35,4502
37,4502
58,4502
49,4505
54,4505
2,4508
1,4509
2,4510
28,4510
58,4510
1,4511
59,4511
2,4512
21,4513
21,4514
27,4514
54,4515
56,4516
16,4518
47,4519
8,4520
52,4521
3,4523
28,4523
4,4524
8,4524
5,4526
5,4527
25,4527
4,4528
37,4528
3,4530
57,4530
24,4531
46,4533
56,4536
9,4540
57,4542
8,4546
44,4548
53,4548
17,4549
18,4549
13,4552
42,4552
23,4554
8,4555
19,4556
33,4557
35,4558
7,4562
8,4562
13,4562
21,4568
29,4569
18,4571
47,4571
22,4572
11,4575
46,4576
7,4577
27,4578
3,4582
1,4584
1,4586
4,4586
38,4586
2,4588
4,4588
18,4588
22,4588
2,4589
3,4589
8,4589
39,4589
1,4590
5,4590
5,4591
42,4591
2,4592
45,4593
55,4593
30,4594
3,4601
18,4601
4,4603
5,4604
14,4604
5,4605
3,4606
16,4606
56,4606
4,4607
56,4607
3,4608
21,4608
58,4608
5,4609
51,4609
57,4610
5,4611
33,4611
14,4612
4,4614
51,4617
30,4618
4,4620
10,4620
56,4620
40,4621
3,4622
54,4622
7,4624
43,4624
48,4628
30,4629
60,4632
26,4632
40,4632
41,4633
44,4637
38,4638
51,4638
3,4640
4,4641
5,4642
5,4646
39,4646
22,4647
1,4648
4,4648
1,4649
3,4649
2,4650
43,4651
2,4652
1,4653
18,4653
2,4654
7,4655
31,4657
11,4658
17,4658
27,4658
42,4658
8,4659
39,4659
26,4660
47,4661
46,4664
34,4668
21,4670
51,4675
20,4678
20,4679
3,4680
36,4680
31,4681
28,4682
52,4683
24,4686
11,4687
55,4688
13,4690
8,4692
47,4692
45,4694
3,4699
44,4699
5,4701
31,4701
4,4702
5,4703
4,4704
3,4706
36,4706
46,4708
11,4711
54,4711
3,4713
4,4714
9,4714
4,4715
5,4716
10,4716
17,4716
27,4716
33,4716
46,4716
32,4717
5,4718
52,4718
3,4719
32,4723
14,4724
15,4726
39,4726
20,4727
38,4727
48,4727
18,4734
8,4739
21,4741
2,4742
27,4744
30,4744
16,4745
27,4746
36,4746
49,4747
43,4750
33,4751
1,4752
19,4753
29,4753
54,4753
52,4754
2,4755
54,4756
1,4757
23,4757
1,4759
2,4761
45,4761
2,4763
23,4764
43,4768
3,4773
16,4775
5,4780
4,4782
4,4784
3,4786
5,4787
54,4789
50,4792
16,4793
35,4793
40,4795
56,4797
1,4802
46,4802
2,4803
3,4803
1,4804
5,4804
51,4804
5,4805
22,4805
1,4806
37,4806
2,4808
4,4808
43,4808
40,4809
43,4809
2,4810
3,4810
14,4810
47,4810
4,4811
50,4812
42,4813
3,4822
5,4823
23,4823
4,4824
42,4824
44,4824
5,4825
3,4826
58,4826
4,4827
28,4829
46,4831
27,4833
13,4835
48,4838
59,4838
52,4839
12,4840
19,4843
37,4843
47,4844
21,4845
7,4846
9,4847
12,4850
13,4850
56,4851
1,4853
2,4854
27,4854
7,4855
48,4855
1,4856
13,4856
54,4856
1,4858
2,4860
3,4860
11,4860
2,4861
5,4861
4,4863
4,4866
5,4867
2,4869
3,4869
18,4871
17,4872
21,4873
26,4873
20,4874
24,4874
27,4874
40,4874
33,4879
53,4879
3,4882
4,4883
13,4883
25,4883
27,4883
5,4884
21,4884
3,4885
5,4888
4,4889
55,4890
14,4891
3,4892
4,4893
5,4894
16,4894
35,4894
5,4895
16,4895
4,4898
43,4898
3,4900
46,4902
40,4903
16,4904
57,4904
1,4907
40,4907
24,4908
9,4910
23,4912
15,4915
20,4916
6,4918
24,4918
3,4924
32,4924
4,4925
5,4926
4,4927
3,4928
5,4929
56,4931
1,4932
2,4933
1,4935
2,4936
45,4937
11,4939
1,4940
2,4940
22,4940
2,4941
1,4945
14,4945
2,4946
1,4947
2,4948
1,4949
2,4950
19,4951
3,4952
4,4953
5,4954
30,4955
3,4956
6,4956
4,4958
55,4959
5,4960
54,4961
28,4962
14,4964
39,4964
56,4964
14,4966
34,4970
32,4972
14,4974
31,4975
8,4977
51,4978
11,4979
34,4979
60,4980
15,4981
35,4984
46,4985
55,4985
57,4985
23,4988
1,4991
42,4994
56,4999
25,5003
20,5004
30,5006
46,5008
42,5011
3,5012
51,5013
23,5014
46,5016
52,5017
11,5018
56,5018
34,5019
57,5020
48,5022
13,5023
14,5023
42,5023
45,5023
53,5023
17,5029
32,5030
3,5032
5,5033
16,5033
5,5035
16,5036
36,5038
47,5038
4,5039
4,5040
10,5040
3,5041
7,5041
43,5041
54,5041
60,5042
42,5047
9,5048
36,5048
6,5049
21,5057
39,5057
33,5058
11,5059
43,5063
18,5065
27,5068
6,5069
25,5070
50,5070
26,5071
5,5072
40,5072
35,5081
60,5085
55,5085
27,5088
55,5090
20,5099
17,5100
19,5100
3,5102
35,5102
58,5102
4,5103
5,5105
50,5105
5,5106
43,5107
4,5108
9,5108
3,5109
8,5109
53,5110
35,5111
18,5113
33,5113
21,5117
24,5119
45,5119
51,5119
14,5120
42,5120
15,5123
34,5123
45,5123
24,5124
28,5124
6,5125
51,5128
50,5129
7,5130
45,5130
14,5131
37,5132
53,5136
10,5139
29,5140
6,5141
47,5145
23,5148
32,5149
18,5150
21,5150
43,5152
33,5153
17,5154
43,5155
56,5158
38,5159
47,5162
16,5163
10,5168
6,5170
41,5171
59,5171
35,5173
49,5173
11,5176
55,5178
6,5179
33,5179
28,5181
8,5182
39,5185
54,5185
1,5186
13,5186
56,5186
1,5187
32,5187
2,5190
2,5191
8,5191
59,5191
1,5192
14,5192
15,5192
27,5192
48,5192
2,5193
14,5198
20,5199
24,5201
39,5201
58,5203
16,5204
2,5205
15,5206
21,5207
38,5208
18,5209
33,5209
9,5210
47,5213
41,5215
36,5216
44,5216
37,5217
25,5219
7,5221
44,5222
28,5224
25,5226
49,5226
25,5229
38,5234
25,5235
58,5236
46,5238
44,5242
59,5243
46,5244
43,5245
27,5247
42,5247
47,5249
14,5250
20,5251
20,5252
56,5256
27,5260
28,5265
46,5265
46,5268
23,5270
11,5274
26,5274
53,5277
49,5279
3,5282
57,5282
4,5286
4,5287
5,5290
5,5291
3,5292
1,5297
2,5298
22,5298
39,5298
1,5299
2,5300
1,5301
59,5301
2,5302
28,5302
37,5303
2,5304
45,5304
24,5309
22,5312
9,5313
25,5317
13,5320
48,5320
11,5323
32,5323
12,5324
40,5328
60,5329
14,5330
59,5330
9,5331
53,5332
15,5333
26,5345
27,5347
21,5349
16,5351
38,5351
1,5355
2,5356
60,5357
27,5357
41,5357
45,5358
36,5360
1,5361
2,5363
1,5364
2,5367
39,5370
28,5374
44,5374
9,5375
26,5377
31,5381
7,5384
13,5390
55,5390
8,5391
49,5404
25,5406
15,5409
13,5410
41,5412
33,5414
53,5414
4,5415
18,5415
1,5416
37,5416
50,5416
1,5417
43,5417
2,5419
1,5420
3,5421
34,5422
4,5423
11,5423
20,5423
2,5424
5,5424
3,5425
4,5426
2,5427
11,5428
5,5429
12,5431
21,5431
43,5431
6,5432
46,5433
43,5434
50,5434
38,5436
60,5439
30,5440
32,5440
14,5442
46,5443
54,5445
49,5449
12,5451
29,5454
11,5456
43,5456
47,5458
7,5462
30,5464
18,5465
13,5466
52,5467
32,5473
41,5473
14,5474
35,5474
19,5475
16,5480
19,5482
11,5487
17,5488
33,5491
36,5492
45,5495
31,5496
56,5496
22,5497
30,5498
35,5498
11,5500
19,5502
23,5502
11,5503
37,5505
59,5505
35,5507
56,5508
8,5509
56,5510
3,5513
42,5513
4,5514
30,5514
3,5515
5,5516
4,5517
29,5517
5,5519
41,5520
35,5521
44,5523
9,5524
17,5524
19,5528
26,5533
45,5533
35,5534
51,5535
15,5536
41,5547
3,5549
7,5549
25,5549
18,5551
36,5551
46,5552
60,5557
25,5557
59,5557
14,5558
46,5558
48,5559
14,5567
36,5568
23,5569
17,5572
19,5574
20,5579
34,5580
17,5582
27,5585
3,5587
7,5587
27,5587
5,5589
9,5590
4,5592
30,5592
3,5593
5,5595
4,5596
33,5606
48,5606
36,5611
46,5613
40,5614
21,5615
27,5615
38,5615
3,5616
4,5617
1,5618
3,5618
5,5619
1,5620
53,5620
5,5621
2,5622
4,5622
1,5625
52,5625
2,5627
54,5627
2,5628
9,5628
9,5629
15,5632
36,5636
15,5637
10,5638
24,5640
30,5640
37,5640
3,5641
5,5641
4,5642
38,5643
57,5643
5,5644
3,5645
21,5645
4,5646
27,5646
33,5646
5,5647
40,5655
41,5655
3,5660
16,5660
5,5661
4,5662
3,5663
27,5663
41,5663
5,5664
4,5665
47,5666
36,5670
60,5673
15,5673
28,5673
32,5673
21,5675
47,5678
54,5678
16,5679
18,5679
22,5681
37,5682
47,5684
21,5685
60,5687
1,5692
7,5692
41,5693
2,5695
1,5696
1,5697
35,5698
40,5698
2,5700
17,5700
23,5700
24,5701
2,5702
13,5702
35,5702
37,5704
59,5704
14,5706
34,5706
11,5709
41,5712
43,5712
55,5712
16,5713
30,5713
29,5716
8,5717
7,5720
20,5723
32,5723
23,5725
41,5725
20,5726
33,5726
11,5727
26,5727
33,5731
40,5732
48,5732
34,5733
59,5734
45,5735
38,5736
22,5738
33,5739
24,5740
50,5741
54,5741
7,5742
9,5742
31,5743
51,5743
52,5745
58,5745
19,5747
7,5749
51,5749
1,5752
27,5752
21,5754
2,5755
16,5755
1,5757
3,5757
51,5757
2,5758
32,5758
1,5759
2,5760
26,5761
22,5762
24,5765
33,5765
43,5766
53,5766
24,5767
21,5768
32,5769
21,5770
29,5770
52,5770
10,5771
30,5772
22,5774
14,5775
60,5776
20,5776
3,5782
40,5782
4,5783
40,5785
40,5786
3,5787
1,5788
5,5788
38,5788
5,5789
42,5789
1,5790
4,5790
2,5791
36,5791
2,5792
1,5793
2,5794
1,5795
22,5795
20,5796
1,5797
2,5798
1,5799
22,5799
2,5800
47,5800
7,5803
49,5803
2,5804
3,5806
5,5809
41,5809
43,5810
4,5811
3,5812
28,5812
4,5813
10,5813
1,5814
5,5814
2,5817
15,5817
1,5818
41,5818
2,5821
1,5822
3,5823
12,5823
2,5824
4,5824
26,5824
8,5826
5,5827
3,5828
4,5830
43,5830
15,5831
5,5832
56,5833
6,5834
17,5834
34,5838
40,5842
41,5845
60,5849
40,5850
12,5851
15,5851
19,5852
52,5852
52,5853
36,5854
56,5856
36,5857
33,5858
22,5859
14,5860
1,5861
16,5861
1,5862
13,5862
2,5863
53,5863
2,5864
1,5866
2,5869
60,5870
3,5870
34,5870
4,5871
5,5874
36,5874
5,5876
40,5878
53,5879
4,5881
18,5881
19,5881
3,5882
21,5882
1,5884
2,5885
1,5886
30,5886
1,5887
2,5888
26,5888
30,5888
2,5889
18,5890
45,5890
54,5890
36,5892
58,5893
13,5894
31,5894
26,5897
46,5897
18,5898
31,5898
39,5898
43,5898
51,5901
34,5903
50,5903
44,5904
25,5905
21,5907
19,5908
55,5908
60,5912
59,5914
12,5915
4,5916
41,5916
40,5920
28,5922
18,5924
51,5929
27,5933
57,5934
33,5936
3,5937
4,5938
15,5938
30,5939
4,5940
5,5941
3,5942
5,5943
25,5943
7,5945
48,5946
60,5948
35,5954
14,5957
44,5958
32,5963
9,5964
29,5971
18,5972
9,5975
12,5976
18,5976
36,5978
10,5980
32,5980
54,5981
8,5986
60,5987
59,5989
17,5991
55,5991
39,5992
1,5994
1,5996
2,5998
1,5999
55,5999
2,6000
2,6001
28,6003
3,6005
4,6006
5,6007
3,6008
4,6009
5,6010
27,6010
53,6014
29,6016
22,6018
6,6021
12,6022
20,6022
32,6022
52,6022
32,6024
28,6025
55,6025
10,6026
7,6027
16,6027
27,6027
38,6027
11,6030
49,6031
3,6033
4,6034
14,6035
46,6035
4,6036
43,6036
5,6037
23,6037
5,6038
3,6039
53,6042
55,6042
33,6043
59,6043
36,6045
38,6046
16,6047
32,6048
58,6048
33,6049
40,6049
28,6053
19,6056
1,6057
18,6057
12,6058
8,6059
57,6059
2,6060
1,6061
23,6061
2,6062
39,6062
1,6065
2,6066
12,6069
49,6072
39,6073
41,6073
1,6075
2,6076
18,6077
53,6077
1,6078
36,6079
3,6080
30,6080
1,6081
49,6081
2,6082
2,6083
5,6083
47,6083
21,6084
5,6085
21,6085
4,6086
51,6088
1,6089
4,6089
2,6090
1,6091
3,6091
53,6091
56,6091
1,6092
2,6093
37,6093
2,6094
12,6095
17,6095
44,6095
26,6099
12,6101
21,6101
23,6102
58,6106
59,6109
24,6110
41,6113
55,6115
29,6119
1,6121
57,6121
1,6122
46,6122
53,6122
2,6123
2,6124
15,6124
48,6124
1,6126
18,6126
23,6126
2,6127
32,6127
48,6129
46,6130
17,6131
54,6131
56,6132
51,6133
45,6134
1,6136
2,6137
27,6139
1,6140
21,6140
2,6142
39,6142
1,6143
21,6143
28,6144
2,6146
41,6146
31,6149
56,6150
49,6154
7,6155
33,6157
45,6157
26,6160
57,6160
8,6162
9,6162
49,6163
14,6165
57,6168
20,6171
3,6174
7,6174
29,6174
49,6179
24,6180
42,6180
12,6182
33,6182
9,6184
36,6187
51,6187
14,6188
14,6190
18,6190
57,6193
40,6195
56,6195
6,6196
1,6198
1,6199
2,6200
17,6202
30,6202
35,6202
1,6203
28,6203
60,6205
2,6205
48,6205
57,6205
2,6206
3,6206
20,6206
5,6207
50,6207
13,6208
4,6209
26,6209
58,6209
4,6210
16,6210
36,6211
5,6212
3,6213
27,6213
24,6215
60,6217
27,6218
58,6218
47,6221
3,6222
56,6224
59,6225
4,6226
25,6226
1,6227
4,6227
52,6227
2,6228
3,6229
5,6230
5,6231
21,6231
1,6232
37,6232
1,6234
2,6235
2,6236
41,6237
59,6237
3,6241
7,6241
17,6241
29,6241
52,6245
1,6247
2,6249
1,6250
7,6250
12,6250
2,6251
10,6251
1,6252
33,6253
2,6254
19,6254
18,6255
28,6257
56,6258
31,6259
1,6264
2,6265
22,6265
44,6265
1,6268
7,6268
1,6269
2,6270
2,6271
54,6271
36,6273
44,6274
58,6274
58,6276
26,6280
22,6281
3,6282
5,6283
5,6284
40,6284
4,6285
18,6285
4,6286
20,6286
3,6287
42,6287
37,6288
55,6288
60,6290
56,6296
36,6297
42,6298
1,6299
2,6300
1,6301
60,6302
1,6302
15,6302
43,6302
12,6303
2,6305
15,6305
16,6305
49,6305
2,6306
3,6307
5,6308
4,6309
32,6310
33,6310
53,6310
60,6312
23,6312
3,6313
11,6313
48,6313
5,6314
59,6314
4,6316
31,6316
45,6318
22,6319
9,6320
59,6320
23,6321
9,6322
6,6324
13,6326
23,6326
52,6326
9,6330
29,6330
53,6330
35,6331
48,6332
59,6333
15,6337
10,6340
29,6344
12,6346
34,6347
40,6349
43,6351
53,6352
50,6354
11,6356
27,6356
38,6358
54,6358
34,6361
20,6365
36,6365
39,6365
41,6365
3,6366
4,6368
58,6369
3,6370
4,6372
44,6372
48,6372
5,6375
46,6375
21,6376
13,6377
5,6378
14,6378
27,6378
39,6379
50,6379
37,6385
60,6389
23,6390
27,6391
28,6391
9,6392
50,6392
13,6396
38,6398
43,6401
57,6404
15,6405
23,6405
27,6406
38,6407
39,6409
3,6411
18,6412
4,6413
3,6414
11,6414
5,6415
4,6416
5,6417
13,6419
51,6421
6,6422
14,6423
57,6425
54,6427
60,6429
4,6432
51,6435
21,6438
3,6441
37,6442
5,6443
4,6445
5,6446
3,6447
4,6448
30,6456
33,6460
11,6461
41,6466
17,6467
13,6468
25,6468
58,6469
32,6470
6,6471
40,6471
38,6473
39,6473
33,6480
47,6481
27,6483
51,6484
10,6485
39,6485
49,6485
14,6490
1,6493
29,6493
1,6494
32,6495
2,6497
21,6497
1,6498
2,6499
2,6500
48,6505
39,6507
14,6508
9,6510
42,6512
40,6513
38,6516
39,6519
32,6520
34,6520
12,6521
52,6523
8,6525
59,6528
1,6531
2,6532
34,6532
1,6533
3,6533
17,6534
1,6537
2,6538
2,6539
23,6541
17,6542
18,6542
47,6542
8,6548
23,6549
11,6551
15,6553
42,6553
12,6563
26,6563
3,6570
5,6571
22,6571
4,6572
23,6572
41,6573
3,6575
34,6575
4,6576
10,6576
5,6577
12,6578
23,6579
3,6580
8,6580
4,6581
5,6582
5,6583
3,6584
4,6585
56,6590
29,6591
43,6591
16,6595
53,6597
13,6598
35,6599
26,6601
28,6602
31,6607
41,6608
25,6610
26,6610
30,6615
45,6619
13,6620
3,6623
5,6624
16,6624
27,6624
6,6626
5,6627
4,6628
39,6629
27,6630
32,6630
46,6630
3,6632
4,6633
41,6633
56,6633
1,6635
10,6635
56,6636
37,6637
18,6638
1,6639
32,6639
46,6639
2,6640
28,6640
2,6641
26,6645
1,6646
28,6646
58,6646
2,6647
3,6647
39,6648
49,6648
4,6649
56,6649
21,6650
59,6650
5,6652
5,6654
47,6654
4,6655
3,6656
35,6656
58,6656
22,6659
10,6660
29,6660
53,6663
24,6664
8,6666
15,6667
14,6668
12,6669
21,6671
13,6674
46,6674
52,6678
47,6679
26,6682
36,6690
39,6693
53,6694
44,6696
58,6696
10,6698
45,6698
24,6699
47,6699
14,6704
33,6704
23,6706
20,6709
21,6713
3,6714
4,6716
3,6717
21,6717
33,6718
5,6719
7,6719
4,6720
53,6720
5,6721
29,6721
28,6723
56,6725
22,6727
17,6730
22,6730
27,6733
21,6735
18,6737
13,6741
17,6741
6,6745
17,6746
36,6746
27,6747
33,6749
6,6750
9,6756
6,6757
50,6759
12,6762
33,6764
25,6766
60,6767
37,6769
44,6770
11,6778
52,6778
14,6783
28,6785
33,6785
45,6785
34,6789
35,6789
58,6791
8,6795
29,6795
3,6796
4,6797
5,6798
46,6798
5,6799
4,6801
3,6802
33,6804
55,6809
11,6814
23,6814
8,6815
19,6815
6,6816
7,6816
21,6816
57,6817
33,6819
58,6819
60,6820
2,6821
28,6822
30,6822
32,6822
3,6824
4,6825
5,6826
27,6826
36,6826
39,6826
4,6828
27,6830
5,6831
42,6831
57,6831
3,6832
9,6833
40,6833
26,6834
9,6836
32,6838
19,6841
26,6841
28,6841
47,6843
55,6843
22,6845
24,6845
16,6846
26,6850
58,6850
15,6851
48,6851
49,6853
6,6855
37,6857
1,6860
3,6861
58,6861
4,6862
5,6863
7,6863
5,6864
3,6867
19,6868
55,6868
27,6869
4,6872
21,6872
35,6872
56,6872
53,6875
60,6876
49,6878
53,6882
60,6891
22,6893
35,6893
52,6899
40,6900
15,6902
12,6904
32,6904
24,6908
50,6909
42,6910
58,6911
35,6915
8,6916
10,6916
52,6916
3,6917
4,6918
15,6918
5,6919
5,6921
3,6922
34,6923
4,6925
40,6926
13,6928
44,6928
35,6929
30,6932
58,6943
31,6945
12,6946
26,6947
17,6950
14,6955
30,6955
33,6955
14,6958
15,6958
22,6960
31,6961
39,6962
58,6962
16,6964
7,6967
31,6970
48,6972
54,6974
7,6975
22,6977
54,6978
9,6979
23,6982
32,6982
41,6983
43,6983
54,6986
35,6991
45,6991
50,6992
33,6997
29,6998
36,6998
20,7002
60,7006
34,7006
48,7007
27,7009
3,7010
16,7011
5,7012
4,7013
3,7014
4,7015
18,7017
5,7019
46,7022
15,7023
55,7025
6,7028
60,7029
1,7029
16,7031
53,7031
14,7032
27,7033
3,7034
23,7034
25,7034
4,7036
27,7037
5,7040
22,7040
28,7040
4,7041
5,7041
3,7042
49,7042
5,7044
48,7048
41,7052
32,7054
17,7055
51,7056
7,7057
43,7058
44,7058
37,7059
56,7059
37,7060
39,7061
43,7063
14,7069
39,7069
60,7070
13,7071
44,7073
47,7075
21,7078
55,7080
30,7082
52,7088
10,7092
38,7092
45,7092
10,7093
38,7095
40,7096
55,7096
20,7097
49,7102
41,7103
24,7105
59,7108
9,7109
21,7110
24,7110
33,7110
46,7110
7,7111
12,7111
34,7113
42,7113
53,7114
55,7118
22,7120
8,7123
25,7128
38,7129
13,7131
23,7139
26,7139
6,7140
28,7141
11,7145
23,7146
25,7146
7,7148
56,7148
53,7150
33,7157
1,7162
22,7162
2,7163
56,7163
11,7164
1,7165
2,7166
37,7166
1,7167
2,7168
2,7171
33,7171
20,7174
28,7174
43,7176
14,7177
17,7178
10,7179
28,7179
45,7180
54,7183
35,7184
36,7184
43,7184
37,7185
10,7186
6,7188
40,7188
25,7189
33,7191
34,7191
24,7193
26,7193
16,7194
3,7195
4,7196
45,7196
5,7197
58,7197
5,7198
6,7198
4,7199
44,7199
41,7200
55,7200
3,7201
21,7202
35,7203
26,7204
18,7205
16,7207
58,7212
17,7213
14,7214
46,7217
1,7218
30,7218
1,7219
2,7220
22,7220
38,7220
10,7223
14,7223
23,7223
29,7223
55,7223
1,7224
43,7224
2,7225
43,7225
46,7227
2,7228
3,7228
52,7228
4,7229
3,7230
5,7231
31,7232
6,7233
4,7235
26,7235
44,7235
53,7236
5,7237
60,7238
3,7239
5,7240
29,7241
40,7241
31,7242
50,7242
55,7242
1,7243
4,7243
34,7243
1,7244
49,7244
2,7245
1,7246
30,7246
5,7247
2,7248
4,7248
2,7249
3,7249
3,7250
18,7250
51,7250
11,7251
22,7251
31,7254
40,7254
57,7254
5,7255
20,7258
4,7259
1,7260
3,7260
25,7260
5,7261
4,7262
3,7263
14,7263
4,7264
5,7265
3,7267
13,7267
17,7268
39,7268
60,7270
4,7270
5,7271
16,7271
7,7274
41,7274
20,7275
60,7276
49,7276
58,7276
51,7277
24,7278
27,7279
25,7280
23,7283
36,7283
36,7284
13,7285
47,7288
9,7289
40,7289
3,7290
57,7291
4,7292
5,7293
55,7293
4,7294
5,7296
3,7297
44,7297
9,7299
16,7299
31,7299
37,7299
53,7300
6,7301
50,7304
7,7305
28,7305
10,7306
7,7309
40,7309
36,7310
25,7312
42,7312
48,7317
6,7318
49,7319
28,7321
9,7323
8,7324
46,7324
27,7325
29,7326
55,7326
35,7327
15,7328
25,7329
55,7329
58,7335
18,7336
40,7338
10,7345
60,7346
44,7348
33,7349
24,7354
42,7354
28,7355
31,7356
45,7362
24,7363
14,7367
10,7368
23,7371
53,7371
55,7371
27,7373
6,7374
30,7375
6,7376
46,7378
44,7383
45,7383
11,7388
45,7391
12,7392
17,7394
15,7397
6,7398
55,7398
15,7401
39,7401
6,7402
47,7402
37,7403
28,7404
25,7406
29,7411
33,7411
35,7411
43,7411
12,7415
57,7415
34,7416
19,7420
16,7422
20,7423
21,7423
19,7426
22,7427
40,7427
27,7428
28,7429
11,7432
47,7433
8,7434
35,7434
32,7435
57,7440
1,7441
1,7442
12,7443
2,7444
2,7445
1,7447
3,7447
5,7448
2,7449
44,7449
28,7450
4,7451
10,7451
29,7452
31,7452
1,7453
3,7453
2,7454
4,7455
1,7456
5,7456
11,7457
1,7460
2,7461
2,7462
28,7463
35,7463
58,7464
10,7466
54,7467
12,7468
47,7469
49,7470
57,7470
7,7471
1,7472
19,7473
14,7474
27,7475
47,7475
2,7476
1,7477
13,7477
18,7477
1,7479
18,7479
2,7481
2,7484
42,7487
43,7488
3,7491
5,7492
28,7492
35,7492
4,7493
29,7495
3,7496
5,7498
47,7499
53,7499
4,7500
55,7505
42,7507
7,7510
44,7511
28,7512
7,7516
11,7516
32,7516
21,7518
25,7518
57,7518
23,7521
16,7523
25,7527
45,7527
9,7533
59,7536
1,7541
2,7542
5,7542
1,7543
2,7544
7,7544
30,7545
1,7546
2,7547
58,7547
16,7548
26,7549
8,7551
15,7551
27,7553
54,7554
56,7555
19,7560
28,7562
47,7566
52,7566
7,7570
52,7570
52,7571
55,7572
54,7573
7,7575
46,7575
49,7576
54,7576
3,7577
4,7578
4,7579
6,7579
29,7579
3,7580
32,7580
5,7581
49,7581
1,7582
5,7582
29,7583
2,7584
44,7584
1,7585
20,7585
2,7586
1,7587
40,7587
52,7589
2,7591
54,7593
16,7594
34,7594
17,7599
24,7599
3,7601
26,7601
5,7607
4,7608
4,7610
3,7611
5,7612
40,7613
3,7614
20,7614
56,7615
5,7616
4,7617
46,7617
45,7618
5,7619
32,7620
3,7621
4,7622
10,7627
11,7629
7,7631
44,7631
40,7632
19,7634
44,7634
10,7639
14,7640
3,7643
4,7644
31,7644
54,7649
32,7650
46,7651
4,7652
3,7653
5,7654
6,7654
35,7654
5,7655
32,7656
1,7659
25,7660
2,7661
22,7661
1,7662
2,7663
1,7664
2,7666
8,7666
47,7667
36,7669
35,7673
13,7674
3,7676
6,7677
23,7677
5,7678
5,7680
42,7680
4,7681
12,7681
54,7682
31,7684
4,7685
13,7685
43,7685
3,7687
3,7688
52,7688
4,7690
45,7690
4,7691
5,7692
27,7692
45,7692
3,7693
5,7694
29,7694
37,7694
42,7694
29,7696
10,7697
34,7699
14,7703
22,7703
15,7705
40,7705
42,7705
58,7707
39,7709
48,7711
56,7711
57,7711
55,7714
52,7720
37,7723
57,7723
59,7723
42,7726
53,7727
57,7727
56,7731
14,7737
52,7738
24,7739
4,7740
14,7740
7,7742
12,7742
55,7743
41,7746
21,7747
13,7748
16,7748
31,7749
35,7749
36,7750
10,7751
49,7751
11,7754
59,7756
7,7758
59,7759
33,7760
23,7763
39,7763
59,7763
23,7764
6,7766
21,7766
36,7767
3,7768
23,7770
4,7771
52,7771
6,7772
5,7773
3,7774
29,7774
44,7774
5,7775
4,7776
20,7778
14,7779
46,7779
10,7782
1,7785
10,7788
1,7790
48,7792
2,7794
44,7794
1,7795
45,7797
2,7798
2,7799
12,7800
40,7801
56,7807
24,7808
58,7808
11,7809
17,7810
22,7810
10,7811
38,7812
59,7812
30,7815
18,7816
31,7817
48,7817
3,7819
32,7819
4,7820
5,7821
35,7821
3,7822
33,7822
4,7823
11,7824
16,7824
29,7824
5,7825
45,7826
33,7829
14,7830
18,7831
36,7831
50,7835
41,7839
45,7844
10,7845
16,7845
50,7848
18,7850
10,7853
30,7853
10,7857
41,7859
32,7860
48,7860
27,7866
16,7869
48,7870
12,7874
17,7874
34,7875
15,7876
57,7876
37,7877
21,7878
7,7879
32,7880
56,7881
8,7892
12,7893
45,7893
6,7895
26,7900
31,7901
8,7903
16,7903
37,7904
9,7906
25,7906
8,7908
1,7910
53,7910
1,7911
2,7912
26,7913
60,7914
2,7914
54,7914
1,7915
10,7916
25,7916
2,7917
21,7920
34,7920
50,7921
3,7923
15,7923
47,7923
4,7924
47,7924
4,7927
3,7928
5,7929
1,7930
1,7931
5,7931
38,7931
2,7934
1,7936
2,7937
2,7939
23,7939
51,7939
15,7940
31,7940
11,7941
23,7944
26,7946
19,7947
26,7948
53,7948
16,7953
35,7955
3,7956
48,7956
26,7958
42,7958
4,7959
57,7959
5,7960
53,7961
3,7962
28,7962
1,7964
5,7964
10,7964
56,7964
37,7965
44,7965
47,7965
2,7967
4,7967
7,7967
40,7967
38,7968
1,7969
1,7970
28,7971
46,7971
59,7971
2,7972
2,7974
20,7974
14,7975
10,7976
39,7976
54,7976
16,7980
3,7982
5,7983
9,7983
4,7984
40,7984
5,7985
6,7985
10,7986
52,7986
57,7987
1,7988
3,7988
2,7989
4,7989
1,7991
2,7992
1,7993
2,7994
41,7998
56,8001
3,8002
45,8006
13,8007
33,8007
29,8008
35,8008
17,8009
2,8010
11,8012
30,8012
49,8016
9,8017
43,8017
11,8018
27,8019
20,8020
39,8021
51,8022
42,8025
6,8026
7,8026
10,8027
52,8027
27,8029
56,8029
45,8031
5,8032
1,8033
2,8034
44,8034
1,8035
52,8036
2,8037
1,8038
20,8038
2,8039
24,8039
5,8040
33,8041
59,8042
57,8046
41,8047
1,8049
1,8051
2,8052
18,8052
29,8052
1,8053
10,8053
2,8054
3,8055
2,8056
5,8056
4,8057
57,8057
5,8059
33,8061
15,8063
3,8064
57,8064
4,8065
17,8065
32,8068
10,8070
35,8070
51,8070
33,8071
53,8071
1,8072
33,8072
1,8073
14,8074
22,8074
2,8075
8,8075
19,8076
1,8079
2,8081
24,8081
2,8082
3,8082
5,8083
39,8083
4,8084
5,8085
31,8086
1,8087
51,8087
4,8088
3,8089
9,8091
52,8093
59,8093
27,8094
51,8097
3,8098
4,8099
3,8101
26,8101
30,8101
59,8101
5,8103
11,8103
5,8104
50,8104
4,8105
20,8105
59,8107
3,8109
4,8110
5,8111
4,8112
35,8113
3,8114
5,8115
27,8116
44,8116
30,8119
42,8122
31,8123
44,8124
60,8129
13,8136
22,8136
12,8138
58,8138
27,8146
54,8146
16,8151
21,8153
45,8153
35,8154
25,8156
35,8159
6,8162
28,8164
49,8164
53,8164
18,8166
22,8169
34,8169
16,8170
18,8172
31,8173
22,8175
46,8181
19,8182
15,8186
54,8186
40,8187
51,8188
12,8192
35,8192
34,8193
13,8194
15,8194
40,8194
55,8194
26,8195
39,8195
36,8197
56,8197
52,8198
16,8200
26,8201
28,8202
15,8203
17,8206
50,8208
57,8211
7,8213
52,8214
8,8217
41,8217
47,8219
30,8221
17,8223
17,8224
57,8224
12,8225
17,8225
58,8225
17,8227
34,8229
22,8230
14,8235
60,8237
37,8237
53,8237
43,8239
53,8239
41,8240
11,8242
16,8242
52,8242
45,8245
45,8246
39,8250
51,8252
33,8256
49,8256
7,8257
9,8257
46,8261
57,8262
5,8263
15,8266
59,8266
31,8267
41,8269
52,8269
21,8270
29,8270
36,8272
36,8274
8,8275
35,8277
44,8280
6,8281
27,8281
41,8286
47,8286
32,8288
50,8291
55,8291
4,8293
26,8294
34,8295
7,8296
45,8296
30,8305
48,8305
37,8306
56,8306
53,8310
17,8313
46,8313
1,8316
2,8317
16,8317
1,8318
49,8318
1,8319
59,8319
2,8320
30,8320
12,8321
43,8321
2,8322
42,8323
51,8323
44,8328
38,8330
11,8331
24,8334
11,8335
6,8344
45,8344
21,8347
1,8350
52,8352
47,8354
4,8355
37,8357
52,8357
51,8360
34,8363
14,8364
56,8365
7,8368
6,8369
42,8369
8,8374
1,8375
42,8375
30,8378
33,8378
17,8379
19,8380
21,8380
29,8382
55,8382
33,8383
3,8388
17,8388
4,8389
45,8389
52,8390
5,8391
58,8392
3,8394
52,8394
31,8395
42,8395
25,8396
3,8397
4,8397
5,8398
20,8398
53,8398
19,8399
36,8403
33,8404
23,8406
52,8406
39,8407
51,8407
59,8409
23,8410
10,8413
34,8416
16,8420
32,8420
8,8425
18,8425
31,8425
45,8427
29,8429
53,8430
13,8431
18,8434
39,8435
27,8436
37,8437
17,8438
3,8440
19,8441
58,8441
5,8443
44,8443
29,8444
55,8444
59,8444
4,8445
4,8446
5,8447
33,8447
39,8447
3,8448
28,8450
3,8452
3,8453
4,8455
3,8457
4,8458
6,8458
54,8458
5,8459
5,8460
6,8460
11,8460
2,8467
58,8469
34,8470
41,8470
47,8471
27,8472
52,8473
26,8477
44,8479
26,8481
36,8481
14,8482
32,8493
14,8494
32,8494
49,8496
56,8496
8,8497
29,8501
16,8502
16,8504
3,8505
4,8507
43,8507
59,8508
4,8509
5,8510
3,8512
6,8512
59,8513
5,8514
10,8514
20,8515
23,8518
45,8518
51,8523
12,8524
42,8524
1,8525
58,8525
54,8527
2,8528
12,8529
1,8530
7,8532
24,8534
1,8535
2,8536
31,8536
1,8537
57,8537
2,8538
39,8539
41,8539
57,8539
3,8540
1,8541
30,8541
1,8542
5,8542
4,8543
29,8543
38,8544
2,8545
1,8546
2,8547
5,8547
2,8548
17,8548
48,8548
56,8548
3,8549
19,8549
4,8550
37,8553
14,8555
46,8556
38,8557
39,8557
53,8558
5,8561
3,8566
5,8567
20,8568
4,8569
15,8569
4,8570
5,8571
3,8573
59,8574
49,8576
18,8577
57,8577
58,8579
28,8580
55,8580
14,8583
53,8583
14,8584
15,8584
57,8585
59,8589
40,8593
31,8597
53,8599
54,8601
3,8605
41,8606
17,8609
52,8611
40,8615
11,8616
38,8617
58,8618
1,8625
6,8627
7,8627
2,8628
49,8628
1,8629
1,8631
2,8632
26,8633
2,8634
47,8635
3,8636
41,8636
58,8636
4,8637
5,8638
1,8639
4,8639
45,8639
5,8640
28,8640
2,8641
56,8641
18,8642
48,8643
3,8644
40,8644
1,8645
46,8645
44,8646
11,8647
57,8647
2,8650
37,8651
1,8653
20,8653
2,8654
37,8654
43,8655
24,8656
8,8658
41,8658
56,8660
18,8661
26,8661
2,8666
13,8667
22,8669
10,8670
18,8670
10,8673
6,8674
12,8674
57,8675
18,8678
51,8679
53,8679
55,8679
20,8682
14,8683
38,8683
9,8684
54,8685
13,8686
23,8692
25,8692
56,8692
52,8693
29,8697
15,8698
20,8698
41,8698
37,8702
33,8705
38,8706
55,8709
3,8710
56,8712
10,8714
21,8715
7,8717
59,8718
25,8719
49,8720
21,8721
7,8726
50,8728
55,8728
35,8730
47,8732
14,8733
60,8735
11,8736
44,8736
19,8739
51,8745
45,8748
32,8750
23,8751
46,8753
59,8754
54,8756
57,8757
34,8759
26,8763
48,8765
1,8768
46,8768
3,8769
1,8770
19,8771
2,8772
10,8772
44,8772
54,8772
1,8773
2,8774
2,8775
5,8775
5,8776
48,8776
4,8777
42,8777
3,8778
4,8780
23,8780
27,8780
54,8780
1,8782
14,8783
1,8785
2,8786
54,8787
2,8788
34,8788
11,8789
1,8790
35,8790
2,8794
22,8794
24,8796
1,8799
2,8800
1,8801
2,8803
29,8803
58,8803
1,8804
2,8805
46,8806
46,8807
1,8808
37,8808
2,8809
1,8810
52,8810
18,8811
55,8811
2,8812
34,8812
1,8813
37,8814
2,8815
25,8815
45,8819
17,8822
21,8824
43,8824
51,8824
54,8826
59,8827
14,8829
31,8829
43,8829
47,8829
10,8832
54,8837
48,8838
20,8839
33,8845
24,8846
4,8847
6,8847
53,8849
46,8851
48,8852
45,8856
13,8857
41,8858
19,8859
34,8860
18,8863
12,8869
3,8870
5,8871
42,8871
5,8872
18,8872
38,8872
51,8872
58,8872
4,8873
18,8873
4,8874
3,8875
50,8878
31,8879
32,8879
30,8880
22,8882
7,8883
19,8885
59,8885
13,8886
15,8889
8,8890
39,8891
47,8891
19,8901
19,8906
25,8907
60,8908
59,8908
22,8912
41,8912
55,8913
26,8916
60,8919
25,8920
18,8922
51,8924
43,8926
31,8927
41,8927
8,8929
49,8929
19,8930
51,8930
56,8930
28,8932
47,8932
57,8932
20,8933
21,8935
33,8936
52,8936
20,8938
14,8944
56,8944
59,8944
13,8946
31,8951
19,8952
49,8952
42,8956
30,8958
60,8959
38,8959
42,8961
45,8964
50,8964
24,8966
42,8966
8,8968
19,8970
41,8970
40,8974
36,8977
17,8978
51,8979
23,8980
13,8981
46,8981
12,8982
49,8983
48,8989
1,8990
1,8992
28,8992
50,8995
2,8997
12,9000
20,9002
22,9003
26,9004
53,9004
1,9005
24,9005
2,9007
2,9008
38,9010
8,9011
11,9013
48,9013
59,9013
48,9017
59,9017
31,9018
27,9019
24,9020
34,9020
56,9020
15,9022
22,9022
47,9022
33,9023
15,9024
12,9027
41,9028
18,9030
11,9031
8,9032
31,9033
18,9039
22,9039
17,9040
34,9040
12,9042
13,9043
53,9043
14,9045
35,9045
54,9047
3,9048
13,9048
4,9049
42,9050
3,9051
12,9051
5,9053
4,9054
9,9054
28,9054
5,9055
54,9055
16,9057
20,9061
3,9063
5,9064
5,9065
7,9066
56,9067
4,9068
56,9069
3,9071
46,9071
4,9072
3,9074
6,9075
1,9076
20,9076
55,9076
5,9077
8,9077
4,9078
15,9078
30,9078
3,9079
6,9079
1,9080
5,9080
40,9081
4,9082
17,9084
49,9086
7,9088
49,9088
54,9091
59,9092
18,9094
9,9096
32,9100
43,9100
46,9101
54,9104
60,9106
55,9107
48,9108
1,9109
33,9110
36,9110
2,9112
32,9113
1,9114
11,9114
2,9115
56,9116
1,9117
2,9119
2,9120
51,9120
22,9122
48,9122
30,9123
49,9123
59,9123
18,9125
3,9128
56,9128
7,9130
40,9131
4,9133
6,9135
5,9136
4,9138
3,9139
36,9139
5,9140
41,9140
45,9140
32,9142
46,9144
13,9145
30,9145
59,9146
51,9147
28,9151
44,9154
28,9155
3,9159
9,9159
17,9159
4,9160
31,9160
5,9161
3,9162
1,9163
1,9164
4,9164
2,9165
27,9166
35,9166
5,9167
34,9167
51,9167
2,9168
1,9170
2,9171
29,9173
19,9175
54,9176
19,9179
43,9180
25,9183
7,9184
24,9191
26,9197
19,9198
17,9201
1,9206
27,9206
6,9207
1,9209
2,9210
1,9211
2,9213
1,9214
12,9214
2,9215
6,9215
54,9215
6,9216
12,9216
57,9220
23,9222
7,9223
58,9224
31,9227
52,9227
17,9230
59,9231
52,9232
29,9236
23,9237
30,9237
26,9238
60,9240
41,9240
47,9241
24,9242
25,9242
56,9245
25,9247
60,9248
54,9251
3,9252
4,9253
5,9255
12,9258
3,9259
5,9260
4,9261
23,9264
25,9265
26,9268
27,9268
50,9270
1,9271
2,9272
56,9272
1,9273
2,9274
3,9274
12,9274
1,9275
4,9275
2,9276
3,9276
25,9276
5,9277
47,9277
49,9277
5,9278
4,9279
9,9279
13,9279
52,9279
54,9279
29,9281
60,9287
24,9289
27,9291
28,9291
21,9295
59,9296
11,9300
30,9302
54,9302
38,9305
52,9305
33,9306
46,9306
28,9309
19,9310
53,9311
60,9312
6,9315
44,9315
3,9319
60,9320
4,9320
4,9321
23,9321
3,9323
5,9324
35,9327
5,9329
29,9329
5,9330
54,9334
60,9336
47,9338
50,9338
58,9339
24,9340
26,9342
52,9343
52,9344
27,9346
23,9347
36,9351
36,9354
28,9359
21,9360
49,9360
35,9361
3,9362
5,9363
5,9364
57,9365
4,9368
18,9368
43,9368
3,9369
4,9370
55,9370
25,9374
42,9374
3,9376
39,9377
4,9382
53,9382
5,9383
32,9386
4,9387
54,9389
3,9390
5,9391
46,9392
26,9396
6,9398
56,9398
57,9399
26,9401
30,9402
49,9405
27,9408
40,9409
10,9412
24,9413
42,9416
12,9419
49,9423
25,9424
24,9426
21,9427
26,9428
26,9433
53,9435
14,9440
36,9441
13,9443
40,9445
52,9447
38,9452
54,9459
13,9460
17,9460
22,9461
36,9464
39,9466
43,9466
7,9474
50,9478
15,9483
58,9486
48,9488
42,9490
17,9491
38,9491
59,9492
39,9494
3,9496
4,9497
4,9498
3,9499
5,9500
5,9501
59,9510
15,9511
56,9512
22,9514
55,9514
11,9518
1,9520
1,9521
7,9521
9,9521
2,9522
2,9523
25,9523
14,9524
3,9525
5,9526
1,9527
5,9527
4,9528
52,9528
4,9529
2,9530
3,9530
38,9531
49,9533
31,9534
52,9534
24,9535
46,9535
48,9540
39,9541
57,9542
23,9543
43,9544
54,9544
24,9548
49,9551
25,9552
27,9553
32,9554
28,9558
11,9559
15,9561
32,9561
41,9562
10,9563
23,9564
1,9565
6,9565
1,9566
28,9567
2,9568
2,9569
1,9570
34,9570
32,9571
2,9572
37,9573
58,9573
46,9576
60,9577
45,9577
34,9578
56,9578
10,9580
48,9581
21,9582
31,9582
16,9583
50,9585
59,9586
39,9588
50,9589
55,9592
23,9593
49,9593
56,9593
11,9594
15,9594
17,9595
22,9595
29,9595
34,9595
21,9596
33,9596
34,9598
34,9600
17,9602
14,9603
18,9603
56,9603
9,9605
28,9606
19,9607
43,9607
29,9608
12,9612
32,9618
39,9620
49,9620
47,9624
22,9625
36,9627
16,9628
23,9629
44,9629
38,9630
31,9631
50,9631
8,9637
48,9640
8,9641
58,9645
16,9646
10,9648
21,9648
43,9651
54,9655
20,9656
38,9656
1,9657
54,9657
2,9658
1,9659
27,9659
30,9659
51,9659
1,9660
40,9660
2,9661
2,9662
51,9664
28,9666
35,9666
41,9669
45,9674
36,9676
57,9680
10,9682
21,9682
46,9682
47,9682
26,9684
16,9686
22,9686
57,9688
7,9692
46,9692
7,9695
30,9695
26,9696
58,9697
36,9700
2,9703
3,9708
47,9708
49,9708
5,9710
39,9710
5,9711
6,9712
45,9712
4,9714
11,9714
30,9714
4,9715
28,9715
13,9716
44,9716
3,9717
7,9717
45,9717
40,9719
6,9720
60,9721
12,9721
24,9721
26,9721
55,9721
25,9724
29,9725
1,9733
7,9733
33,9733
51,9733
2,9734
4,9735
1,9736
2,9738
41,9739
1,9740
2,9742
13,9742
49,9745
13,9746
47,9746
3,9753
5,9754
4,9755
4,9756
5,9757
54,9757
3,9758
36,9760
35,9763
41,9764
42,9767
41,9771
60,9772
42,9772
13,9774
57,9778
7,9779
50,9782
19,9786
3,9788
4,9789
5,9790
27,9790
8,9792
4,9793
3,9794
40,9794
5,9795
22,9798
18,9802
31,9802
38,9806
17,9808
42,9809
48,9810
31,9812
50,9812
1,9813
1,9814
24,9814
42,9814
2,9816
25,9816
1,9817
2,9819
2,9821
4,9822
58,9822
25,9823
19,9824
32,9830
59,9831
22,9838
24,9840
49,9844
45,9847
5,9849
27,9849
38,9850
43,9850
33,9854
7,9856
28,9859
38,9859
35,9861
45,9867
56,9867
16,9868
57,9871
13,9874
51,9875
54,9876
28,9877
34,9877
30,9878
22,9879
56,9885
22,9890
29,9890
58,9890
18,9891
24,9891
59,9894
11,9895
14,9896
20,9898
13,9899
47,9899
19,9901
50,9902
52,9902
7,9903
60,9905
52,9905
31,9906
45,9909
53,9909
12,9911
44,9912
60,9915
54,9915
57,9915
53,9918
31,9921
29,9922
38,9922
24,9925
19,9926
25,9927
15,9932
42,9932
24,9933
1,9934
1,9935
51,9935
2,9937
1,9938
12,9938
41,9938
40,9939
2,9940
7,9941
42,9941
2,9942
25,9943
39,9945
18,9948
54,9948
3,9952
52,9952
4,9953
5,9955
14,9955
3,9956
5,9957
4,9958
17,9964
20,9964
23,9964
18,9965
41,9967
14,9968
5,9972
29,9978
12,9979
12,9982
19,9982
30,9983
42,9983
40,9984
46,9986
9,9995
26,9995
16,9997
