10,2
39,2
39,4
12,6
51,6
10,7
36,7
10,9
13,13
21,13
1,14
1,15
39,15
2,17
39,17
2,19
11,20
26,21
1,22
7,22
18,22
19,22
35,22
8,23
36,23
2,24
52,26
48,27
6,28
8,28
16,29
57,29
28,30
53,31
60,32
11,32
51,32
18,35
27,35
14,37
18,37
8,38
47,38
10,39
13,39
47,39
43,40
8,41
48,43
54,43
60,44
53,44
43,45
38,47
51,47
9,48
42,48
15,49
10,52
31,52
24,53
56,54
52,55
21,56
1,57
2,58
1,59
3,60
1,61
4,61
53,61
2,62
3,62
58,62
59,62
5,63
22,63
2,64
4,64
17,64
22,64
36,64
45,65
5,66
57,66
16,67
32,67
53,67
57,68
35,69
10,71
52,71
53,71
28,75
29,75
36,77
37,78
59,78
54,83
59,84
23,85
28,85
7,87
3,89
4,91
53,91
36,92
4,93
28,93
44,93
5,94
56,94
10,95
40,95
52,95
5,96
33,96
12,97
54,97
56,97
3,98
37,98
15,100
22,100
35,100
43,101
12,102
15,106
58,108
11,110
16,110
23,110
47,110
53,112
15,114
47,114
10,116
11,117
22,117
1,118
10,118
49,118
4,119
1,120
2,121
2,122
26,122
33,122
50,122
1,123
8,123
23,123
24,123
3,124
21,124
22,124
5,125
11,125
36,125
2,126
4,127
51,128
53,128
3,129
4,130
12,130
27,130
5,131
35,131
15,132
18,133
45,135
12,137
23,137
4,138
23,140
53,140
39,141
55,141
44,143
17,144
19,145
34,145
30,146
33,146
13,147
54,149
39,150
44,151
48,151
30,152
45,153
60,154
30,154
29,155
13,156
31,156
18,158
19,158
42,158
1,159
8,159
28,159
41,160
55,160
60,163
22,164
25,165
28,166
33,166
10,167
16,168
43,168
27,169
12,171
40,171
29,172
37,172
22,175
9,179
11,179
27,179
22,181
54,181
25,183
27,183
58,183
48,184
8,185
25,186
10,187
27,187
10,189
13,189
47,189
11,190
60,191
59,191
7,192
16,193
18,194
6,195
45,195
21,197
29,197
24,198
12,199
49,199
19,200
52,200
18,201
33,201
60,202
9,203
44,203
49,203
57,204
39,207
44,207
59,207
40,208
2,209
6,209
11,209
39,210
45,210
56,211
10,212
16,212
43,212
43,213
53,214
30,215
43,217
29,218
37,218
36,219
14,220
38,220
30,222
26,224
31,224
13,227
41,227
15,229
58,229
28,230
42,231
25,232
32,233
34,234
11,235
18,235
52,235
50,236
52,236
42,237
45,237
46,237
11,238
52,238
29,239
54,239
58,239
17,240
9,243
15,244
23,244
10,247
6,248
20,248
50,249
43,252
30,253
58,253
49,254
54,254
38,255
35,256
48,256
3,257
43,257
43,258
7,259
50,260
49,261
52,261
57,261
6,262
42,262
42,263
53,263
49,266
1,267
25,267
17,268
39,269
54,269
60,270
41,270
48,270
13,271
23,271
1,272
7,272
51,272
2,273
6,273
7,273
44,273
26,274
45,274
60,275
33,277
1,278
30,278
34,278
2,279
27,280
11,281
19,281
24,281
45,281
12,282
2,283
59,283
23,284
43,285
36,286
10,287
29,287
55,287
19,288
19,289
38,289
46,289
59,290
60,292
42,292
52,293
48,296
26,297
30,297
37,297
15,299
37,300
24,301
35,301
52,301
3,302
39,302
5,303
5,304
30,304
4,306
15,306
3,307
49,307
4,308
45,308
50,308
57,309
11,310
7,311
20,311
27,312
39,312
58,312
48,316
9,319
12,319
30,320
24,321
52,321
29,322
55,322
38,323
48,323
37,324
46,324
57,326
24,327
57,327
56,328
55,329
8,330
9,330
44,331
47,331
56,331
21,332
37,332
23,333
52,333
41,337
54,337
11,339
44,340
47,340
30,341
39,343
43,344
10,346
27,347
7,348
8,348
22,351
27,351
47,351
15,352
33,352
32,353
31,355
28,357
9,360
18,360
60,361
35,361
21,362
44,364
11,366
26,367
32,367
52,368
26,369
24,370
28,371
32,371
1,374
24,374
1,376
13,376
15,378
48,378
55,378
2,379
1,380
7,380
18,380
17,381
47,381
2,382
42,382
45,383
8,385
9,385
31,385
41,385
2,386
59,387
11,388
26,388
36,388
57,389
12,390
35,390
47,390
43,392
24,393
29,393
59,393
54,394
14,396
8,397
10,397
20,397
23,397
43,397
9,398
52,398
16,399
36,399
3,400
46,401
1,402
1,404
58,404
2,405
12,405
20,405
12,406
19,406
1,407
3,407
28,407
2,408
4,408
1,409
4,409
24,409
25,409
30,409
5,410
26,410
2,412
3,412
10,412
17,412
5,413
2,414
3,414
28,414
35,414
60,416
5,416
33,416
4,417
45,417
19,418
46,418
6,419
16,419
47,419
4,420
33,420
38,420
37,421
5,423
43,423
53,423
3,424
49,424
21,425
42,425
57,429
47,430
52,431
28,433
17,434
42,434
27,435
39,435
60,436
34,436
1,437
8,437
43,437
2,438
3,438
36,438
50,438
55,438
44,439
46,439
50,439
18,440
55,440
1,441
44,441
1,442
2,443
60,444
2,444
4,445
5,448
26,449
47,449
51,449
5,450
22,450
33,450
4,451
10,451
3,453
14,455
23,456
57,457
2,461
14,461
30,462
10,464
32,466
27,467
56,469
26,470
16,472
13,473
13,475
19,475
27,478
45,479
33,480
19,481
59,481
22,482
31,482
39,482
1,483
1,484
13,484
35,484
2,485
13,485
2,486
1,488
25,488
51,488
34,489
10,491
23,491
2,494
41,494
44,494
10,495
29,495
35,495
54,496
39,497
34,499
47,500
6,501
16,501
36,501
38,502
56,502
38,503
59,503
1,505
25,505
35,507
32,510
2,511
1,512
42,512
45,512
2,513
3,513
1,514
14,514
53,514
2,515
4,517
36,518
10,519
5,521
17,521
3,522
4,523
19,523
29,523
5,524
47,524
13,527
55,527
21,528
6,529
30,529
45,529
37,531
38,531
51,533
12,534
20,535
53,538
6,542
7,544
19,544
33,544
9,546
20,546
55,546
35,547
21,548
42,548
50,549
30,550
29,551
49,551
27,552
21,553
47,553
60,554
49,554
25,555
56,556
15,558
53,558
9,561
24,561
35,561
56,561
48,562
14,564
43,564
42,565
51,566
53,566
40,568
45,568
1,570
19,570
20,570
3,571
14,571
22,571
23,573
27,573
4,574
13,574
48,574
60,576
44,577
47,578
54,578
37,579
4,580
15,581
32,582
3,584
35,584
5,585
47,586
5,587
17,589
6,591
27,591
58,591
54,593
20,594
7,596
23,596
53,596
2,598
27,598
41,598
44,598
51,599
47,600
38,603
13,604
10,605
36,605
50,605
18,606
40,606
43,606
10,609
39,609
45,609
50,610
13,611
17,611
38,612
39,613
12,614
12,615
25,615
1,617
26,617
1,618
36,618
55,621
59,621
2,622
2,623
46,623
1,625
33,625
2,626
41,626
56,626
54,627
44,628
60,629
54,629
21,630
22,632
48,632
46,633
23,634
35,634
1,635
53,635
2,636
41,636
1,637
2,638
3,638
34,638
31,639
5,640
17,640
1,641
5,641
14,641
36,641
45,641
6,642
2,643
4,644
17,645
6,646
27,646
55,647
14,648
19,648
31,648
3,649
47,649
4,650
56,652
58,652
1,653
40,654
53,654
2,655
18,655
21,655
58,655
39,656
57,656
1,657
24,657
1,658
2,659
2,660
55,660
55,663
29,664
27,665
38,665
27,666
51,666
1,667
8,667
23,667
27,667
30,667
36,667
49,667
2,668
19,668
31,668
34,669
48,669
1,670
12,670
22,671
60,672
31,672
2,673
1,675
35,675
2,676
10,676
37,676
39,676
14,678
21,680
34,680
58,680
20,681
28,683
58,684
60,685
15,685
60,686
37,686
9,687
40,690
42,690
7,691
29,691
48,691
54,693
22,695
29,695
45,695
27,696
60,697
3,698
5,699
13,699
4,700
3,701
5,702
4,704
19,704
44,704
23,705
9,706
1,707
1,708
17,708
2,709
1,710
47,710
2,711
2,712
15,712
19,712
53,712
18,714
59,714
9,715
51,715
49,716
44,717
3,718
29,719
36,719
59,719
50,720
53,720
1,721
37,721
13,722
40,723
54,723
1,724
2,725
30,725
9,726
1,728
45,728
56,728
59,729
2,730
31,730
40,730
53,730
2,731
31,733
3,736
3,737
12,737
22,737
53,737
5,739
16,740
4,741
24,741
52,741
3,742
48,742
5,743
4,744
45,744
25,746
37,746
36,747
9,749
13,749
32,749
41,749
24,750
48,750
20,751
47,751
44,752
3,753
11,753
34,753
14,755
27,755
5,756
19,756
52,756
5,757
29,758
48,758
4,759
43,759
11,760
21,760
35,760
3,762
15,762
38,762
4,763
39,763
14,765
6,766
12,768
30,768
40,768
28,770
1,771
17,771
38,771
1,772
12,772
26,772
41,772
2,773
16,773
42,773
47,775
2,777
20,777
1,778
18,778
2,779
9,780
12,780
15,780
16,780
19,780
33,780
54,781
44,783
18,786
1,787
19,787
31,787
47,788
2,789
58,789
1,790
8,790
1,791
3,791
19,791
45,791
2,792
4,792
22,792
2,793
33,793
2,795
4,796
18,797
26,797
27,797
37,798
54,798
59,798
28,800
30,800
55,800
1,803
3,803
2,804
5,804
44,804
1,805
5,805
57,805
2,806
19,806
1,807
33,807
2,808
33,808
1,809
41,810
43,810
1,811
20,811
29,811
2,812
58,812
2,813
18,813
32,813
1,814
36,815
58,815
2,816
14,816
48,816
18,817
48,817
12,818
22,819
55,819
10,821
38,821
48,822
41,823
45,824
25,825
44,825
18,827
35,827
39,827
13,829
60,830
7,830
25,831
32,831
1,836
24,836
1,837
27,837
2,838
10,838
38,839
1,840
16,840
31,840
2,841
59,841
60,844
2,844
7,846
35,846
48,847
12,848
26,848
53,850
21,853
37,853
47,853
13,854
55,854
30,855
43,856
12,857
21,857
51,859
23,860
34,863
50,865
15,867
52,869
54,869
6,871
55,871
20,872
52,872
33,874
9,875
11,875
12,876
53,876
38,877
59,877
3,878
15,878
4,879
28,879
47,879
5,880
25,880
5,881
44,881
59,881
4,882
30,882
42,882
14,883
36,883
54,883
56,883
3,884
7,884
32,884
58,884
14,885
34,885
11,888
17,888
13,889
48,889
16,890
17,891
56,891
5,892
12,892
42,893
15,894
40,894
53,894
34,895
37,895
12,896
27,897
29,897
23,899
47,899
32,901
58,901
17,902
44,902
33,903
52,904
57,904
35,905
24,906
31,908
57,909
50,910
22,912
6,914
17,920
38,922
20,926
32,927
50,927
19,930
36,930
10,931
29,932
16,933
9,935
37,935
14,940
16,940
32,941
12,942
19,944
59,944
29,945
38,946
10,947
10,950
11,950
42,951
54,951
13,952
54,952
23,953
54,953
14,957
46,957
54,957
15,959
24,959
30,959
44,959
57,961
59,961
6,962
27,962
22,963
34,967
3,968
4,969
5,969
6,970
7,970
4,971
60,972
8,972
41,972
3,974
41,974
5,975
5,977
47,977
22,978
12,979
49,979
33,981
31,982
29,983
28,984
51,984
53,984
10,988
13,988
53,988
55,988
53,989
11,990
37,990
27,991
42,991
43,991
6,992
10,992
31,993
49,993
30,997
54,997
43,998
5,1000
27,1000
43,1001
16,1003
3,1005
5,1006
22,1006
35,1007
47,1007
53,1007
54,1007
4,1009
40,1009
41,1010
13,1011
3,1012
15,1013
25,1013
49,1013
5,1014
19,1014
44,1014
45,1014
56,1014
57,1014
27,1015
23,1016
4,1017
17,1017
41,1018
53,1018
57,1019
18,1020
51,1021
16,1022
3,1023
22,1023
36,1023
9,1024
50,1024
54,1024
45,1025
42,1028
51,1029
14,1032
22,1033
18,1037
52,1037
20,1038
3,1039
8,1039
9,1039
14,1041
38,1042
16,1043
60,1044
20,1044
11,1045
11,1046
19,1046
22,1047
23,1047
17,1048
42,1048
16,1051
25,1052
40,1052
1,1054
7,1054
1,1055
32,1055
7,1056
8,1056
17,1056
2,1057
21,1057
37,1057
2,1058
30,1058
1,1059
28,1061
58,1061
2,1062
29,1062
16,1063
40,1063
42,1065
34,1066
1,1067
38,1067
49,1067
1,1068
17,1068
25,1068
2,1069
36,1069
1,1070
30,1070
2,1071
55,1071
23,1072
58,1072
2,1073
6,1074
50,1075
27,1076
32,1076
42,1076
51,1076
12,1079
40,1080
50,1080
56,1081
54,1082
15,1085
18,1086
21,1090
24,1092
58,1092
29,1094
54,1094
16,1095
41,1096
36,1097
56,1098
58,1099
7,1101
17,1101
28,1102
34,1102
56,1103
59,1103
26,1104
34,1104
1,1105
50,1105
1,1106
2,1107
41,1107
1,1108
45,1108
11,1109
12,1109
39,1109
30,1110
16,1111
9,1112
13,1112
33,1113
39,1113
53,1113
2,1114
42,1114
11,1115
31,1116
49,1116
38,1117
2,1118
55,1118
60,1119
17,1119
31,1119
24,1120
33,1120
37,1120
49,1121
27,1122
55,1122
16,1124
26,1125
34,1125
20,1126
22,1126
51,1126
10,1127
11,1129
12,1129
46,1130
53,1131
58,1131
6,1133
19,1133
38,1133
59,1133
3,1134
5,1135
18,1135
26,1135
4,1136
47,1136
4,1137
54,1137
5,1138
7,1138
3,1139
16,1139
13,1141
27,1141
32,1141
45,1142
27,1143
33,1145
48,1145
53,1145
49,1147
10,1148
11,1148
18,1148
23,1148
11,1149
32,1149
40,1149
45,1149
39,1150
34,1152
11,1153
44,1153
6,1154
26,1155
32,1155
24,1156
35,1157
39,1157
22,1158
8,1160
29,1160
53,1162
20,1163
20,1164
37,1164
34,1166
27,1167
28,1167
38,1167
52,1167
58,1168
8,1169
13,1169
14,1169
42,1170
31,1171
49,1171
10,1173
33,1174
47,1174
51,1174
41,1177
23,1179
56,1179
48,1180
58,1180
3,1181
31,1181
16,1182
31,1182
37,1182
5,1183
4,1184
5,1184
4,1187
15,1187
31,1188
4,1189
28,1189
60,1190
3,1190
21,1190
35,1193
21,1194
43,1196
49,1196
14,1198
54,1198
28,1200
59,1201
8,1202
30,1202
40,1203
23,1204
53,1204
48,1205
16,1210
23,1210
24,1210
43,1211
31,1213
37,1214
59,1214
11,1215
29,1215
47,1216
44,1217
48,1217
7,1218
30,1218
52,1218
29,1219
31,1219
43,1220
51,1220
34,1221
16,1224
10,1225
27,1225
59,1225
23,1226
19,1227
18,1230
28,1230
60,1234
18,1235
22,1235
33,1235
2,1237
40,1237
1,1239
3,1240
4,1241
29,1241
41,1241
6,1242
32,1242
5,1243
7,1243
9,1243
12,1244
3,1245
39,1245
1,1247
11,1247
16,1247
44,1247
2,1248
1,1249
5,1249
4,1250
16,1251
51,1251
2,1252
31,1252
45,1252
51,1252
1,1253
51,1254
47,1255
48,1255
27,1256
6,1257
59,1257
21,1258
39,1259
8,1260
31,1261
49,1261
2,1262
41,1262
59,1263
5,1265
33,1265
55,1265
56,1265
15,1267
7,1268
2,1269
14,1270
17,1270
26,1270
54,1271
47,1272
3,1273
9,1273
48,1273
56,1273
5,1274
38,1274
13,1275
4,1276
34,1277
3,1278
4,1279
59,1279
6,1280
7,1280
7,1281
1,1282
5,1282
47,1282
2,1283
11,1283
40,1283
1,1284
6,1284
28,1284
2,1285
38,1285
1,1286
8,1286
31,1287
36,1287
42,1287
2,1289
33,1292
11,1294
53,1294
41,1295
54,1295
43,1296
51,1297
57,1297
9,1299
3,1300
4,1301
52,1301
21,1303
23,1303
54,1303
36,1304
44,1304
49,1304
52,1305
5,1306
8,1306
5,1307
10,1307
28,1307
37,1307
40,1307
3,1308
4,1309
33,1309
49,1310
49,1311
5,1312
28,1313
54,1313
19,1314
36,1314
33,1316
36,1316
20,1317
26,1318
57,1319
8,1320
60,1321
46,1321
48,1321
52,1322
18,1323
20,1323
28,1327
35,1327
42,1327
10,1330
54,1330
17,1331
12,1332
26,1332
26,1333
6,1334
57,1334
3,1335
8,1335
53,1335
5,1336
6,1336
19,1336
28,1336
37,1336
58,1336
6,1337
4,1338
8,1338
49,1338
47,1339
6,1340
11,1340
42,1340
5,1341
13,1341
46,1341
3,1342
31,1342
4,1344
23,1344
29,1344
30,1344
58,1346
32,1347
22,1348
28,1348
12,1349
54,1349
58,1349
25,1350
7,1351
56,1351
57,1351
47,1352
55,1354
29,1356
40,1356
56,1356
31,1357
9,1358
8,1361
16,1361
38,1361
25,1362
19,1363
41,1364
26,1365
17,1366
40,1366
10,1367
56,1368
35,1369
3,1372
26,1372
30,1372
57,1372
4,1373
9,1374
35,1374
4,1375
43,1375
52,1376
5,1377
19,1377
7,1378
22,1380
41,1380
31,1381
53,1381
57,1381
5,1382
25,1382
52,1382
3,1383
9,1386
45,1386
6,1387
20,1387
3,1392
4,1393
22,1394
38,1394
45,1394
47,1394
49,1394
5,1396
4,1397
44,1397
8,1398
19,1399
25,1401
32,1402
53,1402
21,1403
58,1403
22,1404
3,1405
52,1405
57,1405
5,1406
6,1406
44,1406
5,1407
54,1407
19,1409
48,1409
41,1410
28,1412
28,1417
28,1418
56,1418
34,1420
43,1421
9,1422
18,1423
28,1423
34,1425
41,1427
47,1427
19,1428
34,1428
47,1429
60,1430
26,1430
4,1431
6,1432
8,1432
12,1434
14,1436
26,1436
52,1438
7,1439
32,1439
23,1440
30,1440
34,1442
20,1443
56,1443
43,1444
33,1446
44,1446
50,1446
27,1447
59,1447
24,1451
14,1452
18,1452
50,1452
4,1453
51,1458
17,1459
35,1460
43,1460
1,1461
13,1461
34,1461
3,1462
22,1462
49,1462
1,1463
9,1463
12,1463
21,1463
20,1464
34,1464
8,1465
17,1465
2,1466
43,1466
1,1467
59,1467
24,1468
2,1469
4,1469
15,1469
2,1470
33,1470
47,1471
3,1472
7,1472
46,1473
5,1474
8,1474
36,1474
37,1475
5,1477
27,1477
38,1477
57,1477
4,1478
13,1478
57,1479
50,1480
30,1481
9,1484
3,1485
33,1485
4,1486
3,1487
3,1488
35,1488
58,1488
4,1491
15,1491
5,1492
22,1492
30,1492
5,1494
22,1495
54,1495
24,1498
40,1499
16,1501
19,1501
40,1502
13,1503
29,1503
30,1503
38,1503
53,1503
58,1503
2,1505
55,1505
58,1505
56,1506
11,1508
44,1508
54,1510
17,1511
25,1512
42,1512
46,1513
52,1513
55,1513
36,1514
37,1517
6,1518
7,1518
52,1518
5,1519
8,1519
12,1519
26,1520
15,1521
34,1522
3,1525
4,1526
4,1527
48,1527
3,1528
28,1528
39,1528
53,1528
34,1529
5,1530
5,1531
26,1534
22,1536
28,1537
33,1537
47,1537
25,1538
12,1540
19,1541
19,1542
17,1546
49,1547
42,1548
59,1548
8,1550
11,1550
25,1550
35,1551
34,1552
43,1552
41,1553
43,1555
23,1557
24,1558
58,1558
19,1559
26,1559
24,1560
53,1560
59,1561
46,1562
50,1563
1,1564
20,1564
25,1564
2,1565
9,1565
1,1566
24,1566
26,1566
55,1566
1,1567
30,1567
2,1568
2,1569
52,1569
17,1572
23,1572
46,1572
58,1572
4,1574
14,1574
10,1575
36,1576
21,1577
22,1578
23,1578
24,1580
22,1583
21,1584
32,1587
45,1587
54,1588
31,1589
17,1590
46,1590
53,1591
35,1593
30,1594
21,1595
37,1595
13,1596
57,1596
10,1598
53,1598
27,1600
57,1600
40,1603
21,1604
40,1604
58,1605
25,1606
49,1606
32,1607
16,1608
20,1608
35,1609
42,1610
13,1612
37,1612
40,1612
60,1613
13,1613
22,1613
30,1613
17,1614
3,1615
14,1616
25,1617
45,1620
1,1621
21,1621
39,1621
2,1622
14,1622
15,1623
49,1623
49,1625
1,1626
59,1626
2,1627
19,1627
1,1628
38,1628
2,1629
53,1629
8,1631
13,1632
47,1633
57,1633
30,1634
7,1635
39,1635
59,1636
12,1639
2,1641
27,1642
30,1642
10,1645
18,1645
7,1646
56,1646
58,1646
16,1648
20,1648
49,1648
15,1649
57,1649
28,1651
57,1651
19,1652
26,1652
37,1652
6,1653
18,1655
26,1655
59,1655
23,1656
47,1657
9,1658
11,1658
39,1658
45,1658
48,1658
34,1659
55,1659
15,1661
20,1661
24,1662
29,1663
57,1663
9,1665
28,1665
9,1666
25,1666
28,1666
30,1666
19,1667
56,1668
30,1670
39,1672
19,1673
20,1673
10,1674
54,1674
17,1675
42,1677
56,1677
20,1680
40,1680
6,1682
25,1682
17,1683
28,1683
11,1685
1,1687
38,1687
60,1689
14,1690
29,1691
54,1694
4,1698
23,1699
7,1700
1,1701
39,1701
53,1701
13,1702
15,1702
20,1702
44,1702
11,1705
28,1705
58,1705
22,1706
15,1708
43,1708
53,1708
22,1709
59,1710
50,1713
23,1714
35,1716
32,1717
42,1717
17,1718
19,1718
23,1718
59,1719
24,1720
32,1720
47,1720
15,1722
31,1722
11,1723
13,1723
31,1723
15,1724
25,1724
43,1724
60,1727
24,1727
47,1728
35,1729
46,1729
20,1730
24,1730
12,1731
16,1731
27,1731
41,1731
48,1731
13,1733
34,1733
49,1734
4,1735
27,1735
47,1737
57,1737
38,1738
56,1739
58,1739
51,1740
19,1745
40,1745
23,1748
29,1750
39,1750
29,1751
55,1752
31,1754
36,1754
43,1754
22,1755
60,1757
7,1757
28,1757
53,1757
21,1758
33,1759
45,1760
10,1762
29,1762
55,1763
53,1764
6,1766
31,1766
33,1766
56,1767
59,1767
15,1768
29,1768
42,1768
27,1770
33,1770
60,1771
9,1771
58,1771
43,1772
38,1776
46,1776
33,1777
14,1778
8,1781
7,1782
8,1783
34,1783
24,1784
3,1785
34,1785
46,1785
18,1786
45,1786
59,1786
45,1787
5,1788
47,1790
17,1792
34,1792
35,1792
4,1793
5,1794
15,1795
48,1795
3,1796
60,1797
51,1797
52,1797
4,1798
25,1798
53,1798
59,1800
19,1801
56,1802
40,1803
42,1805
27,1807
22,1808
19,1810
24,1810
3,1811
35,1811
26,1812
27,1812
4,1813
12,1813
33,1813
51,1814
51,1815
12,1816
23,1816
59,1816
4,1817
9,1817
40,1817
5,1818
42,1818
5,1819
10,1819
41,1819
55,1820
2,1821
3,1821
37,1822
60,1824
3,1824
4,1825
56,1825
60,1826
3,1826
5,1827
35,1827
45,1827
5,1828
49,1828
57,1829
33,1830
4,1832
12,1833
31,1834
22,1836
31,1836
59,1836
35,1837
6,1839
32,1839
56,1839
38,1840
49,1841
19,1842
35,1842
9,1844
35,1846
56,1847
12,1848
30,1848
51,1849
23,1850
51,1850
25,1851
31,1853
54,1854
50,1855
25,1858
26,1858
51,1859
54,1861
6,1862
17,1862
10,1864
46,1864
11,1865
43,1865
8,1866
21,1866
8,1868
43,1868
46,1868
6,1869
13,1871
18,1871
36,1871
26,1874
32,1874
24,1875
25,1876
49,1877
39,1878
52,1880
34,1882
51,1882
20,1883
41,1883
58,1883
44,1885
12,1886
47,1886
44,1887
16,1888
43,1888
17,1889
32,1889
33,1889
48,1889
22,1891
59,1892
20,1893
19,1894
31,1894
4,1895
35,1895
7,1896
9,1896
6,1897
30,1897
56,1900
34,1902
17,1903
22,1903
21,1904
6,1905
32,1906
7,1907
47,1907
3,1908
19,1908
22,1909
4,1910
9,1911
14,1911
5,1912
24,1912
3,1913
36,1913
30,1914
47,1916
40,1918
54,1918
60,1919
51,1919
34,1920
44,1921
50,1921
33,1922
18,1924
36,1924
4,1925
36,1925
5,1926
23,1926
48,1926
22,1931
57,1931
32,1933
54,1933
57,1933
41,1934
49,1934
13,1936
32,1936
60,1937
30,1937
11,1938
15,1938
24,1941
37,1941
41,1942
52,1942
21,1943
1,1944
23,1944
46,1944
50,1947
17,1948
34,1948
25,1950
38,1950
20,1951
56,1951
9,1955
50,1955
18,1956
41,1956
26,1957
9,1958
36,1958
45,1958
43,1959
3,1960
9,1960
4,1961
33,1961
38,1962
9,1963
39,1963
3,1964
29,1965
21,1967
23,1967
54,1967
5,1968
12,1968
21,1969
33,1969
35,1969
40,1969
7,1971
26,1973
5,1975
16,1975
21,1975
4,1976
44,1976
56,1976
20,1977
45,1977
9,1979
10,1982
50,1982
56,1983
47,1985
28,1986
30,1986
3,1987
5,1988
4,1989
56,1990
3,1991
32,1991
52,1991
45,1992
47,1992
52,1992
5,1993
18,1994
4,1995
6,1996
14,1997
44,1998
33,1999
37,2000
7,2002
32,2008
42,2008
13,2011
38,2011
39,2011
46,2011
48,2011
2,2012
38,2012
49,2012
1,2014
16,2014
1,2015
7,2015
53,2015
15,2016
44,2016
55,2016
58,2016
36,2018
14,2019
25,2019
2,2020
14,2020
27,2020
2,2021
1,2022
3,2023
5,2024
51,2024
2,2025
4,2025
32,2025
48,2025
3,2026
33,2026
5,2027
19,2027
4,2028
9,2028
24,2028
37,2028
42,2028
56,2028
25,2029
34,2029
40,2029
38,2031
41,2032
55,2032
45,2033
59,2033
51,2034
55,2034
59,2035
42,2036
50,2036
51,2037
15,2041
45,2041
47,2044
12,2045
35,2046
55,2048
16,2049
50,2051
8,2052
14,2053
54,2053
31,2054
48,2055
49,2055
51,2056
44,2057
58,2057
25,2059
29,2059
25,2060
39,2061
55,2061
24,2062
31,2063
56,2065
1,2066
9,2066
19,2066
22,2066
7,2067
46,2067
1,2069
2,2069
3,2069
47,2069
47,2070
50,2070
54,2070
5,2071
20,2071
30,2071
2,2072
1,2073
45,2073
15,2074
5,2075
20,2075
4,2076
59,2076
7,2077
48,2077
2,2078
3,2078
51,2078
39,2079
2,2080
4,2080
41,2080
34,2082
30,2085
58,2085
22,2086
32,2086
37,2087
20,2088
45,2088
58,2088
14,2090
46,2090
30,2095
54,2096
19,2097
52,2097
25,2099
48,2099
53,2099
48,2100
1,2101
29,2101
45,2101
6,2102
54,2102
2,2103
13,2103
30,2103
39,2104
59,2104
1,2105
16,2106
40,2106
2,2107
50,2107
1,2108
2,2109
19,2109
25,2109
42,2111
9,2115
14,2115
36,2115
25,2120
22,2121
57,2121
59,2122
59,2124
22,2125
51,2125
12,2126
39,2126
53,2126
12,2127
15,2127
27,2128
5,2130
59,2130
3,2131
26,2131
1,2132
34,2132
40,2133
5,2134
13,2135
53,2135
4,2137
59,2137
26,2138
4,2139
48,2140
52,2140
3,2141
25,2141
30,2141
40,2141
5,2143
58,2143
6,2144
56,2145
57,2147
31,2148
49,2149
51,2150
22,2151
22,2153
25,2153
1,2154
14,2154
5,2155
54,2155
60,2157
1,2157
2,2158
2,2159
1,2160
23,2160
43,2160
52,2160
59,2160
2,2161
8,2161
42,2161
60,2162
40,2162
41,2162
46,2162
28,2163
12,2165
18,2165
45,2165
6,2166
7,2167
40,2169
45,2169
2,2170
13,2170
24,2170
31,2171
22,2173
33,2173
53,2173
54,2173
41,2174
38,2175
47,2175
8,2176
40,2176
19,2179
7,2180
7,2181
14,2181
41,2181
47,2181
52,2181
12,2182
21,2183
3,2184
28,2184
8,2185
32,2185
4,2186
37,2186
3,2187
59,2187
26,2188
36,2188
4,2189
37,2189
43,2192
5,2193
11,2193
22,2193
24,2193
34,2193
5,2194
10,2194
19,2200
36,2201
9,2202
26,2202
35,2202
55,2202
28,2204
50,2205
3,2206
4,2208
18,2208
3,2209
9,2209
5,2210
20,2210
22,2210
56,2210
4,2211
48,2211
22,2212
40,2212
58,2212
5,2214
8,2215
9,2216
31,2218
38,2221
26,2222
29,2222
31,2222
39,2222
40,2227
9,2230
59,2230
58,2231
32,2232
44,2232
6,2233
9,2233
31,2233
35,2233
23,2234
49,2237
60,2238
11,2238
58,2238
22,2239
4,2241
11,2241
23,2241
54,2241
30,2242
38,2242
46,2242
22,2243
49,2243
30,2244
4,2245
56,2245
6,2246
6,2247
29,2247
3,2249
44,2249
4,2250
12,2251
18,2252
33,2252
38,2252
42,2252
44,2252
5,2253
56,2253
59,2253
3,2254
14,2254
5,2255
47,2255
10,2256
50,2256
51,2256
17,2257
5,2258
35,2258
56,2258
24,2260
4,2261
22,2261
47,2261
48,2266
31,2267
44,2267
52,2267
7,2268
28,2268
45,2268
43,2269
44,2269
45,2269
46,2271
30,2273
43,2273
57,2274
6,2275
11,2275
26,2276
37,2276
20,2277
45,2277
11,2278
17,2278
7,2279
13,2279
43,2279
21,2280
54,2280
56,2280
36,2281
38,2281
40,2282
17,2283
43,2283
44,2283
54,2283
55,2285
43,2286
18,2287
53,2287
30,2288
32,2289
42,2289
14,2291
43,2291
47,2292
53,2292
7,2293
54,2293
12,2294
19,2294
26,2294
14,2296
32,2296
55,2296
45,2297
53,2297
55,2299
14,2300
30,2300
39,2301
47,2301
58,2302
28,2303
29,2304
39,2304
6,2305
23,2305
38,2306
10,2307
17,2308
33,2308
49,2308
20,2309
38,2309
16,2310
50,2310
57,2310
43,2311
19,2312
47,2312
9,2314
13,2314
28,2314
33,2314
49,2315
24,2316
38,2318
25,2319
8,2320
19,2320
25,2320
3,2321
16,2321
37,2322
47,2322
54,2325
52,2327
17,2328
23,2328
50,2329
33,2331
15,2332
13,2333
17,2333
19,2333
41,2333
48,2333
43,2334
15,2335
59,2335
13,2336
19,2338
6,2339
32,2340
22,2341
20,2345
15,2348
28,2348
17,2351
17,2352
48,2354
8,2356
12,2356
28,2356
24,2357
36,2357
11,2359
12,2359
42,2359
24,2360
46,2360
15,2362
29,2364
1,2365
4,2365
53,2365
2,2367
6,2367
7,2367
27,2367
28,2367
39,2368
13,2369
28,2369
47,2369
22,2370
34,2370
44,2370
54,2370
16,2371
1,2372
12,2373
55,2373
2,2374
15,2374
1,2376
29,2376
42,2376
2,2377
33,2377
16,2379
44,2380
57,2380
3,2382
33,2383
55,2383
4,2384
47,2385
49,2385
11,2386
5,2387
26,2387
28,2387
59,2387
59,2388
44,2389
59,2389
2,2390
3,2390
7,2390
52,2390
39,2391
4,2392
22,2393
33,2393
38,2393
56,2393
5,2394
22,2396
24,2396
23,2397
55,2397
15,2400
30,2400
12,2403
55,2403
11,2404
49,2404
3,2405
11,2406
47,2406
4,2407
28,2407
42,2407
47,2407
14,2408
43,2408
38,2409
3,2410
18,2410
5,2411
5,2412
3,2413
4,2413
41,2413
47,2417
30,2419
42,2419
40,2420
48,2421
46,2423
18,2424
34,2424
51,2425
15,2426
55,2427
38,2428
26,2429
33,2429
45,2429
55,2429
3,2430
13,2430
24,2430
30,2430
32,2430
21,2431
44,2431
39,2432
55,2434
10,2436
20,2436
38,2436
1,2439
2,2440
9,2440
1,2441
11,2441
16,2441
3,2442
53,2443
5,2444
15,2444
50,2444
1,2445
4,2445
31,2445
4,2446
50,2446
4,2447
52,2447
5,2448
2,2449
13,2449
2,2451
14,2451
19,2451
44,2451
3,2452
35,2452
25,2453
30,2453
1,2454
42,2454
2,2456
25,2456
34,2456
1,2457
15,2457
42,2457
2,2458
42,2458
1,2459
2,2460
47,2460
26,2461
28,2461
33,2461
26,2462
21,2464
32,2464
38,2465
28,2466
37,2466
28,2467
58,2468
19,2472
60,2473
13,2475
30,2476
36,2478
49,2478
3,2479
6,2479
34,2479
4,2480
17,2480
5,2483
18,2483
25,2484
3,2485
26,2486
5,2487
4,2489
21,2489
22,2491
30,2491
28,2492
58,2492
24,2493
36,2493
15,2494
55,2494
37,2495
53,2495
59,2497
52,2502
17,2503
38,2506
9,2508
41,2509
45,2509
6,2512
59,2512
10,2513
8,2514
37,2515
10,2516
23,2516
45,2516
50,2516
50,2517
34,2518
24,2519
26,2519
28,2519
51,2519
19,2520
21,2523
50,2523
12,2525
44,2526
27,2527
9,2528
34,2528
60,2531
39,2531
53,2533
55,2533
29,2534
30,2535
43,2536
26,2537
17,2539
60,2540
41,2540
25,2541
3,2542
43,2542
6,2543
53,2543
57,2543
45,2544
60,2545
28,2545
53,2545
9,2546
16,2546
5,2547
31,2547
5,2548
59,2548
4,2549
4,2550
7,2550
15,2550
19,2550
8,2551
24,2552
48,2552
52,2552
17,2553
34,2553
33,2555
3,2557
21,2558
43,2558
57,2558
3,2560
23,2560
36,2561
8,2562
11,2562
52,2562
17,2563
4,2565
4,2566
27,2566
3,2567
60,2568
5,2568
5,2569
21,2569
22,2569
45,2569
46,2570
42,2571
13,2573
30,2576
48,2576
57,2576
27,2577
36,2578
39,2578
52,2578
27,2579
30,2579
18,2580
48,2581
52,2581
3,2582
7,2582
42,2582
57,2583
7,2584
26,2584
34,2584
43,2584
46,2584
20,2586
9,2587
11,2587
14,2587
60,2588
4,2588
11,2588
54,2588
3,2589
5,2590
27,2590
5,2591
9,2591
4,2592
19,2592
23,2594
27,2596
52,2596
10,2597
34,2597
34,2599
28,2600
16,2602
2,2604
12,2604
17,2604
36,2604
39,2604
60,2605
13,2605
15,2605
22,2605
34,2605
51,2605
17,2606
27,2606
5,2608
17,2608
3,2609
58,2610
29,2611
51,2611
4,2612
48,2612
51,2612
3,2613
50,2613
5,2614
16,2614
5,2616
30,2616
56,2616
57,2616
30,2617
4,2618
17,2618
36,2618
3,2619
45,2619
32,2620
39,2620
58,2620
4,2621
52,2621
3,2622
10,2622
5,2623
15,2623
31,2623
4,2624
18,2624
56,2624
57,2624
5,2625
22,2626
3,2627
1,2629
4,2629
34,2629
53,2629
25,2630
30,2630
5,2631
15,2631
24,2631
10,2632
53,2632
4,2633
2,2634
3,2634
1,2635
34,2635
2,2637
5,2638
24,2638
1,2639
2,2640
5,2640
16,2641
12,2643
32,2643
52,2643
53,2643
9,2645
20,2646
44,2646
29,2649
15,2650
34,2650
53,2650
54,2650
60,2651
13,2651
37,2653
44,2654
41,2655
32,2656
40,2656
42,2656
43,2656
52,2656
14,2657
16,2657
46,2658
58,2658
57,2659
2,2661
42,2661
46,2661
53,2662
23,2664
18,2667
47,2668
47,2670
7,2673
17,2673
18,2673
46,2673
36,2674
55,2674
56,2674
17,2675
41,2675
35,2676
28,2678
51,2678
21,2679
23,2679
31,2680
50,2680
21,2681
52,2681
3,2682
14,2687
57,2688
26,2689
33,2689
39,2689
4,2691
11,2691
16,2691
54,2691
60,2692
30,2693
36,2693
49,2693
57,2693
3,2694
60,2695
15,2697
17,2698
21,2698
10,2701
45,2702
13,2703
47,2704
11,2705
52,2705
15,2706
23,2707
34,2707
42,2708
36,2709
44,2709
14,2711
23,2711
16,2717
37,2718
54,2718
38,2719
52,2720
51,2721
52,2721
24,2722
33,2723
45,2723
50,2725
51,2725
54,2725
46,2726
9,2728
24,2728
50,2732
59,2732
35,2733
34,2735
55,2735
40,2737
54,2737
30,2738
17,2739
1,2740
41,2740
58,2740
48,2741
52,2745
37,2746
53,2746
1,2747
25,2747
42,2747
54,2747
8,2748
30,2749
41,2749
1,2750
8,2750
12,2751
55,2751
2,2752
7,2752
16,2752
23,2752
2,2754
1,2755
14,2755
45,2755
55,2755
48,2756
55,2756
43,2757
2,2758
58,2758
11,2760
59,2760
22,2761
54,2763
47,2764
11,2765
24,2765
7,2770
29,2770
28,2771
46,2771
1,2772
6,2772
57,2772
52,2774
32,2775
55,2775
18,2776
42,2778
43,2778
45,2778
58,2778
40,2780
37,2782
27,2784
30,2784
52,2784
4,2785
6,2786
40,2786
25,2788
41,2789
29,2790
1,2791
22,2791
6,2792
31,2792
33,2793
19,2795
39,2795
6,2796
18,2796
34,2796
21,2797
33,2797
9,2798
30,2799
46,2799
53,2799
22,2801
47,2801
42,2802
8,2803
40,2803
57,2803
16,2804
7,2806
22,2806
49,2806
35,2807
47,2807
40,2810
41,2812
44,2812
49,2815
50,2815
33,2816
44,2817
51,2818
14,2820
38,2821
38,2823
28,2824
31,2824
50,2824
15,2825
54,2826
18,2827
47,2827
18,2829
58,2832
33,2833
47,2833
6,2834
43,2834
48,2835
19,2836
42,2836
25,2838
55,2841
56,2841
40,2842
44,2842
13,2843
20,2843
58,2843
12,2844
47,2845
49,2845
13,2846
17,2847
36,2848
58,2848
3,2850
19,2850
54,2850
12,2851
4,2852
9,2852
5,2854
8,2854
27,2854
60,2855
4,2855
30,2855
55,2855
33,2857
49,2857
55,2857
5,2858
9,2858
39,2858
17,2859
45,2859
30,2861
3,2862
37,2862
10,2863
6,2865
41,2865
59,2866
23,2867
23,2868
29,2870
43,2871
24,2872
36,2873
55,2874
3,2875
4,2877
51,2877
29,2878
56,2878
3,2879
14,2881
31,2881
53,2881
59,2881
60,2882
5,2882
6,2882
5,2883
23,2883
37,2883
33,2884
4,2886
37,2886
42,2886
43,2886
30,2887
24,2888
59,2889
3,2891
9,2891
20,2891
38,2891
14,2892
4,2893
29,2894
5,2895
36,2895
22,2896
58,2896
5,2898
12,2898
29,2898
46,2898
3,2899
13,2899
4,2900
12,2900
41,2901
22,2902
11,2903
32,2903
17,2904
53,2905
11,2906
14,2906
20,2907
23,2908
44,2909
13,2910
9,2911
52,2911
60,2913
3,2915
44,2915
13,2916
21,2916
50,2916
49,2917
1,2919
16,2919
20,2919
2,2920
24,2920
1,2921
20,2921
2,2922
47,2922
1,2923
2,2924
23,2924
36,2924
6,2925
16,2925
19,2925
22,2927
40,2927
47,2928
12,2929
39,2929
58,2929
20,2931
18,2932
47,2932
51,2932
17,2933
51,2935
34,2936
51,2936
54,2938
31,2940
45,2940
39,2942
59,2942
42,2944
58,2944
6,2945
18,2945
42,2945
33,2947
44,2947
31,2948
58,2949
22,2950
12,2951
15,2951
47,2951
50,2952
51,2952
29,2953
56,2954
18,2955
46,2955
39,2957
48,2957
19,2959
35,2960
24,2961
40,2962
13,2963
29,2965
59,2966
22,2967
44,2967
30,2968
41,2969
27,2970
53,2971
9,2975
24,2976
47,2976
60,2978
31,2979
42,2979
55,2979
10,2980
24,2982
26,2983
36,2983
55,2983
14,2985
7,2986
15,2986
32,2986
54,2986
44,2988
48,2988
17,2989
24,2989
15,2990
51,2990
6,2991
17,2991
38,2991
57,2991
24,2992
23,2995
60,2998
33,2998
44,2998
42,3000
21,3001
48,3002
13,3003
39,3003
9,3004
16,3004
33,3004
21,3005
60,3006
15,3006
54,3006
11,3008
39,3009
24,3011
30,3014
25,3015
36,3018
51,3018
48,3019
58,3020
18,3022
30,3024
6,3025
55,3025
45,3027
6,3029
17,3030
60,3032
40,3033
49,3033
6,3035
1,3036
10,3036
28,3036
36,3036
41,3036
28,3037
38,3039
53,3039
56,3039
39,3040
31,3041
26,3044
50,3044
27,3045
34,3045
36,3045
54,3045
32,3046
51,3046
45,3047
50,3047
19,3049
58,3049
8,3050
39,3052
24,3054
53,3054
43,3056
32,3057
56,3057
39,3064
43,3064
13,3066
10,3067
39,3067
45,3068
31,3069
7,3070
24,3070
49,3070
17,3073
34,3073
42,3073
10,3074
41,3075
57,3075
11,3076
41,3076
6,3077
4,3078
3,3079
59,3079
4,3080
26,3081
13,3082
50,3082
15,3083
28,3083
4,3084
25,3084
3,3085
20,3085
26,3085
5,3086
13,3087
38,3087
39,3087
5,3091
31,3092
42,3092
50,3092
14,3093
32,3094
36,3094
52,3094
27,3095
29,3095
30,3095
19,3096
5,3098
12,3101
26,3103
18,3104
40,3104
41,3104
48,3104
50,3105
47,3106
55,3106
21,3107
26,3109
29,3109
30,3109
57,3109
13,3110
42,3110
60,3112
54,3112
16,3113
18,3114
58,3114
54,3118
1,3119
2,3120
3,3120
47,3120
1,3121
3,3121
45,3121
50,3121
22,3122
40,3122
49,3122
4,3123
4,3124
6,3124
2,3125
58,3125
1,3126
52,3126
2,3127
5,3127
20,3127
31,3129
37,3129
47,3130
51,3130
5,3132
24,3132
31,3132
32,3133
39,3133
3,3134
38,3134
17,3137
20,3137
17,3138
34,3139
25,3141
53,3142
32,3143
42,3145
45,3146
53,3147
13,3149
3,3150
19,3151
39,3151
4,3152
17,3152
60,3153
5,3153
41,3153
4,3154
8,3154
14,3154
5,3155
15,3155
23,3155
3,3156
4,3156
37,3156
50,3156
18,3157
22,3157
48,3158
23,3159
28,3161
41,3161
10,3162
13,3162
32,3162
16,3164
27,3164
42,3166
48,3167
15,3168
29,3169
58,3169
7,3170
19,3170
25,3170
51,3171
27,3174
32,3174
48,3174
21,3175
32,3175
40,3175
10,3178
12,3180
16,3180
52,3182
40,3183
51,3183
36,3184
55,3184
9,3185
37,3185
14,3186
25,3186
58,3188
5,3189
18,3189
35,3189
8,3190
36,3191
13,3192
25,3192
22,3193
11,3195
32,3196
46,3196
42,3197
59,3198
24,3199
43,3201
57,3201
1,3202
56,3202
1,3203
23,3203
2,3206
2,3207
59,3207
19,3208
27,3208
6,3209
1,3210
6,3210
6,3211
47,3211
2,3212
27,3214
42,3214
9,3215
22,3215
34,3216
58,3216
59,3216
55,3218
33,3220
39,3221
7,3222
8,3222
11,3222
21,3222
60,3223
38,3223
53,3223
55,3224
34,3226
57,3227
59,3227
38,3231
21,3232
15,3233
11,3234
60,3235
33,3238
48,3238
12,3239
18,3240
43,3240
11,3241
48,3241
6,3243
24,3243
7,3244
24,3244
20,3246
33,3248
60,3250
17,3251
7,3252
59,3252
30,3253
9,3256
6,3257
1,3259
23,3259
48,3259
22,3260
1,3261
8,3261
8,3262
43,3262
52,3264
2,3265
30,3266
50,3267
1,3268
5,3268
18,3268
23,3268
2,3269
11,3270
34,3270
49,3270
2,3271
28,3273
15,3275
31,3275
40,3275
34,3276
24,3277
56,3280
10,3281
40,3281
21,3283
37,3283
15,3285
37,3285
9,3287
44,3287
27,3288
26,3289
32,3289
47,3291
6,3292
45,3292
33,3294
34,3294
56,3294
30,3295
42,3296
45,3296
3,3297
4,3300
5,3301
22,3301
4,3302
26,3303
5,3306
41,3306
24,3307
58,3307
3,3308
3,3309
40,3309
30,3310
31,3310
51,3311
41,3312
14,3313
18,3313
53,3313
42,3316
30,3317
43,3318
20,3320
24,3320
34,3322
48,3322
18,3323
25,3323
23,3327
45,3327
46,3327
36,3328
54,3329
4,3330
40,3331
56,3331
22,3332
25,3332
9,3333
37,3333
10,3335
24,3335
10,3336
24,3336
56,3337
57,3337
21,3339
44,3339
39,3340
53,3345
39,3348
22,3351
11,3353
35,3353
60,3354
36,3355
9,3357
30,3357
49,3357
27,3358
50,3358
37,3359
10,3360
23,3363
50,3364
27,3365
8,3366
31,3366
33,3366
32,3370
49,3370
29,3371
19,3372
25,3372
36,3372
37,3373
12,3375
17,3376
60,3377
4,3377
31,3377
9,3378
22,3379
6,3381
19,3381
20,3382
44,3382
54,3383
19,3384
34,3384
17,3385
26,3385
1,3387
1,3388
54,3388
2,3389
29,3389
2,3391
31,3391
38,3391
9,3392
1,3393
26,3393
2,3394
14,3397
26,3397
18,3398
11,3399
59,3399
16,3401
49,3401
51,3401
3,3402
26,3402
54,3402
8,3403
32,3403
5,3404
4,3405
31,3405
3,3406
19,3406
28,3407
48,3407
4,3408
18,3408
47,3408
53,3408
41,3409
46,3409
5,3410
38,3410
39,3413
1,3414
1,3415
28,3415
29,3415
43,3415
58,3415
60,3416
10,3416
41,3417
52,3417
37,3419
38,3419
2,3420
25,3420
29,3420
38,3420
1,3422
3,3422
48,3422
2,3423
4,3423
2,3424
3,3425
50,3426
5,3427
7,3427
11,3427
54,3427
19,3429
1,3431
5,3431
7,3431
13,3431
35,3431
21,3432
56,3432
4,3433
48,3433
54,3433
48,3435
40,3438
49,3440
40,3442
6,3444
38,3445
46,3445
60,3451
51,3452
54,3452
12,3454
27,3454
33,3456
59,3456
10,3457
35,3461
40,3462
12,3465
16,3465
33,3466
23,3467
27,3467
47,3467
55,3467
44,3468
16,3469
37,3469
18,3470
27,3470
43,3471
9,3473
39,3474
45,3474
21,3475
22,3475
40,3477
46,3477
12,3479
21,3480
20,3481
3,3482
4,3483
27,3483
5,3489
55,3489
4,3490
13,3490
40,3490
1,3491
5,3491
30,3491
45,3493
3,3494
44,3495
26,3496
3,3499
21,3499
38,3499
27,3501
32,3501
8,3502
56,3502
4,3503
50,3503
55,3503
53,3506
59,3507
5,3508
9,3509
20,3509
57,3510
4,3513
3,3514
18,3514
45,3514
5,3515
8,3515
20,3516
53,3517
9,3518
21,3518
30,3518
43,3519
46,3519
24,3520
17,3521
46,3521
3,3523
29,3523
57,3524
49,3526
54,3530
13,3532
39,3532
9,3533
26,3534
43,3534
21,3535
7,3536
52,3537
45,3540
12,3541
20,3541
25,3541
31,3543
60,3544
28,3546
6,3548
45,3549
51,3549
57,3549
20,3551
30,3552
52,3552
9,3553
14,3553
26,3553
37,3553
20,3555
36,3555
55,3555
26,3556
57,3557
32,3558
4,3559
18,3559
38,3559
1,3560
12,3561
53,3562
56,3563
12,3566
46,3567
22,3568
38,3568
56,3568
34,3569
37,3569
48,3572
21,3574
43,3574
60,3576
20,3577
52,3577
30,3580
16,3582
21,3582
55,3582
46,3583
60,3584
6,3585
35,3585
58,3586
32,3588
5,3589
37,3589
40,3589
47,3589
18,3590
44,3590
7,3591
43,3591
20,3592
49,3593
52,3593
15,3595
41,3595
45,3595
47,3596
53,3596
35,3597
50,3597
44,3599
54,3599
37,3600
47,3600
55,3600
47,3601
52,3603
32,3604
18,3605
24,3605
15,3606
12,3612
31,3612
36,3612
14,3613
53,3613
44,3614
8,3615
37,3616
50,3617
59,3617
1,3619
33,3619
34,3619
58,3619
1,3621
2,3622
1,3623
33,3623
3,3624
49,3624
2,3625
24,3625
34,3625
52,3625
2,3626
58,3627
42,3628
14,3629
59,3629
11,3632
13,3632
50,3632
58,3633
60,3634
1,3635
20,3635
37,3635
23,3636
40,3636
46,3636
50,3636
39,3638
40,3638
49,3639
58,3639
21,3642
22,3643
18,3646
27,3646
48,3646
16,3648
49,3649
42,3650
45,3650
58,3650
43,3652
24,3653
39,3653
36,3655
39,3656
27,3657
47,3657
3,3658
8,3658
20,3658
4,3659
23,3659
34,3659
48,3659
49,3659
5,3660
35,3660
3,3661
25,3661
27,3661
38,3661
4,3662
26,3662
56,3663
20,3664
35,3664
40,3664
20,3665
50,3665
1,3666
5,3666
26,3666
1,3667
53,3667
2,3668
29,3668
1,3669
2,3670
2,3671
42,3671
14,3672
39,3672
42,3672
30,3674
54,3674
5,3676
23,3676
46,3676
19,3677
13,3678
43,3678
48,3678
42,3680
56,3681
49,3682
17,3683
46,3683
19,3685
25,3685
10,3686
42,3686
29,3688
15,3690
20,3691
47,3692
19,3695
16,3698
3,3699
40,3699
51,3699
56,3699
4,3700
7,3700
23,3700
11,3701
22,3701
5,3702
56,3702
46,3704
59,3705
13,3706
14,3707
4,3708
23,3708
34,3709
39,3709
5,3710
3,3711
21,3712
19,3713
32,3713
45,3715
51,3715
10,3716
51,3716
16,3717
42,3719
6,3720
16,3720
24,3720
25,3720
38,3720
40,3721
47,3721
39,3723
19,3728
26,3729
20,3730
55,3730
5,3731
18,3732
7,3734
13,3734
44,3734
46,3734
28,3735
32,3737
59,3737
9,3739
18,3741
29,3741
37,3741
41,3741
57,3743
14,3744
57,3744
19,3745
11,3747
19,3747
59,3748
44,3750
54,3751
43,3752
16,3753
48,3755
58,3755
36,3756
27,3758
20,3759
22,3760
34,3761
11,3763
8,3764
21,3766
17,3768
13,3769
11,3770
48,3770
6,3772
60,3774
24,3774
37,3774
47,3774
16,3776
4,3777
12,3778
35,3778
28,3779
41,3779
10,3780
12,3781
52,3781
15,3782
16,3782
33,3782
47,3782
52,3783
58,3783
22,3785
46,3785
29,3786
59,3786
10,3787
8,3788
38,3788
14,3789
46,3792
9,3793
51,3793
43,3794
23,3797
14,3799
29,3799
59,3799
30,3800
21,3802
7,3803
14,3803
40,3803
19,3804
38,3804
7,3806
56,3806
25,3808
19,3809
27,3809
31,3809
54,3810
6,3811
55,3812
31,3813
53,3813
37,3814
5,3815
28,3815
22,3816
22,3817
5,3818
29,3820
33,3820
51,3820
7,3821
24,3823
30,3823
33,3823
6,3824
40,3825
27,3827
43,3827
20,3829
49,3829
7,3830
25,3830
25,3831
39,3831
57,3831
41,3833
42,3833
7,3834
28,3834
20,3835
26,3836
45,3837
1,3838
15,3838
26,3838
36,3838
2,3839
40,3839
41,3839
51,3839
22,3840
51,3841
56,3841
1,3842
7,3842
13,3842
16,3842
42,3842
1,3843
31,3843
54,3843
2,3844
2,3845
41,3845
17,3846
36,3847
37,3848
22,3849
47,3849
3,3850
11,3850
5,3852
43,3852
4,3853
5,3854
3,3856
32,3856
4,3857
15,3857
8,3858
24,3858
55,3859
23,3861
14,3863
20,3863
29,3863
56,3863
4,3864
59,3864
30,3866
20,3867
31,3867
60,3868
25,3868
50,3868
53,3868
11,3869
38,3869
43,3869
56,3869
44,3870
38,3871
33,3873
48,3876
23,3878
37,3879
55,3879
12,3880
19,3880
52,3880
47,3881
48,3881
29,3883
46,3883
47,3883
6,3884
19,3884
22,3884
25,3885
50,3885
24,3886
41,3889
19,3890
27,3890
6,3891
1,3894
6,3894
54,3895
41,3896
15,3897
25,3897
49,3897
56,3897
3,3898
14,3898
27,3898
5,3899
59,3899
2,3900
5,3900
45,3900
26,3901
1,3902
4,3902
53,3902
56,3902
23,3903
42,3903
2,3904
18,3904
22,3904
50,3904
1,3906
4,3906
2,3907
26,3907
31,3907
21,3908
3,3909
30,3909
41,3909
19,3910
21,3910
38,3910
57,3911
6,3912
12,3913
25,3913
33,3913
48,3916
59,3916
38,3918
53,3919
28,3920
23,3921
50,3921
59,3924
41,3925
43,3926
22,3932
1,3933
36,3933
37,3933
22,3936
2,3938
23,3938
51,3938
52,3938
1,3939
56,3939
2,3943
16,3943
1,3944
39,3944
2,3945
13,3945
50,3945
40,3946
33,3947
13,3948
35,3948
37,3949
9,3950
12,3951
1,3952
29,3952
30,3952
2,3953
33,3953
1,3955
38,3957
42,3957
2,3958
19,3958
23,3959
60,3960
17,3960
1,3961
2,3963
50,3966
58,3967
27,3969
36,3973
48,3973
3,3974
13,3974
4,3975
3,3976
36,3976
8,3977
28,3977
32,3977
4,3978
23,3978
23,3979
5,3980
5,3981
48,3981
6,3982
8,3983
21,3984
9,3986
12,3988
42,3989
56,3989
11,3990
58,3990
30,3991
15,3992
41,3992
17,3993
44,3995
46,3996
8,3997
12,3998
34,3998
16,3999
55,3999
57,3999
60,4000
10,4002
17,4003
37,4004
22,4006
41,4006
15,4007
47,4008
56,4008
38,4009
40,4015
54,4016
29,4017
12,4018
11,4019
37,4020
30,4022
39,4022
10,4023
55,4023
11,4025
25,4025
51,4026
26,4027
11,4028
23,4028
14,4029
9,4030
47,4030
32,4031
34,4032
50,4032
41,4033
15,4034
7,4035
39,4036
49,4036
58,4037
4,4038
22,4039
58,4040
9,4041
13,4041
20,4041
22,4041
49,4041
3,4045
5,4046
40,4047
1,4048
4,4048
6,4048
36,4048
38,4048
42,4048
11,4049
18,4049
2,4051
27,4051
4,4052
8,4052
5,4053
26,4053
1,4054
3,4054
59,4054
37,4055
37,4056
2,4057
1,4058
2,4059
14,4059
41,4059
59,4065
24,4066
7,4067
8,4069
33,4069
38,4069
27,4070
7,4071
11,4071
19,4072
56,4074
31,4075
41,4076
3,4078
39,4078
6,4079
5,4080
12,4080
60,4082
43,4082
45,4083
4,4084
18,4084
5,4085
18,4085
21,4085
28,4085
38,4085
4,4086
12,4086
16,4086
50,4086
58,4086
7,4089
57,4089
30,4090
49,4090
30,4091
39,4091
3,4092
3,4094
15,4094
4,4095
18,4095
44,4095
3,4096
23,4096
5,4098
27,4098
9,4099
40,4099
54,4101
6,4102
9,4102
14,4103
4,4104
9,4104
48,4104
50,4104
9,4105
12,4105
22,4105
5,4106
6,4106
25,4106
24,4107
42,4107
56,4107
57,4107
21,4108
3,4109
11,4109
36,4109
42,4110
15,4111
32,4111
4,4112
6,4112
20,4112
3,4113
23,4114
16,4115
47,4115
5,4116
33,4116
4,4117
58,4118
24,4119
28,4119
13,4120
21,4120
5,4121
41,4121
50,4121
58,4124
38,4125
12,4126
38,4126
49,4130
20,4131
38,4132
27,4133
44,4133
17,4134
51,4134
6,4136
41,4137
46,4138
29,4141
37,4141
51,4141
8,4142
23,4145
48,4145
56,4149
51,4150
52,4150
57,4150
60,4151
18,4152
30,4152
46,4152
12,4153
48,4153
57,4153
25,4154
10,4155
16,4155
15,4157
55,4157
30,4158
39,4158
57,4159
23,4160
49,4160
18,4161
23,4161
13,4162
28,4162
12,4163
13,4163
17,4163
54,4163
15,4164
38,4165
37,4167
35,4168
51,4169
53,4169
17,4170
41,4170
56,4170
10,4171
37,4171
10,4172
29,4172
3,4173
17,4173
27,4173
57,4175
4,4177
5,4178
10,4178
5,4180
4,4181
53,4181
55,4182
3,4183
16,4183
28,4184
43,4184
7,4185
25,4185
43,4185
23,4186
31,4186
39,4186
47,4186
13,4187
33,4188
24,4189
38,4192
49,4192
34,4193
51,4193
58,4194
13,4195
23,4195
34,4195
37,4196
8,4199
32,4199
47,4199
23,4200
45,4204
49,4204
26,4206
27,4206
9,4207
27,4209
41,4209
47,4209
56,4209
39,4210
48,4210
26,4211
13,4212
38,4212
13,4213
33,4213
38,4213
18,4214
14,4215
54,4217
43,4218
21,4220
57,4221
7,4222
29,4222
36,4222
47,4222
40,4223
53,4223
14,4225
53,4225
51,4229
1,4230
14,4230
25,4234
34,4234
51,4234
53,4234
11,4235
22,4236
54,4236
9,4238
11,4238
21,4238
60,4240
17,4241
22,4242
36,4242
44,4243
17,4244
31,4244
37,4245
28,4246
25,4247
19,4249
31,4249
55,4249
22,4250
27,4250
45,4250
55,4250
28,4253
42,4253
7,4254
14,4254
23,4254
28,4256
34,4256
47,4256
1,4257
25,4257
39,4257
2,4258
12,4258
29,4259
43,4259
45,4260
1,4262
37,4263
2,4264
41,4264
55,4264
1,4265
6,4265
8,4265
9,4265
10,4265
2,4267
15,4268
21,4268
59,4269
3,4270
17,4272
42,4272
5,4273
4,4274
7,4274
29,4274
58,4274
54,4275
58,4275
59,4276
5,4277
10,4277
21,4277
46,4277
49,4279
55,4280
3,4282
57,4282
44,4283
4,4284
19,4284
3,4285
36,4285
45,4285
4,4286
8,4286
18,4286
22,4288
41,4288
17,4289
25,4291
5,4292
44,4292
53,4292
4,4293
12,4293
8,4296
31,4297
44,4297
27,4298
46,4298
23,4299
53,4299
3,4300
5,4301
12,4301
18,4301
33,4301
7,4302
22,4302
39,4302
53,4303
20,4304
27,4304
30,4304
44,4305
23,4306
52,4306
10,4307
18,4307
57,4307
30,4309
4,4310
13,4311
39,4311
18,4313
52,4313
8,4318
20,4318
7,4320
40,4320
45,4320
46,4321
52,4322
8,4323
41,4324
56,4324
41,4325
33,4327
56,4327
35,4328
46,4328
6,4329
52,4329
35,4331
7,4332
30,4332
41,4332
39,4333
24,4335
15,4337
54,4339
44,4340
39,4341
55,4341
17,4343
31,4343
32,4344
53,4344
56,4344
47,4345
53,4345
46,4348
1,4349
22,4350
3,4352
33,4352
1,4353
38,4353
2,4354
4,4354
55,4354
12,4355
20,4355
27,4355
1,4356
11,4356
22,4356
2,4357
4,4358
51,4358
53,4359
54,4359
2,4361
5,4361
12,4361
15,4361
5,4362
39,4362
3,4363
10,4363
13,4364
49,4364
12,4366
3,4367
10,4367
49,4367
3,4369
57,4370
19,4371
26,4371
27,4372
13,4373
38,4376
50,4377
37,4379
48,4380
60,4381
28,4382
59,4382
20,4384
47,4384
11,4386
22,4386
58,4386
30,4387
20,4388
56,4389
37,4391
37,4392
20,4393
31,4393
55,4393
59,4394
37,4395
7,4396
22,4397
25,4397
50,4397
58,4397
31,4398
32,4400
16,4402
43,4402
23,4403
29,4404
34,4404
36,4404
8,4407
56,4408
50,4409
41,4410
39,4411
42,4412
28,4413
9,4414
54,4414
35,4415
30,4416
1,4418
36,4418
1,4419
2,4420
2,4421
36,4421
47,4421
11,4422
12,4422
1,4424
40,4424
2,4425
55,4425
3,4427
4,4429
3,4430
19,4430
7,4431
4,4432
11,4432
5,4433
27,4433
28,4433
35,4433
5,4434
41,4435
29,4436
47,4437
59,4437
21,4438
24,4438
17,4439
6,4440
46,4440
7,4441
10,4441
30,4441
36,4443
56,4443
59,4443
40,4444
38,4445
1,4446
17,4446
2,4447
9,4447
37,4447
47,4447
1,4448
23,4449
37,4449
58,4449
60,4450
1,4450
5,4450
2,4452
2,4453
10,4453
19,4453
29,4453
45,4454
58,4454
32,4455
55,4455
18,4456
45,4457
51,4459
22,4460
57,4461
39,4462
53,4462
11,4463
22,4463
23,4463
56,4463
20,4464
22,4464
36,4464
1,4466
10,4466
2,4467
3,4467
11,4467
4,4468
52,4469
1,4470
27,4470
4,4472
11,4472
42,4473
47,4473
2,4474
3,4474
14,4474
28,4474
60,4475
36,4475
58,4475
11,4476
37,4477
5,4478
34,4478
46,4478
47,4478
39,4479
10,4480
16,4480
39,4480
1,4481
8,4481
30,4481
5,4482
23,4482
31,4482
2,4483
21,4484
7,4485
51,4486
7,4488
23,4489
52,4489
40,4493
55,4493
27,4494
31,4494
53,4494
17,4496
23,4497
15,4499
58,4499
30,4500
34,4500
57,4500
25,4501
8,4504
2,4505
26,4505
45,4506
41,4508
52,4508
60,4512
41,4512
47,4512
55,4512
42,4513
47,4513
51,4514
58,4514
38,4515
42,4515
31,4516
57,4516
39,4517
46,4517
57,4518
50,4519
55,4519
1,4520
24,4520
1,4521
2,4522
12,4522
1,4523
21,4523
30,4523
51,4523
9,4524
2,4525
54,4525
7,4526
20,4526
28,4526
38,4526
2,4527
22,4527
37,4528
26,4531
48,4532
5,4533
40,4533
25,4535
35,4535
6,4538
59,4545
21,4546
28,4547
28,4549
45,4549
8,4550
14,4552
27,4552
36,4552
49,4552
3,4553
5,4556
28,4556
5,4559
14,4559
4,4560
19,4560
29,4560
59,4560
18,4561
27,4561
33,4561
47,4561
4,4562
26,4562
22,4563
3,4564
35,4564
35,4565
56,4567
60,4568
29,4568
34,4568
43,4568
16,4569
33,4569
26,4570
43,4572
8,4573
9,4577
35,4577
54,4577
18,4578
13,4580
24,4580
44,4580
43,4583
30,4584
34,4584
42,4584
6,4585
24,4586
56,4586
7,4587
19,4587
57,4587
22,4588
23,4588
48,4588
6,4589
19,4589
23,4590
7,4591
10,4591
47,4591
53,4591
60,4593
3,4593
33,4593
45,4593
46,4593
57,4593
38,4594
54,4595
50,4597
35,4598
3,4600
32,4600
5,4601
36,4601
4,4602
5,4603
11,4603
44,4604
3,4605
4,4606
6,4606
49,4606
25,4608
53,4608
19,4609
6,4613
52,4618
13,4620
26,4621
7,4623
14,4623
4,4625
48,4626
56,4626
11,4627
43,4627
47,4627
25,4628
10,4630
14,4630
40,4633
42,4633
1,4634
1,4635
3,4635
4,4637
2,4638
1,4639
5,4639
58,4639
5,4640
29,4641
2,4642
56,4642
11,4643
43,4643
44,4644
45,4644
2,4645
4,4645
33,4645
3,4646
39,4646
46,4646
17,4648
20,4650
56,4650
30,4654
38,4654
49,4654
27,4655
35,4656
51,4656
6,4657
27,4658
40,4658
59,4658
3,4659
32,4659
5,4660
4,4661
26,4661
32,4661
51,4661
21,4662
17,4663
17,4665
46,4666
53,4666
3,4667
5,4670
50,4670
56,4670
4,4671
3,4673
26,4673
27,4673
22,4674
52,4674
59,4674
5,4675
4,4676
3,4677
51,4677
50,4678
9,4679
27,4679
28,4679
4,4680
9,4680
11,4680
52,4681
42,4682
5,4683
3,4684
7,4684
45,4684
4,4687
10,4687
35,4687
42,4687
29,4689
45,4689
48,4689
3,4690
23,4690
40,4690
1,4691
43,4691
4,4692
18,4692
23,4692
11,4693
5,4694
5,4695
7,4695
26,4695
29,4695
32,4695
47,4695
1,4696
24,4696
38,4696
2,4699
23,4699
2,4700
9,4703
1,4704
2,4705
19,4705
27,4707
45,4707
8,4709
21,4710
21,4711
32,4711
8,4713
48,4714
12,4715
40,4715
6,4716
27,4718
58,4718
53,4719
10,4720
10,4721
20,4721
36,4721
57,4721
9,4722
17,4722
60,4723
6,4723
33,4724
21,4725
44,4725
8,4726
46,4726
47,4727
13,4728
1,4729
44,4729
2,4730
1,4732
2,4733
7,4733
16,4733
22,4733
41,4733
1,4736
3,4736
4,4738
46,4738
2,4739
3,4739
5,4741
19,4742
25,4742
4,4743
48,4743
5,4744
39,4744
16,4745
23,4745
43,4745
52,4745
28,4746
32,4746
4,4747
18,4747
48,4747
50,4747
3,4748
46,4748
41,4749
47,4749
48,4749
59,4749
6,4750
1,4751
13,4751
14,4751
40,4752
4,4753
25,4753
58,4753
4,4754
58,4754
5,4755
1,4756
5,4756
20,4756
2,4757
40,4757
3,4758
2,4759
31,4759
33,4761
1,4762
43,4762
2,4763
43,4763
55,4764
24,4765
30,4765
21,4766
58,4766
19,4767
58,4767
1,4768
30,4769
12,4770
22,4771
42,4771
41,4772
13,4773
1,4774
2,4775
10,4775
1,4776
25,4777
2,4778
13,4778
37,4778
2,4779
13,4780
23,4780
17,4781
22,4781
41,4782
26,4784
7,4785
52,4788
56,4791
60,4793
56,4794
33,4795
42,4795
40,4796
56,4796
1,4799
9,4799
33,4799
3,4800
57,4800
2,4801
3,4801
7,4801
1,4802
9,4802
32,4802
43,4803
4,4804
20,4805
3,4806
1,4807
4,4807
49,4807
5,4808
32,4808
2,4809
27,4809
2,4810
5,4810
27,4810
6,4812
32,4813
44,4814
45,4814
1,4815
2,4816
51,4816
1,4817
31,4818
57,4818
1,4819
48,4819
2,4820
2,4821
7,4822
18,4822
46,4822
33,4823
2,4824
35,4824
31,4825
42,4825
32,4827
58,4827
8,4829
12,4830
13,4830
3,4831
7,4831
8,4831
30,4832
7,4833
28,4833
44,4833
4,4834
5,4835
17,4836
7,4837
13,4837
3,4838
5,4839
56,4839
11,4840
16,4840
4,4841
26,4841
35,4841
22,4842
14,4843
12,4845
16,4845
55,4846
20,4847
59,4847
32,4853
32,4854
55,4856
7,4857
8,4857
32,4857
49,4857
36,4858
60,4859
29,4859
12,4861
1,4863
23,4863
1,4864
2,4864
49,4864
1,4865
56,4865
2,4866
26,4867
14,4868
25,4868
1,4869
2,4870
10,4872
13,4872
42,4873
59,4873
11,4874
12,4875
55,4875
56,4876
53,4878
37,4880
55,4880
43,4881
16,4883
59,4883
27,4884
55,4884
1,4886
16,4886
25,4886
55,4886
41,4889
2,4890
1,4892
32,4894
1,4895
52,4895
2,4896
13,4896
2,4897
14,4897
51,4898
34,4899
52,4900
10,4901
42,4901
45,4902
28,4904
49,4907
12,4908
38,4909
10,4910
20,4910
51,4911
23,4912
21,4913
46,4914
17,4915
29,4915
56,4916
22,4917
38,4917
40,4917
1,4918
44,4918
2,4920
1,4921
18,4921
3,4922
25,4922
50,4923
12,4924
2,4925
26,4925
1,4926
26,4926
38,4926
11,4928
2,4929
24,4930
28,4930
45,4930
1,4931
1,4932
13,4932
18,4932
26,4932
2,4934
19,4934
25,4934
51,4934
2,4935
43,4935
25,4936
26,4936
31,4936
1,4938
15,4938
2,4940
3,4940
4,4941
5,4942
31,4943
4,4944
5,4945
11,4945
35,4946
36,4946
43,4946
50,4946
3,4947
60,4949
40,4949
15,4951
50,4951
42,4952
53,4953
10,4954
26,4954
35,4954
53,4955
15,4956
28,4957
55,4957
59,4959
3,4960
19,4961
49,4961
55,4961
37,4963
5,4965
15,4965
41,4965
21,4966
5,4967
58,4967
19,4968
3,4969
11,4969
52,4969
1,4970
4,4970
7,4970
26,4970
32,4970
3,4971
45,4971
2,4973
33,4973
12,4974
4,4975
26,4975
1,4976
2,4977
1,4978
14,4979
36,4979
38,4979
37,4980
2,4981
14,4982
20,4982
26,4982
10,4983
17,4983
48,4983
19,4984
22,4986
51,4988
5,4989
52,4989
53,4990
35,4993
18,4998
4,4999
31,4999
16,5000
19,5000
28,5000
17,5001
42,5003
51,5004
8,5005
23,5006
32,5006
27,5007
34,5010
1,5012
50,5012
52,5012
35,5014
47,5014
20,5015
4,5017
21,5017
44,5018
2,5019
9,5022
15,5023
46,5025
32,5026
38,5026
49,5026
58,5026
17,5027
25,5027
26,5027
28,5028
29,5028
59,5028
30,5030
59,5031
9,5032
16,5032
19,5033
25,5033
30,5033
25,5034
18,5035
44,5036
32,5037
34,5038
10,5039
24,5039
36,5039
59,5039
48,5040
12,5041
48,5041
18,5042
40,5042
19,5043
1,5044
53,5045
38,5046
49,5046
1,5047
19,5047
26,5049
2,5050
21,5050
24,5050
22,5051
23,5051
58,5051
1,5052
2,5054
2,5055
17,5056
42,5056
47,5056
16,5057
59,5057
15,5060
23,5060
53,5061
54,5061
26,5062
42,5063
15,5068
44,5068
47,5070
17,5071
21,5071
24,5071
45,5071
33,5074
34,5074
41,5074
55,5074
5,5075
21,5075
7,5076
11,5076
14,5076
53,5076
40,5079
50,5079
52,5079
49,5080
16,5081
32,5081
16,5082
58,5082
48,5083
52,5083
34,5084
50,5084
40,5085
59,5087
35,5089
52,5090
44,5091
51,5091
45,5092
12,5093
14,5094
18,5094
18,5095
55,5095
37,5096
26,5097
1,5099
1,5100
24,5100
29,5100
41,5100
58,5100
60,5102
2,5102
2,5105
7,5105
38,5105
1,5107
3,5107
39,5108
2,5109
4,5109
13,5109
5,5110
4,5112
55,5112
3,5113
19,5113
24,5113
53,5113
5,5114
17,5115
2,5116
30,5117
28,5118
14,5120
6,5124
30,5124
43,5124
16,5125
14,5126
45,5127
8,5128
54,5128
14,5129
29,5129
3,5130
4,5131
11,5131
5,5132
3,5133
15,5133
40,5134
17,5135
28,5136
1,5137
4,5137
19,5137
45,5137
1,5138
5,5138
30,5138
2,5139
51,5139
54,5140
39,5141
16,5143
50,5145
1,5146
2,5147
58,5148
34,5149
2,5150
12,5150
36,5150
22,5151
37,5151
48,5151
60,5152
22,5152
27,5152
37,5152
23,5153
32,5153
19,5154
29,5154
32,5154
46,5154
26,5155
32,5157
43,5157
47,5157
39,5158
21,5159
8,5161
9,5161
55,5161
28,5164
34,5164
51,5165
24,5166
37,5166
55,5166
14,5167
17,5167
16,5168
43,5168
27,5169
47,5169
49,5169
51,5169
3,5170
36,5170
49,5171
5,5172
8,5172
1,5173
4,5173
17,5173
3,5174
33,5174
42,5174
1,5175
8,5175
51,5176
26,5177
35,5177
5,5178
21,5178
2,5179
4,5179
3,5180
25,5180
59,5180
2,5181
4,5181
40,5181
3,5182
25,5182
5,5183
49,5183
53,5183
1,5184
2,5185
8,5185
23,5185
4,5186
5,5188
21,5188
37,5188
54,5189
45,5191
27,5192
40,5193
58,5193
3,5195
13,5195
17,5195
52,5195
1,5196
60,5198
7,5198
8,5198
49,5199
49,5200
55,5200
10,5201
11,5201
50,5201
32,5202
9,5205
17,5207
30,5210
34,5210
20,5211
4,5212
23,5212
14,5213
33,5213
35,5213
48,5214
45,5215
51,5215
55,5215
1,5216
12,5216
28,5216
2,5217
55,5217
1,5218
16,5219
54,5219
9,5220
2,5221
7,5221
45,5221
1,5222
33,5222
2,5223
6,5223
8,5223
55,5225
58,5225
32,5228
37,5229
59,5231
52,5233
7,5237
35,5239
29,5241
37,5242
54,5242
59,5242
8,5243
13,5243
31,5244
36,5244
34,5246
11,5248
3,5249
11,5250
7,5253
24,5254
28,5254
37,5256
54,5256
15,5257
43,5257
57,5257
19,5258
6,5259
27,5262
58,5262
11,5263
44,5263
48,5264
53,5264
60,5265
6,5265
47,5265
3,5266
3,5267
13,5267
12,5268
60,5269
30,5269
23,5271
8,5272
20,5272
39,5272
27,5274
59,5274
23,5275
59,5275
38,5276
46,5277
35,5279
48,5279
21,5281
19,5282
16,5283
3,5284
4,5285
8,5285
3,5286
5,5286
36,5286
16,5287
36,5287
45,5287
3,5288
6,5288
18,5288
35,5288
5,5289
10,5289
12,5289
27,5289
30,5290
46,5291
4,5292
42,5292
31,5293
57,5293
6,5294
42,5295
54,5295
3,5298
28,5298
54,5298
4,5299
17,5299
4,5300
9,5300
20,5300
24,5300
5,5302
7,5302
59,5302
3,5303
55,5303
56,5303
13,5304
57,5304
29,5305
40,5305
5,5306
41,5307
13,5308
40,5309
47,5310
53,5310
5,5311
13,5311
25,5313
58,5313
24,5314
15,5315
22,5315
22,5317
38,5317
9,5318
16,5318
58,5318
54,5320
14,5321
19,5321
22,5322
20,5323
22,5323
20,5324
44,5324
32,5325
12,5326
34,5326
58,5326
48,5328
44,5329
46,5329
55,5329
32,5330
44,5330
36,5331
37,5332
46,5332
47,5334
1,5337
17,5337
37,5337
21,5338
54,5339
56,5339
1,5341
2,5342
1,5344
32,5346
2,5347
2,5348
11,5348
12,5348
29,5349
60,5351
22,5351
19,5352
10,5353
37,5353
57,5353
32,5354
43,5354
36,5355
29,5356
53,5356
27,5357
52,5357
29,5358
25,5361
54,5362
18,5363
29,5364
41,5364
59,5365
56,5366
50,5367
60,5368
15,5368
31,5368
17,5369
29,5371
59,5371
40,5372
50,5372
54,5372
57,5372
24,5373
52,5374
58,5374
10,5375
13,5375
17,5376
10,5378
59,5378
18,5379
39,5379
49,5379
48,5381
26,5382
40,5382
47,5382
54,5382
17,5383
30,5384
14,5386
49,5386
22,5387
1,5389
35,5389
44,5389
60,5390
28,5390
46,5390
2,5391
3,5391
22,5391
52,5391
25,5392
26,5392
37,5392
11,5393
24,5393
55,5393
1,5394
4,5394
55,5394
2,5395
1,5396
5,5396
2,5397
4,5397
30,5397
41,5398
5,5399
36,5399
37,5399
48,5399
3,5400
3,5401
7,5401
9,5401
5,5402
10,5402
33,5402
50,5402
4,5403
23,5403
49,5403
59,5403
5,5404
4,5405
46,5405
50,5405
3,5406
22,5407
32,5407
34,5408
7,5409
16,5409
34,5411
13,5413
14,5415
38,5417
51,5418
11,5420
53,5420
7,5421
19,5421
43,5421
9,5422
11,5422
3,5423
38,5423
42,5423
5,5425
6,5426
51,5427
4,5428
22,5428
16,5429
4,5430
32,5431
14,5433
26,5433
28,5433
3,5434
25,5434
1,5435
27,5435
45,5437
2,5438
5,5438
33,5438
1,5439
10,5439
35,5439
51,5439
2,5440
10,5440
1,5441
9,5441
41,5441
21,5443
44,5443
33,5444
34,5444
38,5444
45,5444
2,5445
33,5445
10,5446
35,5446
39,5447
3,5448
38,5448
46,5448
4,5449
56,5449
3,5451
29,5451
5,5452
50,5452
58,5452
4,5453
3,5454
5,5454
30,5454
18,5456
56,5456
59,5456
14,5458
31,5459
59,5459
56,5461
20,5463
25,5464
32,5465
56,5466
28,5467
35,5468
59,5469
2,5471
4,5471
55,5471
8,5472
15,5476
32,5476
32,5477
17,5478
29,5478
60,5481
1,5481
14,5481
44,5481
20,5482
1,5483
2,5484
50,5484
1,5485
26,5485
53,5485
2,5488
12,5488
22,5488
2,5489
18,5489
59,5489
13,5490
48,5490
28,5492
20,5493
46,5494
38,5495
50,5495
23,5496
33,5497
37,5497
14,5500
41,5502
43,5502
52,5502
12,5503
16,5503
12,5504
13,5504
60,5505
46,5505
48,5507
38,5508
14,5509
50,5509
39,5510
31,5512
41,5513
60,5516
9,5516
13,5517
3,5518
19,5520
3,5521
5,5522
9,5522
13,5523
42,5523
5,5524
56,5524
38,5525
4,5526
14,5526
16,5526
45,5526
54,5526
13,5528
6,5529
3,5530
32,5530
4,5531
26,5531
11,5532
52,5534
7,5537
34,5540
8,5541
23,5541
27,5542
30,5543
5,5545
25,5545
46,5545
60,5546
27,5547
35,5550
33,5551
49,5551
37,5552
17,5553
21,5554
39,5555
41,5555
41,5556
30,5557
49,5557
58,5557
8,5559
19,5559
52,5560
12,5561
37,5562
11,5564
30,5564
31,5565
60,5566
7,5566
34,5566
39,5566
7,5567
13,5567
23,5567
47,5567
28,5568
20,5569
21,5570
3,5571
35,5571
54,5571
1,5572
4,5572
1,5573
5,5573
2,5574
3,5575
15,5575
48,5575
6,5576
4,5577
50,5577
58,5577
59,5577
2,5578
25,5578
48,5578
1,5579
5,5579
43,5579
2,5580
26,5581
46,5581
6,5582
10,5582
36,5583
37,5583
52,5583
2,5584
19,5584
27,5586
60,5587
28,5587
13,5588
28,5589
30,5590
47,5590
16,5592
34,5592
41,5593
55,5593
17,5594
51,5594
24,5595
27,5595
1,5596
10,5596
56,5597
60,5598
3,5598
52,5599
15,5600
31,5600
14,5601
15,5601
28,5601
51,5601
58,5601
4,5602
5,5603
50,5603
3,5604
59,5604
4,5605
60,5606
5,5606
31,5611
39,5611
55,5611
34,5612
3,5613
12,5614
34,5615
22,5617
6,5619
22,5619
24,5619
29,5621
42,5621
54,5621
59,5621
19,5622
57,5625
8,5626
20,5627
36,5627
47,5628
51,5628
25,5629
9,5630
26,5630
42,5630
17,5631
23,5631
24,5631
44,5631
44,5634
22,5635
39,5635
55,5635
32,5637
32,5640
57,5640
13,5643
45,5643
1,5644
1,5645
46,5645
51,5646
2,5647
12,5647
1,5648
22,5648
47,5648
2,5649
2,5650
6,5650
34,5650
54,5650
44,5651
20,5652
52,5652
57,5653
28,5655
34,5655
16,5657
47,5657
41,5658
4,5659
1,5660
33,5660
40,5660
33,5661
53,5661
58,5662
5,5663
31,5663
46,5663
1,5664
25,5664
2,5666
18,5666
29,5666
2,5667
18,5668
35,5668
7,5669
43,5670
46,5670
46,5671
1,5673
3,5673
4,5675
2,5676
3,5677
5,5678
10,5678
52,5678
54,5678
43,5679
4,5680
12,5680
16,5680
18,5681
5,5682
25,5682
28,5683
34,5683
37,5683
53,5683
21,5687
56,5688
16,5689
49,5690
57,5691
59,5691
32,5692
10,5694
42,5695
53,5695
20,5696
36,5696
43,5699
18,5700
5,5701
24,5701
35,5701
13,5702
25,5702
6,5703
15,5703
16,5703
35,5703
50,5703
59,5703
3,5704
25,5704
5,5706
12,5706
4,5707
3,5708
15,5708
3,5710
4,5711
18,5711
23,5711
54,5711
5,5713
53,5713
38,5714
50,5714
10,5715
13,5717
50,5718
38,5721
1,5722
26,5722
2,5723
1,5725
35,5725
2,5726
32,5726
1,5727
10,5727
30,5727
9,5728
2,5729
13,5732
32,5732
46,5732
3,5733
7,5734
46,5737
58,5737
51,5738
17,5739
37,5740
1,5741
21,5741
38,5741
2,5742
6,5742
19,5742
21,5742
1,5743
8,5743
11,5743
13,5743
1,5744
42,5744
2,5745
31,5745
60,5746
2,5746
15,5746
28,5746
31,5746
55,5746
7,5748
30,5748
44,5748
22,5749
29,5749
38,5751
5,5752
38,5752
9,5753
8,5754
42,5754
57,5754
11,5755
20,5755
26,5755
41,5757
60,5758
39,5759
53,5759
9,5760
25,5762
60,5763
21,5763
49,5763
52,5763
46,5764
36,5765
28,5766
36,5767
16,5768
22,5768
10,5771
18,5771
28,5771
9,5772
55,5773
53,5774
31,5775
27,5777
27,5779
36,5780
29,5781
44,5781
40,5782
4,5784
19,5784
29,5784
36,5784
40,5784
43,5785
11,5786
43,5786
56,5786
8,5787
58,5790
23,5791
33,5791
59,5791
12,5792
39,5792
17,5794
23,5794
50,5795
15,5797
44,5797
60,5798
57,5799
20,5801
30,5801
28,5802
10,5803
15,5803
43,5804
52,5804
47,5805
15,5806
10,5807
8,5808
36,5808
38,5808
45,5808
2,5810
24,5810
48,5812
51,5812
42,5814
7,5818
30,5818
36,5820
59,5821
16,5822
10,5824
21,5824
25,5825
37,5826
38,5826
18,5830
39,5830
54,5832
56,5833
39,5835
13,5836
14,5836
26,5839
27,5840
29,5846
38,5847
43,5847
39,5848
17,5849
38,5850
54,5851
16,5852
33,5853
39,5853
52,5854
57,5854
38,5859
38,5860
44,5863
56,5863
21,5864
41,5865
38,5867
1,5868
17,5868
2,5869
16,5869
1,5870
14,5870
2,5871
6,5871
30,5871
1,5872
2,5873
3,5873
17,5873
26,5873
47,5873
60,5874
10,5874
5,5875
4,5876
11,5876
12,5876
5,5877
3,5879
4,5880
21,5880
24,5881
29,5882
32,5883
8,5884
30,5885
43,5885
13,5888
12,5889
23,5890
56,5891
4,5896
6,5896
27,5896
49,5898
52,5898
43,5899
52,5899
49,5902
37,5903
1,5904
21,5904
32,5904
3,5905
59,5906
2,5907
5,5907
1,5908
4,5908
6,5908
46,5908
2,5909
4,5909
1,5910
5,5910
6,5911
2,5912
3,5912
43,5913
17,5914
46,5915
57,5917
42,5918
4,5920
53,5920
17,5923
20,5923
20,5925
38,5925
10,5926
54,5926
25,5929
41,5929
1,5930
7,5930
24,5930
25,5930
36,5930
28,5931
2,5932
15,5932
29,5933
55,5933
1,5935
35,5935
48,5935
1,5936
38,5936
40,5936
19,5937
28,5937
2,5939
4,5939
18,5939
51,5939
38,5940
2,5941
32,5941
24,5945
7,5946
10,5946
25,5946
28,5946
30,5947
16,5948
7,5951
17,5951
21,5951
34,5951
51,5951
38,5952
38,5953
47,5953
45,5955
22,5956
44,5957
56,5957
32,5958
49,5958
48,5959
15,5961
25,5962
38,5962
42,5962
23,5964
26,5964
59,5964
24,5966
11,5967
37,5969
3,5970
29,5970
38,5971
43,5971
59,5971
4,5972
4,5973
5,5974
30,5974
3,5975
12,5975
25,5976
40,5976
5,5977
16,5977
34,5977
59,5977
6,5978
34,5978
48,5978
46,5979
8,5981
50,5981
16,5982
37,5984
18,5985
54,5985
24,5986
27,5986
40,5986
36,5987
32,5988
55,5988
35,5990
2,5992
9,5993
26,5993
49,5993
10,5995
27,5995
40,5995
30,5996
60,5998
50,5998
23,5999
51,5999
48,6000
10,6001
31,6001
20,6002
58,6003
3,6004
14,6005
4,6006
25,6006
40,6006
38,6007
3,6009
47,6011
13,6012
29,6012
5,6013
52,6013
29,6014
50,6014
5,6015
28,6015
18,6017
4,6018
11,6018
60,6019
49,6019
11,6020
26,6020
3,6021
10,6021
44,6021
4,6022
29,6023
50,6023
8,6024
48,6026
57,6026
17,6028
48,6028
53,6028
3,6030
28,6030
49,6030
26,6031
5,6032
9,6034
53,6034
2,6035
5,6035
4,6036
15,6036
48,6036
54,6036
14,6037
9,6038
30,6039
33,6040
59,6040
46,6042
53,6042
56,6044
33,6045
55,6045
20,6046
32,6047
27,6049
36,6049
51,6049
60,6051
42,6051
57,6051
57,6053
33,6054
57,6054
30,6055
26,6056
38,6056
23,6058
27,6059
38,6060
18,6061
10,6065
57,6066
60,6067
1,6067
2,6068
38,6068
57,6068
1,6069
2,6070
11,6070
23,6070
1,6071
9,6071
18,6072
2,6073
43,6076
59,6077
21,6078
22,6078
41,6078
43,6078
58,6078
42,6079
47,6080
57,6080
26,6081
37,6082
15,6084
29,6084
45,6087
4,6088
33,6089
23,6090
34,6091
35,6092
40,6092
20,6094
48,6094
54,6094
58,6094
23,6095
53,6097
58,6098
18,6100
9,6101
39,6101
57,6103
57,6104
17,6107
54,6109
53,6110
29,6111
50,6111
54,6111
33,6112
25,6114
54,6115
56,6115
7,6116
36,6117
13,6119
57,6119
36,6121
38,6121
43,6122
54,6122
30,6123
46,6123
20,6125
58,6125
3,6126
36,6126
5,6127
57,6127
58,6127
4,6128
42,6128
13,6130
6,6131
29,6131
53,6131
5,6133
8,6133
3,6134
56,6134
44,6135
32,6137
48,6137
4,6138
30,6138
32,6139
38,6139
57,6139
18,6140
48,6140
30,6141
34,6141
9,6142
46,6143
47,6144
27,6147
29,6147
46,6147
26,6148
19,6149
10,6150
35,6150
36,6150
41,6151
11,6154
15,6155
25,6155
21,6156
3,6157
18,6157
24,6157
59,6157
25,6158
42,6158
46,6158
60,6159
5,6159
4,6160
3,6161
22,6163
4,6165
50,6165
5,6166
12,6166
60,6167
40,6167
51,6167
46,6168
52,6169
47,6170
11,6171
47,6172
49,6173
55,6173
12,6174
24,6175
31,6175
44,6176
51,6179
47,6180
12,6181
23,6182
3,6184
48,6185
39,6186
39,6187
39,6188
43,6188
21,6189
19,6190
30,6190
36,6190
41,6190
27,6191
1,6192
1,6193
2,6194
11,6194
13,6194
57,6194
7,6195
42,6195
24,6196
29,6197
20,6199
47,6199
50,6199
1,6200
18,6200
35,6200
2,6201
33,6201
2,6202
5,6203
30,6203
10,6204
16,6204
29,6204
14,6205
11,6209
40,6212
41,6212
38,6214
46,6214
56,6214
46,6216
48,6216
35,6217
25,6219
41,6219
10,6220
31,6220
36,6221
16,6222
19,6222
37,6222
52,6223
53,6224
26,6226
40,6226
47,6226
55,6226
13,6228
14,6228
19,6228
49,6228
56,6228
59,6228
24,6229
55,6229
60,6230
40,6230
53,6230
58,6230
12,6234
17,6236
33,6236
50,6236
41,6237
7,6238
35,6238
31,6239
46,6240
22,6241
46,6241
18,6242
31,6242
34,6242
21,6243
19,6245
35,6245
53,6245
3,6247
26,6247
26,6249
3,6250
28,6250
4,6251
5,6252
8,6252
52,6252
30,6253
46,6253
3,6254
17,6254
51,6254
4,6255
9,6255
13,6255
1,6256
5,6256
23,6256
59,6256
38,6257
2,6258
23,6258
44,6258
1,6259
51,6259
57,6259
33,6260
44,6261
54,6261
60,6262
2,6262
26,6263
1,6264
2,6266
38,6266
51,6268
41,6269
1,6270
54,6270
33,6271
39,6271
47,6271
1,6272
14,6272
28,6272
31,6272
44,6272
2,6274
14,6274
51,6274
58,6274
39,6276
2,6278
19,6278
24,6279
1,6280
14,6281
31,6282
46,6282
2,6283
44,6283
23,6284
25,6284
42,6284
11,6285
32,6285
48,6285
1,6287
10,6289
1,6290
31,6290
60,6291
54,6291
2,6293
35,6293
48,6294
51,6295
52,6295
35,6296
56,6296
2,6297
1,6298
7,6298
11,6299
60,6300
2,6300
59,6300
23,6301
30,6301
17,6302
33,6302
3,6303
10,6303
22,6303
17,6304
15,6305
16,6305
34,6305
56,6306
22,6307
59,6309
19,6311
7,6313
24,6313
36,6313
34,6317
14,6319
8,6320
57,6320
33,6321
48,6321
21,6322
26,6322
36,6322
58,6322
21,6323
3,6324
25,6324
46,6324
55,6324
50,6326
19,6327
2,6328
12,6328
12,6329
53,6329
13,6330
33,6330
19,6331
36,6331
49,6331
52,6331
17,6332
54,6334
48,6338
27,6339
31,6339
7,6340
36,6340
29,6341
6,6342
1,6345
27,6345
35,6345
41,6345
13,6346
25,6347
1,6348
12,6348
36,6348
45,6348
2,6349
53,6349
57,6349
35,6350
1,6351
28,6351
2,6352
2,6353
16,6353
39,6354
26,6355
43,6355
48,6355
60,6356
2,6356
10,6356
53,6356
54,6357
55,6357
34,6359
47,6359
35,6361
52,6361
57,6361
15,6362
36,6365
41,6365
17,6368
36,6368
12,6369
25,6369
28,6369
43,6369
56,6369
14,6370
39,6370
1,6371
14,6372
1,6373
10,6373
2,6374
58,6375
1,6376
23,6376
2,6379
10,6379
2,6380
23,6381
28,6382
27,6385
23,6387
54,6387
52,6391
7,6393
18,6393
27,6393
51,6396
55,6398
14,6399
18,6399
2,6400
15,6400
16,6400
53,6400
45,6402
56,6404
41,6405
55,6405
44,6408
59,6408
56,6409
6,6410
18,6413
27,6413
1,6414
22,6414
23,6414
26,6414
13,6415
14,6415
2,6417
18,6417
29,6417
35,6418
55,6419
23,6421
1,6422
30,6422
41,6422
47,6423
57,6423
1,6424
34,6424
46,6424
17,6426
1,6427
11,6427
2,6428
2,6429
27,6429
51,6429
22,6430
28,6431
39,6431
20,6432
28,6432
31,6432
3,6436
19,6436
38,6436
44,6436
20,6437
47,6438
4,6439
8,6439
17,6439
3,6440
11,6440
31,6440
5,6441
5,6442
29,6442
23,6445
35,6445
4,6446
12,6452
3,6453
39,6453
4,6454
3,6455
33,6456
43,6459
4,6460
19,6460
5,6461
5,6462
30,6462
46,6462
3,6463
59,6463
4,6465
45,6465
51,6465
38,6467
5,6468
45,6468
59,6468
3,6469
5,6470
15,6470
24,6470
4,6471
12,6471
59,6473
10,6474
21,6475
24,6476
33,6476
12,6478
20,6478
16,6479
39,6479
58,6480
31,6482
24,6483
18,6485
33,6485
43,6486
32,6489
1,6491
25,6491
1,6492
19,6492
21,6492
35,6492
25,6493
37,6494
7,6495
41,6495
51,6495
2,6496
1,6497
6,6497
2,6499
16,6499
2,6500
3,6502
32,6503
21,6504
3,6507
7,6509
28,6509
4,6510
5,6512
46,6512
38,6513
4,6514
24,6514
51,6514
24,6515
50,6515
58,6515
38,6516
3,6517
6,6517
1,6518
5,6518
18,6518
15,6519
32,6519
25,6520
27,6521
12,6522
39,6523
55,6523
1,6524
45,6524
2,6525
11,6525
1,6527
52,6530
2,6531
2,6532
53,6532
12,6533
21,6536
55,6537
7,6538
15,6538
22,6538
29,6541
35,6542
42,6542
43,6543
47,6543
60,6544
15,6544
56,6544
58,6544
1,6545
18,6545
58,6545
24,6546
16,6547
51,6547
11,6548
59,6548
1,6549
2,6550
22,6550
58,6551
29,6552
55,6553
11,6554
24,6555
51,6555
60,6556
2,6557
1,6558
2,6559
18,6559
23,6559
2,6560
23,6560
51,6560
20,6561
16,6562
46,6562
54,6565
35,6568
16,6569
20,6569
25,6569
30,6569
6,6570
13,6571
37,6572
56,6573
57,6573
56,6575
48,6577
56,6577
3,6579
7,6579
7,6580
4,6581
39,6581
45,6581
55,6581
5,6582
46,6582
5,6583
35,6583
38,6583
11,6584
18,6584
52,6584
48,6585
3,6586
4,6587
9,6588
3,6589
25,6589
1,6590
4,6591
28,6592
4,6593
53,6593
5,6594
19,6594
39,6594
45,6594
5,6595
12,6595
50,6595
25,6596
26,6596
47,6596
3,6597
26,6597
16,6598
8,6603
23,6603
52,6603
31,6605
39,6605
7,6606
15,6606
35,6606
43,6606
42,6607
18,6608
21,6608
59,6608
60,6609
29,6609
44,6609
3,6610
7,6610
56,6611
14,6614
32,6616
44,6616
33,6617
16,6618
56,6619
1,6620
1,6622
2,6624
2,6625
59,6625
54,6626
1,6627
2,6628
31,6628
38,6630
42,6630
23,6631
58,6631
53,6632
12,6634
7,6636
9,6637
40,6638
60,6639
52,6639
42,6640
60,6641
16,6641
33,6642
43,6642
1,6643
20,6643
2,6644
40,6644
43,6644
1,6645
60,6646
53,6647
1,6648
17,6648
46,6648
2,6649
45,6650
2,6652
14,6652
34,6653
56,6653
2,6654
44,6655
1,6656
59,6656
1,6657
21,6658
36,6658
58,6658
14,6661
19,6661
24,6662
2,6663
18,6663
60,6664
2,6664
6,6664
25,6664
26,6665
31,6665
48,6665
55,6665
59,6665
1,6666
2,6667
28,6669
4,6671
13,6671
29,6673
36,6675
42,6675
43,6675
42,6676
58,6676
46,6677
28,6679
52,6681
60,6682
29,6682
35,6682
40,6682
50,6682
58,6682
14,6684
3,6685
20,6687
5,6689
33,6689
39,6689
47,6689
4,6690
36,6691
48,6691
58,6691
4,6692
3,6695
18,6695
5,6696
7,6696
13,6696
18,6696
13,6697
34,6697
29,6698
13,6699
41,6699
30,6700
56,6700
9,6701
32,6701
36,6701
11,6702
30,6702
60,6703
10,6703
41,6704
60,6705
51,6705
35,6707
58,6708
10,6709
56,6710
14,6711
27,6711
59,6711
22,6712
23,6714
15,6715
29,6715
42,6715
54,6715
27,6718
27,6719
49,6719
29,6720
15,6722
52,6722
3,6725
1,6726
56,6726
2,6727
26,6727
22,6728
1,6729
60,6730
21,6730
47,6731
2,6732
1,6733
39,6734
2,6735
31,6735
36,6735
49,6736
27,6737
29,6737
60,6739
37,6739
29,6743
24,6744
33,6744
53,6746
17,6747
34,6748
56,6748
7,6749
17,6750
32,6750
10,6751
15,6752
39,6754
6,6755
20,6757
21,6758
30,6758
23,6759
46,6759
12,6760
18,6760
23,6762
8,6764
15,6764
30,6766
47,6767
40,6768
31,6769
45,6769
16,6770
7,6771
6,6772
56,6772
26,6774
60,6775
21,6776
32,6776
59,6776
9,6777
13,6777
35,6777
44,6777
32,6778
55,6778
16,6780
56,6780
13,6781
41,6781
57,6781
45,6783
54,6783
23,6784
21,6785
31,6785
44,6785
21,6786
58,6788
9,6790
56,6790
3,6791
40,6791
6,6792
49,6792
38,6794
4,6795
21,6795
4,6796
15,6796
5,6797
26,6797
7,6798
19,6798
37,6798
52,6798
59,6798
27,6799
31,6799
6,6800
57,6800
23,6801
55,6801
56,6802
5,6803
24,6803
3,6804
41,6804
51,6804
27,6806
36,6806
20,6807
50,6807
20,6808
34,6811
47,6811
40,6812
28,6815
42,6815
32,6816
21,6817
11,6818
6,6819
7,6819
53,6819
22,6820
39,6820
10,6823
19,6824
39,6824
8,6826
3,6828
10,6828
17,6830
55,6830
33,6831
41,6831
16,6834
27,6838
55,6840
50,6841
8,6842
14,6842
16,6842
19,6842
37,6842
47,6842
27,6843
59,6845
41,6846
19,6847
49,6847
53,6847
1,6848
6,6849
1,6850
42,6850
47,6850
2,6851
41,6851
44,6851
52,6851
39,6852
41,6852
1,6854
19,6854
21,6854
2,6855
2,6856
18,6857
33,6857
50,6857
52,6857
59,6859
35,6861
13,6863
29,6863
45,6863
55,6863
42,6864
19,6866
49,6868
11,6869
56,6869
24,6871
53,6871
22,6872
39,6874
43,6876
49,6876
36,6877
59,6877
19,6878
60,6880
48,6880
52,6880
53,6880
43,6881
9,6882
10,6882
45,6882
49,6882
59,6882
30,6884
15,6885
54,6885
12,6886
13,6886
18,6889
37,6889
45,6889
15,6892
8,6893
20,6895
27,6895
41,6896
25,6897
58,6897
25,6898
52,6898
29,6900
30,6900
58,6900
44,6904
36,6907
37,6908
49,6909
9,6914
10,6916
27,6916
60,6917
45,6917
7,6918
6,6919
17,6920
47,6920
16,6923
17,6923
30,6923
33,6923
38,6923
16,6924
26,6924
9,6925
26,6925
1,6926
24,6926
1,6927
7,6927
5,6928
30,6928
40,6928
2,6929
13,6929
2,6930
1,6931
3,6931
21,6931
2,6932
57,6932
59,6932
29,6933
45,6934
3,6937
30,6937
4,6938
25,6938
36,6939
6,6940
10,6940
38,6942
3,6944
10,6944
11,6944
46,6944
50,6944
5,6945
22,6945
4,6946
14,6947
15,6947
37,6947
18,6948
41,6949
10,6950
5,6951
6,6952
11,6955
55,6955
12,6956
45,6957
55,6960
17,6961
45,6962
38,6963
33,6966
19,6967
26,6967
41,6967
59,6968
39,6969
7,6970
10,6972
15,6974
3,6975
26,6977
27,6977
43,6977
4,6978
4,6979
43,6979
5,6981
7,6981
35,6981
51,6981
58,6981
25,6982
5,6983
30,6983
1,6984
6,6984
35,6984
36,6984
50,6984
3,6986
59,6986
24,6987
33,6987
43,6987
27,6990
34,6990
51,6990
24,6991
31,6991
6,6993
34,6993
60,6994
19,6994
12,6995
20,6995
23,6996
25,6997
55,6998
57,6999
27,7001
51,7001
46,7002
59,7002
25,7003
38,7003
23,7004
51,7004
18,7005
60,7007
1,7007
20,7008
12,7010
49,7010
11,7012
14,7012
33,7012
50,7012
30,7013
15,7014
52,7015
23,7016
39,7016
28,7017
29,7018
30,7018
47,7019
12,7021
20,7021
33,7021
49,7021
51,7021
60,7022
8,7022
6,7023
52,7024
9,7026
13,7027
33,7028
44,7028
8,7030
13,7030
27,7030
30,7032
43,7032
37,7035
44,7035
24,7036
46,7036
30,7037
31,7041
16,7045
40,7045
18,7046
52,7046
26,7047
55,7050
11,7051
27,7051
37,7053
43,7053
17,7056
21,7056
26,7056
58,7057
34,7058
17,7061
49,7062
24,7063
1,7064
58,7066
3,7067
32,7067
57,7067
5,7068
48,7068
54,7068
14,7069
49,7070
22,7071
23,7071
42,7072
30,7074
41,7074
5,7075
4,7076
3,7077
4,7078
50,7078
32,7079
25,7080
55,7081
56,7081
18,7083
32,7084
8,7090
9,7090
16,7090
51,7090
15,7091
36,7092
39,7092
30,7093
12,7094
54,7095
24,7096
33,7096
9,7097
60,7098
25,7098
60,7099
18,7101
15,7102
48,7103
18,7104
47,7104
59,7104
11,7105
17,7106
5,7107
7,7107
23,7107
47,7108
16,7109
34,7109
43,7111
44,7111
10,7112
59,7112
22,7113
28,7113
36,7116
17,7118
41,7118
46,7121
1,7127
1,7128
2,7129
4,7130
60,7131
34,7132
37,7132
2,7133
1,7135
7,7135
8,7136
39,7136
41,7136
53,7136
42,7137
54,7138
7,7139
18,7139
2,7140
41,7140
60,7141
11,7141
44,7142
47,7142
56,7142
29,7143
53,7144
57,7144
6,7145
57,7145
20,7146
22,7146
59,7146
16,7147
43,7148
56,7148
39,7149
3,7152
29,7152
5,7153
10,7153
4,7154
4,7155
5,7156
3,7157
24,7157
29,7157
30,7157
43,7157
52,7157
20,7159
39,7160
12,7161
34,7161
49,7161
36,7163
11,7164
9,7166
46,7166
24,7168
7,7171
49,7171
60,7173
54,7173
37,7175
1,7177
21,7178
1,7180
7,7180
34,7180
37,7180
19,7182
39,7182
2,7183
2,7184
1,7186
32,7186
25,7188
36,7188
38,7188
43,7188
2,7189
8,7190
38,7190
14,7191
16,7191
59,7191
17,7192
21,7192
58,7196
55,7197
9,7198
57,7198
1,7199
1,7200
50,7200
9,7201
10,7201
37,7201
37,7202
2,7203
54,7203
23,7205
6,7207
17,7208
30,7208
2,7209
23,7209
10,7210
1,7211
13,7211
25,7211
2,7212
10,7212
14,7212
22,7212
18,7214
44,7214
17,7216
21,7217
25,7218
54,7219
8,7220
47,7220
9,7221
41,7221
3,7222
36,7222
32,7223
37,7223
47,7223
56,7223
5,7224
10,7224
40,7224
45,7224
58,7224
4,7225
42,7225
17,7226
21,7226
39,7226
3,7227
8,7227
5,7228
4,7229
22,7229
40,7230
16,7232
49,7232
7,7235
11,7235
35,7236
59,7236
47,7238
55,7241
58,7241
26,7243
1,7244
3,7244
20,7244
38,7244
1,7245
4,7245
12,7245
30,7245
48,7245
2,7246
1,7247
44,7248
50,7248
2,7249
1,7250
2,7250
5,7250
7,7250
32,7250
4,7253
37,7253
56,7253
38,7254
51,7254
17,7255
21,7255
6,7257
28,7257
5,7258
3,7259
12,7261
50,7261
49,7263
51,7263
14,7265
30,7265
39,7267
49,7267
21,7269
36,7270
48,7270
11,7271
19,7271
59,7271
54,7272
34,7273
56,7274
22,7276
28,7277
18,7278
49,7278
53,7278
16,7279
46,7279
33,7280
51,7280
32,7281
16,7284
40,7284
16,7285
24,7285
43,7286
29,7287
60,7288
20,7288
36,7288
20,7290
11,7291
18,7291
7,7293
11,7294
28,7294
36,7294
44,7294
32,7295
34,7297
43,7297
48,7298
50,7299
50,7300
28,7301
31,7301
46,7301
21,7302
23,7302
26,7303
49,7303
50,7303
44,7304
16,7305
31,7305
41,7305
36,7309
42,7309
43,7309
29,7310
43,7310
54,7312
3,7313
12,7313
27,7313
32,7313
4,7314
14,7314
1,7315
4,7315
2,7316
5,7316
3,7317
22,7317
1,7318
5,7318
21,7318
57,7318
1,7320
32,7320
2,7321
16,7321
2,7322
10,7322
7,7323
35,7324
17,7325
22,7325
9,7326
44,7326
15,7327
47,7327
52,7328
1,7329
1,7330
2,7331
32,7331
48,7332
1,7333
55,7333
2,7334
57,7334
2,7335
3,7335
46,7335
30,7336
25,7337
53,7337
5,7338
29,7338
33,7339
4,7340
25,7341
4,7342
13,7342
3,7344
57,7344
56,7345
39,7346
5,7347
15,7347
42,7347
49,7348
19,7349
25,7349
14,7350
22,7351
22,7353
21,7354
49,7354
54,7354
31,7356
46,7356
5,7357
45,7359
1,7360
22,7360
10,7361
1,7362
28,7362
36,7363
9,7364
15,7364
27,7364
1,7365
2,7365
57,7366
50,7368
53,7368
1,7369
40,7370
55,7370
2,7373
2,7374
31,7374
1,7375
49,7375
2,7376
1,7377
1,7379
60,7380
28,7380
11,7381
48,7381
51,7381
2,7383
33,7383
43,7384
58,7385
2,7386
23,7386
47,7386
30,7389
56,7389
43,7390
20,7391
6,7392
44,7392
21,7393
56,7393
1,7394
1,7395
6,7395
50,7395
56,7395
21,7396
52,7396
12,7397
33,7397
2,7398
24,7398
1,7399
9,7399
38,7399
47,7399
2,7400
2,7401
38,7401
23,7402
55,7402
24,7404
45,7404
52,7404
1,7406
37,7406
53,7407
1,7408
18,7409
2,7410
17,7410
44,7410
59,7410
20,7411
1,7412
42,7412
49,7413
2,7415
2,7416
8,7417
52,7418
15,7419
43,7419
49,7419
39,7420
55,7420
3,7421
15,7421
13,7424
30,7424
59,7424
18,7425
34,7425
4,7426
4,7427
10,7427
3,7429
5,7430
34,7430
60,7431
5,7431
20,7432
45,7433
48,7433
19,7434
9,7435
39,7437
52,7437
27,7438
6,7440
8,7442
13,7442
37,7444
60,7445
56,7445
44,7446
48,7446
23,7447
32,7447
29,7448
43,7448
52,7448
23,7449
31,7449
20,7451
28,7451
39,7452
46,7452
28,7453
10,7457
36,7458
44,7458
28,7459
12,7460
24,7460
56,7460
16,7461
14,7462
3,7463
14,7466
34,7466
40,7468
4,7469
5,7471
4,7472
14,7472
35,7472
5,7473
6,7473
26,7473
3,7474
24,7475
12,7476
13,7477
38,7478
9,7479
25,7480
32,7480
42,7480
6,7481
38,7481
45,7481
51,7481
59,7481
6,7483
52,7483
14,7485
19,7486
32,7486
1,7489
5,7490
31,7491
1,7492
13,7492
28,7492
60,7493
2,7493
26,7494
1,7495
12,7495
23,7496
10,7497
15,7497
38,7497
60,7498
2,7498
48,7498
2,7499
42,7499
52,7499
53,7499
39,7500
53,7500
15,7502
60,7503
23,7503
55,7503
12,7504
25,7504
12,7505
9,7506
40,7507
16,7508
19,7509
11,7510
52,7510
54,7510
53,7511
35,7512
36,7512
32,7515
17,7516
49,7516
3,7517
48,7517
59,7517
4,7518
37,7518
43,7520
59,7520
5,7521
55,7521
5,7522
40,7522
59,7522
58,7523
3,7524
55,7524
39,7528
11,7529
28,7529
21,7530
55,7530
60,7532
4,7532
16,7533
21,7533
22,7533
10,7535
15,7535
21,7535
43,7535
14,7536
28,7536
60,7539
25,7540
47,7540
12,7541
38,7541
12,7542
52,7542
57,7542
25,7544
26,7544
60,7546
54,7546
60,7547
60,7548
34,7548
57,7548
24,7549
39,7549
43,7549
33,7550
28,7551
17,7552
3,7553
43,7553
50,7553
4,7554
10,7555
40,7555
50,7555
8,7556
47,7556
2,7558
12,7558
42,7558
52,7559
53,7559
3,7560
5,7561
37,7561
5,7562
53,7563
57,7563
4,7564
8,7564
21,7564
7,7566
10,7567
23,7568
20,7569
51,7569
17,7571
45,7571
54,7572
20,7573
36,7573
60,7574
51,7574
26,7575
54,7575
18,7577
44,7577
21,7578
52,7580
58,7580
34,7581
42,7581
22,7582
48,7582
3,7586
8,7586
5,7587
57,7588
4,7589
46,7590
8,7591
60,7592
7,7592
15,7592
52,7593
53,7593
3,7594
18,7596
5,7597
41,7597
56,7597
32,7598
52,7598
4,7600
17,7600
47,7600
11,7601
9,7602
24,7602
18,7603
53,7603
56,7603
3,7605
33,7606
37,7606
3,7607
14,7607
29,7607
4,7608
19,7608
58,7610
5,7612
59,7613
33,7615
51,7615
3,7616
36,7616
45,7616
4,7617
48,7617
5,7619
60,7621
44,7621
54,7621
4,7623
21,7624
7,7625
52,7625
57,7625
11,7626
11,7630
22,7630
9,7631
48,7631
50,7634
19,7637
27,7637
42,7637
25,7638
54,7641
57,7642
16,7643
23,7643
57,7644
44,7645
45,7646
9,7647
12,7647
58,7647
20,7648
36,7648
57,7648
28,7650
41,7652
20,7653
28,7653
6,7654
12,7654
51,7654
53,7657
39,7658
32,7660
49,7661
37,7663
23,7666
6,7667
16,7667
21,7667
10,7668
36,7668
35,7669
40,7673
57,7674
24,7675
26,7676
6,7677
28,7677
45,7677
55,7678
42,7681
44,7682
24,7683
34,7685
47,7686
1,7687
2,7688
28,7688
1,7690
9,7690
40,7690
2,7691
34,7692
1,7694
12,7695
16,7695
2,7696
26,7697
49,7697
3,7698
5,7699
40,7699
4,7700
23,7700
4,7701
22,7701
5,7703
30,7703
59,7703
28,7705
36,7705
46,7705
50,7705
14,7709
35,7709
3,7711
26,7711
30,7712
49,7712
35,7713
58,7713
11,7714
42,7714
50,7714
7,7715
9,7719
40,7719
39,7720
15,7721
38,7721
40,7721
44,7721
30,7722
59,7722
7,7723
22,7723
23,7725
54,7725
6,7726
42,7726
3,7729
29,7729
48,7730
4,7731
9,7732
55,7732
47,7733
41,7734
39,7735
56,7735
3,7736
30,7736
1,7737
5,7737
17,7737
4,7739
25,7739
35,7739
58,7739
2,7740
54,7740
1,7741
5,7741
60,7742
1,7742
2,7743
20,7743
4,7744
29,7744
2,7745
3,7745
24,7745
4,7746
34,7746
4,7747
23,7747
10,7749
3,7750
10,7751
23,7751
5,7752
39,7752
5,7753
24,7753
37,7753
57,7754
6,7757
55,7757
46,7758
37,7759
14,7761
25,7761
56,7761
13,7762
54,7762
9,7763
38,7765
37,7766
55,7766
46,7767
25,7769
55,7769
43,7770
36,7771
15,7772
26,7772
40,7773
41,7775
7,7777
28,7777
60,7778
25,7778
46,7778
38,7779
37,7783
14,7785
7,7786
14,7787
10,7788
31,7788
54,7788
13,7791
1,7795
21,7797
2,7798
36,7798
54,7798
1,7799
58,7799
13,7800
17,7800
29,7800
9,7801
39,7801
2,7802
1,7804
15,7804
2,7805
25,7805
7,7806
39,7807
13,7808
38,7811
3,7812
5,7813
34,7813
55,7813
4,7816
3,7818
42,7818
51,7818
38,7819
5,7821
45,7821
30,7822
4,7823
9,7823
37,7823
29,7824
55,7824
58,7826
54,7828
16,7829
18,7829
3,7830
17,7830
5,7831
30,7831
34,7831
41,7831
42,7832
52,7832
22,7833
4,7836
46,7836
3,7837
17,7837
52,7837
21,7838
5,7840
14,7840
56,7840
4,7841
1,7842
13,7842
1,7843
11,7843
22,7843
2,7844
2,7845
60,7846
1,7846
21,7846
24,7846
54,7847
44,7848
10,7849
14,7849
2,7850
30,7850
33,7850
36,7851
47,7851
54,7852
23,7853
53,7853
3,7856
10,7856
40,7857
5,7858
8,7858
58,7858
5,7859
13,7859
4,7861
6,7861
21,7861
26,7861
3,7862
12,7862
43,7862
4,7863
7,7863
9,7863
54,7866
7,7868
15,7869
56,7869
56,7870
16,7871
45,7871
53,7871
12,7872
32,7872
42,7872
10,7873
59,7874
35,7875
47,7875
45,7877
10,7878
16,7878
36,7881
1,7882
24,7882
39,7882
1,7883
19,7883
31,7883
2,7886
58,7886
1,7887
59,7887
2,7888
2,7889
8,7890
25,7890
1,7891
58,7891
59,7891
43,7892
38,7893
34,7894
21,7895
54,7895
2,7897
26,7897
1,7898
7,7898
37,7898
43,7898
2,7899
1,7900
50,7900
2,7901
29,7901
23,7902
42,7902
40,7903
46,7903
29,7906
27,7907
43,7907
21,7909
51,7909
11,7911
30,7912
35,7913
49,7913
4,7914
51,7914
54,7914
25,7916
45,7916
59,7916
40,7917
6,7918
54,7923
23,7925
53,7925
9,7926
40,7927
42,7927
35,7929
34,7931
59,7932
17,7933
21,7933
40,7933
59,7935
13,7938
56,7941
57,7941
9,7943
11,7944
55,7944
12,7945
17,7945
12,7946
43,7949
58,7950
41,7952
14,7953
58,7953
17,7954
16,7955
12,7956
16,7958
51,7959
57,7959
21,7960
42,7960
58,7961
58,7962
1,7964
48,7965
2,7966
1,7967
1,7968
25,7968
2,7969
6,7969
8,7969
2,7970
58,7971
3,7972
39,7972
5,7973
14,7973
36,7973
50,7973
4,7974
33,7974
44,7974
48,7974
11,7975
22,7976
5,7978
19,7979
43,7979
55,7979
9,7981
12,7981
4,7982
33,7982
3,7983
9,7986
60,7987
58,7987
8,7989
12,7990
13,7990
2,7991
48,7991
42,7992
40,7993
6,7997
24,7998
57,7998
4,8000
6,8000
5,8001
7,8001
60,8002
10,8002
23,8002
36,8004
24,8005
39,8005
28,8006
19,8007
39,8008
46,8008
36,8010
32,8012
33,8012
45,8012
17,8014
40,8014
45,8015
16,8017
49,8018
15,8019
50,8019
41,8020
35,8025
7,8026
18,8029
44,8031
57,8031
16,8032
47,8034
31,8036
24,8037
36,8038
52,8039
42,8040
55,8040
14,8041
6,8043
12,8043
16,8045
59,8045
37,8046
45,8048
37,8049
41,8049
53,8052
17,8053
18,8054
19,8054
28,8055
35,8056
34,8057
60,8058
1,8058
38,8058
41,8058
1,8059
2,8060
30,8060
44,8060
11,8061
8,8062
14,8062
28,8062
40,8062
1,8064
2,8066
20,8066
22,8066
2,8067
15,8067
40,8067
31,8068
34,8069
39,8071
59,8071
17,8072
33,8072
55,8072
60,8074
7,8074
1,8075
36,8076
49,8076
11,8077
12,8077
54,8079
35,8080
40,8081
43,8081
7,8082
11,8082
16,8082
15,8083
44,8083
47,8083
16,8084
34,8084
52,8087
8,8090
16,8091
33,8092
12,8098
24,8099
16,8100
17,8101
26,8101
21,8102
7,8104
31,8104
49,8104
10,8106
45,8106
55,8106
21,8107
55,8107
6,8108
42,8108
59,8108
21,8109
33,8109
25,8110
48,8111
11,8112
37,8112
53,8112
12,8113
3,8114
11,8114
19,8114
25,8115
44,8115
4,8116
33,8116
52,8116
3,8117
5,8118
26,8118
5,8119
30,8119
55,8119
4,8121
9,8122
38,8123
49,8123
34,8125
47,8125
1,8126
1,8127
38,8128
45,8128
2,8130
27,8133
2,8134
8,8135
11,8135
13,8135
27,8135
41,8136
7,8137
33,8137
3,8138
1,8139
4,8139
26,8139
36,8139
4,8140
22,8140
39,8140
3,8142
2,8143
5,8143
23,8143
55,8143
5,8144
20,8144
42,8144
1,8145
2,8145
2,8146
52,8146
56,8146
18,8147
39,8147
25,8148
29,8148
34,8148
39,8148
1,8150
7,8150
24,8150
2,8151
13,8151
1,8152
2,8154
38,8157
29,8158
31,8158
9,8159
9,8160
36,8160
40,8160
28,8161
60,8162
11,8162
12,8162
14,8162
34,8163
36,8163
30,8164
7,8165
32,8165
50,8165
26,8166
34,8167
38,8170
17,8171
34,8172
38,8172
19,8174
9,8175
18,8175
46,8176
25,8177
27,8177
27,8179
51,8179
58,8179
1,8180
28,8180
1,8181
8,8181
34,8182
53,8183
15,8184
2,8185
31,8186
60,8187
2,8187
17,8188
37,8188
1,8189
10,8189
52,8189
2,8190
20,8190
9,8191
10,8193
41,8194
56,8197
9,8199
60,8200
28,8201
42,8202
28,8203
53,8203
55,8203
29,8204
26,8206
29,8208
44,8211
57,8211
23,8213
60,8214
20,8214
3,8215
9,8215
22,8215
49,8216
5,8218
26,8218
8,8219
28,8220
12,8221
4,8222
35,8222
7,8223
3,8224
58,8224
45,8225
5,8226
15,8226
25,8226
27,8226
4,8228
23,8228
26,8228
47,8228
39,8229
2,8230
18,8231
30,8231
37,8231
44,8231
58,8232
3,8234
5,8235
49,8235
53,8235
4,8236
5,8237
16,8237
39,8237
16,8238
56,8238
60,8239
36,8239
4,8240
48,8242
3,8243
10,8245
30,8245
28,8246
19,8247
43,8247
35,8248
8,8249
36,8251
58,8252
17,8253
19,8253
3,8256
4,8257
13,8257
27,8257
4,8259
33,8259
5,8261
14,8261
20,8261
27,8261
25,8262
3,8264
47,8264
1,8265
7,8265
45,8265
5,8266
50,8266
26,8268
39,8268
1,8269
58,8269
2,8270
56,8271
2,8273
14,8273
60,8274
1,8274
2,8275
35,8275
40,8276
3,8277
48,8277
4,8278
6,8278
5,8279
13,8279
25,8279
28,8279
41,8279
50,8279
4,8280
17,8280
51,8280
33,8281
5,8282
40,8282
31,8283
44,8283
3,8284
7,8284
37,8286
42,8286
43,8286
42,8287
27,8288
1,8289
33,8289
53,8289
2,8290
46,8290
21,8291
32,8291
1,8292
8,8292
19,8292
1,8293
34,8293
6,8294
26,8294
31,8295
56,8296
2,8297
21,8297
22,8297
24,8299
36,8299
54,8299
55,8299
8,8300
16,8300
55,8300
56,8300
2,8301
24,8301
5,8302
32,8302
52,8302
19,8303
21,8304
12,8306
30,8306
38,8306
17,8310
42,8310
56,8310
38,8311
50,8312
45,8313
19,8314
51,8315
15,8316
50,8318
60,8319
60,8320
29,8320
41,8320
24,8321
59,8321
39,8322
16,8325
45,8325
52,8325
27,8326
24,8329
26,8329
39,8329
5,8330
49,8330
27,8332
51,8332
46,8335
8,8336
10,8336
30,8336
40,8336
55,8336
19,8337
30,8337
47,8337
19,8339
51,8339
35,8340
12,8341
29,8341
38,8343
54,8343
59,8343
33,8344
54,8344
13,8345
40,8346
3,8347
4,8348
44,8348
57,8348
3,8349
5,8350
5,8351
4,8352
50,8352
53,8353
24,8354
48,8355
18,8356
46,8357
55,8357
32,8358
55,8358
30,8359
42,8359
10,8360
6,8362
20,8362
47,8366
12,8367
10,8368
31,8369
37,8369
36,8370
47,8370
11,8371
42,8371
23,8372
52,8372
39,8373
46,8373
50,8373
59,8373
19,8375
50,8375
27,8377
49,8377
10,8378
24,8378
27,8378
54,8378
42,8379
36,8380
29,8381
36,8382
4,8383
3,8386
38,8387
4,8388
12,8389
20,8390
48,8390
54,8390
5,8391
22,8392
34,8392
5,8394
3,8395
4,8396
7,8397
26,8398
53,8399
18,8400
51,8401
58,8401
40,8402
54,8402
60,8403
9,8404
18,8404
48,8404
17,8405
27,8405
48,8405
32,8407
17,8409
54,8409
41,8410
37,8411
60,8412
28,8412
6,8417
30,8417
32,8417
41,8417
54,8418
8,8421
26,8421
44,8423
45,8424
60,8425
3,8427
5,8428
13,8428
15,8428
4,8429
19,8429
3,8430
10,8430
11,8430
36,8430
23,8431
24,8431
18,8433
25,8433
30,8433
5,8434
4,8435
30,8435
18,8436
12,8437
31,8438
42,8438
44,8439
50,8439
53,8439
40,8441
3,8442
4,8444
1,8445
3,8445
1,8446
4,8447
16,8447
59,8447
5,8448
24,8448
39,8448
57,8448
37,8449
5,8450
46,8451
2,8452
30,8452
36,8452
2,8453
25,8453
1,8454
39,8455
2,8457
15,8460
57,8460
16,8461
36,8461
59,8462
41,8463
46,8465
33,8466
51,8466
49,8467
13,8468
34,8468
59,8468
44,8469
58,8470
7,8471
58,8471
38,8472
30,8477
22,8478
15,8479
46,8479
40,8481
14,8482
20,8482
36,8482
29,8483
34,8484
52,8484
31,8485
44,8487
58,8487
6,8489
7,8489
37,8489
60,8490
17,8490
54,8491
40,8493
59,8493
13,8494
59,8494
60,8497
7,8497
59,8497
30,8500
14,8503
22,8503
33,8503
53,8503
13,8506
20,8506
23,8506
28,8507
42,8507
3,8508
4,8510
43,8510
52,8511
5,8512
9,8512
28,8512
13,8513
34,8513
47,8513
6,8514
30,8514
40,8514
57,8514
10,8515
59,8515
13,8517
3,8519
9,8519
17,8519
33,8519
11,8520
5,8522
12,8522
4,8523
10,8523
35,8523
6,8525
8,8525
34,8525
10,8526
18,8526
21,8526
31,8528
39,8528
5,8532
8,8532
1,8533
7,8533
15,8533
29,8533
51,8533
2,8534
46,8534
1,8535
12,8535
21,8535
55,8535
19,8536
43,8536
2,8537
55,8537
22,8538
1,8539
15,8539
54,8539
60,8540
2,8541
21,8541
33,8541
41,8541
24,8542
54,8542
58,8543
8,8546
25,8547
37,8547
51,8547
25,8549
30,8551
38,8551
51,8552
3,8554
47,8554
37,8556
59,8556
43,8558
21,8559
48,8559
56,8559
9,8563
27,8563
60,8564
14,8564
18,8564
45,8565
7,8567
27,8569
29,8569
24,8570
47,8570
12,8572
31,8572
44,8572
21,8573
54,8573
38,8575
33,8576
44,8578
3,8579
4,8581
37,8581
1,8582
3,8582
14,8582
24,8582
47,8582
52,8582
4,8584
49,8584
5,8585
30,8585
33,8586
5,8587
36,8587
57,8587
6,8592
49,8592
17,8593
21,8593
4,8596
7,8596
27,8596
38,8597
54,8597
26,8599
38,8599
14,8600
28,8602
3,8603
12,8603
60,8604
4,8604
8,8604
31,8604
52,8604
3,8607
4,8608
44,8609
22,8610
5,8611
14,8611
4,8612
10,8612
29,8612
5,8613
11,8614
22,8615
47,8615
52,8615
49,8616
8,8617
56,8617
60,8618
14,8619
42,8619
30,8621
47,8622
43,8624
53,8625
46,8627
31,8630
32,8630
38,8630
17,8631
38,8631
38,8632
49,8632
38,8633
53,8634
45,8635
57,8635
39,8637
58,8637
50,8638
40,8640
8,8641
1,8642
24,8643
57,8643
18,8644
15,8646
3,8648
6,8648
11,8648
33,8648
4,8650
3,8654
12,8654
26,8654
39,8654
22,8655
46,8655
4,8656
7,8656
21,8656
5,8657
35,8658
1,8661
31,8661
5,8662
2,8663
33,8664
51,8664
1,8665
23,8665
3,8666
21,8666
1,8667
4,8667
2,8668
2,8669
5,8669
25,8669
54,8670
13,8671
3,8672
26,8672
49,8672
17,8673
4,8675
13,8675
35,8675
48,8675
5,8676
30,8677
1,8678
56,8678
58,8678
1,8679
6,8679
41,8679
2,8680
7,8680
26,8680
55,8680
2,8681
14,8681
39,8681
1,8683
8,8683
35,8683
51,8683
47,8684
2,8685
32,8686
10,8687
47,8688
27,8689
52,8690
15,8691
9,8696
31,8698
43,8698
13,8699
7,8701
55,8701
20,8702
60,8705
15,8705
18,8705
10,8707
14,8707
39,8707
39,8708
52,8708
48,8709
57,8709
48,8710
3,8712
40,8712
27,8713
59,8713
60,8715
3,8718
19,8718
21,8719
21,8720
49,8720
6,8721
35,8721
45,8721
60,8722
5,8722
4,8723
17,8723
43,8723
1,8724
1,8725
3,8725
2,8726
18,8726
2,8727
1,8728
38,8728
8,8729
12,8729
2,8730
17,8731
4,8732
5,8733
42,8734
56,8734
47,8736
37,8737
26,8738
60,8739
47,8739
50,8740
16,8741
19,8741
36,8741
11,8742
41,8743
42,8744
24,8747
31,8747
53,8748
56,8750
60,8752
18,8752
59,8752
35,8754
51,8754
24,8755
43,8756
30,8757
19,8759
27,8759
43,8759
58,8759
50,8760
32,8764
49,8764
42,8765
56,8767
20,8768
17,8769
11,8771
59,8771
15,8772
53,8772
22,8773
3,8774
23,8774
18,8775
5,8776
11,8776
5,8777
9,8780
51,8780
4,8781
3,8782
15,8783
30,8783
5,8784
4,8785
56,8786
16,8788
9,8790
3,8791
19,8791
4,8792
22,8792
5,8793
8,8793
20,8794
56,8795
5,8797
4,8799
48,8799
3,8800
11,8800
29,8800
40,8800
39,8801
55,8803
30,8804
48,8804
33,8806
23,8808
44,8808
59,8808
12,8809
33,8809
44,8809
34,8810
40,8816
32,8817
1,8819
23,8819
37,8819
1,8820
2,8821
10,8821
2,8822
6,8823
24,8823
36,8823
39,8823
1,8824
2,8825
12,8826
50,8826
22,8830
27,8830
43,8830
55,8832
54,8833
60,8836
35,8837
50,8837
55,8837
19,8838
56,8838
58,8839
18,8840
26,8840
52,8843
58,8843
60,8844
41,8845
48,8847
21,8848
29,8848
40,8848
20,8849
7,8851
52,8851
57,8851
35,8852
23,8854
7,8855
23,8855
42,8856
36,8857
26,8859
56,8859
1,8860
2,8861
1,8862
2,8863
1,8864
28,8864
53,8866
49,8867
6,8868
2,8869
11,8869
35,8870
11,8871
35,8874
7,8876
52,8878
22,8880
46,8880
54,8880
32,8882
55,8883
11,8885
32,8886
56,8887
42,8888
51,8888
22,8890
27,8890
50,8890
7,8891
52,8893
60,8894
21,8894
30,8894
47,8894
59,8896
60,8897
40,8897
51,8900
22,8901
50,8901
11,8902
17,8902
32,8903
38,8904
58,8904
29,8905
45,8906
11,8907
45,8909
10,8910
31,8911
44,8911
58,8911
59,8911
29,8912
29,8913
43,8913
9,8916
27,8917
1,8919
37,8919
27,8921
2,8922
19,8923
1,8924
15,8924
60,8925
2,8925
1,8926
45,8926
2,8927
25,8927
3,8928
25,8928
30,8928
13,8929
23,8929
19,8930
44,8930
4,8932
36,8932
56,8932
4,8933
22,8933
41,8935
29,8936
51,8936
17,8937
38,8937
3,8938
50,8938
5,8939
5,8940
22,8941
35,8941
47,8941
48,8941
49,8941
24,8943
50,8945
11,8946
17,8946
28,8946
60,8947
7,8947
7,8948
59,8950
39,8951
13,8952
18,8952
49,8952
60,8953
24,8953
29,8953
38,8953
28,8957
36,8957
4,8958
30,8959
6,8960
21,8960
45,8960
50,8961
29,8963
6,8964
17,8964
48,8964
51,8964
20,8965
39,8965
16,8966
17,8967
22,8967
38,8967
9,8968
42,8968
10,8969
35,8969
46,8969
15,8970
17,8971
53,8971
8,8972
24,8972
29,8972
31,8972
48,8972
57,8972
18,8974
52,8974
21,8976
54,8976
60,8977
8,8978
55,8978
15,8979
46,8982
29,8983
35,8986
42,8986
56,8988
2,8989
13,8990
43,8990
31,8991
17,8994
22,8994
40,8994
53,8996
54,8996
8,9000
30,9000
54,9001
9,9003
55,9003
30,9005
49,9005
41,9006
42,9006
47,9007
48,9008
56,9008
46,9009
3,9010
37,9010
48,9010
5,9011
36,9011
53,9011
31,9012
48,9012
1,9013
1,9014
4,9014
33,9015
20,9016
2,9017
29,9017
1,9018
8,9018
9,9018
8,9019
51,9019
43,9020
2,9021
55,9021
2,9022
29,9022
4,9023
37,9023
5,9024
33,9024
27,9026
3,9028
44,9028
53,9029
35,9030
11,9031
35,9031
36,9031
60,9033
16,9033
46,9034
51,9034
52,9035
56,9036
16,9038
29,9040
43,9041
57,9041
11,9042
28,9042
50,9042
40,9043
54,9043
38,9044
58,9044
12,9045
17,9046
41,9046
47,9046
38,9047
39,9048
38,9049
43,9049
52,9049
35,9051
60,9052
23,9052
30,9052
36,9052
8,9053
24,9053
40,9053
49,9053
36,9056
45,9056
16,9057
22,9057
32,9057
39,9057
45,9057
25,9058
40,9058
25,9059
60,9061
1,9061
49,9061
47,9062
2,9064
23,9064
29,9064
1,9065
8,9065
60,9066
12,9067
2,9068
38,9069
42,9069
1,9070
29,9070
31,9070
37,9071
54,9071
1,9072
23,9072
11,9073
14,9073
2,9075
58,9075
10,9077
36,9077
58,9079
1,9080
7,9081
32,9084
51,9086
30,9088
40,9090
56,9090
14,9091
40,9091
51,9092
23,9094
30,9094
48,9095
60,9096
34,9096
40,9096
50,9100
29,9105
37,9106
24,9107
32,9107
37,9107
7,9108
44,9109
34,9110
42,9111
19,9112
37,9112
3,9116
18,9116
22,9116
5,9118
55,9118
59,9118
4,9120
42,9123
4,9124
25,9124
49,9124
1,9125
31,9125
3,9126
41,9126
1,9127
5,9127
37,9127
2,9128
44,9128
58,9128
1,9129
29,9129
54,9129
2,9130
51,9130
52,9130
2,9131
30,9133
42,9133
8,9134
18,9134
18,9136
40,9137
49,9137
10,9138
58,9139
16,9142
37,9142
43,9142
52,9142
22,9143
24,9144
29,9145
39,9145
40,9145
43,9145
55,9145
57,9145
18,9146
48,9146
52,9146
26,9148
44,9149
21,9152
12,9158
23,9160
34,9160
43,9161
6,9162
56,9162
10,9164
40,9164
53,9164
36,9165
48,9166
43,9168
40,9169
20,9170
22,9173
29,9173
49,9173
54,9173
11,9175
60,9176
36,9176
48,9176
60,9178
29,9178
40,9178
42,9178
29,9179
39,9180
55,9180
31,9183
54,9183
34,9184
48,9184
14,9186
19,9186
15,9187
49,9187
8,9188
40,9188
52,9189
58,9189
36,9191
57,9191
41,9192
52,9192
54,9193
5,9194
19,9199
39,9199
17,9201
4,9203
48,9204
38,9205
22,9207
16,9208
26,9208
9,9210
20,9211
40,9211
50,9212
17,9213
25,9213
11,9214
23,9214
38,9215
46,9215
13,9216
14,9216
18,9218
46,9218
23,9220
35,9220
26,9221
12,9223
14,9223
16,9223
30,9225
20,9227
49,9227
11,9228
12,9228
8,9229
9,9230
50,9230
31,9231
35,9233
8,9234
24,9234
13,9235
51,9235
54,9235
54,9236
54,9237
18,9239
28,9239
56,9240
23,9241
6,9242
13,9242
40,9242
20,9243
41,9244
8,9246
12,9246
44,9246
24,9247
20,9249
35,9250
29,9251
37,9251
60,9252
26,9252
47,9252
25,9253
26,9254
11,9257
24,9258
46,9258
44,9260
60,9263
9,9263
16,9263
24,9263
32,9263
1,9264
31,9266
31,9267
1,9268
49,9268
18,9269
29,9269
37,9271
24,9272
33,9272
16,9273
2,9275
18,9275
14,9276
16,9276
56,9276
6,9277
21,9278
50,9278
25,9279
27,9279
50,9279
2,9280
20,9280
1,9281
2,9281
2,9282
9,9282
27,9282
38,9284
7,9285
57,9285
27,9287
30,9287
33,9288
11,9289
41,9290
27,9291
17,9292
22,9292
24,9292
1,9293
25,9293
38,9293
55,9294
20,9295
16,9296
2,9297
36,9297
43,9297
24,9299
45,9299
11,9300
56,9300
1,9301
8,9301
35,9302
2,9303
49,9303
56,9303
1,9304
16,9305
40,9305
52,9305
2,9306
49,9306
32,9307
42,9307
24,9309
34,9310
22,9312
44,9315
31,9316
38,9316
7,9319
41,9319
33,9320
10,9321
21,9321
58,9321
1,9322
55,9323
10,9324
48,9324
1,9326
22,9326
2,9327
3,9327
36,9327
17,9328
2,9329
5,9329
9,9329
32,9330
50,9330
1,9331
13,9331
2,9332
4,9332
20,9332
47,9332
3,9333
59,9335
10,9336
47,9336
33,9337
4,9339
59,9339
5,9341
19,9341
43,9341
27,9345
10,9346
54,9346
7,9348
7,9349
8,9350
21,9350
46,9350
46,9351
15,9352
51,9352
60,9353
37,9353
6,9354
37,9354
12,9355
17,9355
8,9357
47,9357
33,9358
15,9360
41,9360
51,9362
11,9363
23,9364
25,9364
35,9364
43,9364
9,9365
39,9367
7,9368
19,9368
46,9370
16,9373
23,9374
53,9374
40,9375
53,9375
8,9376
14,9376
4,9377
3,9378
33,9378
55,9378
4,9379
48,9379
50,9379
5,9380
2,9381
5,9382
9,9382
4,9384
10,9384
18,9384
38,9385
17,9387
15,9390
3,9391
21,9393
24,9395
30,9395
17,9396
35,9397
6,9400
52,9400
18,9402
26,9402
44,9405
15,9406
9,9408
60,9409
29,9409
32,9409
49,9409
60,9410
6,9411
8,9412
16,9413
27,9413
28,9413
57,9413
12,9415
40,9415
54,9415
1,9418
33,9418
56,9418
3,9419
21,9419
24,9419
30,9419
32,9419
4,9420
16,9420
1,9421
20,9421
2,9422
37,9423
48,9423
4,9424
47,9424
2,9425
8,9425
14,9425
20,9426
29,9426
1,9427
41,9428
2,9429
5,9429
51,9429
3,9430
13,9431
27,9431
35,9431
15,9433
5,9434
10,9435
30,9435
14,9437
28,9438
20,9439
21,9440
26,9440
47,9441
49,9441
24,9443
19,9444
24,9444
26,9444
46,9445
19,9446
36,9448
47,9448
54,9448
51,9449
20,9451
4,9453
14,9453
19,9453
41,9454
26,9456
42,9456
13,9458
29,9458
30,9459
3,9460
27,9460
5,9461
13,9461
42,9461
44,9461
56,9461
55,9462
8,9463
26,9463
7,9464
22,9465
5,9467
4,9468
35,9469
4,9470
35,9470
48,9472
55,9472
3,9473
26,9474
24,9475
27,9476
22,9477
22,9482
8,9483
11,9483
48,9484
28,9485
10,9486
30,9488
31,9489
20,9491
33,9491
56,9491
3,9492
35,9494
45,9495
60,9496
4,9496
4,9498
17,9498
57,9498
3,9500
24,9500
34,9500
54,9500
5,9501
28,9501
7,9502
8,9502
26,9502
29,9502
5,9503
27,9504
59,9504
53,9505
56,9505
29,9506
48,9506
21,9507
25,9507
32,9509
50,9510
56,9510
42,9511
25,9512
9,9514
28,9515
57,9515
38,9517
28,9518
39,9518
53,9518
25,9519
40,9519
14,9522
45,9522
12,9523
58,9523
6,9524
53,9524
25,9525
33,9525
36,9525
13,9527
14,9527
32,9527
40,9527
45,9527
10,9529
59,9529
16,9531
21,9532
44,9532
6,9533
11,9533
3,9534
2,9535
25,9536
34,9537
45,9537
4,9538
16,9539
44,9539
7,9540
28,9540
44,9541
10,9543
5,9544
52,9545
36,9546
57,9546
4,9547
24,9547
3,9548
34,9549
48,9549
5,9550
58,9553
3,9554
5,9555
10,9555
4,9556
21,9557
48,9557
3,9558
43,9559
52,9560
5,9561
38,9561
4,9562
50,9562
59,9563
16,9564
33,9564
34,9564
17,9567
54,9567
53,9568
28,9569
11,9570
7,9571
17,9571
1,9572
47,9572
59,9572
1,9573
11,9576
2,9577
17,9577
31,9577
1,9578
2,9579
49,9580
47,9582
11,9584
27,9584
2,9585
57,9585
16,9586
40,9590
22,9592
33,9592
18,9594
23,9594
34,9594
40,9595
1,9596
34,9597
24,9598
54,9598
59,9598
9,9599
49,9599
15,9600
34,9603
38,9604
24,9606
48,9607
47,9609
25,9610
37,9610
44,9611
58,9611
51,9612
44,9613
54,9613
44,9616
57,9616
42,9617
53,9618
16,9619
15,9621
52,9623
53,9623
1,9624
2,9625
43,9625
52,9626
1,9627
1,9628
53,9628
2,9629
41,9631
2,9632
35,9632
59,9632
32,9634
38,9634
48,9635
59,9635
45,9636
9,9638
19,9639
17,9640
16,9641
34,9641
49,9643
8,9644
60,9645
31,9645
51,9645
57,9645
1,9646
22,9646
24,9647
23,9650
52,9651
43,9652
30,9654
57,9655
3,9656
44,9656
4,9657
14,9657
50,9657
56,9657
3,9658
27,9658
53,9658
34,9659
47,9659
55,9659
5,9660
16,9660
34,9660
5,9661
29,9661
4,9662
11,9662
39,9662
6,9663
37,9663
1,9665
21,9665
49,9665
1,9666
12,9666
13,9666
33,9666
2,9667
2,9669
12,9669
32,9669
1,9670
17,9670
35,9671
46,9671
52,9671
2,9672
6,9672
19,9672
23,9672
36,9672
48,9672
15,9673
8,9674
9,9674
9,9675
11,9676
15,9676
18,9677
43,9677
51,9678
7,9679
22,9681
30,9681
10,9682
28,9683
35,9683
20,9684
25,9685
34,9686
36,9686
4,9687
41,9688
45,9688
58,9688
37,9690
34,9691
30,9692
15,9694
58,9694
26,9695
49,9697
24,9699
32,9700
7,9701
8,9701
13,9702
24,9702
46,9702
8,9703
47,9704
52,9704
53,9704
19,9705
43,9705
20,9707
47,9707
12,9709
22,9709
56,9709
57,9709
59,9709
20,9711
60,9712
27,9712
9,9713
21,9713
32,9714
53,9715
59,9716
3,9718
7,9718
22,9718
24,9719
49,9719
56,9720
24,9721
30,9721
23,9723
41,9723
11,9724
12,9724
49,9724
60,9726
22,9726
15,9728
33,9728
38,9728
34,9729
57,9730
56,9731
57,9731
36,9732
34,9733
20,9735
48,9735
21,9736
35,9736
60,9737
43,9738
19,9739
46,9740
3,9742
19,9742
5,9743
31,9743
32,9743
37,9744
7,9745
50,9745
4,9746
21,9746
26,9747
30,9749
4,9750
43,9750
37,9751
52,9751
5,9753
20,9755
32,9755
15,9756
47,9756
56,9758
3,9759
9,9759
17,9759
21,9760
40,9761
22,9763
1,9764
20,9764
37,9764
51,9764
55,9764
2,9765
11,9766
47,9767
15,9768
20,9768
22,9768
41,9768
60,9770
1,9771
17,9771
1,9772
24,9772
50,9772
16,9774
18,9774
28,9774
2,9775
30,9775
2,9776
55,9777
35,9778
23,9779
42,9781
39,9782
50,9784
41,9785
3,9786
56,9786
4,9787
14,9788
35,9788
57,9788
3,9789
24,9789
32,9789
36,9789
59,9789
40,9790
59,9790
4,9791
58,9791
5,9792
5,9793
33,9793
46,9793
13,9794
33,9794
51,9794
29,9795
32,9795
22,9796
49,9796
23,9797
10,9798
17,9798
17,9799
38,9800
15,9803
31,9803
27,9804
37,9805
48,9805
11,9806
28,9806
7,9807
22,9807
38,9807
46,9807
20,9808
36,9808
29,9810
56,9812
57,9815
18,9816
55,9816
58,9816
33,9817
18,9818
39,9818
34,9820
42,9820
6,9821
60,9822
21,9826
25,9826
52,9827
55,9827
58,9827
35,9828
27,9829
44,9829
45,9829
35,9830
3,9831
16,9831
37,9831
4,9832
58,9832
5,9835
31,9836
54,9836
55,9836
33,9838
39,9838
55,9838
4,9839
44,9840
42,9841
52,9842
5,9843
9,9843
46,9843
11,9844
3,9845
15,9846
23,9846
16,9847
50,9847
56,9848
12,9849
37,9849
29,9850
41,9850
19,9851
11,9852
38,9854
58,9854
45,9855
54,9856
58,9856
39,9857
1,9858
1,9860
2,9861
37,9861
2,9862
32,9862
52,9862
1,9863
38,9863
53,9864
26,9865
28,9865
2,9866
13,9866
50,9866
54,9866
1,9868
34,9868
51,9868
1,9869
10,9869
8,9870
2,9871
16,9872
55,9872
2,9873
1,9874
59,9874
2,9876
6,9876
43,9876
28,9878
8,9882
22,9883
48,9883
24,9884
52,9884
2,9885
54,9887
16,9888
37,9889
51,9890
25,9891
35,9892
52,9892
60,9893
11,9893
4,9894
30,9894
31,9894
35,9894
6,9896
27,9896
46,9896
31,9897
58,9897
31,9898
36,9898
48,9898
14,9899
3,9902
55,9902
54,9903
21,9904
28,9905
46,9905
37,9907
49,9907
57,9909
17,9912
34,9912
37,9912
40,9912
41,9914
49,9914
24,9916
52,9917
10,9918
20,9918
52,9919
60,9920
17,9920
47,9920
9,9921
31,9921
44,9921
39,9922
51,9922
26,9924
45,9924
60,9925
21,9925
27,9925
1,9927
13,9927
15,9927
24,9927
38,9928
1,9929
2,9930
16,9930
38,9930
1,9932
10,9932
35,9932
38,9932
2,9933
2,9934
3,9934
25,9934
55,9936
5,9937
4,9938
3,9939
32,9939
15,9940
34,9940
8,9941
13,9941
5,9942
22,9942
31,9942
4,9943
30,9943
37,9943
38,9943
52,9943
38,9944
35,9945
40,9946
7,9948
52,9949
54,9949
35,9950
31,9951
11,9952
38,9954
5,9955
32,9955
47,9955
6,9956
25,9957
6,9958
14,9958
3,9959
52,9959
11,9960
47,9960
18,9962
39,9962
4,9963
11,9963
28,9963
9,9964
45,9964
48,9964
4,9965
24,9965
42,9967
54,9967
45,9968
3,9969
5,9970
20,9971
25,9971
9,9972
5,9973
8,9973
3,9974
43,9976
5,9977
56,9977
4,9978
22,9978
58,9978
5,9979
44,9979
22,9980
43,9980
3,9981
58,9981
1,9982
4,9982
16,9982
25,9982
21,9983
30,9983
1,9984
41,9984
2,9985
2,9986
53,9986
1,9987
45,9987
12,9988
38,9988
53,9990
9,9991
20,9991
2,9992
34,9992
12,9993
35,9993
44,9993
8,9994
27,9995
55,9996
3,9997
